*Vertices  75
1 "LCD显示屏"
2 "显示器"
3 "衬底"
4 "LED灯"
5 "容器"
6 "光膜"
7 "荧光粉"
8 "整流器"
9 "开关"
10 "发光荧光材料"
11 "柔性高分子材料"
12 "GAN"
13 "塑料光转换荧光粒料"
14 "助剂"
15 "保护层"
16 "聚合物树脂"
17 "变压器"
18 "蒸镀方法"
19 "EP"
20 "LED外延片"
21 "外延片"
22 "外延"
23 "LED"
24 "二极管"
25 "掩膜"
26 "通道"
27 "塑料"
28 "腐蚀液"
29 "转换器"
30 "缓冲层"
31 "内量子效率"
32 "稀释剂"
33 "荧光体"
34 "硅橡胶"
35 "光刻胶"
36 "SiO2"
37 "半导体"
38 "GaAs"
39 "MQW"
40 "ESD"
41 "ITO"
42 "键合"
43 "客户"
44 "太阳能"
45 "LED芯片"
46 "芯片"
47 "金属层"
48 "涂层"
49 "电流扩展层"
50 "酸盐"
51 "硅油"
52 "硝酸"
53 "Eu2"
54 "硬脂酰胺"
55 "Li"
56 "液体石蜡"
57 "电极"
58 "接触层"
59 "电阻"
60 "激光"
61 "MOCVD"
62 "标准芯片工艺制作"
63 "湿法刻蚀"
64 "干法刻蚀"
65 "湿法腐蚀"
66 "空穴"
67 "臭氧"
68 "屏幕"
69 "透镜"
70 "反射层"
71 "发光层"
72 "甲基"
73 "激发光"
74 "电流阻挡层"
75 "Al2O3"
*Arcs
75 1 4.0E-4
2 75 1.0E-4
3 1 0.27
75 3 0.0024
4 2 0.13
4 3 0.05
4 75 2.0E-4
5 3 0.19
75 5 2.0E-4
6 2 0.27
6 4 0.13
6 5 0.5
6 75 2.0E-4
7 2 0.24
7 3 0.08
7 4 0.17
7 5 0.22
7 6 0.45
7 75 6.0E-4
8 3 0.11
4 8 0.14
75 8 1.0E-4
2 9 0.08
4 9 0.39
7 9 0.14
9 8 0.18
75 9 0.0
10 2 0.23
10 3 0.16
10 4 0.27
10 5 0.21
10 6 0.43
10 7 0.57
10 9 0.13
10 75 0.0012
11 5 0.71
6 11 0.71
7 11 0.32
10 11 0.3
75 11 4.0E-4
12 1 0.41
12 3 0.65
4 12 0.07
7 12 0.13
8 12 0.17
75 12 0.0021
2 13 0.38
4 13 0.18
7 13 0.32
9 13 0.22
10 13 0.3
75 13 3.0E-4
2 14 0.27
4 14 0.13
14 5 0.5
6 14 0.5
7 14 0.45
9 14 0.15
10 14 0.43
14 11 0.71
14 13 0.71
75 14 7.0E-4
3 15 0.15
4 15 0.2
7 15 0.18
8 15 0.24
12 15 0.24
75 15 1.0E-4
2 16 0.38
4 16 0.18
7 16 0.32
9 16 0.22
10 16 0.3
16 13 1.0
16 14 0.71
75 16 3.0E-4
2 17 0.11
17 3 0.08
4 17 0.2
7 17 0.09
17 8 0.59
9 17 0.25
17 12 0.12
17 15 0.17
75 17 1.0E-4
3 18 0.38
10 18 0.43
75 18 6.0E-4
19 3 0.15
4 19 0.2
19 5 0.2
7 19 0.46
19 8 0.12
19 9 0.19
10 19 0.35
19 15 0.17
19 17 0.08
19 75 1.0E-4
20 1 0.38
20 3 0.71
4 20 0.07
7 20 0.12
8 20 0.15
20 12 0.93
20 15 0.22
17 20 0.11
75 20 0.0024
21 1 0.32
21 3 0.85
4 21 0.06
7 21 0.1
8 21 0.13
10 21 0.19
21 12 0.77
21 15 0.18
17 21 0.09
21 18 0.45
19 21 0.09
21 20 0.84
75 21 0.0030
22 1 0.27
22 3 0.93
4 22 0.09
7 22 0.08
8 22 0.11
10 22 0.24
22 12 0.65
22 15 0.15
17 22 0.08
22 18 0.38
19 22 0.08
22 20 0.71
22 21 0.85
75 22 0.0028
23 1 0.11
23 2 0.28
23 3 0.4
23 4 0.6
23 5 0.15
23 6 0.15
23 7 0.34
23 8 0.26
23 9 0.49
23 10 0.35
23 11 0.11
23 12 0.26
23 13 0.11
23 14 0.15
23 15 0.18
23 16 0.11
23 17 0.37
23 18 0.15
23 19 0.37
23 20 0.28
23 21 0.34
23 22 0.4
23 75 0.0010
24 1 0.14
24 2 0.11
24 3 0.45
24 4 0.3
24 5 0.2
24 6 0.2
24 7 0.36
24 8 0.35
24 9 0.31
24 10 0.43
24 11 0.14
24 12 0.29
24 13 0.14
24 14 0.2
24 15 0.08
24 16 0.14
24 17 0.37
24 18 0.2
24 19 0.24
24 20 0.27
24 21 0.36
24 22 0.45
24 23 0.75
24 75 0.0011
3 25 0.27
4 25 0.18
8 25 0.41
12 25 0.41
15 25 0.58
17 25 0.29
20 25 0.38
21 25 0.32
22 25 0.27
23 25 0.11
24 25 0.14
75 25 3.0E-4
2 26 0.15
26 3 0.22
4 26 0.22
26 12 0.33
26 20 0.31
26 21 0.26
26 22 0.22
23 26 0.26
24 26 0.23
75 26 2.0E-4
27 2 0.29
27 3 0.1
27 4 0.13
27 5 0.27
27 6 0.53
27 7 0.36
27 9 0.16
27 10 0.34
27 11 0.38
27 13 0.38
27 14 0.53
27 16 0.38
27 19 0.11
27 21 0.12
27 22 0.1
27 23 0.28
27 24 0.37
27 75 3.0E-4
3 28 0.6
4 28 0.08
5 28 0.32
8 28 0.18
12 28 0.18
15 28 0.26
17 28 0.13
19 28 0.26
20 28 0.17
21 28 0.28
22 28 0.48
23 28 0.24
24 28 0.32
28 25 0.45
27 28 0.17
75 28 2.0E-4
2 29 0.29
4 29 0.13
7 29 0.12
9 29 0.25
10 29 0.11
29 13 0.38
29 14 0.27
29 16 0.38
17 29 0.11
19 29 0.11
23 29 0.28
24 29 0.21
27 29 0.43
75 29 1.0E-4
30 1 0.35
30 3 0.76
7 30 0.11
10 30 0.21
30 12 0.72
30 18 0.5
30 20 0.8
30 21 0.89
30 22 0.76
23 30 0.3
24 30 0.3
30 26 0.29
75 30 0.0028
3 31 0.38
7 31 0.22
12 31 0.29
20 31 0.53
21 31 0.45
22 31 0.38
23 31 0.15
24 31 0.1
30 31 0.5
75 31 7.0E-4
32 5 0.71
6 32 0.71
7 32 0.32
10 32 0.3
32 11 1.0
32 14 0.71
23 32 0.11
24 32 0.14
27 32 0.38
75 32 4.0E-4
33 5 0.41
6 33 0.41
7 33 0.55
10 33 0.52
33 11 0.58
33 14 0.41
19 33 0.33
23 33 0.18
24 33 0.24
27 33 0.22
33 32 0.58
75 33 2.0E-4
34 5 0.71
6 34 0.71
7 34 0.32
10 34 0.3
34 11 1.0
34 14 0.71
23 34 0.11
24 34 0.14
27 34 0.38
34 32 1.0
34 33 0.58
75 34 4.0E-4
3 35 0.46
4 35 0.1
8 35 0.24
12 35 0.24
15 35 0.33
17 35 0.17
19 35 0.17
20 35 0.22
21 35 0.37
22 35 0.46
23 35 0.18
24 35 0.24
35 25 0.58
27 35 0.22
28 35 0.77
75 35 2.0E-4
2 36 0.13
36 3 0.27
4 36 0.24
36 5 0.47
6 36 0.24
7 36 0.42
36 8 0.14
36 9 0.07
10 36 0.7
36 11 0.33
36 12 0.14
36 13 0.33
36 14 0.47
36 15 0.19
36 16 0.33
36 17 0.1
36 18 0.24
36 19 0.38
36 20 0.13
36 21 0.21
36 22 0.27
23 36 0.32
24 36 0.38
36 25 0.33
27 36 0.25
36 28 0.3
36 29 0.13
36 30 0.12
36 32 0.33
36 33 0.38
36 34 0.33
36 35 0.19
36 75 0.0014
37 1 0.18
37 2 0.14
37 3 0.67
37 4 0.29
37 5 0.13
37 6 0.13
37 7 0.34
37 8 0.15
37 9 0.12
37 10 0.43
37 12 0.44
37 13 0.18
37 14 0.13
37 15 0.1
37 16 0.18
37 17 0.1
37 18 0.25
37 19 0.31
37 20 0.48
37 21 0.57
37 22 0.67
37 23 0.59
37 24 0.64
37 25 0.18
37 26 0.15
37 27 0.27
37 28 0.4
37 29 0.14
37 30 0.51
37 31 0.25
37 33 0.21
37 35 0.31
37 36 0.42
37 75 0.0020
3 38 0.55
4 38 0.07
10 38 0.25
38 18 0.29
19 38 0.12
21 38 0.26
22 38 0.65
23 38 0.26
24 38 0.35
27 38 0.15
28 38 0.55
30 38 0.14
38 35 0.47
36 38 0.27
37 38 0.44
75 38 4.0E-4
39 1 0.3
39 3 0.64
4 39 0.16
7 39 0.19
8 39 0.25
9 39 0.07
10 39 0.18
39 12 0.74
39 15 0.17
17 39 0.17
19 39 0.26
39 20 0.8
39 21 0.76
39 22 0.73
23 39 0.35
24 39 0.38
39 25 0.3
39 26 0.25
27 39 0.11
39 28 0.27
39 30 0.64
39 31 0.43
33 39 0.17
39 35 0.35
36 39 0.2
37 39 0.6
39 38 0.25
75 39 0.0023
40 3 0.53
40 12 0.61
40 20 0.76
40 21 0.63
40 22 0.53
23 40 0.21
24 40 0.14
40 26 0.41
40 30 0.71
40 31 0.35
37 40 0.36
40 39 0.6
75 40 0.0013
41 1 0.38
3 41 0.61
4 41 0.13
7 41 0.12
8 41 0.15
10 41 0.23
12 41 0.62
41 15 0.22
17 41 0.11
41 18 0.27
20 41 0.71
21 41 0.72
22 41 0.71
23 41 0.28
24 41 0.27
41 25 0.38
41 28 0.17
30 41 0.67
41 31 0.53
41 35 0.22
36 41 0.25
37 41 0.48
41 38 0.15
39 41 0.68
40 41 0.38
75 41 0.0024
3 42 0.22
4 42 0.07
7 42 0.13
10 42 0.25
42 15 0.24
42 18 0.29
19 42 0.12
21 42 0.13
22 42 0.33
23 42 0.26
24 42 0.29
27 42 0.15
42 28 0.18
29 42 0.15
30 42 0.14
36 42 0.27
37 42 0.29
42 38 0.5
39 42 0.12
41 42 0.15
75 42 3.0E-4
2 43 0.22
4 43 0.2
7 43 0.18
9 43 0.25
10 43 0.17
43 13 0.58
43 14 0.41
43 16 0.58
19 43 0.17
23 43 0.18
24 43 0.08
27 43 0.22
29 43 0.22
36 43 0.19
37 43 0.21
75 43 1.0E-4
3 44 0.15
7 44 0.18
9 44 0.13
12 44 0.24
17 44 0.17
20 44 0.22
21 44 0.18
22 44 0.15
23 44 0.18
24 44 0.16
26 44 0.24
30 44 0.2
37 44 0.1
39 44 0.17
40 44 0.29
75 44 1.0E-4
45 1 0.24
45 3 0.52
4 45 0.26
45 5 0.34
6 45 0.17
7 45 0.23
45 8 0.2
45 9 0.05
10 45 0.15
45 11 0.24
45 12 0.5
45 14 0.17
45 15 0.28
45 17 0.14
19 45 0.35
45 20 0.55
45 21 0.54
45 22 0.45
23 45 0.44
24 45 0.48
45 25 0.24
45 26 0.4
27 45 0.18
45 28 0.33
45 30 0.43
45 31 0.17
45 32 0.24
45 33 0.28
45 34 0.24
45 35 0.28
36 45 0.24
37 45 0.57
45 38 0.1
45 39 0.66
45 40 0.49
45 41 0.37
45 42 0.2
45 44 0.14
75 45 0.0013
46 1 0.15
2 46 0.22
46 3 0.55
4 46 0.36
46 5 0.21
6 46 0.1
7 46 0.37
46 8 0.24
46 9 0.29
10 46 0.44
46 11 0.15
46 12 0.36
46 13 0.15
46 14 0.21
46 15 0.17
46 16 0.15
46 17 0.21
46 18 0.21
46 19 0.38
46 20 0.39
46 21 0.47
46 22 0.55
23 46 0.72
24 46 0.71
46 25 0.15
46 26 0.24
27 46 0.17
46 28 0.33
46 29 0.22
46 30 0.42
46 31 0.21
46 32 0.15
46 33 0.26
46 34 0.15
46 35 0.26
46 36 0.44
37 46 0.69
46 38 0.36
46 39 0.49
46 40 0.29
46 41 0.39
46 42 0.3
46 43 0.09
46 44 0.09
46 45 0.61
46 75 0.0016
4 47 0.18
10 47 0.3
22 47 0.27
23 47 0.11
24 47 0.14
36 47 0.33
37 47 0.18
38 47 0.41
39 47 0.3
41 47 0.38
42 47 0.41
46 47 0.15
75 47 2.0E-4
4 48 0.18
7 48 0.16
10 48 0.15
48 15 0.29
48 17 0.14
19 48 0.14
23 48 0.21
24 48 0.14
36 48 0.17
37 48 0.09
46 48 0.07
48 75 0.0
3 49 0.55
4 49 0.14
5 49 0.29
8 49 0.17
10 49 0.12
12 49 0.17
15 49 0.24
17 49 0.12
19 49 0.24
20 49 0.15
21 49 0.26
22 49 0.55
23 49 0.26
24 49 0.35
49 25 0.41
27 49 0.15
49 28 0.73
49 35 0.47
36 49 0.41
37 49 0.44
49 38 0.67
39 49 0.37
41 49 0.31
42 49 0.33
45 49 0.3
46 49 0.36
49 47 0.41
75 49 4.0E-4
2 50 0.15
4 50 0.14
50 5 0.29
6 50 0.29
7 50 0.52
50 9 0.09
10 50 0.62
50 11 0.41
50 13 0.41
50 14 0.58
50 16 0.41
50 19 0.35
23 50 0.26
24 50 0.29
27 50 0.31
50 29 0.15
50 32 0.41
50 33 0.47
50 34 0.41
50 36 0.54
37 50 0.29
50 39 0.12
50 43 0.24
50 45 0.2
50 46 0.36
50 48 0.2
50 75 5.0E-4
51 5 0.71
6 51 0.71
7 51 0.32
10 51 0.3
51 11 1.0
51 14 0.71
23 51 0.11
24 51 0.14
27 51 0.38
51 32 1.0
51 33 0.58
51 34 1.0
36 51 0.33
45 51 0.24
46 51 0.15
50 51 0.41
75 51 4.0E-4
4 52 0.1
7 52 0.37
10 52 0.52
52 19 0.5
23 52 0.18
24 52 0.16
52 33 0.33
52 36 0.38
37 52 0.21
52 39 0.17
52 45 0.14
52 46 0.26
52 48 0.29
52 50 0.71
52 75 1.0E-4
4 53 0.09
7 53 0.47
10 53 0.6
53 19 0.58
23 53 0.21
24 53 0.21
53 33 0.58
53 36 0.5
37 53 0.27
53 39 0.15
53 45 0.12
53 46 0.29
53 48 0.25
53 50 0.61
53 52 0.87
53 75 1.0E-4
2 54 0.38
4 54 0.18
7 54 0.32
9 54 0.22
10 54 0.3
54 13 1.0
54 14 0.71
54 16 1.0
23 54 0.11
24 54 0.14
27 54 0.38
29 54 0.38
36 54 0.33
37 54 0.18
54 43 0.58
46 54 0.15
50 54 0.41
75 54 3.0E-4
2 55 0.13
55 3 0.09
4 55 0.29
55 5 0.24
6 55 0.24
7 55 0.42
55 9 0.15
10 55 0.4
55 11 0.33
55 12 0.14
55 13 0.33
55 14 0.47
55 16 0.33
55 19 0.29
55 20 0.13
55 21 0.11
55 22 0.09
23 55 0.32
24 55 0.28
55 26 0.14
27 55 0.25
55 29 0.25
55 30 0.12
55 31 0.24
55 32 0.33
55 33 0.38
55 34 0.33
55 36 0.33
37 55 0.3
55 39 0.2
55 41 0.13
55 43 0.19
55 45 0.32
55 46 0.34
55 50 0.54
55 51 0.33
55 52 0.38
55 53 0.33
55 54 0.33
55 75 5.0E-4
2 56 0.38
4 56 0.18
7 56 0.32
9 56 0.22
10 56 0.3
56 13 1.0
56 14 0.71
56 16 1.0
23 56 0.11
24 56 0.14
27 56 0.38
29 56 0.38
36 56 0.33
37 56 0.18
56 43 0.58
46 56 0.15
50 56 0.41
56 54 1.0
55 56 0.33
75 56 3.0E-4
57 1 0.2
57 3 0.73
4 57 0.17
57 5 0.14
7 57 0.06
57 8 0.4
9 57 0.17
10 57 0.24
57 12 0.48
57 15 0.11
57 17 0.45
57 18 0.28
19 57 0.17
57 20 0.52
57 21 0.62
57 22 0.73
23 57 0.54
24 57 0.67
57 25 0.2
57 26 0.16
27 57 0.07
57 28 0.44
57 29 0.07
57 30 0.55
57 31 0.28
57 35 0.34
36 57 0.26
37 57 0.56
57 38 0.48
57 39 0.59
57 40 0.39
57 41 0.52
57 42 0.24
57 44 0.11
45 57 0.43
46 57 0.61
57 47 0.2
57 49 0.48
55 57 0.07
75 57 0.0017
58 1 0.38
58 3 0.71
4 58 0.07
7 58 0.12
8 58 0.15
58 12 0.93
58 15 0.22
17 58 0.11
58 20 1.0
58 21 0.84
58 22 0.71
23 58 0.28
24 58 0.27
58 25 0.38
58 26 0.31
58 28 0.17
58 30 0.8
58 31 0.53
58 35 0.22
36 58 0.13
37 58 0.48
58 39 0.8
58 40 0.76
58 41 0.71
58 44 0.22
45 58 0.55
46 58 0.39
58 49 0.15
55 58 0.13
57 58 0.52
75 58 0.0024
2 59 0.08
59 3 0.12
4 59 0.35
7 59 0.07
59 8 0.53
9 59 0.48
10 59 0.07
59 12 0.18
59 15 0.13
59 17 0.57
19 59 0.13
59 20 0.16
59 21 0.14
59 22 0.12
23 59 0.49
24 59 0.46
59 25 0.22
59 26 0.09
59 28 0.1
59 29 0.25
59 30 0.08
59 31 0.15
59 35 0.13
36 59 0.07
37 59 0.16
59 39 0.2
59 41 0.16
59 43 0.13
45 59 0.16
46 59 0.45
59 49 0.09
55 59 0.07
59 57 0.56
59 58 0.16
75 59 1.0E-4
60 2 0.13
60 3 0.19
60 4 0.19
60 6 0.25
60 7 0.22
60 8 0.14
60 9 0.08
60 10 0.21
60 12 0.29
60 15 0.2
60 17 0.1
60 20 0.27
60 21 0.22
60 22 0.28
60 23 0.3
60 24 0.3
60 25 0.35
60 27 0.27
60 28 0.16
60 29 0.13
60 30 0.13
60 31 0.25
60 35 0.2
60 36 0.24
60 37 0.38
60 38 0.14
60 39 0.32
60 41 0.4
60 42 0.14
60 45 0.09
60 46 0.21
60 47 0.35
60 49 0.29
60 55 0.12
60 57 0.21
60 58 0.27
60 59 0.23
60 75 4.0E-4
61 1 0.32
61 3 0.76
4 61 0.06
7 61 0.1
10 61 0.29
61 12 0.65
61 18 0.45
19 61 0.09
61 20 0.72
61 21 0.9
61 22 0.85
23 61 0.34
24 61 0.36
61 26 0.26
27 61 0.12
61 28 0.14
61 30 0.89
61 31 0.45
61 35 0.18
36 61 0.21
37 61 0.57
61 38 0.39
61 39 0.76
61 40 0.63
61 41 0.72
61 42 0.26
61 44 0.18
45 61 0.46
46 61 0.47
61 47 0.32
61 49 0.26
55 61 0.11
57 61 0.62
61 58 0.72
59 61 0.07
60 61 0.22
75 61 0.0029
62 1 0.45
62 3 0.6
7 62 0.14
62 12 0.73
62 20 0.85
62 21 0.71
62 22 0.6
23 62 0.24
24 62 0.19
62 26 0.18
62 30 0.79
62 31 0.63
37 62 0.4
62 39 0.67
62 40 0.67
62 41 0.68
45 62 0.43
46 62 0.33
55 62 0.15
57 62 0.44
62 58 0.85
59 62 0.1
60 62 0.16
62 61 0.71
75 62 0.0017
3 63 0.27
10 63 0.3
63 18 0.71
21 63 0.32
22 63 0.27
23 63 0.11
24 63 0.14
30 63 0.35
36 63 0.33
37 63 0.18
63 38 0.41
42 63 0.41
46 63 0.15
57 63 0.2
61 63 0.32
75 63 4.0E-4
3 64 0.38
10 64 0.43
64 18 1.0
21 64 0.45
22 64 0.38
23 64 0.15
24 64 0.2
30 64 0.5
36 64 0.24
37 64 0.25
64 38 0.29
41 64 0.27
42 64 0.29
46 64 0.21
57 64 0.28
61 64 0.45
64 63 0.71
75 64 6.0E-4
3 65 0.38
4 65 0.13
8 65 0.29
12 65 0.29
15 65 0.41
17 65 0.2
20 65 0.27
21 65 0.22
22 65 0.38
23 65 0.15
24 65 0.2
65 25 0.71
28 65 0.63
35 65 0.41
36 65 0.24
37 65 0.25
38 65 0.29
39 65 0.21
41 65 0.27
42 65 0.29
45 65 0.17
46 65 0.21
49 65 0.58
57 65 0.28
58 65 0.27
59 65 0.15
60 65 0.25
75 65 2.0E-4
66 1 0.5
3 66 0.4
4 66 0.09
7 66 0.16
8 66 0.2
9 66 0.11
12 66 0.61
17 66 0.14
19 66 0.14
20 66 0.57
21 66 0.47
22 66 0.4
23 66 0.21
24 66 0.21
30 66 0.53
66 31 0.35
37 66 0.36
39 66 0.6
40 66 0.25
66 41 0.57
45 66 0.36
46 66 0.29
55 66 0.17
57 66 0.39
58 66 0.57
59 66 0.22
60 66 0.18
61 66 0.47
62 66 0.67
75 66 9.0E-4
4 67 0.2
67 5 0.41
6 67 0.41
7 67 0.18
10 67 0.17
67 11 0.58
67 14 0.41
17 67 0.17
23 67 0.18
24 67 0.08
27 67 0.22
67 32 0.58
67 33 0.33
67 34 0.58
36 67 0.19
45 67 0.14
46 67 0.09
48 67 0.29
50 67 0.24
67 51 0.58
55 67 0.19
75 67 1.0E-4
3 68 0.51
9 68 0.16
10 68 0.23
12 68 0.31
68 18 0.53
19 68 0.11
20 68 0.29
21 68 0.6
22 68 0.51
23 68 0.28
24 68 0.27
26 68 0.15
27 68 0.14
28 68 0.17
30 68 0.53
68 35 0.22
36 68 0.13
37 68 0.34
68 38 0.31
39 68 0.34
40 68 0.38
41 68 0.29
42 68 0.15
68 44 0.22
45 68 0.28
46 68 0.28
49 68 0.15
57 68 0.37
58 68 0.29
61 68 0.6
62 68 0.17
68 63 0.38
68 64 0.53
66 68 0.19
75 68 9.0E-4
69 2 0.24
69 4 0.28
69 5 0.22
69 6 0.45
69 7 0.3
69 9 0.07
69 10 0.29
69 11 0.32
69 13 0.32
69 14 0.45
69 16 0.32
69 19 0.09
69 23 0.34
69 24 0.36
69 26 0.26
69 27 0.48
69 29 0.24
69 32 0.32
69 33 0.18
69 34 0.32
69 36 0.21
69 37 0.23
69 43 0.18
69 45 0.23
69 46 0.19
69 50 0.26
69 51 0.32
69 54 0.32
69 55 0.32
69 56 0.32
69 60 0.34
69 67 0.18
69 75 2.0E-4
3 70 0.46
10 70 0.35
70 18 0.82
19 70 0.17
21 70 0.55
22 70 0.46
23 70 0.18
24 70 0.24
27 70 0.22
28 70 0.26
30 70 0.41
70 35 0.33
36 70 0.19
37 70 0.31
70 38 0.47
39 70 0.17
41 70 0.22
42 70 0.24
45 70 0.14
46 70 0.26
49 70 0.24
57 70 0.34
61 70 0.55
70 63 0.58
70 64 0.82
70 68 0.65
75 70 6.0E-4
71 1 0.38
3 71 0.71
5 71 0.27
10 71 0.23
12 71 0.15
71 18 0.53
19 71 0.22
20 71 0.14
21 71 0.48
22 71 0.61
23 71 0.28
24 71 0.37
27 71 0.14
71 28 0.51
30 71 0.4
71 35 0.22
36 71 0.25
37 71 0.48
71 38 0.62
39 71 0.23
71 41 0.29
71 42 0.31
45 71 0.28
46 71 0.39
71 49 0.62
57 71 0.52
58 71 0.14
61 71 0.48
62 71 0.17
71 63 0.38
71 64 0.53
71 65 0.27
71 66 0.19
71 68 0.43
71 70 0.65
75 71 7.0E-4
72 1 0.33
2 72 0.13
72 3 0.45
4 72 0.06
72 5 0.24
6 72 0.24
7 72 0.32
9 72 0.07
10 72 0.2
72 11 0.33
72 12 0.54
72 13 0.33
72 14 0.47
72 16 0.33
19 72 0.1
72 20 0.63
72 21 0.53
72 22 0.45
23 72 0.32
24 72 0.28
72 26 0.14
27 72 0.25
29 72 0.13
72 30 0.59
72 31 0.47
72 32 0.33
72 33 0.19
72 34 0.33
36 72 0.22
37 72 0.42
72 39 0.5
72 40 0.5
72 41 0.5
72 43 0.19
72 44 0.19
45 72 0.4
46 72 0.39
50 72 0.41
72 51 0.33
72 54 0.33
55 72 0.33
72 56 0.33
57 72 0.33
72 58 0.63
59 72 0.07
60 72 0.12
72 61 0.53
72 62 0.6
72 66 0.5
72 67 0.19
72 68 0.25
69 72 0.32
72 71 0.13
75 72 0.0020
2 73 0.14
4 73 0.13
73 5 0.27
6 73 0.27
7 73 0.48
73 9 0.08
10 73 0.57
73 11 0.38
73 13 0.38
73 14 0.53
73 16 0.38
73 19 0.33
23 73 0.28
24 73 0.32
27 73 0.43
73 29 0.29
73 32 0.38
73 33 0.65
73 34 0.38
73 36 0.5
37 73 0.2
73 39 0.11
73 42 0.15
73 43 0.22
73 45 0.18
73 46 0.28
73 50 0.62
73 51 0.38
73 52 0.44
73 53 0.57
73 54 0.38
73 55 0.5
73 56 0.38
60 73 0.13
73 67 0.22
69 73 0.36
73 72 0.25
73 75 3.0E-4
3 74 0.38
10 74 0.21
74 18 0.5
21 74 0.22
22 74 0.38
23 74 0.15
24 74 0.2
30 74 0.25
36 74 0.24
37 74 0.25
74 38 0.58
42 74 0.29
46 74 0.21
49 74 0.29
57 74 0.28
61 74 0.22
74 63 0.71
74 64 0.5
74 68 0.27
74 70 0.41
71 74 0.53
75 74 2.0E-4
