*Vertices  17
1 "离子络合"
2 "AuSn"
3 "Au5Sn"
4 "LED"
5 "二极管"
6 "Au-Sn合金电镀液"
7 "半导体"
8 "焊盘"
9 "芯片"
10 "酸盐"
11 "亚硫酸"
12 "去离子水"
13 "离子"
14 "Au-Sn合金"
15 "甲基"
16 "络合剂"
17 "Au-30at.％Sn合金"
*Arcs
17 1 0.0305
2 1 1.0
17 2 0.0305
3 1 1.0
3 2 1.0
17 3 0.0305
4 1 0.11
4 2 0.11
4 3 0.11
4 17 6.0E-4
5 1 0.14
5 2 0.14
5 3 0.14
5 4 0.75
5 17 8.0E-4
6 1 1.0
6 2 1.0
6 3 1.0
4 6 0.11
5 6 0.14
17 6 0.0305
7 1 0.18
7 2 0.18
7 3 0.18
7 4 0.59
7 5 0.64
7 6 0.18
7 17 0.0013
8 1 0.58
8 2 0.58
8 3 0.58
4 8 0.18
5 8 0.16
8 6 0.58
7 8 0.21
17 8 0.0112
9 1 0.15
9 2 0.15
9 3 0.15
4 9 0.72
5 9 0.71
9 6 0.15
7 9 0.69
9 8 0.26
9 17 0.0010
10 1 0.41
10 2 0.41
10 3 0.41
4 10 0.26
5 10 0.29
10 6 0.41
7 10 0.29
10 8 0.24
10 9 0.36
10 17 0.0060
11 1 1.0
11 2 1.0
11 3 1.0
4 11 0.11
5 11 0.14
11 6 1.0
7 11 0.18
11 8 0.58
9 11 0.15
10 11 0.41
17 11 0.0305
12 1 0.45
12 2 0.45
12 3 0.45
4 12 0.24
5 12 0.19
12 6 0.45
7 12 0.24
12 8 0.26
12 9 0.26
12 10 0.37
12 11 0.45
12 17 0.0071
13 1 0.3
13 2 0.3
13 3 0.3
4 13 0.35
5 13 0.3
13 6 0.3
7 13 0.38
13 8 0.17
13 9 0.36
13 10 0.37
13 11 0.3
13 12 0.67
13 17 0.0034
14 1 1.0
14 2 1.0
14 3 1.0
4 14 0.11
5 14 0.14
14 6 1.0
7 14 0.18
14 8 0.58
9 14 0.15
10 14 0.41
14 11 1.0
12 14 0.45
13 14 0.3
17 14 0.0305
15 1 0.33
15 2 0.33
15 3 0.33
4 15 0.32
5 15 0.28
15 6 0.33
7 15 0.42
15 8 0.19
9 15 0.39
10 15 0.41
15 11 0.33
12 15 0.3
13 15 0.2
15 14 0.33
15 17 0.0039
16 1 1.0
16 2 1.0
16 3 1.0
4 16 0.11
5 16 0.14
16 6 1.0
7 16 0.18
16 8 0.58
9 16 0.15
10 16 0.41
16 11 1.0
12 16 0.45
13 16 0.3
16 14 1.0
16 15 0.33
16 17 0.0305
