*Vertices  17
1 "离子络合"
2 "AuSn"
3 "Au5Sn"
4 "LED"
5 "二极管"
6 "半导体"
7 "焊盘"
8 "芯片"
9 "酸盐"
10 "亚硫酸"
11 "去离子水"
12 "离子"
13 "Au-Sn合金"
14 "Au-30at.％Sn合金"
15 "甲基"
16 "络合剂"
17 "Au-Sn合金电镀液"
*Arcs
17 1 0.0305
2 1 1.0
17 2 0.0305
3 1 1.0
3 2 1.0
17 3 0.0305
4 1 0.11
4 2 0.11
4 3 0.11
4 17 6.0E-4
5 1 0.14
5 2 0.14
5 3 0.14
5 4 0.75
5 17 8.0E-4
6 1 0.18
6 2 0.18
6 3 0.18
6 4 0.59
6 5 0.64
6 17 0.0013
7 1 0.58
7 2 0.58
7 3 0.58
4 7 0.18
5 7 0.16
6 7 0.21
7 17 0.0112
8 1 0.15
8 2 0.15
8 3 0.15
4 8 0.72
5 8 0.71
6 8 0.69
8 7 0.26
8 17 0.0010
9 1 0.41
9 2 0.41
9 3 0.41
4 9 0.26
5 9 0.29
6 9 0.29
9 7 0.24
9 8 0.36
9 17 0.0060
10 1 1.0
10 2 1.0
10 3 1.0
4 10 0.11
5 10 0.14
6 10 0.18
10 7 0.58
8 10 0.15
9 10 0.41
10 17 0.0305
11 1 0.45
11 2 0.45
11 3 0.45
4 11 0.24
5 11 0.19
6 11 0.24
11 7 0.26
11 8 0.26
11 9 0.37
11 10 0.45
11 17 0.0071
12 1 0.3
12 2 0.3
12 3 0.3
4 12 0.35
5 12 0.3
6 12 0.38
12 7 0.17
12 8 0.36
12 9 0.37
12 10 0.3
12 11 0.67
12 17 0.0034
13 1 1.0
13 2 1.0
13 3 1.0
4 13 0.11
5 13 0.14
6 13 0.18
13 7 0.58
8 13 0.15
9 13 0.41
13 10 1.0
11 13 0.45
12 13 0.3
13 17 0.0305
14 1 1.0
14 2 1.0
14 3 1.0
4 14 0.11
5 14 0.14
6 14 0.18
14 7 0.58
8 14 0.15
9 14 0.41
14 10 1.0
11 14 0.45
12 14 0.3
14 13 1.0
14 17 0.0305
15 1 0.33
15 2 0.33
15 3 0.33
4 15 0.32
5 15 0.28
6 15 0.42
15 7 0.19
8 15 0.39
9 15 0.41
15 10 0.33
11 15 0.3
12 15 0.2
15 13 0.33
15 14 0.33
15 17 0.0039
16 1 1.0
16 2 1.0
16 3 1.0
4 16 0.11
5 16 0.14
6 16 0.18
16 7 0.58
8 16 0.15
9 16 0.41
16 10 1.0
11 16 0.45
12 16 0.3
16 13 1.0
16 14 1.0
16 15 0.33
16 17 0.0305
