*Vertices  22
1 "LED显示屏"
2 "控制器"
3 "处理器"
4 "开关"
5 "色域"
6 "IP核"
7 "XYZ2xyz"
8 "XYZ2RGB"
9 "CIE"
10 "EP"
11 "LED"
12 "模糊增强算法"
13 "转换器"
14 "晶体振荡器"
15 "IP软核"
16 "存储器"
17 "Li"
18 "灰度"
19 "边缘检测"
20 "基色"
21 "VGA"
22 "DMA"
*Arcs
22 1 0.0047
2 1 0.57
22 2 0.0088
3 1 0.32
3 2 0.48
3 22 0.0065
4 1 0.11
4 2 0.25
3 4 0.28
4 22 9.0E-4
5 1 0.71
2 5 0.27
3 5 0.22
22 5 0.0079
1 6 0.5
2 6 0.38
3 6 0.32
5 6 0.71
22 6 0.0123
1 7 0.5
2 7 0.38
3 7 0.32
5 7 0.71
7 6 1.0
22 7 0.0123
1 8 0.5
2 8 0.38
3 8 0.32
5 8 0.71
8 6 1.0
8 7 1.0
22 8 0.0123
9 1 0.71
2 9 0.27
3 9 0.22
9 5 1.0
9 6 0.71
9 7 0.71
9 8 0.71
22 9 0.0079
10 2 0.11
3 10 0.18
10 4 0.19
10 22 0.0013
11 1 0.21
11 2 0.28
11 3 0.34
11 4 0.49
11 5 0.15
11 6 0.11
11 7 0.11
11 8 0.11
11 9 0.15
11 10 0.37
11 22 0.0011
12 2 0.38
3 12 0.32
4 12 0.22
10 12 0.29
11 12 0.11
22 12 0.0131
13 2 0.29
3 13 0.12
4 13 0.25
10 13 0.11
11 13 0.28
13 12 0.38
13 22 0.0023
14 2 0.27
3 14 0.22
4 14 0.31
10 14 0.2
11 14 0.15
14 12 0.71
14 13 0.27
14 22 0.0071
15 2 0.38
3 15 0.32
4 15 0.22
10 15 0.29
11 15 0.11
15 12 1.0
13 15 0.38
14 15 0.71
22 15 0.0131
16 2 0.19
3 16 0.47
4 16 0.11
10 16 0.14
11 16 0.21
16 12 0.5
13 16 0.38
14 16 0.35
16 15 0.5
22 16 0.0038
17 2 0.13
3 17 0.11
17 4 0.15
17 10 0.29
11 17 0.32
17 12 0.33
17 13 0.25
17 14 0.24
17 15 0.33
17 16 0.17
17 22 0.0018
18 2 0.38
3 18 0.32
4 18 0.22
10 18 0.29
11 18 0.11
18 12 1.0
13 18 0.38
14 18 0.71
18 15 1.0
18 16 0.5
17 18 0.33
22 18 0.0131
19 2 0.38
3 19 0.32
4 19 0.22
10 19 0.29
11 19 0.11
19 12 1.0
13 19 0.38
14 19 0.71
19 15 1.0
19 16 0.5
17 19 0.33
19 18 1.0
22 19 0.0131
20 1 0.5
20 2 0.19
3 20 0.16
20 5 0.71
20 6 0.5
20 7 0.5
20 8 0.5
20 9 0.71
20 10 0.29
11 20 0.21
20 17 0.33
20 22 0.0046
21 2 0.38
3 21 0.32
4 21 0.22
10 21 0.29
11 21 0.11
21 12 1.0
13 21 0.38
14 21 0.71
21 15 1.0
21 16 0.5
17 21 0.33
21 18 1.0
21 19 1.0
22 21 0.0131
