*Vertices  90
1 "衬底"
2 "LED灯"
3 "电容"
4 "容器"
5 "控制器"
6 "处理器"
7 "单片机"
8 "荧光粉"
9 "整流器"
10 "开关"
11 "发光荧光材料"
12 "次氯酸钠溶液"
13 "保护层"
14 "硼酸"
15 "蓝膜"
16 "变压器"
17 "外延片"
18 "外延"
19 "LED"
20 "二极管"
21 "稳压二极管"
22 "三极管"
23 "模糊增强算法"
24 "玻璃"
25 "LED光源"
26 "日光灯平面光源"
27 "塑料"
28 "腐蚀液"
29 "转换器"
30 "铝基板"
31 "晶体振荡器"
32 "IP软核"
33 "电动机"
34 "光谱仪"
35 "荧光体"
36 "发光体"
37 "透明胶"
38 "光刻胶"
39 "填充区域"
40 "SiO2"
41 "半导体"
42 "Al2O3"
43 "NH4H2PO4"
44 "GaAs"
45 "MQW"
46 "GPIO"
47 "硅氧磷灰石"
48 "键合"
49 "客户"
50 "焊盘"
51 "圆盘"
52 "荧光光谱"
53 "金属银纳米粒子"
54 "LED芯片"
55 "芯片"
56 "涂层"
57 "电流扩展层"
58 "继电器"
59 "存储器"
60 "酸盐"
61 "SrCO3"
62 "Eu2O3"
63 "硝酸"
64 "Eu2"
65 "去离子水"
66 "Li"
67 "电感"
68 "灰度"
69 "离子"
70 "电极"
71 "边缘检测"
72 "电阻"
73 "基色"
74 "丙酮"
75 "MOCVD"
76 "空穴"
77 "玻璃体"
78 "EP-CAB共聚物"
79 "屏幕"
80 "透镜"
81 "反射层"
82 "发光层"
83 "甲基"
84 "CAB"
85 "VGA"
86 "蜂鸣器"
87 "激发光"
88 "DMA"
89 "插座"
90 "EP"
*Arcs
90 1 2.0E-4
2 1 0.05
2 90 4.0E-4
2 3 0.21
90 3 2.0E-4
4 1 0.19
90 4 2.0E-4
3 5 0.11
90 5 1.0E-4
6 2 0.17
6 3 0.1
6 5 0.48
6 90 3.0E-4
2 7 0.21
7 3 0.18
7 5 0.11
6 7 0.29
90 7 1.0E-4
8 1 0.08
8 2 0.17
8 4 0.22
8 5 0.12
8 6 0.1
8 7 0.1
8 90 0.0014
9 1 0.11
2 9 0.14
3 9 0.37
90 9 1.0E-4
2 10 0.39
10 3 0.46
10 5 0.25
6 10 0.28
10 7 0.26
8 10 0.14
10 9 0.18
90 10 3.0E-4
11 1 0.16
11 2 0.27
11 4 0.21
11 6 0.1
11 7 0.09
11 8 0.57
11 10 0.13
11 90 0.0010
1 12 0.38
90 12 2.0E-4
1 13 0.15
2 13 0.2
8 13 0.18
9 13 0.24
90 13 2.0E-4
2 14 0.13
8 14 0.22
11 14 0.43
90 14 0.0011
1 15 0.38
4 15 0.5
90 15 2.0E-4
16 1 0.08
2 16 0.2
3 16 0.44
16 5 0.11
7 16 0.09
8 16 0.09
16 9 0.59
10 16 0.25
16 13 0.17
90 16 1.0E-4
17 1 0.85
2 17 0.06
8 17 0.1
9 17 0.13
11 17 0.19
17 12 0.22
17 13 0.18
16 17 0.09
90 17 1.0E-4
18 1 0.93
2 18 0.09
8 18 0.08
9 18 0.11
11 18 0.24
18 12 0.38
18 13 0.15
18 15 0.19
16 18 0.08
18 17 0.85
90 18 1.0E-4
19 1 0.4
19 2 0.6
19 3 0.35
19 4 0.15
19 5 0.28
19 6 0.34
19 7 0.35
19 8 0.34
19 9 0.26
19 10 0.49
19 11 0.35
19 12 0.15
19 13 0.18
19 14 0.15
19 15 0.15
19 16 0.37
19 17 0.34
19 18 0.4
19 90 0.0013
20 1 0.45
20 2 0.3
20 3 0.34
20 4 0.2
20 5 0.16
20 6 0.04
20 7 0.13
20 8 0.36
20 9 0.35
20 10 0.31
20 11 0.43
20 12 0.2
20 13 0.08
20 14 0.1
20 15 0.2
20 16 0.37
20 17 0.36
20 18 0.45
20 19 0.75
20 90 6.0E-4
2 21 0.18
3 21 0.3
9 21 0.41
10 21 0.22
16 21 0.29
19 21 0.11
20 21 0.14
90 21 3.0E-4
2 22 0.2
22 3 0.61
22 5 0.11
7 22 0.17
22 9 0.47
10 22 0.31
11 22 0.09
22 16 0.58
19 22 0.37
20 22 0.45
22 21 0.29
90 22 1.0E-4
23 5 0.38
6 23 0.32
10 23 0.22
19 23 0.11
90 23 5.0E-4
24 1 0.08
24 2 0.28
24 3 0.1
24 6 0.3
24 7 0.29
24 8 0.2
24 10 0.21
24 11 0.19
24 12 0.22
24 14 0.22
24 16 0.09
24 17 0.1
24 18 0.08
24 19 0.34
24 20 0.22
24 22 0.09
24 90 3.0E-4
25 2 0.44
25 3 0.08
25 6 0.18
25 7 0.08
25 8 0.26
25 9 0.11
25 10 0.06
25 11 0.17
25 14 0.2
25 16 0.08
25 19 0.38
25 20 0.27
25 21 0.28
25 22 0.08
25 24 0.18
25 90 4.0E-4
8 26 0.32
26 13 0.58
19 26 0.11
90 26 4.0E-4
27 1 0.1
27 2 0.13
27 4 0.27
27 5 0.14
27 6 0.12
27 8 0.36
27 10 0.16
27 11 0.34
27 12 0.27
27 17 0.12
27 18 0.1
27 19 0.28
27 20 0.37
27 24 0.48
27 25 0.1
27 90 1.0E-4
1 28 0.6
2 28 0.08
4 28 0.32
9 28 0.18
28 12 0.63
13 28 0.26
28 15 0.32
16 28 0.13
17 28 0.28
18 28 0.48
19 28 0.24
20 28 0.32
24 28 0.14
27 28 0.17
90 28 4.0E-4
2 29 0.13
3 29 0.23
29 5 0.29
6 29 0.12
7 29 0.11
8 29 0.12
10 29 0.25
11 29 0.11
16 29 0.11
19 29 0.28
20 29 0.21
22 29 0.11
29 23 0.38
24 29 0.24
27 29 0.43
90 29 2.0E-4
30 1 0.11
30 2 0.29
30 6 0.13
30 8 0.26
30 11 0.12
30 12 0.29
30 13 0.24
30 17 0.13
30 18 0.11
30 19 0.26
30 20 0.23
30 24 0.26
30 25 0.34
30 26 0.41
30 27 0.31
30 28 0.18
30 90 4.0E-4
2 31 0.13
31 3 0.21
31 5 0.27
6 31 0.22
7 31 0.21
10 31 0.31
19 31 0.15
31 22 0.2
31 23 0.71
24 31 0.22
31 29 0.27
90 31 3.0E-4
32 5 0.38
6 32 0.32
10 32 0.22
19 32 0.11
32 23 1.0
29 32 0.38
31 32 0.71
90 32 5.0E-4
2 33 0.13
7 33 0.21
8 33 0.22
19 33 0.15
25 33 0.2
90 33 2.0E-4
2 34 0.13
11 34 0.21
34 14 0.5
19 34 0.15
20 34 0.1
34 90 3.0E-4
35 4 0.41
8 35 0.55
11 35 0.52
14 35 0.41
19 35 0.18
20 35 0.24
24 35 0.18
25 35 0.16
27 35 0.22
90 35 8.0E-4
36 2 0.24
36 6 0.14
36 8 0.28
36 11 0.27
36 19 0.24
36 20 0.25
36 24 0.14
36 25 0.37
36 27 0.17
36 30 0.18
36 35 0.26
36 90 1.0E-4
8 37 0.32
37 13 0.58
19 37 0.11
37 26 1.0
30 37 0.41
90 37 4.0E-4
1 38 0.46
2 38 0.1
9 38 0.24
38 12 0.41
13 38 0.33
16 38 0.17
17 38 0.37
18 38 0.46
19 38 0.18
20 38 0.24
24 38 0.18
27 38 0.22
28 38 0.77
30 38 0.24
90 38 2.0E-4
1 39 0.27
12 39 0.71
17 39 0.32
18 39 0.27
19 39 0.11
20 39 0.14
24 39 0.32
27 39 0.38
28 39 0.45
30 39 0.41
38 39 0.58
90 39 4.0E-4
40 1 0.27
2 40 0.24
40 4 0.47
8 40 0.42
40 9 0.14
40 10 0.07
11 40 0.7
40 13 0.19
40 14 0.24
40 15 0.24
40 16 0.1
40 17 0.21
40 18 0.27
19 40 0.32
20 40 0.38
27 40 0.25
40 28 0.3
40 29 0.13
40 34 0.24
40 35 0.38
36 40 0.15
40 38 0.19
40 90 0.0010
41 1 0.67
41 2 0.29
41 3 0.11
41 4 0.13
41 6 0.11
41 7 0.05
41 8 0.34
41 9 0.15
41 10 0.12
41 11 0.43
41 12 0.25
41 13 0.1
41 14 0.13
41 15 0.25
41 16 0.1
41 17 0.57
41 18 0.67
41 19 0.59
41 20 0.64
41 21 0.18
41 22 0.05
41 24 0.23
41 25 0.3
41 27 0.27
41 28 0.4
41 29 0.14
41 30 0.22
41 35 0.21
41 36 0.16
41 38 0.31
41 39 0.18
41 40 0.42
41 90 8.0E-4
42 1 0.67
2 42 0.15
42 4 0.2
8 42 0.35
42 9 0.11
42 10 0.06
11 42 0.5
42 13 0.16
42 16 0.08
42 17 0.79
42 18 0.74
19 42 0.38
20 42 0.43
27 42 0.21
42 28 0.12
42 29 0.1
42 35 0.16
42 38 0.16
40 42 0.55
41 42 0.6
90 42 1.0E-4
8 43 0.32
11 43 0.3
19 43 0.11
20 43 0.14
35 43 0.58
36 43 0.45
40 43 0.33
41 43 0.18
90 43 5.0E-4
1 44 0.55
2 44 0.07
11 44 0.25
44 12 0.58
15 44 0.29
17 44 0.26
18 44 0.65
19 44 0.26
20 44 0.35
24 44 0.13
27 44 0.15
28 44 0.55
30 44 0.17
44 38 0.47
44 39 0.41
40 44 0.27
41 44 0.44
42 44 0.23
90 44 2.0E-4
45 1 0.64
2 45 0.16
3 45 0.09
8 45 0.19
9 45 0.25
10 45 0.07
11 45 0.18
45 12 0.21
45 13 0.17
14 45 0.21
16 45 0.17
45 17 0.76
45 18 0.73
19 45 0.35
20 45 0.38
45 21 0.3
22 45 0.09
24 45 0.19
25 45 0.17
27 45 0.11
45 28 0.27
30 45 0.12
35 45 0.17
45 38 0.35
45 39 0.3
40 45 0.2
41 45 0.6
42 45 0.67
45 44 0.25
90 45 5.0E-4
2 46 0.13
3 46 0.21
6 46 0.22
10 46 0.31
19 46 0.15
41 46 0.13
90 46 2.0E-4
8 47 0.32
11 47 0.3
19 47 0.11
20 47 0.14
35 47 0.58
36 47 0.45
40 47 0.33
41 47 0.18
47 43 1.0
90 47 5.0E-4
1 48 0.22
2 48 0.07
3 48 0.12
7 48 0.12
8 48 0.13
11 48 0.25
48 12 0.29
48 13 0.24
17 48 0.13
18 48 0.33
19 48 0.26
20 48 0.29
24 48 0.13
48 26 0.41
27 48 0.15
48 28 0.18
29 48 0.15
30 48 0.17
48 37 0.41
40 48 0.27
41 48 0.29
42 48 0.23
48 44 0.5
45 48 0.12
90 48 2.0E-4
2 49 0.2
3 49 0.17
6 49 0.37
8 49 0.18
10 49 0.25
11 49 0.17
19 49 0.18
20 49 0.08
25 49 0.16
27 49 0.22
29 49 0.22
40 49 0.19
41 49 0.21
42 49 0.16
46 49 0.41
90 49 2.0E-4
2 50 0.1
3 50 0.17
8 50 0.18
9 50 0.24
10 50 0.13
50 13 0.33
16 50 0.17
19 50 0.18
20 50 0.16
50 21 0.58
22 50 0.17
25 50 0.16
50 26 0.58
30 50 0.24
50 37 0.58
41 50 0.21
50 45 0.17
50 48 0.24
90 50 6.0E-4
2 51 0.18
7 51 0.3
8 51 0.32
19 51 0.11
25 51 0.28
33 51 0.71
90 51 3.0E-4
2 52 0.13
11 52 0.21
52 14 0.5
19 52 0.15
20 52 0.1
52 34 1.0
52 40 0.24
52 90 3.0E-4
8 53 0.32
11 53 0.3
14 53 0.71
19 53 0.11
20 53 0.14
24 53 0.32
25 53 0.28
35 53 0.58
41 53 0.18
45 53 0.3
90 53 5.0E-4
54 1 0.52
2 54 0.26
54 3 0.15
54 4 0.34
54 7 0.07
8 54 0.23
54 9 0.2
54 10 0.05
11 54 0.15
54 12 0.17
54 13 0.28
14 54 0.17
54 15 0.17
54 16 0.14
54 17 0.54
54 18 0.45
19 54 0.44
20 54 0.48
54 21 0.24
54 22 0.07
24 54 0.15
25 54 0.2
54 26 0.24
27 54 0.18
54 28 0.33
30 54 0.4
54 35 0.28
54 37 0.24
54 38 0.28
54 39 0.24
40 54 0.24
41 54 0.57
42 54 0.47
54 44 0.1
54 45 0.66
54 48 0.2
54 50 0.28
54 53 0.24
90 54 8.0E-4
55 1 0.55
2 55 0.36
55 3 0.36
55 4 0.21
55 5 0.11
6 55 0.05
55 7 0.36
8 55 0.37
55 9 0.24
55 10 0.29
11 55 0.44
55 12 0.21
55 13 0.17
55 14 0.21
55 15 0.21
55 16 0.21
55 17 0.47
55 18 0.55
19 55 0.72
20 55 0.71
55 21 0.15
55 22 0.3
24 55 0.14
25 55 0.16
55 26 0.15
27 55 0.17
55 28 0.33
55 29 0.22
30 55 0.24
55 31 0.1
55 33 0.1
55 34 0.1
55 35 0.26
36 55 0.07
55 37 0.15
55 38 0.26
55 39 0.15
55 40 0.44
41 55 0.69
55 42 0.53
55 43 0.15
55 44 0.36
55 45 0.49
55 46 0.1
55 47 0.15
55 48 0.3
55 49 0.09
55 50 0.26
55 51 0.15
55 52 0.1
55 53 0.15
55 54 0.61
55 90 0.0013
2 56 0.18
8 56 0.16
11 56 0.15
56 13 0.29
56 16 0.14
19 56 0.21
20 56 0.14
24 56 0.16
25 56 0.14
36 56 0.22
40 56 0.17
41 56 0.09
56 42 0.14
55 56 0.07
90 56 1.0E-4
1 57 0.55
2 57 0.14
4 57 0.29
9 57 0.17
11 57 0.12
57 12 0.58
13 57 0.24
57 15 0.58
16 57 0.12
17 57 0.26
18 57 0.55
19 57 0.26
20 57 0.35
24 57 0.13
27 57 0.15
57 28 0.73
30 57 0.17
57 38 0.47
57 39 0.41
40 57 0.41
41 57 0.44
42 57 0.23
57 44 0.67
45 57 0.37
48 57 0.33
54 57 0.3
55 57 0.36
90 57 4.0E-4
2 58 0.09
3 58 0.6
58 5 0.19
6 58 0.16
10 58 0.33
16 58 0.29
19 58 0.21
20 58 0.21
22 58 0.43
58 29 0.19
46 58 0.35
58 49 0.29
55 58 0.15
90 58 1.0E-4
59 5 0.19
6 59 0.47
7 59 0.15
10 59 0.11
16 59 0.14
19 59 0.21
59 23 0.5
25 59 0.14
29 59 0.38
31 59 0.35
59 32 0.5
41 59 0.09
49 59 0.29
55 59 0.07
90 59 2.0E-4
2 60 0.14
60 4 0.29
8 60 0.52
60 10 0.09
11 60 0.62
60 14 0.58
19 60 0.26
20 60 0.29
24 60 0.13
25 60 0.11
27 60 0.31
60 29 0.15
60 34 0.29
60 35 0.47
60 40 0.54
41 60 0.29
60 42 0.34
60 45 0.12
60 49 0.24
60 50 0.24
60 52 0.29
60 53 0.41
60 54 0.2
60 55 0.36
60 56 0.2
60 90 9.0E-4
2 61 0.13
8 61 0.22
11 61 0.43
61 14 0.5
19 61 0.15
20 61 0.1
61 34 0.5
61 35 0.41
36 61 0.32
61 40 0.47
41 61 0.13
61 43 0.71
61 47 0.71
61 52 0.5
61 55 0.21
61 60 0.29
61 90 0.0011
2 62 0.13
8 62 0.22
11 62 0.43
62 14 0.5
19 62 0.15
20 62 0.1
62 34 0.5
62 35 0.41
36 62 0.32
62 40 0.47
41 62 0.13
62 43 0.71
62 47 0.71
62 52 0.5
62 55 0.21
62 60 0.29
62 61 1.0
62 90 0.0011
2 63 0.1
8 63 0.37
11 63 0.52
63 14 0.82
19 63 0.18
20 63 0.16
24 63 0.18
25 63 0.16
63 34 0.41
63 35 0.33
63 40 0.38
41 63 0.21
63 42 0.16
63 45 0.17
63 52 0.41
63 53 0.58
63 54 0.14
63 55 0.26
63 56 0.29
63 60 0.71
63 61 0.41
63 62 0.41
63 90 0.0013
2 64 0.09
8 64 0.47
11 64 0.6
64 14 0.71
19 64 0.21
20 64 0.21
24 64 0.16
25 64 0.14
64 34 0.35
64 35 0.58
36 64 0.22
64 40 0.5
41 64 0.27
64 42 0.14
64 43 0.5
64 45 0.15
64 47 0.5
64 52 0.35
64 53 0.5
64 54 0.12
64 55 0.29
64 56 0.25
64 60 0.61
64 61 0.71
64 62 0.71
64 63 0.87
64 90 0.0019
65 1 0.24
2 65 0.08
65 4 0.32
11 65 0.13
65 14 0.32
65 15 0.32
65 18 0.12
19 65 0.24
20 65 0.19
65 28 0.4
65 34 0.32
65 38 0.26
65 40 0.3
41 65 0.24
65 44 0.18
65 50 0.26
65 52 0.32
65 54 0.11
65 55 0.26
65 57 0.18
65 60 0.37
65 61 0.32
65 62 0.32
65 63 0.26
65 64 0.22
65 90 0.0010
66 1 0.09
2 66 0.29
66 4 0.24
66 5 0.13
6 66 0.11
8 66 0.42
66 10 0.15
11 66 0.4
66 14 0.47
66 17 0.11
66 18 0.09
19 66 0.32
20 66 0.28
66 23 0.33
24 66 0.11
25 66 0.18
27 66 0.25
66 29 0.25
30 66 0.27
66 31 0.24
66 32 0.33
66 34 0.24
66 35 0.38
66 40 0.33
41 66 0.3
66 42 0.28
66 45 0.2
66 49 0.19
66 52 0.24
66 53 0.33
66 54 0.32
66 55 0.34
66 59 0.17
66 60 0.54
66 61 0.24
66 62 0.24
66 63 0.38
66 64 0.33
66 65 0.15
66 90 7.0E-4
2 67 0.25
3 67 0.43
9 67 0.29
10 67 0.31
16 67 0.2
19 67 0.15
20 67 0.1
67 21 0.71
22 67 0.2
25 67 0.2
67 29 0.27
41 67 0.13
67 45 0.21
67 50 0.41
54 67 0.17
55 67 0.21
90 67 2.0E-4
68 5 0.38
6 68 0.32
10 68 0.22
19 68 0.11
68 23 1.0
29 68 0.38
31 68 0.71
68 32 1.0
68 59 0.5
66 68 0.33
90 68 5.0E-4
69 1 0.32
2 69 0.16
69 4 0.21
8 69 0.19
11 69 0.27
69 12 0.43
69 14 0.43
69 15 0.21
69 16 0.09
69 17 0.1
69 18 0.24
19 69 0.35
20 69 0.3
24 69 0.38
25 69 0.08
27 69 0.11
69 28 0.54
30 69 0.12
69 34 0.21
69 35 0.35
36 69 0.13
69 38 0.35
69 39 0.3
69 40 0.3
41 69 0.38
69 43 0.3
69 44 0.37
69 45 0.18
69 47 0.3
69 48 0.12
69 50 0.17
69 52 0.21
69 53 0.3
69 54 0.22
69 55 0.36
69 56 0.15
69 57 0.37
69 60 0.37
69 61 0.43
69 62 0.43
69 63 0.35
69 64 0.45
69 65 0.67
69 66 0.2
69 90 0.0018
70 1 0.73
2 70 0.17
3 70 0.35
70 4 0.14
70 5 0.07
7 70 0.06
8 70 0.06
70 9 0.4
10 70 0.17
11 70 0.24
70 12 0.28
70 13 0.11
70 15 0.28
70 16 0.45
70 17 0.62
70 18 0.73
19 70 0.54
20 70 0.67
70 21 0.2
22 70 0.62
24 70 0.06
25 70 0.05
27 70 0.07
70 28 0.44
70 29 0.07
30 70 0.08
70 38 0.34
70 39 0.2
40 70 0.26
41 70 0.56
42 70 0.54
70 44 0.48
70 45 0.59
70 48 0.24
70 50 0.11
54 70 0.43
55 70 0.61
70 57 0.48
70 58 0.29
65 70 0.18
66 70 0.07
70 67 0.14
69 70 0.24
90 70 3.0E-4
71 5 0.38
6 71 0.32
10 71 0.22
19 71 0.11
71 23 1.0
29 71 0.38
31 71 0.71
71 32 1.0
71 59 0.5
66 71 0.33
71 68 1.0
90 71 5.0E-4
72 1 0.12
2 72 0.35
72 3 0.66
72 5 0.08
6 72 0.07
7 72 0.2
8 72 0.07
72 9 0.53
10 72 0.48
11 72 0.07
72 13 0.13
72 16 0.57
72 17 0.14
72 18 0.12
19 72 0.49
20 72 0.46
72 21 0.22
72 22 0.76
24 72 0.07
25 72 0.06
72 28 0.1
72 29 0.25
72 31 0.15
72 38 0.13
40 72 0.07
41 72 0.16
42 72 0.12
72 45 0.2
72 46 0.31
72 49 0.13
72 50 0.13
54 72 0.16
55 72 0.45
72 57 0.09
72 58 0.44
72 59 0.11
66 72 0.07
72 67 0.31
72 70 0.56
90 72 2.0E-4
2 73 0.09
73 5 0.19
6 73 0.16
8 73 0.16
11 73 0.3
73 14 0.71
19 73 0.21
20 73 0.14
24 73 0.16
25 73 0.14
73 34 0.35
73 35 0.29
73 40 0.17
41 73 0.09
73 45 0.15
73 52 0.35
73 53 0.5
73 54 0.12
73 55 0.15
73 60 0.41
73 61 0.35
73 62 0.35
73 63 0.58
73 64 0.5
73 65 0.22
73 66 0.33
73 69 0.3
73 90 6.0E-4
74 1 0.27
2 74 0.09
74 4 0.35
11 74 0.15
74 12 0.35
74 14 0.35
74 15 0.35
74 17 0.16
74 18 0.13
19 74 0.21
20 74 0.14
24 74 0.16
27 74 0.19
74 28 0.45
30 74 0.2
74 34 0.35
74 38 0.29
74 39 0.5
74 40 0.33
41 74 0.18
74 44 0.2
74 45 0.15
74 52 0.35
74 54 0.24
74 55 0.22
74 57 0.41
74 60 0.2
74 61 0.35
74 62 0.35
74 63 0.29
74 64 0.25
74 65 0.67
74 66 0.17
74 69 0.6
74 70 0.2
74 73 0.25
74 90 0.0018
75 1 0.76
2 75 0.06
8 75 0.1
11 75 0.29
75 12 0.22
75 17 0.9
75 18 0.85
19 75 0.34
20 75 0.36
24 75 0.1
27 75 0.12
75 28 0.14
30 75 0.13
75 38 0.18
75 39 0.32
40 75 0.21
41 75 0.57
42 75 0.79
75 44 0.39
75 45 0.76
75 48 0.26
54 75 0.46
55 75 0.47
75 57 0.26
66 75 0.11
69 75 0.1
70 75 0.62
72 75 0.07
74 75 0.16
90 75 1.0E-4
1 76 0.4
2 76 0.09
3 76 0.15
8 76 0.16
9 76 0.2
10 76 0.11
16 76 0.14
17 76 0.47
18 76 0.4
19 76 0.21
20 76 0.21
76 21 0.5
22 76 0.14
25 76 0.14
41 76 0.36
42 76 0.42
45 76 0.6
50 76 0.29
54 76 0.36
55 76 0.29
66 76 0.17
67 76 0.35
70 76 0.39
72 76 0.22
75 76 0.47
90 76 1.0E-4
8 77 0.32
11 77 0.3
14 77 0.71
19 77 0.11
20 77 0.14
24 77 0.32
25 77 0.28
35 77 0.58
41 77 0.18
45 77 0.3
77 53 1.0
54 77 0.24
55 77 0.15
60 77 0.41
63 77 0.58
64 77 0.5
66 77 0.33
69 77 0.3
73 77 0.5
90 77 5.0E-4
19 78 0.11
65 78 0.45
69 78 0.3
74 78 0.5
90 78 4.0E-4
1 79 0.51
10 79 0.16
11 79 0.23
79 12 0.27
17 79 0.6
18 79 0.51
19 79 0.28
20 79 0.27
24 79 0.12
27 79 0.14
28 79 0.17
30 79 0.15
79 38 0.22
79 39 0.38
40 79 0.13
41 79 0.34
42 79 0.42
79 44 0.31
45 79 0.34
48 79 0.15
54 79 0.28
55 79 0.28
57 79 0.15
69 79 0.11
70 79 0.37
74 79 0.19
75 79 0.6
76 79 0.19
90 79 1.0E-4
80 2 0.28
80 4 0.22
80 6 0.1
80 8 0.3
80 10 0.07
80 11 0.29
80 19 0.34
80 20 0.36
80 24 0.2
80 25 0.26
80 27 0.48
80 29 0.24
80 30 0.39
80 34 0.22
80 35 0.18
80 36 0.14
80 40 0.21
80 41 0.23
80 42 0.18
80 49 0.18
80 52 0.22
80 54 0.23
80 55 0.19
80 60 0.26
80 65 0.14
80 66 0.32
80 69 0.1
80 74 0.16
80 78 0.32
80 90 1.0E-4
1 81 0.46
11 81 0.35
81 12 0.41
17 81 0.55
18 81 0.46
19 81 0.18
20 81 0.24
24 81 0.18
27 81 0.22
28 81 0.26
30 81 0.24
81 38 0.33
81 39 0.58
40 81 0.19
41 81 0.31
42 81 0.32
81 44 0.47
45 81 0.17
48 81 0.24
54 81 0.14
55 81 0.26
57 81 0.24
69 81 0.17
70 81 0.34
74 81 0.29
75 81 0.55
81 79 0.65
90 81 2.0E-4
1 82 0.71
4 82 0.27
11 82 0.23
82 12 0.53
82 15 0.53
17 82 0.48
18 82 0.61
19 82 0.28
20 82 0.37
24 82 0.12
27 82 0.14
82 28 0.51
30 82 0.15
82 38 0.22
82 39 0.38
40 82 0.25
41 82 0.48
42 82 0.31
82 44 0.62
45 82 0.23
82 48 0.31
54 82 0.28
55 82 0.39
82 57 0.62
65 82 0.17
69 82 0.34
70 82 0.52
74 82 0.38
75 82 0.48
82 76 0.19
82 79 0.43
82 81 0.65
90 82 3.0E-4
83 1 0.45
2 83 0.06
83 4 0.24
8 83 0.32
10 83 0.07
11 83 0.2
83 17 0.53
83 18 0.45
19 83 0.32
20 83 0.28
27 83 0.25
29 83 0.13
83 35 0.19
40 83 0.22
41 83 0.42
42 83 0.65
83 45 0.5
83 49 0.19
83 50 0.19
54 83 0.4
55 83 0.39
60 83 0.41
65 83 0.3
66 83 0.33
69 83 0.2
70 83 0.33
72 83 0.07
74 83 0.17
83 75 0.53
83 76 0.5
83 78 0.33
83 79 0.25
80 83 0.32
83 82 0.13
90 83 2.0E-4
19 84 0.11
65 84 0.45
69 84 0.3
74 84 0.5
84 78 1.0
80 84 0.32
83 84 0.33
90 84 4.0E-4
85 5 0.38
6 85 0.32
10 85 0.22
19 85 0.11
85 23 1.0
29 85 0.38
31 85 0.71
85 32 1.0
85 59 0.5
66 85 0.33
85 68 1.0
85 71 1.0
90 85 5.0E-4
2 86 0.18
3 86 0.3
6 86 0.32
10 86 0.22
19 86 0.11
46 86 0.71
49 86 0.58
58 86 0.5
72 86 0.22
90 86 3.0E-4
2 87 0.13
87 4 0.27
8 87 0.48
87 10 0.08
11 87 0.57
87 14 0.53
19 87 0.28
20 87 0.32
24 87 0.24
25 87 0.1
27 87 0.43
87 29 0.29
87 34 0.53
87 35 0.65
36 87 0.17
87 40 0.5
41 87 0.2
87 42 0.21
87 43 0.38
87 45 0.11
87 47 0.38
87 48 0.15
87 49 0.22
87 52 0.53
87 53 0.38
87 54 0.18
87 55 0.28
87 60 0.62
87 61 0.53
87 62 0.53
87 63 0.44
87 64 0.57
87 65 0.17
87 66 0.5
87 69 0.34
87 73 0.38
87 74 0.19
87 77 0.38
80 87 0.36
87 83 0.25
87 90 9.0E-4
88 5 0.53
6 88 0.45
10 88 0.15
19 88 0.15
88 23 0.71
29 88 0.27
31 88 0.5
88 32 0.71
88 59 0.35
66 88 0.24
88 68 0.71
88 71 0.71
73 88 0.35
88 85 0.71
90 88 3.0E-4
2 89 0.13
3 89 0.21
6 89 0.22
10 89 0.31
19 89 0.15
20 89 0.1
46 89 0.5
89 49 0.41
55 89 0.1
58 89 0.35
72 89 0.15
89 86 0.71
90 89 2.0E-4
