*Vertices  25
1 "衬底"
2 "GAN"
3 "LED外延片"
4 "外延片"
5 "外延"
6 "LED"
7 "二极管"
8 "通道"
9 "缓冲层"
10 "内量子效率"
11 "半导体"
12 "Al2O3"
13 "MQW"
14 "ITO"
15 "太阳能"
16 "LED芯片"
17 "芯片"
18 "电极"
19 "接触层"
20 "MOCVD"
21 "标准芯片工艺制作"
22 "空穴"
23 "屏幕"
24 "甲基"
25 "ESD"
*Arcs
25 1 0.0059
2 1 0.65
25 2 0.0071
3 1 0.71
3 2 0.93
25 3 0.0099
4 1 0.85
4 2 0.77
4 3 0.84
25 4 0.0079
5 1 0.93
5 2 0.65
5 3 0.71
5 4 0.85
25 5 0.0060
6 1 0.4
6 2 0.26
6 3 0.28
6 4 0.34
6 5 0.4
6 25 0.0012
7 1 0.45
7 2 0.29
7 3 0.27
7 4 0.36
7 5 0.45
7 6 0.75
7 25 8.0E-4
8 1 0.22
8 2 0.33
8 3 0.31
8 4 0.26
8 5 0.22
6 8 0.26
7 8 0.23
25 8 0.0022
9 1 0.76
9 2 0.72
9 3 0.8
9 4 0.89
9 5 0.76
6 9 0.3
7 9 0.3
9 8 0.29
25 9 0.0089
1 10 0.38
2 10 0.29
3 10 0.53
4 10 0.45
5 10 0.38
6 10 0.15
7 10 0.1
9 10 0.5
25 10 0.0024
11 1 0.67
11 2 0.44
11 3 0.48
11 4 0.57
11 5 0.67
11 6 0.59
11 7 0.64
11 8 0.15
11 9 0.51
11 10 0.25
11 25 0.0031
12 1 0.67
12 2 0.68
12 3 0.73
12 4 0.79
12 5 0.74
6 12 0.38
7 12 0.43
12 8 0.23
12 9 0.78
12 10 0.39
11 12 0.6
12 25 0.0062
13 1 0.64
13 2 0.74
13 3 0.8
13 4 0.76
13 5 0.73
6 13 0.35
7 13 0.38
13 8 0.25
13 9 0.64
13 10 0.43
11 13 0.6
12 13 0.67
25 13 0.0070
1 14 0.61
2 14 0.62
3 14 0.71
4 14 0.72
5 14 0.71
6 14 0.28
7 14 0.27
9 14 0.67
14 10 0.53
11 14 0.48
12 14 0.73
13 14 0.68
25 14 0.0038
1 15 0.15
2 15 0.24
3 15 0.22
4 15 0.18
5 15 0.15
6 15 0.18
7 15 0.16
8 15 0.24
9 15 0.2
11 15 0.1
12 15 0.16
13 15 0.17
25 15 0.0011
16 1 0.52
16 2 0.5
16 3 0.55
16 4 0.54
16 5 0.45
6 16 0.44
7 16 0.48
16 8 0.4
16 9 0.43
16 10 0.17
11 16 0.57
12 16 0.47
16 13 0.66
16 14 0.37
16 15 0.14
16 25 0.0043
17 1 0.55
17 2 0.36
17 3 0.39
17 4 0.47
17 5 0.55
6 17 0.72
7 17 0.71
17 8 0.24
17 9 0.42
17 10 0.21
11 17 0.69
17 12 0.53
17 13 0.49
17 14 0.39
17 15 0.09
17 16 0.61
17 25 0.0021
18 1 0.73
18 2 0.48
18 3 0.52
18 4 0.62
18 5 0.73
6 18 0.54
7 18 0.67
18 8 0.16
18 9 0.55
18 10 0.28
11 18 0.56
12 18 0.54
18 13 0.59
18 14 0.52
18 15 0.11
16 18 0.43
17 18 0.61
18 25 0.0034
19 1 0.71
19 2 0.93
19 3 1.0
19 4 0.84
19 5 0.71
6 19 0.28
7 19 0.27
19 8 0.31
19 9 0.8
19 10 0.53
11 19 0.48
12 19 0.73
19 13 0.8
19 14 0.71
19 15 0.22
16 19 0.55
17 19 0.39
18 19 0.52
19 25 0.0099
20 1 0.76
20 2 0.65
20 3 0.72
20 4 0.9
20 5 0.85
6 20 0.34
7 20 0.36
20 8 0.26
20 9 0.89
20 10 0.45
11 20 0.57
12 20 0.79
20 13 0.76
20 14 0.72
20 15 0.18
16 20 0.46
17 20 0.47
18 20 0.62
20 19 0.72
20 25 0.0076
21 1 0.6
21 2 0.73
21 3 0.85
21 4 0.71
21 5 0.6
6 21 0.24
7 21 0.19
21 8 0.18
21 9 0.79
21 10 0.63
11 21 0.4
12 21 0.62
21 13 0.67
21 14 0.68
16 21 0.43
17 21 0.33
18 21 0.44
21 19 0.85
21 20 0.71
21 25 0.0077
1 22 0.4
2 22 0.61
3 22 0.57
4 22 0.47
5 22 0.4
6 22 0.21
7 22 0.21
9 22 0.53
22 10 0.35
11 22 0.36
12 22 0.42
13 22 0.6
22 14 0.57
16 22 0.36
17 22 0.29
18 22 0.39
19 22 0.57
20 22 0.47
21 22 0.67
25 22 0.0020
1 23 0.51
2 23 0.31
3 23 0.29
4 23 0.6
5 23 0.51
6 23 0.28
7 23 0.27
8 23 0.15
9 23 0.53
11 23 0.34
12 23 0.42
13 23 0.34
14 23 0.29
23 15 0.22
16 23 0.28
17 23 0.28
18 23 0.37
19 23 0.29
20 23 0.6
21 23 0.17
22 23 0.19
25 23 0.0025
24 1 0.45
24 2 0.54
24 3 0.63
24 4 0.53
24 5 0.45
6 24 0.32
7 24 0.28
24 8 0.14
24 9 0.59
24 10 0.47
11 24 0.42
12 24 0.65
24 13 0.5
24 14 0.5
24 15 0.19
16 24 0.4
17 24 0.39
18 24 0.33
24 19 0.63
24 20 0.53
24 21 0.6
24 22 0.5
24 23 0.25
24 25 0.0047
