*Vertices  35
1 "LED灯"
2 "荧光粉"
3 "发光荧光材料"
4 "硼酸"
5 "EP"
6 "LED"
7 "二极管"
8 "玻璃"
9 "LED光源"
10 "光谱仪"
11 "荧光体"
12 "发光体"
13 "SiO2"
14 "半导体"
15 "Al2O3"
16 "NH4H2PO4"
17 "MQW"
18 "硅氧磷灰石"
19 "荧光光谱"
20 "金属银纳米粒子"
21 "LED芯片"
22 "芯片"
23 "涂层"
24 "酸盐"
25 "SrCO3"
26 "Eu2O3"
27 "硝酸"
28 "去离子水"
29 "Li"
30 "离子"
31 "基色"
32 "丙酮"
33 "玻璃体"
34 "激发光"
35 "Eu2"
*Arcs
1 35 2.0E-4
2 1 0.17
2 35 0.0032
3 1 0.27
3 2 0.57
3 35 0.0052
1 4 0.13
2 4 0.22
3 4 0.43
35 4 0.0067
1 5 0.2
2 5 0.46
3 5 0.35
5 4 0.41
35 5 0.0046
6 1 0.6
6 2 0.34
6 3 0.35
6 4 0.15
6 5 0.37
6 35 0.0010
7 1 0.3
7 2 0.36
7 3 0.43
7 4 0.1
7 5 0.24
7 6 0.75
7 35 9.0E-4
8 1 0.28
8 2 0.2
8 3 0.19
8 4 0.22
8 5 0.18
8 6 0.34
8 7 0.22
8 35 5.0E-4
9 1 0.44
9 2 0.26
9 3 0.17
9 4 0.2
9 5 0.24
9 6 0.38
9 7 0.27
9 8 0.18
9 35 4.0E-4
1 10 0.13
3 10 0.21
10 4 0.5
10 5 0.2
6 10 0.15
7 10 0.1
35 10 0.0019
2 11 0.55
3 11 0.52
4 11 0.41
5 11 0.33
6 11 0.18
7 11 0.24
8 11 0.18
9 11 0.16
35 11 0.0050
12 1 0.24
12 2 0.28
12 3 0.27
12 5 0.13
12 6 0.24
12 7 0.25
12 8 0.14
12 9 0.37
12 11 0.26
12 35 8.0E-4
1 13 0.24
2 13 0.42
3 13 0.7
13 4 0.24
13 5 0.38
6 13 0.32
7 13 0.38
13 10 0.24
13 11 0.38
12 13 0.15
35 13 0.0036
14 1 0.29
14 2 0.34
14 3 0.43
14 4 0.13
14 5 0.31
14 6 0.59
14 7 0.64
14 8 0.23
14 9 0.3
14 11 0.21
14 12 0.16
14 13 0.42
14 35 0.0012
1 15 0.15
2 15 0.35
3 15 0.5
5 15 0.08
6 15 0.38
7 15 0.43
15 11 0.16
13 15 0.55
14 15 0.6
35 15 3.0E-4
2 16 0.32
3 16 0.3
5 16 0.29
6 16 0.11
7 16 0.14
11 16 0.58
12 16 0.45
13 16 0.33
14 16 0.18
35 16 0.0031
1 17 0.16
2 17 0.19
3 17 0.18
4 17 0.21
5 17 0.26
6 17 0.35
7 17 0.38
8 17 0.19
9 17 0.17
11 17 0.17
13 17 0.2
14 17 0.6
15 17 0.67
35 17 4.0E-4
2 18 0.32
3 18 0.3
5 18 0.29
6 18 0.11
7 18 0.14
11 18 0.58
12 18 0.45
13 18 0.33
14 18 0.18
18 16 1.0
35 18 0.0031
1 19 0.13
3 19 0.21
19 4 0.5
19 5 0.2
6 19 0.15
7 19 0.1
19 10 1.0
19 13 0.24
35 19 0.0019
2 20 0.32
3 20 0.3
4 20 0.71
5 20 0.29
6 20 0.11
7 20 0.14
8 20 0.32
9 20 0.28
11 20 0.58
14 20 0.18
17 20 0.3
35 20 0.0031
1 21 0.26
2 21 0.23
3 21 0.15
4 21 0.17
5 21 0.35
6 21 0.44
7 21 0.48
8 21 0.15
9 21 0.2
21 11 0.28
13 21 0.24
14 21 0.57
15 21 0.47
21 17 0.66
21 20 0.24
35 21 4.0E-4
1 22 0.36
2 22 0.37
3 22 0.44
22 4 0.21
22 5 0.38
6 22 0.72
7 22 0.71
8 22 0.14
9 22 0.16
22 10 0.1
22 11 0.26
12 22 0.07
22 13 0.44
14 22 0.69
22 15 0.53
22 16 0.15
22 17 0.49
22 18 0.15
22 19 0.1
22 20 0.15
22 21 0.61
35 22 0.0015
1 23 0.18
2 23 0.16
3 23 0.15
5 23 0.14
6 23 0.21
7 23 0.14
8 23 0.16
9 23 0.14
12 23 0.22
13 23 0.17
14 23 0.09
23 15 0.14
22 23 0.07
35 23 5.0E-4
1 24 0.14
2 24 0.52
3 24 0.62
24 4 0.58
24 5 0.35
6 24 0.26
7 24 0.29
8 24 0.13
9 24 0.11
24 10 0.29
24 11 0.47
24 13 0.54
14 24 0.29
24 15 0.34
24 17 0.12
24 19 0.29
24 20 0.41
24 21 0.2
24 22 0.36
24 23 0.2
35 24 0.0050
1 25 0.13
2 25 0.22
3 25 0.43
25 4 0.5
25 5 0.41
6 25 0.15
7 25 0.1
25 10 0.5
25 11 0.41
12 25 0.32
25 13 0.47
14 25 0.13
25 16 0.71
25 18 0.71
25 19 0.5
25 22 0.21
25 24 0.29
35 25 0.0067
1 26 0.13
2 26 0.22
3 26 0.43
26 4 0.5
26 5 0.41
6 26 0.15
7 26 0.1
26 10 0.5
26 11 0.41
12 26 0.32
26 13 0.47
14 26 0.13
26 16 0.71
26 18 0.71
26 19 0.5
26 22 0.21
26 24 0.29
26 25 1.0
35 26 0.0067
1 27 0.1
2 27 0.37
3 27 0.52
27 4 0.82
27 5 0.5
6 27 0.18
7 27 0.16
8 27 0.18
9 27 0.16
27 10 0.41
27 11 0.33
27 13 0.38
14 27 0.21
27 15 0.16
27 17 0.17
27 19 0.41
27 20 0.58
27 21 0.14
27 22 0.26
27 23 0.29
27 24 0.71
27 25 0.41
27 26 0.41
35 27 0.0083
1 28 0.08
3 28 0.13
28 4 0.32
28 5 0.39
6 28 0.24
7 28 0.19
28 10 0.32
28 13 0.3
14 28 0.24
28 19 0.32
28 21 0.11
28 22 0.26
28 24 0.37
28 25 0.32
28 26 0.32
28 27 0.26
28 35 9.0E-4
1 29 0.29
2 29 0.42
3 29 0.4
29 4 0.47
29 5 0.29
6 29 0.32
7 29 0.28
8 29 0.11
9 29 0.18
29 10 0.24
29 11 0.38
29 13 0.33
14 29 0.3
29 15 0.28
29 17 0.2
29 19 0.24
29 20 0.33
29 21 0.32
29 22 0.34
29 24 0.54
29 25 0.24
29 26 0.24
29 27 0.38
29 28 0.15
29 35 0.0019
1 30 0.16
2 30 0.19
3 30 0.27
30 4 0.43
30 5 0.52
6 30 0.35
7 30 0.3
8 30 0.38
9 30 0.08
30 10 0.21
30 11 0.35
12 30 0.13
30 13 0.3
14 30 0.38
30 16 0.3
30 17 0.18
30 18 0.3
30 19 0.21
30 20 0.3
30 21 0.22
30 22 0.36
30 23 0.15
30 24 0.37
30 25 0.43
30 26 0.43
30 27 0.35
30 28 0.67
30 29 0.2
30 35 0.0034
1 31 0.09
2 31 0.16
3 31 0.3
31 4 0.71
31 5 0.29
6 31 0.21
7 31 0.14
8 31 0.16
9 31 0.14
31 10 0.35
31 11 0.29
31 13 0.17
14 31 0.09
31 17 0.15
31 19 0.35
31 20 0.5
31 21 0.12
31 22 0.15
31 24 0.41
31 25 0.35
31 26 0.35
31 27 0.58
31 28 0.22
31 29 0.33
31 30 0.3
31 35 0.0035
1 32 0.09
3 32 0.15
32 4 0.35
32 5 0.58
6 32 0.21
7 32 0.14
8 32 0.16
32 10 0.35
32 13 0.33
14 32 0.18
32 17 0.15
32 19 0.35
32 21 0.24
32 22 0.22
32 24 0.2
32 25 0.35
32 26 0.35
32 27 0.29
32 28 0.67
32 29 0.17
32 30 0.6
32 31 0.25
32 35 0.0011
2 33 0.32
3 33 0.3
4 33 0.71
5 33 0.29
6 33 0.11
7 33 0.14
8 33 0.32
9 33 0.28
11 33 0.58
14 33 0.18
17 33 0.3
33 20 1.0
21 33 0.24
22 33 0.15
24 33 0.41
27 33 0.58
29 33 0.33
30 33 0.3
31 33 0.5
35 33 0.0031
1 34 0.13
2 34 0.48
3 34 0.57
34 4 0.53
34 5 0.33
6 34 0.28
7 34 0.32
8 34 0.24
9 34 0.1
34 10 0.53
34 11 0.65
12 34 0.17
34 13 0.5
14 34 0.2
34 15 0.21
34 16 0.38
34 17 0.11
34 18 0.38
34 19 0.53
34 20 0.38
34 21 0.18
34 22 0.28
34 24 0.62
34 25 0.53
34 26 0.53
34 27 0.44
34 28 0.17
34 29 0.5
34 30 0.34
34 31 0.38
34 32 0.19
34 33 0.38
34 35 0.0054
