*Vertices  43
1 "衬底"
2 "LED灯"
3 "发光荧光材料"
4 "次氯酸钠溶液"
5 "蓝膜"
6 "蒸镀方法"
7 "EP"
8 "外延片"
9 "外延"
10 "LED"
11 "二极管"
12 "玻璃"
13 "塑料"
14 "腐蚀液"
15 "铝基板"
16 "缓冲层"
17 "光刻胶"
18 "填充区域"
19 "SiO2"
20 "半导体"
21 "Al2O3"
22 "MQW"
23 "ITO"
24 "键合"
25 "LED芯片"
26 "芯片"
27 "金属层"
28 "电流扩展层"
29 "去离子水"
30 "离子"
31 "电极"
32 "丙酮"
33 "激光"
34 "真空吸盘"
35 "MOCVD"
36 "湿法刻蚀"
37 "干法刻蚀"
38 "湿法腐蚀"
39 "屏幕"
40 "反射层"
41 "发光层"
42 "电流阻挡层"
43 "GaAs"
*Arcs
1 43 0.0046
2 1 0.05
2 43 1.0E-4
3 1 0.16
3 2 0.27
3 43 0.0010
1 4 0.38
43 4 0.0037
1 5 0.38
5 43 9.0E-4
1 6 0.38
3 6 0.43
43 6 0.0014
7 1 0.15
2 7 0.2
3 7 0.35
7 4 0.2
7 5 0.2
7 43 4.0E-4
8 1 0.85
2 8 0.06
3 8 0.19
8 4 0.22
8 6 0.45
7 8 0.09
8 43 0.0017
9 1 0.93
2 9 0.09
3 9 0.24
9 4 0.38
9 5 0.19
9 6 0.38
7 9 0.08
9 8 0.85
9 43 0.0057
10 1 0.4
10 2 0.6
10 3 0.35
10 4 0.15
10 5 0.15
10 6 0.15
10 7 0.37
10 8 0.34
10 9 0.4
10 43 0.0013
11 1 0.45
11 2 0.3
11 3 0.43
11 4 0.2
11 5 0.2
11 6 0.2
11 7 0.24
11 8 0.36
11 9 0.45
11 10 0.75
11 43 0.0020
12 1 0.08
12 2 0.28
12 3 0.19
12 4 0.22
12 7 0.18
12 8 0.1
12 9 0.08
12 10 0.34
12 11 0.22
12 43 3.0E-4
13 1 0.1
13 2 0.13
13 3 0.34
13 4 0.27
13 7 0.11
13 8 0.12
13 9 0.1
13 10 0.28
13 11 0.37
13 12 0.48
13 43 4.0E-4
1 14 0.6
2 14 0.08
14 4 0.63
14 5 0.32
7 14 0.26
8 14 0.28
9 14 0.48
10 14 0.24
11 14 0.32
12 14 0.14
13 14 0.17
14 43 0.0038
15 1 0.11
15 2 0.29
15 3 0.12
15 4 0.29
15 7 0.24
15 8 0.13
15 9 0.11
15 10 0.26
15 11 0.23
15 12 0.26
15 13 0.31
15 14 0.18
15 43 4.0E-4
16 1 0.76
3 16 0.21
16 6 0.5
16 8 0.89
16 9 0.76
10 16 0.3
11 16 0.3
16 43 7.0E-4
1 17 0.46
2 17 0.1
17 4 0.41
7 17 0.17
8 17 0.37
9 17 0.46
10 17 0.18
11 17 0.24
12 17 0.18
13 17 0.22
14 17 0.77
15 17 0.24
43 17 0.0023
1 18 0.27
4 18 0.71
7 18 0.29
8 18 0.32
9 18 0.27
10 18 0.11
11 18 0.14
12 18 0.32
13 18 0.38
14 18 0.45
15 18 0.41
17 18 0.58
43 18 0.0019
19 1 0.27
2 19 0.24
3 19 0.7
19 5 0.24
19 6 0.24
19 7 0.38
19 8 0.21
19 9 0.27
10 19 0.32
11 19 0.38
13 19 0.25
19 14 0.3
19 16 0.12
19 17 0.19
19 43 0.0013
20 1 0.67
20 2 0.29
20 3 0.43
20 4 0.25
20 5 0.25
20 6 0.25
20 7 0.31
20 8 0.57
20 9 0.67
20 10 0.59
20 11 0.64
20 12 0.23
20 13 0.27
20 14 0.4
20 15 0.22
20 16 0.51
20 17 0.31
20 18 0.18
20 19 0.42
20 43 0.0031
21 1 0.67
2 21 0.15
3 21 0.5
21 6 0.39
7 21 0.08
21 8 0.79
21 9 0.74
10 21 0.38
11 21 0.43
13 21 0.21
21 14 0.12
21 16 0.78
21 17 0.16
19 21 0.55
20 21 0.6
21 43 0.0013
22 1 0.64
2 22 0.16
3 22 0.18
22 4 0.21
7 22 0.26
22 8 0.76
22 9 0.73
10 22 0.35
11 22 0.38
12 22 0.19
13 22 0.11
22 14 0.27
15 22 0.12
22 16 0.64
22 17 0.35
22 18 0.3
19 22 0.2
20 22 0.6
21 22 0.67
22 43 0.0012
1 23 0.61
2 23 0.13
3 23 0.23
23 6 0.27
8 23 0.72
9 23 0.71
10 23 0.28
11 23 0.27
23 14 0.17
16 23 0.67
23 17 0.22
19 23 0.25
20 23 0.48
21 23 0.73
22 23 0.68
23 43 7.0E-4
1 24 0.22
2 24 0.07
3 24 0.25
24 4 0.29
24 6 0.29
7 24 0.12
8 24 0.13
9 24 0.33
10 24 0.26
11 24 0.29
12 24 0.13
13 24 0.15
24 14 0.18
15 24 0.17
16 24 0.14
19 24 0.27
20 24 0.29
21 24 0.23
22 24 0.12
23 24 0.15
24 43 0.0028
25 1 0.52
2 25 0.26
3 25 0.15
25 4 0.17
25 5 0.17
7 25 0.35
25 8 0.54
25 9 0.45
10 25 0.44
11 25 0.48
12 25 0.15
13 25 0.18
25 14 0.33
15 25 0.4
25 16 0.43
25 17 0.28
25 18 0.24
19 25 0.24
20 25 0.57
21 25 0.47
25 22 0.66
25 23 0.37
25 24 0.2
25 43 5.0E-4
26 1 0.55
2 26 0.36
3 26 0.44
26 4 0.21
26 5 0.21
26 6 0.21
26 7 0.38
26 8 0.47
26 9 0.55
10 26 0.72
11 26 0.71
12 26 0.14
13 26 0.17
26 14 0.33
15 26 0.24
26 16 0.42
26 17 0.26
26 18 0.15
26 19 0.44
20 26 0.69
26 21 0.53
26 22 0.49
26 23 0.39
26 24 0.3
26 25 0.61
26 43 0.0022
2 27 0.18
3 27 0.3
9 27 0.27
10 27 0.11
11 27 0.14
19 27 0.33
20 27 0.18
21 27 0.28
22 27 0.3
23 27 0.38
24 27 0.41
26 27 0.15
43 27 0.0012
1 28 0.55
2 28 0.14
3 28 0.12
28 4 0.58
28 5 0.58
7 28 0.24
8 28 0.26
9 28 0.55
10 28 0.26
11 28 0.35
12 28 0.13
13 28 0.15
28 14 0.73
15 28 0.17
28 17 0.47
28 18 0.41
19 28 0.41
20 28 0.44
21 28 0.23
22 28 0.37
23 28 0.31
24 28 0.33
25 28 0.3
26 28 0.36
28 27 0.41
28 43 0.0055
29 1 0.24
2 29 0.08
3 29 0.13
29 5 0.32
29 7 0.39
29 9 0.12
10 29 0.24
11 29 0.19
29 14 0.4
29 17 0.26
29 19 0.3
20 29 0.24
29 25 0.11
29 26 0.26
29 28 0.18
29 43 4.0E-4
30 1 0.32
2 30 0.16
3 30 0.27
30 4 0.43
30 5 0.21
30 7 0.52
30 8 0.1
30 9 0.24
10 30 0.35
11 30 0.3
12 30 0.38
13 30 0.11
30 14 0.54
15 30 0.12
30 17 0.35
30 18 0.3
30 19 0.3
20 30 0.38
30 22 0.18
30 24 0.12
30 25 0.22
30 26 0.36
30 28 0.37
30 29 0.67
30 43 0.0018
31 1 0.73
2 31 0.17
3 31 0.24
31 4 0.28
31 5 0.28
31 6 0.28
7 31 0.17
31 8 0.62
31 9 0.73
10 31 0.54
11 31 0.67
12 31 0.06
13 31 0.07
31 14 0.44
15 31 0.08
31 16 0.55
31 17 0.34
31 18 0.2
19 31 0.26
20 31 0.56
21 31 0.54
31 22 0.59
31 23 0.52
31 24 0.24
25 31 0.43
26 31 0.61
31 27 0.2
31 28 0.48
29 31 0.18
30 31 0.24
31 43 0.0034
32 1 0.27
2 32 0.09
3 32 0.15
32 4 0.35
32 5 0.35
32 7 0.58
32 8 0.16
32 9 0.13
10 32 0.21
11 32 0.14
12 32 0.16
13 32 0.19
32 14 0.45
15 32 0.2
32 17 0.29
32 18 0.5
32 19 0.33
20 32 0.18
32 22 0.15
32 25 0.24
32 26 0.22
32 28 0.41
32 29 0.67
32 30 0.6
32 31 0.2
32 43 8.0E-4
33 1 0.19
33 2 0.19
33 3 0.21
33 8 0.22
33 9 0.28
33 10 0.3
33 11 0.3
33 12 0.22
33 13 0.27
33 14 0.16
33 15 0.14
33 16 0.13
33 17 0.2
33 19 0.24
33 20 0.38
33 21 0.29
33 22 0.32
33 23 0.4
33 24 0.14
33 25 0.09
33 26 0.21
33 27 0.35
33 28 0.29
33 31 0.21
33 43 4.0E-4
1 34 0.27
34 4 0.71
9 34 0.27
10 34 0.11
11 34 0.14
14 34 0.45
20 34 0.18
24 34 0.41
26 34 0.15
28 34 0.41
30 34 0.3
31 34 0.2
43 34 0.0016
35 1 0.76
2 35 0.06
3 35 0.29
35 4 0.22
35 6 0.45
7 35 0.09
35 8 0.9
35 9 0.85
10 35 0.34
11 35 0.36
12 35 0.1
13 35 0.12
35 14 0.14
15 35 0.13
35 16 0.89
35 17 0.18
35 18 0.32
19 35 0.21
20 35 0.57
21 35 0.79
35 22 0.76
35 23 0.72
35 24 0.26
25 35 0.46
26 35 0.47
35 27 0.32
35 28 0.26
30 35 0.1
31 35 0.62
32 35 0.16
33 35 0.22
35 43 0.0026
1 36 0.27
3 36 0.3
36 6 0.71
8 36 0.32
9 36 0.27
10 36 0.11
11 36 0.14
16 36 0.35
19 36 0.33
20 36 0.18
21 36 0.28
24 36 0.41
26 36 0.15
31 36 0.2
35 36 0.32
36 43 0.0019
1 37 0.38
3 37 0.43
37 6 1.0
8 37 0.45
9 37 0.38
10 37 0.15
11 37 0.2
16 37 0.5
19 37 0.24
20 37 0.25
21 37 0.39
23 37 0.27
24 37 0.29
26 37 0.21
31 37 0.28
35 37 0.45
37 36 0.71
37 43 0.0014
1 38 0.38
2 38 0.13
38 4 0.5
8 38 0.22
9 38 0.38
10 38 0.15
11 38 0.2
14 38 0.63
17 38 0.41
19 38 0.24
20 38 0.25
21 38 0.2
22 38 0.21
23 38 0.27
24 38 0.29
25 38 0.17
26 38 0.21
28 38 0.58
30 38 0.21
31 38 0.28
33 38 0.25
38 34 0.71
43 38 0.0013
1 39 0.51
3 39 0.23
39 4 0.27
39 6 0.53
7 39 0.11
8 39 0.6
9 39 0.51
10 39 0.28
11 39 0.27
12 39 0.12
13 39 0.14
14 39 0.17
15 39 0.15
16 39 0.53
39 17 0.22
39 18 0.38
19 39 0.13
20 39 0.34
21 39 0.42
22 39 0.34
23 39 0.29
24 39 0.15
25 39 0.28
26 39 0.28
28 39 0.15
30 39 0.11
31 39 0.37
32 39 0.19
35 39 0.6
39 36 0.38
39 37 0.53
39 43 0.0016
1 40 0.46
3 40 0.35
40 4 0.41
40 6 0.82
7 40 0.17
8 40 0.55
9 40 0.46
10 40 0.18
11 40 0.24
12 40 0.18
13 40 0.22
14 40 0.26
15 40 0.24
16 40 0.41
40 17 0.33
40 18 0.58
19 40 0.19
20 40 0.31
21 40 0.32
22 40 0.17
23 40 0.22
24 40 0.24
25 40 0.14
26 40 0.26
28 40 0.24
30 40 0.17
31 40 0.34
32 40 0.29
35 40 0.55
40 36 0.58
40 37 0.82
40 39 0.65
40 43 0.0032
1 41 0.71
3 41 0.23
41 4 0.53
41 5 0.53
41 6 0.53
7 41 0.22
8 41 0.48
9 41 0.61
10 41 0.28
11 41 0.37
12 41 0.12
13 41 0.14
41 14 0.51
15 41 0.15
16 41 0.4
41 17 0.22
41 18 0.38
19 41 0.25
20 41 0.48
21 41 0.31
22 41 0.23
41 23 0.29
41 24 0.31
25 41 0.28
26 41 0.39
41 28 0.62
29 41 0.17
30 41 0.34
31 41 0.52
32 41 0.38
41 34 0.38
35 41 0.48
41 36 0.38
41 37 0.53
41 38 0.27
41 39 0.43
41 40 0.65
41 43 0.0053
1 42 0.38
3 42 0.21
5 42 0.5
42 6 0.5
8 42 0.22
9 42 0.38
10 42 0.15
11 42 0.2
16 42 0.25
19 42 0.24
20 42 0.25
21 42 0.2
24 42 0.29
26 42 0.21
28 42 0.29
31 42 0.28
35 42 0.22
42 36 0.71
42 37 0.5
42 39 0.27
42 40 0.41
41 42 0.53
42 43 0.0031
