*Vertices  16
1 "LED灯"
2 "电容"
3 "处理器"
4 "开关"
5 "触摸屏"
6 "EP"
7 "LED"
8 "半导体"
9 "客户"
10 "芯片"
11 "继电器"
12 "电阻"
13 "激光"
14 "蜂鸣器"
15 "插座"
16 "GPIO"
*Arcs
1 16 0.0021
1 2 0.21
2 16 0.0055
3 1 0.17
3 2 0.1
3 16 0.0051
1 4 0.39
4 2 0.46
3 4 0.28
4 16 0.0122
4 5 0.22
16 5 0.0239
1 6 0.2
6 2 0.17
3 6 0.18
6 4 0.19
6 16 0.0041
7 1 0.6
7 2 0.35
7 3 0.34
7 4 0.49
7 5 0.11
7 6 0.37
7 16 0.0038
8 1 0.29
8 2 0.11
8 3 0.11
8 4 0.12
8 5 0.18
8 6 0.31
8 7 0.59
8 16 0.0024
1 9 0.2
2 9 0.17
3 9 0.37
4 9 0.25
6 9 0.17
7 9 0.18
8 9 0.21
16 9 0.0157
1 10 0.36
10 2 0.36
3 10 0.05
10 4 0.29
10 5 0.15
10 6 0.38
7 10 0.72
8 10 0.69
10 9 0.09
10 16 0.0020
1 11 0.09
2 11 0.6
3 11 0.16
4 11 0.33
6 11 0.14
7 11 0.21
11 9 0.29
10 11 0.15
16 11 0.0121
1 12 0.35
12 2 0.66
3 12 0.07
4 12 0.48
12 5 0.22
6 12 0.13
7 12 0.49
8 12 0.16
12 9 0.13
10 12 0.45
12 11 0.44
12 16 0.0116
13 1 0.19
13 3 0.11
13 4 0.08
13 5 0.35
13 7 0.3
13 8 0.38
13 10 0.21
13 12 0.23
13 16 0.0069
1 14 0.18
2 14 0.3
3 14 0.32
4 14 0.22
6 14 0.29
7 14 0.11
9 14 0.58
11 14 0.5
12 14 0.22
16 14 0.0334
1 15 0.13
2 15 0.21
3 15 0.22
4 15 0.31
6 15 0.2
7 15 0.15
15 9 0.41
10 15 0.1
11 15 0.35
12 15 0.15
15 14 0.71
16 15 0.0207
