*Vertices  46
1 "LCD显示屏"
2 "衬底"
3 "LED灯"
4 "荧光粉"
5 "整流器"
6 "发光荧光材料"
7 "GAN"
8 "保护层"
9 "变压器"
10 "蒸镀方法"
11 "LED外延片"
12 "外延片"
13 "外延"
14 "LED"
15 "二极管"
16 "掩膜"
17 "腐蚀液"
18 "缓冲层"
19 "内量子效率"
20 "光刻胶"
21 "SiO2"
22 "半导体"
23 "Al2O3"
24 "GaAs"
25 "MQW"
26 "ESD"
27 "键合"
28 "LED芯片"
29 "芯片"
30 "金属层"
31 "电流扩展层"
32 "Li"
33 "电极"
34 "接触层"
35 "电阻"
36 "激光"
37 "MOCVD"
38 "标准芯片工艺制作"
39 "干法刻蚀"
40 "湿法腐蚀"
41 "空穴"
42 "屏幕"
43 "反射层"
44 "发光层"
45 "甲基"
46 "ITO"
*Arcs
46 1 0.0010
2 1 0.27
2 46 0.0041
3 2 0.05
3 46 2.0E-4
4 2 0.08
4 3 0.17
4 46 2.0E-4
5 2 0.11
3 5 0.14
5 46 2.0E-4
6 2 0.16
6 3 0.27
6 4 0.57
6 46 5.0E-4
7 1 0.41
7 2 0.65
3 7 0.07
4 7 0.13
5 7 0.17
7 46 0.0038
2 8 0.15
3 8 0.2
4 8 0.18
5 8 0.24
7 8 0.24
46 8 4.0E-4
9 2 0.08
3 9 0.2
4 9 0.09
9 5 0.59
9 7 0.12
9 8 0.17
9 46 1.0E-4
2 10 0.38
6 10 0.43
46 10 6.0E-4
11 1 0.38
11 2 0.71
3 11 0.07
4 11 0.12
5 11 0.15
11 7 0.93
11 8 0.22
9 11 0.11
11 46 0.0047
12 1 0.32
12 2 0.85
3 12 0.06
4 12 0.1
5 12 0.13
6 12 0.19
12 7 0.77
12 8 0.18
9 12 0.09
12 10 0.45
12 11 0.84
12 46 0.0052
13 1 0.27
13 2 0.93
3 13 0.09
4 13 0.08
5 13 0.11
6 13 0.24
13 7 0.65
13 8 0.15
9 13 0.08
13 10 0.38
13 11 0.71
13 12 0.85
13 46 0.0051
14 1 0.11
14 2 0.4
14 3 0.6
14 4 0.34
14 5 0.26
14 6 0.35
14 7 0.26
14 8 0.18
14 9 0.37
14 10 0.15
14 11 0.28
14 12 0.34
14 13 0.4
14 46 0.0011
15 1 0.14
15 2 0.45
15 3 0.3
15 4 0.36
15 5 0.35
15 6 0.43
15 7 0.29
15 8 0.08
15 9 0.37
15 10 0.2
15 11 0.27
15 12 0.36
15 13 0.45
15 14 0.75
15 46 0.0011
2 16 0.27
3 16 0.18
5 16 0.41
7 16 0.41
8 16 0.58
9 16 0.29
11 16 0.38
12 16 0.32
13 16 0.27
14 16 0.11
15 16 0.14
46 16 0.0010
2 17 0.6
3 17 0.08
5 17 0.18
7 17 0.18
8 17 0.26
9 17 0.13
11 17 0.17
12 17 0.28
13 17 0.48
14 17 0.24
15 17 0.32
17 16 0.45
46 17 5.0E-4
18 1 0.35
18 2 0.76
4 18 0.11
6 18 0.21
18 7 0.72
18 10 0.5
18 11 0.8
18 12 0.89
18 13 0.76
14 18 0.3
15 18 0.3
18 46 0.0043
2 19 0.38
4 19 0.22
7 19 0.29
11 19 0.53
12 19 0.45
13 19 0.38
14 19 0.15
15 19 0.1
18 19 0.5
46 19 0.0019
2 20 0.46
3 20 0.1
5 20 0.24
7 20 0.24
8 20 0.33
9 20 0.17
11 20 0.22
12 20 0.37
13 20 0.46
14 20 0.18
15 20 0.24
20 16 0.58
17 20 0.77
46 20 6.0E-4
21 2 0.27
3 21 0.24
4 21 0.42
21 5 0.14
6 21 0.7
21 7 0.14
21 8 0.19
21 9 0.1
21 10 0.24
21 11 0.13
21 12 0.21
21 13 0.27
14 21 0.32
15 21 0.38
21 16 0.33
21 17 0.3
21 18 0.12
21 20 0.19
21 46 7.0E-4
22 1 0.18
22 2 0.67
22 3 0.29
22 4 0.34
22 5 0.15
22 6 0.43
22 7 0.44
22 8 0.1
22 9 0.1
22 10 0.25
22 11 0.48
22 12 0.57
22 13 0.67
22 14 0.59
22 15 0.64
22 16 0.18
22 17 0.4
22 18 0.51
22 19 0.25
22 20 0.31
22 21 0.42
22 46 0.0027
23 1 0.28
23 2 0.67
3 23 0.15
4 23 0.35
23 5 0.11
6 23 0.5
23 7 0.68
23 8 0.16
23 9 0.08
23 10 0.39
23 11 0.73
23 12 0.79
23 13 0.74
14 23 0.38
15 23 0.43
23 16 0.28
23 17 0.12
23 18 0.78
23 19 0.39
23 20 0.16
21 23 0.55
22 23 0.6
23 46 0.0050
2 24 0.55
3 24 0.07
6 24 0.25
24 10 0.29
12 24 0.26
13 24 0.65
14 24 0.26
15 24 0.35
17 24 0.55
18 24 0.14
24 20 0.47
21 24 0.27
22 24 0.44
23 24 0.23
46 24 5.0E-4
25 1 0.3
25 2 0.64
3 25 0.16
4 25 0.19
5 25 0.25
6 25 0.18
25 7 0.74
25 8 0.17
9 25 0.17
25 11 0.8
25 12 0.76
25 13 0.73
14 25 0.35
15 25 0.38
25 16 0.3
25 17 0.27
25 18 0.64
25 19 0.43
25 20 0.35
21 25 0.2
22 25 0.6
23 25 0.67
25 24 0.25
25 46 0.0046
26 2 0.53
26 7 0.61
26 11 0.76
26 12 0.63
26 13 0.53
14 26 0.21
15 26 0.14
26 18 0.71
26 19 0.35
22 26 0.36
23 26 0.55
26 25 0.6
26 46 0.0016
2 27 0.22
3 27 0.07
4 27 0.13
6 27 0.25
27 8 0.24
27 10 0.29
12 27 0.13
13 27 0.33
14 27 0.26
15 27 0.29
27 17 0.18
18 27 0.14
21 27 0.27
22 27 0.29
23 27 0.23
27 24 0.5
25 27 0.12
46 27 3.0E-4
28 1 0.24
28 2 0.52
3 28 0.26
4 28 0.23
28 5 0.2
6 28 0.15
28 7 0.5
28 8 0.28
28 9 0.14
28 11 0.55
28 12 0.54
28 13 0.45
14 28 0.44
15 28 0.48
28 16 0.24
28 17 0.33
28 18 0.43
28 19 0.17
28 20 0.28
21 28 0.24
22 28 0.57
23 28 0.47
28 24 0.1
28 25 0.66
28 26 0.49
28 27 0.2
28 46 0.0017
29 1 0.15
29 2 0.55
3 29 0.36
4 29 0.37
29 5 0.24
6 29 0.44
29 7 0.36
29 8 0.17
29 9 0.21
29 10 0.21
29 11 0.39
29 12 0.47
29 13 0.55
14 29 0.72
15 29 0.71
29 16 0.15
29 17 0.33
29 18 0.42
29 19 0.21
29 20 0.26
29 21 0.44
22 29 0.69
29 23 0.53
29 24 0.36
29 25 0.49
29 26 0.29
29 27 0.3
29 28 0.61
29 46 0.0019
3 30 0.18
6 30 0.3
13 30 0.27
14 30 0.11
15 30 0.14
21 30 0.33
22 30 0.18
23 30 0.28
24 30 0.41
25 30 0.3
27 30 0.41
29 30 0.15
46 30 7.0E-4
2 31 0.55
3 31 0.14
5 31 0.17
6 31 0.12
7 31 0.17
8 31 0.24
9 31 0.12
11 31 0.15
12 31 0.26
13 31 0.55
14 31 0.26
15 31 0.35
31 16 0.41
31 17 0.73
31 20 0.47
21 31 0.41
22 31 0.44
23 31 0.23
31 24 0.67
25 31 0.37
27 31 0.33
28 31 0.3
29 31 0.36
31 30 0.41
46 31 0.0010
32 2 0.09
3 32 0.29
4 32 0.42
6 32 0.4
32 7 0.14
32 11 0.13
32 12 0.11
32 13 0.09
14 32 0.32
15 32 0.28
32 18 0.12
32 19 0.24
32 21 0.33
22 32 0.3
32 23 0.28
32 25 0.2
32 28 0.32
32 29 0.34
32 46 2.0E-4
33 1 0.2
33 2 0.73
3 33 0.17
4 33 0.06
33 5 0.4
6 33 0.24
33 7 0.48
33 8 0.11
33 9 0.45
33 10 0.28
33 11 0.52
33 12 0.62
33 13 0.73
14 33 0.54
15 33 0.67
33 16 0.2
33 17 0.44
33 18 0.55
33 19 0.28
33 20 0.34
21 33 0.26
22 33 0.56
23 33 0.54
33 24 0.48
33 25 0.59
33 26 0.39
33 27 0.24
28 33 0.43
29 33 0.61
33 30 0.2
33 31 0.48
32 33 0.07
33 46 0.0030
34 1 0.38
34 2 0.71
3 34 0.07
4 34 0.12
5 34 0.15
34 7 0.93
34 8 0.22
9 34 0.11
34 11 1.0
34 12 0.84
34 13 0.71
14 34 0.28
15 34 0.27
34 16 0.38
34 17 0.17
34 18 0.8
34 19 0.53
34 20 0.22
21 34 0.13
22 34 0.48
23 34 0.73
34 25 0.8
34 26 0.76
28 34 0.55
29 34 0.39
34 31 0.15
32 34 0.13
33 34 0.52
34 46 0.0047
35 2 0.12
3 35 0.35
4 35 0.07
35 5 0.53
6 35 0.07
35 7 0.18
35 8 0.13
35 9 0.57
35 11 0.16
35 12 0.14
35 13 0.12
14 35 0.49
15 35 0.46
35 16 0.22
35 17 0.1
35 18 0.08
35 19 0.15
35 20 0.13
21 35 0.07
22 35 0.16
23 35 0.12
35 25 0.2
28 35 0.16
29 35 0.45
35 31 0.09
32 35 0.07
35 33 0.56
35 34 0.16
35 46 3.0E-4
36 2 0.19
36 3 0.19
36 4 0.22
36 5 0.14
36 6 0.21
36 7 0.29
36 8 0.2
36 9 0.1
36 11 0.27
36 12 0.22
36 13 0.28
36 14 0.3
36 15 0.3
36 16 0.35
36 17 0.16
36 18 0.13
36 19 0.25
36 20 0.2
36 21 0.24
36 22 0.38
36 23 0.29
36 24 0.14
36 25 0.32
36 27 0.14
36 28 0.09
36 29 0.21
36 30 0.35
36 31 0.29
36 32 0.12
36 33 0.21
36 34 0.27
36 35 0.23
36 46 0.0012
37 1 0.32
37 2 0.76
3 37 0.06
4 37 0.1
6 37 0.29
37 7 0.65
37 10 0.45
37 11 0.72
37 12 0.9
37 13 0.85
14 37 0.34
15 37 0.36
37 17 0.14
37 18 0.89
37 19 0.45
37 20 0.18
21 37 0.21
22 37 0.57
23 37 0.79
37 24 0.39
37 25 0.76
37 26 0.63
37 27 0.26
28 37 0.46
29 37 0.47
37 30 0.32
37 31 0.26
32 37 0.11
33 37 0.62
37 34 0.72
35 37 0.07
36 37 0.22
37 46 0.0050
38 1 0.45
38 2 0.6
4 38 0.14
38 7 0.73
38 11 0.85
38 12 0.71
38 13 0.6
14 38 0.24
15 38 0.19
38 18 0.79
38 19 0.63
22 38 0.4
23 38 0.62
38 25 0.67
38 26 0.67
28 38 0.43
29 38 0.33
32 38 0.15
33 38 0.44
38 34 0.85
35 38 0.1
36 38 0.16
38 37 0.71
38 46 0.0039
2 39 0.38
6 39 0.43
39 10 1.0
12 39 0.45
13 39 0.38
14 39 0.15
15 39 0.2
18 39 0.5
21 39 0.24
22 39 0.25
23 39 0.39
39 24 0.29
27 39 0.29
29 39 0.21
33 39 0.28
37 39 0.45
46 39 6.0E-4
2 40 0.38
3 40 0.13
5 40 0.29
7 40 0.29
8 40 0.41
9 40 0.2
11 40 0.27
12 40 0.22
13 40 0.38
14 40 0.15
15 40 0.2
40 16 0.71
17 40 0.63
20 40 0.41
21 40 0.24
22 40 0.25
23 40 0.2
24 40 0.29
25 40 0.21
27 40 0.29
28 40 0.17
29 40 0.21
31 40 0.58
33 40 0.28
34 40 0.27
35 40 0.15
36 40 0.25
46 40 7.0E-4
41 1 0.5
2 41 0.4
3 41 0.09
4 41 0.16
5 41 0.2
7 41 0.61
9 41 0.14
11 41 0.57
12 41 0.47
13 41 0.4
14 41 0.21
15 41 0.21
18 41 0.53
41 19 0.35
22 41 0.36
23 41 0.42
25 41 0.6
26 41 0.25
28 41 0.36
29 41 0.29
32 41 0.17
33 41 0.39
34 41 0.57
35 41 0.22
36 41 0.18
37 41 0.47
38 41 0.67
41 46 0.0026
2 42 0.51
6 42 0.23
7 42 0.31
42 10 0.53
11 42 0.29
12 42 0.6
13 42 0.51
14 42 0.28
15 42 0.27
17 42 0.17
18 42 0.53
42 20 0.22
21 42 0.13
22 42 0.34
23 42 0.42
42 24 0.31
25 42 0.34
26 42 0.38
27 42 0.15
28 42 0.28
29 42 0.28
31 42 0.15
33 42 0.37
34 42 0.29
37 42 0.6
38 42 0.17
42 39 0.53
41 42 0.19
46 42 0.0010
2 43 0.46
6 43 0.35
43 10 0.82
12 43 0.55
13 43 0.46
14 43 0.18
15 43 0.24
17 43 0.26
18 43 0.41
43 20 0.33
21 43 0.19
22 43 0.31
23 43 0.32
43 24 0.47
25 43 0.17
27 43 0.24
28 43 0.14
29 43 0.26
31 43 0.24
33 43 0.34
37 43 0.55
43 39 0.82
43 42 0.65
46 43 6.0E-4
44 1 0.38
2 44 0.71
6 44 0.23
7 44 0.15
44 10 0.53
11 44 0.14
12 44 0.48
13 44 0.61
14 44 0.28
15 44 0.37
44 17 0.51
18 44 0.4
44 20 0.22
21 44 0.25
22 44 0.48
23 44 0.31
44 24 0.62
25 44 0.23
44 27 0.31
28 44 0.28
29 44 0.39
44 31 0.62
33 44 0.52
34 44 0.14
37 44 0.48
38 44 0.17
44 39 0.53
44 40 0.27
44 41 0.19
44 42 0.43
44 43 0.65
44 46 0.0011
45 1 0.33
45 2 0.45
3 45 0.06
4 45 0.32
6 45 0.2
45 7 0.54
45 11 0.63
45 12 0.53
45 13 0.45
14 45 0.32
15 45 0.28
45 18 0.59
45 19 0.47
21 45 0.22
22 45 0.42
23 45 0.65
45 25 0.5
45 26 0.5
28 45 0.4
29 45 0.39
32 45 0.33
33 45 0.33
45 34 0.63
35 45 0.07
36 45 0.12
45 37 0.53
45 38 0.6
45 41 0.5
45 42 0.25
45 44 0.13
45 46 0.0024
