*Vertices  22
1 "衬底"
2 "GAN"
3 "LED外延片"
4 "外延片"
5 "外延"
6 "LED"
7 "二极管"
8 "缓冲层"
9 "半导体"
10 "Al2O3"
11 "MQW"
12 "ITO"
13 "LED芯片"
14 "芯片"
15 "电极"
16 "接触层"
17 "MOCVD"
18 "标准芯片工艺制作"
19 "空穴"
20 "发光层"
21 "甲基"
22 "LCD显示屏"
*Arcs
1 22 0.0055
2 1 0.65
2 22 0.0090
3 1 0.71
3 2 0.93
3 22 0.0087
4 1 0.85
4 2 0.77
4 3 0.84
4 22 0.0072
5 1 0.93
5 2 0.65
5 3 0.71
5 4 0.85
5 22 0.0056
6 1 0.4
6 2 0.26
6 3 0.28
6 4 0.34
6 5 0.4
6 22 0.0011
7 1 0.45
7 2 0.29
7 3 0.27
7 4 0.36
7 5 0.45
7 6 0.75
7 22 0.0015
8 1 0.76
8 2 0.72
8 3 0.8
8 4 0.89
8 5 0.76
6 8 0.3
7 8 0.3
8 22 0.0077
9 1 0.67
9 2 0.44
9 3 0.48
9 4 0.57
9 5 0.67
9 6 0.59
9 7 0.64
9 8 0.51
9 22 0.0029
10 1 0.67
10 2 0.68
10 3 0.73
10 4 0.79
10 5 0.74
6 10 0.38
7 10 0.43
10 8 0.78
9 10 0.6
10 22 0.0057
11 1 0.64
11 2 0.74
11 3 0.8
11 4 0.76
11 5 0.73
6 11 0.35
7 11 0.38
11 8 0.64
9 11 0.6
10 11 0.67
11 22 0.0062
1 12 0.61
2 12 0.62
3 12 0.71
4 12 0.72
5 12 0.71
6 12 0.28
7 12 0.27
8 12 0.67
9 12 0.48
10 12 0.73
11 12 0.68
12 22 0.0079
13 1 0.52
13 2 0.5
13 3 0.55
13 4 0.54
13 5 0.45
6 13 0.44
7 13 0.48
13 8 0.43
9 13 0.57
10 13 0.47
13 11 0.66
13 12 0.37
13 22 0.0037
14 1 0.55
14 2 0.36
14 3 0.39
14 4 0.47
14 5 0.55
6 14 0.72
7 14 0.71
14 8 0.42
9 14 0.69
14 10 0.53
14 11 0.49
14 12 0.39
14 13 0.61
14 22 0.0020
15 1 0.73
15 2 0.48
15 3 0.52
15 4 0.62
15 5 0.73
6 15 0.54
7 15 0.67
15 8 0.55
9 15 0.56
10 15 0.54
15 11 0.59
15 12 0.52
13 15 0.43
14 15 0.61
15 22 0.0033
16 1 0.71
16 2 0.93
16 3 1.0
16 4 0.84
16 5 0.71
6 16 0.28
7 16 0.27
16 8 0.8
9 16 0.48
10 16 0.73
16 11 0.8
16 12 0.71
13 16 0.55
14 16 0.39
15 16 0.52
16 22 0.0087
17 1 0.76
17 2 0.65
17 3 0.72
17 4 0.9
17 5 0.85
6 17 0.34
7 17 0.36
17 8 0.89
9 17 0.57
10 17 0.79
17 11 0.76
17 12 0.72
13 17 0.46
14 17 0.47
15 17 0.62
17 16 0.72
17 22 0.0069
18 1 0.6
18 2 0.73
18 3 0.85
18 4 0.71
18 5 0.6
6 18 0.24
7 18 0.19
18 8 0.79
9 18 0.4
10 18 0.62
18 11 0.67
18 12 0.68
13 18 0.43
14 18 0.33
15 18 0.44
18 16 0.85
18 17 0.71
18 22 0.01
1 19 0.4
2 19 0.61
3 19 0.57
4 19 0.47
5 19 0.4
6 19 0.21
7 19 0.21
8 19 0.53
9 19 0.36
10 19 0.42
11 19 0.6
19 12 0.57
13 19 0.36
14 19 0.29
15 19 0.39
16 19 0.57
17 19 0.47
18 19 0.67
19 22 0.0102
1 20 0.71
2 20 0.15
3 20 0.14
4 20 0.48
5 20 0.61
6 20 0.28
7 20 0.37
8 20 0.4
9 20 0.48
10 20 0.31
11 20 0.23
20 12 0.29
13 20 0.28
14 20 0.39
15 20 0.52
16 20 0.14
17 20 0.48
18 20 0.17
20 19 0.19
20 22 0.0054
21 1 0.45
21 2 0.54
21 3 0.63
21 4 0.53
21 5 0.45
6 21 0.32
7 21 0.28
21 8 0.59
9 21 0.42
10 21 0.65
21 11 0.5
21 12 0.5
13 21 0.4
14 21 0.39
15 21 0.33
21 16 0.63
21 17 0.53
21 18 0.6
21 19 0.5
21 20 0.13
21 22 0.0059
