*Vertices  73
1 "显示器"
2 "LED灯"
3 "探头"
4 "电容"
5 "光膜"
6 "传感器"
7 "处理器"
8 "单片机"
9 "波长检测器"
10 "荧光粉"
11 "整流器"
12 "工质"
13 "开关"
14 "发光荧光材料"
15 "硼酸"
16 "变压器"
17 "发光板"
18 "EP"
19 "LED"
20 "二极管"
21 "稳压二极管"
22 "三极管"
23 "玻璃"
24 "通道"
25 "塑料"
26 "铝基板"
27 "基板"
28 "导热板"
29 "发动机"
30 "电动机"
31 "散热片"
32 "散热器"
33 "液相色谱仪"
34 "发电机"
35 "荧光体"
36 "发光体"
37 "密封胶"
38 "半导体"
39 "电路板"
40 "MQW"
41 "客户"
42 "焊盘"
43 "装饰图案"
44 "圆盘"
45 "金属银纳米粒子"
46 "蓄电池"
47 "光电池"
48 "LED芯片"
49 "芯片"
50 "涂层"
51 "存储器"
52 "酸盐"
53 "硝酸"
54 "Eu2"
55 "Li"
56 "电感"
57 "离子"
58 "电极"
59 "电阻"
60 "基色"
61 "激光"
62 "空穴"
63 "玻璃体"
64 "洗墙灯"
65 "检测池"
66 "射灯"
67 "检测仪"
68 "半透半反镜"
69 "透镜"
70 "透明装饰"
71 "吸液芯"
72 "激发光"
73 "LED光源"
*Arcs
73 1 2.0E-4
2 1 0.13
73 2 0.0029
73 3 2.0E-4
2 4 0.21
73 4 1.0E-4
5 1 0.27
5 2 0.13
73 5 5.0E-4
1 6 0.38
6 3 0.38
73 6 1.0E-4
7 1 0.36
7 2 0.17
7 3 0.37
7 4 0.1
7 5 0.22
7 6 0.21
73 7 4.0E-4
1 8 0.46
2 8 0.21
8 4 0.18
8 6 0.2
7 8 0.29
73 8 1.0E-4
73 9 0.0011
10 1 0.24
10 2 0.17
10 5 0.45
10 7 0.1
10 8 0.1
73 10 0.0010
2 11 0.14
4 11 0.37
73 11 2.0E-4
2 12 0.25
73 12 5.0E-4
1 13 0.08
2 13 0.39
13 4 0.46
13 6 0.07
7 13 0.28
13 8 0.26
10 13 0.14
13 11 0.18
73 13 1.0E-4
14 1 0.23
14 2 0.27
14 5 0.43
14 7 0.1
14 8 0.09
14 10 0.57
14 13 0.13
73 14 5.0E-4
2 15 0.13
10 15 0.22
14 15 0.43
73 15 5.0E-4
1 16 0.11
2 16 0.2
4 16 0.44
16 6 0.1
8 16 0.09
10 16 0.09
16 11 0.59
13 16 0.25
73 16 1.0E-4
2 17 0.18
73 17 8.0E-4
2 18 0.2
18 4 0.17
7 18 0.18
18 8 0.09
10 18 0.46
18 11 0.12
18 13 0.19
14 18 0.35
18 15 0.41
18 16 0.08
73 18 8.0E-4
19 1 0.28
19 2 0.6
19 3 0.18
19 4 0.35
19 5 0.15
19 6 0.32
19 7 0.34
19 8 0.35
19 9 0.11
19 10 0.34
19 11 0.26
19 12 0.15
19 13 0.49
19 14 0.35
19 15 0.15
19 16 0.37
19 17 0.11
19 18 0.37
73 19 0.0025
20 1 0.11
20 2 0.3
20 3 0.08
20 4 0.34
20 5 0.2
20 6 0.09
20 7 0.04
20 8 0.13
20 9 0.14
20 10 0.36
20 11 0.35
20 12 0.2
20 13 0.31
20 14 0.43
20 15 0.1
20 16 0.37
20 17 0.14
20 18 0.24
20 19 0.75
73 20 0.0013
2 21 0.18
4 21 0.3
11 21 0.41
13 21 0.22
16 21 0.29
18 21 0.29
19 21 0.11
20 21 0.14
73 21 6.0E-4
2 22 0.2
22 4 0.61
8 22 0.17
22 11 0.47
13 22 0.31
14 22 0.09
22 16 0.58
18 22 0.08
19 22 0.37
20 22 0.45
22 21 0.29
73 22 1.0E-4
23 1 0.12
23 2 0.28
23 3 0.18
23 4 0.1
23 5 0.22
23 6 0.21
23 7 0.3
23 8 0.29
23 10 0.2
23 13 0.21
23 14 0.19
23 15 0.22
23 16 0.09
23 18 0.18
23 19 0.34
23 20 0.22
23 22 0.09
73 23 5.0E-4
1 24 0.15
2 24 0.22
24 6 0.14
8 24 0.12
24 12 0.29
19 24 0.26
20 24 0.23
73 24 3.0E-4
25 1 0.29
25 2 0.13
25 3 0.22
25 5 0.53
25 6 0.25
25 7 0.12
25 10 0.36
25 13 0.16
25 14 0.34
25 18 0.11
25 19 0.28
25 20 0.37
25 23 0.48
25 73 2.0E-4
26 1 0.15
26 2 0.29
26 5 0.29
26 7 0.13
26 10 0.26
26 12 0.29
26 14 0.12
26 18 0.24
26 19 0.26
26 20 0.23
26 23 0.26
26 24 0.33
26 25 0.31
26 73 0.0014
2 27 0.25
12 27 0.5
19 27 0.15
20 27 0.1
24 27 0.29
73 27 4.0E-4
2 28 0.25
19 28 0.15
20 28 0.1
28 24 0.29
26 28 0.29
73 28 5.0E-4
2 29 0.18
29 17 1.0
19 29 0.11
20 29 0.14
73 29 8.0E-4
2 30 0.13
6 30 0.24
8 30 0.21
10 30 0.22
18 30 0.2
19 30 0.15
73 30 4.0E-4
2 31 0.47
31 12 0.53
31 17 0.38
19 31 0.28
20 31 0.27
31 24 0.46
26 31 0.46
31 27 0.53
31 28 0.53
31 29 0.38
73 31 0.0023
2 32 0.47
32 12 0.53
32 17 0.38
19 32 0.28
20 32 0.21
32 24 0.31
26 32 0.31
32 27 0.53
32 28 0.53
32 29 0.38
32 31 0.86
73 32 0.0023
33 9 1.0
19 33 0.11
20 33 0.14
73 33 0.0011
1 34 0.19
2 34 0.18
6 34 0.17
8 34 0.15
10 34 0.16
13 34 0.22
16 34 0.29
34 17 0.5
19 34 0.21
20 34 0.14
34 29 0.5
31 34 0.19
32 34 0.19
73 34 4.0E-4
5 35 0.41
10 35 0.55
14 35 0.52
15 35 0.41
18 35 0.33
19 35 0.18
20 35 0.24
23 35 0.18
25 35 0.22
73 35 4.0E-4
36 1 0.17
36 2 0.24
36 5 0.32
36 7 0.14
36 10 0.28
36 14 0.27
36 17 0.45
36 18 0.13
36 19 0.24
36 20 0.25
36 23 0.14
36 25 0.17
36 26 0.18
36 29 0.45
36 31 0.17
36 32 0.17
36 34 0.22
36 35 0.26
36 73 0.0014
2 37 0.18
19 37 0.11
24 37 0.41
26 37 0.41
28 37 0.71
31 37 0.38
32 37 0.38
73 37 6.0E-4
38 1 0.14
38 2 0.29
38 3 0.1
38 4 0.11
38 5 0.13
38 6 0.12
38 7 0.11
38 8 0.05
38 10 0.34
38 11 0.15
38 12 0.13
38 13 0.12
38 14 0.43
38 15 0.13
38 16 0.1
38 18 0.31
38 19 0.59
38 20 0.64
38 21 0.18
38 22 0.05
38 23 0.23
38 24 0.15
38 25 0.27
38 26 0.22
38 27 0.13
38 28 0.13
38 31 0.2
38 32 0.27
38 35 0.21
38 36 0.16
38 73 0.0012
39 1 0.15
39 2 0.43
39 4 0.12
39 5 0.29
39 7 0.13
39 8 0.12
39 10 0.13
39 13 0.18
39 14 0.12
39 16 0.12
39 19 0.26
39 20 0.06
39 22 0.12
39 23 0.39
39 25 0.15
39 26 0.17
39 32 0.15
39 36 0.37
39 38 0.15
39 73 2.0E-4
2 40 0.16
4 40 0.09
10 40 0.19
11 40 0.25
13 40 0.07
14 40 0.18
15 40 0.21
16 40 0.17
18 40 0.26
19 40 0.35
20 40 0.38
40 21 0.3
22 40 0.09
23 40 0.19
40 24 0.25
25 40 0.11
26 40 0.12
35 40 0.17
38 40 0.6
73 40 4.0E-4
1 41 0.22
2 41 0.2
41 3 0.33
4 41 0.17
41 6 0.19
7 41 0.37
10 41 0.18
13 41 0.25
14 41 0.17
18 41 0.17
19 41 0.18
20 41 0.08
25 41 0.22
38 41 0.21
73 41 2.0E-4
2 42 0.1
4 42 0.17
10 42 0.18
11 42 0.24
13 42 0.13
16 42 0.17
18 42 0.33
19 42 0.18
20 42 0.16
42 21 0.58
22 42 0.17
26 42 0.24
38 42 0.21
42 40 0.17
73 42 3.0E-4
2 43 0.18
19 43 0.11
73 43 0.0010
2 44 0.18
8 44 0.3
10 44 0.32
18 44 0.29
19 44 0.11
30 44 0.71
73 44 5.0E-4
10 45 0.32
14 45 0.3
15 45 0.71
18 45 0.29
19 45 0.11
20 45 0.14
23 45 0.32
35 45 0.58
38 45 0.18
40 45 0.3
73 45 7.0E-4
2 46 0.08
46 3 0.26
46 6 0.15
7 46 0.14
10 46 0.14
46 11 0.37
13 46 0.2
46 16 0.39
19 46 0.24
20 46 0.19
22 46 0.26
46 34 0.45
38 46 0.08
46 41 0.26
73 46 1.0E-4
47 3 0.58
47 6 0.5
7 47 0.16
47 9 0.5
19 47 0.21
20 47 0.21
23 47 0.32
25 47 0.38
47 33 0.5
38 47 0.18
41 47 0.29
46 47 0.22
73 47 0.0010
2 48 0.26
48 4 0.15
5 48 0.17
48 8 0.07
10 48 0.23
48 11 0.2
48 12 0.34
48 13 0.05
14 48 0.15
15 48 0.17
48 16 0.14
18 48 0.35
19 48 0.44
20 48 0.48
48 21 0.24
48 22 0.07
23 48 0.15
48 24 0.4
25 48 0.18
26 48 0.4
48 27 0.17
48 28 0.17
48 31 0.37
48 32 0.28
48 35 0.28
38 48 0.57
48 40 0.66
48 42 0.28
48 45 0.24
73 48 7.0E-4
1 49 0.22
2 49 0.36
49 4 0.36
5 49 0.1
49 6 0.05
7 49 0.05
49 8 0.36
10 49 0.37
49 11 0.24
49 12 0.21
49 13 0.29
14 49 0.44
49 15 0.21
49 16 0.21
49 18 0.38
19 49 0.72
20 49 0.71
49 21 0.15
49 22 0.3
23 49 0.14
49 24 0.24
25 49 0.17
26 49 0.24
49 27 0.1
49 28 0.1
49 30 0.1
49 31 0.22
49 32 0.17
49 34 0.07
49 35 0.26
36 49 0.07
38 49 0.69
39 49 0.06
49 40 0.49
49 41 0.09
49 42 0.26
49 44 0.15
49 45 0.15
49 48 0.61
73 49 6.0E-4
2 50 0.18
10 50 0.16
14 50 0.15
50 16 0.14
18 50 0.14
19 50 0.21
20 50 0.14
23 50 0.16
36 50 0.22
38 50 0.09
39 50 0.2
49 50 0.07
73 50 1.0E-4
1 51 0.38
51 3 0.29
51 6 0.5
7 51 0.47
8 51 0.15
13 51 0.11
16 51 0.14
18 51 0.14
19 51 0.21
51 34 0.25
38 51 0.09
41 51 0.29
46 51 0.22
51 47 0.25
49 51 0.07
73 51 2.0E-4
1 52 0.15
2 52 0.14
5 52 0.29
10 52 0.52
52 13 0.09
14 52 0.62
52 15 0.58
52 18 0.35
19 52 0.26
20 52 0.29
23 52 0.13
25 52 0.31
52 35 0.47
38 52 0.29
52 40 0.12
52 41 0.24
52 42 0.24
52 45 0.41
52 48 0.2
52 49 0.36
52 50 0.2
73 52 3.0E-4
2 53 0.1
10 53 0.37
14 53 0.52
53 15 0.82
53 18 0.5
19 53 0.18
20 53 0.16
23 53 0.18
53 35 0.33
38 53 0.21
53 40 0.17
53 45 0.58
53 48 0.14
53 49 0.26
53 50 0.29
53 52 0.71
73 53 4.0E-4
2 54 0.09
10 54 0.47
14 54 0.6
54 15 0.71
54 18 0.58
19 54 0.21
20 54 0.21
23 54 0.16
54 35 0.58
36 54 0.22
38 54 0.27
54 40 0.15
54 45 0.5
54 48 0.12
54 49 0.29
54 50 0.25
54 52 0.61
54 53 0.87
73 54 3.0E-4
1 55 0.13
2 55 0.29
5 55 0.24
7 55 0.11
10 55 0.42
55 12 0.24
55 13 0.15
14 55 0.4
55 15 0.47
55 18 0.29
19 55 0.32
20 55 0.28
23 55 0.11
55 24 0.14
25 55 0.25
26 55 0.27
55 31 0.25
55 32 0.25
55 35 0.38
38 55 0.3
39 55 0.14
55 40 0.2
55 41 0.19
55 45 0.33
55 48 0.32
55 49 0.34
55 51 0.17
55 52 0.54
55 53 0.38
55 54 0.33
73 55 6.0E-4
2 56 0.25
4 56 0.43
11 56 0.29
13 56 0.31
16 56 0.2
18 56 0.2
19 56 0.15
20 56 0.1
56 21 0.71
22 56 0.2
38 56 0.13
56 40 0.21
56 42 0.41
48 56 0.17
49 56 0.21
73 56 3.0E-4
2 57 0.16
10 57 0.19
14 57 0.27
57 15 0.43
57 16 0.09
57 18 0.52
19 57 0.35
20 57 0.3
23 57 0.38
25 57 0.11
26 57 0.12
57 35 0.35
36 57 0.13
38 57 0.38
39 57 0.12
57 40 0.18
57 42 0.17
57 45 0.3
57 48 0.22
57 49 0.36
57 50 0.15
57 52 0.37
57 53 0.35
57 54 0.45
57 55 0.2
73 57 2.0E-4
2 58 0.17
4 58 0.35
8 58 0.06
10 58 0.06
58 11 0.4
13 58 0.17
14 58 0.24
58 16 0.45
18 58 0.17
19 58 0.54
20 58 0.67
58 21 0.2
22 58 0.62
23 58 0.06
58 24 0.16
25 58 0.07
26 58 0.08
38 58 0.56
58 40 0.59
58 42 0.11
58 46 0.18
48 58 0.43
49 58 0.61
55 58 0.07
58 56 0.14
57 58 0.24
73 58 1.0E-4
1 59 0.08
2 59 0.35
59 4 0.66
59 6 0.07
7 59 0.07
8 59 0.2
10 59 0.07
59 11 0.53
59 12 0.15
13 59 0.48
14 59 0.07
59 16 0.57
18 59 0.13
19 59 0.49
20 59 0.46
59 21 0.22
59 22 0.76
23 59 0.07
59 24 0.09
59 27 0.15
31 59 0.08
32 59 0.08
59 34 0.11
38 59 0.16
39 59 0.18
59 40 0.2
59 41 0.13
59 42 0.13
59 46 0.2
48 59 0.16
49 59 0.45
59 51 0.11
55 59 0.07
59 56 0.31
59 58 0.56
73 59 1.0E-4
2 60 0.09
7 60 0.16
10 60 0.16
14 60 0.3
60 15 0.71
60 18 0.29
19 60 0.21
20 60 0.14
23 60 0.16
60 35 0.29
38 60 0.09
60 40 0.15
60 45 0.5
60 48 0.12
60 49 0.15
60 52 0.41
60 53 0.58
60 54 0.5
60 55 0.33
60 57 0.3
73 60 2.0E-4
61 1 0.13
61 2 0.19
61 5 0.25
61 6 0.24
61 7 0.11
61 10 0.22
61 11 0.14
61 13 0.08
61 14 0.21
61 16 0.1
61 19 0.3
61 20 0.3
61 23 0.22
61 25 0.27
61 26 0.14
61 30 0.25
61 36 0.16
61 38 0.38
61 39 0.14
61 40 0.32
61 47 0.18
61 48 0.09
61 49 0.21
61 55 0.12
61 58 0.21
61 59 0.23
61 73 2.0E-4
2 62 0.09
4 62 0.15
10 62 0.16
11 62 0.2
13 62 0.11
16 62 0.14
18 62 0.14
19 62 0.21
20 62 0.21
62 21 0.5
22 62 0.14
38 62 0.36
40 62 0.6
42 62 0.29
48 62 0.36
49 62 0.29
55 62 0.17
56 62 0.35
58 62 0.39
59 62 0.22
61 62 0.18
73 62 2.0E-4
10 63 0.32
14 63 0.3
15 63 0.71
18 63 0.29
19 63 0.11
20 63 0.14
23 63 0.32
35 63 0.58
38 63 0.18
40 63 0.3
63 45 1.0
48 63 0.24
49 63 0.15
52 63 0.41
53 63 0.58
54 63 0.5
55 63 0.33
57 63 0.3
60 63 0.5
73 63 7.0E-4
64 1 0.38
64 2 0.18
64 5 0.71
64 7 0.32
64 10 0.32
64 14 0.3
64 19 0.11
64 20 0.14
64 23 0.32
64 25 0.38
64 26 0.41
64 36 0.45
64 38 0.18
64 39 0.41
64 61 0.35
64 73 8.0E-4
65 9 1.0
19 65 0.11
20 65 0.14
65 33 1.0
47 65 0.5
73 65 0.0011
66 1 0.27
66 2 0.25
66 5 0.5
66 7 0.22
66 10 0.22
66 14 0.21
66 19 0.15
66 20 0.1
66 23 0.22
66 25 0.27
66 26 0.29
66 27 0.5
66 31 0.27
66 32 0.27
66 36 0.32
66 38 0.25
66 39 0.29
66 61 0.25
66 64 0.71
66 73 0.0012
1 67 0.27
3 67 0.41
6 67 0.47
7 67 0.22
8 67 0.21
16 67 0.2
19 67 0.15
67 34 0.35
38 67 0.13
41 67 0.41
46 67 0.32
47 67 0.35
49 67 0.1
51 67 0.71
59 67 0.15
73 67 3.0E-4
68 9 1.0
19 68 0.11
20 68 0.14
68 33 1.0
47 68 0.5
68 65 1.0
73 68 0.0011
69 1 0.24
69 2 0.28
69 5 0.45
69 6 0.11
69 7 0.1
69 9 0.32
69 10 0.3
69 13 0.07
69 14 0.29
69 18 0.09
69 19 0.34
69 20 0.36
69 23 0.2
69 24 0.26
69 25 0.48
69 26 0.39
69 28 0.45
69 31 0.36
69 32 0.24
69 33 0.32
69 35 0.18
69 36 0.14
69 37 0.32
69 38 0.23
69 39 0.13
69 41 0.18
69 47 0.32
69 48 0.23
69 49 0.19
69 52 0.26
69 55 0.32
69 57 0.1
69 61 0.34
69 64 0.32
69 65 0.32
69 66 0.22
69 68 0.32
69 73 0.0013
2 70 0.18
19 70 0.11
70 43 1.0
73 70 0.0010
2 71 0.18
71 12 0.71
19 71 0.11
20 71 0.14
26 71 0.41
31 71 0.38
32 71 0.38
38 71 0.18
48 71 0.24
49 71 0.15
55 71 0.33
73 71 6.0E-4
1 72 0.14
2 72 0.13
72 3 0.22
5 72 0.27
72 6 0.13
10 72 0.48
72 13 0.08
14 72 0.57
72 15 0.53
72 18 0.33
19 72 0.28
20 72 0.32
23 72 0.24
25 72 0.43
72 35 0.65
36 72 0.17
38 72 0.2
72 40 0.11
72 41 0.22
72 45 0.38
72 47 0.19
72 48 0.18
72 49 0.28
72 52 0.62
72 53 0.44
72 54 0.57
72 55 0.5
72 57 0.34
72 60 0.38
61 72 0.13
72 63 0.38
69 72 0.36
73 72 2.0E-4
