*Vertices  41
1 "LCD显示屏"
2 "衬底"
3 "LED灯"
4 "荧光粉"
5 "整流器"
6 "GAN"
7 "保护层"
8 "变压器"
9 "外延片"
10 "外延"
11 "LED"
12 "二极管"
13 "掩膜"
14 "通道"
15 "腐蚀液"
16 "缓冲层"
17 "内量子效率"
18 "光刻胶"
19 "SiO2"
20 "半导体"
21 "Al2O3"
22 "MQW"
23 "ESD"
24 "ITO"
25 "太阳能"
26 "LED芯片"
27 "芯片"
28 "电流扩展层"
29 "Li"
30 "电极"
31 "接触层"
32 "电阻"
33 "激光"
34 "MOCVD"
35 "标准芯片工艺制作"
36 "湿法腐蚀"
37 "空穴"
38 "屏幕"
39 "发光层"
40 "甲基"
41 "LED外延片"
*Arcs
41 1 0.0011
2 1 0.27
41 2 0.0049
3 2 0.05
3 41 1.0E-4
4 2 0.08
4 3 0.17
4 41 2.0E-4
5 2 0.11
3 5 0.14
5 41 3.0E-4
6 1 0.41
6 2 0.65
3 6 0.07
4 6 0.13
5 6 0.17
41 6 0.0068
2 7 0.15
3 7 0.2
4 7 0.18
5 7 0.24
6 7 0.24
41 7 4.0E-4
8 2 0.08
3 8 0.2
4 8 0.09
8 5 0.59
8 6 0.12
8 7 0.17
8 41 2.0E-4
9 1 0.32
9 2 0.85
3 9 0.06
4 9 0.1
5 9 0.13
9 6 0.77
9 7 0.18
8 9 0.09
9 41 0.0064
10 1 0.27
10 2 0.93
3 10 0.09
4 10 0.08
5 10 0.11
10 6 0.65
10 7 0.15
8 10 0.08
10 9 0.85
10 41 0.0050
11 1 0.11
11 2 0.4
11 3 0.6
11 4 0.34
11 5 0.26
11 6 0.26
11 7 0.18
11 8 0.37
11 9 0.34
11 10 0.4
11 41 0.0011
12 1 0.14
12 2 0.45
12 3 0.3
12 4 0.36
12 5 0.35
12 6 0.29
12 7 0.08
12 8 0.37
12 9 0.36
12 10 0.45
12 11 0.75
12 41 0.0010
2 13 0.27
3 13 0.18
5 13 0.41
6 13 0.41
7 13 0.58
8 13 0.29
9 13 0.32
10 13 0.27
11 13 0.11
12 13 0.14
41 13 0.0011
14 2 0.22
3 14 0.22
14 6 0.33
14 9 0.26
14 10 0.22
11 14 0.26
12 14 0.23
14 41 7.0E-4
2 15 0.6
3 15 0.08
5 15 0.18
6 15 0.18
7 15 0.26
8 15 0.13
9 15 0.28
10 15 0.48
11 15 0.24
12 15 0.32
15 13 0.45
41 15 4.0E-4
16 1 0.35
16 2 0.76
4 16 0.11
16 6 0.72
16 9 0.89
16 10 0.76
11 16 0.3
12 16 0.3
16 14 0.29
16 41 0.0056
2 17 0.38
4 17 0.22
6 17 0.29
9 17 0.45
10 17 0.38
11 17 0.15
12 17 0.1
16 17 0.5
41 17 0.0021
2 18 0.46
3 18 0.1
5 18 0.24
6 18 0.24
7 18 0.33
8 18 0.17
9 18 0.37
10 18 0.46
11 18 0.18
12 18 0.24
18 13 0.58
15 18 0.77
41 18 6.0E-4
19 2 0.27
3 19 0.24
4 19 0.42
19 5 0.14
19 6 0.14
19 7 0.19
19 8 0.1
19 9 0.21
19 10 0.27
11 19 0.32
12 19 0.38
19 13 0.33
19 15 0.3
19 16 0.12
19 18 0.19
19 41 3.0E-4
20 1 0.18
20 2 0.67
20 3 0.29
20 4 0.34
20 5 0.15
20 6 0.44
20 7 0.1
20 8 0.1
20 9 0.57
20 10 0.67
20 11 0.59
20 12 0.64
20 13 0.18
20 14 0.15
20 15 0.4
20 16 0.51
20 17 0.25
20 18 0.31
20 19 0.42
20 41 0.0026
21 1 0.28
21 2 0.67
3 21 0.15
4 21 0.35
21 5 0.11
21 6 0.68
21 7 0.16
21 8 0.08
21 9 0.79
21 10 0.74
11 21 0.38
12 21 0.43
21 13 0.28
21 14 0.23
21 15 0.12
21 16 0.78
21 17 0.39
21 18 0.16
19 21 0.55
20 21 0.6
21 41 0.0050
22 1 0.3
22 2 0.64
3 22 0.16
4 22 0.19
5 22 0.25
22 6 0.74
22 7 0.17
8 22 0.17
22 9 0.76
22 10 0.73
11 22 0.35
12 22 0.38
22 13 0.3
22 14 0.25
22 15 0.27
22 16 0.64
22 17 0.43
22 18 0.35
19 22 0.2
20 22 0.6
21 22 0.67
22 41 0.0057
23 2 0.53
23 6 0.61
23 9 0.63
23 10 0.53
11 23 0.21
12 23 0.14
23 14 0.41
23 16 0.71
23 17 0.35
20 23 0.36
21 23 0.55
23 22 0.6
23 41 0.0041
24 1 0.38
2 24 0.61
3 24 0.13
4 24 0.12
5 24 0.15
6 24 0.62
24 7 0.22
8 24 0.11
9 24 0.72
10 24 0.71
11 24 0.28
12 24 0.27
24 13 0.38
24 15 0.17
16 24 0.67
24 17 0.53
24 18 0.22
19 24 0.25
20 24 0.48
21 24 0.73
22 24 0.68
23 24 0.38
41 24 0.0047
2 25 0.15
4 25 0.18
6 25 0.24
8 25 0.17
9 25 0.18
10 25 0.15
11 25 0.18
12 25 0.16
14 25 0.24
16 25 0.2
20 25 0.1
21 25 0.16
22 25 0.17
23 25 0.29
41 25 4.0E-4
26 1 0.24
26 2 0.52
3 26 0.26
4 26 0.23
26 5 0.2
26 6 0.5
26 7 0.28
26 8 0.14
26 9 0.54
26 10 0.45
11 26 0.44
12 26 0.48
26 13 0.24
26 14 0.4
26 15 0.33
26 16 0.43
26 17 0.17
26 18 0.28
19 26 0.24
20 26 0.57
21 26 0.47
26 22 0.66
26 23 0.49
26 24 0.37
26 25 0.14
26 41 0.0029
27 1 0.15
27 2 0.55
3 27 0.36
4 27 0.37
27 5 0.24
27 6 0.36
27 7 0.17
27 8 0.21
27 9 0.47
27 10 0.55
11 27 0.72
12 27 0.71
27 13 0.15
27 14 0.24
27 15 0.33
27 16 0.42
27 17 0.21
27 18 0.26
27 19 0.44
20 27 0.69
27 21 0.53
27 22 0.49
27 23 0.29
27 24 0.39
27 25 0.09
27 26 0.61
27 41 0.0019
2 28 0.55
3 28 0.14
5 28 0.17
6 28 0.17
7 28 0.24
8 28 0.12
9 28 0.26
10 28 0.55
11 28 0.26
12 28 0.35
28 13 0.41
28 15 0.73
28 18 0.47
19 28 0.41
20 28 0.44
21 28 0.23
22 28 0.37
24 28 0.31
26 28 0.3
27 28 0.36
41 28 4.0E-4
29 2 0.09
3 29 0.29
4 29 0.42
29 6 0.14
29 9 0.11
29 10 0.09
11 29 0.32
12 29 0.28
29 14 0.14
29 16 0.12
29 17 0.24
29 19 0.33
20 29 0.3
29 21 0.28
29 22 0.2
29 24 0.13
29 26 0.32
29 27 0.34
29 41 2.0E-4
30 1 0.2
30 2 0.73
3 30 0.17
4 30 0.06
30 5 0.4
30 6 0.48
30 7 0.11
30 8 0.45
30 9 0.62
30 10 0.73
11 30 0.54
12 30 0.67
30 13 0.2
30 14 0.16
30 15 0.44
30 16 0.55
30 17 0.28
30 18 0.34
19 30 0.26
20 30 0.56
21 30 0.54
30 22 0.59
30 23 0.39
30 24 0.52
30 25 0.11
26 30 0.43
27 30 0.61
30 28 0.48
29 30 0.07
30 41 0.0030
31 1 0.38
31 2 0.71
3 31 0.07
4 31 0.12
5 31 0.15
31 6 0.93
31 7 0.22
8 31 0.11
31 9 0.84
31 10 0.71
11 31 0.28
12 31 0.27
31 13 0.38
31 14 0.31
31 15 0.17
31 16 0.8
31 17 0.53
31 18 0.22
19 31 0.13
20 31 0.48
21 31 0.73
31 22 0.8
31 23 0.76
31 24 0.71
31 25 0.22
26 31 0.55
27 31 0.39
31 28 0.15
29 31 0.13
30 31 0.52
31 41 0.0079
32 2 0.12
3 32 0.35
4 32 0.07
32 5 0.53
32 6 0.18
32 7 0.13
32 8 0.57
32 9 0.14
32 10 0.12
11 32 0.49
12 32 0.46
32 13 0.22
32 14 0.09
32 15 0.1
32 16 0.08
32 17 0.15
32 18 0.13
19 32 0.07
20 32 0.16
21 32 0.12
32 22 0.2
32 24 0.16
26 32 0.16
27 32 0.45
32 28 0.09
29 32 0.07
32 30 0.56
32 31 0.16
32 41 3.0E-4
33 2 0.19
33 3 0.19
33 4 0.22
33 5 0.14
33 6 0.29
33 7 0.2
33 8 0.1
33 9 0.22
33 10 0.28
33 11 0.3
33 12 0.3
33 13 0.35
33 15 0.16
33 16 0.13
33 17 0.25
33 18 0.2
33 19 0.24
33 20 0.38
33 21 0.29
33 22 0.32
33 24 0.4
33 26 0.09
33 27 0.21
33 28 0.29
33 29 0.12
33 30 0.21
33 31 0.27
33 32 0.23
33 41 7.0E-4
34 1 0.32
34 2 0.76
3 34 0.06
4 34 0.1
34 6 0.65
34 9 0.9
34 10 0.85
11 34 0.34
12 34 0.36
34 14 0.26
34 15 0.14
34 16 0.89
34 17 0.45
34 18 0.18
19 34 0.21
20 34 0.57
21 34 0.79
34 22 0.76
34 23 0.63
34 24 0.72
34 25 0.18
26 34 0.46
27 34 0.47
34 28 0.26
29 34 0.11
30 34 0.62
34 31 0.72
32 34 0.07
33 34 0.22
34 41 0.0050
35 1 0.45
35 2 0.6
4 35 0.14
35 6 0.73
35 9 0.71
35 10 0.6
11 35 0.24
12 35 0.19
35 14 0.18
35 16 0.79
35 17 0.63
20 35 0.4
21 35 0.62
35 22 0.67
35 23 0.67
35 24 0.68
26 35 0.43
27 35 0.33
29 35 0.15
30 35 0.44
35 31 0.85
32 35 0.1
33 35 0.16
35 34 0.71
35 41 0.0057
2 36 0.38
3 36 0.13
5 36 0.29
6 36 0.29
7 36 0.41
8 36 0.2
9 36 0.22
10 36 0.38
11 36 0.15
12 36 0.2
36 13 0.71
15 36 0.63
18 36 0.41
19 36 0.24
20 36 0.25
21 36 0.2
22 36 0.21
24 36 0.27
26 36 0.17
27 36 0.21
28 36 0.58
30 36 0.28
31 36 0.27
32 36 0.15
33 36 0.25
41 36 7.0E-4
37 1 0.5
2 37 0.4
3 37 0.09
4 37 0.16
5 37 0.2
6 37 0.61
8 37 0.14
9 37 0.47
10 37 0.4
11 37 0.21
12 37 0.21
16 37 0.53
37 17 0.35
20 37 0.36
21 37 0.42
22 37 0.6
23 37 0.25
37 24 0.57
26 37 0.36
27 37 0.29
29 37 0.17
30 37 0.39
31 37 0.57
32 37 0.22
33 37 0.18
34 37 0.47
35 37 0.67
41 37 0.0028
2 38 0.51
6 38 0.31
9 38 0.6
10 38 0.51
11 38 0.28
12 38 0.27
14 38 0.15
15 38 0.17
16 38 0.53
38 18 0.22
19 38 0.13
20 38 0.34
21 38 0.42
22 38 0.34
23 38 0.38
24 38 0.29
38 25 0.22
26 38 0.28
27 38 0.28
28 38 0.15
30 38 0.37
31 38 0.29
34 38 0.6
35 38 0.17
37 38 0.19
41 38 0.0010
39 1 0.38
2 39 0.71
6 39 0.15
9 39 0.48
10 39 0.61
11 39 0.28
12 39 0.37
39 15 0.51
16 39 0.4
39 18 0.22
19 39 0.25
20 39 0.48
21 39 0.31
22 39 0.23
39 24 0.29
26 39 0.28
27 39 0.39
39 28 0.62
30 39 0.52
31 39 0.14
34 39 0.48
35 39 0.17
39 36 0.27
39 37 0.19
39 38 0.43
41 39 5.0E-4
40 1 0.33
40 2 0.45
3 40 0.06
4 40 0.32
40 6 0.54
40 9 0.53
40 10 0.45
11 40 0.32
12 40 0.28
40 14 0.14
40 16 0.59
40 17 0.47
19 40 0.22
20 40 0.42
21 40 0.65
40 22 0.5
40 23 0.5
40 24 0.5
40 25 0.19
26 40 0.4
27 40 0.39
29 40 0.33
30 40 0.33
40 31 0.63
32 40 0.07
33 40 0.12
40 34 0.53
40 35 0.6
40 37 0.5
40 38 0.25
40 39 0.13
40 41 0.0034
