*Vertices  25
1 "显示器"
2 "控制器"
3 "处理器"
4 "单片机"
5 "荧光粉"
6 "开关"
7 "色域"
8 "IP核"
9 "变压器"
10 "XYZ2xyz"
11 "XYZ2RGB"
12 "CIE"
13 "LED"
14 "二极管"
15 "发电机"
16 "放大器"
17 "太阳能"
18 "风能"
19 "蓄电池"
20 "LED照明设备"
21 "蓄电设备"
22 "芯片"
23 "基色"
24 "DMA"
25 "LED显示屏"
*Arcs
1 25 9.0E-4
1 2 0.14
2 25 0.0119
3 1 0.36
3 2 0.48
3 25 0.0041
1 4 0.46
4 2 0.11
3 4 0.29
4 25 6.0E-4
5 1 0.24
5 2 0.12
5 3 0.1
5 4 0.1
5 25 0.0011
1 6 0.08
6 2 0.25
3 6 0.28
6 4 0.26
5 6 0.14
6 25 7.0E-4
2 7 0.27
3 7 0.22
7 25 0.0172
2 8 0.38
3 8 0.32
7 8 0.71
25 8 0.0123
1 9 0.11
9 2 0.11
4 9 0.09
5 9 0.09
6 9 0.25
9 25 0.0010
2 10 0.38
3 10 0.32
7 10 0.71
10 8 1.0
25 10 0.0123
2 11 0.38
3 11 0.32
7 11 0.71
11 8 1.0
11 10 1.0
25 11 0.0123
2 12 0.27
3 12 0.22
12 7 1.0
12 8 0.71
12 10 0.71
12 11 0.71
12 25 0.0172
13 1 0.28
13 2 0.28
13 3 0.34
13 4 0.35
13 5 0.34
13 6 0.49
13 7 0.15
13 8 0.11
13 9 0.37
13 10 0.11
13 11 0.11
13 12 0.15
13 25 0.0022
14 1 0.11
14 2 0.16
14 3 0.04
14 4 0.13
14 5 0.36
14 6 0.31
14 7 0.1
14 9 0.37
14 12 0.1
14 13 0.75
14 25 9.0E-4
1 15 0.19
2 15 0.19
4 15 0.15
5 15 0.16
6 15 0.22
9 15 0.29
13 15 0.21
14 15 0.14
25 15 0.0026
1 16 0.38
16 2 0.19
3 16 0.16
4 16 0.45
9 16 0.29
13 16 0.21
14 16 0.14
16 15 0.25
16 25 0.0012
2 17 0.44
3 17 0.18
5 17 0.18
6 17 0.13
9 17 0.17
13 17 0.18
14 17 0.16
17 15 0.29
17 25 0.0032
2 18 0.38
5 18 0.32
6 18 0.22
9 18 0.29
13 18 0.11
14 18 0.14
15 18 0.5
17 18 0.58
25 18 0.0072
19 2 0.17
3 19 0.14
5 19 0.14
6 19 0.2
19 9 0.39
13 19 0.24
14 19 0.19
19 15 0.45
19 17 0.26
19 18 0.45
19 25 0.0019
2 20 0.27
5 20 0.22
6 20 0.15
9 20 0.2
13 20 0.15
14 20 0.2
15 20 0.35
17 20 0.41
20 18 0.71
19 20 0.32
25 20 0.0042
2 21 0.38
5 21 0.32
6 21 0.22
9 21 0.29
13 21 0.11
14 21 0.14
15 21 0.5
17 21 0.58
21 18 1.0
19 21 0.45
21 20 0.71
25 21 0.0072
1 22 0.22
22 2 0.11
3 22 0.05
22 4 0.36
5 22 0.37
22 6 0.29
22 9 0.21
13 22 0.72
14 22 0.71
22 15 0.07
22 16 0.29
22 17 0.09
22 20 0.1
22 25 2.0E-4
23 2 0.19
3 23 0.16
5 23 0.16
23 7 0.71
23 8 0.5
23 10 0.5
23 11 0.5
23 12 0.71
13 23 0.21
14 23 0.14
23 22 0.15
23 25 0.0102
24 2 0.53
3 24 0.45
6 24 0.15
24 7 0.5
24 8 0.71
24 10 0.71
24 11 0.71
24 12 0.5
13 24 0.15
23 24 0.35
24 25 0.0073
