*Vertices  123
1 "显示器"
2 "衬底"
3 "电容"
4 "光膜"
5 "处理器"
6 "单片机"
7 "发生器"
8 "音箱"
9 "荧光粉"
10 "反光杯"
11 "整流器"
12 "工质"
13 "开关"
14 "发光荧光材料"
15 "GAN"
16 "塑料光转换荧光粒料"
17 "助剂"
18 "保护层"
19 "聚合物树脂"
20 "蒸发皿"
21 "连接管"
22 "硼酸"
23 "变压器"
24 "定时器"
25 "发光板"
26 "EP"
27 "LED外延片"
28 "外延片"
29 "外延"
30 "LED"
31 "二极管"
32 "稳压二极管"
33 "三极管"
34 "掩膜"
35 "联轴器"
36 "玻璃"
37 "通道"
38 "LED光源"
39 "塑料"
40 "腐蚀液"
41 "电子元器件"
42 "转换器"
43 "铝基板"
44 "基板"
45 "导热板"
46 "晶体振荡器"
47 "基座"
48 "发动机"
49 "电动机"
50 "散热片"
51 "散热器"
52 "光谱仪"
53 "发电机"
54 "发光体"
55 "光刻胶"
56 "密封胶"
57 "防音壁"
58 "SiO2"
59 "半导体"
60 "电路板"
61 "Al2O3"
62 "GaAs"
63 "MQW"
64 "ITO"
65 "GPIO"
66 "键合"
67 "客户"
68 "冷却片"
69 "焊盘"
70 "装饰图案"
71 "圆盘"
72 "荧光光谱"
73 "蓄电池"
74 "充电电池"
75 "锂电池"
76 "LED照明设备"
77 "LED芯片"
78 "芯片"
79 "金属层"
80 "涂层"
81 "电流扩展层"
82 "继电器"
83 "光触媒"
84 "酸盐"
85 "SrCO3"
86 "Eu2O3"
87 "硝酸"
88 "Eu2"
89 "去离子水"
90 "硬脂酰胺"
91 "Li"
92 "液体石蜡"
93 "电感"
94 "离子"
95 "电极"
96 "接触层"
97 "电阻"
98 "基色"
99 "脉冲信号"
100 "丙酮"
101 "激光"
102 "MOCVD"
103 "湿法腐蚀"
104 "空穴"
105 "洗墙灯"
106 "射灯"
107 "转动轴"
108 "臭氧"
109 "聚光镜"
110 "透镜"
111 "后视镜"
112 "USB接头"
113 "透明装饰"
114 "吸液芯"
115 "甲基"
116 "弹簧"
117 "蜂鸣器"
118 "扬声器"
119 "固定支架"
120 "激发光"
121 "发光管"
122 "插座"
123 "LED灯"
*Arcs
123 1 2.0E-4
123 2 1.0E-4
123 3 3.0E-4
4 1 0.27
4 123 1.0E-4
5 1 0.36
5 3 0.1
5 4 0.22
5 123 2.0E-4
1 6 0.46
6 3 0.18
5 6 0.29
123 6 2.0E-4
6 7 0.17
123 7 4.0E-4
123 8 2.0E-4
9 1 0.24
9 2 0.08
9 4 0.45
9 5 0.1
9 6 0.1
9 123 3.0E-4
123 10 1.0E-4
11 2 0.11
3 11 0.37
123 11 1.0E-4
123 12 4.0E-4
1 13 0.08
13 3 0.46
5 13 0.28
13 6 0.26
13 7 0.13
9 13 0.14
13 11 0.18
123 13 9.0E-4
14 1 0.23
14 2 0.16
14 4 0.43
14 5 0.1
14 6 0.09
14 7 0.17
14 9 0.57
14 13 0.13
14 123 5.0E-4
15 2 0.65
9 15 0.13
11 15 0.17
123 15 1.0E-4
1 16 0.38
9 16 0.32
13 16 0.22
14 16 0.3
123 16 2.0E-4
1 17 0.27
4 17 0.5
9 17 0.45
13 17 0.15
14 17 0.43
17 16 0.71
123 17 1.0E-4
2 18 0.15
9 18 0.18
11 18 0.24
15 18 0.24
123 18 2.0E-4
1 19 0.38
9 19 0.32
13 19 0.22
14 19 0.3
19 16 1.0
19 17 0.71
123 19 2.0E-4
12 20 0.71
123 20 3.0E-4
12 21 0.71
21 20 1.0
123 21 3.0E-4
9 22 0.22
14 22 0.43
123 22 1.0E-4
1 23 0.11
23 2 0.08
3 23 0.44
6 23 0.09
23 7 0.17
23 8 0.29
9 23 0.09
23 11 0.59
13 23 0.25
23 15 0.12
23 18 0.17
123 23 4.0E-4
13 24 0.31
123 24 0.0
123 25 2.0E-4
26 2 0.15
26 3 0.17
5 26 0.18
26 6 0.09
9 26 0.46
26 11 0.12
26 13 0.19
14 26 0.35
26 18 0.17
26 22 0.41
26 23 0.08
123 26 4.0E-4
27 2 0.71
9 27 0.12
11 27 0.15
27 15 0.93
27 18 0.22
23 27 0.11
123 27 1.0E-4
28 2 0.85
9 28 0.1
11 28 0.13
14 28 0.19
28 15 0.77
28 18 0.18
23 28 0.09
26 28 0.09
28 27 0.84
123 28 1.0E-4
29 2 0.93
9 29 0.08
11 29 0.11
14 29 0.24
29 15 0.65
29 18 0.15
23 29 0.08
26 29 0.08
29 27 0.71
29 28 0.85
123 29 1.0E-4
30 1 0.28
30 2 0.4
30 3 0.35
30 4 0.15
30 5 0.34
30 6 0.35
30 7 0.18
30 8 0.11
30 9 0.34
30 10 0.11
30 11 0.26
30 12 0.15
30 13 0.49
30 14 0.35
30 15 0.26
30 16 0.11
30 17 0.15
30 18 0.18
30 19 0.11
30 20 0.11
30 21 0.11
30 22 0.15
30 23 0.37
30 24 0.15
30 25 0.11
30 26 0.37
30 27 0.28
30 28 0.34
30 29 0.4
30 123 0.0028
31 1 0.11
31 2 0.45
31 3 0.34
31 4 0.2
31 5 0.04
31 6 0.13
31 7 0.08
31 9 0.36
31 10 0.14
31 11 0.35
31 12 0.2
31 13 0.31
31 14 0.43
31 15 0.29
31 16 0.14
31 17 0.2
31 18 0.08
31 19 0.14
31 20 0.14
31 21 0.14
31 22 0.1
31 23 0.37
31 24 0.1
31 25 0.14
31 26 0.24
31 27 0.27
31 28 0.36
31 29 0.45
31 30 0.75
31 123 9.0E-4
3 32 0.3
11 32 0.41
13 32 0.22
23 32 0.29
26 32 0.29
30 32 0.11
31 32 0.14
123 32 2.0E-4
33 3 0.61
6 33 0.17
33 7 0.17
33 11 0.47
13 33 0.31
14 33 0.09
33 23 0.58
26 33 0.08
30 33 0.37
31 33 0.45
33 32 0.29
123 33 2.0E-4
2 34 0.27
11 34 0.41
15 34 0.41
18 34 0.58
23 34 0.29
27 34 0.38
28 34 0.32
29 34 0.27
30 34 0.11
31 34 0.14
123 34 1.0E-4
13 35 0.22
30 35 0.11
123 35 2.0E-4
36 1 0.12
36 2 0.08
36 3 0.1
36 4 0.22
36 5 0.3
36 6 0.29
36 7 0.37
36 9 0.2
36 13 0.21
36 14 0.19
36 22 0.22
36 23 0.09
36 26 0.18
36 28 0.1
36 29 0.08
36 30 0.34
36 31 0.22
36 33 0.09
36 123 5.0E-4
1 37 0.15
37 2 0.22
6 37 0.12
37 12 0.29
37 15 0.33
37 20 0.41
37 21 0.41
37 27 0.31
37 28 0.26
37 29 0.22
30 37 0.26
31 37 0.23
123 37 4.0E-4
38 1 0.1
38 3 0.08
38 4 0.2
38 5 0.18
38 6 0.08
38 9 0.26
38 11 0.11
38 12 0.2
38 13 0.06
38 14 0.17
38 22 0.2
38 23 0.08
38 25 0.28
38 26 0.24
38 30 0.38
38 31 0.27
38 32 0.28
38 33 0.08
38 36 0.18
38 37 0.11
38 123 0.0013
39 1 0.29
39 2 0.1
39 4 0.53
39 5 0.12
39 9 0.36
39 13 0.16
39 14 0.34
39 16 0.38
39 17 0.53
39 19 0.38
39 24 0.27
39 26 0.11
39 28 0.12
39 29 0.1
39 30 0.28
39 31 0.37
39 36 0.48
39 38 0.1
39 123 2.0E-4
2 40 0.6
11 40 0.18
15 40 0.18
18 40 0.26
23 40 0.13
26 40 0.26
27 40 0.17
28 40 0.28
29 40 0.48
30 40 0.24
31 40 0.32
40 34 0.45
36 40 0.14
39 40 0.17
123 40 1.0E-4
12 41 0.71
41 20 1.0
41 21 1.0
30 41 0.11
31 41 0.14
37 41 0.41
123 41 3.0E-4
1 42 0.29
3 42 0.23
5 42 0.12
6 42 0.11
9 42 0.12
13 42 0.25
14 42 0.11
42 16 0.38
42 17 0.27
42 19 0.38
23 42 0.11
26 42 0.11
30 42 0.28
31 42 0.21
33 42 0.11
36 42 0.24
39 42 0.43
123 42 1.0E-4
43 1 0.15
43 2 0.11
43 4 0.29
43 5 0.13
43 9 0.26
43 12 0.29
43 14 0.12
43 18 0.24
43 26 0.24
43 28 0.13
43 29 0.11
43 30 0.26
43 31 0.23
43 36 0.26
43 37 0.33
43 38 0.34
43 39 0.31
43 40 0.18
43 123 6.0E-4
12 44 0.5
44 20 0.71
44 21 0.71
30 44 0.15
31 44 0.1
37 44 0.29
38 44 0.2
44 41 0.71
123 44 4.0E-4
45 10 0.71
30 45 0.15
31 45 0.1
45 37 0.29
38 45 0.2
43 45 0.29
123 45 3.0E-4
46 3 0.21
5 46 0.22
6 46 0.21
13 46 0.31
26 46 0.2
30 46 0.15
46 33 0.2
36 46 0.22
46 42 0.27
123 46 1.0E-4
12 47 0.5
47 20 0.71
47 21 0.71
30 47 0.15
31 47 0.2
37 47 0.58
47 41 0.71
43 47 0.29
44 47 0.5
123 47 4.0E-4
48 25 1.0
30 48 0.11
31 48 0.14
38 48 0.28
123 48 2.0E-4
6 49 0.21
9 49 0.22
26 49 0.2
30 49 0.15
38 49 0.2
123 49 1.0E-4
50 10 0.38
50 12 0.53
50 20 0.38
50 21 0.38
50 25 0.38
30 50 0.28
31 50 0.27
50 37 0.46
38 50 0.42
50 41 0.38
43 50 0.46
50 44 0.53
50 45 0.53
50 47 0.53
50 48 0.38
123 50 0.0014
51 10 0.38
51 12 0.53
51 20 0.38
51 21 0.38
51 25 0.38
30 51 0.28
31 51 0.21
51 37 0.31
38 51 0.42
51 41 0.38
43 51 0.31
51 44 0.53
51 45 0.53
51 47 0.27
51 48 0.38
51 50 0.86
123 51 0.0014
14 52 0.21
52 22 0.5
52 26 0.2
30 52 0.15
31 52 0.1
123 52 1.0E-4
1 53 0.19
6 53 0.15
9 53 0.16
13 53 0.22
23 53 0.29
53 25 0.5
30 53 0.21
31 53 0.14
53 35 0.5
38 53 0.14
42 53 0.19
53 48 0.5
50 53 0.19
51 53 0.19
123 53 3.0E-4
54 1 0.17
54 4 0.32
54 5 0.14
54 9 0.28
54 14 0.27
54 25 0.45
54 26 0.13
54 30 0.24
54 31 0.25
54 36 0.14
54 38 0.37
54 39 0.17
54 43 0.18
54 48 0.45
54 50 0.17
54 51 0.17
54 53 0.22
54 123 5.0E-4
2 55 0.46
11 55 0.24
15 55 0.24
18 55 0.33
23 55 0.17
26 55 0.17
27 55 0.22
28 55 0.37
29 55 0.46
30 55 0.18
31 55 0.24
55 34 0.58
36 55 0.18
39 55 0.22
40 55 0.77
43 55 0.24
123 55 1.0E-4
30 56 0.11
37 56 0.41
38 56 0.28
43 56 0.41
45 56 0.71
50 56 0.38
51 56 0.38
123 56 2.0E-4
18 57 0.58
30 57 0.11
123 57 1.0E-4
1 58 0.13
58 2 0.27
4 58 0.24
9 58 0.42
58 11 0.14
58 13 0.07
14 58 0.7
58 15 0.14
58 16 0.33
58 17 0.47
58 18 0.19
58 19 0.33
58 22 0.24
58 23 0.1
58 26 0.38
58 27 0.13
58 28 0.21
58 29 0.27
30 58 0.32
31 58 0.38
58 34 0.33
39 58 0.25
58 40 0.3
58 42 0.13
58 52 0.24
54 58 0.15
58 55 0.19
123 58 4.0E-4
59 1 0.14
59 2 0.67
59 3 0.11
59 4 0.13
59 5 0.11
59 6 0.05
59 9 0.34
59 10 0.18
59 11 0.15
59 12 0.13
59 13 0.12
59 14 0.43
59 15 0.44
59 16 0.18
59 17 0.13
59 18 0.1
59 19 0.18
59 22 0.13
59 23 0.1
59 26 0.31
59 27 0.48
59 28 0.57
59 29 0.67
59 30 0.59
59 31 0.64
59 32 0.18
59 33 0.05
59 34 0.18
59 36 0.23
59 37 0.15
59 38 0.3
59 39 0.27
59 40 0.4
59 42 0.14
59 43 0.22
59 44 0.13
59 45 0.13
59 50 0.2
59 51 0.27
59 54 0.16
59 55 0.31
59 58 0.42
59 123 8.0E-4
60 1 0.15
60 3 0.12
60 4 0.29
60 5 0.13
60 6 0.12
60 7 0.24
60 9 0.13
60 13 0.18
60 14 0.12
60 23 0.12
60 30 0.26
60 31 0.06
60 33 0.12
60 36 0.39
60 38 0.11
60 39 0.15
60 43 0.17
60 46 0.29
60 51 0.15
60 54 0.37
60 59 0.15
60 123 0.0012
1 61 0.1
61 2 0.67
4 61 0.2
9 61 0.35
61 11 0.11
61 13 0.06
14 61 0.5
61 15 0.68
61 16 0.28
61 17 0.39
61 18 0.16
61 19 0.28
61 23 0.08
26 61 0.08
61 27 0.73
61 28 0.79
61 29 0.74
30 61 0.38
31 61 0.43
61 34 0.28
61 37 0.23
39 61 0.21
61 40 0.12
61 42 0.1
61 55 0.16
58 61 0.55
59 61 0.6
123 61 2.0E-4
2 62 0.55
14 62 0.25
26 62 0.12
28 62 0.26
29 62 0.65
30 62 0.26
31 62 0.35
36 62 0.13
39 62 0.15
40 62 0.55
43 62 0.17
62 55 0.47
58 62 0.27
59 62 0.44
61 62 0.23
123 62 0.0
63 2 0.64
3 63 0.09
9 63 0.19
11 63 0.25
13 63 0.07
14 63 0.18
63 15 0.74
63 18 0.17
22 63 0.21
23 63 0.17
26 63 0.26
63 27 0.8
63 28 0.76
63 29 0.73
30 63 0.35
31 63 0.38
63 32 0.3
33 63 0.09
63 34 0.3
36 63 0.19
63 37 0.25
38 63 0.17
39 63 0.11
63 40 0.27
43 63 0.12
63 55 0.35
58 63 0.2
59 63 0.6
61 63 0.67
63 62 0.25
123 63 2.0E-4
2 64 0.61
9 64 0.12
11 64 0.15
14 64 0.23
15 64 0.62
64 18 0.22
23 64 0.11
27 64 0.71
28 64 0.72
29 64 0.71
30 64 0.28
31 64 0.27
64 34 0.38
64 40 0.17
64 55 0.22
58 64 0.25
59 64 0.48
61 64 0.73
64 62 0.15
63 64 0.68
123 64 1.0E-4
3 65 0.21
5 65 0.22
13 65 0.31
26 65 0.2
30 65 0.15
59 65 0.13
123 65 1.0E-4
2 66 0.22
3 66 0.12
6 66 0.12
9 66 0.13
14 66 0.25
66 18 0.24
26 66 0.12
28 66 0.13
29 66 0.33
30 66 0.26
31 66 0.29
36 66 0.13
39 66 0.15
66 40 0.18
42 66 0.15
43 66 0.17
58 66 0.27
59 66 0.29
61 66 0.23
66 62 0.5
63 66 0.12
64 66 0.15
123 66 0.0
1 67 0.22
3 67 0.17
5 67 0.37
9 67 0.18
13 67 0.25
14 67 0.17
67 16 0.58
67 17 0.41
67 19 0.58
26 67 0.17
30 67 0.18
31 67 0.08
38 67 0.16
39 67 0.22
42 67 0.22
58 67 0.19
59 67 0.21
61 67 0.16
65 67 0.41
123 67 2.0E-4
30 68 0.11
54 68 0.45
60 68 0.41
123 68 1.0E-4
3 69 0.17
9 69 0.18
11 69 0.24
13 69 0.13
69 18 0.33
23 69 0.17
26 69 0.33
30 69 0.18
31 69 0.16
69 32 0.58
33 69 0.17
38 69 0.16
43 69 0.24
59 69 0.21
69 63 0.17
69 66 0.24
123 69 1.0E-4
30 70 0.11
38 70 0.28
123 70 2.0E-4
6 71 0.3
9 71 0.32
26 71 0.29
30 71 0.11
38 71 0.28
49 71 0.71
123 71 1.0E-4
14 72 0.21
72 22 0.5
72 26 0.2
30 72 0.15
31 72 0.1
72 52 1.0
72 58 0.24
123 72 1.0E-4
5 73 0.14
9 73 0.14
73 11 0.37
13 73 0.2
73 23 0.39
30 73 0.24
31 73 0.19
33 73 0.26
73 35 0.45
38 73 0.12
73 53 0.45
59 73 0.08
73 67 0.26
123 73 1.0E-4
5 74 0.22
13 74 0.15
74 24 0.5
30 74 0.15
123 74 1.0E-4
75 3 0.35
6 75 0.17
13 75 0.13
75 23 0.17
30 75 0.18
31 75 0.16
75 33 0.5
36 75 0.18
75 46 0.41
60 75 0.24
123 75 1.0E-4
9 76 0.22
13 76 0.15
23 76 0.2
30 76 0.15
31 76 0.2
37 76 0.29
43 76 0.29
76 47 0.5
50 76 0.27
53 76 0.35
73 76 0.32
123 76 1.0E-4
77 2 0.52
77 3 0.15
4 77 0.17
77 6 0.07
9 77 0.23
77 10 0.24
77 11 0.2
77 12 0.34
77 13 0.05
14 77 0.15
77 15 0.5
77 17 0.17
77 18 0.28
77 20 0.24
77 21 0.24
22 77 0.17
77 23 0.14
26 77 0.35
77 27 0.55
77 28 0.54
77 29 0.45
30 77 0.44
31 77 0.48
77 32 0.24
77 33 0.07
77 34 0.24
36 77 0.15
77 37 0.4
38 77 0.2
39 77 0.18
77 40 0.33
77 41 0.24
43 77 0.4
77 44 0.17
77 45 0.17
77 47 0.34
77 50 0.37
77 51 0.28
77 55 0.28
58 77 0.24
59 77 0.57
61 77 0.47
77 62 0.1
77 63 0.66
77 64 0.37
77 66 0.2
77 69 0.28
77 76 0.17
123 77 6.0E-4
1 78 0.22
78 2 0.55
78 3 0.36
4 78 0.1
5 78 0.05
78 6 0.36
78 7 0.09
9 78 0.37
78 10 0.15
78 11 0.24
78 12 0.21
78 13 0.29
14 78 0.44
78 15 0.36
78 16 0.15
78 17 0.21
78 18 0.17
78 19 0.15
78 20 0.15
78 21 0.15
78 22 0.21
78 23 0.21
78 26 0.38
78 27 0.39
78 28 0.47
78 29 0.55
30 78 0.72
31 78 0.71
78 32 0.15
78 33 0.3
78 34 0.15
36 78 0.14
78 37 0.24
38 78 0.16
39 78 0.17
78 40 0.33
78 41 0.15
78 42 0.22
43 78 0.24
78 44 0.1
78 45 0.1
78 46 0.1
78 47 0.21
78 49 0.1
78 50 0.22
78 51 0.17
78 52 0.1
78 53 0.07
54 78 0.07
78 55 0.26
78 58 0.44
59 78 0.69
60 78 0.06
78 61 0.53
78 62 0.36
78 63 0.49
78 64 0.39
78 65 0.1
78 66 0.3
78 67 0.09
78 69 0.26
78 71 0.15
78 72 0.1
78 75 0.17
78 76 0.1
78 77 0.61
123 78 0.0011
14 79 0.3
29 79 0.27
30 79 0.11
31 79 0.14
58 79 0.33
59 79 0.18
61 79 0.28
62 79 0.41
63 79 0.3
64 79 0.38
66 79 0.41
78 79 0.15
123 79 1.0E-4
80 7 0.29
9 80 0.16
14 80 0.15
80 18 0.29
80 23 0.14
26 80 0.14
30 80 0.21
31 80 0.14
36 80 0.16
38 80 0.14
54 80 0.22
80 57 0.5
58 80 0.17
59 80 0.09
60 80 0.2
80 61 0.14
78 80 0.07
123 80 2.0E-4
2 81 0.55
11 81 0.17
14 81 0.12
15 81 0.17
18 81 0.24
23 81 0.12
26 81 0.24
27 81 0.15
28 81 0.26
29 81 0.55
30 81 0.26
31 81 0.35
81 34 0.41
36 81 0.13
39 81 0.15
81 40 0.73
43 81 0.17
81 55 0.47
58 81 0.41
59 81 0.44
61 81 0.23
81 62 0.67
63 81 0.37
64 81 0.31
66 81 0.33
77 81 0.3
78 81 0.36
81 79 0.41
123 81 1.0E-4
3 82 0.6
5 82 0.16
13 82 0.33
23 82 0.29
26 82 0.14
30 82 0.21
31 82 0.21
33 82 0.43
82 42 0.19
65 82 0.35
82 67 0.29
78 82 0.15
123 82 1.0E-4
7 83 0.67
18 83 0.33
23 83 0.17
30 83 0.18
36 83 0.37
83 57 0.58
60 83 0.24
80 83 0.58
123 83 5.0E-4
1 84 0.15
4 84 0.29
9 84 0.52
84 13 0.09
14 84 0.62
84 16 0.41
84 17 0.58
84 19 0.41
84 22 0.58
84 26 0.35
30 84 0.26
31 84 0.29
36 84 0.13
38 84 0.11
39 84 0.31
84 42 0.15
84 52 0.29
84 58 0.54
59 84 0.29
84 61 0.34
84 63 0.12
84 67 0.24
84 69 0.24
84 72 0.29
84 77 0.2
84 78 0.36
84 80 0.2
123 84 2.0E-4
9 85 0.22
14 85 0.43
85 22 0.5
85 26 0.41
30 85 0.15
31 85 0.1
85 52 0.5
54 85 0.32
85 58 0.47
59 85 0.13
85 72 0.5
85 78 0.21
85 84 0.29
123 85 1.0E-4
9 86 0.22
14 86 0.43
86 22 0.5
86 26 0.41
30 86 0.15
31 86 0.1
86 52 0.5
54 86 0.32
86 58 0.47
59 86 0.13
86 72 0.5
86 78 0.21
86 84 0.29
86 85 1.0
123 86 1.0E-4
9 87 0.37
14 87 0.52
87 22 0.82
87 26 0.5
30 87 0.18
31 87 0.16
36 87 0.18
38 87 0.16
87 52 0.41
87 58 0.38
59 87 0.21
87 61 0.16
87 63 0.17
87 72 0.41
87 77 0.14
87 78 0.26
87 80 0.29
87 84 0.71
87 85 0.41
87 86 0.41
123 87 1.0E-4
9 88 0.47
14 88 0.6
88 22 0.71
88 26 0.58
30 88 0.21
31 88 0.21
36 88 0.16
38 88 0.14
88 52 0.35
54 88 0.22
88 58 0.5
59 88 0.27
88 61 0.14
88 63 0.15
88 72 0.35
88 77 0.12
88 78 0.29
88 80 0.25
88 84 0.61
88 85 0.71
88 86 0.71
88 87 0.87
123 88 1.0E-4
89 2 0.24
14 89 0.13
89 22 0.32
89 26 0.39
89 29 0.12
30 89 0.24
31 89 0.19
89 40 0.4
89 52 0.32
89 55 0.26
89 58 0.3
59 89 0.24
89 62 0.18
89 69 0.26
89 72 0.32
89 77 0.11
89 78 0.26
89 81 0.18
89 84 0.37
89 85 0.32
89 86 0.32
89 87 0.26
89 88 0.22
123 89 0.0
1 90 0.38
9 90 0.32
13 90 0.22
14 90 0.3
90 16 1.0
90 17 0.71
90 19 1.0
30 90 0.11
31 90 0.14
39 90 0.38
42 90 0.38
58 90 0.33
59 90 0.18
61 90 0.28
90 67 0.58
78 90 0.15
84 90 0.41
123 90 2.0E-4
1 91 0.13
91 2 0.09
4 91 0.24
5 91 0.11
9 91 0.42
91 12 0.24
91 13 0.15
14 91 0.4
91 15 0.14
91 16 0.33
91 17 0.47
91 19 0.33
91 22 0.47
91 26 0.29
91 27 0.13
91 28 0.11
91 29 0.09
30 91 0.32
31 91 0.28
36 91 0.11
91 37 0.14
38 91 0.18
39 91 0.25
91 42 0.25
43 91 0.27
91 46 0.24
91 47 0.24
91 50 0.25
91 51 0.25
91 52 0.24
91 58 0.33
59 91 0.3
60 91 0.14
91 61 0.28
91 63 0.2
91 64 0.13
91 67 0.19
91 72 0.24
91 76 0.24
91 77 0.32
91 78 0.34
91 84 0.54
91 85 0.24
91 86 0.24
91 87 0.38
91 88 0.33
91 89 0.15
91 90 0.33
123 91 7.0E-4
1 92 0.38
9 92 0.32
13 92 0.22
14 92 0.3
92 16 1.0
92 17 0.71
92 19 1.0
30 92 0.11
31 92 0.14
39 92 0.38
42 92 0.38
58 92 0.33
59 92 0.18
61 92 0.28
92 67 0.58
78 92 0.15
84 92 0.41
92 90 1.0
91 92 0.33
123 92 2.0E-4
3 93 0.43
11 93 0.29
13 93 0.31
23 93 0.2
26 93 0.2
30 93 0.15
31 93 0.1
93 32 0.71
33 93 0.2
38 93 0.2
93 42 0.27
59 93 0.13
93 63 0.21
93 69 0.41
77 93 0.17
78 93 0.21
123 93 2.0E-4
94 2 0.32
94 7 0.35
9 94 0.19
14 94 0.27
94 22 0.43
94 23 0.09
94 26 0.52
94 28 0.1
94 29 0.24
30 94 0.35
31 94 0.3
36 94 0.38
38 94 0.08
39 94 0.11
94 40 0.54
43 94 0.12
94 52 0.21
54 94 0.13
94 55 0.35
94 58 0.3
59 94 0.38
60 94 0.12
94 62 0.37
94 63 0.18
94 66 0.12
94 69 0.17
94 72 0.21
94 77 0.22
94 78 0.36
94 80 0.15
94 81 0.37
94 83 0.35
94 84 0.37
94 85 0.43
94 86 0.43
94 87 0.35
94 88 0.45
94 89 0.67
94 91 0.2
123 94 2.0E-4
95 2 0.73
3 95 0.35
6 95 0.06
95 7 0.11
9 95 0.06
95 11 0.4
13 95 0.17
14 95 0.24
95 15 0.48
95 18 0.11
95 23 0.45
26 95 0.17
95 27 0.52
95 28 0.62
95 29 0.73
30 95 0.54
31 95 0.67
95 32 0.2
33 95 0.62
95 34 0.2
36 95 0.06
95 37 0.16
38 95 0.05
39 95 0.07
95 40 0.44
95 42 0.07
43 95 0.08
95 55 0.34
58 95 0.26
59 95 0.56
61 95 0.54
95 62 0.48
95 63 0.59
95 64 0.52
95 66 0.24
95 69 0.11
95 73 0.18
75 95 0.23
77 95 0.43
78 95 0.61
95 79 0.2
95 81 0.48
95 82 0.29
89 95 0.18
91 95 0.07
95 93 0.14
94 95 0.24
123 95 3.0E-4
96 2 0.71
9 96 0.12
11 96 0.15
96 15 0.93
96 18 0.22
23 96 0.11
96 27 1.0
96 28 0.84
96 29 0.71
30 96 0.28
31 96 0.27
96 34 0.38
96 37 0.31
96 40 0.17
96 55 0.22
58 96 0.13
59 96 0.48
61 96 0.73
96 63 0.8
96 64 0.71
77 96 0.55
78 96 0.39
96 81 0.15
91 96 0.13
95 96 0.52
123 96 1.0E-4
1 97 0.08
97 2 0.12
97 3 0.66
5 97 0.07
6 97 0.2
97 7 0.13
9 97 0.07
97 11 0.53
97 12 0.15
13 97 0.48
14 97 0.07
97 15 0.18
97 18 0.13
97 20 0.22
97 21 0.22
97 23 0.57
26 97 0.13
97 27 0.16
97 28 0.14
97 29 0.12
30 97 0.49
31 97 0.46
97 32 0.22
97 33 0.76
97 34 0.22
36 97 0.07
97 37 0.09
38 97 0.06
97 40 0.1
97 41 0.22
97 42 0.25
97 44 0.15
97 46 0.15
97 47 0.15
50 97 0.08
51 97 0.08
97 53 0.11
97 55 0.13
58 97 0.07
59 97 0.16
60 97 0.18
61 97 0.12
97 63 0.2
97 64 0.16
97 65 0.31
97 67 0.13
97 69 0.13
97 73 0.2
97 75 0.38
77 97 0.16
78 97 0.45
97 81 0.09
97 82 0.44
91 97 0.07
97 93 0.31
97 95 0.56
97 96 0.16
123 97 8.0E-4
5 98 0.16
9 98 0.16
14 98 0.3
98 22 0.71
98 26 0.29
30 98 0.21
31 98 0.14
36 98 0.16
38 98 0.14
98 52 0.35
98 58 0.17
59 98 0.09
98 63 0.15
98 72 0.35
98 77 0.12
98 78 0.15
98 84 0.41
98 85 0.35
98 86 0.35
98 87 0.58
98 88 0.5
98 89 0.22
98 91 0.33
98 94 0.3
123 98 1.0E-4
1 99 0.27
6 99 0.43
99 7 0.41
13 99 0.15
14 99 0.21
30 99 0.15
31 99 0.1
33 99 0.2
78 99 0.21
95 99 0.14
97 99 0.15
123 99 1.0E-4
100 2 0.27
14 100 0.15
100 22 0.35
100 26 0.58
100 28 0.16
100 29 0.13
30 100 0.21
31 100 0.14
36 100 0.16
39 100 0.19
100 40 0.45
43 100 0.2
100 52 0.35
100 55 0.29
100 58 0.33
59 100 0.18
100 62 0.2
100 63 0.15
100 72 0.35
100 77 0.24
100 78 0.22
100 81 0.41
100 84 0.2
100 85 0.35
100 86 0.35
100 87 0.29
100 88 0.25
100 89 0.67
100 91 0.17
100 94 0.6
100 95 0.2
100 98 0.25
123 100 1.0E-4
101 1 0.13
101 2 0.19
101 4 0.25
101 5 0.11
101 9 0.22
101 11 0.14
101 13 0.08
101 14 0.21
101 15 0.29
101 18 0.2
101 23 0.1
101 27 0.27
101 28 0.22
101 29 0.28
101 30 0.3
101 31 0.3
101 34 0.35
101 36 0.22
101 38 0.1
101 39 0.27
101 40 0.16
101 42 0.13
101 43 0.14
101 49 0.25
101 52 0.25
101 54 0.16
101 55 0.2
101 58 0.24
101 59 0.38
101 60 0.14
101 61 0.29
101 62 0.14
101 63 0.32
101 64 0.4
101 65 0.25
101 66 0.14
101 72 0.25
101 77 0.09
101 78 0.21
101 79 0.35
101 81 0.29
101 91 0.12
101 95 0.21
101 96 0.27
101 97 0.23
101 123 2.0E-4
102 2 0.76
9 102 0.1
14 102 0.29
102 15 0.65
26 102 0.09
102 27 0.72
102 28 0.9
102 29 0.85
30 102 0.34
31 102 0.36
36 102 0.1
102 37 0.26
39 102 0.12
102 40 0.14
43 102 0.13
102 55 0.18
58 102 0.21
59 102 0.57
61 102 0.79
102 62 0.39
102 63 0.76
102 64 0.72
102 66 0.26
77 102 0.46
78 102 0.47
102 79 0.32
102 81 0.26
91 102 0.11
94 102 0.1
95 102 0.62
102 96 0.72
97 102 0.07
100 102 0.16
101 102 0.22
123 102 1.0E-4
2 103 0.38
11 103 0.29
15 103 0.29
18 103 0.41
23 103 0.2
27 103 0.27
28 103 0.22
29 103 0.38
30 103 0.15
31 103 0.2
103 34 0.71
40 103 0.63
55 103 0.41
58 103 0.24
59 103 0.25
61 103 0.2
62 103 0.29
63 103 0.21
64 103 0.27
66 103 0.29
77 103 0.17
78 103 0.21
81 103 0.58
94 103 0.21
95 103 0.28
96 103 0.27
97 103 0.15
101 103 0.25
123 103 1.0E-4
2 104 0.4
3 104 0.15
9 104 0.16
11 104 0.2
13 104 0.11
15 104 0.61
23 104 0.14
26 104 0.14
27 104 0.57
28 104 0.47
29 104 0.4
30 104 0.21
31 104 0.21
104 32 0.5
33 104 0.14
38 104 0.14
59 104 0.36
61 104 0.42
63 104 0.6
104 64 0.57
69 104 0.29
77 104 0.36
78 104 0.29
91 104 0.17
93 104 0.35
95 104 0.39
96 104 0.57
97 104 0.22
101 104 0.18
102 104 0.47
123 104 1.0E-4
105 1 0.38
105 4 0.71
105 5 0.32
105 9 0.32
105 14 0.3
105 30 0.11
105 31 0.14
105 36 0.32
105 38 0.28
105 39 0.38
105 43 0.41
105 54 0.45
105 59 0.18
105 60 0.41
105 101 0.35
105 123 2.0E-4
106 1 0.27
106 4 0.5
106 5 0.22
106 9 0.22
106 14 0.21
106 30 0.15
106 31 0.1
106 36 0.22
106 38 0.39
106 39 0.27
106 43 0.29
106 44 0.5
106 50 0.27
106 51 0.27
106 54 0.32
106 59 0.25
106 60 0.29
106 101 0.25
106 105 0.71
106 123 3.0E-4
30 107 0.11
31 107 0.14
37 107 0.41
43 107 0.41
107 47 0.71
50 107 0.38
76 107 0.71
77 107 0.24
78 107 0.15
91 107 0.33
123 107 1.0E-4
4 108 0.41
108 7 0.67
9 108 0.18
14 108 0.17
108 17 0.41
23 108 0.17
30 108 0.18
31 108 0.08
36 108 0.37
39 108 0.22
58 108 0.19
60 108 0.24
61 108 0.16
77 108 0.14
78 108 0.09
80 108 0.29
108 83 0.67
84 108 0.24
91 108 0.19
94 108 0.35
123 108 3.0E-4
30 109 0.11
51 109 0.38
59 109 0.18
60 109 0.41
91 109 0.33
123 109 2.0E-4
110 1 0.24
110 4 0.45
110 5 0.1
110 9 0.3
110 10 0.32
110 13 0.07
110 14 0.29
110 16 0.32
110 17 0.45
110 19 0.32
110 26 0.09
110 30 0.34
110 31 0.36
110 36 0.2
110 37 0.26
110 38 0.26
110 39 0.48
110 42 0.24
110 43 0.39
110 45 0.45
110 47 0.22
110 50 0.36
110 51 0.24
110 52 0.22
110 54 0.14
110 56 0.32
110 58 0.21
110 59 0.23
110 60 0.13
110 61 0.18
110 67 0.18
110 72 0.22
110 76 0.22
110 77 0.23
110 78 0.19
110 84 0.26
110 89 0.14
110 90 0.32
110 91 0.32
110 92 0.32
110 94 0.1
110 100 0.16
110 101 0.34
110 105 0.32
110 106 0.22
110 107 0.32
110 108 0.18
110 123 6.0E-4
13 111 0.22
30 111 0.11
60 111 0.41
97 111 0.22
123 111 1.0E-4
112 8 1.0
23 112 0.29
30 112 0.11
123 112 2.0E-4
30 113 0.11
38 113 0.28
113 70 1.0
123 113 2.0E-4
114 12 0.71
30 114 0.11
31 114 0.14
38 114 0.28
43 114 0.41
50 114 0.38
51 114 0.38
59 114 0.18
77 114 0.24
78 114 0.15
91 114 0.33
123 114 1.0E-4
1 115 0.13
115 2 0.45
4 115 0.24
9 115 0.32
13 115 0.07
14 115 0.2
115 15 0.54
115 16 0.33
115 17 0.47
115 19 0.33
26 115 0.1
115 27 0.63
115 28 0.53
115 29 0.45
30 115 0.32
31 115 0.28
115 37 0.14
39 115 0.25
42 115 0.13
58 115 0.22
59 115 0.42
61 115 0.65
115 63 0.5
115 64 0.5
115 67 0.19
115 69 0.19
77 115 0.4
78 115 0.39
84 115 0.41
89 115 0.3
115 90 0.33
91 115 0.33
115 92 0.33
94 115 0.2
95 115 0.33
115 96 0.63
97 115 0.07
100 115 0.17
101 115 0.12
115 102 0.53
115 104 0.5
115 108 0.19
110 115 0.32
123 115 1.0E-4
13 116 0.22
30 116 0.11
116 35 1.0
116 53 0.5
73 116 0.45
123 116 2.0E-4
3 117 0.3
5 117 0.32
13 117 0.22
26 117 0.29
30 117 0.11
65 117 0.71
67 117 0.58
82 117 0.5
97 117 0.22
123 117 1.0E-4
5 118 0.37
118 6 0.35
118 13 0.38
30 118 0.18
31 118 0.08
36 118 0.37
78 118 0.09
123 118 0.0
30 119 0.11
51 119 0.38
59 119 0.18
60 119 0.41
91 119 0.33
119 109 1.0
123 119 2.0E-4
1 120 0.14
4 120 0.27
9 120 0.48
120 13 0.08
14 120 0.57
120 16 0.38
120 17 0.53
120 19 0.38
120 22 0.53
120 26 0.33
30 120 0.28
31 120 0.32
36 120 0.24
38 120 0.1
39 120 0.43
120 42 0.29
120 52 0.53
54 120 0.17
120 58 0.5
59 120 0.2
120 61 0.21
120 63 0.11
120 66 0.15
120 67 0.22
120 72 0.53
120 77 0.18
120 78 0.28
120 84 0.62
120 85 0.53
120 86 0.53
120 87 0.44
120 88 0.57
120 89 0.17
120 90 0.38
120 91 0.5
120 92 0.38
120 94 0.34
120 98 0.38
120 100 0.19
101 120 0.13
120 108 0.22
110 120 0.36
120 115 0.25
123 120 2.0E-4
5 121 0.22
121 7 0.41
23 121 0.2
30 121 0.15
36 121 0.22
60 121 0.29
121 74 0.5
80 121 0.35
121 83 0.41
94 121 0.21
108 121 0.41
123 121 1.0E-4
3 122 0.21
5 122 0.22
13 122 0.31
26 122 0.2
30 122 0.15
31 122 0.1
65 122 0.5
122 67 0.41
78 122 0.1
82 122 0.35
97 122 0.15
122 117 0.71
118 122 0.41
123 122 1.0E-4
