*Vertices  23
1 "LED显示屏"
2 "LED灯"
3 "控制器"
4 "荧光粉"
5 "开关"
6 "变压器"
7 "LED"
8 "二极管"
9 "通道"
10 "铝基板"
11 "基座"
12 "散热片"
13 "发电机"
14 "太阳能"
15 "风能"
16 "蓄电池"
17 "蓄电设备"
18 "LED芯片"
19 "芯片"
20 "Li"
21 "转动轴"
22 "透镜"
23 "LED照明设备"
*Arcs
1 23 0.0059
2 23 0.0011
3 1 0.57
3 23 0.0040
4 1 0.16
4 2 0.17
4 3 0.12
4 23 0.0026
5 1 0.11
2 5 0.39
5 3 0.25
4 5 0.14
5 23 0.0013
6 1 0.14
2 6 0.2
6 3 0.11
4 6 0.09
5 6 0.25
6 23 0.0022
7 1 0.21
7 2 0.6
7 3 0.28
7 4 0.34
7 5 0.49
7 6 0.37
7 23 0.0019
8 1 0.14
8 2 0.3
8 3 0.16
8 4 0.36
8 5 0.31
8 6 0.37
8 7 0.75
8 23 0.0025
2 9 0.22
7 9 0.26
8 9 0.23
9 23 0.0039
10 2 0.29
10 4 0.26
10 7 0.26
10 8 0.23
10 9 0.33
10 23 0.0036
2 11 0.25
7 11 0.15
8 11 0.2
9 11 0.58
10 11 0.29
23 11 0.0092
2 12 0.47
7 12 0.28
8 12 0.27
12 9 0.46
10 12 0.46
12 11 0.53
12 23 0.0035
1 13 0.25
2 13 0.18
3 13 0.19
4 13 0.16
5 13 0.22
6 13 0.29
7 13 0.21
8 13 0.14
12 13 0.19
13 23 0.0061
14 1 0.29
3 14 0.44
4 14 0.18
5 14 0.13
6 14 0.17
7 14 0.18
8 14 0.16
9 14 0.24
14 13 0.29
14 23 0.0081
1 15 0.5
3 15 0.38
4 15 0.32
5 15 0.22
6 15 0.29
7 15 0.11
8 15 0.14
13 15 0.5
14 15 0.58
23 15 0.0184
16 1 0.22
2 16 0.08
16 3 0.17
4 16 0.14
5 16 0.2
16 6 0.39
7 16 0.24
8 16 0.19
16 13 0.45
16 14 0.26
16 15 0.45
16 23 0.0050
1 17 0.5
3 17 0.38
4 17 0.32
5 17 0.22
6 17 0.29
7 17 0.11
8 17 0.14
13 17 0.5
14 17 0.58
17 15 1.0
16 17 0.45
17 23 0.0184
2 18 0.26
4 18 0.23
18 5 0.05
18 6 0.14
7 18 0.44
8 18 0.48
18 9 0.4
10 18 0.4
18 11 0.34
18 12 0.37
18 14 0.14
18 23 0.0017
19 1 0.07
2 19 0.36
19 3 0.11
4 19 0.37
19 5 0.29
19 6 0.21
7 19 0.72
8 19 0.71
19 9 0.24
10 19 0.24
19 11 0.21
19 12 0.22
19 13 0.07
19 14 0.09
19 18 0.61
19 23 8.0E-4
2 20 0.29
20 3 0.13
4 20 0.42
20 5 0.15
7 20 0.32
8 20 0.28
20 9 0.14
10 20 0.27
20 11 0.24
20 12 0.25
20 18 0.32
20 19 0.34
20 23 0.0025
2 21 0.18
7 21 0.11
8 21 0.14
9 21 0.41
10 21 0.41
21 11 0.71
12 21 0.38
18 21 0.24
19 21 0.15
20 21 0.33
23 21 0.0131
22 2 0.28
22 4 0.3
22 5 0.07
22 7 0.34
22 8 0.36
22 9 0.26
22 10 0.39
22 11 0.22
22 12 0.36
22 18 0.23
22 19 0.19
22 20 0.32
22 21 0.32
22 23 0.0022
