*Vertices  97
1 "LCD显示屏"
2 "衬底"
3 "LED灯"
4 "电容"
5 "容器"
6 "光膜"
7 "单片机"
8 "荧光粉"
9 "反光杯"
10 "整流器"
11 "工质"
12 "开关"
13 "发光荧光材料"
14 "柔性高分子材料"
15 "GAN"
16 "助剂"
17 "次氯酸钠溶液"
18 "保护层"
19 "蒸发皿"
20 "连接管"
21 "硼酸"
22 "蓝膜"
23 "变压器"
24 "EP"
25 "LED外延片"
26 "外延片"
27 "外延"
28 "LED"
29 "二极管"
30 "稳压二极管"
31 "三极管"
32 "掩膜"
33 "玻璃"
34 "通道"
35 "LED光源"
36 "日光灯平面光源"
37 "塑料"
38 "腐蚀液"
39 "电子元器件"
40 "铝基板"
41 "基板"
42 "导热板"
43 "缓冲层"
44 "内量子效率"
45 "基座"
46 "稀释剂"
47 "散热片"
48 "散热器"
49 "荧光体"
50 "硅橡胶"
51 "透明胶"
52 "光刻胶"
53 "填充区域"
54 "SiO2"
55 "放大器"
56 "半导体"
57 "Al2O3"
58 "GaAs"
59 "MQW"
60 "ESD"
61 "ITO"
62 "键合"
63 "焊盘"
64 "金属银纳米粒子"
65 "太阳能"
66 "LED照明设备"
67 "芯片"
68 "电流扩展层"
69 "酸盐"
70 "硅油"
71 "硝酸"
72 "Eu2"
73 "去离子水"
74 "Li"
75 "电感"
76 "离子"
77 "电极"
78 "接触层"
79 "电阻"
80 "基色"
81 "丙酮"
82 "激光"
83 "MOCVD"
84 "标准芯片工艺制作"
85 "湿法腐蚀"
86 "空穴"
87 "玻璃体"
88 "转动轴"
89 "臭氧"
90 "屏幕"
91 "透镜"
92 "反射层"
93 "发光层"
94 "吸液芯"
95 "甲基"
96 "激发光"
97 "LED芯片"
*Arcs
97 1 2.0E-4
2 1 0.27
97 2 0.0014
3 2 0.05
3 97 5.0E-4
3 4 0.21
97 4 1.0E-4
5 2 0.19
97 5 4.0E-4
6 3 0.13
6 5 0.5
6 97 2.0E-4
3 7 0.21
7 4 0.18
97 7 0.0
8 2 0.08
8 3 0.17
8 5 0.22
8 6 0.45
8 7 0.1
8 97 4.0E-4
3 9 0.18
97 9 1.0E-4
10 2 0.11
3 10 0.14
4 10 0.37
97 10 2.0E-4
3 11 0.25
97 11 5.0E-4
3 12 0.39
12 4 0.46
12 7 0.26
8 12 0.14
12 10 0.18
97 12 0.0
13 2 0.16
13 3 0.27
13 5 0.21
13 6 0.43
13 7 0.09
13 8 0.57
13 12 0.13
13 97 2.0E-4
14 5 0.71
6 14 0.71
8 14 0.32
13 14 0.3
97 14 3.0E-4
15 1 0.41
15 2 0.65
3 15 0.07
8 15 0.13
10 15 0.17
97 15 0.0011
3 16 0.13
16 5 0.5
6 16 0.5
8 16 0.45
12 16 0.15
13 16 0.43
16 14 0.71
97 16 2.0E-4
2 17 0.38
97 17 2.0E-4
2 18 0.15
3 18 0.2
8 18 0.18
10 18 0.24
15 18 0.24
97 18 3.0E-4
3 19 0.18
11 19 0.71
97 19 3.0E-4
3 20 0.18
11 20 0.71
20 19 1.0
97 20 3.0E-4
3 21 0.13
8 21 0.22
13 21 0.43
21 97 1.0E-4
2 22 0.38
5 22 0.5
97 22 1.0E-4
23 2 0.08
3 23 0.2
4 23 0.44
7 23 0.09
8 23 0.09
23 10 0.59
12 23 0.25
23 15 0.12
23 18 0.17
97 23 1.0E-4
24 2 0.15
3 24 0.2
24 4 0.17
24 5 0.2
24 7 0.09
8 24 0.46
24 10 0.12
24 12 0.19
13 24 0.35
24 17 0.2
24 18 0.17
24 21 0.41
24 22 0.2
24 23 0.08
24 97 6.0E-4
25 1 0.38
25 2 0.71
3 25 0.07
8 25 0.12
10 25 0.15
25 15 0.93
25 18 0.22
23 25 0.11
97 25 0.0013
26 1 0.32
26 2 0.85
3 26 0.06
8 26 0.1
10 26 0.13
13 26 0.19
26 15 0.77
26 17 0.22
26 18 0.18
23 26 0.09
24 26 0.09
26 25 0.84
97 26 0.0014
27 1 0.27
27 2 0.93
3 27 0.09
8 27 0.08
10 27 0.11
13 27 0.24
27 15 0.65
27 17 0.38
27 18 0.15
27 22 0.19
23 27 0.08
24 27 0.08
27 25 0.71
27 26 0.85
97 27 0.0012
28 1 0.11
28 2 0.4
28 3 0.6
28 4 0.35
28 5 0.15
28 6 0.15
28 7 0.35
28 8 0.34
28 9 0.11
28 10 0.26
28 11 0.15
28 12 0.49
28 13 0.35
28 14 0.11
28 15 0.26
28 16 0.15
28 17 0.15
28 18 0.18
28 19 0.11
28 20 0.11
28 21 0.15
28 22 0.15
28 23 0.37
28 24 0.37
28 25 0.28
28 26 0.34
28 27 0.4
28 97 0.0012
29 1 0.14
29 2 0.45
29 3 0.3
29 4 0.34
29 5 0.2
29 6 0.2
29 7 0.13
29 8 0.36
29 9 0.14
29 10 0.35
29 11 0.2
29 12 0.31
29 13 0.43
29 14 0.14
29 15 0.29
29 16 0.2
29 17 0.2
29 18 0.08
29 19 0.14
29 20 0.14
29 21 0.1
29 22 0.2
29 23 0.37
29 24 0.24
29 25 0.27
29 26 0.36
29 27 0.45
29 28 0.75
29 97 0.0013
3 30 0.18
4 30 0.3
10 30 0.41
12 30 0.22
23 30 0.29
24 30 0.29
28 30 0.11
29 30 0.14
97 30 2.0E-4
3 31 0.2
31 4 0.61
7 31 0.17
31 10 0.47
12 31 0.31
13 31 0.09
31 23 0.58
24 31 0.08
28 31 0.37
29 31 0.45
31 30 0.29
97 31 0.0
2 32 0.27
3 32 0.18
10 32 0.41
15 32 0.41
18 32 0.58
23 32 0.29
25 32 0.38
26 32 0.32
27 32 0.27
28 32 0.11
29 32 0.14
97 32 2.0E-4
33 2 0.08
33 3 0.28
33 4 0.1
33 6 0.22
33 7 0.29
33 8 0.2
33 12 0.21
33 13 0.19
33 17 0.22
33 21 0.22
33 23 0.09
33 24 0.18
33 26 0.1
33 27 0.08
33 28 0.34
33 29 0.22
33 31 0.09
33 97 1.0E-4
34 2 0.22
3 34 0.22
7 34 0.12
34 11 0.29
34 15 0.33
34 19 0.41
34 20 0.41
34 25 0.31
34 26 0.26
34 27 0.22
28 34 0.26
29 34 0.23
97 34 7.0E-4
35 3 0.44
35 4 0.08
35 6 0.2
35 7 0.08
35 8 0.26
35 10 0.11
35 11 0.2
35 12 0.06
35 13 0.17
35 21 0.2
35 23 0.08
35 24 0.24
35 28 0.38
35 29 0.27
35 30 0.28
35 31 0.08
35 33 0.18
35 34 0.11
35 97 2.0E-4
8 36 0.32
36 18 0.58
24 36 0.29
28 36 0.11
97 36 2.0E-4
37 2 0.1
37 3 0.13
37 5 0.27
37 6 0.53
37 8 0.36
37 12 0.16
37 13 0.34
37 14 0.38
37 16 0.53
37 17 0.27
37 24 0.11
37 26 0.12
37 27 0.1
37 28 0.28
37 29 0.37
37 33 0.48
37 35 0.1
37 97 2.0E-4
2 38 0.6
3 38 0.08
5 38 0.32
10 38 0.18
15 38 0.18
38 17 0.63
18 38 0.26
38 22 0.32
23 38 0.13
24 38 0.26
25 38 0.17
26 38 0.28
27 38 0.48
28 38 0.24
29 38 0.32
38 32 0.45
33 38 0.14
37 38 0.17
97 38 5.0E-4
3 39 0.18
11 39 0.71
39 19 1.0
39 20 1.0
28 39 0.11
29 39 0.14
34 39 0.41
97 39 3.0E-4
40 2 0.11
40 3 0.29
40 6 0.29
40 8 0.26
40 11 0.29
40 13 0.12
40 17 0.29
40 18 0.24
40 24 0.24
40 26 0.13
40 27 0.11
40 28 0.26
40 29 0.23
40 33 0.26
40 34 0.33
40 35 0.34
40 36 0.41
40 37 0.31
40 38 0.18
40 97 7.0E-4
3 41 0.25
11 41 0.5
41 19 0.71
41 20 0.71
28 41 0.15
29 41 0.1
34 41 0.29
35 41 0.2
41 39 0.71
97 41 2.0E-4
3 42 0.25
42 9 0.71
28 42 0.15
29 42 0.1
42 34 0.29
35 42 0.2
40 42 0.29
97 42 1.0E-4
43 1 0.35
43 2 0.76
8 43 0.11
13 43 0.21
43 15 0.72
43 25 0.8
43 26 0.89
43 27 0.76
28 43 0.3
29 43 0.3
43 34 0.29
97 43 9.0E-4
2 44 0.38
8 44 0.22
15 44 0.29
25 44 0.53
26 44 0.45
27 44 0.38
28 44 0.15
29 44 0.1
43 44 0.5
97 44 2.0E-4
3 45 0.25
11 45 0.5
45 19 0.71
45 20 0.71
28 45 0.15
29 45 0.2
34 45 0.58
45 39 0.71
40 45 0.29
41 45 0.5
97 45 5.0E-4
46 5 0.71
6 46 0.71
8 46 0.32
13 46 0.3
46 14 1.0
46 16 0.71
28 46 0.11
29 46 0.14
37 46 0.38
97 46 3.0E-4
3 47 0.47
47 9 0.38
47 11 0.53
47 19 0.38
47 20 0.38
28 47 0.28
29 47 0.27
47 34 0.46
35 47 0.42
47 39 0.38
40 47 0.46
47 41 0.53
47 42 0.53
47 45 0.53
97 47 7.0E-4
3 48 0.47
48 9 0.38
48 11 0.53
48 19 0.38
48 20 0.38
28 48 0.28
29 48 0.21
48 34 0.31
35 48 0.42
48 39 0.38
40 48 0.31
48 41 0.53
48 42 0.53
48 45 0.27
48 47 0.86
97 48 4.0E-4
49 5 0.41
6 49 0.41
8 49 0.55
13 49 0.52
49 14 0.58
49 16 0.41
21 49 0.41
24 49 0.33
28 49 0.18
29 49 0.24
33 49 0.18
35 49 0.16
37 49 0.22
49 46 0.58
97 49 3.0E-4
50 5 0.71
6 50 0.71
8 50 0.32
13 50 0.3
50 14 1.0
50 16 0.71
28 50 0.11
29 50 0.14
37 50 0.38
50 46 1.0
50 49 0.58
97 50 3.0E-4
8 51 0.32
51 18 0.58
24 51 0.29
28 51 0.11
51 36 1.0
40 51 0.41
97 51 2.0E-4
2 52 0.46
3 52 0.1
10 52 0.24
15 52 0.24
52 17 0.41
18 52 0.33
23 52 0.17
24 52 0.17
25 52 0.22
26 52 0.37
27 52 0.46
28 52 0.18
29 52 0.24
52 32 0.58
33 52 0.18
37 52 0.22
38 52 0.77
40 52 0.24
97 52 4.0E-4
2 53 0.27
17 53 0.71
24 53 0.29
26 53 0.32
27 53 0.27
28 53 0.11
29 53 0.14
33 53 0.32
37 53 0.38
38 53 0.45
40 53 0.41
52 53 0.58
97 53 2.0E-4
54 2 0.27
3 54 0.24
54 5 0.47
6 54 0.24
8 54 0.42
54 10 0.14
54 12 0.07
13 54 0.7
54 14 0.33
54 15 0.14
54 16 0.47
54 18 0.19
54 21 0.24
54 22 0.24
54 23 0.1
54 24 0.38
54 25 0.13
54 26 0.21
54 27 0.27
28 54 0.32
29 54 0.38
54 32 0.33
37 54 0.25
54 38 0.3
54 43 0.12
54 46 0.33
54 49 0.38
54 50 0.33
54 52 0.19
54 97 4.0E-4
4 55 0.3
7 55 0.45
10 55 0.2
23 55 0.29
28 55 0.21
29 55 0.14
31 55 0.14
97 55 0.0
56 1 0.18
56 2 0.67
56 3 0.29
56 4 0.11
56 5 0.13
56 6 0.13
56 7 0.05
56 8 0.34
56 9 0.18
56 10 0.15
56 11 0.13
56 12 0.12
56 13 0.43
56 15 0.44
56 16 0.13
56 17 0.25
56 18 0.1
56 21 0.13
56 22 0.25
56 23 0.1
56 24 0.31
56 25 0.48
56 26 0.57
56 27 0.67
56 28 0.59
56 29 0.64
56 30 0.18
56 31 0.05
56 32 0.18
56 33 0.23
56 34 0.15
56 35 0.3
56 37 0.27
56 38 0.4
56 40 0.22
56 41 0.13
56 42 0.13
56 43 0.51
56 44 0.25
56 47 0.2
56 48 0.27
56 49 0.21
56 52 0.31
56 53 0.18
56 54 0.42
56 55 0.09
56 97 0.0017
57 1 0.28
57 2 0.67
3 57 0.15
57 5 0.2
6 57 0.2
8 57 0.35
57 10 0.11
57 12 0.06
13 57 0.5
57 14 0.28
57 15 0.68
57 16 0.39
57 18 0.16
57 23 0.08
24 57 0.08
57 25 0.73
57 26 0.79
57 27 0.74
28 57 0.38
29 57 0.43
57 32 0.28
57 34 0.23
37 57 0.21
57 38 0.12
57 43 0.78
57 44 0.39
57 46 0.28
57 49 0.16
57 50 0.28
57 52 0.16
54 57 0.55
56 57 0.6
57 97 0.0012
2 58 0.55
3 58 0.07
13 58 0.25
58 17 0.58
22 58 0.29
24 58 0.12
26 58 0.26
27 58 0.65
28 58 0.26
29 58 0.35
33 58 0.13
37 58 0.15
38 58 0.55
40 58 0.17
43 58 0.14
58 52 0.47
58 53 0.41
54 58 0.27
56 58 0.44
57 58 0.23
97 58 1.0E-4
59 1 0.3
59 2 0.64
3 59 0.16
4 59 0.09
8 59 0.19
10 59 0.25
12 59 0.07
13 59 0.18
59 15 0.74
59 17 0.21
59 18 0.17
21 59 0.21
23 59 0.17
24 59 0.26
59 25 0.8
59 26 0.76
59 27 0.73
28 59 0.35
29 59 0.38
59 30 0.3
31 59 0.09
59 32 0.3
33 59 0.19
59 34 0.25
35 59 0.17
37 59 0.11
59 38 0.27
40 59 0.12
59 43 0.64
59 44 0.43
49 59 0.17
59 52 0.35
59 53 0.3
54 59 0.2
56 59 0.6
57 59 0.67
59 58 0.25
97 59 0.0019
60 2 0.53
60 15 0.61
60 25 0.76
60 26 0.63
60 27 0.53
28 60 0.21
29 60 0.14
60 34 0.41
60 43 0.71
60 44 0.35
56 60 0.36
57 60 0.55
60 59 0.6
97 60 8.0E-4
61 1 0.38
2 61 0.61
3 61 0.13
8 61 0.12
10 61 0.15
13 61 0.23
15 61 0.62
61 18 0.22
23 61 0.11
25 61 0.71
26 61 0.72
27 61 0.71
28 61 0.28
29 61 0.27
61 32 0.38
61 38 0.17
43 61 0.67
61 44 0.53
61 52 0.22
54 61 0.25
56 61 0.48
57 61 0.73
61 58 0.15
59 61 0.68
60 61 0.38
97 61 8.0E-4
2 62 0.22
3 62 0.07
4 62 0.12
7 62 0.12
8 62 0.13
13 62 0.25
62 17 0.29
62 18 0.24
24 62 0.12
26 62 0.13
27 62 0.33
28 62 0.26
29 62 0.29
33 62 0.13
62 36 0.41
37 62 0.15
62 38 0.18
40 62 0.17
43 62 0.14
62 51 0.41
54 62 0.27
55 62 0.2
56 62 0.29
57 62 0.23
62 58 0.5
59 62 0.12
61 62 0.15
97 62 2.0E-4
3 63 0.1
4 63 0.17
8 63 0.18
10 63 0.24
12 63 0.13
63 18 0.33
23 63 0.17
24 63 0.33
28 63 0.18
29 63 0.16
63 30 0.58
31 63 0.17
35 63 0.16
63 36 0.58
40 63 0.24
63 51 0.58
56 63 0.21
63 59 0.17
63 62 0.24
97 63 3.0E-4
8 64 0.32
13 64 0.3
21 64 0.71
24 64 0.29
28 64 0.11
29 64 0.14
33 64 0.32
35 64 0.28
49 64 0.58
56 64 0.18
59 64 0.3
97 64 2.0E-4
2 65 0.15
8 65 0.18
12 65 0.13
15 65 0.24
23 65 0.17
25 65 0.22
26 65 0.18
27 65 0.15
28 65 0.18
29 65 0.16
34 65 0.24
43 65 0.2
56 65 0.1
57 65 0.16
59 65 0.17
60 65 0.29
97 65 1.0E-4
3 66 0.13
8 66 0.22
12 66 0.15
23 66 0.2
28 66 0.15
29 66 0.2
34 66 0.29
40 66 0.29
66 45 0.5
47 66 0.27
65 66 0.41
97 66 1.0E-4
67 1 0.15
67 2 0.55
3 67 0.36
67 4 0.36
67 5 0.21
6 67 0.1
67 7 0.36
8 67 0.37
67 9 0.15
67 10 0.24
67 11 0.21
67 12 0.29
13 67 0.44
67 14 0.15
67 15 0.36
67 16 0.21
67 17 0.21
67 18 0.17
67 19 0.15
67 20 0.15
67 21 0.21
67 22 0.21
67 23 0.21
67 24 0.38
67 25 0.39
67 26 0.47
67 27 0.55
28 67 0.72
29 67 0.71
67 30 0.15
67 31 0.3
67 32 0.15
33 67 0.14
67 34 0.24
35 67 0.16
67 36 0.15
37 67 0.17
67 38 0.33
67 39 0.15
40 67 0.24
67 41 0.1
67 42 0.1
67 43 0.42
67 44 0.21
67 45 0.21
67 46 0.15
67 47 0.22
67 48 0.17
67 49 0.26
67 50 0.15
67 51 0.15
67 52 0.26
67 53 0.15
67 54 0.44
67 55 0.29
56 67 0.69
67 57 0.53
67 58 0.36
67 59 0.49
67 60 0.29
67 61 0.39
67 62 0.3
67 63 0.26
67 64 0.15
67 65 0.09
67 66 0.1
67 97 0.0020
2 68 0.55
3 68 0.14
5 68 0.29
10 68 0.17
13 68 0.12
15 68 0.17
68 17 0.58
18 68 0.24
68 22 0.58
23 68 0.12
24 68 0.24
25 68 0.15
26 68 0.26
27 68 0.55
28 68 0.26
29 68 0.35
68 32 0.41
33 68 0.13
37 68 0.15
68 38 0.73
40 68 0.17
68 52 0.47
68 53 0.41
54 68 0.41
56 68 0.44
57 68 0.23
68 58 0.67
59 68 0.37
61 68 0.31
62 68 0.33
67 68 0.36
97 68 5.0E-4
3 69 0.14
69 5 0.29
6 69 0.29
8 69 0.52
69 12 0.09
13 69 0.62
69 14 0.41
69 16 0.58
69 21 0.58
69 24 0.35
28 69 0.26
29 69 0.29
33 69 0.13
35 69 0.11
37 69 0.31
69 46 0.41
69 49 0.47
69 50 0.41
69 54 0.54
56 69 0.29
69 57 0.34
69 59 0.12
69 63 0.24
69 64 0.41
69 67 0.36
69 97 3.0E-4
70 5 0.71
6 70 0.71
8 70 0.32
13 70 0.3
70 14 1.0
70 16 0.71
28 70 0.11
29 70 0.14
37 70 0.38
70 46 1.0
70 49 0.58
70 50 1.0
54 70 0.33
57 70 0.28
67 70 0.15
69 70 0.41
97 70 3.0E-4
3 71 0.1
8 71 0.37
13 71 0.52
71 21 0.82
71 24 0.5
28 71 0.18
29 71 0.16
33 71 0.18
35 71 0.16
71 49 0.33
71 54 0.38
56 71 0.21
71 57 0.16
71 59 0.17
71 64 0.58
71 67 0.26
71 69 0.71
71 97 1.0E-4
3 72 0.09
8 72 0.47
13 72 0.6
72 21 0.71
72 24 0.58
28 72 0.21
29 72 0.21
33 72 0.16
35 72 0.14
72 49 0.58
72 54 0.5
56 72 0.27
72 57 0.14
72 59 0.15
72 64 0.5
72 67 0.29
72 69 0.61
72 71 0.87
72 97 1.0E-4
73 2 0.24
3 73 0.08
73 5 0.32
13 73 0.13
73 21 0.32
73 22 0.32
73 24 0.39
73 27 0.12
28 73 0.24
29 73 0.19
73 38 0.4
73 52 0.26
73 54 0.3
56 73 0.24
73 58 0.18
73 63 0.26
73 67 0.26
73 68 0.18
73 69 0.37
73 71 0.26
73 72 0.22
73 97 1.0E-4
74 2 0.09
3 74 0.29
74 5 0.24
6 74 0.24
8 74 0.42
74 11 0.24
74 12 0.15
13 74 0.4
74 14 0.33
74 15 0.14
74 16 0.47
74 21 0.47
74 24 0.29
74 25 0.13
74 26 0.11
74 27 0.09
28 74 0.32
29 74 0.28
33 74 0.11
74 34 0.14
35 74 0.18
37 74 0.25
40 74 0.27
74 43 0.12
74 44 0.24
74 45 0.24
74 46 0.33
74 47 0.25
74 48 0.25
74 49 0.38
74 50 0.33
74 54 0.33
56 74 0.3
74 57 0.28
74 59 0.2
74 61 0.13
74 64 0.33
74 66 0.24
74 67 0.34
74 69 0.54
74 70 0.33
74 71 0.38
74 72 0.33
74 73 0.15
74 97 6.0E-4
3 75 0.25
4 75 0.43
10 75 0.29
12 75 0.31
23 75 0.2
24 75 0.2
28 75 0.15
29 75 0.1
75 30 0.71
31 75 0.2
35 75 0.2
56 75 0.13
75 59 0.21
75 63 0.41
67 75 0.21
97 75 1.0E-4
76 2 0.32
3 76 0.16
76 5 0.21
8 76 0.19
13 76 0.27
76 17 0.43
76 21 0.43
76 22 0.21
76 23 0.09
76 24 0.52
76 26 0.1
76 27 0.24
28 76 0.35
29 76 0.3
33 76 0.38
35 76 0.08
37 76 0.11
76 38 0.54
40 76 0.12
76 49 0.35
76 52 0.35
76 53 0.3
76 54 0.3
56 76 0.38
76 58 0.37
76 59 0.18
76 62 0.12
76 63 0.17
76 64 0.3
76 67 0.36
76 68 0.37
76 69 0.37
76 71 0.35
76 72 0.45
76 73 0.67
76 74 0.2
76 97 3.0E-4
77 1 0.2
77 2 0.73
3 77 0.17
4 77 0.35
77 5 0.14
7 77 0.06
8 77 0.06
77 10 0.4
12 77 0.17
13 77 0.24
77 15 0.48
77 17 0.28
77 18 0.11
77 22 0.28
77 23 0.45
24 77 0.17
77 25 0.52
77 26 0.62
77 27 0.73
28 77 0.54
29 77 0.67
77 30 0.2
31 77 0.62
77 32 0.2
33 77 0.06
77 34 0.16
35 77 0.05
37 77 0.07
77 38 0.44
40 77 0.08
77 43 0.55
77 44 0.28
77 52 0.34
77 53 0.2
54 77 0.26
77 55 0.1
56 77 0.56
57 77 0.54
77 58 0.48
77 59 0.59
77 60 0.39
77 61 0.52
77 62 0.24
77 63 0.11
77 65 0.11
67 77 0.61
77 68 0.48
73 77 0.18
74 77 0.07
77 75 0.14
76 77 0.24
97 77 0.0011
78 1 0.38
78 2 0.71
3 78 0.07
8 78 0.12
10 78 0.15
78 15 0.93
78 18 0.22
23 78 0.11
78 25 1.0
78 26 0.84
78 27 0.71
28 78 0.28
29 78 0.27
78 32 0.38
78 34 0.31
78 38 0.17
78 43 0.8
78 44 0.53
78 52 0.22
54 78 0.13
56 78 0.48
57 78 0.73
78 59 0.8
78 60 0.76
78 61 0.71
78 65 0.22
67 78 0.39
78 68 0.15
74 78 0.13
77 78 0.52
97 78 0.0013
79 2 0.12
3 79 0.35
79 4 0.66
7 79 0.2
8 79 0.07
79 10 0.53
79 11 0.15
12 79 0.48
13 79 0.07
79 15 0.18
79 18 0.13
79 19 0.22
79 20 0.22
79 23 0.57
24 79 0.13
79 25 0.16
79 26 0.14
79 27 0.12
28 79 0.49
29 79 0.46
79 30 0.22
79 31 0.76
79 32 0.22
33 79 0.07
79 34 0.09
35 79 0.06
79 38 0.1
79 39 0.22
79 41 0.15
79 43 0.08
79 44 0.15
79 45 0.15
47 79 0.08
48 79 0.08
79 52 0.13
54 79 0.07
79 55 0.22
56 79 0.16
57 79 0.12
79 59 0.2
79 61 0.16
79 63 0.13
67 79 0.45
79 68 0.09
74 79 0.07
79 75 0.31
79 77 0.56
79 78 0.16
97 79 2.0E-4
3 80 0.09
8 80 0.16
13 80 0.3
80 21 0.71
80 24 0.29
28 80 0.21
29 80 0.14
33 80 0.16
35 80 0.14
80 49 0.29
80 54 0.17
56 80 0.09
80 59 0.15
80 64 0.5
80 67 0.15
80 69 0.41
80 71 0.58
80 72 0.5
80 73 0.22
80 74 0.33
80 76 0.3
80 97 1.0E-4
81 2 0.27
3 81 0.09
81 5 0.35
13 81 0.15
81 17 0.35
81 21 0.35
81 22 0.35
81 24 0.58
81 26 0.16
81 27 0.13
28 81 0.21
29 81 0.14
33 81 0.16
37 81 0.19
81 38 0.45
40 81 0.2
81 52 0.29
81 53 0.5
81 54 0.33
56 81 0.18
81 58 0.2
81 59 0.15
81 67 0.22
81 68 0.41
81 69 0.2
81 71 0.29
81 72 0.25
81 73 0.67
81 74 0.17
81 76 0.6
81 77 0.2
81 80 0.25
81 97 3.0E-4
82 2 0.19
82 3 0.19
82 6 0.25
82 8 0.22
82 10 0.14
82 12 0.08
82 13 0.21
82 15 0.29
82 18 0.2
82 23 0.1
82 25 0.27
82 26 0.22
82 27 0.28
82 28 0.3
82 29 0.3
82 32 0.35
82 33 0.22
82 35 0.1
82 37 0.27
82 38 0.16
82 40 0.14
82 43 0.13
82 44 0.25
82 52 0.2
82 54 0.24
82 56 0.38
82 57 0.29
82 58 0.14
82 59 0.32
82 61 0.4
82 62 0.14
82 67 0.21
82 68 0.29
82 74 0.12
82 77 0.21
82 78 0.27
82 79 0.23
82 97 1.0E-4
83 1 0.32
83 2 0.76
3 83 0.06
8 83 0.1
13 83 0.29
83 15 0.65
83 17 0.22
24 83 0.09
83 25 0.72
83 26 0.9
83 27 0.85
28 83 0.34
29 83 0.36
33 83 0.1
83 34 0.26
37 83 0.12
83 38 0.14
40 83 0.13
83 43 0.89
83 44 0.45
83 52 0.18
83 53 0.32
54 83 0.21
56 83 0.57
57 83 0.79
83 58 0.39
83 59 0.76
83 60 0.63
83 61 0.72
83 62 0.26
83 65 0.18
67 83 0.47
83 68 0.26
74 83 0.11
76 83 0.1
77 83 0.62
83 78 0.72
79 83 0.07
81 83 0.16
82 83 0.22
97 83 0.0011
84 1 0.45
84 2 0.6
8 84 0.14
84 15 0.73
84 25 0.85
84 26 0.71
84 27 0.6
28 84 0.24
29 84 0.19
84 34 0.18
84 43 0.79
84 44 0.63
56 84 0.4
57 84 0.62
84 59 0.67
84 60 0.67
84 61 0.68
67 84 0.33
74 84 0.15
77 84 0.44
84 78 0.85
79 84 0.1
82 84 0.16
84 83 0.71
97 84 8.0E-4
2 85 0.38
3 85 0.13
10 85 0.29
15 85 0.29
85 17 0.5
18 85 0.41
23 85 0.2
25 85 0.27
26 85 0.22
27 85 0.38
28 85 0.15
29 85 0.2
85 32 0.71
38 85 0.63
52 85 0.41
54 85 0.24
56 85 0.25
57 85 0.2
58 85 0.29
59 85 0.21
61 85 0.27
62 85 0.29
67 85 0.21
68 85 0.58
76 85 0.21
77 85 0.28
78 85 0.27
79 85 0.15
82 85 0.25
97 85 2.0E-4
86 1 0.5
2 86 0.4
3 86 0.09
4 86 0.15
8 86 0.16
10 86 0.2
12 86 0.11
15 86 0.61
23 86 0.14
24 86 0.14
25 86 0.57
26 86 0.47
27 86 0.4
28 86 0.21
29 86 0.21
86 30 0.5
31 86 0.14
35 86 0.14
43 86 0.53
86 44 0.35
56 86 0.36
57 86 0.42
59 86 0.6
60 86 0.25
86 61 0.57
63 86 0.29
67 86 0.29
74 86 0.17
75 86 0.35
77 86 0.39
78 86 0.57
79 86 0.22
82 86 0.18
83 86 0.47
84 86 0.67
97 86 6.0E-4
8 87 0.32
13 87 0.3
21 87 0.71
24 87 0.29
28 87 0.11
29 87 0.14
33 87 0.32
35 87 0.28
49 87 0.58
56 87 0.18
59 87 0.3
87 64 1.0
67 87 0.15
69 87 0.41
71 87 0.58
72 87 0.5
74 87 0.33
76 87 0.3
80 87 0.5
97 87 2.0E-4
3 88 0.18
28 88 0.11
29 88 0.14
34 88 0.41
40 88 0.41
88 45 0.71
47 88 0.38
66 88 0.71
67 88 0.15
74 88 0.33
97 88 2.0E-4
3 89 0.2
89 5 0.41
6 89 0.41
8 89 0.18
13 89 0.17
89 14 0.58
89 16 0.41
23 89 0.17
28 89 0.18
29 89 0.08
33 89 0.37
37 89 0.22
89 46 0.58
89 49 0.33
89 50 0.58
54 89 0.19
57 89 0.16
67 89 0.09
69 89 0.24
89 70 0.58
74 89 0.19
76 89 0.35
97 89 1.0E-4
2 90 0.51
12 90 0.16
13 90 0.23
15 90 0.31
90 17 0.27
24 90 0.11
25 90 0.29
26 90 0.6
27 90 0.51
28 90 0.28
29 90 0.27
33 90 0.12
34 90 0.15
37 90 0.14
38 90 0.17
40 90 0.15
43 90 0.53
90 52 0.22
90 53 0.38
54 90 0.13
56 90 0.34
57 90 0.42
90 58 0.31
59 90 0.34
60 90 0.38
61 90 0.29
62 90 0.15
90 65 0.22
67 90 0.28
68 90 0.15
76 90 0.11
77 90 0.37
78 90 0.29
81 90 0.19
83 90 0.6
84 90 0.17
86 90 0.19
97 90 4.0E-4
91 3 0.28
91 5 0.22
91 6 0.45
91 8 0.3
91 9 0.32
91 12 0.07
91 13 0.29
91 14 0.32
91 16 0.45
91 24 0.09
91 28 0.34
91 29 0.36
91 33 0.2
91 34 0.26
91 35 0.26
91 37 0.48
91 40 0.39
91 42 0.45
91 45 0.22
91 46 0.32
91 47 0.36
91 48 0.24
91 49 0.18
91 50 0.32
91 54 0.21
91 56 0.23
91 57 0.18
91 66 0.22
91 67 0.19
91 69 0.26
91 70 0.32
91 73 0.14
91 74 0.32
91 76 0.1
91 81 0.16
91 82 0.34
91 88 0.32
91 89 0.18
91 97 3.0E-4
2 92 0.46
13 92 0.35
92 17 0.41
24 92 0.17
26 92 0.55
27 92 0.46
28 92 0.18
29 92 0.24
33 92 0.18
37 92 0.22
38 92 0.26
40 92 0.24
43 92 0.41
92 52 0.33
92 53 0.58
54 92 0.19
56 92 0.31
57 92 0.32
92 58 0.47
59 92 0.17
61 92 0.22
62 92 0.24
67 92 0.26
68 92 0.24
76 92 0.17
77 92 0.34
81 92 0.29
83 92 0.55
92 90 0.65
97 92 2.0E-4
93 1 0.38
2 93 0.71
5 93 0.27
13 93 0.23
15 93 0.15
93 17 0.53
93 22 0.53
24 93 0.22
25 93 0.14
26 93 0.48
27 93 0.61
28 93 0.28
29 93 0.37
33 93 0.12
37 93 0.14
93 38 0.51
40 93 0.15
43 93 0.4
93 52 0.22
93 53 0.38
54 93 0.25
56 93 0.48
57 93 0.31
93 58 0.62
59 93 0.23
93 61 0.29
93 62 0.31
67 93 0.39
93 68 0.62
73 93 0.17
76 93 0.34
77 93 0.52
78 93 0.14
81 93 0.38
83 93 0.48
84 93 0.17
93 85 0.27
93 86 0.19
93 90 0.43
93 92 0.65
97 93 5.0E-4
3 94 0.18
94 11 0.71
28 94 0.11
29 94 0.14
35 94 0.28
40 94 0.41
47 94 0.38
48 94 0.38
56 94 0.18
67 94 0.15
74 94 0.33
97 94 2.0E-4
95 1 0.33
95 2 0.45
3 95 0.06
95 5 0.24
6 95 0.24
8 95 0.32
12 95 0.07
13 95 0.2
95 14 0.33
95 15 0.54
95 16 0.47
24 95 0.1
95 25 0.63
95 26 0.53
95 27 0.45
28 95 0.32
29 95 0.28
95 34 0.14
37 95 0.25
95 43 0.59
95 44 0.47
95 46 0.33
95 49 0.19
95 50 0.33
54 95 0.22
56 95 0.42
57 95 0.65
95 59 0.5
95 60 0.5
95 61 0.5
95 63 0.19
95 65 0.19
67 95 0.39
69 95 0.41
95 70 0.33
73 95 0.3
74 95 0.33
76 95 0.2
77 95 0.33
95 78 0.63
79 95 0.07
81 95 0.17
82 95 0.12
95 83 0.53
95 84 0.6
95 86 0.5
95 89 0.19
95 90 0.25
91 95 0.32
95 93 0.13
97 95 8.0E-4
3 96 0.13
96 5 0.27
6 96 0.27
8 96 0.48
96 12 0.08
13 96 0.57
96 14 0.38
96 16 0.53
96 21 0.53
96 24 0.33
28 96 0.28
29 96 0.32
33 96 0.24
35 96 0.1
37 96 0.43
96 46 0.38
96 49 0.65
96 50 0.38
96 54 0.5
56 96 0.2
96 57 0.21
96 59 0.11
96 62 0.15
96 64 0.38
96 67 0.28
96 69 0.62
96 70 0.38
96 71 0.44
96 72 0.57
96 73 0.17
96 74 0.5
96 76 0.34
96 80 0.38
96 81 0.19
82 96 0.13
96 87 0.38
96 89 0.22
91 96 0.36
96 95 0.25
96 97 2.0E-4
