*Vertices  87
1 "显示器"
2 "衬底"
3 "LED灯"
4 "容器"
5 "光膜"
6 "控制器"
7 "处理器"
8 "荧光粉"
9 "工质"
10 "开关"
11 "发光荧光材料"
12 "柔性高分子材料"
13 "GAN"
14 "塑料光转换荧光粒料"
15 "助剂"
16 "聚合物树脂"
17 "硼酸"
18 "EP"
19 "LED外延片"
20 "外延片"
21 "外延"
22 "LED"
23 "二极管"
24 "模糊增强算法"
25 "玻璃"
26 "通道"
27 "LED光源"
28 "塑料"
29 "转换器"
30 "铝基板"
31 "缓冲层"
32 "晶体振荡器"
33 "内量子效率"
34 "基座"
35 "IP软核"
36 "稀释剂"
37 "散热片"
38 "散热器"
39 "光谱仪"
40 "荧光体"
41 "硅橡胶"
42 "SiO2"
43 "半导体"
44 "电路板"
45 "Al2O3"
46 "MQW"
47 "ITO"
48 "客户"
49 "荧光光谱"
50 "金属银纳米粒子"
51 "LED照明设备"
52 "LED芯片"
53 "芯片"
54 "存储器"
55 "酸盐"
56 "硅油"
57 "SrCO3"
58 "Eu2O3"
59 "硝酸"
60 "Eu2"
61 "去离子水"
62 "硬脂酰胺"
63 "液体石蜡"
64 "灰度"
65 "离子"
66 "电极"
67 "接触层"
68 "边缘检测"
69 "电阻"
70 "基色"
71 "丙酮"
72 "激光"
73 "MOCVD"
74 "标准芯片工艺制作"
75 "空穴"
76 "玻璃体"
77 "转动轴"
78 "臭氧"
79 "聚光镜"
80 "透镜"
81 "吸液芯"
82 "甲基"
83 "VGA"
84 "固定支架"
85 "激发光"
86 "DMA"
87 "Li"
*Arcs
1 87 1.0E-4
87 2 1.0E-4
3 1 0.13
3 2 0.05
3 87 7.0E-4
4 2 0.19
87 4 4.0E-4
5 1 0.27
5 3 0.13
5 4 0.5
5 87 4.0E-4
1 6 0.14
87 6 1.0E-4
7 1 0.36
7 3 0.17
7 5 0.22
7 6 0.48
7 87 1.0E-4
8 1 0.24
8 2 0.08
8 3 0.17
8 4 0.22
8 5 0.45
8 6 0.12
8 7 0.1
8 87 0.0012
3 9 0.25
87 9 3.0E-4
1 10 0.08
3 10 0.39
10 6 0.25
7 10 0.28
8 10 0.14
87 10 2.0E-4
11 1 0.23
11 2 0.16
11 3 0.27
11 4 0.21
11 5 0.43
11 7 0.1
11 8 0.57
11 10 0.13
11 87 0.0012
12 4 0.71
5 12 0.71
8 12 0.32
11 12 0.3
87 12 7.0E-4
13 2 0.65
3 13 0.07
8 13 0.13
87 13 1.0E-4
1 14 0.38
3 14 0.18
8 14 0.32
10 14 0.22
11 14 0.3
87 14 6.0E-4
1 15 0.27
3 15 0.13
15 4 0.5
5 15 0.5
8 15 0.45
10 15 0.15
11 15 0.43
15 12 0.71
15 14 0.71
87 15 0.0013
1 16 0.38
3 16 0.18
8 16 0.32
10 16 0.22
11 16 0.3
16 14 1.0
16 15 0.71
87 16 6.0E-4
3 17 0.13
8 17 0.22
11 17 0.43
87 17 0.0011
18 2 0.15
3 18 0.2
18 4 0.2
18 6 0.11
7 18 0.18
8 18 0.46
18 10 0.19
11 18 0.35
18 17 0.41
87 18 7.0E-4
19 2 0.71
3 19 0.07
8 19 0.12
19 13 0.93
87 19 1.0E-4
20 2 0.85
3 20 0.06
8 20 0.1
11 20 0.19
20 13 0.77
18 20 0.09
20 19 0.84
87 20 1.0E-4
21 2 0.93
3 21 0.09
8 21 0.08
11 21 0.24
21 13 0.65
18 21 0.08
21 19 0.71
21 20 0.85
87 21 1.0E-4
22 1 0.28
22 2 0.4
22 3 0.6
22 4 0.15
22 5 0.15
22 6 0.28
22 7 0.34
22 8 0.34
22 9 0.15
22 10 0.49
22 11 0.35
22 12 0.11
22 13 0.26
22 14 0.11
22 15 0.15
22 16 0.11
22 17 0.15
22 18 0.37
22 19 0.28
22 20 0.34
22 21 0.4
22 87 0.0010
23 1 0.11
23 2 0.45
23 3 0.3
23 4 0.2
23 5 0.2
23 6 0.16
23 7 0.04
23 8 0.36
23 9 0.2
23 10 0.31
23 11 0.43
23 12 0.14
23 13 0.29
23 14 0.14
23 15 0.2
23 16 0.14
23 17 0.1
23 18 0.24
23 19 0.27
23 20 0.36
23 21 0.45
23 22 0.75
23 87 7.0E-4
24 6 0.38
7 24 0.32
10 24 0.22
18 24 0.29
22 24 0.11
87 24 6.0E-4
25 1 0.12
25 2 0.08
25 3 0.28
25 5 0.22
25 7 0.3
25 8 0.2
25 10 0.21
25 11 0.19
25 17 0.22
25 18 0.18
25 20 0.1
25 21 0.08
25 22 0.34
25 23 0.22
25 87 1.0E-4
1 26 0.15
26 2 0.22
3 26 0.22
26 9 0.29
26 13 0.33
26 19 0.31
26 20 0.26
26 21 0.22
22 26 0.26
23 26 0.23
87 26 2.0E-4
27 1 0.1
27 3 0.44
27 5 0.2
27 7 0.18
27 8 0.26
27 9 0.2
27 10 0.06
27 11 0.17
27 17 0.2
27 18 0.24
27 22 0.38
27 23 0.27
27 25 0.18
27 26 0.11
27 87 2.0E-4
28 1 0.29
28 2 0.1
28 3 0.13
28 4 0.27
28 5 0.53
28 6 0.14
28 7 0.12
28 8 0.36
28 10 0.16
28 11 0.34
28 12 0.38
28 14 0.38
28 15 0.53
28 16 0.38
28 18 0.11
28 20 0.12
28 21 0.1
28 22 0.28
28 23 0.37
28 25 0.48
28 27 0.1
28 87 5.0E-4
1 29 0.29
3 29 0.13
29 6 0.29
7 29 0.12
8 29 0.12
10 29 0.25
11 29 0.11
29 14 0.38
29 15 0.27
29 16 0.38
18 29 0.11
22 29 0.28
23 29 0.21
29 24 0.38
25 29 0.24
28 29 0.43
87 29 5.0E-4
30 1 0.15
30 2 0.11
30 3 0.29
30 5 0.29
30 7 0.13
30 8 0.26
30 9 0.29
30 11 0.12
30 18 0.24
30 20 0.13
30 21 0.11
30 22 0.26
30 23 0.23
30 25 0.26
30 26 0.33
30 27 0.34
30 28 0.31
30 87 4.0E-4
31 2 0.76
8 31 0.11
11 31 0.21
31 13 0.72
31 19 0.8
31 20 0.89
31 21 0.76
22 31 0.3
23 31 0.3
31 26 0.29
87 31 1.0E-4
3 32 0.13
32 6 0.27
7 32 0.22
10 32 0.31
18 32 0.2
22 32 0.15
32 24 0.71
25 32 0.22
32 29 0.27
87 32 4.0E-4
2 33 0.38
8 33 0.22
13 33 0.29
19 33 0.53
20 33 0.45
21 33 0.38
22 33 0.15
23 33 0.1
31 33 0.5
87 33 2.0E-4
3 34 0.25
9 34 0.5
22 34 0.15
23 34 0.2
26 34 0.58
30 34 0.29
87 34 3.0E-4
35 6 0.38
7 35 0.32
10 35 0.22
18 35 0.29
22 35 0.11
35 24 1.0
29 35 0.38
32 35 0.71
87 35 6.0E-4
36 4 0.71
5 36 0.71
8 36 0.32
11 36 0.3
36 12 1.0
36 15 0.71
22 36 0.11
23 36 0.14
28 36 0.38
87 36 7.0E-4
3 37 0.47
37 9 0.53
22 37 0.28
23 37 0.27
37 26 0.46
27 37 0.42
30 37 0.46
37 34 0.53
87 37 4.0E-4
3 38 0.47
38 9 0.53
22 38 0.28
23 38 0.21
38 26 0.31
27 38 0.42
30 38 0.31
38 34 0.27
38 37 0.86
87 38 4.0E-4
3 39 0.13
11 39 0.21
39 17 0.5
39 18 0.2
22 39 0.15
23 39 0.1
87 39 3.0E-4
40 4 0.41
5 40 0.41
8 40 0.55
11 40 0.52
40 12 0.58
40 15 0.41
17 40 0.41
18 40 0.33
22 40 0.18
23 40 0.24
25 40 0.18
27 40 0.16
28 40 0.22
40 36 0.58
87 40 0.0010
41 4 0.71
5 41 0.71
8 41 0.32
11 41 0.3
41 12 1.0
41 15 0.71
22 41 0.11
23 41 0.14
28 41 0.38
41 36 1.0
41 40 0.58
87 41 7.0E-4
1 42 0.13
42 2 0.27
3 42 0.24
42 4 0.47
5 42 0.24
8 42 0.42
42 10 0.07
11 42 0.7
42 12 0.33
42 13 0.14
42 14 0.33
42 15 0.47
42 16 0.33
42 17 0.24
42 18 0.38
42 19 0.13
42 20 0.21
42 21 0.27
22 42 0.32
23 42 0.38
28 42 0.25
42 29 0.13
42 31 0.12
42 36 0.33
42 39 0.24
42 40 0.38
42 41 0.33
87 42 9.0E-4
43 1 0.14
43 2 0.67
43 3 0.29
43 4 0.13
43 5 0.13
43 7 0.11
43 8 0.34
43 9 0.13
43 10 0.12
43 11 0.43
43 13 0.44
43 14 0.18
43 15 0.13
43 16 0.18
43 17 0.13
43 18 0.31
43 19 0.48
43 20 0.57
43 21 0.67
43 22 0.59
43 23 0.64
43 25 0.23
43 26 0.15
43 27 0.3
43 28 0.27
43 29 0.14
43 30 0.22
43 31 0.51
43 33 0.25
43 37 0.2
43 38 0.27
43 40 0.21
43 42 0.42
43 87 8.0E-4
44 1 0.15
44 3 0.43
44 5 0.29
44 7 0.13
44 8 0.13
44 10 0.18
44 11 0.12
44 22 0.26
44 23 0.06
44 25 0.39
44 27 0.11
44 28 0.15
44 30 0.17
44 32 0.29
44 38 0.15
44 43 0.15
44 87 2.0E-4
1 45 0.1
45 2 0.67
3 45 0.15
45 4 0.2
5 45 0.2
8 45 0.35
45 10 0.06
11 45 0.5
45 12 0.28
45 13 0.68
45 14 0.28
45 15 0.39
45 16 0.28
18 45 0.08
45 19 0.73
45 20 0.79
45 21 0.74
22 45 0.38
23 45 0.43
45 26 0.23
28 45 0.21
45 29 0.1
45 31 0.78
45 33 0.39
45 36 0.28
45 40 0.16
45 41 0.28
42 45 0.55
43 45 0.6
87 45 6.0E-4
46 2 0.64
3 46 0.16
8 46 0.19
10 46 0.07
11 46 0.18
46 13 0.74
17 46 0.21
18 46 0.26
46 19 0.8
46 20 0.76
46 21 0.73
22 46 0.35
23 46 0.38
25 46 0.19
46 26 0.25
27 46 0.17
28 46 0.11
30 46 0.12
46 31 0.64
46 33 0.43
40 46 0.17
42 46 0.2
43 46 0.6
45 46 0.67
87 46 3.0E-4
2 47 0.61
3 47 0.13
8 47 0.12
11 47 0.23
13 47 0.62
19 47 0.71
20 47 0.72
21 47 0.71
22 47 0.28
23 47 0.27
31 47 0.67
47 33 0.53
42 47 0.25
43 47 0.48
45 47 0.73
46 47 0.68
87 47 1.0E-4
1 48 0.22
3 48 0.2
7 48 0.37
8 48 0.18
10 48 0.25
11 48 0.17
48 14 0.58
48 15 0.41
48 16 0.58
18 48 0.17
22 48 0.18
23 48 0.08
27 48 0.16
28 48 0.22
29 48 0.22
42 48 0.19
43 48 0.21
45 48 0.16
87 48 2.0E-4
3 49 0.13
11 49 0.21
49 17 0.5
49 18 0.2
22 49 0.15
23 49 0.1
49 39 1.0
49 42 0.24
87 49 3.0E-4
8 50 0.32
11 50 0.3
17 50 0.71
18 50 0.29
22 50 0.11
23 50 0.14
25 50 0.32
27 50 0.28
40 50 0.58
43 50 0.18
46 50 0.3
87 50 5.0E-4
3 51 0.13
6 51 0.27
8 51 0.22
10 51 0.15
22 51 0.15
23 51 0.2
26 51 0.29
30 51 0.29
51 34 0.5
37 51 0.27
87 51 2.0E-4
52 2 0.52
3 52 0.26
52 4 0.34
5 52 0.17
8 52 0.23
52 9 0.34
52 10 0.05
11 52 0.15
52 12 0.24
52 13 0.5
52 15 0.17
17 52 0.17
18 52 0.35
52 19 0.55
52 20 0.54
52 21 0.45
22 52 0.44
23 52 0.48
25 52 0.15
52 26 0.4
27 52 0.2
28 52 0.18
30 52 0.4
52 31 0.43
52 33 0.17
52 34 0.34
52 36 0.24
52 37 0.37
52 38 0.28
52 40 0.28
52 41 0.24
42 52 0.24
43 52 0.57
45 52 0.47
52 46 0.66
52 47 0.37
52 50 0.24
52 51 0.17
87 52 8.0E-4
1 53 0.22
53 2 0.55
3 53 0.36
53 4 0.21
5 53 0.1
53 6 0.11
7 53 0.05
8 53 0.37
53 9 0.21
53 10 0.29
11 53 0.44
53 12 0.15
53 13 0.36
53 14 0.15
53 15 0.21
53 16 0.15
53 17 0.21
53 18 0.38
53 19 0.39
53 20 0.47
53 21 0.55
22 53 0.72
23 53 0.71
25 53 0.14
53 26 0.24
27 53 0.16
28 53 0.17
53 29 0.22
30 53 0.24
53 31 0.42
53 32 0.1
53 33 0.21
53 34 0.21
53 36 0.15
53 37 0.22
53 38 0.17
53 39 0.1
53 40 0.26
53 41 0.15
53 42 0.44
43 53 0.69
44 53 0.06
53 45 0.53
53 46 0.49
53 47 0.39
53 48 0.09
53 49 0.1
53 50 0.15
53 51 0.1
53 52 0.61
87 53 0.0010
1 54 0.38
54 6 0.19
7 54 0.47
10 54 0.11
18 54 0.14
22 54 0.21
54 24 0.5
27 54 0.14
29 54 0.38
32 54 0.35
54 35 0.5
43 54 0.09
48 54 0.29
53 54 0.07
87 54 2.0E-4
1 55 0.15
3 55 0.14
55 4 0.29
5 55 0.29
8 55 0.52
55 10 0.09
11 55 0.62
55 12 0.41
55 14 0.41
55 15 0.58
55 16 0.41
55 17 0.58
55 18 0.35
22 55 0.26
23 55 0.29
25 55 0.13
27 55 0.11
28 55 0.31
55 29 0.15
55 36 0.41
55 39 0.29
55 40 0.47
55 41 0.41
55 42 0.54
43 55 0.29
55 45 0.34
55 46 0.12
55 48 0.24
55 49 0.29
55 50 0.41
55 52 0.2
55 53 0.36
87 55 0.0018
56 4 0.71
5 56 0.71
8 56 0.32
11 56 0.3
56 12 1.0
56 15 0.71
22 56 0.11
23 56 0.14
28 56 0.38
56 36 1.0
56 40 0.58
56 41 1.0
42 56 0.33
45 56 0.28
52 56 0.24
53 56 0.15
55 56 0.41
87 56 7.0E-4
3 57 0.13
8 57 0.22
11 57 0.43
57 17 0.5
57 18 0.41
22 57 0.15
23 57 0.1
57 39 0.5
57 40 0.41
57 42 0.47
43 57 0.13
57 49 0.5
57 53 0.21
57 55 0.29
87 57 4.0E-4
3 58 0.13
8 58 0.22
11 58 0.43
58 17 0.5
58 18 0.41
22 58 0.15
23 58 0.1
58 39 0.5
58 40 0.41
58 42 0.47
43 58 0.13
58 49 0.5
58 53 0.21
58 55 0.29
58 57 1.0
87 58 4.0E-4
3 59 0.1
8 59 0.37
11 59 0.52
59 17 0.82
59 18 0.5
22 59 0.18
23 59 0.16
25 59 0.18
27 59 0.16
59 39 0.41
59 40 0.33
59 42 0.38
43 59 0.21
59 45 0.16
59 46 0.17
59 49 0.41
59 50 0.58
59 52 0.14
59 53 0.26
59 55 0.71
59 57 0.41
59 58 0.41
87 59 8.0E-4
3 60 0.09
8 60 0.47
11 60 0.6
60 17 0.71
60 18 0.58
22 60 0.21
23 60 0.21
25 60 0.16
27 60 0.14
60 39 0.35
60 40 0.58
60 42 0.5
43 60 0.27
60 45 0.14
60 46 0.15
60 49 0.35
60 50 0.5
60 52 0.12
60 53 0.29
60 55 0.61
60 57 0.71
60 58 0.71
60 59 0.87
87 60 7.0E-4
61 2 0.24
3 61 0.08
61 4 0.32
11 61 0.13
61 17 0.32
61 18 0.39
61 21 0.12
22 61 0.24
23 61 0.19
61 39 0.32
61 42 0.3
43 61 0.24
61 49 0.32
61 52 0.11
61 53 0.26
61 55 0.37
61 57 0.32
61 58 0.32
61 59 0.26
61 60 0.22
87 61 2.0E-4
1 62 0.38
3 62 0.18
8 62 0.32
10 62 0.22
11 62 0.3
62 14 1.0
62 15 0.71
62 16 1.0
22 62 0.11
23 62 0.14
28 62 0.38
29 62 0.38
42 62 0.33
43 62 0.18
45 62 0.28
62 48 0.58
53 62 0.15
55 62 0.41
87 62 6.0E-4
1 63 0.38
3 63 0.18
8 63 0.32
10 63 0.22
11 63 0.3
63 14 1.0
63 15 0.71
63 16 1.0
22 63 0.11
23 63 0.14
28 63 0.38
29 63 0.38
42 63 0.33
43 63 0.18
45 63 0.28
63 48 0.58
53 63 0.15
55 63 0.41
63 62 1.0
87 63 6.0E-4
64 6 0.38
7 64 0.32
10 64 0.22
18 64 0.29
22 64 0.11
64 24 1.0
29 64 0.38
32 64 0.71
64 35 1.0
64 54 0.5
87 64 6.0E-4
65 2 0.32
3 65 0.16
65 4 0.21
8 65 0.19
11 65 0.27
65 17 0.43
65 18 0.52
65 20 0.1
65 21 0.24
22 65 0.35
23 65 0.3
25 65 0.38
27 65 0.08
28 65 0.11
30 65 0.12
65 39 0.21
65 40 0.35
65 42 0.3
43 65 0.38
44 65 0.12
65 46 0.18
65 49 0.21
65 50 0.3
65 52 0.22
65 53 0.36
65 55 0.37
65 57 0.43
65 58 0.43
65 59 0.35
65 60 0.45
65 61 0.67
65 87 3.0E-4
66 2 0.73
3 66 0.17
66 4 0.14
66 6 0.07
8 66 0.06
10 66 0.17
11 66 0.24
66 13 0.48
18 66 0.17
66 19 0.52
66 20 0.62
66 21 0.73
22 66 0.54
23 66 0.67
25 66 0.06
66 26 0.16
27 66 0.05
28 66 0.07
66 29 0.07
30 66 0.08
66 31 0.55
66 33 0.28
42 66 0.26
43 66 0.56
45 66 0.54
66 46 0.59
66 47 0.52
52 66 0.43
53 66 0.61
61 66 0.18
65 66 0.24
87 66 1.0E-4
67 2 0.71
3 67 0.07
8 67 0.12
67 13 0.93
67 19 1.0
67 20 0.84
67 21 0.71
22 67 0.28
23 67 0.27
67 26 0.31
67 31 0.8
67 33 0.53
42 67 0.13
43 67 0.48
45 67 0.73
67 46 0.8
67 47 0.71
52 67 0.55
53 67 0.39
66 67 0.52
87 67 1.0E-4
68 6 0.38
7 68 0.32
10 68 0.22
18 68 0.29
22 68 0.11
68 24 1.0
29 68 0.38
32 68 0.71
68 35 1.0
68 54 0.5
68 64 1.0
87 68 6.0E-4
1 69 0.08
69 2 0.12
3 69 0.35
69 6 0.08
7 69 0.07
8 69 0.07
69 9 0.15
10 69 0.48
11 69 0.07
69 13 0.18
18 69 0.13
69 19 0.16
69 20 0.14
69 21 0.12
22 69 0.49
23 69 0.46
25 69 0.07
69 26 0.09
27 69 0.06
69 29 0.25
69 31 0.08
69 32 0.15
69 33 0.15
69 34 0.15
37 69 0.08
38 69 0.08
42 69 0.07
43 69 0.16
44 69 0.18
45 69 0.12
69 46 0.2
69 47 0.16
69 48 0.13
52 69 0.16
53 69 0.45
69 54 0.11
69 66 0.56
69 67 0.16
87 69 0.0
3 70 0.09
70 6 0.19
7 70 0.16
8 70 0.16
11 70 0.3
70 17 0.71
70 18 0.29
22 70 0.21
23 70 0.14
25 70 0.16
27 70 0.14
70 39 0.35
70 40 0.29
70 42 0.17
43 70 0.09
70 46 0.15
70 49 0.35
70 50 0.5
70 52 0.12
70 53 0.15
70 55 0.41
70 57 0.35
70 58 0.35
70 59 0.58
70 60 0.5
70 61 0.22
70 65 0.3
70 87 6.0E-4
71 2 0.27
3 71 0.09
71 4 0.35
11 71 0.15
71 17 0.35
71 18 0.58
71 20 0.16
71 21 0.13
22 71 0.21
23 71 0.14
25 71 0.16
28 71 0.19
30 71 0.2
71 39 0.35
71 42 0.33
43 71 0.18
71 46 0.15
71 49 0.35
71 52 0.24
71 53 0.22
71 55 0.2
71 57 0.35
71 58 0.35
71 59 0.29
71 60 0.25
71 61 0.67
71 65 0.6
71 66 0.2
71 70 0.25
71 87 2.0E-4
72 1 0.13
72 2 0.19
72 3 0.19
72 5 0.25
72 7 0.11
72 8 0.22
72 10 0.08
72 11 0.21
72 13 0.29
72 19 0.27
72 20 0.22
72 21 0.28
72 22 0.3
72 23 0.3
72 25 0.22
72 27 0.1
72 28 0.27
72 29 0.13
72 30 0.14
72 31 0.13
72 33 0.25
72 39 0.25
72 42 0.24
72 43 0.38
72 44 0.14
72 45 0.29
72 46 0.32
72 47 0.4
72 49 0.25
72 52 0.09
72 53 0.21
72 66 0.21
72 67 0.27
72 69 0.23
72 87 1.0E-4
73 2 0.76
3 73 0.06
8 73 0.1
11 73 0.29
73 13 0.65
18 73 0.09
73 19 0.72
73 20 0.9
73 21 0.85
22 73 0.34
23 73 0.36
25 73 0.1
73 26 0.26
28 73 0.12
30 73 0.13
73 31 0.89
73 33 0.45
42 73 0.21
43 73 0.57
45 73 0.79
73 46 0.76
73 47 0.72
52 73 0.46
53 73 0.47
65 73 0.1
66 73 0.62
73 67 0.72
69 73 0.07
71 73 0.16
72 73 0.22
87 73 1.0E-4
74 2 0.6
8 74 0.14
74 13 0.73
74 19 0.85
74 20 0.71
74 21 0.6
22 74 0.24
23 74 0.19
74 26 0.18
74 31 0.79
74 33 0.63
43 74 0.4
45 74 0.62
74 46 0.67
74 47 0.68
52 74 0.43
53 74 0.33
66 74 0.44
74 67 0.85
69 74 0.1
72 74 0.16
74 73 0.71
87 74 1.0E-4
2 75 0.4
3 75 0.09
8 75 0.16
10 75 0.11
13 75 0.61
18 75 0.14
19 75 0.57
20 75 0.47
21 75 0.4
22 75 0.21
23 75 0.21
27 75 0.14
31 75 0.53
75 33 0.35
43 75 0.36
45 75 0.42
46 75 0.6
75 47 0.57
52 75 0.36
53 75 0.29
66 75 0.39
67 75 0.57
69 75 0.22
72 75 0.18
73 75 0.47
74 75 0.67
87 75 1.0E-4
8 76 0.32
11 76 0.3
17 76 0.71
18 76 0.29
22 76 0.11
23 76 0.14
25 76 0.32
27 76 0.28
40 76 0.58
43 76 0.18
46 76 0.3
76 50 1.0
52 76 0.24
53 76 0.15
55 76 0.41
59 76 0.58
60 76 0.5
65 76 0.3
70 76 0.5
87 76 5.0E-4
3 77 0.18
22 77 0.11
23 77 0.14
26 77 0.41
30 77 0.41
77 34 0.71
37 77 0.38
51 77 0.71
52 77 0.24
53 77 0.15
87 77 4.0E-4
3 78 0.2
78 4 0.41
5 78 0.41
8 78 0.18
11 78 0.17
78 12 0.58
78 15 0.41
22 78 0.18
23 78 0.08
25 78 0.37
28 78 0.22
78 36 0.58
78 40 0.33
78 41 0.58
42 78 0.19
44 78 0.24
45 78 0.16
52 78 0.14
53 78 0.09
55 78 0.24
78 56 0.58
65 78 0.35
87 78 3.0E-4
3 79 0.18
22 79 0.11
38 79 0.38
43 79 0.18
44 79 0.41
87 79 5.0E-4
80 1 0.24
80 3 0.28
80 4 0.22
80 5 0.45
80 7 0.1
80 8 0.3
80 10 0.07
80 11 0.29
80 12 0.32
80 14 0.32
80 15 0.45
80 16 0.32
80 18 0.09
80 22 0.34
80 23 0.36
80 25 0.2
80 26 0.26
80 27 0.26
80 28 0.48
80 29 0.24
80 30 0.39
80 34 0.22
80 36 0.32
80 37 0.36
80 38 0.24
80 39 0.22
80 40 0.18
80 41 0.32
80 42 0.21
80 43 0.23
80 44 0.13
80 45 0.18
80 48 0.18
80 49 0.22
80 51 0.22
80 52 0.23
80 53 0.19
80 55 0.26
80 56 0.32
80 61 0.14
80 62 0.32
80 63 0.32
80 65 0.1
80 71 0.16
80 72 0.34
80 77 0.32
80 78 0.18
80 87 7.0E-4
3 81 0.18
81 9 0.71
22 81 0.11
23 81 0.14
27 81 0.28
30 81 0.41
37 81 0.38
38 81 0.38
43 81 0.18
52 81 0.24
53 81 0.15
87 81 3.0E-4
1 82 0.13
82 2 0.45
3 82 0.06
82 4 0.24
5 82 0.24
8 82 0.32
10 82 0.07
11 82 0.2
82 12 0.33
82 13 0.54
82 14 0.33
82 15 0.47
82 16 0.33
18 82 0.1
82 19 0.63
82 20 0.53
82 21 0.45
22 82 0.32
23 82 0.28
82 26 0.14
28 82 0.25
29 82 0.13
82 31 0.59
82 33 0.47
82 36 0.33
82 40 0.19
82 41 0.33
42 82 0.22
43 82 0.42
45 82 0.65
82 46 0.5
82 47 0.5
82 48 0.19
52 82 0.4
53 82 0.39
55 82 0.41
82 56 0.33
61 82 0.3
82 62 0.33
82 63 0.33
65 82 0.2
66 82 0.33
82 67 0.63
69 82 0.07
71 82 0.17
72 82 0.12
82 73 0.53
82 74 0.6
82 75 0.5
82 78 0.19
80 82 0.32
87 82 7.0E-4
83 6 0.38
7 83 0.32
10 83 0.22
18 83 0.29
22 83 0.11
83 24 1.0
29 83 0.38
32 83 0.71
83 35 1.0
83 54 0.5
83 64 1.0
83 68 1.0
87 83 6.0E-4
3 84 0.18
22 84 0.11
38 84 0.38
43 84 0.18
44 84 0.41
84 79 1.0
87 84 5.0E-4
1 85 0.14
3 85 0.13
85 4 0.27
5 85 0.27
8 85 0.48
85 10 0.08
11 85 0.57
85 12 0.38
85 14 0.38
85 15 0.53
85 16 0.38
85 17 0.53
85 18 0.33
22 85 0.28
23 85 0.32
25 85 0.24
27 85 0.1
28 85 0.43
85 29 0.29
85 36 0.38
85 39 0.53
85 40 0.65
85 41 0.38
85 42 0.5
43 85 0.2
85 45 0.21
85 46 0.11
85 48 0.22
85 49 0.53
85 50 0.38
85 52 0.18
85 53 0.28
85 55 0.62
85 56 0.38
85 57 0.53
85 58 0.53
85 59 0.44
85 60 0.57
85 61 0.17
85 62 0.38
85 63 0.38
85 65 0.34
85 70 0.38
85 71 0.19
72 85 0.13
85 76 0.38
85 78 0.22
80 85 0.36
85 82 0.25
85 87 0.0016
86 6 0.53
7 86 0.45
10 86 0.15
18 86 0.2
22 86 0.15
86 24 0.71
29 86 0.27
32 86 0.5
86 35 0.71
86 54 0.35
86 64 0.71
86 68 0.71
70 86 0.35
86 83 0.71
87 86 4.0E-4
