*Vertices  53
1 "LCD显示屏"
2 "衬底"
3 "LED灯"
4 "荧光粉"
5 "发光荧光材料"
6 "GAN"
7 "次氯酸钠溶液"
8 "蒸镀方法"
9 "EP"
10 "LED外延片"
11 "外延片"
12 "外延"
13 "LED"
14 "二极管"
15 "玻璃"
16 "通道"
17 "塑料"
18 "腐蚀液"
19 "铝基板"
20 "缓冲层"
21 "内量子效率"
22 "光刻胶"
23 "填充区域"
24 "SiO2"
25 "半导体"
26 "Al2O3"
27 "GaAs"
28 "MQW"
29 "ESD"
30 "ITO"
31 "键合"
32 "太阳能"
33 "LED芯片"
34 "芯片"
35 "金属层"
36 "电流扩展层"
37 "Li"
38 "离子"
39 "电极"
40 "接触层"
41 "电阻"
42 "丙酮"
43 "激光"
44 "标准芯片工艺制作"
45 "湿法刻蚀"
46 "干法刻蚀"
47 "空穴"
48 "屏幕"
49 "反射层"
50 "发光层"
51 "甲基"
52 "电流阻挡层"
53 "MOCVD"
*Arcs
53 1 6.0E-4
2 1 0.27
53 2 0.0044
3 2 0.05
3 53 1.0E-4
4 2 0.08
4 3 0.17
4 53 1.0E-4
5 2 0.16
5 3 0.27
5 4 0.57
5 53 6.0E-4
6 1 0.41
6 2 0.65
3 6 0.07
4 6 0.13
53 6 0.0029
2 7 0.38
53 7 4.0E-4
2 8 0.38
5 8 0.43
53 8 0.0012
9 2 0.15
3 9 0.2
4 9 0.46
5 9 0.35
9 7 0.2
9 53 1.0E-4
10 1 0.38
10 2 0.71
3 10 0.07
4 10 0.12
10 6 0.93
53 10 0.0035
11 1 0.32
11 2 0.85
3 11 0.06
4 11 0.1
5 11 0.19
11 6 0.77
11 7 0.22
11 8 0.45
9 11 0.09
11 10 0.84
53 11 0.0054
12 1 0.27
12 2 0.93
3 12 0.09
4 12 0.08
5 12 0.24
12 6 0.65
12 7 0.38
12 8 0.38
9 12 0.08
12 10 0.71
12 11 0.85
53 12 0.0051
13 1 0.11
13 2 0.4
13 3 0.6
13 4 0.34
13 5 0.35
13 6 0.26
13 7 0.15
13 8 0.15
13 9 0.37
13 10 0.28
13 11 0.34
13 12 0.4
13 53 0.0011
14 1 0.14
14 2 0.45
14 3 0.3
14 4 0.36
14 5 0.43
14 6 0.29
14 7 0.2
14 8 0.2
14 9 0.24
14 10 0.27
14 11 0.36
14 12 0.45
14 13 0.75
14 53 0.0012
15 2 0.08
15 3 0.28
15 4 0.2
15 5 0.19
15 7 0.22
15 9 0.18
15 11 0.1
15 12 0.08
15 13 0.34
15 14 0.22
15 53 1.0E-4
16 2 0.22
3 16 0.22
16 6 0.33
16 10 0.31
16 11 0.26
16 12 0.22
13 16 0.26
14 16 0.23
53 16 4.0E-4
17 2 0.1
17 3 0.13
17 4 0.36
17 5 0.34
17 7 0.27
17 9 0.11
17 11 0.12
17 12 0.1
17 13 0.28
17 14 0.37
17 15 0.48
17 53 1.0E-4
2 18 0.6
3 18 0.08
6 18 0.18
18 7 0.63
9 18 0.26
10 18 0.17
11 18 0.28
12 18 0.48
13 18 0.24
14 18 0.32
15 18 0.14
17 18 0.17
53 18 3.0E-4
19 2 0.11
19 3 0.29
19 4 0.26
19 5 0.12
19 7 0.29
19 9 0.24
19 11 0.13
19 12 0.11
19 13 0.26
19 14 0.23
19 15 0.26
19 16 0.33
19 17 0.31
19 18 0.18
19 53 1.0E-4
20 1 0.35
20 2 0.76
4 20 0.11
5 20 0.21
20 6 0.72
20 8 0.5
20 10 0.8
20 11 0.89
20 12 0.76
13 20 0.3
14 20 0.3
20 16 0.29
53 20 0.0050
2 21 0.38
4 21 0.22
6 21 0.29
10 21 0.53
11 21 0.45
12 21 0.38
13 21 0.15
14 21 0.1
20 21 0.5
53 21 0.0012
2 22 0.46
3 22 0.1
6 22 0.24
22 7 0.41
9 22 0.17
10 22 0.22
11 22 0.37
12 22 0.46
13 22 0.18
14 22 0.24
15 22 0.18
17 22 0.22
18 22 0.77
19 22 0.24
53 22 4.0E-4
2 23 0.27
7 23 0.71
9 23 0.29
11 23 0.32
12 23 0.27
13 23 0.11
14 23 0.14
15 23 0.32
17 23 0.38
18 23 0.45
19 23 0.41
22 23 0.58
53 23 5.0E-4
24 2 0.27
3 24 0.24
4 24 0.42
5 24 0.7
24 6 0.14
24 8 0.24
24 9 0.38
24 10 0.13
24 11 0.21
24 12 0.27
13 24 0.32
14 24 0.38
17 24 0.25
24 18 0.3
24 20 0.12
24 22 0.19
24 53 5.0E-4
25 1 0.18
25 2 0.67
25 3 0.29
25 4 0.34
25 5 0.43
25 6 0.44
25 7 0.25
25 8 0.25
25 9 0.31
25 10 0.48
25 11 0.57
25 12 0.67
25 13 0.59
25 14 0.64
25 15 0.23
25 16 0.15
25 17 0.27
25 18 0.4
25 19 0.22
25 20 0.51
25 21 0.25
25 22 0.31
25 23 0.18
25 24 0.42
25 53 0.0026
26 1 0.28
26 2 0.67
3 26 0.15
4 26 0.35
5 26 0.5
26 6 0.68
26 8 0.39
9 26 0.08
26 10 0.73
26 11 0.79
26 12 0.74
13 26 0.38
14 26 0.43
26 16 0.23
17 26 0.21
26 18 0.12
26 20 0.78
26 21 0.39
26 22 0.16
24 26 0.55
25 26 0.6
26 53 0.0043
2 27 0.55
3 27 0.07
5 27 0.25
27 7 0.58
27 8 0.29
9 27 0.12
11 27 0.26
12 27 0.65
13 27 0.26
14 27 0.35
15 27 0.13
17 27 0.15
18 27 0.55
19 27 0.17
20 27 0.14
27 22 0.47
27 23 0.41
24 27 0.27
25 27 0.44
26 27 0.23
53 27 0.0012
28 1 0.3
28 2 0.64
3 28 0.16
4 28 0.19
5 28 0.18
28 6 0.74
28 7 0.21
9 28 0.26
28 10 0.8
28 11 0.76
28 12 0.73
13 28 0.35
14 28 0.38
15 28 0.19
28 16 0.25
17 28 0.11
28 18 0.27
19 28 0.12
28 20 0.64
28 21 0.43
28 22 0.35
28 23 0.3
24 28 0.2
25 28 0.6
26 28 0.67
28 27 0.25
53 28 0.0039
29 2 0.53
29 6 0.61
29 10 0.76
29 11 0.63
29 12 0.53
13 29 0.21
14 29 0.14
29 16 0.41
29 20 0.71
29 21 0.35
25 29 0.36
26 29 0.55
29 28 0.6
53 29 0.0022
30 1 0.38
2 30 0.61
3 30 0.13
4 30 0.12
5 30 0.23
6 30 0.62
30 8 0.27
10 30 0.71
11 30 0.72
12 30 0.71
13 30 0.28
14 30 0.27
30 18 0.17
20 30 0.67
30 21 0.53
30 22 0.22
24 30 0.25
25 30 0.48
26 30 0.73
30 27 0.15
28 30 0.68
29 30 0.38
53 30 0.0035
2 31 0.22
3 31 0.07
4 31 0.13
5 31 0.25
31 7 0.29
31 8 0.29
9 31 0.12
11 31 0.13
12 31 0.33
13 31 0.26
14 31 0.29
15 31 0.13
17 31 0.15
31 18 0.18
19 31 0.17
20 31 0.14
24 31 0.27
25 31 0.29
26 31 0.23
31 27 0.5
28 31 0.12
30 31 0.15
53 31 5.0E-4
2 32 0.15
4 32 0.18
6 32 0.24
10 32 0.22
11 32 0.18
12 32 0.15
13 32 0.18
14 32 0.16
16 32 0.24
20 32 0.2
25 32 0.1
26 32 0.16
28 32 0.17
29 32 0.29
53 32 2.0E-4
33 1 0.24
33 2 0.52
3 33 0.26
4 33 0.23
5 33 0.15
33 6 0.5
33 7 0.17
9 33 0.35
33 10 0.55
33 11 0.54
33 12 0.45
13 33 0.44
14 33 0.48
15 33 0.15
33 16 0.4
17 33 0.18
33 18 0.33
19 33 0.4
33 20 0.43
33 21 0.17
33 22 0.28
33 23 0.24
24 33 0.24
25 33 0.57
26 33 0.47
33 27 0.1
33 28 0.66
33 29 0.49
33 30 0.37
33 31 0.2
33 32 0.14
33 53 0.0017
34 1 0.15
34 2 0.55
3 34 0.36
4 34 0.37
5 34 0.44
34 6 0.36
34 7 0.21
34 8 0.21
34 9 0.38
34 10 0.39
34 11 0.47
34 12 0.55
13 34 0.72
14 34 0.71
15 34 0.14
34 16 0.24
17 34 0.17
34 18 0.33
19 34 0.24
34 20 0.42
34 21 0.21
34 22 0.26
34 23 0.15
34 24 0.44
25 34 0.69
34 26 0.53
34 27 0.36
34 28 0.49
34 29 0.29
34 30 0.39
34 31 0.3
34 32 0.09
34 33 0.61
34 53 0.0019
3 35 0.18
5 35 0.3
12 35 0.27
13 35 0.11
14 35 0.14
24 35 0.33
25 35 0.18
26 35 0.28
27 35 0.41
28 35 0.3
30 35 0.38
31 35 0.41
34 35 0.15
53 35 4.0E-4
2 36 0.55
3 36 0.14
5 36 0.12
6 36 0.17
36 7 0.58
9 36 0.24
10 36 0.15
11 36 0.26
12 36 0.55
13 36 0.26
14 36 0.35
15 36 0.13
17 36 0.15
36 18 0.73
19 36 0.17
36 22 0.47
36 23 0.41
24 36 0.41
25 36 0.44
26 36 0.23
36 27 0.67
28 36 0.37
30 36 0.31
31 36 0.33
33 36 0.3
34 36 0.36
36 35 0.41
53 36 7.0E-4
37 2 0.09
3 37 0.29
4 37 0.42
5 37 0.4
37 6 0.14
37 9 0.29
37 10 0.13
37 11 0.11
37 12 0.09
13 37 0.32
14 37 0.28
15 37 0.11
37 16 0.14
17 37 0.25
19 37 0.27
37 20 0.12
37 21 0.24
37 24 0.33
25 37 0.3
37 26 0.28
37 28 0.2
37 30 0.13
37 33 0.32
37 34 0.34
37 53 1.0E-4
38 2 0.32
3 38 0.16
4 38 0.19
5 38 0.27
38 7 0.43
38 9 0.52
38 11 0.1
38 12 0.24
13 38 0.35
14 38 0.3
15 38 0.38
17 38 0.11
38 18 0.54
19 38 0.12
38 22 0.35
38 23 0.3
38 24 0.3
25 38 0.38
38 27 0.37
38 28 0.18
38 31 0.12
38 33 0.22
38 34 0.36
38 36 0.37
38 37 0.2
38 53 1.0E-4
39 1 0.2
39 2 0.73
3 39 0.17
4 39 0.06
5 39 0.24
39 6 0.48
39 7 0.28
39 8 0.28
9 39 0.17
39 10 0.52
39 11 0.62
39 12 0.73
13 39 0.54
14 39 0.67
15 39 0.06
39 16 0.16
17 39 0.07
39 18 0.44
19 39 0.08
39 20 0.55
39 21 0.28
39 22 0.34
39 23 0.2
24 39 0.26
25 39 0.56
26 39 0.54
39 27 0.48
39 28 0.59
39 29 0.39
39 30 0.52
39 31 0.24
39 32 0.11
33 39 0.43
34 39 0.61
39 35 0.2
39 36 0.48
37 39 0.07
38 39 0.24
39 53 0.0029
40 1 0.38
40 2 0.71
3 40 0.07
4 40 0.12
40 6 0.93
40 10 1.0
40 11 0.84
40 12 0.71
13 40 0.28
14 40 0.27
40 16 0.31
40 18 0.17
40 20 0.8
40 21 0.53
40 22 0.22
24 40 0.13
25 40 0.48
26 40 0.73
40 28 0.8
40 29 0.76
40 30 0.71
40 32 0.22
33 40 0.55
34 40 0.39
40 36 0.15
37 40 0.13
39 40 0.52
53 40 0.0035
41 2 0.12
3 41 0.35
4 41 0.07
5 41 0.07
41 6 0.18
9 41 0.13
41 10 0.16
41 11 0.14
41 12 0.12
13 41 0.49
14 41 0.46
15 41 0.07
41 16 0.09
41 18 0.1
41 20 0.08
41 21 0.15
41 22 0.13
24 41 0.07
25 41 0.16
26 41 0.12
41 28 0.2
41 30 0.16
33 41 0.16
34 41 0.45
41 36 0.09
37 41 0.07
41 39 0.56
41 40 0.16
41 53 1.0E-4
42 2 0.27
3 42 0.09
5 42 0.15
42 7 0.35
42 9 0.58
42 11 0.16
42 12 0.13
13 42 0.21
14 42 0.14
15 42 0.16
17 42 0.19
42 18 0.45
19 42 0.2
42 22 0.29
42 23 0.5
42 24 0.33
25 42 0.18
42 27 0.2
42 28 0.15
42 33 0.24
42 34 0.22
42 36 0.41
42 37 0.17
42 38 0.6
42 39 0.2
42 53 2.0E-4
43 2 0.19
43 3 0.19
43 4 0.22
43 5 0.21
43 6 0.29
43 10 0.27
43 11 0.22
43 12 0.28
43 13 0.3
43 14 0.3
43 15 0.22
43 17 0.27
43 18 0.16
43 19 0.14
43 20 0.13
43 21 0.25
43 22 0.2
43 24 0.24
43 25 0.38
43 26 0.29
43 27 0.14
43 28 0.32
43 30 0.4
43 31 0.14
43 33 0.09
43 34 0.21
43 35 0.35
43 36 0.29
43 37 0.12
43 39 0.21
43 40 0.27
43 41 0.23
43 53 4.0E-4
44 1 0.45
44 2 0.6
4 44 0.14
44 6 0.73
44 10 0.85
44 11 0.71
44 12 0.6
13 44 0.24
14 44 0.19
44 16 0.18
44 20 0.79
44 21 0.63
25 44 0.4
26 44 0.62
44 28 0.67
44 29 0.67
44 30 0.68
33 44 0.43
34 44 0.33
37 44 0.15
39 44 0.44
44 40 0.85
41 44 0.1
43 44 0.16
44 53 0.0031
2 45 0.27
5 45 0.3
45 8 0.71
11 45 0.32
12 45 0.27
13 45 0.11
14 45 0.14
20 45 0.35
24 45 0.33
25 45 0.18
26 45 0.28
45 27 0.41
31 45 0.41
34 45 0.15
39 45 0.2
53 45 7.0E-4
2 46 0.38
5 46 0.43
46 8 1.0
11 46 0.45
12 46 0.38
13 46 0.15
14 46 0.2
20 46 0.5
24 46 0.24
25 46 0.25
26 46 0.39
46 27 0.29
30 46 0.27
31 46 0.29
34 46 0.21
39 46 0.28
46 45 0.71
53 46 0.0012
47 1 0.5
2 47 0.4
3 47 0.09
4 47 0.16
6 47 0.61
9 47 0.14
10 47 0.57
11 47 0.47
12 47 0.4
13 47 0.21
14 47 0.21
20 47 0.53
47 21 0.35
25 47 0.36
26 47 0.42
28 47 0.6
29 47 0.25
47 30 0.57
33 47 0.36
34 47 0.29
37 47 0.17
39 47 0.39
40 47 0.57
41 47 0.22
43 47 0.18
44 47 0.67
53 47 0.0015
2 48 0.51
5 48 0.23
6 48 0.31
48 7 0.27
48 8 0.53
9 48 0.11
10 48 0.29
11 48 0.6
12 48 0.51
13 48 0.28
14 48 0.27
15 48 0.12
16 48 0.15
17 48 0.14
18 48 0.17
19 48 0.15
20 48 0.53
48 22 0.22
48 23 0.38
24 48 0.13
25 48 0.34
26 48 0.42
48 27 0.31
28 48 0.34
29 48 0.38
30 48 0.29
31 48 0.15
48 32 0.22
33 48 0.28
34 48 0.28
36 48 0.15
38 48 0.11
39 48 0.37
40 48 0.29
42 48 0.19
44 48 0.17
48 45 0.38
48 46 0.53
47 48 0.19
53 48 0.0023
2 49 0.46
5 49 0.35
49 7 0.41
49 8 0.82
9 49 0.17
11 49 0.55
12 49 0.46
13 49 0.18
14 49 0.24
15 49 0.18
17 49 0.22
18 49 0.26
19 49 0.24
20 49 0.41
49 22 0.33
49 23 0.58
24 49 0.19
25 49 0.31
26 49 0.32
49 27 0.47
28 49 0.17
30 49 0.22
31 49 0.24
33 49 0.14
34 49 0.26
36 49 0.24
38 49 0.17
39 49 0.34
42 49 0.29
49 45 0.58
49 46 0.82
49 48 0.65
53 49 0.0019
50 1 0.38
2 50 0.71
5 50 0.23
6 50 0.15
50 7 0.53
50 8 0.53
9 50 0.22
10 50 0.14
11 50 0.48
12 50 0.61
13 50 0.28
14 50 0.37
15 50 0.12
17 50 0.14
50 18 0.51
19 50 0.15
20 50 0.4
50 22 0.22
50 23 0.38
24 50 0.25
25 50 0.48
26 50 0.31
50 27 0.62
28 50 0.23
50 30 0.29
50 31 0.31
33 50 0.28
34 50 0.39
50 36 0.62
38 50 0.34
39 50 0.52
40 50 0.14
42 50 0.38
44 50 0.17
50 45 0.38
50 46 0.53
50 47 0.19
50 48 0.43
50 49 0.65
53 50 0.0018
51 1 0.33
51 2 0.45
3 51 0.06
4 51 0.32
5 51 0.2
51 6 0.54
9 51 0.1
51 10 0.63
51 11 0.53
51 12 0.45
13 51 0.32
14 51 0.28
51 16 0.14
17 51 0.25
51 20 0.59
51 21 0.47
24 51 0.22
25 51 0.42
26 51 0.65
51 28 0.5
51 29 0.5
51 30 0.5
51 32 0.19
33 51 0.4
34 51 0.39
37 51 0.33
38 51 0.2
39 51 0.33
51 40 0.63
41 51 0.07
42 51 0.17
43 51 0.12
51 44 0.6
51 47 0.5
51 48 0.25
51 50 0.13
51 53 0.0019
2 52 0.38
5 52 0.21
52 8 0.5
11 52 0.22
12 52 0.38
13 52 0.15
14 52 0.2
20 52 0.25
24 52 0.24
25 52 0.25
26 52 0.2
52 27 0.58
31 52 0.29
34 52 0.21
36 52 0.29
39 52 0.28
52 45 0.71
52 46 0.5
52 48 0.27
52 49 0.41
50 52 0.53
53 52 4.0E-4
