*Vertices  70
1 "LCD显示屏"
2 "衬底"
3 "LED灯"
4 "电容"
5 "荧光粉"
6 "整流器"
7 "开关"
8 "发光荧光材料"
9 "GAN"
10 "次氯酸钠溶液"
11 "保护层"
12 "硼酸"
13 "变压器"
14 "EP"
15 "LED外延片"
16 "外延片"
17 "外延"
18 "LED"
19 "二极管"
20 "稳压二极管"
21 "三极管"
22 "掩膜"
23 "玻璃"
24 "通道"
25 "LED光源"
26 "塑料"
27 "腐蚀液"
28 "铝基板"
29 "缓冲层"
30 "内量子效率"
31 "荧光体"
32 "光刻胶"
33 "填充区域"
34 "SiO2"
35 "半导体"
36 "Al2O3"
37 "GaAs"
38 "ESD"
39 "ITO"
40 "键合"
41 "焊盘"
42 "金属银纳米粒子"
43 "太阳能"
44 "LED芯片"
45 "芯片"
46 "金属层"
47 "电流扩展层"
48 "酸盐"
49 "硝酸"
50 "Eu2"
51 "Li"
52 "电感"
53 "离子"
54 "电极"
55 "接触层"
56 "电阻"
57 "基色"
58 "丙酮"
59 "激光"
60 "MOCVD"
61 "标准芯片工艺制作"
62 "湿法腐蚀"
63 "空穴"
64 "玻璃体"
65 "屏幕"
66 "反射层"
67 "发光层"
68 "甲基"
69 "激发光"
70 "MQW"
*Arcs
70 1 5.0E-4
2 1 0.27
70 2 0.0027
3 2 0.05
3 70 2.0E-4
3 4 0.21
4 70 1.0E-4
5 2 0.08
5 3 0.17
5 70 3.0E-4
6 2 0.11
3 6 0.14
4 6 0.37
6 70 3.0E-4
3 7 0.39
7 4 0.46
5 7 0.14
7 6 0.18
7 70 1.0E-4
8 2 0.16
8 3 0.27
8 5 0.57
8 7 0.13
8 70 3.0E-4
9 1 0.41
9 2 0.65
3 9 0.07
5 9 0.13
6 9 0.17
70 9 0.0029
2 10 0.38
70 10 3.0E-4
2 11 0.15
3 11 0.2
5 11 0.18
6 11 0.24
9 11 0.24
70 11 2.0E-4
3 12 0.13
5 12 0.22
8 12 0.43
12 70 2.0E-4
13 2 0.08
3 13 0.2
4 13 0.44
5 13 0.09
13 6 0.59
7 13 0.25
13 9 0.12
13 11 0.17
13 70 2.0E-4
14 2 0.15
3 14 0.2
14 4 0.17
5 14 0.46
14 6 0.12
14 7 0.19
8 14 0.35
14 10 0.2
14 11 0.17
14 12 0.41
14 13 0.08
14 70 4.0E-4
15 1 0.38
15 2 0.71
3 15 0.07
5 15 0.12
6 15 0.15
15 9 0.93
15 11 0.22
13 15 0.11
70 15 0.0034
16 1 0.32
16 2 0.85
3 16 0.06
5 16 0.1
6 16 0.13
8 16 0.19
16 9 0.77
16 10 0.22
16 11 0.18
13 16 0.09
14 16 0.09
16 15 0.84
70 16 0.0034
17 1 0.27
17 2 0.93
3 17 0.09
5 17 0.08
6 17 0.11
8 17 0.24
17 9 0.65
17 10 0.38
17 11 0.15
13 17 0.08
14 17 0.08
17 15 0.71
17 16 0.85
70 17 0.0033
18 1 0.11
18 2 0.4
18 3 0.6
18 4 0.35
18 5 0.34
18 6 0.26
18 7 0.49
18 8 0.35
18 9 0.26
18 10 0.15
18 11 0.18
18 12 0.15
18 13 0.37
18 14 0.37
18 15 0.28
18 16 0.34
18 17 0.4
18 70 0.0010
19 1 0.14
19 2 0.45
19 3 0.3
19 4 0.34
19 5 0.36
19 6 0.35
19 7 0.31
19 8 0.43
19 9 0.29
19 10 0.2
19 11 0.08
19 12 0.1
19 13 0.37
19 14 0.24
19 15 0.27
19 16 0.36
19 17 0.45
19 18 0.75
19 70 0.0012
3 20 0.18
4 20 0.3
6 20 0.41
7 20 0.22
13 20 0.29
14 20 0.29
18 20 0.11
19 20 0.14
70 20 3.0E-4
3 21 0.2
21 4 0.61
21 6 0.47
7 21 0.31
8 21 0.09
21 13 0.58
14 21 0.08
18 21 0.37
19 21 0.45
21 20 0.29
21 70 1.0E-4
2 22 0.27
3 22 0.18
6 22 0.41
9 22 0.41
11 22 0.58
13 22 0.29
15 22 0.38
16 22 0.32
17 22 0.27
18 22 0.11
19 22 0.14
70 22 5.0E-4
23 2 0.08
23 3 0.28
23 4 0.1
23 5 0.2
23 7 0.21
23 8 0.19
23 10 0.22
23 12 0.22
23 13 0.09
23 14 0.18
23 16 0.1
23 17 0.08
23 18 0.34
23 19 0.22
23 21 0.09
23 70 2.0E-4
24 2 0.22
3 24 0.22
24 9 0.33
24 15 0.31
24 16 0.26
24 17 0.22
18 24 0.26
19 24 0.23
70 24 3.0E-4
25 3 0.44
25 4 0.08
25 5 0.26
25 6 0.11
25 7 0.06
25 8 0.17
25 12 0.2
25 13 0.08
25 14 0.24
25 18 0.38
25 19 0.27
25 20 0.28
25 21 0.08
25 23 0.18
25 24 0.11
25 70 2.0E-4
26 2 0.1
26 3 0.13
26 5 0.36
26 7 0.16
26 8 0.34
26 10 0.27
26 14 0.11
26 16 0.12
26 17 0.1
26 18 0.28
26 19 0.37
26 23 0.48
26 25 0.1
26 70 1.0E-4
2 27 0.6
3 27 0.08
6 27 0.18
9 27 0.18
27 10 0.63
11 27 0.26
13 27 0.13
14 27 0.26
15 27 0.17
16 27 0.28
17 27 0.48
18 27 0.24
19 27 0.32
27 22 0.45
23 27 0.14
26 27 0.17
70 27 6.0E-4
28 2 0.11
28 3 0.29
28 5 0.26
28 8 0.12
28 10 0.29
28 11 0.24
28 14 0.24
28 16 0.13
28 17 0.11
28 18 0.26
28 19 0.23
28 23 0.26
28 24 0.33
28 25 0.34
28 26 0.31
28 27 0.18
28 70 1.0E-4
29 1 0.35
29 2 0.76
5 29 0.11
8 29 0.21
29 9 0.72
29 15 0.8
29 16 0.89
29 17 0.76
18 29 0.3
19 29 0.3
29 24 0.29
70 29 0.0024
2 30 0.38
5 30 0.22
9 30 0.29
15 30 0.53
16 30 0.45
17 30 0.38
18 30 0.15
19 30 0.1
29 30 0.5
70 30 9.0E-4
5 31 0.55
8 31 0.52
12 31 0.41
14 31 0.33
18 31 0.18
19 31 0.24
23 31 0.18
25 31 0.16
26 31 0.22
31 70 2.0E-4
2 32 0.46
3 32 0.1
6 32 0.24
9 32 0.24
32 10 0.41
11 32 0.33
13 32 0.17
14 32 0.17
15 32 0.22
16 32 0.37
17 32 0.46
18 32 0.18
19 32 0.24
32 22 0.58
23 32 0.18
26 32 0.22
27 32 0.77
28 32 0.24
70 32 7.0E-4
2 33 0.27
10 33 0.71
14 33 0.29
16 33 0.32
17 33 0.27
18 33 0.11
19 33 0.14
23 33 0.32
26 33 0.38
27 33 0.45
28 33 0.41
32 33 0.58
70 33 4.0E-4
34 2 0.27
3 34 0.24
5 34 0.42
34 6 0.14
34 7 0.07
8 34 0.7
34 9 0.14
34 11 0.19
34 12 0.24
34 13 0.1
34 14 0.38
34 15 0.13
34 16 0.21
34 17 0.27
18 34 0.32
19 34 0.38
34 22 0.33
26 34 0.25
34 27 0.3
34 29 0.12
34 31 0.38
34 32 0.19
34 70 4.0E-4
35 1 0.18
35 2 0.67
35 3 0.29
35 4 0.11
35 5 0.34
35 6 0.15
35 7 0.12
35 8 0.43
35 9 0.44
35 10 0.25
35 11 0.1
35 12 0.13
35 13 0.1
35 14 0.31
35 15 0.48
35 16 0.57
35 17 0.67
35 18 0.59
35 19 0.64
35 20 0.18
35 21 0.05
35 22 0.18
35 23 0.23
35 24 0.15
35 25 0.3
35 26 0.27
35 27 0.4
35 28 0.22
35 29 0.51
35 30 0.25
35 31 0.21
35 32 0.31
35 33 0.18
35 34 0.42
35 70 0.0024
36 1 0.28
36 2 0.67
3 36 0.15
5 36 0.35
36 6 0.11
36 7 0.06
8 36 0.5
36 9 0.68
36 11 0.16
36 13 0.08
14 36 0.08
36 15 0.73
36 16 0.79
36 17 0.74
18 36 0.38
19 36 0.43
36 22 0.28
36 24 0.23
26 36 0.21
36 27 0.12
36 29 0.78
36 30 0.39
36 31 0.16
36 32 0.16
34 36 0.55
35 36 0.6
36 70 0.0028
2 37 0.55
3 37 0.07
8 37 0.25
37 10 0.58
14 37 0.12
16 37 0.26
17 37 0.65
18 37 0.26
19 37 0.35
23 37 0.13
26 37 0.15
27 37 0.55
28 37 0.17
29 37 0.14
37 32 0.47
37 33 0.41
34 37 0.27
35 37 0.44
36 37 0.23
70 37 5.0E-4
38 2 0.53
38 9 0.61
38 15 0.76
38 16 0.63
38 17 0.53
18 38 0.21
19 38 0.14
38 24 0.41
38 29 0.71
38 30 0.35
35 38 0.36
36 38 0.55
38 70 0.0017
39 1 0.38
2 39 0.61
3 39 0.13
5 39 0.12
6 39 0.15
8 39 0.23
9 39 0.62
39 11 0.22
13 39 0.11
15 39 0.71
16 39 0.72
17 39 0.71
18 39 0.28
19 39 0.27
39 22 0.38
39 27 0.17
29 39 0.67
39 30 0.53
39 32 0.22
34 39 0.25
35 39 0.48
36 39 0.73
39 37 0.15
38 39 0.38
70 39 0.0026
2 40 0.22
3 40 0.07
4 40 0.12
5 40 0.13
8 40 0.25
40 10 0.29
40 11 0.24
14 40 0.12
16 40 0.13
17 40 0.33
18 40 0.26
19 40 0.29
23 40 0.13
26 40 0.15
40 27 0.18
28 40 0.17
29 40 0.14
34 40 0.27
35 40 0.29
36 40 0.23
40 37 0.5
39 40 0.15
70 40 2.0E-4
3 41 0.1
4 41 0.17
5 41 0.18
6 41 0.24
7 41 0.13
41 11 0.33
13 41 0.17
14 41 0.33
18 41 0.18
19 41 0.16
41 20 0.58
21 41 0.17
25 41 0.16
28 41 0.24
35 41 0.21
41 40 0.24
41 70 2.0E-4
5 42 0.32
8 42 0.3
12 42 0.71
14 42 0.29
18 42 0.11
19 42 0.14
23 42 0.32
25 42 0.28
31 42 0.58
35 42 0.18
70 42 3.0E-4
2 43 0.15
5 43 0.18
7 43 0.13
9 43 0.24
13 43 0.17
15 43 0.22
16 43 0.18
17 43 0.15
18 43 0.18
19 43 0.16
24 43 0.24
29 43 0.2
35 43 0.1
36 43 0.16
38 43 0.29
70 43 1.0E-4
44 1 0.24
44 2 0.52
3 44 0.26
44 4 0.15
5 44 0.23
44 6 0.2
44 7 0.05
8 44 0.15
44 9 0.5
44 10 0.17
44 11 0.28
12 44 0.17
44 13 0.14
14 44 0.35
44 15 0.55
44 16 0.54
44 17 0.45
18 44 0.44
19 44 0.48
44 20 0.24
44 21 0.07
44 22 0.24
23 44 0.15
44 24 0.4
25 44 0.2
26 44 0.18
44 27 0.33
28 44 0.4
44 29 0.43
44 30 0.17
44 31 0.28
44 32 0.28
44 33 0.24
34 44 0.24
35 44 0.57
36 44 0.47
44 37 0.1
44 38 0.49
44 39 0.37
44 40 0.2
44 41 0.28
44 42 0.24
44 43 0.14
44 70 0.0024
45 1 0.15
45 2 0.55
3 45 0.36
45 4 0.36
5 45 0.37
45 6 0.24
45 7 0.29
8 45 0.44
45 9 0.36
45 10 0.21
45 11 0.17
45 12 0.21
45 13 0.21
45 14 0.38
45 15 0.39
45 16 0.47
45 17 0.55
18 45 0.72
19 45 0.71
45 20 0.15
45 21 0.3
45 22 0.15
23 45 0.14
45 24 0.24
25 45 0.16
26 45 0.17
45 27 0.33
28 45 0.24
45 29 0.42
45 30 0.21
45 31 0.26
45 32 0.26
45 33 0.15
45 34 0.44
35 45 0.69
45 36 0.53
45 37 0.36
45 38 0.29
45 39 0.39
45 40 0.3
45 41 0.26
45 42 0.15
45 43 0.09
45 44 0.61
45 70 0.0018
3 46 0.18
8 46 0.3
17 46 0.27
18 46 0.11
19 46 0.14
34 46 0.33
35 46 0.18
36 46 0.28
37 46 0.41
39 46 0.38
40 46 0.41
45 46 0.15
70 46 3.0E-4
2 47 0.55
3 47 0.14
6 47 0.17
8 47 0.12
9 47 0.17
47 10 0.58
11 47 0.24
13 47 0.12
14 47 0.24
15 47 0.15
16 47 0.26
17 47 0.55
18 47 0.26
19 47 0.35
47 22 0.41
23 47 0.13
26 47 0.15
47 27 0.73
28 47 0.17
47 32 0.47
47 33 0.41
34 47 0.41
35 47 0.44
36 47 0.23
47 37 0.67
39 47 0.31
40 47 0.33
44 47 0.3
45 47 0.36
47 46 0.41
70 47 8.0E-4
3 48 0.14
5 48 0.52
48 7 0.09
8 48 0.62
48 12 0.58
48 14 0.35
18 48 0.26
19 48 0.29
23 48 0.13
25 48 0.11
26 48 0.31
48 31 0.47
48 34 0.54
35 48 0.29
48 36 0.34
48 41 0.24
48 42 0.41
48 44 0.2
48 45 0.36
48 70 1.0E-4
3 49 0.1
5 49 0.37
8 49 0.52
49 12 0.82
49 14 0.5
18 49 0.18
19 49 0.16
23 49 0.18
25 49 0.16
49 31 0.33
49 34 0.38
35 49 0.21
49 36 0.16
49 42 0.58
49 44 0.14
49 45 0.26
49 48 0.71
49 70 2.0E-4
3 50 0.09
5 50 0.47
8 50 0.6
50 12 0.71
50 14 0.58
18 50 0.21
19 50 0.21
23 50 0.16
25 50 0.14
50 31 0.58
50 34 0.5
35 50 0.27
50 36 0.14
50 42 0.5
50 44 0.12
50 45 0.29
50 48 0.61
50 49 0.87
50 70 2.0E-4
51 2 0.09
3 51 0.29
5 51 0.42
51 7 0.15
8 51 0.4
51 9 0.14
51 12 0.47
51 14 0.29
51 15 0.13
51 16 0.11
51 17 0.09
18 51 0.32
19 51 0.28
23 51 0.11
51 24 0.14
25 51 0.18
26 51 0.25
28 51 0.27
51 29 0.12
51 30 0.24
51 31 0.38
51 34 0.33
35 51 0.3
51 36 0.28
51 39 0.13
51 42 0.33
51 44 0.32
51 45 0.34
51 48 0.54
51 49 0.38
51 50 0.33
51 70 3.0E-4
3 52 0.25
4 52 0.43
6 52 0.29
7 52 0.31
13 52 0.2
14 52 0.2
18 52 0.15
19 52 0.1
52 20 0.71
21 52 0.2
25 52 0.2
35 52 0.13
52 41 0.41
44 52 0.17
45 52 0.21
52 70 2.0E-4
53 2 0.32
3 53 0.16
5 53 0.19
8 53 0.27
53 10 0.43
53 12 0.43
53 13 0.09
53 14 0.52
53 16 0.1
53 17 0.24
18 53 0.35
19 53 0.3
23 53 0.38
25 53 0.08
26 53 0.11
53 27 0.54
28 53 0.12
53 31 0.35
53 32 0.35
53 33 0.3
53 34 0.3
35 53 0.38
53 37 0.37
53 40 0.12
53 41 0.17
53 42 0.3
53 44 0.22
53 45 0.36
53 47 0.37
53 48 0.37
53 49 0.35
53 50 0.45
53 51 0.2
53 70 3.0E-4
54 1 0.2
54 2 0.73
3 54 0.17
4 54 0.35
5 54 0.06
54 6 0.4
7 54 0.17
8 54 0.24
54 9 0.48
54 10 0.28
54 11 0.11
54 13 0.45
14 54 0.17
54 15 0.52
54 16 0.62
54 17 0.73
18 54 0.54
19 54 0.67
54 20 0.2
21 54 0.62
54 22 0.2
23 54 0.06
54 24 0.16
25 54 0.05
26 54 0.07
54 27 0.44
28 54 0.08
54 29 0.55
54 30 0.28
54 32 0.34
54 33 0.2
34 54 0.26
35 54 0.56
36 54 0.54
54 37 0.48
54 38 0.39
54 39 0.52
54 40 0.24
54 41 0.11
54 43 0.11
44 54 0.43
45 54 0.61
54 46 0.2
54 47 0.48
51 54 0.07
54 52 0.14
53 54 0.24
54 70 0.0023
55 1 0.38
55 2 0.71
3 55 0.07
5 55 0.12
6 55 0.15
55 9 0.93
55 11 0.22
13 55 0.11
55 15 1.0
55 16 0.84
55 17 0.71
18 55 0.28
19 55 0.27
55 22 0.38
55 24 0.31
55 27 0.17
55 29 0.8
55 30 0.53
55 32 0.22
34 55 0.13
35 55 0.48
36 55 0.73
55 38 0.76
55 39 0.71
55 43 0.22
44 55 0.55
45 55 0.39
55 47 0.15
51 55 0.13
54 55 0.52
55 70 0.0034
56 2 0.12
3 56 0.35
56 4 0.66
5 56 0.07
56 6 0.53
7 56 0.48
8 56 0.07
56 9 0.18
56 11 0.13
56 13 0.57
14 56 0.13
56 15 0.16
56 16 0.14
56 17 0.12
18 56 0.49
19 56 0.46
56 20 0.22
56 21 0.76
56 22 0.22
23 56 0.07
56 24 0.09
25 56 0.06
56 27 0.1
56 29 0.08
56 30 0.15
56 32 0.13
34 56 0.07
35 56 0.16
36 56 0.12
56 39 0.16
56 41 0.13
44 56 0.16
45 56 0.45
56 47 0.09
51 56 0.07
56 52 0.31
56 54 0.56
56 55 0.16
56 70 3.0E-4
3 57 0.09
5 57 0.16
8 57 0.3
57 12 0.71
57 14 0.29
18 57 0.21
19 57 0.14
23 57 0.16
25 57 0.14
57 31 0.29
57 34 0.17
35 57 0.09
57 42 0.5
57 44 0.12
57 45 0.15
57 48 0.41
57 49 0.58
57 50 0.5
57 51 0.33
57 53 0.3
57 70 1.0E-4
58 2 0.27
3 58 0.09
8 58 0.15
58 10 0.35
58 12 0.35
58 14 0.58
58 16 0.16
58 17 0.13
18 58 0.21
19 58 0.14
23 58 0.16
26 58 0.19
58 27 0.45
28 58 0.2
58 32 0.29
58 33 0.5
58 34 0.33
35 58 0.18
58 37 0.2
58 44 0.24
58 45 0.22
58 47 0.41
58 48 0.2
58 49 0.29
58 50 0.25
58 51 0.17
58 53 0.6
58 54 0.2
58 57 0.25
58 70 2.0E-4
59 2 0.19
59 3 0.19
59 5 0.22
59 6 0.14
59 7 0.08
59 8 0.21
59 9 0.29
59 11 0.2
59 13 0.1
59 15 0.27
59 16 0.22
59 17 0.28
59 18 0.3
59 19 0.3
59 22 0.35
59 23 0.22
59 25 0.1
59 26 0.27
59 27 0.16
59 28 0.14
59 29 0.13
59 30 0.25
59 32 0.2
59 34 0.24
59 35 0.38
59 36 0.29
59 37 0.14
59 39 0.4
59 40 0.14
59 44 0.09
59 45 0.21
59 46 0.35
59 47 0.29
59 51 0.12
59 54 0.21
59 55 0.27
59 56 0.23
59 70 6.0E-4
60 1 0.32
60 2 0.76
3 60 0.06
5 60 0.1
8 60 0.29
60 9 0.65
60 10 0.22
14 60 0.09
60 15 0.72
60 16 0.9
60 17 0.85
18 60 0.34
19 60 0.36
23 60 0.1
60 24 0.26
26 60 0.12
60 27 0.14
28 60 0.13
60 29 0.89
60 30 0.45
60 32 0.18
60 33 0.32
34 60 0.21
35 60 0.57
36 60 0.79
60 37 0.39
60 38 0.63
60 39 0.72
60 40 0.26
60 43 0.18
44 60 0.46
45 60 0.47
60 46 0.32
60 47 0.26
51 60 0.11
53 60 0.1
54 60 0.62
60 55 0.72
56 60 0.07
58 60 0.16
59 60 0.22
60 70 0.0032
61 1 0.45
61 2 0.6
5 61 0.14
61 9 0.73
61 15 0.85
61 16 0.71
61 17 0.6
18 61 0.24
19 61 0.19
61 24 0.18
61 29 0.79
61 30 0.63
35 61 0.4
36 61 0.62
61 38 0.67
61 39 0.68
44 61 0.43
45 61 0.33
51 61 0.15
54 61 0.44
61 55 0.85
56 61 0.1
59 61 0.16
61 60 0.71
61 70 0.0024
2 62 0.38
3 62 0.13
6 62 0.29
9 62 0.29
62 10 0.5
11 62 0.41
13 62 0.2
15 62 0.27
16 62 0.22
17 62 0.38
18 62 0.15
19 62 0.2
62 22 0.71
27 62 0.63
32 62 0.41
34 62 0.24
35 62 0.25
36 62 0.2
37 62 0.29
39 62 0.27
40 62 0.29
44 62 0.17
45 62 0.21
47 62 0.58
53 62 0.21
54 62 0.28
55 62 0.27
56 62 0.15
59 62 0.25
70 62 3.0E-4
63 1 0.5
2 63 0.4
3 63 0.09
4 63 0.15
5 63 0.16
6 63 0.2
7 63 0.11
9 63 0.61
13 63 0.14
14 63 0.14
15 63 0.57
16 63 0.47
17 63 0.4
18 63 0.21
19 63 0.21
63 20 0.5
21 63 0.14
25 63 0.14
29 63 0.53
63 30 0.35
35 63 0.36
36 63 0.42
38 63 0.25
63 39 0.57
41 63 0.29
44 63 0.36
45 63 0.29
51 63 0.17
52 63 0.35
54 63 0.39
55 63 0.57
56 63 0.22
59 63 0.18
60 63 0.47
61 63 0.67
70 63 0.0018
5 64 0.32
8 64 0.3
12 64 0.71
14 64 0.29
18 64 0.11
19 64 0.14
23 64 0.32
25 64 0.28
31 64 0.58
35 64 0.18
64 42 1.0
44 64 0.24
45 64 0.15
48 64 0.41
49 64 0.58
50 64 0.5
51 64 0.33
53 64 0.3
57 64 0.5
70 64 3.0E-4
2 65 0.51
7 65 0.16
8 65 0.23
9 65 0.31
65 10 0.27
14 65 0.11
15 65 0.29
16 65 0.6
17 65 0.51
18 65 0.28
19 65 0.27
23 65 0.12
24 65 0.15
26 65 0.14
27 65 0.17
28 65 0.15
29 65 0.53
65 32 0.22
65 33 0.38
34 65 0.13
35 65 0.34
36 65 0.42
65 37 0.31
38 65 0.38
39 65 0.29
40 65 0.15
65 43 0.22
44 65 0.28
45 65 0.28
47 65 0.15
53 65 0.11
54 65 0.37
55 65 0.29
58 65 0.19
60 65 0.6
61 65 0.17
63 65 0.19
70 65 8.0E-4
2 66 0.46
8 66 0.35
66 10 0.41
14 66 0.17
16 66 0.55
17 66 0.46
18 66 0.18
19 66 0.24
23 66 0.18
26 66 0.22
27 66 0.26
28 66 0.24
29 66 0.41
66 32 0.33
66 33 0.58
34 66 0.19
35 66 0.31
36 66 0.32
66 37 0.47
39 66 0.22
40 66 0.24
44 66 0.14
45 66 0.26
47 66 0.24
53 66 0.17
54 66 0.34
58 66 0.29
60 66 0.55
66 65 0.65
70 66 3.0E-4
67 1 0.38
2 67 0.71
8 67 0.23
9 67 0.15
67 10 0.53
14 67 0.22
15 67 0.14
16 67 0.48
17 67 0.61
18 67 0.28
19 67 0.37
23 67 0.12
26 67 0.14
67 27 0.51
28 67 0.15
29 67 0.4
67 32 0.22
67 33 0.38
34 67 0.25
35 67 0.48
36 67 0.31
67 37 0.62
67 39 0.29
67 40 0.31
44 67 0.28
45 67 0.39
67 47 0.62
53 67 0.34
54 67 0.52
55 67 0.14
58 67 0.38
60 67 0.48
61 67 0.17
67 62 0.27
67 63 0.19
67 65 0.43
67 66 0.65
70 67 6.0E-4
68 1 0.33
68 2 0.45
3 68 0.06
5 68 0.32
7 68 0.07
8 68 0.2
68 9 0.54
14 68 0.1
68 15 0.63
68 16 0.53
68 17 0.45
18 68 0.32
19 68 0.28
68 24 0.14
26 68 0.25
68 29 0.59
68 30 0.47
68 31 0.19
34 68 0.22
35 68 0.42
36 68 0.65
68 38 0.5
68 39 0.5
68 41 0.19
68 43 0.19
44 68 0.4
45 68 0.39
48 68 0.41
51 68 0.33
53 68 0.2
54 68 0.33
68 55 0.63
56 68 0.07
58 68 0.17
59 68 0.12
68 60 0.53
68 61 0.6
68 63 0.5
68 65 0.25
68 67 0.13
68 70 0.0015
3 69 0.13
5 69 0.48
69 7 0.08
8 69 0.57
69 12 0.53
69 14 0.33
18 69 0.28
19 69 0.32
23 69 0.24
25 69 0.1
26 69 0.43
69 31 0.65
69 34 0.5
35 69 0.2
69 36 0.21
69 40 0.15
69 42 0.38
69 44 0.18
69 45 0.28
69 48 0.62
69 49 0.44
69 50 0.57
69 51 0.5
69 53 0.34
69 57 0.38
69 58 0.19
59 69 0.13
69 64 0.38
69 68 0.25
69 70 1.0E-4
