*Vertices  23
1 "显示器"
2 "光纤"
3 "探头"
4 "传感器"
5 "处理器"
6 "光纤耦合"
7 "LED"
8 "二极管"
9 "玻璃"
10 "塑料"
11 "光电转换器件"
12 "转换器"
13 "探针"
14 "滤光片"
15 "半导体"
16 "键合"
17 "光电池"
18 "存储器"
19 "激光"
20 "透镜"
21 "聚光帽"
22 "激发光"
23 "PD"
*Arcs
1 23 0.0012
23 2 0.0133
3 2 0.58
23 3 0.0046
1 4 0.38
4 2 0.33
4 3 0.38
23 4 0.0106
5 1 0.36
5 2 0.16
5 3 0.37
5 4 0.21
5 23 0.0011
2 6 0.71
4 6 0.24
23 6 0.0069
7 1 0.28
7 2 0.21
7 3 0.18
7 4 0.32
7 5 0.34
7 6 0.15
7 23 0.0018
8 1 0.11
8 2 0.21
8 3 0.08
8 4 0.09
8 5 0.04
8 6 0.2
8 7 0.75
8 23 0.0015
9 1 0.12
9 2 0.32
9 3 0.18
9 4 0.21
9 5 0.3
9 6 0.22
9 7 0.34
9 8 0.22
9 23 0.0052
10 1 0.29
10 2 0.38
10 3 0.22
10 4 0.25
10 5 0.12
10 6 0.27
10 7 0.28
10 8 0.37
10 9 0.48
10 23 0.0076
11 2 0.71
11 3 0.41
11 4 0.47
11 6 0.5
7 11 0.15
8 11 0.2
9 11 0.45
10 11 0.53
11 23 0.021
1 12 0.29
12 2 0.38
12 3 0.22
12 4 0.38
5 12 0.12
12 6 0.27
7 12 0.28
8 12 0.21
9 12 0.24
10 12 0.43
12 11 0.53
12 23 0.0076
13 2 0.35
13 3 0.41
13 4 0.24
7 13 0.15
8 13 0.2
9 13 0.22
10 13 0.27
13 11 0.5
12 13 0.27
13 23 0.0053
14 2 0.71
14 3 0.41
14 4 0.24
14 6 0.5
7 14 0.15
8 14 0.2
9 14 0.22
10 14 0.27
14 11 0.5
12 14 0.27
14 13 0.5
14 23 0.0065
15 1 0.14
15 2 0.09
15 3 0.1
15 4 0.12
15 5 0.11
15 6 0.13
15 7 0.59
15 8 0.64
15 9 0.23
15 10 0.27
15 11 0.13
15 12 0.14
15 13 0.13
15 23 7.0E-4
16 2 0.2
16 3 0.24
16 4 0.14
7 16 0.26
8 16 0.29
9 16 0.13
10 16 0.15
16 11 0.29
12 16 0.15
16 13 0.29
16 14 0.29
15 16 0.29
16 23 0.0021
17 2 0.5
17 3 0.58
17 4 0.5
5 17 0.16
17 6 0.35
7 17 0.21
8 17 0.21
9 17 0.32
10 17 0.38
17 11 0.71
12 17 0.38
17 13 0.35
17 14 0.35
15 17 0.18
16 17 0.2
17 23 0.0125
1 18 0.38
18 3 0.29
18 4 0.5
5 18 0.47
7 18 0.21
12 18 0.38
15 18 0.09
18 17 0.25
18 23 0.0021
19 1 0.13
19 2 0.35
19 4 0.24
19 5 0.11
19 6 0.5
19 7 0.3
19 8 0.3
19 9 0.22
19 10 0.27
19 11 0.25
19 12 0.13
19 14 0.25
19 15 0.38
19 16 0.14
19 17 0.18
19 23 0.0022
20 1 0.24
20 2 0.32
20 4 0.11
20 5 0.1
20 6 0.45
20 7 0.34
20 8 0.36
20 9 0.2
20 10 0.48
20 11 0.22
20 12 0.24
20 14 0.22
20 15 0.23
20 17 0.32
20 19 0.34
20 23 0.0019
2 21 0.5
4 21 0.33
21 6 0.71
7 21 0.11
8 21 0.14
9 21 0.32
10 21 0.38
11 21 0.71
12 21 0.38
15 21 0.18
17 21 0.5
19 21 0.35
20 21 0.32
23 21 0.01
1 22 0.14
22 2 0.38
22 3 0.22
22 4 0.13
22 6 0.27
7 22 0.28
8 22 0.32
9 22 0.24
10 22 0.43
22 11 0.27
22 12 0.29
22 13 0.27
22 14 0.53
15 22 0.2
22 16 0.15
22 17 0.19
19 22 0.13
20 22 0.36
22 23 0.0024
