*Vertices  81
1 "显示器"
2 "衬底"
3 "LED灯"
4 "容器"
5 "光膜"
6 "荧光粉"
7 "整流器"
8 "开关"
9 "发光荧光材料"
10 "柔性高分子材料"
11 "GAN"
12 "塑料光转换荧光粒料"
13 "助剂"
14 "保护层"
15 "聚合物树脂"
16 "硼酸"
17 "蓝膜"
18 "变压器"
19 "蒸镀方法"
20 "EP"
21 "LED外延片"
22 "外延片"
23 "外延"
24 "LED"
25 "二极管"
26 "掩膜"
27 "塑料"
28 "腐蚀液"
29 "转换器"
30 "缓冲层"
31 "稀释剂"
32 "光谱仪"
33 "荧光体"
34 "发光体"
35 "硅橡胶"
36 "光刻胶"
37 "半导体"
38 "Al2O3"
39 "NH4H2PO4"
40 "GaAs"
41 "MQW"
42 "ITO"
43 "硅氧磷灰石"
44 "键合"
45 "客户"
46 "荧光光谱"
47 "LED芯片"
48 "芯片"
49 "金属层"
50 "涂层"
51 "电流扩展层"
52 "酸盐"
53 "硅油"
54 "SrCO3"
55 "Eu2O3"
56 "硝酸"
57 "Eu2"
58 "去离子水"
59 "硬脂酰胺"
60 "Li"
61 "液体石蜡"
62 "离子"
63 "电极"
64 "接触层"
65 "电阻"
66 "基色"
67 "丙酮"
68 "激光"
69 "MOCVD"
70 "湿法刻蚀"
71 "干法刻蚀"
72 "湿法腐蚀"
73 "臭氧"
74 "屏幕"
75 "透镜"
76 "反射层"
77 "发光层"
78 "甲基"
79 "激发光"
80 "电流阻挡层"
81 "SiO2"
*Arcs
1 81 1.0E-4
81 2 6.0E-4
3 1 0.13
3 2 0.05
3 81 4.0E-4
4 2 0.19
81 4 0.0010
5 1 0.27
5 3 0.13
5 4 0.5
5 81 4.0E-4
6 1 0.24
6 2 0.08
6 3 0.17
6 4 0.22
6 5 0.45
6 81 0.0012
7 2 0.11
3 7 0.14
81 7 1.0E-4
1 8 0.08
3 8 0.39
6 8 0.14
8 7 0.18
81 8 1.0E-4
9 1 0.23
9 2 0.16
9 3 0.27
9 4 0.21
9 5 0.43
9 6 0.57
9 8 0.13
9 81 0.0027
10 4 0.71
5 10 0.71
6 10 0.32
9 10 0.3
81 10 7.0E-4
11 2 0.65
3 11 0.07
6 11 0.13
7 11 0.17
81 11 2.0E-4
1 12 0.38
3 12 0.18
6 12 0.32
8 12 0.22
9 12 0.3
81 12 6.0E-4
1 13 0.27
3 13 0.13
13 4 0.5
5 13 0.5
6 13 0.45
8 13 0.15
9 13 0.43
13 10 0.71
13 12 0.71
81 13 0.0013
2 14 0.15
3 14 0.2
6 14 0.18
7 14 0.24
11 14 0.24
81 14 2.0E-4
1 15 0.38
3 15 0.18
6 15 0.32
8 15 0.22
9 15 0.3
15 12 1.0
15 13 0.71
81 15 6.0E-4
3 16 0.13
6 16 0.22
9 16 0.43
81 16 4.0E-4
2 17 0.38
4 17 0.5
81 17 2.0E-4
1 18 0.11
18 2 0.08
3 18 0.2
6 18 0.09
18 7 0.59
8 18 0.25
18 11 0.12
18 14 0.17
81 18 1.0E-4
2 19 0.38
9 19 0.43
81 19 3.0E-4
20 2 0.15
3 20 0.2
20 4 0.2
6 20 0.46
20 7 0.12
20 8 0.19
9 20 0.35
20 14 0.17
20 16 0.41
20 17 0.2
20 18 0.08
81 20 9.0E-4
21 2 0.71
3 21 0.07
6 21 0.12
7 21 0.15
21 11 0.93
21 14 0.22
18 21 0.11
81 21 2.0E-4
22 2 0.85
3 22 0.06
6 22 0.1
7 22 0.13
9 22 0.19
22 11 0.77
22 14 0.18
18 22 0.09
22 19 0.45
20 22 0.09
22 21 0.84
81 22 4.0E-4
23 2 0.93
3 23 0.09
6 23 0.08
7 23 0.11
9 23 0.24
23 11 0.65
23 14 0.15
23 17 0.19
18 23 0.08
23 19 0.38
20 23 0.08
23 21 0.71
23 22 0.85
81 23 7.0E-4
24 1 0.28
24 2 0.4
24 3 0.6
24 4 0.15
24 5 0.15
24 6 0.34
24 7 0.26
24 8 0.49
24 9 0.35
24 10 0.11
24 11 0.26
24 12 0.11
24 13 0.15
24 14 0.18
24 15 0.11
24 16 0.15
24 17 0.15
24 18 0.37
24 19 0.15
24 20 0.37
24 21 0.28
24 22 0.34
24 23 0.4
24 81 9.0E-4
25 1 0.11
25 2 0.45
25 3 0.3
25 4 0.2
25 5 0.2
25 6 0.36
25 7 0.35
25 8 0.31
25 9 0.43
25 10 0.14
25 11 0.29
25 12 0.14
25 13 0.2
25 14 0.08
25 15 0.14
25 16 0.1
25 17 0.2
25 18 0.37
25 19 0.2
25 20 0.24
25 21 0.27
25 22 0.36
25 23 0.45
25 24 0.75
25 81 0.0011
2 26 0.27
3 26 0.18
7 26 0.41
11 26 0.41
14 26 0.58
18 26 0.29
21 26 0.38
22 26 0.32
23 26 0.27
24 26 0.11
25 26 0.14
81 26 4.0E-4
27 1 0.29
27 2 0.1
27 3 0.13
27 4 0.27
27 5 0.53
27 6 0.36
27 8 0.16
27 9 0.34
27 10 0.38
27 12 0.38
27 13 0.53
27 15 0.38
27 20 0.11
27 22 0.12
27 23 0.1
27 24 0.28
27 25 0.37
27 81 5.0E-4
2 28 0.6
3 28 0.08
4 28 0.32
7 28 0.18
11 28 0.18
14 28 0.26
28 17 0.32
18 28 0.13
20 28 0.26
21 28 0.17
22 28 0.28
23 28 0.48
24 28 0.24
25 28 0.32
28 26 0.45
27 28 0.17
81 28 5.0E-4
1 29 0.29
3 29 0.13
6 29 0.12
8 29 0.25
9 29 0.11
29 12 0.38
29 13 0.27
29 15 0.38
18 29 0.11
20 29 0.11
24 29 0.28
25 29 0.21
27 29 0.43
81 29 1.0E-4
30 2 0.76
6 30 0.11
9 30 0.21
30 11 0.72
30 19 0.5
30 21 0.8
30 22 0.89
30 23 0.76
24 30 0.3
25 30 0.3
81 30 2.0E-4
31 4 0.71
5 31 0.71
6 31 0.32
9 31 0.3
31 10 1.0
31 13 0.71
24 31 0.11
25 31 0.14
27 31 0.38
81 31 7.0E-4
3 32 0.13
9 32 0.21
32 16 0.5
32 20 0.2
24 32 0.15
25 32 0.1
81 32 3.0E-4
33 4 0.41
5 33 0.41
6 33 0.55
9 33 0.52
33 10 0.58
33 13 0.41
16 33 0.41
20 33 0.33
24 33 0.18
25 33 0.24
27 33 0.22
33 31 0.58
81 33 0.0010
34 1 0.17
34 3 0.24
34 5 0.32
34 6 0.28
34 9 0.27
34 20 0.13
34 24 0.24
34 25 0.25
34 27 0.17
34 33 0.26
34 81 2.0E-4
35 4 0.71
5 35 0.71
6 35 0.32
9 35 0.3
35 10 1.0
35 13 0.71
24 35 0.11
25 35 0.14
27 35 0.38
35 31 1.0
35 33 0.58
81 35 7.0E-4
2 36 0.46
3 36 0.1
7 36 0.24
11 36 0.24
14 36 0.33
18 36 0.17
20 36 0.17
21 36 0.22
22 36 0.37
23 36 0.46
24 36 0.18
25 36 0.24
36 26 0.58
27 36 0.22
28 36 0.77
81 36 2.0E-4
37 1 0.14
37 2 0.67
37 3 0.29
37 4 0.13
37 5 0.13
37 6 0.34
37 7 0.15
37 8 0.12
37 9 0.43
37 11 0.44
37 12 0.18
37 13 0.13
37 14 0.1
37 15 0.18
37 16 0.13
37 17 0.25
37 18 0.1
37 19 0.25
37 20 0.31
37 21 0.48
37 22 0.57
37 23 0.67
37 24 0.59
37 25 0.64
37 26 0.18
37 27 0.27
37 28 0.4
37 29 0.14
37 30 0.51
37 33 0.21
37 34 0.16
37 36 0.31
37 81 0.0013
1 38 0.1
38 2 0.67
3 38 0.15
38 4 0.2
5 38 0.2
6 38 0.35
38 7 0.11
38 8 0.06
9 38 0.5
38 10 0.28
38 11 0.68
38 12 0.28
38 13 0.39
38 14 0.16
38 15 0.28
38 18 0.08
38 19 0.39
20 38 0.08
38 21 0.73
38 22 0.79
38 23 0.74
24 38 0.38
25 38 0.43
38 26 0.28
27 38 0.21
38 28 0.12
38 29 0.1
38 30 0.78
38 31 0.28
38 33 0.16
38 35 0.28
38 36 0.16
37 38 0.6
81 38 0.0017
6 39 0.32
9 39 0.3
20 39 0.29
24 39 0.11
25 39 0.14
33 39 0.58
34 39 0.45
37 39 0.18
81 39 5.0E-4
2 40 0.55
3 40 0.07
9 40 0.25
17 40 0.29
40 19 0.29
20 40 0.12
22 40 0.26
23 40 0.65
24 40 0.26
25 40 0.35
27 40 0.15
28 40 0.55
30 40 0.14
40 36 0.47
37 40 0.44
38 40 0.23
81 40 5.0E-4
41 2 0.64
3 41 0.16
6 41 0.19
7 41 0.25
8 41 0.07
9 41 0.18
41 11 0.74
41 14 0.17
16 41 0.21
18 41 0.17
20 41 0.26
41 21 0.8
41 22 0.76
41 23 0.73
24 41 0.35
25 41 0.38
41 26 0.3
27 41 0.11
41 28 0.27
41 30 0.64
33 41 0.17
41 36 0.35
37 41 0.6
38 41 0.67
41 40 0.25
81 41 4.0E-4
2 42 0.61
3 42 0.13
6 42 0.12
7 42 0.15
9 42 0.23
11 42 0.62
42 14 0.22
18 42 0.11
42 19 0.27
21 42 0.71
22 42 0.72
23 42 0.71
24 42 0.28
25 42 0.27
42 26 0.38
42 28 0.17
30 42 0.67
42 36 0.22
37 42 0.48
38 42 0.73
42 40 0.15
41 42 0.68
81 42 4.0E-4
6 43 0.32
9 43 0.3
20 43 0.29
24 43 0.11
25 43 0.14
33 43 0.58
34 43 0.45
37 43 0.18
43 39 1.0
81 43 5.0E-4
2 44 0.22
3 44 0.07
6 44 0.13
9 44 0.25
44 14 0.24
44 19 0.29
20 44 0.12
22 44 0.13
23 44 0.33
24 44 0.26
25 44 0.29
27 44 0.15
44 28 0.18
29 44 0.15
30 44 0.14
37 44 0.29
38 44 0.23
44 40 0.5
41 44 0.12
42 44 0.15
81 44 4.0E-4
1 45 0.22
3 45 0.2
6 45 0.18
8 45 0.25
9 45 0.17
45 12 0.58
45 13 0.41
45 15 0.58
20 45 0.17
24 45 0.18
25 45 0.08
27 45 0.22
29 45 0.22
37 45 0.21
38 45 0.16
81 45 2.0E-4
3 46 0.13
9 46 0.21
46 16 0.5
46 20 0.2
24 46 0.15
25 46 0.1
46 32 1.0
46 81 3.0E-4
47 2 0.52
3 47 0.26
47 4 0.34
5 47 0.17
6 47 0.23
47 7 0.2
47 8 0.05
9 47 0.15
47 10 0.24
47 11 0.5
47 13 0.17
47 14 0.28
16 47 0.17
47 17 0.17
47 18 0.14
20 47 0.35
47 21 0.55
47 22 0.54
47 23 0.45
24 47 0.44
25 47 0.48
47 26 0.24
27 47 0.18
47 28 0.33
47 30 0.43
47 31 0.24
47 33 0.28
47 35 0.24
47 36 0.28
37 47 0.57
38 47 0.47
47 40 0.1
47 41 0.66
47 42 0.37
47 44 0.2
81 47 5.0E-4
1 48 0.22
48 2 0.55
3 48 0.36
48 4 0.21
5 48 0.1
6 48 0.37
48 7 0.24
48 8 0.29
9 48 0.44
48 10 0.15
48 11 0.36
48 12 0.15
48 13 0.21
48 14 0.17
48 15 0.15
48 16 0.21
48 17 0.21
48 18 0.21
48 19 0.21
48 20 0.38
48 21 0.39
48 22 0.47
48 23 0.55
24 48 0.72
25 48 0.71
48 26 0.15
27 48 0.17
48 28 0.33
48 29 0.22
48 30 0.42
48 31 0.15
48 32 0.1
48 33 0.26
34 48 0.07
48 35 0.15
48 36 0.26
37 48 0.69
48 38 0.53
48 39 0.15
48 40 0.36
48 41 0.49
48 42 0.39
48 43 0.15
48 44 0.3
48 45 0.09
48 46 0.1
48 47 0.61
48 81 0.0014
3 49 0.18
9 49 0.3
23 49 0.27
24 49 0.11
25 49 0.14
37 49 0.18
38 49 0.28
40 49 0.41
41 49 0.3
42 49 0.38
44 49 0.41
48 49 0.15
81 49 3.0E-4
3 50 0.18
6 50 0.16
9 50 0.15
50 14 0.29
50 18 0.14
20 50 0.14
24 50 0.21
25 50 0.14
34 50 0.22
37 50 0.09
50 38 0.14
48 50 0.07
81 50 1.0E-4
2 51 0.55
3 51 0.14
4 51 0.29
7 51 0.17
9 51 0.12
11 51 0.17
14 51 0.24
51 17 0.58
18 51 0.12
20 51 0.24
21 51 0.15
22 51 0.26
23 51 0.55
24 51 0.26
25 51 0.35
51 26 0.41
27 51 0.15
51 28 0.73
51 36 0.47
37 51 0.44
38 51 0.23
51 40 0.67
41 51 0.37
42 51 0.31
44 51 0.33
47 51 0.3
48 51 0.36
51 49 0.41
81 51 9.0E-4
1 52 0.15
3 52 0.14
52 4 0.29
5 52 0.29
6 52 0.52
52 8 0.09
9 52 0.62
52 10 0.41
52 12 0.41
52 13 0.58
52 15 0.41
52 16 0.58
52 20 0.35
24 52 0.26
25 52 0.29
27 52 0.31
52 29 0.15
52 31 0.41
52 32 0.29
52 33 0.47
52 35 0.41
37 52 0.29
52 38 0.34
52 41 0.12
52 45 0.24
52 46 0.29
52 47 0.2
52 48 0.36
52 50 0.2
52 81 0.0017
53 4 0.71
5 53 0.71
6 53 0.32
9 53 0.3
53 10 1.0
53 13 0.71
24 53 0.11
25 53 0.14
27 53 0.38
53 31 1.0
53 33 0.58
53 35 1.0
38 53 0.28
47 53 0.24
48 53 0.15
52 53 0.41
81 53 7.0E-4
3 54 0.13
6 54 0.22
9 54 0.43
54 16 0.5
54 20 0.41
24 54 0.15
25 54 0.1
54 32 0.5
54 33 0.41
34 54 0.32
37 54 0.13
54 39 0.71
54 43 0.71
54 46 0.5
54 48 0.21
54 52 0.29
54 81 0.0011
3 55 0.13
6 55 0.22
9 55 0.43
55 16 0.5
55 20 0.41
24 55 0.15
25 55 0.1
55 32 0.5
55 33 0.41
34 55 0.32
37 55 0.13
55 39 0.71
55 43 0.71
55 46 0.5
55 48 0.21
55 52 0.29
55 54 1.0
55 81 0.0011
3 56 0.1
6 56 0.37
9 56 0.52
56 16 0.82
56 20 0.5
24 56 0.18
25 56 0.16
56 32 0.41
56 33 0.33
37 56 0.21
56 38 0.16
56 41 0.17
56 46 0.41
56 47 0.14
56 48 0.26
56 50 0.29
56 52 0.71
56 54 0.41
56 55 0.41
56 81 7.0E-4
3 57 0.09
6 57 0.47
9 57 0.6
57 16 0.71
57 20 0.58
24 57 0.21
25 57 0.21
57 32 0.35
57 33 0.58
34 57 0.22
37 57 0.27
57 38 0.14
57 39 0.5
57 41 0.15
57 43 0.5
57 46 0.35
57 47 0.12
57 48 0.29
57 50 0.25
57 52 0.61
57 54 0.71
57 55 0.71
57 56 0.87
57 81 0.0013
58 2 0.24
3 58 0.08
58 4 0.32
9 58 0.13
58 16 0.32
58 17 0.32
58 20 0.39
58 23 0.12
24 58 0.24
25 58 0.19
58 28 0.4
58 32 0.32
58 36 0.26
37 58 0.24
58 40 0.18
58 46 0.32
58 47 0.11
58 48 0.26
58 51 0.18
58 52 0.37
58 54 0.32
58 55 0.32
58 56 0.26
58 57 0.22
58 81 5.0E-4
1 59 0.38
3 59 0.18
6 59 0.32
8 59 0.22
9 59 0.3
59 12 1.0
59 13 0.71
59 15 1.0
24 59 0.11
25 59 0.14
27 59 0.38
29 59 0.38
37 59 0.18
38 59 0.28
59 45 0.58
48 59 0.15
52 59 0.41
81 59 6.0E-4
1 60 0.13
60 2 0.09
3 60 0.29
60 4 0.24
5 60 0.24
6 60 0.42
60 8 0.15
9 60 0.4
60 10 0.33
60 11 0.14
60 12 0.33
60 13 0.47
60 15 0.33
60 16 0.47
60 20 0.29
60 21 0.13
60 22 0.11
60 23 0.09
24 60 0.32
25 60 0.28
27 60 0.25
60 29 0.25
60 30 0.12
60 31 0.33
60 32 0.24
60 33 0.38
60 35 0.33
37 60 0.3
60 38 0.28
60 41 0.2
60 42 0.13
60 45 0.19
60 46 0.24
60 47 0.32
60 48 0.34
60 52 0.54
60 53 0.33
60 54 0.24
60 55 0.24
60 56 0.38
60 57 0.33
60 58 0.15
60 59 0.33
60 81 8.0E-4
1 61 0.38
3 61 0.18
6 61 0.32
8 61 0.22
9 61 0.3
61 12 1.0
61 13 0.71
61 15 1.0
24 61 0.11
25 61 0.14
27 61 0.38
29 61 0.38
37 61 0.18
38 61 0.28
61 45 0.58
48 61 0.15
52 61 0.41
61 59 1.0
60 61 0.33
81 61 6.0E-4
62 2 0.32
3 62 0.16
62 4 0.21
6 62 0.19
9 62 0.27
62 16 0.43
62 17 0.21
62 18 0.09
62 20 0.52
62 22 0.1
62 23 0.24
24 62 0.35
25 62 0.3
27 62 0.11
62 28 0.54
62 32 0.21
62 33 0.35
34 62 0.13
62 36 0.35
37 62 0.38
62 39 0.3
62 40 0.37
62 41 0.18
62 43 0.3
62 44 0.12
62 46 0.21
62 47 0.22
62 48 0.36
62 50 0.15
62 51 0.37
62 52 0.37
62 54 0.43
62 55 0.43
62 56 0.35
62 57 0.45
62 58 0.67
62 60 0.2
62 81 7.0E-4
63 2 0.73
3 63 0.17
63 4 0.14
6 63 0.06
63 7 0.4
8 63 0.17
9 63 0.24
63 11 0.48
63 14 0.11
63 17 0.28
63 18 0.45
63 19 0.28
20 63 0.17
63 21 0.52
63 22 0.62
63 23 0.73
24 63 0.54
25 63 0.67
63 26 0.2
27 63 0.07
63 28 0.44
63 29 0.07
63 30 0.55
63 36 0.34
37 63 0.56
38 63 0.54
63 40 0.48
63 41 0.59
63 42 0.52
63 44 0.24
47 63 0.43
48 63 0.61
63 49 0.2
63 51 0.48
58 63 0.18
60 63 0.07
62 63 0.24
81 63 6.0E-4
64 2 0.71
3 64 0.07
6 64 0.12
7 64 0.15
64 11 0.93
64 14 0.22
18 64 0.11
64 21 1.0
64 22 0.84
64 23 0.71
24 64 0.28
25 64 0.27
64 26 0.38
64 28 0.17
64 30 0.8
64 36 0.22
37 64 0.48
38 64 0.73
64 41 0.8
64 42 0.71
47 64 0.55
48 64 0.39
64 51 0.15
60 64 0.13
63 64 0.52
81 64 2.0E-4
1 65 0.08
65 2 0.12
3 65 0.35
6 65 0.07
65 7 0.53
8 65 0.48
9 65 0.07
65 11 0.18
65 14 0.13
65 18 0.57
20 65 0.13
65 21 0.16
65 22 0.14
65 23 0.12
24 65 0.49
25 65 0.46
65 26 0.22
65 28 0.1
65 29 0.25
65 30 0.08
65 36 0.13
37 65 0.16
38 65 0.12
65 41 0.2
65 42 0.16
65 45 0.13
47 65 0.16
48 65 0.45
65 51 0.09
60 65 0.07
65 63 0.56
65 64 0.16
81 65 1.0E-4
3 66 0.09
6 66 0.16
9 66 0.3
66 16 0.71
66 20 0.29
24 66 0.21
25 66 0.14
66 32 0.35
66 33 0.29
37 66 0.09
66 41 0.15
66 46 0.35
66 47 0.12
66 48 0.15
66 52 0.41
66 54 0.35
66 55 0.35
66 56 0.58
66 57 0.5
66 58 0.22
66 60 0.33
66 62 0.3
66 81 2.0E-4
67 2 0.27
3 67 0.09
67 4 0.35
9 67 0.15
67 16 0.35
67 17 0.35
67 20 0.58
67 22 0.16
67 23 0.13
24 67 0.21
25 67 0.14
27 67 0.19
67 28 0.45
67 32 0.35
67 36 0.29
37 67 0.18
67 40 0.2
67 41 0.15
67 46 0.35
67 47 0.24
67 48 0.22
67 51 0.41
67 52 0.2
67 54 0.35
67 55 0.35
67 56 0.29
67 57 0.25
67 58 0.67
67 60 0.17
67 62 0.6
67 63 0.2
67 66 0.25
67 81 6.0E-4
68 1 0.13
68 2 0.19
68 3 0.19
68 5 0.25
68 6 0.22
68 7 0.14
68 8 0.08
68 9 0.21
68 11 0.29
68 14 0.2
68 18 0.1
68 21 0.27
68 22 0.22
68 23 0.28
68 24 0.3
68 25 0.3
68 26 0.35
68 27 0.27
68 28 0.16
68 29 0.13
68 30 0.13
68 32 0.25
68 34 0.16
68 36 0.2
68 37 0.38
68 38 0.29
68 40 0.14
68 41 0.32
68 42 0.4
68 44 0.14
68 46 0.25
68 47 0.09
68 48 0.21
68 49 0.35
68 51 0.29
68 60 0.12
68 63 0.21
68 64 0.27
68 65 0.23
68 81 3.0E-4
69 2 0.76
3 69 0.06
6 69 0.1
9 69 0.29
69 11 0.65
69 19 0.45
20 69 0.09
69 21 0.72
69 22 0.9
69 23 0.85
24 69 0.34
25 69 0.36
27 69 0.12
69 28 0.14
69 30 0.89
69 36 0.18
37 69 0.57
38 69 0.79
69 40 0.39
69 41 0.76
69 42 0.72
69 44 0.26
47 69 0.46
48 69 0.47
69 49 0.32
69 51 0.26
60 69 0.11
62 69 0.1
63 69 0.62
69 64 0.72
65 69 0.07
67 69 0.16
68 69 0.22
81 69 4.0E-4
2 70 0.27
9 70 0.3
70 19 0.71
22 70 0.32
23 70 0.27
24 70 0.11
25 70 0.14
30 70 0.35
37 70 0.18
38 70 0.28
70 40 0.41
44 70 0.41
48 70 0.15
63 70 0.2
69 70 0.32
81 70 4.0E-4
2 71 0.38
9 71 0.43
71 19 1.0
22 71 0.45
23 71 0.38
24 71 0.15
25 71 0.2
30 71 0.5
37 71 0.25
38 71 0.39
71 40 0.29
42 71 0.27
44 71 0.29
48 71 0.21
63 71 0.28
69 71 0.45
71 70 0.71
81 71 3.0E-4
2 72 0.38
3 72 0.13
7 72 0.29
11 72 0.29
14 72 0.41
18 72 0.2
21 72 0.27
22 72 0.22
23 72 0.38
24 72 0.15
25 72 0.2
72 26 0.71
28 72 0.63
36 72 0.41
37 72 0.25
38 72 0.2
40 72 0.29
41 72 0.21
42 72 0.27
44 72 0.29
47 72 0.17
48 72 0.21
51 72 0.58
62 72 0.21
63 72 0.28
64 72 0.27
65 72 0.15
68 72 0.25
81 72 3.0E-4
3 73 0.2
73 4 0.41
5 73 0.41
6 73 0.18
9 73 0.17
73 10 0.58
73 13 0.41
18 73 0.17
24 73 0.18
25 73 0.08
27 73 0.22
73 31 0.58
73 33 0.33
73 35 0.58
38 73 0.16
47 73 0.14
48 73 0.09
50 73 0.29
52 73 0.24
73 53 0.58
60 73 0.19
62 73 0.35
81 73 3.0E-4
2 74 0.51
8 74 0.16
9 74 0.23
11 74 0.31
74 19 0.53
20 74 0.11
21 74 0.29
22 74 0.6
23 74 0.51
24 74 0.28
25 74 0.27
27 74 0.14
28 74 0.17
30 74 0.53
74 36 0.22
37 74 0.34
38 74 0.42
74 40 0.31
41 74 0.34
42 74 0.29
44 74 0.15
47 74 0.28
48 74 0.28
51 74 0.15
62 74 0.11
63 74 0.37
64 74 0.29
67 74 0.19
69 74 0.6
74 70 0.38
74 71 0.53
81 74 2.0E-4
75 1 0.24
75 3 0.28
75 4 0.22
75 5 0.45
75 6 0.3
75 8 0.07
75 9 0.29
75 10 0.32
75 12 0.32
75 13 0.45
75 15 0.32
75 20 0.09
75 24 0.34
75 25 0.36
75 27 0.48
75 29 0.24
75 31 0.32
75 32 0.22
75 33 0.18
75 34 0.14
75 35 0.32
75 37 0.23
75 38 0.18
75 45 0.18
75 46 0.22
75 47 0.23
75 48 0.19
75 52 0.26
75 53 0.32
75 58 0.14
75 59 0.32
75 60 0.32
75 61 0.32
75 62 0.1
75 67 0.16
75 68 0.34
75 73 0.18
75 81 4.0E-4
2 76 0.46
9 76 0.35
76 19 0.82
20 76 0.17
22 76 0.55
23 76 0.46
24 76 0.18
25 76 0.24
27 76 0.22
28 76 0.26
30 76 0.41
76 36 0.33
37 76 0.31
38 76 0.32
76 40 0.47
41 76 0.17
42 76 0.22
44 76 0.24
47 76 0.14
48 76 0.26
51 76 0.24
62 76 0.17
63 76 0.34
67 76 0.29
69 76 0.55
76 70 0.58
76 71 0.82
76 74 0.65
81 76 3.0E-4
2 77 0.71
4 77 0.27
9 77 0.23
11 77 0.15
77 17 0.53
77 19 0.53
20 77 0.22
21 77 0.14
22 77 0.48
23 77 0.61
24 77 0.28
25 77 0.37
27 77 0.14
77 28 0.51
30 77 0.4
77 36 0.22
37 77 0.48
38 77 0.31
77 40 0.62
41 77 0.23
77 42 0.29
77 44 0.31
47 77 0.28
48 77 0.39
77 51 0.62
58 77 0.17
62 77 0.34
63 77 0.52
64 77 0.14
67 77 0.38
69 77 0.48
77 70 0.38
77 71 0.53
77 72 0.27
77 74 0.43
77 76 0.65
81 77 5.0E-4
1 78 0.13
78 2 0.45
3 78 0.06
78 4 0.24
5 78 0.24
6 78 0.32
8 78 0.07
9 78 0.2
78 10 0.33
78 11 0.54
78 12 0.33
78 13 0.47
78 15 0.33
20 78 0.1
78 21 0.63
78 22 0.53
78 23 0.45
24 78 0.32
25 78 0.28
27 78 0.25
29 78 0.13
78 30 0.59
78 31 0.33
78 33 0.19
78 35 0.33
37 78 0.42
38 78 0.65
78 41 0.5
78 42 0.5
78 45 0.19
47 78 0.4
48 78 0.39
52 78 0.41
78 53 0.33
58 78 0.3
78 59 0.33
60 78 0.33
78 61 0.33
62 78 0.2
63 78 0.33
78 64 0.63
65 78 0.07
67 78 0.17
68 78 0.12
78 69 0.53
78 73 0.19
78 74 0.25
75 78 0.32
78 77 0.13
81 78 5.0E-4
1 79 0.14
3 79 0.13
79 4 0.27
5 79 0.27
6 79 0.48
79 8 0.08
9 79 0.57
79 10 0.38
79 12 0.38
79 13 0.53
79 15 0.38
79 16 0.53
79 20 0.33
24 79 0.28
25 79 0.32
27 79 0.43
79 29 0.29
79 31 0.38
79 32 0.53
79 33 0.65
34 79 0.17
79 35 0.38
37 79 0.2
79 38 0.21
79 39 0.38
79 41 0.11
79 43 0.38
79 44 0.15
79 45 0.22
79 46 0.53
79 47 0.18
79 48 0.28
79 52 0.62
79 53 0.38
79 54 0.53
79 55 0.53
79 56 0.44
79 57 0.57
79 58 0.17
79 59 0.38
79 60 0.5
79 61 0.38
79 62 0.34
79 66 0.38
79 67 0.19
68 79 0.13
79 73 0.22
75 79 0.36
79 78 0.25
79 81 0.0017
2 80 0.38
9 80 0.21
17 80 0.5
80 19 0.5
22 80 0.22
23 80 0.38
24 80 0.15
25 80 0.2
30 80 0.25
37 80 0.25
38 80 0.2
80 40 0.58
44 80 0.29
48 80 0.21
51 80 0.29
63 80 0.28
69 80 0.22
80 70 0.71
80 71 0.5
80 74 0.27
80 76 0.41
77 80 0.53
81 80 3.0E-4
