*Vertices  27
1 "LED灯"
2 "荧光粉"
3 "发光荧光材料"
4 "硼酸"
5 "EP"
6 "LED"
7 "二极管"
8 "光谱仪"
9 "荧光体"
10 "发光体"
11 "SiO2"
12 "半导体"
13 "NH4H2PO4"
14 "硅氧磷灰石"
15 "荧光光谱"
16 "芯片"
17 "酸盐"
18 "Eu2O3"
19 "硝酸"
20 "Eu2"
21 "去离子水"
22 "Li"
23 "离子"
24 "基色"
25 "丙酮"
26 "激发光"
27 "SrCO3"
*Arcs
1 27 4.0E-4
2 1 0.17
2 27 0.0018
3 1 0.27
3 2 0.57
3 27 0.0049
1 4 0.13
2 4 0.22
3 4 0.43
27 4 0.0054
1 5 0.2
2 5 0.46
3 5 0.35
5 4 0.41
27 5 0.0044
6 1 0.6
6 2 0.34
6 3 0.35
6 4 0.15
6 5 0.37
6 27 9.0E-4
7 1 0.3
7 2 0.36
7 3 0.43
7 4 0.1
7 5 0.24
7 6 0.75
7 27 6.0E-4
1 8 0.13
3 8 0.21
8 4 0.5
8 5 0.2
6 8 0.15
7 8 0.1
27 8 0.0047
2 9 0.55
3 9 0.52
4 9 0.41
5 9 0.33
6 9 0.18
7 9 0.24
27 9 0.0047
10 1 0.24
10 2 0.28
10 3 0.27
10 5 0.13
10 6 0.24
10 7 0.25
10 9 0.26
10 27 0.0022
1 11 0.24
2 11 0.42
3 11 0.7
11 4 0.24
11 5 0.38
6 11 0.32
7 11 0.38
11 8 0.24
11 9 0.38
10 11 0.15
27 11 0.0052
12 1 0.29
12 2 0.34
12 3 0.43
12 4 0.13
12 5 0.31
12 6 0.59
12 7 0.64
12 9 0.21
12 10 0.16
12 11 0.42
12 27 8.0E-4
2 13 0.32
3 13 0.3
5 13 0.29
6 13 0.11
7 13 0.14
9 13 0.58
10 13 0.45
11 13 0.33
12 13 0.18
27 13 0.0087
2 14 0.32
3 14 0.3
5 14 0.29
6 14 0.11
7 14 0.14
9 14 0.58
10 14 0.45
11 14 0.33
12 14 0.18
14 13 1.0
27 14 0.0087
1 15 0.13
3 15 0.21
15 4 0.5
15 5 0.2
6 15 0.15
7 15 0.1
15 8 1.0
15 11 0.24
27 15 0.0047
1 16 0.36
2 16 0.37
3 16 0.44
16 4 0.21
16 5 0.38
6 16 0.72
7 16 0.71
16 8 0.1
16 9 0.26
10 16 0.07
16 11 0.44
12 16 0.69
16 13 0.15
16 14 0.15
16 15 0.1
27 16 0.0014
1 17 0.14
2 17 0.52
3 17 0.62
17 4 0.58
17 5 0.35
6 17 0.26
7 17 0.29
17 8 0.29
17 9 0.47
17 11 0.54
12 17 0.29
17 15 0.29
17 16 0.36
27 17 0.0026
1 18 0.13
2 18 0.22
3 18 0.43
18 4 0.5
18 5 0.41
6 18 0.15
7 18 0.1
18 8 0.5
18 9 0.41
10 18 0.32
18 11 0.47
12 18 0.13
18 13 0.71
18 14 0.71
18 15 0.5
18 16 0.21
18 17 0.29
18 27 0.0175
1 19 0.1
2 19 0.37
3 19 0.52
19 4 0.82
19 5 0.5
6 19 0.18
7 19 0.16
19 8 0.41
19 9 0.33
19 11 0.38
12 19 0.21
19 15 0.41
19 16 0.26
19 17 0.71
19 18 0.41
19 27 0.0042
1 20 0.09
2 20 0.47
3 20 0.6
20 4 0.71
20 5 0.58
6 20 0.21
7 20 0.21
20 8 0.35
20 9 0.58
10 20 0.22
20 11 0.5
12 20 0.27
20 13 0.5
20 14 0.5
20 15 0.35
20 16 0.29
20 17 0.61
20 18 0.71
20 19 0.87
20 27 0.0112
1 21 0.08
3 21 0.13
21 4 0.32
21 5 0.39
6 21 0.24
7 21 0.19
21 8 0.32
21 11 0.3
12 21 0.24
21 15 0.32
21 16 0.26
21 17 0.37
21 18 0.32
21 19 0.26
21 20 0.22
21 27 0.0022
1 22 0.29
2 22 0.42
3 22 0.4
22 4 0.47
22 5 0.29
6 22 0.32
7 22 0.28
22 8 0.24
22 9 0.38
22 11 0.33
12 22 0.3
22 15 0.24
22 16 0.34
22 17 0.54
22 18 0.24
22 19 0.38
22 20 0.33
22 21 0.15
22 27 0.0016
1 23 0.16
2 23 0.19
3 23 0.27
23 4 0.43
23 5 0.52
6 23 0.35
7 23 0.3
23 8 0.21
23 9 0.35
10 23 0.13
23 11 0.3
12 23 0.38
23 13 0.3
23 14 0.3
23 15 0.21
23 16 0.36
23 17 0.37
23 18 0.43
23 19 0.35
23 20 0.45
23 21 0.67
23 22 0.2
23 27 0.0046
1 24 0.09
2 24 0.16
3 24 0.3
24 4 0.71
24 5 0.29
6 24 0.21
7 24 0.14
24 8 0.35
24 9 0.29
24 11 0.17
12 24 0.09
24 15 0.35
24 16 0.15
24 17 0.41
24 18 0.35
24 19 0.58
24 20 0.5
24 21 0.22
24 22 0.33
24 23 0.3
24 27 0.0028
1 25 0.09
3 25 0.15
25 4 0.35
25 5 0.58
6 25 0.21
7 25 0.14
25 8 0.35
25 11 0.33
12 25 0.18
25 15 0.35
25 16 0.22
25 17 0.2
25 18 0.35
25 19 0.29
25 20 0.25
25 21 0.67
25 22 0.17
25 23 0.6
25 24 0.25
25 27 0.0025
1 26 0.13
2 26 0.48
3 26 0.57
26 4 0.53
26 5 0.33
6 26 0.28
7 26 0.32
26 8 0.53
26 9 0.65
10 26 0.17
26 11 0.5
12 26 0.2
26 13 0.38
26 14 0.38
26 15 0.53
26 16 0.28
26 17 0.62
26 18 0.53
26 19 0.44
26 20 0.57
26 21 0.17
26 22 0.5
26 23 0.34
26 24 0.38
26 25 0.19
26 27 0.0072
