*Vertices  11
1 "LED显示屏"
2 "控制器"
3 "处理器"
4 "色域"
5 "IP核"
6 "XYZ2xyz"
7 "CIE"
8 "LED"
9 "基色"
10 "DMA"
11 "XYZ2RGB"
*Arcs
1 11 0.0235
2 1 0.57
2 11 0.0125
3 1 0.32
3 2 0.48
3 11 0.0087
4 1 0.71
2 4 0.27
3 4 0.22
4 11 0.0402
1 5 0.5
2 5 0.38
3 5 0.32
4 5 0.71
11 5 0.0604
1 6 0.5
2 6 0.38
3 6 0.32
4 6 0.71
6 5 1.0
11 6 0.0604
7 1 0.71
2 7 0.27
3 7 0.22
7 4 1.0
7 5 0.71
7 6 0.71
7 11 0.0402
8 1 0.21
8 2 0.28
8 3 0.34
8 4 0.15
8 5 0.11
8 6 0.11
8 7 0.15
8 11 0.0015
9 1 0.5
9 2 0.19
3 9 0.16
9 4 0.71
9 5 0.5
9 6 0.5
9 7 0.71
8 9 0.21
9 11 0.0233
10 1 0.35
10 2 0.53
3 10 0.45
10 4 0.5
10 5 0.71
10 6 0.71
10 7 0.5
8 10 0.15
9 10 0.35
10 11 0.0363
