*Vertices  39
1 "LED灯"
2 "电容"
3 "控制器"
4 "单片机"
5 "发生器"
6 "整流器"
7 "开关"
8 "发光荧光材料"
9 "触发脉冲"
10 "变压器"
11 "稳压块"
12 "EP"
13 "LED"
14 "二极管"
15 "稳压二极管"
16 "玻璃"
17 "LED光源"
18 "转换器"
19 "晶体振荡器"
20 "放大器"
21 "半导体"
22 "电路板"
23 "MQW"
24 "焊盘"
25 "滑动变阻器"
26 "蓄电池"
27 "锂电池"
28 "LED芯片"
29 "芯片"
30 "继电器"
31 "充电器"
32 "电感"
33 "电极"
34 "电阻"
35 "脉冲信号"
36 "空穴"
37 "光电耦合器"
38 "晶体闸流管"
39 "三极管"
*Arcs
1 39 0.0011
1 2 0.21
39 2 0.0086
2 3 0.11
39 3 5.0E-4
1 4 0.21
4 2 0.18
4 3 0.11
4 39 7.0E-4
1 5 0.31
4 5 0.17
39 5 5.0E-4
1 6 0.14
2 6 0.37
39 6 0.0049
1 7 0.39
7 2 0.46
7 3 0.25
7 4 0.26
7 5 0.13
7 6 0.18
7 39 0.0027
8 1 0.27
8 4 0.09
8 5 0.17
8 7 0.13
8 39 2.0E-4
2 9 0.3
3 9 0.38
39 9 0.0018
1 10 0.2
2 10 0.44
10 3 0.11
4 10 0.09
10 5 0.17
10 6 0.59
7 10 0.25
39 10 0.0076
11 6 0.41
11 10 0.29
39 11 0.0013
1 12 0.2
12 2 0.17
12 3 0.11
12 4 0.09
12 6 0.12
12 7 0.19
8 12 0.35
12 10 0.08
12 39 3.0E-4
13 1 0.6
13 2 0.35
13 3 0.28
13 4 0.35
13 5 0.18
13 6 0.26
13 7 0.49
13 8 0.35
13 9 0.11
13 10 0.37
13 11 0.11
13 12 0.37
13 39 0.0041
14 1 0.3
14 2 0.34
14 3 0.16
14 4 0.13
14 5 0.08
14 6 0.35
14 7 0.31
14 8 0.43
14 9 0.14
14 10 0.37
14 11 0.14
14 12 0.24
14 13 0.75
14 39 0.0049
1 15 0.18
2 15 0.3
6 15 0.41
7 15 0.22
10 15 0.29
12 15 0.29
13 15 0.11
14 15 0.14
39 15 0.0015
16 1 0.28
16 2 0.1
16 4 0.29
16 5 0.37
16 7 0.21
16 8 0.19
16 10 0.09
16 12 0.18
16 13 0.34
16 14 0.22
16 39 3.0E-4
17 1 0.44
17 2 0.08
17 4 0.08
17 6 0.11
17 7 0.06
17 8 0.17
17 10 0.08
17 12 0.24
17 13 0.38
17 14 0.27
17 15 0.28
17 16 0.18
17 39 2.0E-4
1 18 0.13
2 18 0.23
18 3 0.29
4 18 0.11
7 18 0.25
8 18 0.11
18 9 0.38
10 18 0.11
12 18 0.11
13 18 0.28
14 18 0.21
16 18 0.24
39 18 6.0E-4
1 19 0.13
19 2 0.21
19 3 0.27
4 19 0.21
7 19 0.31
12 19 0.2
13 19 0.15
16 19 0.22
19 18 0.27
19 39 8.0E-4
2 20 0.3
20 3 0.19
4 20 0.45
6 20 0.2
10 20 0.29
13 20 0.21
14 20 0.14
20 18 0.19
39 20 4.0E-4
21 1 0.29
21 2 0.11
21 4 0.05
21 6 0.15
21 7 0.12
21 8 0.43
21 10 0.1
21 12 0.31
21 13 0.59
21 14 0.64
21 15 0.18
21 16 0.23
21 17 0.3
21 18 0.14
21 20 0.09
21 39 2.0E-4
22 1 0.43
22 2 0.12
22 4 0.12
22 5 0.24
22 7 0.18
22 8 0.12
22 10 0.12
22 13 0.26
22 14 0.06
22 16 0.39
22 17 0.11
22 19 0.29
22 21 0.15
22 39 4.0E-4
1 23 0.16
2 23 0.09
6 23 0.25
7 23 0.07
8 23 0.18
10 23 0.17
12 23 0.26
13 23 0.35
14 23 0.38
23 15 0.3
16 23 0.19
17 23 0.17
21 23 0.6
39 23 3.0E-4
1 24 0.1
2 24 0.17
6 24 0.24
7 24 0.13
10 24 0.17
12 24 0.33
13 24 0.18
14 24 0.16
24 15 0.58
17 24 0.16
21 24 0.21
24 23 0.17
39 24 7.0E-4
2 25 0.3
7 25 0.22
10 25 0.29
13 25 0.11
14 25 0.14
39 25 0.0013
1 26 0.08
26 3 0.17
26 6 0.37
7 26 0.2
26 10 0.39
26 11 0.45
13 26 0.24
14 26 0.19
17 26 0.12
21 26 0.08
39 26 0.0016
1 27 0.1
27 2 0.35
4 27 0.17
7 27 0.13
27 10 0.17
13 27 0.18
14 27 0.16
16 27 0.18
27 19 0.41
22 27 0.24
27 39 0.0034
1 28 0.26
28 2 0.15
28 4 0.07
28 6 0.2
28 7 0.05
8 28 0.15
28 10 0.14
12 28 0.35
13 28 0.44
14 28 0.48
28 15 0.24
16 28 0.15
17 28 0.2
28 20 0.12
21 28 0.57
28 23 0.66
28 24 0.28
28 39 3.0E-4
1 29 0.36
29 2 0.36
29 3 0.11
29 4 0.36
29 5 0.09
29 6 0.24
29 7 0.29
8 29 0.44
29 9 0.15
29 10 0.21
29 12 0.38
13 29 0.72
14 29 0.71
29 15 0.15
16 29 0.14
17 29 0.16
29 18 0.22
29 19 0.1
29 20 0.29
21 29 0.69
22 29 0.06
29 23 0.49
29 24 0.26
29 25 0.15
29 27 0.17
29 28 0.61
29 39 0.0028
1 30 0.09
2 30 0.6
30 3 0.19
7 30 0.33
30 9 0.5
10 30 0.29
12 30 0.14
13 30 0.21
14 30 0.21
30 18 0.19
30 25 0.5
29 30 0.15
39 30 0.0043
2 31 0.13
31 3 0.17
31 6 0.37
31 10 0.39
31 11 0.45
13 31 0.24
14 31 0.25
31 26 0.4
27 31 0.52
29 31 0.07
39 31 0.0051
1 32 0.25
2 32 0.43
6 32 0.29
7 32 0.31
10 32 0.2
12 32 0.2
13 32 0.15
14 32 0.1
32 15 0.71
17 32 0.2
32 18 0.27
21 32 0.13
32 23 0.21
32 24 0.41
28 32 0.17
29 32 0.21
39 32 0.0010
1 33 0.17
2 33 0.35
33 3 0.07
4 33 0.06
33 5 0.11
33 6 0.4
7 33 0.17
8 33 0.24
33 9 0.2
33 10 0.45
33 11 0.2
12 33 0.17
13 33 0.54
14 33 0.67
33 15 0.2
16 33 0.06
17 33 0.05
33 18 0.07
33 20 0.1
21 33 0.56
33 23 0.59
33 24 0.11
33 25 0.2
33 26 0.18
27 33 0.23
28 33 0.43
29 33 0.61
33 30 0.29
33 31 0.35
33 32 0.14
39 33 0.0082
1 34 0.35
34 2 0.66
34 3 0.08
4 34 0.2
34 5 0.13
34 6 0.53
7 34 0.48
8 34 0.07
34 9 0.22
34 10 0.57
34 11 0.22
12 34 0.13
13 34 0.49
14 34 0.46
34 15 0.22
16 34 0.07
17 34 0.06
34 18 0.25
34 19 0.15
34 20 0.22
21 34 0.16
22 34 0.18
34 23 0.2
34 24 0.13
34 25 0.22
34 26 0.2
34 27 0.38
28 34 0.16
29 34 0.45
34 30 0.44
34 31 0.39
34 32 0.31
34 33 0.56
34 39 0.0127
1 35 0.13
4 35 0.43
35 5 0.41
7 35 0.15
8 35 0.21
13 35 0.15
14 35 0.1
29 35 0.21
33 35 0.14
34 35 0.15
39 35 5.0E-4
1 36 0.09
2 36 0.15
6 36 0.2
7 36 0.11
10 36 0.14
12 36 0.14
13 36 0.21
14 36 0.21
36 15 0.5
17 36 0.14
21 36 0.36
23 36 0.6
24 36 0.29
28 36 0.36
29 36 0.29
32 36 0.35
33 36 0.39
34 36 0.22
39 36 5.0E-4
2 37 0.3
3 37 0.38
37 9 1.0
13 37 0.11
14 37 0.14
18 37 0.38
29 37 0.15
30 37 0.5
33 37 0.2
34 37 0.22
39 37 0.0018
2 38 0.35
6 38 0.47
7 38 0.25
10 38 0.33
13 38 0.18
14 38 0.24
26 38 0.26
29 38 0.09
38 30 0.29
31 38 0.26
33 38 0.23
34 38 0.38
39 38 0.0020
