*Vertices  47
1 "衬底"
2 "LED灯"
3 "容器"
4 "发光荧光材料"
5 "次氯酸钠溶液"
6 "硼酸"
7 "蓝膜"
8 "EP"
9 "外延片"
10 "外延"
11 "LED"
12 "二极管"
13 "玻璃"
14 "塑料"
15 "腐蚀液"
16 "铝基板"
17 "光谱仪"
18 "光刻胶"
19 "填充区域"
20 "SiO2"
21 "半导体"
22 "GaAs"
23 "MQW"
24 "荧光光谱"
25 "LED芯片"
26 "芯片"
27 "电流扩展层"
28 "酸盐"
29 "SrCO3"
30 "Eu2O3"
31 "硝酸"
32 "Eu2"
33 "去离子水"
34 "Li"
35 "离子"
36 "电极"
37 "基色"
38 "MOCVD"
39 "EP-CAB共聚物"
40 "屏幕"
41 "透镜"
42 "反射层"
43 "发光层"
44 "甲基"
45 "CAB"
46 "激发光"
47 "丙酮"
*Arcs
47 1 0.0014
2 1 0.05
2 47 2.0E-4
3 1 0.19
47 3 0.0012
4 1 0.16
4 2 0.27
4 3 0.21
4 47 7.0E-4
1 5 0.38
47 5 0.0015
2 6 0.13
4 6 0.43
47 6 0.0016
1 7 0.38
3 7 0.5
47 7 0.0012
8 1 0.15
2 8 0.2
8 3 0.2
4 8 0.35
8 5 0.2
8 6 0.41
8 7 0.2
47 8 0.0046
9 1 0.85
2 9 0.06
4 9 0.19
9 5 0.22
8 9 0.09
47 9 5.0E-4
10 1 0.93
2 10 0.09
4 10 0.24
10 5 0.38
10 7 0.19
8 10 0.08
10 9 0.85
47 10 6.0E-4
11 1 0.4
11 2 0.6
11 3 0.15
11 4 0.35
11 5 0.15
11 6 0.15
11 7 0.15
11 8 0.37
11 9 0.34
11 10 0.4
11 47 0.0011
12 1 0.45
12 2 0.3
12 3 0.2
12 4 0.43
12 5 0.2
12 6 0.1
12 7 0.2
12 8 0.24
12 9 0.36
12 10 0.45
12 11 0.75
12 47 7.0E-4
13 1 0.08
13 2 0.28
13 4 0.19
13 5 0.22
13 6 0.22
13 8 0.18
13 9 0.1
13 10 0.08
13 11 0.34
13 12 0.22
13 47 4.0E-4
14 1 0.1
14 2 0.13
14 3 0.27
14 4 0.34
14 5 0.27
14 8 0.11
14 9 0.12
14 10 0.1
14 11 0.28
14 12 0.37
14 13 0.48
14 47 5.0E-4
1 15 0.6
2 15 0.08
3 15 0.32
15 5 0.63
15 7 0.32
8 15 0.26
9 15 0.28
10 15 0.48
11 15 0.24
12 15 0.32
13 15 0.14
14 15 0.17
47 15 0.0026
16 1 0.11
16 2 0.29
16 4 0.12
16 5 0.29
16 8 0.24
16 9 0.13
16 10 0.11
16 11 0.26
16 12 0.23
16 13 0.26
16 14 0.31
16 15 0.18
16 47 5.0E-4
2 17 0.13
4 17 0.21
17 6 0.5
17 8 0.2
11 17 0.15
12 17 0.1
47 17 0.0015
1 18 0.46
2 18 0.1
18 5 0.41
8 18 0.17
9 18 0.37
10 18 0.46
11 18 0.18
12 18 0.24
13 18 0.18
14 18 0.22
15 18 0.77
16 18 0.24
47 18 0.0012
1 19 0.27
5 19 0.71
8 19 0.29
9 19 0.32
10 19 0.27
11 19 0.11
12 19 0.14
13 19 0.32
14 19 0.38
15 19 0.45
16 19 0.41
18 19 0.58
47 19 0.0024
20 1 0.27
2 20 0.24
20 3 0.47
4 20 0.7
20 6 0.24
20 7 0.24
20 8 0.38
20 9 0.21
20 10 0.27
11 20 0.32
12 20 0.38
14 20 0.25
20 15 0.3
20 17 0.24
20 18 0.19
47 20 0.0018
21 1 0.67
21 2 0.29
21 3 0.13
21 4 0.43
21 5 0.25
21 6 0.13
21 7 0.25
21 8 0.31
21 9 0.57
21 10 0.67
21 11 0.59
21 12 0.64
21 13 0.23
21 14 0.27
21 15 0.4
21 16 0.22
21 18 0.31
21 19 0.18
21 20 0.42
21 47 9.0E-4
1 22 0.55
2 22 0.07
4 22 0.25
22 5 0.58
7 22 0.29
8 22 0.12
9 22 0.26
10 22 0.65
11 22 0.26
12 22 0.35
13 22 0.13
14 22 0.15
15 22 0.55
16 22 0.17
22 18 0.47
22 19 0.41
20 22 0.27
21 22 0.44
47 22 9.0E-4
23 1 0.64
2 23 0.16
4 23 0.18
23 5 0.21
6 23 0.21
8 23 0.26
23 9 0.76
23 10 0.73
11 23 0.35
12 23 0.38
13 23 0.19
14 23 0.11
23 15 0.27
16 23 0.12
23 18 0.35
23 19 0.3
20 23 0.2
21 23 0.6
23 22 0.25
47 23 5.0E-4
2 24 0.13
4 24 0.21
24 6 0.5
24 8 0.2
11 24 0.15
12 24 0.1
24 17 1.0
24 20 0.24
47 24 0.0015
25 1 0.52
2 25 0.26
25 3 0.34
4 25 0.15
25 5 0.17
6 25 0.17
25 7 0.17
8 25 0.35
25 9 0.54
25 10 0.45
11 25 0.44
12 25 0.48
13 25 0.15
14 25 0.18
25 15 0.33
16 25 0.4
25 18 0.28
25 19 0.24
20 25 0.24
21 25 0.57
25 22 0.1
25 23 0.66
47 25 0.0010
26 1 0.55
2 26 0.36
26 3 0.21
4 26 0.44
26 5 0.21
26 6 0.21
26 7 0.21
26 8 0.38
26 9 0.47
26 10 0.55
11 26 0.72
12 26 0.71
13 26 0.14
14 26 0.17
26 15 0.33
16 26 0.24
26 17 0.1
26 18 0.26
26 19 0.15
26 20 0.44
21 26 0.69
26 22 0.36
26 23 0.49
26 24 0.1
26 25 0.61
47 26 0.0012
1 27 0.55
2 27 0.14
3 27 0.29
4 27 0.12
27 5 0.58
27 7 0.58
8 27 0.24
9 27 0.26
10 27 0.55
11 27 0.26
12 27 0.35
13 27 0.13
14 27 0.15
27 15 0.73
16 27 0.17
27 18 0.47
27 19 0.41
20 27 0.41
21 27 0.44
27 22 0.67
23 27 0.37
25 27 0.3
26 27 0.36
47 27 0.0023
2 28 0.14
28 3 0.29
4 28 0.62
28 6 0.58
28 8 0.35
11 28 0.26
12 28 0.29
13 28 0.13
14 28 0.31
28 17 0.29
28 20 0.54
21 28 0.29
28 23 0.12
28 24 0.29
28 25 0.2
28 26 0.36
47 28 8.0E-4
2 29 0.13
4 29 0.43
29 6 0.5
29 8 0.41
11 29 0.15
12 29 0.1
29 17 0.5
29 20 0.47
21 29 0.13
29 24 0.5
29 26 0.21
29 28 0.29
47 29 0.0016
2 30 0.13
4 30 0.43
30 6 0.5
30 8 0.41
11 30 0.15
12 30 0.1
30 17 0.5
30 20 0.47
21 30 0.13
30 24 0.5
30 26 0.21
30 28 0.29
30 29 1.0
47 30 0.0016
2 31 0.1
4 31 0.52
31 6 0.82
31 8 0.5
11 31 0.18
12 31 0.16
13 31 0.18
31 17 0.41
31 20 0.38
21 31 0.21
31 23 0.17
31 24 0.41
31 25 0.14
31 26 0.26
31 28 0.71
31 29 0.41
31 30 0.41
47 31 0.0013
2 32 0.09
4 32 0.6
32 6 0.71
32 8 0.58
11 32 0.21
12 32 0.21
13 32 0.16
32 17 0.35
32 20 0.5
21 32 0.27
32 23 0.15
32 24 0.35
32 25 0.12
32 26 0.29
32 28 0.61
32 29 0.71
32 30 0.71
32 31 0.87
47 32 0.0012
33 1 0.24
2 33 0.08
33 3 0.32
4 33 0.13
33 6 0.32
33 7 0.32
33 8 0.39
33 10 0.12
11 33 0.24
12 33 0.19
33 15 0.4
33 17 0.32
33 18 0.26
33 20 0.3
21 33 0.24
33 22 0.18
33 24 0.32
33 25 0.11
33 26 0.26
33 27 0.18
33 28 0.37
33 29 0.32
33 30 0.32
33 31 0.26
33 32 0.22
47 33 0.0056
34 1 0.09
2 34 0.29
34 3 0.24
4 34 0.4
34 6 0.47
34 8 0.29
34 9 0.11
34 10 0.09
11 34 0.32
12 34 0.28
13 34 0.11
14 34 0.25
16 34 0.27
34 17 0.24
34 20 0.33
21 34 0.3
34 23 0.2
34 24 0.24
34 25 0.32
34 26 0.34
34 28 0.54
34 29 0.24
34 30 0.24
34 31 0.38
34 32 0.33
34 33 0.15
47 34 6.0E-4
35 1 0.32
2 35 0.16
35 3 0.21
4 35 0.27
35 5 0.43
35 6 0.43
35 7 0.21
35 8 0.52
35 9 0.1
35 10 0.24
11 35 0.35
12 35 0.3
13 35 0.38
14 35 0.11
35 15 0.54
16 35 0.12
35 17 0.21
35 18 0.35
35 19 0.3
35 20 0.3
21 35 0.38
35 22 0.37
35 23 0.18
35 24 0.21
35 25 0.22
35 26 0.36
35 27 0.37
35 28 0.37
35 29 0.43
35 30 0.43
35 31 0.35
35 32 0.45
35 33 0.67
35 34 0.2
47 35 0.0053
36 1 0.73
2 36 0.17
36 3 0.14
4 36 0.24
36 5 0.28
36 7 0.28
8 36 0.17
36 9 0.62
36 10 0.73
11 36 0.54
12 36 0.67
13 36 0.06
14 36 0.07
36 15 0.44
16 36 0.08
36 18 0.34
36 19 0.2
20 36 0.26
21 36 0.56
36 22 0.48
36 23 0.59
25 36 0.43
26 36 0.61
36 27 0.48
33 36 0.18
34 36 0.07
35 36 0.24
47 36 8.0E-4
2 37 0.09
4 37 0.3
37 6 0.71
37 8 0.29
11 37 0.21
12 37 0.14
13 37 0.16
37 17 0.35
37 20 0.17
21 37 0.09
37 23 0.15
37 24 0.35
37 25 0.12
37 26 0.15
37 28 0.41
37 29 0.35
37 30 0.35
37 31 0.58
37 32 0.5
37 33 0.22
37 34 0.33
37 35 0.3
47 37 9.0E-4
38 1 0.76
2 38 0.06
4 38 0.29
38 5 0.22
8 38 0.09
38 9 0.9
38 10 0.85
11 38 0.34
12 38 0.36
13 38 0.1
14 38 0.12
38 15 0.14
16 38 0.13
38 18 0.18
38 19 0.32
20 38 0.21
21 38 0.57
38 22 0.39
38 23 0.76
25 38 0.46
26 38 0.47
38 27 0.26
34 38 0.11
35 38 0.1
36 38 0.62
47 38 5.0E-4
8 39 0.29
11 39 0.11
33 39 0.45
35 39 0.3
47 39 0.0028
1 40 0.51
4 40 0.23
40 5 0.27
8 40 0.11
9 40 0.6
10 40 0.51
11 40 0.28
12 40 0.27
13 40 0.12
14 40 0.14
15 40 0.17
16 40 0.15
40 18 0.22
40 19 0.38
20 40 0.13
21 40 0.34
40 22 0.31
23 40 0.34
25 40 0.28
26 40 0.28
27 40 0.15
35 40 0.11
36 40 0.37
38 40 0.6
47 40 6.0E-4
41 2 0.28
41 3 0.22
41 4 0.29
41 8 0.09
41 11 0.34
41 12 0.36
41 13 0.2
41 14 0.48
41 16 0.39
41 17 0.22
41 20 0.21
41 21 0.23
41 24 0.22
41 25 0.23
41 26 0.19
41 28 0.26
41 33 0.14
41 34 0.32
41 35 0.1
41 39 0.32
41 47 6.0E-4
1 42 0.46
4 42 0.35
42 5 0.41
8 42 0.17
9 42 0.55
10 42 0.46
11 42 0.18
12 42 0.24
13 42 0.18
14 42 0.22
15 42 0.26
16 42 0.24
42 18 0.33
42 19 0.58
20 42 0.19
21 42 0.31
42 22 0.47
23 42 0.17
25 42 0.14
26 42 0.26
27 42 0.24
35 42 0.17
36 42 0.34
38 42 0.55
42 40 0.65
47 42 0.0011
1 43 0.71
3 43 0.27
4 43 0.23
43 5 0.53
43 7 0.53
8 43 0.22
9 43 0.48
10 43 0.61
11 43 0.28
12 43 0.37
13 43 0.12
14 43 0.14
43 15 0.51
16 43 0.15
43 18 0.22
43 19 0.38
20 43 0.25
21 43 0.48
43 22 0.62
23 43 0.23
25 43 0.28
26 43 0.39
43 27 0.62
33 43 0.17
35 43 0.34
36 43 0.52
38 43 0.48
43 40 0.43
43 42 0.65
47 43 0.0020
44 1 0.45
2 44 0.06
44 3 0.24
4 44 0.2
8 44 0.1
44 9 0.53
44 10 0.45
11 44 0.32
12 44 0.28
14 44 0.25
20 44 0.22
21 44 0.42
44 23 0.5
25 44 0.4
26 44 0.39
28 44 0.41
33 44 0.3
34 44 0.33
35 44 0.2
36 44 0.33
44 38 0.53
44 39 0.33
44 40 0.25
41 44 0.32
44 43 0.13
47 44 7.0E-4
8 45 0.29
11 45 0.11
33 45 0.45
35 45 0.3
45 39 1.0
41 45 0.32
44 45 0.33
47 45 0.0028
2 46 0.13
46 3 0.27
4 46 0.57
46 6 0.53
46 8 0.33
11 46 0.28
12 46 0.32
13 46 0.24
14 46 0.43
46 17 0.53
46 20 0.5
21 46 0.2
46 23 0.11
46 24 0.53
46 25 0.18
46 26 0.28
46 28 0.62
46 29 0.53
46 30 0.53
46 31 0.44
46 32 0.57
46 33 0.17
46 34 0.5
46 35 0.34
46 37 0.38
41 46 0.36
46 44 0.25
46 47 9.0E-4
