*Vertices  171
1 "LED显示屏"
2 "LCD显示屏"
3 "显示器"
4 "衬底"
5 "LED灯"
6 "光纤"
7 "探头"
8 "电容"
9 "容器"
10 "光膜"
11 "传感器"
12 "控制器"
13 "处理器"
14 "单片机"
15 "发生器"
16 "波长检测器"
17 "荧光粉"
18 "反光杯"
19 "整流器"
20 "工质"
21 "开关"
22 "发光荧光材料"
23 "柔性高分子材料"
24 "GAN"
25 "塑料光转换荧光粒料"
26 "助剂"
27 "次氯酸钠溶液"
28 "保护层"
29 "离子络合"
30 "触发脉冲"
31 "PD"
32 "聚合物树脂"
33 "蒸发皿"
34 "色域"
35 "连接管"
36 "硼酸"
37 "圆圈基体"
38 "蓝膜"
39 "变压器"
40 "定时器"
41 "稳压块"
42 "牙结石"
43 "光纤耦合"
44 "CIE"
45 "蒸镀方法"
46 "校准方法"
47 "AuSn"
48 "Au5Sn"
49 "发光板"
50 "EP"
51 "LED外延片"
52 "外延片"
53 "外延"
54 "LED"
55 "稳压二极管"
56 "三极管"
57 "掩膜"
58 "玻璃"
59 "通道"
60 "LED光源"
61 "塑料"
62 "腐蚀液"
63 "Au-Sn合金电镀液"
64 "电子元器件"
65 "光电转换器件"
66 "转换器"
67 "铝基板"
68 "基板"
69 "导热板"
70 "缓冲层"
71 "探针"
72 "内量子效率"
73 "基座"
74 "滤光片"
75 "稀释剂"
76 "发动机"
77 "散热片"
78 "散热器"
79 "光谱仪"
80 "液相色谱仪"
81 "发电机"
82 "荧光体"
83 "发光体"
84 "硅橡胶"
85 "光刻胶"
86 "填充区域"
87 "SiO2"
88 "放大器"
89 "半导体"
90 "电路板"
91 "Al2O3"
92 "NH4H2PO4"
93 "GaAs"
94 "MQW"
95 "ESD"
96 "ITO"
97 "硅氧磷灰石"
98 "键合"
99 "客户"
100 "焊盘"
101 "滑动变阻器"
102 "荧光光谱"
103 "金属银纳米粒子"
104 "太阳能"
105 "风能"
106 "蓄电池"
107 "锂电池"
108 "光电池"
109 "LED照明设备"
110 "蓄电设备"
111 "LED芯片"
112 "芯片"
113 "金属层"
114 "涂层"
115 "电流扩展层"
116 "继电器"
117 "充电器"
118 "酸盐"
119 "硅油"
120 "SrCO3"
121 "Eu2O3"
122 "亚硫酸"
123 "硝酸"
124 "Eu2"
125 "去离子水"
126 "硬脂酰胺"
127 "Li"
128 "液体石蜡"
129 "电感"
130 "离子"
131 "耳机"
132 "电视机"
133 "电极"
134 "接触层"
135 "电阻"
136 "基色"
137 "Au-Sn合金"
138 "Au-30at.％Sn合金"
139 "脉冲信号"
140 "交通灯"
141 "丙酮"
142 "激光"
143 "真空吸盘"
144 "MOCVD"
145 "标准芯片工艺制作"
146 "湿法刻蚀"
147 "干法刻蚀"
148 "湿法腐蚀"
149 "空穴"
150 "玻璃体"
151 "洗墙灯"
152 "检测池"
153 "射灯"
154 "转动轴"
155 "光电耦合器"
156 "臭氧"
157 "屏幕"
158 "半透半反镜"
159 "透镜"
160 "反射层"
161 "发光层"
162 "吸液芯"
163 "甲基"
164 "扬声器"
165 "聚光帽"
166 "激发光"
167 "晶体闸流管"
168 "络合剂"
169 "插座"
170 "电流阻挡层"
171 "二极管"
*Arcs
171 1 1.0E-4
171 2 0.0
3 1 0.19
171 3 1.0E-4
4 2 0.27
171 4 6.0E-4
5 3 0.13
5 4 0.05
171 5 4.0E-4
171 6 1.0E-4
7 6 0.58
171 7 0.0
5 8 0.21
171 8 3.0E-4
9 4 0.19
171 9 1.0E-4
10 3 0.27
10 5 0.13
10 9 0.5
171 10 1.0E-4
3 11 0.38
11 6 0.33
11 7 0.38
171 11 0.0
12 1 0.57
3 12 0.14
12 6 0.19
12 7 0.22
8 12 0.11
171 12 1.0E-4
13 1 0.32
13 3 0.36
13 5 0.17
13 6 0.16
13 7 0.37
13 8 0.1
13 10 0.22
13 11 0.21
13 12 0.48
171 13 0.0
14 1 0.15
3 14 0.46
5 14 0.21
14 8 0.18
14 11 0.2
14 12 0.11
13 14 0.29
171 14 1.0E-4
5 15 0.31
14 15 0.17
171 15 0.0
171 16 1.0E-4
17 1 0.16
17 3 0.24
17 4 0.08
17 5 0.17
17 9 0.22
17 10 0.45
17 12 0.12
17 13 0.1
17 14 0.1
171 17 4.0E-4
5 18 0.18
171 18 0.0
19 4 0.11
5 19 0.14
8 19 0.37
171 19 3.0E-4
5 20 0.25
171 20 1.0E-4
21 1 0.11
3 21 0.08
5 21 0.39
21 8 0.46
21 11 0.07
21 12 0.25
13 21 0.28
21 14 0.26
21 15 0.13
17 21 0.14
21 19 0.18
171 21 3.0E-4
22 3 0.23
22 4 0.16
22 5 0.27
22 9 0.21
22 10 0.43
22 13 0.1
22 14 0.09
22 15 0.17
22 17 0.57
22 21 0.13
171 22 5.0E-4
23 9 0.71
10 23 0.71
17 23 0.32
22 23 0.3
171 23 1.0E-4
24 2 0.41
24 4 0.65
5 24 0.07
17 24 0.13
19 24 0.17
171 24 3.0E-4
3 25 0.38
5 25 0.18
17 25 0.32
21 25 0.22
22 25 0.3
171 25 1.0E-4
3 26 0.27
5 26 0.13
26 9 0.5
10 26 0.5
17 26 0.45
21 26 0.15
22 26 0.43
26 23 0.71
26 25 0.71
171 26 1.0E-4
4 27 0.38
171 27 1.0E-4
4 28 0.15
5 28 0.2
17 28 0.18
19 28 0.24
24 28 0.24
171 28 0.0
171 29 1.0E-4
8 30 0.3
12 30 0.38
171 30 0.0
3 31 0.22
31 6 0.58
31 7 0.33
31 11 0.58
13 31 0.18
171 31 1.0E-4
3 32 0.38
5 32 0.18
17 32 0.32
21 32 0.22
22 32 0.3
32 25 1.0
32 26 0.71
171 32 1.0E-4
5 33 0.18
20 33 0.71
171 33 1.0E-4
34 1 0.71
12 34 0.27
13 34 0.22
171 34 0.0
5 35 0.18
20 35 0.71
35 33 1.0
171 35 1.0E-4
5 36 0.13
17 36 0.22
22 36 0.43
171 36 1.0E-4
12 37 0.38
21 37 0.22
171 37 0.0
4 38 0.38
9 38 0.5
171 38 1.0E-4
39 1 0.14
3 39 0.11
39 4 0.08
5 39 0.2
8 39 0.44
39 11 0.1
39 12 0.11
14 39 0.09
39 15 0.17
17 39 0.09
39 19 0.59
21 39 0.25
39 24 0.12
39 28 0.17
171 39 4.0E-4
5 40 0.13
12 40 0.27
21 40 0.31
40 37 0.71
171 40 0.0
41 19 0.41
41 39 0.29
171 41 0.0
6 42 0.5
171 42 0.0
6 43 0.71
11 43 0.24
31 43 0.41
43 42 0.71
171 43 1.0E-4
44 1 0.71
12 44 0.27
13 44 0.22
44 34 1.0
171 44 0.0
4 45 0.38
22 45 0.43
171 45 1.0E-4
171 46 0.0
47 29 1.0
171 47 1.0E-4
48 29 1.0
48 47 1.0
171 48 1.0E-4
5 49 0.18
171 49 0.0
50 4 0.15
5 50 0.2
50 8 0.17
50 9 0.2
50 12 0.11
13 50 0.18
50 14 0.09
17 50 0.46
50 19 0.12
50 21 0.19
22 50 0.35
50 27 0.2
50 28 0.17
50 36 0.41
50 38 0.2
50 39 0.08
171 50 2.0E-4
51 2 0.38
51 4 0.71
5 51 0.07
17 51 0.12
19 51 0.15
51 24 0.93
51 28 0.22
39 51 0.11
171 51 3.0E-4
52 2 0.32
52 4 0.85
5 52 0.06
17 52 0.1
19 52 0.13
22 52 0.19
52 24 0.77
52 27 0.22
52 28 0.18
39 52 0.09
52 45 0.45
50 52 0.09
52 51 0.84
171 52 5.0E-4
53 2 0.27
53 4 0.93
5 53 0.09
17 53 0.08
19 53 0.11
22 53 0.24
53 24 0.65
53 27 0.38
53 28 0.15
53 38 0.19
39 53 0.08
53 45 0.38
50 53 0.08
53 51 0.71
53 52 0.85
171 53 6.0E-4
54 1 0.21
54 2 0.11
54 3 0.28
54 4 0.4
54 5 0.6
54 6 0.21
54 7 0.18
54 8 0.35
54 9 0.15
54 10 0.15
54 11 0.32
54 12 0.28
54 13 0.34
54 14 0.35
54 15 0.18
54 16 0.11
54 17 0.34
54 18 0.11
54 19 0.26
54 20 0.15
54 21 0.49
54 22 0.35
54 23 0.11
54 24 0.26
54 25 0.11
54 26 0.15
54 27 0.15
54 28 0.18
54 29 0.11
54 30 0.11
54 31 0.18
54 32 0.11
54 33 0.11
54 34 0.15
54 35 0.11
54 36 0.15
54 37 0.11
54 38 0.15
54 39 0.37
54 40 0.15
54 41 0.11
54 42 0.11
54 43 0.15
54 44 0.15
54 45 0.15
54 46 0.11
54 47 0.11
54 48 0.11
54 49 0.11
54 50 0.37
54 51 0.28
54 52 0.34
54 53 0.4
171 54 0.0018
5 55 0.18
8 55 0.3
19 55 0.41
21 55 0.22
39 55 0.29
50 55 0.29
54 55 0.11
171 55 1.0E-4
5 56 0.2
56 8 0.61
56 12 0.11
14 56 0.17
56 15 0.17
56 19 0.47
21 56 0.31
22 56 0.09
56 30 0.29
56 39 0.58
56 41 0.29
50 56 0.08
54 56 0.37
56 55 0.29
171 56 4.0E-4
4 57 0.27
5 57 0.18
19 57 0.41
24 57 0.41
28 57 0.58
39 57 0.29
51 57 0.38
52 57 0.32
53 57 0.27
54 57 0.11
171 57 1.0E-4
58 3 0.12
58 4 0.08
58 5 0.28
58 6 0.32
58 7 0.18
58 8 0.1
58 10 0.22
58 11 0.21
58 13 0.3
58 14 0.29
58 15 0.37
58 17 0.2
58 21 0.21
58 22 0.19
58 27 0.22
58 31 0.37
58 36 0.22
58 39 0.09
58 43 0.22
58 50 0.18
58 52 0.1
58 53 0.08
58 54 0.34
58 56 0.09
58 171 2.0E-4
3 59 0.15
59 4 0.22
5 59 0.22
59 11 0.14
14 59 0.12
59 20 0.29
59 24 0.33
59 33 0.41
59 35 0.41
59 51 0.31
59 52 0.26
59 53 0.22
54 59 0.26
171 59 2.0E-4
60 3 0.1
60 5 0.44
60 7 0.16
60 8 0.08
60 10 0.2
60 11 0.09
60 13 0.18
60 14 0.08
60 16 0.28
60 17 0.26
60 19 0.11
60 20 0.2
60 21 0.06
60 22 0.17
60 36 0.2
60 39 0.08
60 49 0.28
60 50 0.24
60 54 0.38
60 55 0.28
60 56 0.08
60 58 0.18
60 59 0.11
60 171 2.0E-4
61 3 0.29
61 4 0.1
61 5 0.13
61 6 0.38
61 7 0.22
61 9 0.27
61 10 0.53
61 11 0.25
61 12 0.14
61 13 0.12
61 17 0.36
61 21 0.16
61 22 0.34
61 23 0.38
61 25 0.38
61 26 0.53
61 27 0.27
61 31 0.44
61 32 0.38
61 37 0.38
61 40 0.27
61 43 0.27
61 50 0.11
61 52 0.12
61 53 0.1
61 54 0.28
61 58 0.48
61 60 0.1
61 171 4.0E-4
4 62 0.6
5 62 0.08
9 62 0.32
19 62 0.18
24 62 0.18
62 27 0.63
28 62 0.26
62 38 0.32
39 62 0.13
50 62 0.26
51 62 0.17
52 62 0.28
53 62 0.48
54 62 0.24
62 57 0.45
58 62 0.14
61 62 0.17
171 62 3.0E-4
63 29 1.0
63 47 1.0
63 48 1.0
54 63 0.11
171 63 1.0E-4
5 64 0.18
20 64 0.71
64 33 1.0
64 35 1.0
54 64 0.11
59 64 0.41
171 64 1.0E-4
65 6 0.71
65 7 0.41
65 11 0.47
65 31 0.82
65 43 0.5
54 65 0.15
58 65 0.45
61 65 0.53
171 65 1.0E-4
3 66 0.29
5 66 0.13
66 6 0.38
66 7 0.22
8 66 0.23
66 11 0.38
66 12 0.29
13 66 0.12
14 66 0.11
17 66 0.12
21 66 0.25
22 66 0.11
66 25 0.38
66 26 0.27
66 30 0.38
66 31 0.44
66 32 0.38
39 66 0.11
66 43 0.27
50 66 0.11
54 66 0.28
56 66 0.11
58 66 0.24
61 66 0.43
66 65 0.53
171 66 2.0E-4
67 3 0.15
67 4 0.11
67 5 0.29
67 10 0.29
67 13 0.13
67 17 0.26
67 20 0.29
67 22 0.12
67 27 0.29
67 28 0.24
67 50 0.24
67 52 0.13
67 53 0.11
67 54 0.26
67 58 0.26
67 59 0.33
67 60 0.34
67 61 0.31
67 62 0.18
67 171 2.0E-4
5 68 0.25
20 68 0.5
68 33 0.71
68 35 0.71
54 68 0.15
59 68 0.29
60 68 0.2
68 64 0.71
171 68 0.0
5 69 0.25
69 18 0.71
54 69 0.15
69 59 0.29
60 69 0.2
67 69 0.29
171 69 0.0
70 2 0.35
70 4 0.76
17 70 0.11
22 70 0.21
70 24 0.72
70 45 0.5
70 51 0.8
70 52 0.89
70 53 0.76
54 70 0.3
70 59 0.29
171 70 3.0E-4
71 6 0.35
71 7 0.41
71 11 0.24
71 31 0.41
71 46 0.71
54 71 0.15
58 71 0.22
61 71 0.27
71 65 0.5
66 71 0.27
171 71 1.0E-4
4 72 0.38
17 72 0.22
24 72 0.29
51 72 0.53
52 72 0.45
53 72 0.38
54 72 0.15
70 72 0.5
171 72 0.0
5 73 0.25
20 73 0.5
73 33 0.71
73 35 0.71
54 73 0.15
59 73 0.58
73 64 0.71
67 73 0.29
68 73 0.5
171 73 1.0E-4
74 6 0.71
74 7 0.41
74 11 0.24
74 31 0.41
74 42 0.71
74 43 0.5
54 74 0.15
58 74 0.22
61 74 0.27
74 65 0.5
66 74 0.27
74 71 0.5
171 74 1.0E-4
75 9 0.71
10 75 0.71
17 75 0.32
22 75 0.3
75 23 1.0
75 26 0.71
54 75 0.11
61 75 0.38
171 75 1.0E-4
5 76 0.18
76 49 1.0
54 76 0.11
60 76 0.28
171 76 0.0
5 77 0.47
77 18 0.38
77 20 0.53
77 33 0.38
77 35 0.38
77 49 0.38
54 77 0.28
77 59 0.46
60 77 0.42
77 64 0.38
67 77 0.46
77 68 0.53
77 69 0.53
77 73 0.53
77 76 0.38
171 77 2.0E-4
5 78 0.47
78 18 0.38
78 20 0.53
78 33 0.38
78 35 0.38
78 49 0.38
54 78 0.28
78 59 0.31
60 78 0.42
78 64 0.38
67 78 0.31
78 68 0.53
78 69 0.53
78 73 0.27
78 76 0.38
78 77 0.86
171 78 1.0E-4
5 79 0.13
79 6 0.35
22 79 0.21
79 36 0.5
79 42 0.71
79 43 0.5
79 50 0.2
54 79 0.15
79 74 0.5
171 79 0.0
80 16 1.0
54 80 0.11
60 80 0.28
171 80 1.0E-4
1 81 0.25
3 81 0.19
5 81 0.18
11 81 0.17
12 81 0.19
14 81 0.15
17 81 0.16
21 81 0.22
39 81 0.29
81 49 0.5
54 81 0.21
60 81 0.14
66 81 0.19
81 76 0.5
77 81 0.19
78 81 0.19
171 81 1.0E-4
82 9 0.41
10 82 0.41
17 82 0.55
22 82 0.52
82 23 0.58
82 26 0.41
36 82 0.41
50 82 0.33
54 82 0.18
58 82 0.18
60 82 0.16
61 82 0.22
82 75 0.58
171 82 2.0E-4
83 3 0.17
83 5 0.24
83 10 0.32
83 13 0.14
83 17 0.28
83 22 0.27
83 49 0.45
83 50 0.13
83 54 0.24
83 58 0.14
83 60 0.37
83 61 0.17
83 67 0.18
83 76 0.45
83 77 0.17
83 78 0.17
83 81 0.22
83 82 0.26
83 171 1.0E-4
84 9 0.71
10 84 0.71
17 84 0.32
22 84 0.3
84 23 1.0
84 26 0.71
54 84 0.11
61 84 0.38
84 75 1.0
84 82 0.58
171 84 1.0E-4
4 85 0.46
5 85 0.1
19 85 0.24
24 85 0.24
85 27 0.41
28 85 0.33
39 85 0.17
50 85 0.17
51 85 0.22
52 85 0.37
53 85 0.46
54 85 0.18
85 57 0.58
58 85 0.18
61 85 0.22
62 85 0.77
67 85 0.24
171 85 2.0E-4
4 86 0.27
27 86 0.71
50 86 0.29
52 86 0.32
53 86 0.27
54 86 0.11
58 86 0.32
61 86 0.38
62 86 0.45
67 86 0.41
85 86 0.58
171 86 1.0E-4
3 87 0.13
87 4 0.27
5 87 0.24
87 9 0.47
10 87 0.24
17 87 0.42
87 19 0.14
87 21 0.07
22 87 0.7
87 23 0.33
87 24 0.14
87 25 0.33
87 26 0.47
87 28 0.19
87 32 0.33
87 36 0.24
87 38 0.24
87 39 0.1
87 45 0.24
87 50 0.38
87 51 0.13
87 52 0.21
87 53 0.27
54 87 0.32
87 57 0.33
61 87 0.25
87 62 0.3
87 66 0.13
87 70 0.12
87 75 0.33
87 79 0.24
87 82 0.38
83 87 0.15
87 84 0.33
87 85 0.19
171 87 5.0E-4
88 1 0.25
3 88 0.38
8 88 0.3
88 11 0.17
88 12 0.19
13 88 0.16
14 88 0.45
19 88 0.2
39 88 0.29
54 88 0.21
56 88 0.14
88 66 0.19
88 81 0.25
171 88 0.0
89 2 0.18
89 3 0.14
89 4 0.67
89 5 0.29
89 6 0.09
89 7 0.1
89 8 0.11
89 9 0.13
89 10 0.13
89 11 0.12
89 13 0.11
89 14 0.05
89 17 0.34
89 18 0.18
89 19 0.15
89 20 0.13
89 21 0.12
89 22 0.43
89 24 0.44
89 25 0.18
89 26 0.13
89 27 0.25
89 28 0.1
89 29 0.18
89 31 0.1
89 32 0.18
89 36 0.13
89 38 0.25
89 39 0.1
89 43 0.13
89 45 0.25
89 46 0.18
89 47 0.18
89 48 0.18
89 50 0.31
89 51 0.48
89 52 0.57
89 53 0.67
89 54 0.59
89 55 0.18
89 56 0.05
89 57 0.18
89 58 0.23
89 59 0.15
89 60 0.3
89 61 0.27
89 62 0.4
89 63 0.18
89 65 0.13
89 66 0.14
89 67 0.22
89 68 0.13
89 69 0.13
89 70 0.51
89 71 0.13
89 72 0.25
89 77 0.2
89 78 0.27
89 82 0.21
89 83 0.16
89 85 0.31
89 86 0.18
89 87 0.42
89 88 0.09
89 171 0.0012
90 3 0.15
90 5 0.43
90 8 0.12
90 10 0.29
90 13 0.13
90 14 0.12
90 15 0.24
90 17 0.13
90 21 0.18
90 22 0.12
90 39 0.12
90 54 0.26
90 56 0.12
90 58 0.39
90 60 0.11
90 61 0.15
90 67 0.17
90 78 0.15
90 83 0.37
90 89 0.15
90 171 0.0
91 2 0.28
3 91 0.1
91 4 0.67
5 91 0.15
91 9 0.2
10 91 0.2
17 91 0.35
91 19 0.11
91 21 0.06
22 91 0.5
91 23 0.28
91 24 0.68
91 25 0.28
91 26 0.39
91 28 0.16
91 32 0.28
91 39 0.08
91 45 0.39
50 91 0.08
91 51 0.73
91 52 0.79
91 53 0.74
54 91 0.38
91 57 0.28
91 59 0.23
61 91 0.21
91 62 0.12
91 66 0.1
91 70 0.78
91 72 0.39
91 75 0.28
91 82 0.16
91 84 0.28
91 85 0.16
87 91 0.55
89 91 0.6
171 91 6.0E-4
17 92 0.32
22 92 0.3
50 92 0.29
54 92 0.11
82 92 0.58
83 92 0.45
87 92 0.33
89 92 0.18
171 92 0.0
4 93 0.55
5 93 0.07
22 93 0.25
93 27 0.58
38 93 0.29
93 45 0.29
50 93 0.12
52 93 0.26
53 93 0.65
54 93 0.26
58 93 0.13
61 93 0.15
62 93 0.55
67 93 0.17
70 93 0.14
93 85 0.47
93 86 0.41
87 93 0.27
89 93 0.44
91 93 0.23
171 93 3.0E-4
94 2 0.3
94 4 0.64
5 94 0.16
8 94 0.09
17 94 0.19
19 94 0.25
21 94 0.07
22 94 0.18
94 24 0.74
94 27 0.21
94 28 0.17
36 94 0.21
39 94 0.17
50 94 0.26
94 51 0.8
94 52 0.76
94 53 0.73
54 94 0.35
94 55 0.3
56 94 0.09
94 57 0.3
58 94 0.19
94 59 0.25
60 94 0.17
61 94 0.11
94 62 0.27
67 94 0.12
94 70 0.64
94 72 0.43
82 94 0.17
94 85 0.35
94 86 0.3
87 94 0.2
89 94 0.6
91 94 0.67
94 93 0.25
171 94 5.0E-4
95 4 0.53
95 24 0.61
95 51 0.76
95 52 0.63
95 53 0.53
54 95 0.21
95 59 0.41
95 70 0.71
95 72 0.35
89 95 0.36
91 95 0.55
95 94 0.6
171 95 1.0E-4
96 2 0.38
4 96 0.61
5 96 0.13
17 96 0.12
19 96 0.15
22 96 0.23
24 96 0.62
96 28 0.22
39 96 0.11
96 45 0.27
51 96 0.71
52 96 0.72
53 96 0.71
54 96 0.28
96 57 0.38
96 62 0.17
70 96 0.67
96 72 0.53
96 85 0.22
87 96 0.25
89 96 0.48
91 96 0.73
96 93 0.15
94 96 0.68
95 96 0.38
171 96 3.0E-4
17 97 0.32
22 97 0.3
50 97 0.29
54 97 0.11
82 97 0.58
83 97 0.45
87 97 0.33
89 97 0.18
97 92 1.0
171 97 0.0
4 98 0.22
5 98 0.07
98 6 0.2
98 7 0.24
8 98 0.12
98 11 0.14
14 98 0.12
17 98 0.13
22 98 0.25
98 27 0.29
98 28 0.24
98 31 0.24
98 45 0.29
50 98 0.12
52 98 0.13
53 98 0.33
54 98 0.26
58 98 0.13
61 98 0.15
98 62 0.18
98 65 0.29
66 98 0.15
67 98 0.17
70 98 0.14
98 71 0.29
98 74 0.29
87 98 0.27
88 98 0.2
89 98 0.29
91 98 0.23
98 93 0.5
94 98 0.12
96 98 0.15
171 98 2.0E-4
3 99 0.22
5 99 0.2
99 7 0.33
8 99 0.17
99 11 0.19
13 99 0.37
17 99 0.18
21 99 0.25
22 99 0.17
99 25 0.58
99 26 0.41
99 32 0.58
50 99 0.17
54 99 0.18
60 99 0.16
61 99 0.22
66 99 0.22
87 99 0.19
89 99 0.21
91 99 0.16
171 99 0.0
5 100 0.1
8 100 0.17
17 100 0.18
19 100 0.24
21 100 0.13
100 28 0.33
100 29 0.58
39 100 0.17
100 47 0.58
100 48 0.58
50 100 0.33
54 100 0.18
100 55 0.58
56 100 0.17
60 100 0.16
100 63 0.58
67 100 0.24
89 100 0.21
100 94 0.17
100 98 0.24
171 100 1.0E-4
8 101 0.3
21 101 0.22
39 101 0.29
54 101 0.11
56 101 0.29
171 101 0.0
5 102 0.13
102 6 0.35
22 102 0.21
102 36 0.5
102 42 0.71
102 43 0.5
102 50 0.2
54 102 0.15
102 74 0.5
102 79 1.0
102 87 0.24
171 102 0.0
17 103 0.32
22 103 0.3
36 103 0.71
50 103 0.29
54 103 0.11
58 103 0.32
60 103 0.28
82 103 0.58
89 103 0.18
94 103 0.3
171 103 1.0E-4
104 1 0.29
4 104 0.15
6 104 0.29
7 104 0.33
12 104 0.44
13 104 0.18
17 104 0.18
21 104 0.13
24 104 0.24
39 104 0.17
51 104 0.22
52 104 0.18
53 104 0.15
54 104 0.18
59 104 0.24
70 104 0.2
104 81 0.29
89 104 0.1
91 104 0.16
94 104 0.17
95 104 0.29
171 104 1.0E-4
1 105 0.5
12 105 0.38
17 105 0.32
21 105 0.22
39 105 0.29
54 105 0.11
81 105 0.5
104 105 0.58
171 105 0.0
106 1 0.22
5 106 0.08
106 7 0.26
106 11 0.15
106 12 0.17
13 106 0.14
17 106 0.14
106 19 0.37
21 106 0.2
106 39 0.39
106 41 0.45
54 106 0.24
56 106 0.26
60 106 0.12
106 81 0.45
89 106 0.08
106 99 0.26
106 104 0.26
106 105 0.45
171 106 1.0E-4
5 107 0.1
107 8 0.35
14 107 0.17
21 107 0.13
107 39 0.17
54 107 0.18
107 56 0.5
58 107 0.18
90 107 0.24
171 107 0.0
108 6 0.5
108 7 0.58
108 11 0.5
13 108 0.16
108 16 0.5
108 31 0.58
108 43 0.35
54 108 0.21
58 108 0.32
60 108 0.28
61 108 0.38
108 65 0.71
66 108 0.38
108 71 0.35
108 74 0.35
108 80 0.5
89 108 0.18
98 108 0.2
99 108 0.29
106 108 0.22
171 108 1.0E-4
1 109 0.35
5 109 0.13
12 109 0.27
17 109 0.22
21 109 0.15
39 109 0.2
54 109 0.15
59 109 0.29
67 109 0.29
109 73 0.5
77 109 0.27
81 109 0.35
104 109 0.41
109 105 0.71
106 109 0.32
171 109 1.0E-4
1 110 0.5
12 110 0.38
17 110 0.32
21 110 0.22
39 110 0.29
54 110 0.11
81 110 0.5
104 110 0.58
110 105 1.0
106 110 0.45
110 109 0.71
171 110 0.0
111 2 0.24
111 4 0.52
5 111 0.26
111 8 0.15
111 9 0.34
10 111 0.17
111 14 0.07
17 111 0.23
111 18 0.24
111 19 0.2
111 20 0.34
111 21 0.05
22 111 0.15
111 23 0.24
111 24 0.5
111 26 0.17
111 27 0.17
111 28 0.28
111 33 0.24
111 35 0.24
36 111 0.17
111 38 0.17
111 39 0.14
50 111 0.35
111 51 0.55
111 52 0.54
111 53 0.45
54 111 0.44
111 55 0.24
111 56 0.07
111 57 0.24
58 111 0.15
111 59 0.4
60 111 0.2
61 111 0.18
111 62 0.33
111 64 0.24
67 111 0.4
111 68 0.17
111 69 0.17
111 70 0.43
111 72 0.17
111 73 0.34
111 75 0.24
111 77 0.37
111 78 0.28
111 82 0.28
111 84 0.24
111 85 0.28
111 86 0.24
87 111 0.24
111 88 0.12
89 111 0.57
91 111 0.47
111 93 0.1
111 94 0.66
111 95 0.49
111 96 0.37
111 98 0.2
111 100 0.28
111 103 0.24
111 104 0.14
111 109 0.17
171 111 7.0E-4
112 1 0.07
112 2 0.15
3 112 0.22
112 4 0.55
5 112 0.36
112 8 0.36
112 9 0.21
10 112 0.1
112 11 0.05
112 12 0.11
13 112 0.05
112 14 0.36
112 15 0.09
17 112 0.37
112 18 0.15
112 19 0.24
112 20 0.21
112 21 0.29
22 112 0.44
112 23 0.15
112 24 0.36
112 25 0.15
112 26 0.21
112 27 0.21
112 28 0.17
112 29 0.15
112 30 0.15
112 32 0.15
112 33 0.15
112 35 0.15
112 36 0.21
112 38 0.21
112 39 0.21
112 45 0.21
112 46 0.15
112 47 0.15
112 48 0.15
112 50 0.38
112 51 0.39
112 52 0.47
112 53 0.55
54 112 0.72
112 55 0.15
112 56 0.3
112 57 0.15
58 112 0.14
112 59 0.24
60 112 0.16
61 112 0.17
112 62 0.33
112 63 0.15
112 64 0.15
112 66 0.22
67 112 0.24
112 68 0.1
112 69 0.1
112 70 0.42
112 71 0.1
112 72 0.21
112 73 0.21
112 75 0.15
112 77 0.22
112 78 0.17
112 79 0.1
112 81 0.07
112 82 0.26
83 112 0.07
112 84 0.15
112 85 0.26
112 86 0.15
112 87 0.44
112 88 0.29
89 112 0.69
90 112 0.06
112 91 0.53
112 92 0.15
112 93 0.36
112 94 0.49
112 95 0.29
112 96 0.39
112 97 0.15
112 98 0.3
112 99 0.09
112 100 0.26
112 101 0.15
112 102 0.1
112 103 0.15
112 104 0.09
112 107 0.17
112 109 0.1
112 111 0.61
171 112 0.0016
5 113 0.18
22 113 0.3
53 113 0.27
54 113 0.11
87 113 0.33
89 113 0.18
91 113 0.28
93 113 0.41
94 113 0.3
96 113 0.38
98 113 0.41
112 113 0.15
171 113 0.0
5 114 0.18
114 15 0.29
17 114 0.16
22 114 0.15
114 28 0.29
114 39 0.14
50 114 0.14
54 114 0.21
58 114 0.16
60 114 0.14
83 114 0.22
87 114 0.17
89 114 0.09
90 114 0.2
114 91 0.14
112 114 0.07
171 114 0.0
4 115 0.55
5 115 0.14
9 115 0.29
19 115 0.17
22 115 0.12
24 115 0.17
115 27 0.58
28 115 0.24
115 38 0.58
39 115 0.12
50 115 0.24
51 115 0.15
52 115 0.26
53 115 0.55
54 115 0.26
115 57 0.41
58 115 0.13
61 115 0.15
115 62 0.73
67 115 0.17
115 85 0.47
115 86 0.41
87 115 0.41
89 115 0.44
91 115 0.23
115 93 0.67
94 115 0.37
96 115 0.31
98 115 0.33
111 115 0.3
112 115 0.36
115 113 0.41
171 115 3.0E-4
5 116 0.09
8 116 0.6
116 12 0.19
13 116 0.16
21 116 0.33
116 30 0.5
39 116 0.29
50 116 0.14
54 116 0.21
56 116 0.43
116 66 0.19
116 99 0.29
116 101 0.5
112 116 0.15
171 116 1.0E-4
117 6 0.22
117 7 0.26
8 117 0.13
117 12 0.17
13 117 0.14
117 19 0.37
117 39 0.39
117 41 0.45
54 117 0.24
56 117 0.52
117 104 0.26
117 106 0.4
107 117 0.52
112 117 0.07
171 117 1.0E-4
3 118 0.15
5 118 0.14
118 9 0.29
10 118 0.29
17 118 0.52
118 21 0.09
22 118 0.62
118 23 0.41
118 25 0.41
118 26 0.58
118 29 0.41
118 32 0.41
118 36 0.58
118 47 0.41
118 48 0.41
118 50 0.35
54 118 0.26
58 118 0.13
60 118 0.11
61 118 0.31
118 63 0.41
118 66 0.15
118 75 0.41
118 79 0.29
118 82 0.47
118 84 0.41
118 87 0.54
89 118 0.29
118 91 0.34
118 94 0.12
118 99 0.24
118 100 0.24
118 102 0.29
118 103 0.41
118 111 0.2
118 112 0.36
118 114 0.2
171 118 3.0E-4
119 9 0.71
10 119 0.71
17 119 0.32
22 119 0.3
119 23 1.0
119 26 0.71
54 119 0.11
61 119 0.38
119 75 1.0
119 82 0.58
119 84 1.0
87 119 0.33
91 119 0.28
111 119 0.24
112 119 0.15
118 119 0.41
171 119 1.0E-4
5 120 0.13
17 120 0.22
22 120 0.43
120 36 0.5
120 50 0.41
54 120 0.15
120 79 0.5
120 82 0.41
83 120 0.32
120 87 0.47
89 120 0.13
120 92 0.71
120 97 0.71
120 102 0.5
120 112 0.21
120 118 0.29
171 120 1.0E-4
5 121 0.13
17 121 0.22
22 121 0.43
121 36 0.5
121 50 0.41
54 121 0.15
121 79 0.5
121 82 0.41
83 121 0.32
121 87 0.47
89 121 0.13
121 92 0.71
121 97 0.71
121 102 0.5
121 112 0.21
121 118 0.29
121 120 1.0
171 121 1.0E-4
122 29 1.0
122 47 1.0
122 48 1.0
54 122 0.11
122 63 1.0
89 122 0.18
122 100 0.58
112 122 0.15
118 122 0.41
171 122 1.0E-4
5 123 0.1
17 123 0.37
22 123 0.52
123 36 0.82
123 50 0.5
54 123 0.18
58 123 0.18
60 123 0.16
123 79 0.41
123 82 0.33
123 87 0.38
89 123 0.21
123 91 0.16
123 94 0.17
123 102 0.41
123 103 0.58
123 111 0.14
123 112 0.26
123 114 0.29
123 118 0.71
123 120 0.41
123 121 0.41
171 123 1.0E-4
5 124 0.09
17 124 0.47
22 124 0.6
124 36 0.71
124 50 0.58
54 124 0.21
58 124 0.16
60 124 0.14
124 79 0.35
124 82 0.58
83 124 0.22
124 87 0.5
89 124 0.27
124 91 0.14
124 92 0.5
124 94 0.15
124 97 0.5
124 102 0.35
124 103 0.5
124 111 0.12
124 112 0.29
124 114 0.25
124 118 0.61
124 120 0.71
124 121 0.71
124 123 0.87
171 124 1.0E-4
125 4 0.24
5 125 0.08
125 9 0.32
22 125 0.13
125 29 0.45
125 36 0.32
125 38 0.32
125 47 0.45
125 48 0.45
125 50 0.39
125 53 0.12
54 125 0.24
125 62 0.4
125 63 0.45
125 79 0.32
125 85 0.26
125 87 0.3
89 125 0.24
125 93 0.18
125 100 0.26
125 102 0.32
125 111 0.11
125 112 0.26
125 115 0.18
125 118 0.37
125 120 0.32
125 121 0.32
125 122 0.45
125 123 0.26
125 124 0.22
171 125 1.0E-4
3 126 0.38
5 126 0.18
17 126 0.32
21 126 0.22
22 126 0.3
126 25 1.0
126 26 0.71
126 32 1.0
54 126 0.11
61 126 0.38
66 126 0.38
87 126 0.33
89 126 0.18
91 126 0.28
126 99 0.58
112 126 0.15
118 126 0.41
171 126 1.0E-4
3 127 0.13
127 4 0.09
5 127 0.29
127 9 0.24
10 127 0.24
127 12 0.13
13 127 0.11
17 127 0.42
127 20 0.24
127 21 0.15
22 127 0.4
127 23 0.33
127 24 0.14
127 25 0.33
127 26 0.47
127 32 0.33
127 36 0.47
127 50 0.29
127 51 0.13
127 52 0.11
127 53 0.09
54 127 0.32
58 127 0.11
127 59 0.14
60 127 0.18
61 127 0.25
127 66 0.25
67 127 0.27
127 70 0.12
127 72 0.24
127 73 0.24
127 75 0.33
127 77 0.25
127 78 0.25
127 79 0.24
127 82 0.38
127 84 0.33
127 87 0.33
89 127 0.3
90 127 0.14
127 91 0.28
127 94 0.2
127 96 0.13
127 99 0.19
127 102 0.24
127 103 0.33
127 109 0.24
127 111 0.32
127 112 0.34
127 118 0.54
127 119 0.33
127 120 0.24
127 121 0.24
127 123 0.38
127 124 0.33
127 125 0.15
127 126 0.33
171 127 3.0E-4
3 128 0.38
5 128 0.18
17 128 0.32
21 128 0.22
22 128 0.3
128 25 1.0
128 26 0.71
128 32 1.0
54 128 0.11
61 128 0.38
66 128 0.38
87 128 0.33
89 128 0.18
91 128 0.28
128 99 0.58
112 128 0.15
118 128 0.41
128 126 1.0
127 128 0.33
171 128 1.0E-4
5 129 0.25
8 129 0.43
19 129 0.29
21 129 0.31
39 129 0.2
50 129 0.2
54 129 0.15
129 55 0.71
56 129 0.2
60 129 0.2
129 66 0.27
89 129 0.13
129 94 0.21
129 100 0.41
111 129 0.17
112 129 0.21
171 129 0.0
130 4 0.32
5 130 0.16
130 9 0.21
130 15 0.35
17 130 0.19
22 130 0.27
130 27 0.43
130 29 0.3
130 36 0.43
130 38 0.21
130 39 0.09
130 47 0.3
130 48 0.3
130 50 0.52
130 52 0.1
130 53 0.24
54 130 0.35
58 130 0.38
60 130 0.08
61 130 0.11
130 62 0.54
130 63 0.3
67 130 0.12
130 79 0.21
130 82 0.35
83 130 0.13
130 85 0.35
130 86 0.3
130 87 0.3
89 130 0.38
90 130 0.12
130 92 0.3
130 93 0.37
130 94 0.18
130 97 0.3
130 98 0.12
130 100 0.17
130 102 0.21
130 103 0.3
130 111 0.22
130 112 0.36
130 114 0.15
130 115 0.37
130 118 0.37
130 120 0.43
130 121 0.43
130 122 0.3
130 123 0.35
130 124 0.45
130 125 0.67
130 127 0.2
171 130 3.0E-4
21 131 0.22
54 131 0.11
112 131 0.15
171 131 0.0
21 132 0.22
54 132 0.11
171 132 0.0
133 2 0.2
133 4 0.73
5 133 0.17
8 133 0.35
133 9 0.14
133 12 0.07
14 133 0.06
133 15 0.11
17 133 0.06
133 19 0.4
21 133 0.17
22 133 0.24
133 24 0.48
133 27 0.28
133 28 0.11
133 30 0.2
133 38 0.28
133 39 0.45
133 41 0.2
133 45 0.28
50 133 0.17
133 51 0.52
133 52 0.62
133 53 0.73
54 133 0.54
133 55 0.2
56 133 0.62
133 57 0.2
58 133 0.06
133 59 0.16
60 133 0.05
61 133 0.07
133 62 0.44
133 66 0.07
67 133 0.08
133 70 0.55
133 72 0.28
133 85 0.34
133 86 0.2
87 133 0.26
133 88 0.1
89 133 0.56
91 133 0.54
133 93 0.48
133 94 0.59
133 95 0.39
133 96 0.52
133 98 0.24
133 100 0.11
133 101 0.2
133 104 0.11
133 106 0.18
107 133 0.23
111 133 0.43
112 133 0.61
133 113 0.2
133 115 0.48
133 116 0.29
133 117 0.35
125 133 0.18
127 133 0.07
133 129 0.14
130 133 0.24
171 133 0.0012
134 2 0.38
134 4 0.71
5 134 0.07
17 134 0.12
19 134 0.15
134 24 0.93
134 28 0.22
39 134 0.11
134 51 1.0
134 52 0.84
134 53 0.71
54 134 0.28
134 57 0.38
134 59 0.31
134 62 0.17
134 70 0.8
134 72 0.53
134 85 0.22
87 134 0.13
89 134 0.48
91 134 0.73
134 94 0.8
134 95 0.76
134 96 0.71
134 104 0.22
111 134 0.55
112 134 0.39
134 115 0.15
127 134 0.13
133 134 0.52
171 134 3.0E-4
3 135 0.08
135 4 0.12
5 135 0.35
135 8 0.66
135 11 0.07
135 12 0.08
13 135 0.07
14 135 0.2
135 15 0.13
17 135 0.07
135 19 0.53
135 20 0.15
21 135 0.48
22 135 0.07
135 24 0.18
135 28 0.13
135 30 0.22
135 33 0.22
135 35 0.22
135 39 0.57
135 41 0.22
50 135 0.13
135 51 0.16
135 52 0.14
135 53 0.12
54 135 0.49
135 55 0.22
135 56 0.76
135 57 0.22
58 135 0.07
135 59 0.09
60 135 0.06
135 62 0.1
135 64 0.22
135 66 0.25
135 68 0.15
135 70 0.08
135 72 0.15
135 73 0.15
77 135 0.08
78 135 0.08
135 81 0.11
135 85 0.13
87 135 0.07
135 88 0.22
89 135 0.16
90 135 0.18
91 135 0.12
135 94 0.2
135 96 0.16
135 99 0.13
135 100 0.13
135 101 0.22
135 106 0.2
135 107 0.38
111 135 0.16
112 135 0.45
135 115 0.09
135 116 0.44
135 117 0.39
127 135 0.07
135 129 0.31
135 133 0.56
135 134 0.16
171 135 6.0E-4
136 1 0.5
5 136 0.09
136 12 0.19
13 136 0.16
17 136 0.16
22 136 0.3
136 34 0.71
136 36 0.71
136 44 0.71
136 50 0.29
54 136 0.21
58 136 0.16
60 136 0.14
136 79 0.35
136 82 0.29
136 87 0.17
89 136 0.09
136 94 0.15
136 102 0.35
136 103 0.5
136 111 0.12
136 112 0.15
136 118 0.41
136 120 0.35
136 121 0.35
136 123 0.58
136 124 0.5
136 125 0.22
136 127 0.33
136 130 0.3
171 136 1.0E-4
137 29 1.0
137 47 1.0
137 48 1.0
54 137 0.11
137 63 1.0
89 137 0.18
137 100 0.58
112 137 0.15
118 137 0.41
137 122 1.0
125 137 0.45
130 137 0.3
171 137 1.0E-4
138 29 1.0
138 47 1.0
138 48 1.0
54 138 0.11
138 63 1.0
89 138 0.18
138 100 0.58
112 138 0.15
118 138 0.41
138 122 1.0
125 138 0.45
130 138 0.3
138 137 1.0
171 138 1.0E-4
3 139 0.27
5 139 0.13
14 139 0.43
139 15 0.41
21 139 0.15
22 139 0.21
54 139 0.15
56 139 0.2
112 139 0.21
133 139 0.14
135 139 0.15
171 139 0.0
14 140 0.3
54 140 0.11
112 140 0.15
171 140 0.0
141 4 0.27
5 141 0.09
141 9 0.35
22 141 0.15
141 27 0.35
141 36 0.35
141 38 0.35
141 50 0.58
141 52 0.16
141 53 0.13
54 141 0.21
58 141 0.16
61 141 0.19
141 62 0.45
67 141 0.2
141 79 0.35
141 85 0.29
141 86 0.5
141 87 0.33
89 141 0.18
141 93 0.2
141 94 0.15
141 102 0.35
141 111 0.24
141 112 0.22
141 115 0.41
141 118 0.2
141 120 0.35
141 121 0.35
141 123 0.29
141 124 0.25
141 125 0.67
141 127 0.17
141 130 0.6
141 133 0.2
141 136 0.25
171 141 1.0E-4
142 3 0.13
142 4 0.19
142 5 0.19
142 6 0.35
142 10 0.25
142 11 0.24
142 13 0.11
142 17 0.22
142 19 0.14
142 21 0.08
142 22 0.21
142 24 0.29
142 28 0.2
142 31 0.2
142 39 0.1
142 42 0.35
142 43 0.5
142 51 0.27
142 52 0.22
142 53 0.28
142 54 0.3
142 57 0.35
142 58 0.22
142 60 0.1
142 61 0.27
142 62 0.16
142 65 0.25
142 66 0.13
142 67 0.14
142 70 0.13
142 72 0.25
142 74 0.25
142 79 0.25
142 83 0.16
142 85 0.2
142 87 0.24
142 89 0.38
142 90 0.14
142 91 0.29
142 93 0.14
142 94 0.32
142 96 0.4
142 98 0.14
142 102 0.25
142 108 0.18
142 111 0.09
142 112 0.21
142 113 0.35
142 115 0.29
142 127 0.12
142 133 0.21
142 134 0.27
142 135 0.23
142 171 3.0E-4
4 143 0.27
143 27 0.71
53 143 0.27
54 143 0.11
62 143 0.45
89 143 0.18
93 143 0.41
98 143 0.41
112 143 0.15
115 143 0.41
130 143 0.3
133 143 0.2
171 143 0.0
144 2 0.32
144 4 0.76
5 144 0.06
17 144 0.1
22 144 0.29
144 24 0.65
144 27 0.22
144 45 0.45
50 144 0.09
144 51 0.72
144 52 0.9
144 53 0.85
54 144 0.34
58 144 0.1
144 59 0.26
61 144 0.12
144 62 0.14
67 144 0.13
144 70 0.89
144 72 0.45
144 85 0.18
144 86 0.32
87 144 0.21
89 144 0.57
91 144 0.79
144 93 0.39
144 94 0.76
144 95 0.63
144 96 0.72
144 98 0.26
144 104 0.18
111 144 0.46
112 144 0.47
144 113 0.32
144 115 0.26
127 144 0.11
130 144 0.1
133 144 0.62
144 134 0.72
135 144 0.07
141 144 0.16
142 144 0.22
171 144 4.0E-4
145 2 0.45
145 4 0.6
17 145 0.14
145 24 0.73
145 51 0.85
145 52 0.71
145 53 0.6
54 145 0.24
145 59 0.18
145 70 0.79
145 72 0.63
89 145 0.4
91 145 0.62
145 94 0.67
145 95 0.67
145 96 0.68
111 145 0.43
112 145 0.33
127 145 0.15
133 145 0.44
145 134 0.85
135 145 0.1
142 145 0.16
145 144 0.71
171 145 1.0E-4
4 146 0.27
22 146 0.3
146 45 0.71
52 146 0.32
53 146 0.27
54 146 0.11
70 146 0.35
87 146 0.33
89 146 0.18
91 146 0.28
146 93 0.41
98 146 0.41
112 146 0.15
133 146 0.2
144 146 0.32
171 146 1.0E-4
4 147 0.38
22 147 0.43
147 45 1.0
52 147 0.45
53 147 0.38
54 147 0.15
70 147 0.5
87 147 0.24
89 147 0.25
91 147 0.39
147 93 0.29
96 147 0.27
98 147 0.29
112 147 0.21
133 147 0.28
144 147 0.45
147 146 0.71
171 147 1.0E-4
4 148 0.38
5 148 0.13
19 148 0.29
24 148 0.29
148 27 0.5
28 148 0.41
39 148 0.2
51 148 0.27
52 148 0.22
53 148 0.38
54 148 0.15
148 57 0.71
62 148 0.63
85 148 0.41
87 148 0.24
89 148 0.25
91 148 0.2
93 148 0.29
94 148 0.21
96 148 0.27
98 148 0.29
111 148 0.17
112 148 0.21
115 148 0.58
130 148 0.21
133 148 0.28
134 148 0.27
135 148 0.15
142 148 0.25
148 143 0.71
171 148 1.0E-4
149 2 0.5
4 149 0.4
5 149 0.09
8 149 0.15
17 149 0.16
19 149 0.2
21 149 0.11
24 149 0.61
39 149 0.14
50 149 0.14
51 149 0.57
52 149 0.47
53 149 0.4
54 149 0.21
149 55 0.5
56 149 0.14
60 149 0.14
70 149 0.53
149 72 0.35
89 149 0.36
91 149 0.42
94 149 0.6
95 149 0.25
149 96 0.57
100 149 0.29
111 149 0.36
112 149 0.29
127 149 0.17
129 149 0.35
133 149 0.39
134 149 0.57
135 149 0.22
142 149 0.18
144 149 0.47
145 149 0.67
171 149 2.0E-4
17 150 0.32
22 150 0.3
36 150 0.71
50 150 0.29
54 150 0.11
58 150 0.32
60 150 0.28
82 150 0.58
89 150 0.18
94 150 0.3
150 103 1.0
111 150 0.24
112 150 0.15
118 150 0.41
123 150 0.58
124 150 0.5
127 150 0.33
130 150 0.3
136 150 0.5
171 150 1.0E-4
151 3 0.38
151 5 0.18
151 10 0.71
151 13 0.32
151 17 0.32
151 22 0.3
151 54 0.11
151 58 0.32
151 60 0.28
151 61 0.38
151 67 0.41
151 83 0.45
151 89 0.18
151 90 0.41
151 142 0.35
151 171 0.0
152 16 1.0
54 152 0.11
60 152 0.28
152 80 1.0
108 152 0.5
171 152 1.0E-4
153 3 0.27
153 5 0.25
153 10 0.5
153 13 0.22
153 17 0.22
153 22 0.21
153 54 0.15
153 58 0.22
153 60 0.39
153 61 0.27
153 67 0.29
153 68 0.5
153 77 0.27
153 78 0.27
153 83 0.32
153 89 0.25
153 90 0.29
153 142 0.25
153 151 0.71
153 171 0.0
5 154 0.18
54 154 0.11
59 154 0.41
67 154 0.41
154 73 0.71
77 154 0.38
109 154 0.71
111 154 0.24
112 154 0.15
127 154 0.33
171 154 0.0
8 155 0.3
12 155 0.38
155 30 1.0
54 155 0.11
56 155 0.29
66 155 0.38
112 155 0.15
116 155 0.5
133 155 0.2
135 155 0.22
171 155 0.0
5 156 0.2
156 9 0.41
10 156 0.41
156 15 0.67
17 156 0.18
22 156 0.17
156 23 0.58
156 26 0.41
39 156 0.17
54 156 0.18
58 156 0.37
61 156 0.22
156 75 0.58
156 82 0.33
156 84 0.58
87 156 0.19
90 156 0.24
91 156 0.16
111 156 0.14
112 156 0.09
114 156 0.29
118 156 0.24
156 119 0.58
127 156 0.19
130 156 0.35
171 156 0.0
4 157 0.51
157 11 0.13
21 157 0.16
22 157 0.23
24 157 0.31
157 27 0.27
157 45 0.53
50 157 0.11
51 157 0.29
52 157 0.6
53 157 0.51
54 157 0.28
58 157 0.12
59 157 0.15
61 157 0.14
62 157 0.17
67 157 0.15
70 157 0.53
157 85 0.22
157 86 0.38
87 157 0.13
89 157 0.34
91 157 0.42
157 93 0.31
94 157 0.34
95 157 0.38
96 157 0.29
98 157 0.15
157 104 0.22
111 157 0.28
112 157 0.28
115 157 0.15
130 157 0.11
157 132 0.38
133 157 0.37
134 157 0.29
141 157 0.19
144 157 0.6
145 157 0.17
157 146 0.38
157 147 0.53
149 157 0.19
171 157 3.0E-4
158 16 1.0
54 158 0.11
60 158 0.28
158 80 1.0
108 158 0.5
158 152 1.0
171 158 1.0E-4
159 3 0.24
159 5 0.28
159 6 0.32
159 9 0.22
159 10 0.45
159 11 0.11
159 13 0.1
159 16 0.32
159 17 0.3
159 18 0.32
159 21 0.07
159 22 0.29
159 23 0.32
159 25 0.32
159 26 0.45
159 31 0.18
159 32 0.32
159 42 0.32
159 43 0.45
159 50 0.09
159 54 0.34
159 58 0.2
159 59 0.26
159 60 0.26
159 61 0.48
159 65 0.22
159 66 0.24
159 67 0.39
159 69 0.45
159 73 0.22
159 74 0.22
159 75 0.32
159 77 0.36
159 78 0.24
159 79 0.22
159 80 0.32
159 82 0.18
159 83 0.14
159 84 0.32
159 87 0.21
159 89 0.23
159 90 0.13
159 91 0.18
159 99 0.18
159 102 0.22
159 108 0.32
159 109 0.22
159 111 0.23
159 112 0.19
159 118 0.26
159 119 0.32
159 125 0.14
159 126 0.32
159 127 0.32
159 128 0.32
159 130 0.1
159 141 0.16
159 142 0.34
159 151 0.32
159 152 0.32
159 153 0.22
159 154 0.32
159 156 0.18
159 158 0.32
159 171 4.0E-4
4 160 0.46
22 160 0.35
160 27 0.41
160 45 0.82
50 160 0.17
52 160 0.55
53 160 0.46
54 160 0.18
58 160 0.18
61 160 0.22
62 160 0.26
67 160 0.24
70 160 0.41
160 85 0.33
160 86 0.58
87 160 0.19
89 160 0.31
91 160 0.32
160 93 0.47
94 160 0.17
96 160 0.22
98 160 0.24
111 160 0.14
112 160 0.26
115 160 0.24
130 160 0.17
133 160 0.34
141 160 0.29
144 160 0.55
160 146 0.58
160 147 0.82
160 157 0.65
171 160 2.0E-4
161 2 0.38
4 161 0.71
9 161 0.27
22 161 0.23
24 161 0.15
161 27 0.53
161 38 0.53
161 45 0.53
50 161 0.22
51 161 0.14
52 161 0.48
53 161 0.61
54 161 0.28
58 161 0.12
61 161 0.14
161 62 0.51
67 161 0.15
70 161 0.4
161 85 0.22
161 86 0.38
87 161 0.25
89 161 0.48
91 161 0.31
161 93 0.62
94 161 0.23
161 96 0.29
161 98 0.31
111 161 0.28
112 161 0.39
161 115 0.62
125 161 0.17
130 161 0.34
133 161 0.52
134 161 0.14
141 161 0.38
161 143 0.38
144 161 0.48
145 161 0.17
161 146 0.38
161 147 0.53
161 148 0.27
161 149 0.19
161 157 0.43
161 160 0.65
171 161 4.0E-4
5 162 0.18
162 20 0.71
54 162 0.11
60 162 0.28
67 162 0.41
77 162 0.38
78 162 0.38
89 162 0.18
111 162 0.24
112 162 0.15
127 162 0.33
171 162 0.0
163 2 0.33
3 163 0.13
163 4 0.45
5 163 0.06
163 9 0.24
10 163 0.24
17 163 0.32
21 163 0.07
22 163 0.2
163 23 0.33
163 24 0.54
163 25 0.33
163 26 0.47
163 29 0.33
163 32 0.33
163 47 0.33
163 48 0.33
50 163 0.1
163 51 0.63
163 52 0.53
163 53 0.45
54 163 0.32
163 59 0.14
61 163 0.25
163 63 0.33
66 163 0.13
163 70 0.59
163 72 0.47
163 75 0.33
163 82 0.19
163 84 0.33
87 163 0.22
89 163 0.42
91 163 0.65
163 94 0.5
163 95 0.5
163 96 0.5
163 99 0.19
163 100 0.19
163 104 0.19
111 163 0.4
112 163 0.39
118 163 0.41
163 119 0.33
163 122 0.33
125 163 0.3
163 126 0.33
127 163 0.33
163 128 0.33
130 163 0.2
133 163 0.33
163 134 0.63
135 163 0.07
163 137 0.33
163 138 0.33
141 163 0.17
142 163 0.12
163 144 0.53
163 145 0.6
163 149 0.5
163 156 0.19
163 157 0.25
159 163 0.32
163 161 0.13
171 163 3.0E-4
5 164 0.1
13 164 0.37
164 14 0.35
164 21 0.38
54 164 0.18
58 164 0.37
112 164 0.09
164 131 0.58
171 164 0.0
6 165 0.5
11 165 0.33
31 165 0.58
165 43 0.71
54 165 0.11
58 165 0.32
61 165 0.38
65 165 0.71
66 165 0.38
89 165 0.18
108 165 0.5
142 165 0.35
159 165 0.32
171 165 0.0
3 166 0.14
5 166 0.13
166 6 0.38
166 7 0.22
166 9 0.27
10 166 0.27
166 11 0.13
17 166 0.48
166 21 0.08
22 166 0.57
166 23 0.38
166 25 0.38
166 26 0.53
166 31 0.22
166 32 0.38
166 36 0.53
166 42 0.38
166 43 0.27
166 50 0.33
54 166 0.28
58 166 0.24
60 166 0.1
61 166 0.43
166 65 0.27
166 66 0.29
166 71 0.27
166 74 0.53
166 75 0.38
166 79 0.53
166 82 0.65
83 166 0.17
166 84 0.38
166 87 0.5
89 166 0.2
166 91 0.21
166 92 0.38
166 94 0.11
166 97 0.38
166 98 0.15
166 99 0.22
166 102 0.53
166 103 0.38
166 108 0.19
166 111 0.18
166 112 0.28
166 118 0.62
166 119 0.38
166 120 0.53
166 121 0.53
166 123 0.44
166 124 0.57
166 125 0.17
166 126 0.38
166 127 0.5
166 128 0.38
166 130 0.34
166 136 0.38
166 141 0.19
142 166 0.13
166 150 0.38
166 156 0.22
159 166 0.36
166 163 0.25
171 166 3.0E-4
8 167 0.35
19 167 0.47
21 167 0.25
39 167 0.33
54 167 0.18
56 167 0.33
106 167 0.26
112 167 0.09
167 116 0.29
117 167 0.26
133 167 0.23
135 167 0.38
171 167 1.0E-4
168 29 1.0
168 47 1.0
168 48 1.0
54 168 0.11
168 63 1.0
89 168 0.18
168 100 0.58
112 168 0.15
118 168 0.41
168 122 1.0
125 168 0.45
130 168 0.3
168 137 1.0
168 138 1.0
168 163 0.33
171 168 1.0E-4
5 169 0.13
8 169 0.21
13 169 0.22
21 169 0.31
50 169 0.2
54 169 0.15
169 99 0.41
112 169 0.1
116 169 0.35
169 131 0.71
135 169 0.15
164 169 0.41
171 169 0.0
4 170 0.38
22 170 0.21
38 170 0.5
170 45 0.5
52 170 0.22
53 170 0.38
54 170 0.15
70 170 0.25
87 170 0.24
89 170 0.25
91 170 0.2
170 93 0.58
98 170 0.29
112 170 0.21
115 170 0.29
133 170 0.28
144 170 0.22
170 146 0.71
170 147 0.5
170 157 0.27
170 160 0.41
161 170 0.53
171 170 1.0E-4
