*Vertices  46
1 "显示器"
2 "光纤"
3 "探头"
4 "连接带"
5 "处理器"
6 "单片机"
7 "开关"
8 "刻度板"
9 "PD"
10 "激光射线"
11 "变压器"
12 "桡动脉"
13 "光纤耦合"
14 "LED"
15 "二极管"
16 "语音警报器"
17 "止血扣碗"
18 "玻璃"
19 "通道"
20 "LED光源"
21 "塑料"
22 "光电转换器件"
23 "转换器"
24 "探针"
25 "滤光片"
26 "电动机"
27 "发电机"
28 "放大器"
29 "半导体"
30 "键合"
31 "燃气涡轮"
32 "客户"
33 "蓄电池"
34 "光电池"
35 "芯片"
36 "存储器"
37 "电阻"
38 "激光"
39 "检测仪"
40 "检测板"
41 "屏幕"
42 "透镜"
43 "CAN总线"
44 "聚光帽"
45 "激发光"
46 "传感器"
*Arcs
1 46 0.0021
46 2 0.0025
3 2 0.58
46 3 0.0024
46 4 0.0022
5 1 0.36
5 2 0.16
5 3 0.37
5 46 8.0E-4
1 6 0.46
5 6 0.29
6 46 7.0E-4
1 7 0.08
7 4 0.22
5 7 0.28
7 6 0.26
7 46 3.0E-4
46 8 0.0020
1 9 0.22
9 2 0.58
9 3 0.33
5 9 0.18
9 46 0.0048
10 8 1.0
46 10 0.0020
1 11 0.11
6 11 0.09
7 11 0.25
11 46 3.0E-4
12 4 1.0
7 12 0.22
46 12 0.0022
2 13 0.71
9 13 0.41
46 13 0.0013
14 1 0.28
14 2 0.21
14 3 0.18
14 4 0.11
14 5 0.34
14 6 0.35
14 7 0.49
14 8 0.11
14 9 0.18
14 10 0.11
14 11 0.37
14 12 0.11
14 13 0.15
14 46 0.0029
15 1 0.11
15 2 0.21
15 3 0.08
15 5 0.04
15 6 0.13
15 7 0.31
15 9 0.16
15 11 0.37
15 13 0.2
15 14 0.75
15 46 4.0E-4
14 16 0.11
46 16 0.0023
17 4 1.0
7 17 0.22
17 12 1.0
14 17 0.11
46 17 0.0022
18 1 0.12
18 2 0.32
18 3 0.18
18 5 0.3
18 6 0.29
18 7 0.21
18 9 0.37
18 11 0.09
18 13 0.22
18 14 0.34
18 15 0.22
18 46 0.0010
1 19 0.15
6 19 0.12
14 19 0.26
15 19 0.23
19 46 2.0E-4
20 1 0.1
20 3 0.16
20 5 0.18
20 6 0.08
20 7 0.06
20 11 0.08
20 14 0.38
20 15 0.27
20 18 0.18
20 19 0.11
20 46 2.0E-4
21 1 0.29
21 2 0.38
21 3 0.22
21 5 0.12
21 7 0.16
21 9 0.44
21 13 0.27
21 14 0.28
21 15 0.37
21 18 0.48
21 20 0.1
21 46 0.0015
22 2 0.71
22 3 0.41
22 9 0.82
22 13 0.5
14 22 0.15
15 22 0.2
18 22 0.45
21 22 0.53
22 46 0.0039
1 23 0.29
23 2 0.38
23 3 0.22
5 23 0.12
6 23 0.11
7 23 0.25
23 9 0.44
11 23 0.11
23 13 0.27
14 23 0.28
15 23 0.21
18 23 0.24
21 23 0.43
23 22 0.53
23 46 0.0032
24 2 0.35
24 3 0.41
24 9 0.41
14 24 0.15
15 24 0.2
18 24 0.22
21 24 0.27
24 22 0.5
23 24 0.27
24 46 0.0010
25 2 0.71
25 3 0.41
25 9 0.41
25 13 0.5
14 25 0.15
15 25 0.2
18 25 0.22
21 25 0.27
25 22 0.5
23 25 0.27
25 24 0.5
25 46 0.0012
6 26 0.21
26 8 0.71
26 10 0.71
14 26 0.15
20 26 0.2
46 26 0.0014
1 27 0.19
6 27 0.15
7 27 0.22
11 27 0.29
14 27 0.21
15 27 0.14
20 27 0.14
23 27 0.19
46 27 7.0E-4
1 28 0.38
5 28 0.16
6 28 0.45
11 28 0.29
14 28 0.21
15 28 0.14
28 23 0.19
28 27 0.25
28 46 7.0E-4
29 1 0.14
29 2 0.09
29 3 0.1
29 5 0.11
29 6 0.05
29 7 0.12
29 9 0.1
29 11 0.1
29 13 0.13
29 14 0.59
29 15 0.64
29 18 0.23
29 19 0.15
29 20 0.3
29 21 0.27
29 22 0.13
29 23 0.14
29 24 0.13
29 28 0.09
29 46 4.0E-4
30 2 0.2
30 3 0.24
6 30 0.12
30 9 0.24
14 30 0.26
15 30 0.29
18 30 0.13
21 30 0.15
30 22 0.29
23 30 0.15
30 24 0.29
30 25 0.29
28 30 0.2
29 30 0.29
30 46 4.0E-4
1 31 0.38
6 31 0.3
11 31 0.29
14 31 0.11
23 31 0.38
27 31 0.5
28 31 0.5
46 31 0.0019
1 32 0.22
32 3 0.33
5 32 0.37
7 32 0.25
14 32 0.18
15 32 0.08
20 32 0.16
21 32 0.22
23 32 0.22
29 32 0.21
32 46 6.0E-4
33 3 0.26
5 33 0.14
7 33 0.2
33 11 0.39
14 33 0.24
15 33 0.19
20 33 0.12
33 27 0.45
29 33 0.08
33 32 0.26
33 46 4.0E-4
34 2 0.5
34 3 0.58
5 34 0.16
34 9 0.58
34 13 0.35
14 34 0.21
15 34 0.21
18 34 0.32
20 34 0.28
21 34 0.38
34 22 0.71
23 34 0.38
34 24 0.35
34 25 0.35
29 34 0.18
30 34 0.2
32 34 0.29
33 34 0.22
34 46 0.0043
1 35 0.22
5 35 0.05
35 6 0.36
35 7 0.29
35 11 0.21
14 35 0.72
15 35 0.71
18 35 0.14
35 19 0.24
20 35 0.16
21 35 0.17
35 23 0.22
35 24 0.1
35 26 0.1
35 27 0.07
35 28 0.29
29 35 0.69
35 30 0.3
35 31 0.15
35 32 0.09
35 46 2.0E-4
1 36 0.38
36 3 0.29
5 36 0.47
6 36 0.15
7 36 0.11
36 9 0.29
11 36 0.14
14 36 0.21
20 36 0.14
23 36 0.38
36 27 0.25
28 36 0.25
29 36 0.09
36 31 0.5
32 36 0.29
33 36 0.22
36 34 0.25
35 36 0.07
36 46 0.0037
1 37 0.08
5 37 0.07
6 37 0.2
7 37 0.48
37 11 0.57
14 37 0.49
15 37 0.46
18 37 0.07
37 19 0.09
20 37 0.06
37 23 0.25
37 27 0.11
37 28 0.22
29 37 0.16
37 31 0.22
37 32 0.13
37 33 0.2
35 37 0.45
37 36 0.11
37 46 2.0E-4
38 1 0.13
38 2 0.35
38 5 0.11
38 7 0.08
38 8 0.35
38 9 0.2
38 10 0.35
38 11 0.1
38 13 0.5
38 14 0.3
38 15 0.3
38 18 0.22
38 20 0.1
38 21 0.27
38 22 0.25
38 23 0.13
38 25 0.25
38 26 0.25
38 29 0.38
38 30 0.14
38 34 0.18
38 35 0.21
38 37 0.23
38 46 0.0016
1 39 0.27
3 39 0.41
5 39 0.22
6 39 0.21
11 39 0.2
14 39 0.15
20 39 0.2
23 39 0.27
39 27 0.35
28 39 0.35
29 39 0.13
39 31 0.71
32 39 0.41
33 39 0.32
34 39 0.35
35 39 0.1
36 39 0.71
37 39 0.15
46 39 0.0034
1 40 0.27
6 40 0.21
40 8 0.71
40 10 0.71
11 40 0.2
14 40 0.15
23 40 0.27
40 26 0.5
40 27 0.35
28 40 0.35
40 31 0.71
35 40 0.1
36 40 0.35
37 40 0.15
38 40 0.25
39 40 0.5
46 40 0.0045
41 4 0.38
7 41 0.16
41 12 0.38
14 41 0.28
15 41 0.27
41 17 0.38
18 41 0.12
19 41 0.15
21 41 0.14
29 41 0.34
30 41 0.15
35 41 0.28
41 46 5.0E-4
42 1 0.24
42 2 0.32
42 5 0.1
42 7 0.07
42 9 0.18
42 13 0.45
42 14 0.34
42 15 0.36
42 18 0.2
42 19 0.26
42 20 0.26
42 21 0.48
42 22 0.22
42 23 0.24
42 25 0.22
42 29 0.23
42 32 0.18
42 34 0.32
42 35 0.19
42 38 0.34
42 46 4.0E-4
14 43 0.11
43 16 1.0
46 43 0.0023
2 44 0.5
9 44 0.58
44 13 0.71
14 44 0.11
15 44 0.14
18 44 0.32
21 44 0.38
22 44 0.71
23 44 0.38
29 44 0.18
34 44 0.5
38 44 0.35
42 44 0.32
46 44 0.0018
1 45 0.14
45 2 0.38
45 3 0.22
45 7 0.08
45 9 0.22
45 13 0.27
14 45 0.28
15 45 0.32
18 45 0.24
20 45 0.1
21 45 0.43
45 22 0.27
45 23 0.29
45 24 0.27
45 25 0.53
29 45 0.2
45 30 0.15
45 32 0.22
45 34 0.19
45 35 0.28
38 45 0.13
42 45 0.36
45 46 5.0E-4
