*Vertices  37
1 "衬底"
2 "LED灯"
3 "荧光粉"
4 "整流器"
5 "GAN"
6 "变压器"
7 "EP"
8 "LED外延片"
9 "外延片"
10 "外延"
11 "LED"
12 "二极管"
13 "掩膜"
14 "日光灯平面光源"
15 "腐蚀液"
16 "铝基板"
17 "透明胶"
18 "光刻胶"
19 "防音壁"
20 "SiO2"
21 "半导体"
22 "Al2O3"
23 "MQW"
24 "ITO"
25 "键合"
26 "焊盘"
27 "LED芯片"
28 "芯片"
29 "涂层"
30 "电流扩展层"
31 "光触媒"
32 "电极"
33 "接触层"
34 "电阻"
35 "激光"
36 "湿法腐蚀"
37 "保护层"
*Arcs
1 37 0.0011
2 1 0.05
2 37 0.0015
3 1 0.08
3 2 0.17
3 37 0.0013
4 1 0.11
2 4 0.14
4 37 0.0014
5 1 0.65
2 5 0.07
3 5 0.13
4 5 0.17
5 37 0.0017
6 1 0.08
2 6 0.2
3 6 0.09
6 4 0.59
6 5 0.12
6 37 9.0E-4
7 1 0.15
2 7 0.2
3 7 0.46
7 4 0.12
7 6 0.08
7 37 0.0012
8 1 0.71
2 8 0.07
3 8 0.12
4 8 0.15
8 5 0.93
6 8 0.11
8 37 0.0015
9 1 0.85
2 9 0.06
3 9 0.1
4 9 0.13
9 5 0.77
6 9 0.09
7 9 0.09
9 8 0.84
9 37 0.0013
10 1 0.93
2 10 0.09
3 10 0.08
4 10 0.11
10 5 0.65
6 10 0.08
7 10 0.08
10 8 0.71
10 9 0.85
10 37 0.0011
11 1 0.4
11 2 0.6
11 3 0.34
11 4 0.26
11 5 0.26
11 6 0.37
11 7 0.37
11 8 0.28
11 9 0.34
11 10 0.4
11 37 0.0018
12 1 0.45
12 2 0.3
12 3 0.36
12 4 0.35
12 5 0.29
12 6 0.37
12 7 0.24
12 8 0.27
12 9 0.36
12 10 0.45
12 11 0.75
12 37 5.0E-4
1 13 0.27
2 13 0.18
4 13 0.41
5 13 0.41
6 13 0.29
8 13 0.38
9 13 0.32
10 13 0.27
11 13 0.11
12 13 0.14
37 13 0.0059
3 14 0.32
7 14 0.29
11 14 0.11
14 37 0.0070
1 15 0.6
2 15 0.08
4 15 0.18
5 15 0.18
6 15 0.13
7 15 0.26
8 15 0.17
9 15 0.28
10 15 0.48
11 15 0.24
12 15 0.32
15 13 0.45
37 15 0.0019
16 1 0.11
16 2 0.29
16 3 0.26
16 7 0.24
16 9 0.13
16 10 0.11
16 11 0.26
16 12 0.23
16 14 0.41
16 15 0.18
16 37 0.0019
3 17 0.32
7 17 0.29
11 17 0.11
17 14 1.0
16 17 0.41
17 37 0.0070
1 18 0.46
2 18 0.1
4 18 0.24
5 18 0.24
6 18 0.17
7 18 0.17
8 18 0.22
9 18 0.37
10 18 0.46
11 18 0.18
12 18 0.24
18 13 0.58
15 18 0.77
16 18 0.24
37 18 0.0025
2 19 0.18
11 19 0.11
37 19 0.0051
20 1 0.27
2 20 0.24
3 20 0.42
20 4 0.14
20 5 0.14
20 6 0.1
20 7 0.38
20 8 0.13
20 9 0.21
20 10 0.27
11 20 0.32
12 20 0.38
20 13 0.33
20 15 0.3
20 18 0.19
20 37 0.0011
21 1 0.67
21 2 0.29
21 3 0.34
21 4 0.15
21 5 0.44
21 6 0.1
21 7 0.31
21 8 0.48
21 9 0.57
21 10 0.67
21 11 0.59
21 12 0.64
21 13 0.18
21 15 0.4
21 16 0.22
21 18 0.31
21 20 0.42
21 37 7.0E-4
22 1 0.67
2 22 0.15
3 22 0.35
22 4 0.11
22 5 0.68
22 6 0.08
7 22 0.08
22 8 0.73
22 9 0.79
22 10 0.74
11 22 0.38
12 22 0.43
22 13 0.28
22 15 0.12
22 18 0.16
20 22 0.55
21 22 0.6
22 37 0.0011
23 1 0.64
2 23 0.16
3 23 0.19
4 23 0.25
23 5 0.74
6 23 0.17
7 23 0.26
23 8 0.8
23 9 0.76
23 10 0.73
11 23 0.35
12 23 0.38
23 13 0.3
23 15 0.27
16 23 0.12
23 18 0.35
20 23 0.2
21 23 0.6
22 23 0.67
23 37 0.0013
1 24 0.61
2 24 0.13
3 24 0.12
4 24 0.15
5 24 0.62
6 24 0.11
8 24 0.71
9 24 0.72
10 24 0.71
11 24 0.28
12 24 0.27
24 13 0.38
24 15 0.17
24 18 0.22
20 24 0.25
21 24 0.48
22 24 0.73
23 24 0.68
24 37 0.0015
1 25 0.22
2 25 0.07
3 25 0.13
7 25 0.12
9 25 0.13
10 25 0.33
11 25 0.26
12 25 0.29
25 14 0.41
25 15 0.18
16 25 0.17
25 17 0.41
20 25 0.27
21 25 0.29
22 25 0.23
23 25 0.12
24 25 0.15
25 37 0.0020
2 26 0.1
3 26 0.18
4 26 0.24
6 26 0.17
7 26 0.33
11 26 0.18
12 26 0.16
26 14 0.58
16 26 0.24
26 17 0.58
21 26 0.21
26 23 0.17
26 25 0.24
26 37 0.0033
27 1 0.52
2 27 0.26
3 27 0.23
27 4 0.2
27 5 0.5
27 6 0.14
7 27 0.35
27 8 0.55
27 9 0.54
27 10 0.45
11 27 0.44
12 27 0.48
27 13 0.24
27 14 0.24
27 15 0.33
16 27 0.4
27 17 0.24
27 18 0.28
20 27 0.24
21 27 0.57
22 27 0.47
27 23 0.66
27 24 0.37
27 25 0.2
27 26 0.28
27 37 0.0028
28 1 0.55
2 28 0.36
3 28 0.37
28 4 0.24
28 5 0.36
28 6 0.21
28 7 0.38
28 8 0.39
28 9 0.47
28 10 0.55
11 28 0.72
12 28 0.71
28 13 0.15
28 14 0.15
28 15 0.33
16 28 0.24
28 17 0.15
28 18 0.26
28 20 0.44
21 28 0.69
28 22 0.53
28 23 0.49
28 24 0.39
28 25 0.3
28 26 0.26
28 27 0.61
28 37 0.0015
2 29 0.18
3 29 0.16
29 6 0.14
7 29 0.14
11 29 0.21
12 29 0.14
29 19 0.5
20 29 0.17
21 29 0.09
29 22 0.14
28 29 0.07
29 37 0.0029
1 30 0.55
2 30 0.14
4 30 0.17
5 30 0.17
6 30 0.12
7 30 0.24
8 30 0.15
9 30 0.26
10 30 0.55
11 30 0.26
12 30 0.35
30 13 0.41
30 15 0.73
16 30 0.17
30 18 0.47
20 30 0.41
21 30 0.44
22 30 0.23
23 30 0.37
24 30 0.31
25 30 0.33
27 30 0.3
28 30 0.36
37 30 0.0017
2 31 0.31
6 31 0.17
11 31 0.18
31 19 0.58
29 31 0.58
37 31 0.0035
32 1 0.73
2 32 0.17
3 32 0.06
32 4 0.4
32 5 0.48
32 6 0.45
7 32 0.17
32 8 0.52
32 9 0.62
32 10 0.73
11 32 0.54
12 32 0.67
32 13 0.2
32 15 0.44
16 32 0.08
32 18 0.34
20 32 0.26
21 32 0.56
22 32 0.54
32 23 0.59
32 24 0.52
32 25 0.24
32 26 0.11
27 32 0.43
28 32 0.61
32 30 0.48
32 37 8.0E-4
33 1 0.71
2 33 0.07
3 33 0.12
4 33 0.15
33 5 0.93
6 33 0.11
33 8 1.0
33 9 0.84
33 10 0.71
11 33 0.28
12 33 0.27
33 13 0.38
33 15 0.17
33 18 0.22
20 33 0.13
21 33 0.48
22 33 0.73
33 23 0.8
33 24 0.71
27 33 0.55
28 33 0.39
33 30 0.15
32 33 0.52
33 37 0.0015
34 1 0.12
2 34 0.35
3 34 0.07
34 4 0.53
34 5 0.18
34 6 0.57
7 34 0.13
34 8 0.16
34 9 0.14
34 10 0.12
11 34 0.49
12 34 0.46
34 13 0.22
34 15 0.1
34 18 0.13
20 34 0.07
21 34 0.16
22 34 0.12
34 23 0.2
34 24 0.16
34 26 0.13
27 34 0.16
28 34 0.45
34 30 0.09
34 32 0.56
34 33 0.16
34 37 5.0E-4
35 1 0.19
35 2 0.19
35 3 0.22
35 4 0.14
35 5 0.29
35 6 0.1
35 8 0.27
35 9 0.22
35 10 0.28
35 11 0.3
35 12 0.3
35 13 0.35
35 15 0.16
35 16 0.14
35 18 0.2
35 20 0.24
35 21 0.38
35 22 0.29
35 23 0.32
35 24 0.4
35 25 0.14
35 27 0.09
35 28 0.21
35 30 0.29
35 32 0.21
35 33 0.27
35 34 0.23
35 37 0.0010
1 36 0.38
2 36 0.13
4 36 0.29
5 36 0.29
6 36 0.2
8 36 0.27
9 36 0.22
10 36 0.38
11 36 0.15
12 36 0.2
36 13 0.71
15 36 0.63
18 36 0.41
20 36 0.24
21 36 0.25
22 36 0.2
23 36 0.21
24 36 0.27
25 36 0.29
27 36 0.17
28 36 0.21
30 36 0.58
32 36 0.28
33 36 0.27
34 36 0.15
35 36 0.25
37 36 0.0035
