*Vertices  15
1 "LED灯"
2 "光纤"
3 "探头"
4 "控制器"
5 "处理器"
6 "开关"
7 "定时器"
8 "LED"
9 "码道"
10 "太阳能"
11 "太阳能电池板"
12 "充电器"
13 "发光管"
14 "光电管"
15 "充电电池"
*Arcs
1 15 0.0010
2 15 0.0115
3 2 0.58
3 15 0.0152
4 2 0.19
4 3 0.22
4 15 0.0088
5 1 0.17
5 2 0.16
5 3 0.37
5 4 0.48
5 15 0.0049
1 6 0.39
6 4 0.25
5 6 0.28
6 15 0.0017
1 7 0.13
4 7 0.27
6 7 0.31
15 7 0.0085
8 1 0.6
8 2 0.21
8 3 0.18
8 4 0.28
8 5 0.34
8 6 0.49
8 7 0.15
8 15 0.0025
2 9 0.5
3 9 0.58
4 9 0.38
5 9 0.32
8 9 0.11
15 9 0.0377
2 10 0.29
3 10 0.33
4 10 0.44
5 10 0.18
6 10 0.13
8 10 0.18
10 9 0.58
15 10 0.015
2 11 0.5
3 11 0.58
4 11 0.38
5 11 0.32
8 11 0.11
11 9 1.0
11 10 0.58
15 11 0.0377
12 2 0.22
12 3 0.26
12 4 0.17
5 12 0.14
8 12 0.24
12 9 0.45
12 10 0.26
12 11 0.45
12 15 0.0090
1 13 0.13
2 13 0.35
3 13 0.41
4 13 0.27
5 13 0.22
8 13 0.15
13 9 0.71
13 10 0.41
13 11 0.71
12 13 0.32
13 15 0.0211
2 14 0.5
3 14 0.58
4 14 0.38
5 14 0.32
8 14 0.11
14 9 1.0
14 10 0.58
14 11 1.0
12 14 0.45
14 13 0.71
14 15 0.0377
