*Vertices  24
1 "光纤"
2 "探头"
3 "电容"
4 "控制器"
5 "处理器"
6 "整流器"
7 "变压器"
8 "稳压块"
9 "LED"
10 "二极管"
11 "三极管"
12 "码道"
13 "太阳能"
14 "太阳能电池板"
15 "蓄电池"
16 "充电电池"
17 "锂电池"
18 "芯片"
19 "电极"
20 "电阻"
21 "发光管"
22 "光电管"
23 "晶体闸流管"
24 "充电器"
*Arcs
24 1 0.0028
2 1 0.58
24 2 0.0040
3 24 0.0015
4 1 0.19
4 2 0.22
3 4 0.11
24 4 0.0020
5 1 0.16
5 2 0.37
5 3 0.1
5 4 0.48
5 24 0.0013
3 6 0.37
24 6 0.0057
3 7 0.44
7 4 0.11
7 6 0.59
24 7 0.0066
8 6 0.41
8 7 0.29
24 8 0.0049
9 1 0.21
9 2 0.18
9 3 0.35
9 4 0.28
9 5 0.34
9 6 0.26
9 7 0.37
9 8 0.11
9 24 0.0034
10 1 0.21
10 2 0.08
10 3 0.34
10 4 0.16
10 5 0.04
10 6 0.35
10 7 0.37
10 8 0.14
10 9 0.75
10 24 0.0031
11 3 0.61
11 4 0.11
11 6 0.47
11 7 0.58
11 8 0.29
9 11 0.37
10 11 0.45
11 24 0.0102
1 12 0.5
2 12 0.58
4 12 0.38
5 12 0.32
9 12 0.11
24 12 0.0093
1 13 0.29
2 13 0.33
4 13 0.44
5 13 0.18
7 13 0.17
9 13 0.18
10 13 0.16
13 12 0.58
24 13 0.0040
1 14 0.5
2 14 0.58
4 14 0.38
5 14 0.32
9 14 0.11
14 12 1.0
14 13 0.58
24 14 0.0093
15 2 0.26
15 4 0.17
5 15 0.14
15 6 0.37
15 7 0.39
15 8 0.45
9 15 0.24
10 15 0.19
11 15 0.26
15 13 0.26
24 15 0.0058
1 16 0.35
2 16 0.41
4 16 0.27
5 16 0.22
9 16 0.15
16 12 0.71
16 13 0.41
16 14 0.71
24 16 0.0051
17 3 0.35
17 7 0.17
9 17 0.18
10 17 0.16
17 11 0.5
17 24 0.0059
18 3 0.36
18 4 0.11
5 18 0.05
18 6 0.24
18 7 0.21
9 18 0.72
10 18 0.71
18 11 0.3
18 13 0.09
18 17 0.17
18 24 5.0E-4
3 19 0.35
19 4 0.07
19 6 0.4
19 7 0.45
19 8 0.2
9 19 0.54
10 19 0.67
11 19 0.62
19 13 0.11
19 15 0.18
17 19 0.23
18 19 0.61
19 24 0.0051
20 3 0.66
20 4 0.08
5 20 0.07
20 6 0.53
20 7 0.57
20 8 0.22
9 20 0.49
10 20 0.46
20 11 0.76
20 15 0.2
20 17 0.38
18 20 0.45
20 19 0.56
20 24 0.0069
1 21 0.35
2 21 0.41
4 21 0.27
5 21 0.22
7 21 0.2
9 21 0.15
21 12 0.71
21 13 0.41
21 14 0.71
21 16 0.5
24 21 0.0053
1 22 0.5
2 22 0.58
4 22 0.38
5 22 0.32
9 22 0.11
22 12 1.0
22 13 0.58
22 14 1.0
22 16 0.71
22 21 0.71
24 22 0.0093
3 23 0.35
6 23 0.47
7 23 0.33
9 23 0.18
10 23 0.24
11 23 0.33
15 23 0.26
18 23 0.09
19 23 0.23
20 23 0.38
24 23 0.0020
