*Vertices  41
1 "衬底"
2 "LED灯"
3 "整流器"
4 "GAN"
5 "次氯酸钠溶液"
6 "保护层"
7 "变压器"
8 "EP"
9 "LED外延片"
10 "外延片"
11 "外延"
12 "LED"
13 "二极管"
14 "掩膜"
15 "玻璃"
16 "塑料"
17 "腐蚀液"
18 "铝基板"
19 "填充区域"
20 "SiO2"
21 "半导体"
22 "Al2O3"
23 "GaAs"
24 "MQW"
25 "ITO"
26 "LED芯片"
27 "芯片"
28 "电流扩展层"
29 "去离子水"
30 "离子"
31 "电极"
32 "接触层"
33 "电阻"
34 "丙酮"
35 "激光"
36 "MOCVD"
37 "湿法腐蚀"
38 "屏幕"
39 "反射层"
40 "发光层"
41 "光刻胶"
*Arcs
1 41 0.0042
2 1 0.05
2 41 3.0E-4
3 1 0.11
2 3 0.14
3 41 9.0E-4
4 1 0.65
2 4 0.07
3 4 0.17
4 41 0.0013
1 5 0.38
41 5 0.0028
1 6 0.15
2 6 0.2
3 6 0.24
4 6 0.24
6 41 0.0015
7 1 0.08
2 7 0.2
7 3 0.59
7 4 0.12
7 6 0.17
7 41 5.0E-4
8 1 0.15
2 8 0.2
8 3 0.12
8 5 0.2
8 6 0.17
8 7 0.08
8 41 7.0E-4
9 1 0.71
2 9 0.07
3 9 0.15
9 4 0.93
9 6 0.22
7 9 0.11
9 41 0.0012
10 1 0.85
2 10 0.06
3 10 0.13
10 4 0.77
10 5 0.22
10 6 0.18
7 10 0.09
8 10 0.09
10 9 0.84
10 41 0.0029
11 1 0.93
2 11 0.09
3 11 0.11
11 4 0.65
11 5 0.38
11 6 0.15
7 11 0.08
8 11 0.08
11 9 0.71
11 10 0.85
11 41 0.0041
12 1 0.4
12 2 0.6
12 3 0.26
12 4 0.26
12 5 0.15
12 6 0.18
12 7 0.37
12 8 0.37
12 9 0.28
12 10 0.34
12 11 0.4
12 41 0.0010
13 1 0.45
13 2 0.3
13 3 0.35
13 4 0.29
13 5 0.2
13 6 0.08
13 7 0.37
13 8 0.24
13 9 0.27
13 10 0.36
13 11 0.45
13 12 0.75
13 41 0.0015
1 14 0.27
2 14 0.18
3 14 0.41
4 14 0.41
6 14 0.58
7 14 0.29
9 14 0.38
10 14 0.32
11 14 0.27
12 14 0.11
13 14 0.14
41 14 0.0038
15 1 0.08
15 2 0.28
15 5 0.22
15 7 0.09
15 8 0.18
15 10 0.1
15 11 0.08
15 12 0.34
15 13 0.22
15 41 5.0E-4
16 1 0.1
16 2 0.13
16 5 0.27
16 8 0.11
16 10 0.12
16 11 0.1
16 12 0.28
16 13 0.37
16 15 0.48
16 41 7.0E-4
1 17 0.6
2 17 0.08
3 17 0.18
4 17 0.18
17 5 0.63
6 17 0.26
7 17 0.13
8 17 0.26
9 17 0.17
10 17 0.28
11 17 0.48
12 17 0.24
13 17 0.32
17 14 0.45
15 17 0.14
16 17 0.17
17 41 0.0077
18 1 0.11
18 2 0.29
18 5 0.29
18 6 0.24
18 8 0.24
18 10 0.13
18 11 0.11
18 12 0.26
18 13 0.23
18 15 0.26
18 16 0.31
18 17 0.18
18 41 9.0E-4
1 19 0.27
5 19 0.71
8 19 0.29
10 19 0.32
11 19 0.27
12 19 0.11
13 19 0.14
15 19 0.32
16 19 0.38
17 19 0.45
18 19 0.41
41 19 0.0039
20 1 0.27
2 20 0.24
20 3 0.14
20 4 0.14
20 6 0.19
20 7 0.1
20 8 0.38
20 9 0.13
20 10 0.21
20 11 0.27
12 20 0.32
13 20 0.38
20 14 0.33
16 20 0.25
20 17 0.3
20 41 9.0E-4
21 1 0.67
21 2 0.29
21 3 0.15
21 4 0.44
21 5 0.25
21 6 0.1
21 7 0.1
21 8 0.31
21 9 0.48
21 10 0.57
21 11 0.67
21 12 0.59
21 13 0.64
21 14 0.18
21 15 0.23
21 16 0.27
21 17 0.4
21 18 0.22
21 19 0.18
21 20 0.42
21 41 0.0023
22 1 0.67
2 22 0.15
22 3 0.11
22 4 0.68
22 6 0.16
22 7 0.08
8 22 0.08
22 9 0.73
22 10 0.79
22 11 0.74
12 22 0.38
13 22 0.43
22 14 0.28
16 22 0.21
22 17 0.12
20 22 0.55
21 22 0.6
22 41 9.0E-4
1 23 0.55
2 23 0.07
23 5 0.58
8 23 0.12
10 23 0.26
11 23 0.65
12 23 0.26
13 23 0.35
15 23 0.13
16 23 0.15
17 23 0.55
18 23 0.17
23 19 0.41
20 23 0.27
21 23 0.44
22 23 0.23
23 41 0.0033
24 1 0.64
2 24 0.16
3 24 0.25
24 4 0.74
24 5 0.21
24 6 0.17
7 24 0.17
8 24 0.26
24 9 0.8
24 10 0.76
24 11 0.73
12 24 0.35
13 24 0.38
24 14 0.3
15 24 0.19
16 24 0.11
24 17 0.27
18 24 0.12
24 19 0.3
20 24 0.2
21 24 0.6
22 24 0.67
24 23 0.25
24 41 0.0026
1 25 0.61
2 25 0.13
3 25 0.15
4 25 0.62
25 6 0.22
7 25 0.11
9 25 0.71
10 25 0.72
11 25 0.71
12 25 0.28
13 25 0.27
25 14 0.38
25 17 0.17
20 25 0.25
21 25 0.48
22 25 0.73
25 23 0.15
24 25 0.68
25 41 0.0012
26 1 0.52
2 26 0.26
26 3 0.2
26 4 0.5
26 5 0.17
26 6 0.28
26 7 0.14
8 26 0.35
26 9 0.55
26 10 0.54
26 11 0.45
12 26 0.44
13 26 0.48
26 14 0.24
15 26 0.15
16 26 0.18
26 17 0.33
18 26 0.4
26 19 0.24
20 26 0.24
21 26 0.57
22 26 0.47
26 23 0.1
26 24 0.66
26 25 0.37
26 41 0.0018
27 1 0.55
2 27 0.36
27 3 0.24
27 4 0.36
27 5 0.21
27 6 0.17
27 7 0.21
27 8 0.38
27 9 0.39
27 10 0.47
27 11 0.55
12 27 0.72
13 27 0.71
27 14 0.15
15 27 0.14
16 27 0.17
27 17 0.33
18 27 0.24
27 19 0.15
27 20 0.44
21 27 0.69
27 22 0.53
27 23 0.36
27 24 0.49
27 25 0.39
27 26 0.61
27 41 0.0017
1 28 0.55
2 28 0.14
3 28 0.17
4 28 0.17
28 5 0.58
6 28 0.24
7 28 0.12
8 28 0.24
9 28 0.15
10 28 0.26
11 28 0.55
12 28 0.26
13 28 0.35
28 14 0.41
15 28 0.13
16 28 0.15
28 17 0.73
18 28 0.17
28 19 0.41
20 28 0.41
21 28 0.44
22 28 0.23
28 23 0.67
24 28 0.37
25 28 0.31
26 28 0.3
27 28 0.36
28 41 0.0040
29 1 0.24
2 29 0.08
29 8 0.39
29 11 0.12
12 29 0.24
13 29 0.19
29 17 0.4
29 20 0.3
21 29 0.24
29 23 0.18
29 26 0.11
29 27 0.26
29 28 0.18
29 41 8.0E-4
30 1 0.32
2 30 0.16
30 5 0.43
30 7 0.09
30 8 0.52
30 10 0.1
30 11 0.24
12 30 0.35
13 30 0.3
15 30 0.38
16 30 0.11
30 17 0.54
18 30 0.12
30 19 0.3
30 20 0.3
21 30 0.38
30 23 0.37
30 24 0.18
30 26 0.22
30 27 0.36
30 28 0.37
30 29 0.67
30 41 0.0020
31 1 0.73
2 31 0.17
31 3 0.4
31 4 0.48
31 5 0.28
31 6 0.11
31 7 0.45
8 31 0.17
31 9 0.52
31 10 0.62
31 11 0.73
12 31 0.54
13 31 0.67
31 14 0.2
15 31 0.06
16 31 0.07
31 17 0.44
18 31 0.08
31 19 0.2
20 31 0.26
21 31 0.56
22 31 0.54
31 23 0.48
31 24 0.59
31 25 0.52
26 31 0.43
27 31 0.61
31 28 0.48
29 31 0.18
30 31 0.24
31 41 0.0026
32 1 0.71
2 32 0.07
3 32 0.15
32 4 0.93
32 6 0.22
7 32 0.11
32 9 1.0
32 10 0.84
32 11 0.71
12 32 0.28
13 32 0.27
32 14 0.38
32 17 0.17
20 32 0.13
21 32 0.48
22 32 0.73
32 24 0.8
32 25 0.71
26 32 0.55
27 32 0.39
32 28 0.15
31 32 0.52
32 41 0.0012
33 1 0.12
2 33 0.35
33 3 0.53
33 4 0.18
33 6 0.13
33 7 0.57
8 33 0.13
33 9 0.16
33 10 0.14
33 11 0.12
12 33 0.49
13 33 0.46
33 14 0.22
15 33 0.07
33 17 0.1
20 33 0.07
21 33 0.16
22 33 0.12
33 24 0.2
33 25 0.16
26 33 0.16
27 33 0.45
33 28 0.09
33 31 0.56
33 32 0.16
33 41 4.0E-4
34 1 0.27
2 34 0.09
34 5 0.35
34 8 0.58
34 10 0.16
34 11 0.13
12 34 0.21
13 34 0.14
15 34 0.16
16 34 0.19
34 17 0.45
18 34 0.2
34 19 0.5
34 20 0.33
21 34 0.18
34 23 0.2
34 24 0.15
34 26 0.24
34 27 0.22
34 28 0.41
34 29 0.67
34 30 0.6
34 31 0.2
34 41 0.0015
35 1 0.19
35 2 0.19
35 3 0.14
35 4 0.29
35 6 0.2
35 7 0.1
35 9 0.27
35 10 0.22
35 11 0.28
35 12 0.3
35 13 0.3
35 14 0.35
35 15 0.22
35 16 0.27
35 17 0.16
35 18 0.14
35 20 0.24
35 21 0.38
35 22 0.29
35 23 0.14
35 24 0.32
35 25 0.4
35 26 0.09
35 27 0.21
35 28 0.29
35 31 0.21
35 32 0.27
35 33 0.23
35 41 8.0E-4
36 1 0.76
2 36 0.06
36 4 0.65
36 5 0.22
8 36 0.09
36 9 0.72
36 10 0.9
36 11 0.85
12 36 0.34
13 36 0.36
15 36 0.1
16 36 0.12
36 17 0.14
18 36 0.13
36 19 0.32
20 36 0.21
21 36 0.57
22 36 0.79
36 23 0.39
36 24 0.76
36 25 0.72
26 36 0.46
27 36 0.47
36 28 0.26
30 36 0.1
31 36 0.62
36 32 0.72
33 36 0.07
34 36 0.16
35 36 0.22
36 41 0.0012
1 37 0.38
2 37 0.13
3 37 0.29
4 37 0.29
37 5 0.5
6 37 0.41
7 37 0.2
9 37 0.27
10 37 0.22
11 37 0.38
12 37 0.15
13 37 0.2
37 14 0.71
17 37 0.63
20 37 0.24
21 37 0.25
22 37 0.2
23 37 0.29
24 37 0.21
25 37 0.27
26 37 0.17
27 37 0.21
28 37 0.58
30 37 0.21
31 37 0.28
32 37 0.27
33 37 0.15
35 37 0.25
41 37 0.0027
1 38 0.51
4 38 0.31
38 5 0.27
8 38 0.11
9 38 0.29
10 38 0.6
11 38 0.51
12 38 0.28
13 38 0.27
15 38 0.12
16 38 0.14
17 38 0.17
18 38 0.15
38 19 0.38
20 38 0.13
21 38 0.34
22 38 0.42
38 23 0.31
24 38 0.34
25 38 0.29
26 38 0.28
27 38 0.28
28 38 0.15
30 38 0.11
31 38 0.37
32 38 0.29
34 38 0.19
36 38 0.6
38 41 0.0011
1 39 0.46
39 5 0.41
8 39 0.17
10 39 0.55
11 39 0.46
12 39 0.18
13 39 0.24
15 39 0.18
16 39 0.22
17 39 0.26
18 39 0.24
39 19 0.58
20 39 0.19
21 39 0.31
22 39 0.32
39 23 0.47
24 39 0.17
25 39 0.22
26 39 0.14
27 39 0.26
28 39 0.24
30 39 0.17
31 39 0.34
34 39 0.29
36 39 0.55
39 38 0.65
39 41 0.0018
1 40 0.71
4 40 0.15
40 5 0.53
8 40 0.22
9 40 0.14
10 40 0.48
11 40 0.61
12 40 0.28
13 40 0.37
15 40 0.12
16 40 0.14
40 17 0.51
18 40 0.15
40 19 0.38
20 40 0.25
21 40 0.48
22 40 0.31
40 23 0.62
24 40 0.23
40 25 0.29
26 40 0.28
27 40 0.39
40 28 0.62
29 40 0.17
30 40 0.34
31 40 0.52
32 40 0.14
34 40 0.38
36 40 0.48
40 37 0.27
40 38 0.43
40 39 0.65
40 41 0.0015
