*Vertices  20
1 "光纤"
2 "传感器"
3 "PD"
4 "牙结石"
5 "LED"
6 "二极管"
7 "玻璃"
8 "塑料"
9 "光电转换器件"
10 "转换器"
11 "滤光片"
12 "光谱仪"
13 "半导体"
14 "荧光光谱"
15 "光电池"
16 "激光"
17 "透镜"
18 "聚光帽"
19 "激发光"
20 "光纤耦合"
*Arcs
1 20 0.0199
2 1 0.33
2 20 0.0030
3 1 0.58
3 2 0.58
3 20 0.0075
1 4 0.5
20 4 0.0136
5 1 0.21
5 2 0.32
5 3 0.18
5 4 0.11
5 20 0.0015
6 1 0.21
6 2 0.09
6 3 0.16
6 4 0.14
6 5 0.75
6 20 0.0020
7 1 0.32
7 2 0.21
7 3 0.37
7 5 0.34
7 6 0.22
7 20 0.0026
8 1 0.38
8 2 0.25
8 3 0.44
8 5 0.28
8 6 0.37
8 7 0.48
8 20 0.0039
9 1 0.71
9 2 0.47
9 3 0.82
5 9 0.15
6 9 0.2
7 9 0.45
8 9 0.53
9 20 0.0106
10 1 0.38
10 2 0.38
10 3 0.44
5 10 0.28
6 10 0.21
7 10 0.24
8 10 0.43
10 9 0.53
10 20 0.0037
11 1 0.71
11 2 0.24
11 3 0.41
11 4 0.71
5 11 0.15
6 11 0.2
7 11 0.22
8 11 0.27
11 9 0.5
10 11 0.27
11 20 0.0112
12 1 0.35
12 4 0.71
5 12 0.15
6 12 0.1
12 11 0.5
12 20 0.0094
13 1 0.09
13 2 0.12
13 3 0.1
13 5 0.59
13 6 0.64
13 7 0.23
13 8 0.27
13 9 0.13
13 10 0.14
13 20 8.0E-4
14 1 0.35
14 4 0.71
5 14 0.15
6 14 0.1
14 11 0.5
14 12 1.0
14 20 0.0094
15 1 0.5
15 2 0.5
15 3 0.58
5 15 0.21
6 15 0.21
7 15 0.32
8 15 0.38
15 9 0.71
10 15 0.38
15 11 0.35
13 15 0.18
15 20 0.0059
16 1 0.35
16 2 0.24
16 3 0.2
16 4 0.35
16 5 0.3
16 6 0.3
16 7 0.22
16 8 0.27
16 9 0.25
16 10 0.13
16 11 0.25
16 12 0.25
16 13 0.38
16 14 0.25
16 15 0.18
16 20 0.0090
17 1 0.32
17 2 0.11
17 3 0.18
17 4 0.32
17 5 0.34
17 6 0.36
17 7 0.2
17 8 0.48
17 9 0.22
17 10 0.24
17 11 0.22
17 12 0.22
17 13 0.23
17 14 0.22
17 15 0.32
17 16 0.34
17 20 0.0077
1 18 0.5
2 18 0.33
3 18 0.58
5 18 0.11
6 18 0.14
7 18 0.32
8 18 0.38
9 18 0.71
10 18 0.38
13 18 0.18
15 18 0.5
16 18 0.35
17 18 0.32
18 20 0.0132
19 1 0.38
19 2 0.13
19 3 0.22
19 4 0.38
5 19 0.28
6 19 0.32
7 19 0.24
8 19 0.43
19 9 0.27
19 10 0.29
19 11 0.53
19 12 0.53
13 19 0.2
19 14 0.53
19 15 0.19
16 19 0.13
17 19 0.36
19 20 0.0045
