*Vertices  32
1 "探头"
2 "传感器"
3 "控制器"
4 "处理器"
5 "PD"
6 "牙结石"
7 "光纤耦合"
8 "LED"
9 "二极管"
10 "玻璃"
11 "塑料"
12 "光电转换器件"
13 "转换器"
14 "探针"
15 "滤光片"
16 "光谱仪"
17 "半导体"
18 "键合"
19 "荧光光谱"
20 "码道"
21 "太阳能"
22 "太阳能电池板"
23 "充电电池"
24 "光电池"
25 "充电器"
26 "激光"
27 "透镜"
28 "聚光帽"
29 "激发光"
30 "发光管"
31 "光电管"
32 "光纤"
*Arcs
1 32 0.0065
2 1 0.38
2 32 0.0023
3 1 0.22
3 32 9.0E-4
4 1 0.37
4 2 0.21
4 3 0.48
4 32 8.0E-4
5 1 0.33
5 2 0.58
4 5 0.18
5 32 0.0057
32 6 0.0034
2 7 0.24
5 7 0.41
7 6 0.71
32 7 0.0079
8 1 0.18
8 2 0.32
8 3 0.28
8 4 0.34
8 5 0.18
8 6 0.11
8 7 0.15
8 32 0.0014
9 1 0.08
9 2 0.09
9 3 0.16
9 4 0.04
9 5 0.16
9 6 0.14
9 7 0.2
9 8 0.75
9 32 0.0011
10 1 0.18
10 2 0.21
10 4 0.3
10 5 0.37
10 7 0.22
10 8 0.34
10 9 0.22
10 32 0.0021
11 1 0.22
11 2 0.25
11 3 0.14
11 4 0.12
11 5 0.44
11 7 0.27
11 8 0.28
11 9 0.37
11 10 0.48
11 32 0.0029
12 1 0.41
12 2 0.47
12 5 0.82
12 7 0.5
8 12 0.15
9 12 0.2
10 12 0.45
11 12 0.53
12 32 0.0081
13 1 0.22
13 2 0.38
13 3 0.29
4 13 0.12
13 5 0.44
13 7 0.27
8 13 0.28
9 13 0.21
10 13 0.24
11 13 0.43
13 12 0.53
13 32 0.0028
14 1 0.41
14 2 0.24
14 5 0.41
8 14 0.15
9 14 0.2
10 14 0.22
11 14 0.27
14 12 0.5
13 14 0.27
14 32 0.0020
15 1 0.41
15 2 0.24
15 5 0.41
15 6 0.71
15 7 0.5
8 15 0.15
9 15 0.2
10 15 0.22
11 15 0.27
15 12 0.5
13 15 0.27
15 14 0.5
15 32 0.0078
16 6 0.71
16 7 0.5
8 16 0.15
9 16 0.1
16 15 0.5
16 32 0.0023
17 1 0.1
17 2 0.12
17 4 0.11
17 5 0.1
17 7 0.13
17 8 0.59
17 9 0.64
17 10 0.23
17 11 0.27
17 12 0.13
17 13 0.14
17 14 0.13
17 32 3.0E-4
18 1 0.24
18 2 0.14
18 5 0.24
8 18 0.26
9 18 0.29
10 18 0.13
11 18 0.15
18 12 0.29
13 18 0.15
18 14 0.29
18 15 0.29
17 18 0.29
18 32 8.0E-4
19 6 0.71
19 7 0.5
8 19 0.15
9 19 0.1
19 15 0.5
19 16 1.0
19 32 0.0023
1 20 0.58
3 20 0.38
4 20 0.32
8 20 0.11
32 20 0.0045
1 21 0.33
3 21 0.44
4 21 0.18
8 21 0.18
9 21 0.16
17 21 0.1
21 20 0.58
32 21 0.0018
1 22 0.58
3 22 0.38
4 22 0.32
8 22 0.11
22 20 1.0
22 21 0.58
32 22 0.0045
1 23 0.41
3 23 0.27
4 23 0.22
8 23 0.15
23 20 0.71
23 21 0.41
23 22 0.71
32 23 0.0024
24 1 0.58
24 2 0.5
4 24 0.16
24 5 0.58
24 7 0.35
8 24 0.21
9 24 0.21
10 24 0.32
11 24 0.38
24 12 0.71
13 24 0.38
24 14 0.35
24 15 0.35
17 24 0.18
18 24 0.2
24 32 0.0047
25 1 0.26
25 3 0.17
4 25 0.14
8 25 0.24
9 25 0.25
25 20 0.45
25 21 0.26
25 22 0.45
25 23 0.32
25 32 0.0010
26 2 0.24
26 4 0.11
26 5 0.2
26 6 0.35
26 7 0.5
26 8 0.3
26 9 0.3
26 10 0.22
26 11 0.27
26 12 0.25
26 13 0.13
26 15 0.25
26 16 0.25
26 17 0.38
26 18 0.14
26 19 0.25
26 24 0.18
26 32 0.0024
27 2 0.11
27 4 0.1
27 5 0.18
27 6 0.32
27 7 0.45
27 8 0.34
27 9 0.36
27 10 0.2
27 11 0.48
27 12 0.22
27 13 0.24
27 15 0.22
27 16 0.22
27 17 0.23
27 19 0.22
27 24 0.32
27 26 0.34
27 32 0.0021
2 28 0.33
5 28 0.58
28 7 0.71
8 28 0.11
9 28 0.14
10 28 0.32
11 28 0.38
12 28 0.71
13 28 0.38
17 28 0.18
24 28 0.5
26 28 0.35
27 28 0.32
32 28 0.0038
29 1 0.22
29 2 0.13
29 5 0.22
29 6 0.38
29 7 0.27
8 29 0.28
9 29 0.32
10 29 0.24
11 29 0.43
29 12 0.27
29 13 0.29
29 14 0.27
29 15 0.53
29 16 0.53
17 29 0.2
29 18 0.15
29 19 0.53
29 24 0.19
26 29 0.13
27 29 0.36
29 32 0.0029
1 30 0.41
3 30 0.27
4 30 0.22
8 30 0.15
10 30 0.22
30 20 0.71
30 21 0.41
30 22 0.71
30 23 0.5
25 30 0.32
32 30 0.0025
1 31 0.58
3 31 0.38
4 31 0.32
8 31 0.11
31 20 1.0
31 21 0.58
31 22 1.0
31 23 0.71
25 31 0.45
31 30 0.71
32 31 0.0045
