*Vertices  20
1 "光纤"
2 "探头"
3 "传感器"
4 "PD"
5 "光纤耦合"
6 "LED"
7 "二极管"
8 "玻璃"
9 "塑料"
10 "转换器"
11 "探针"
12 "滤光片"
13 "半导体"
14 "键合"
15 "光电池"
16 "激光"
17 "透镜"
18 "聚光帽"
19 "激发光"
20 "光电转换器件"
*Arcs
20 1 0.0168
2 1 0.58
20 2 0.0056
3 1 0.33
3 2 0.38
20 3 0.0077
4 1 0.58
4 2 0.33
4 3 0.58
20 4 0.0189
1 5 0.71
3 5 0.24
4 5 0.41
20 5 0.0088
6 1 0.21
6 2 0.18
6 3 0.32
6 4 0.18
6 5 0.15
6 20 0.0014
7 1 0.21
7 2 0.08
7 3 0.09
7 4 0.16
7 5 0.2
7 6 0.75
7 20 0.0019
8 1 0.32
8 2 0.18
8 3 0.21
8 4 0.37
8 5 0.22
8 6 0.34
8 7 0.22
8 20 0.0065
9 1 0.38
9 2 0.22
9 3 0.25
9 4 0.44
9 5 0.27
9 6 0.28
9 7 0.37
9 8 0.48
9 20 0.0092
10 1 0.38
10 2 0.22
10 3 0.38
10 4 0.44
10 5 0.27
6 10 0.28
7 10 0.21
8 10 0.24
9 10 0.43
10 20 0.0090
11 1 0.35
11 2 0.41
11 3 0.24
11 4 0.41
6 11 0.15
7 11 0.2
8 11 0.22
9 11 0.27
10 11 0.27
11 20 0.0066
12 1 0.71
12 2 0.41
12 3 0.24
12 4 0.41
12 5 0.5
6 12 0.15
7 12 0.2
8 12 0.22
9 12 0.27
10 12 0.27
12 11 0.5
12 20 0.0082
13 1 0.09
13 2 0.1
13 3 0.12
13 4 0.1
13 5 0.13
13 6 0.59
13 7 0.64
13 8 0.23
13 9 0.27
13 10 0.14
13 11 0.13
13 20 9.0E-4
14 1 0.2
14 2 0.24
14 3 0.14
14 4 0.24
6 14 0.26
7 14 0.29
8 14 0.13
9 14 0.15
10 14 0.15
14 11 0.29
14 12 0.29
13 14 0.29
14 20 0.0026
15 1 0.5
15 2 0.58
15 3 0.5
15 4 0.58
15 5 0.35
6 15 0.21
7 15 0.21
8 15 0.32
9 15 0.38
10 15 0.38
15 11 0.35
15 12 0.35
13 15 0.18
14 15 0.2
15 20 0.0153
16 1 0.35
16 3 0.24
16 4 0.2
16 5 0.5
16 6 0.3
16 7 0.3
16 8 0.22
16 9 0.27
16 10 0.13
16 12 0.25
16 13 0.38
16 14 0.14
16 15 0.18
16 20 0.0028
17 1 0.32
17 3 0.11
17 4 0.18
17 5 0.45
17 6 0.34
17 7 0.36
17 8 0.2
17 9 0.48
17 10 0.24
17 12 0.22
17 13 0.23
17 15 0.32
17 16 0.34
17 20 0.0024
1 18 0.5
3 18 0.33
4 18 0.58
18 5 0.71
6 18 0.11
7 18 0.14
8 18 0.32
9 18 0.38
10 18 0.38
13 18 0.18
15 18 0.5
16 18 0.35
17 18 0.32
20 18 0.0126
19 1 0.38
19 2 0.22
19 3 0.13
19 4 0.22
19 5 0.27
6 19 0.28
7 19 0.32
8 19 0.24
9 19 0.43
19 10 0.29
19 11 0.27
19 12 0.53
13 19 0.2
19 14 0.15
19 15 0.19
16 19 0.13
17 19 0.36
19 20 0.0030
