*Vertices  12
1 "电容"
2 "控制器"
3 "触发脉冲"
4 "LED"
5 "二极管"
6 "三极管"
7 "转换器"
8 "芯片"
9 "继电器"
10 "电极"
11 "电阻"
12 "光电耦合器"
*Arcs
1 12 0.016
1 2 0.11
2 12 0.0196
1 3 0.3
2 3 0.38
12 3 0.0862
4 1 0.35
4 2 0.28
4 3 0.11
4 12 0.0031
5 1 0.34
5 2 0.16
5 3 0.14
5 4 0.75
5 12 0.0043
6 1 0.61
6 2 0.11
6 3 0.29
4 6 0.37
5 6 0.45
6 12 0.0145
1 7 0.23
7 2 0.29
7 3 0.38
4 7 0.28
5 7 0.21
6 7 0.11
7 12 0.0201
8 1 0.36
8 2 0.11
8 3 0.15
4 8 0.72
5 8 0.71
8 6 0.3
8 7 0.22
8 12 0.0044
1 9 0.6
9 2 0.19
9 3 0.5
4 9 0.21
5 9 0.21
6 9 0.43
9 7 0.19
8 9 0.15
9 12 0.0348
1 10 0.35
10 2 0.07
10 3 0.2
4 10 0.54
5 10 0.67
6 10 0.62
10 7 0.07
8 10 0.61
10 9 0.29
10 12 0.0076
11 1 0.66
11 2 0.08
11 3 0.22
4 11 0.49
5 11 0.46
11 6 0.76
11 7 0.25
8 11 0.45
11 9 0.44
11 10 0.56
11 12 0.0101
