*Vertices  30
1 "光纤"
2 "探头"
3 "传感器"
4 "处理器"
5 "波长检测器"
6 "PD"
7 "光纤耦合"
8 "LED"
9 "二极管"
10 "玻璃"
11 "LED光源"
12 "塑料"
13 "光电转换器件"
14 "转换器"
15 "探针"
16 "滤光片"
17 "液相色谱仪"
18 "半导体"
19 "键合"
20 "客户"
21 "蓄电池"
22 "存储器"
23 "激光"
24 "检测池"
25 "检测仪"
26 "半透半反镜"
27 "透镜"
28 "聚光帽"
29 "激发光"
30 "光电池"
*Arcs
30 1 0.0062
2 1 0.58
30 2 0.0057
3 1 0.33
3 2 0.38
30 3 0.0053
4 1 0.16
4 2 0.37
4 3 0.21
4 30 6.0E-4
30 5 0.0066
6 1 0.58
6 2 0.33
6 3 0.58
4 6 0.18
30 6 0.0070
1 7 0.71
3 7 0.24
6 7 0.41
30 7 0.0031
8 1 0.21
8 2 0.18
8 3 0.32
8 4 0.34
8 5 0.11
8 6 0.18
8 7 0.15
8 30 0.0017
9 1 0.21
9 2 0.08
9 3 0.09
9 4 0.04
9 5 0.14
9 6 0.16
9 7 0.2
9 8 0.75
9 30 0.0016
10 1 0.32
10 2 0.18
10 3 0.21
10 4 0.3
10 6 0.37
10 7 0.22
10 8 0.34
10 9 0.22
10 30 0.0024
11 2 0.16
11 3 0.09
11 4 0.18
11 5 0.28
11 8 0.38
11 9 0.27
11 10 0.18
11 30 0.0019
12 1 0.38
12 2 0.22
12 3 0.25
12 4 0.12
12 6 0.44
12 7 0.27
12 8 0.28
12 9 0.37
12 10 0.48
12 11 0.1
12 30 0.0035
13 1 0.71
13 2 0.41
13 3 0.47
13 6 0.82
13 7 0.5
8 13 0.15
9 13 0.2
10 13 0.45
12 13 0.53
30 13 0.0096
14 1 0.38
14 2 0.22
14 3 0.38
4 14 0.12
14 6 0.44
14 7 0.27
8 14 0.28
9 14 0.21
10 14 0.24
12 14 0.43
14 13 0.53
14 30 0.0037
15 1 0.35
15 2 0.41
15 3 0.24
15 6 0.41
8 15 0.15
9 15 0.2
10 15 0.22
12 15 0.27
15 13 0.5
14 15 0.27
30 15 0.0024
16 1 0.71
16 2 0.41
16 3 0.24
16 6 0.41
16 7 0.5
8 16 0.15
9 16 0.2
10 16 0.22
12 16 0.27
16 13 0.5
14 16 0.27
16 15 0.5
30 16 0.0030
17 5 1.0
8 17 0.11
9 17 0.14
11 17 0.28
30 17 0.0066
18 1 0.09
18 2 0.1
18 3 0.12
18 4 0.11
18 6 0.1
18 7 0.13
18 8 0.59
18 9 0.64
18 10 0.23
18 11 0.3
18 12 0.27
18 13 0.13
18 14 0.14
18 15 0.13
18 30 8.0E-4
19 1 0.2
19 2 0.24
19 3 0.14
19 6 0.24
8 19 0.26
9 19 0.29
10 19 0.13
12 19 0.15
19 13 0.29
14 19 0.15
19 15 0.29
19 16 0.29
18 19 0.29
19 30 9.0E-4
20 2 0.33
20 3 0.19
4 20 0.37
8 20 0.18
9 20 0.08
11 20 0.16
12 20 0.22
14 20 0.22
18 20 0.21
20 30 0.0013
21 2 0.26
21 3 0.15
4 21 0.14
8 21 0.24
9 21 0.19
11 21 0.12
18 21 0.08
21 20 0.26
21 30 7.0E-4
22 2 0.29
22 3 0.5
4 22 0.47
22 6 0.29
8 22 0.21
11 22 0.14
14 22 0.38
18 22 0.09
20 22 0.29
21 22 0.22
22 30 0.0013
23 1 0.35
23 3 0.24
23 4 0.11
23 6 0.2
23 7 0.5
23 8 0.3
23 9 0.3
23 10 0.22
23 11 0.1
23 12 0.27
23 13 0.25
23 14 0.13
23 16 0.25
23 18 0.38
23 19 0.14
23 30 0.0010
24 5 1.0
8 24 0.11
9 24 0.14
11 24 0.28
24 17 1.0
30 24 0.0066
2 25 0.41
3 25 0.47
4 25 0.22
8 25 0.15
11 25 0.2
14 25 0.27
18 25 0.13
20 25 0.41
21 25 0.32
22 25 0.71
30 25 0.0018
26 5 1.0
8 26 0.11
9 26 0.14
11 26 0.28
26 17 1.0
26 24 1.0
30 26 0.0066
27 1 0.32
27 3 0.11
27 4 0.1
27 5 0.32
27 6 0.18
27 7 0.45
27 8 0.34
27 9 0.36
27 10 0.2
27 11 0.26
27 12 0.48
27 13 0.22
27 14 0.24
27 16 0.22
27 17 0.32
27 18 0.23
27 20 0.18
27 23 0.34
27 24 0.32
27 26 0.32
27 30 0.0034
1 28 0.5
3 28 0.33
6 28 0.58
28 7 0.71
8 28 0.11
9 28 0.14
10 28 0.32
12 28 0.38
13 28 0.71
14 28 0.38
18 28 0.18
23 28 0.35
27 28 0.32
30 28 0.0045
29 1 0.38
29 2 0.22
29 3 0.13
29 6 0.22
29 7 0.27
8 29 0.28
9 29 0.32
10 29 0.24
11 29 0.1
12 29 0.43
29 13 0.27
29 14 0.29
29 15 0.27
29 16 0.53
18 29 0.2
29 19 0.15
29 20 0.22
23 29 0.13
27 29 0.36
29 30 0.0012
