*Vertices  12
1 "光纤"
2 "探头"
3 "控制器"
4 "处理器"
5 "LED"
6 "码道"
7 "太阳能"
8 "太阳能电池板"
9 "充电电池"
10 "充电器"
11 "发光管"
12 "光电管"
*Arcs
1 12 0.0163
2 1 0.58
2 12 0.0214
3 1 0.19
3 2 0.22
3 12 0.0098
4 1 0.16
4 2 0.37
4 3 0.48
4 12 0.0070
5 1 0.21
5 2 0.18
5 3 0.28
5 4 0.34
5 12 0.0014
1 6 0.5
2 6 0.58
3 6 0.38
4 6 0.32
5 6 0.11
12 6 0.0523
1 7 0.29
2 7 0.33
3 7 0.44
4 7 0.18
5 7 0.18
7 6 0.58
12 7 0.021
1 8 0.5
2 8 0.58
3 8 0.38
4 8 0.32
5 8 0.11
8 6 1.0
8 7 0.58
12 8 0.0523
1 9 0.35
2 9 0.41
3 9 0.27
4 9 0.22
5 9 0.15
9 6 0.71
9 7 0.41
9 8 0.71
12 9 0.0288
10 1 0.22
10 2 0.26
10 3 0.17
4 10 0.14
5 10 0.24
10 6 0.45
10 7 0.26
10 8 0.45
10 9 0.32
10 12 0.0126
1 11 0.35
2 11 0.41
3 11 0.27
4 11 0.22
5 11 0.15
11 6 0.71
11 7 0.41
11 8 0.71
11 9 0.5
10 11 0.32
12 11 0.0296
