*Vertices  27
1 "LED灯"
2 "光纤"
3 "发光荧光材料"
4 "硼酸"
5 "牙结石"
6 "光纤耦合"
7 "EP"
8 "LED"
9 "二极管"
10 "滤光片"
11 "SiO2"
12 "荧光光谱"
13 "芯片"
14 "酸盐"
15 "SrCO3"
16 "Eu2O3"
17 "硝酸"
18 "Eu2"
19 "去离子水"
20 "Li"
21 "离子"
22 "基色"
23 "丙酮"
24 "激光"
25 "透镜"
26 "激发光"
27 "光谱仪"
*Arcs
1 27 5.0E-4
27 2 0.0039
3 1 0.27
3 27 0.0018
1 4 0.13
3 4 0.43
27 4 0.0063
2 5 0.5
27 5 0.0098
2 6 0.71
6 5 0.71
27 6 0.0064
1 7 0.2
3 7 0.35
7 4 0.41
27 7 0.0017
8 1 0.6
8 2 0.21
8 3 0.35
8 4 0.15
8 5 0.11
8 6 0.15
8 7 0.37
8 27 0.0011
9 1 0.3
9 2 0.21
9 3 0.43
9 4 0.1
9 5 0.14
9 6 0.2
9 7 0.24
9 8 0.75
9 27 7.0E-4
10 2 0.71
10 5 0.71
10 6 0.5
8 10 0.15
9 10 0.2
27 10 0.0064
1 11 0.24
3 11 0.7
11 4 0.24
11 7 0.38
8 11 0.32
9 11 0.38
11 27 0.0020
1 12 0.13
12 2 0.35
3 12 0.21
12 4 0.5
12 5 0.71
12 6 0.5
12 7 0.2
8 12 0.15
9 12 0.1
12 10 0.5
12 11 0.24
12 27 0.0211
1 13 0.36
3 13 0.44
13 4 0.21
13 7 0.38
8 13 0.72
9 13 0.71
13 11 0.44
13 12 0.1
13 27 5.0E-4
1 14 0.14
3 14 0.62
14 4 0.58
14 7 0.35
8 14 0.26
9 14 0.29
14 11 0.54
14 12 0.29
14 13 0.36
14 27 0.0028
1 15 0.13
3 15 0.43
15 4 0.5
15 7 0.41
8 15 0.15
9 15 0.1
15 11 0.47
15 12 0.5
15 13 0.21
15 14 0.29
15 27 0.0061
1 16 0.13
3 16 0.43
16 4 0.5
16 7 0.41
8 16 0.15
9 16 0.1
16 11 0.47
16 12 0.5
16 13 0.21
16 14 0.29
16 15 1.0
16 27 0.0061
1 17 0.1
3 17 0.52
17 4 0.82
17 7 0.5
8 17 0.18
9 17 0.16
17 11 0.38
17 12 0.41
17 13 0.26
17 14 0.71
17 15 0.41
17 16 0.41
17 27 0.0046
1 18 0.09
3 18 0.6
18 4 0.71
18 7 0.58
8 18 0.21
9 18 0.21
18 11 0.5
18 12 0.35
18 13 0.29
18 14 0.61
18 15 0.71
18 16 0.71
18 17 0.87
18 27 0.0041
1 19 0.08
3 19 0.13
19 4 0.32
19 7 0.39
8 19 0.24
9 19 0.19
19 11 0.3
19 12 0.32
19 13 0.26
19 14 0.37
19 15 0.32
19 16 0.32
19 17 0.26
19 18 0.22
19 27 0.0026
1 20 0.29
3 20 0.4
20 4 0.47
20 7 0.29
8 20 0.32
9 20 0.28
20 11 0.33
20 12 0.24
20 13 0.34
20 14 0.54
20 15 0.24
20 16 0.24
20 17 0.38
20 18 0.33
20 19 0.15
20 27 0.0018
1 21 0.16
3 21 0.27
21 4 0.43
21 7 0.52
8 21 0.35
9 21 0.3
21 11 0.3
21 12 0.21
21 13 0.36
21 14 0.37
21 15 0.43
21 16 0.43
21 17 0.35
21 18 0.45
21 19 0.67
21 20 0.2
21 27 0.0018
1 22 0.09
3 22 0.3
22 4 0.71
22 7 0.29
8 22 0.21
9 22 0.14
22 11 0.17
22 12 0.35
22 13 0.15
22 14 0.41
22 15 0.35
22 16 0.35
22 17 0.58
22 18 0.5
22 19 0.22
22 20 0.33
22 21 0.3
22 27 0.0033
1 23 0.09
3 23 0.15
23 4 0.35
23 7 0.58
8 23 0.21
9 23 0.14
23 11 0.33
23 12 0.35
23 13 0.22
23 14 0.2
23 15 0.35
23 16 0.35
23 17 0.29
23 18 0.25
23 19 0.67
23 20 0.17
23 21 0.6
23 22 0.25
23 27 0.0030
24 1 0.19
24 2 0.35
24 3 0.21
24 5 0.35
24 6 0.5
24 8 0.3
24 9 0.3
24 10 0.25
24 11 0.24
24 12 0.25
24 13 0.21
24 20 0.12
24 27 0.0019
25 1 0.28
25 2 0.32
25 3 0.29
25 5 0.32
25 6 0.45
25 7 0.09
25 8 0.34
25 9 0.36
25 10 0.22
25 11 0.21
25 12 0.22
25 13 0.19
25 14 0.26
25 19 0.14
25 20 0.32
25 21 0.1
25 23 0.16
25 24 0.34
25 27 0.0018
1 26 0.13
26 2 0.38
3 26 0.57
26 4 0.53
26 5 0.38
26 6 0.27
26 7 0.33
8 26 0.28
9 26 0.32
26 10 0.53
26 11 0.5
26 12 0.53
26 13 0.28
26 14 0.62
26 15 0.53
26 16 0.53
26 17 0.44
26 18 0.57
26 19 0.17
26 20 0.5
26 21 0.34
26 22 0.38
26 23 0.19
24 26 0.13
25 26 0.36
26 27 0.0090
