*Vertices  35
1 "显示器"
2 "LED灯"
3 "容器"
4 "处理器"
5 "荧光粉"
6 "发光荧光材料"
7 "柔性高分子材料"
8 "助剂"
9 "LED"
10 "二极管"
11 "玻璃"
12 "LED光源"
13 "塑料"
14 "铝基板"
15 "稀释剂"
16 "荧光体"
17 "发光体"
18 "硅橡胶"
19 "SiO2"
20 "半导体"
21 "电路板"
22 "Al2O3"
23 "LED芯片"
24 "芯片"
25 "酸盐"
26 "硅油"
27 "Li"
28 "激光"
29 "洗墙灯"
30 "射灯"
31 "臭氧"
32 "透镜"
33 "甲基"
34 "激发光"
35 "光膜"
*Arcs
35 1 0.0011
2 1 0.13
35 2 5.0E-4
35 3 0.0042
4 1 0.36
4 2 0.17
4 35 7.0E-4
5 1 0.24
5 2 0.17
5 3 0.22
5 4 0.1
5 35 0.0037
6 1 0.23
6 2 0.27
6 3 0.21
6 4 0.1
6 5 0.57
6 35 0.0034
7 3 0.71
5 7 0.32
6 7 0.3
35 7 0.0078
1 8 0.27
2 8 0.13
8 3 0.5
5 8 0.45
6 8 0.43
8 7 0.71
35 8 0.0047
9 1 0.28
9 2 0.6
9 3 0.15
9 4 0.34
9 5 0.34
9 6 0.35
9 7 0.11
9 8 0.15
9 35 8.0E-4
10 1 0.11
10 2 0.3
10 3 0.2
10 4 0.04
10 5 0.36
10 6 0.43
10 7 0.14
10 8 0.2
10 9 0.75
10 35 0.0010
11 1 0.12
11 2 0.28
11 4 0.3
11 5 0.2
11 6 0.19
11 9 0.34
11 10 0.22
11 35 9.0E-4
12 1 0.1
12 2 0.44
12 4 0.18
12 5 0.26
12 6 0.17
12 9 0.38
12 10 0.27
12 11 0.18
12 35 7.0E-4
13 1 0.29
13 2 0.13
13 3 0.27
13 4 0.12
13 5 0.36
13 6 0.34
13 7 0.38
13 8 0.53
13 9 0.28
13 10 0.37
13 11 0.48
13 12 0.1
13 35 0.0047
14 1 0.15
14 2 0.29
14 4 0.13
14 5 0.26
14 6 0.12
14 9 0.26
14 10 0.23
14 11 0.26
14 12 0.34
14 13 0.31
14 35 0.0012
15 3 0.71
5 15 0.32
6 15 0.3
15 7 1.0
15 8 0.71
9 15 0.11
10 15 0.14
13 15 0.38
35 15 0.0078
16 3 0.41
5 16 0.55
6 16 0.52
16 7 0.58
16 8 0.41
9 16 0.18
10 16 0.24
11 16 0.18
12 16 0.16
13 16 0.22
16 15 0.58
35 16 0.0033
17 1 0.17
17 2 0.24
17 4 0.14
17 5 0.28
17 6 0.27
17 9 0.24
17 10 0.25
17 11 0.14
17 12 0.37
17 13 0.17
17 14 0.18
17 16 0.26
17 35 0.0015
18 3 0.71
5 18 0.32
6 18 0.3
18 7 1.0
18 8 0.71
9 18 0.11
10 18 0.14
13 18 0.38
18 15 1.0
18 16 0.58
35 18 0.0078
1 19 0.13
2 19 0.24
19 3 0.47
5 19 0.42
6 19 0.7
19 7 0.33
19 8 0.47
9 19 0.32
10 19 0.38
13 19 0.25
19 15 0.33
19 16 0.38
17 19 0.15
19 18 0.33
35 19 0.0015
20 1 0.14
20 2 0.29
20 3 0.13
20 4 0.11
20 5 0.34
20 6 0.43
20 8 0.13
20 9 0.59
20 10 0.64
20 11 0.23
20 12 0.3
20 13 0.27
20 14 0.22
20 16 0.21
20 17 0.16
20 19 0.42
20 35 5.0E-4
21 1 0.15
21 2 0.43
21 4 0.13
21 5 0.13
21 6 0.12
21 9 0.26
21 10 0.06
21 11 0.39
21 12 0.11
21 13 0.15
21 14 0.17
21 17 0.37
21 20 0.15
21 35 0.0012
1 22 0.1
2 22 0.15
22 3 0.2
5 22 0.35
6 22 0.5
22 7 0.28
22 8 0.39
9 22 0.38
10 22 0.43
13 22 0.21
22 15 0.28
22 16 0.16
22 18 0.28
19 22 0.55
20 22 0.6
35 22 0.0010
2 23 0.26
23 3 0.34
5 23 0.23
6 23 0.15
23 7 0.24
23 8 0.17
9 23 0.44
10 23 0.48
11 23 0.15
12 23 0.2
13 23 0.18
14 23 0.4
23 15 0.24
23 16 0.28
23 18 0.24
19 23 0.24
20 23 0.57
22 23 0.47
35 23 7.0E-4
1 24 0.22
2 24 0.36
24 3 0.21
4 24 0.05
5 24 0.37
6 24 0.44
24 7 0.15
24 8 0.21
9 24 0.72
10 24 0.71
11 24 0.14
12 24 0.16
13 24 0.17
14 24 0.24
24 15 0.15
24 16 0.26
17 24 0.07
24 18 0.15
24 19 0.44
20 24 0.69
21 24 0.06
24 22 0.53
24 23 0.61
35 24 4.0E-4
1 25 0.15
2 25 0.14
25 3 0.29
5 25 0.52
6 25 0.62
25 7 0.41
25 8 0.58
9 25 0.26
10 25 0.29
11 25 0.13
12 25 0.11
13 25 0.31
25 15 0.41
25 16 0.47
25 18 0.41
25 19 0.54
20 25 0.29
25 22 0.34
25 23 0.2
25 24 0.36
35 25 0.0019
26 3 0.71
5 26 0.32
6 26 0.3
26 7 1.0
26 8 0.71
9 26 0.11
10 26 0.14
13 26 0.38
26 15 1.0
26 16 0.58
26 18 1.0
19 26 0.33
22 26 0.28
23 26 0.24
24 26 0.15
25 26 0.41
35 26 0.0078
1 27 0.13
2 27 0.29
27 3 0.24
4 27 0.11
5 27 0.42
6 27 0.4
27 7 0.33
27 8 0.47
9 27 0.32
10 27 0.28
11 27 0.11
12 27 0.18
13 27 0.25
14 27 0.27
27 15 0.33
27 16 0.38
27 18 0.33
27 19 0.33
20 27 0.3
21 27 0.14
27 22 0.28
27 23 0.32
27 24 0.34
27 25 0.54
27 26 0.33
35 27 0.0014
28 1 0.13
28 2 0.19
28 4 0.11
28 5 0.22
28 6 0.21
28 9 0.3
28 10 0.3
28 11 0.22
28 12 0.1
28 13 0.27
28 14 0.14
28 17 0.16
28 19 0.24
28 20 0.38
28 21 0.14
28 22 0.29
28 23 0.09
28 24 0.21
28 27 0.12
28 35 9.0E-4
29 1 0.38
29 2 0.18
29 4 0.32
29 5 0.32
29 6 0.3
29 9 0.11
29 10 0.14
29 11 0.32
29 12 0.28
29 13 0.38
29 14 0.41
29 17 0.45
29 20 0.18
29 21 0.41
29 28 0.35
29 35 0.0051
30 1 0.27
30 2 0.25
30 4 0.22
30 5 0.22
30 6 0.21
30 9 0.15
30 10 0.1
30 11 0.22
30 12 0.39
30 13 0.27
30 14 0.29
30 17 0.32
30 20 0.25
30 21 0.29
30 28 0.25
30 29 0.71
30 35 0.0029
2 31 0.2
31 3 0.41
5 31 0.18
6 31 0.17
31 7 0.58
31 8 0.41
9 31 0.18
10 31 0.08
11 31 0.37
13 31 0.22
31 15 0.58
31 16 0.33
31 18 0.58
19 31 0.19
21 31 0.24
22 31 0.16
23 31 0.14
24 31 0.09
25 31 0.24
31 26 0.58
27 31 0.19
35 31 0.0029
32 1 0.24
32 2 0.28
32 3 0.22
32 4 0.1
32 5 0.3
32 6 0.29
32 7 0.32
32 8 0.45
32 9 0.34
32 10 0.36
32 11 0.2
32 12 0.26
32 13 0.48
32 14 0.39
32 15 0.32
32 16 0.18
32 17 0.14
32 18 0.32
32 19 0.21
32 20 0.23
32 21 0.13
32 22 0.18
32 23 0.23
32 24 0.19
32 25 0.26
32 26 0.32
32 27 0.32
32 28 0.34
32 29 0.32
32 30 0.22
32 31 0.18
32 35 0.0035
1 33 0.13
2 33 0.06
33 3 0.24
5 33 0.32
6 33 0.2
33 7 0.33
33 8 0.47
9 33 0.32
10 33 0.28
13 33 0.25
33 15 0.33
33 16 0.19
33 18 0.33
19 33 0.22
20 33 0.42
22 33 0.65
23 33 0.4
24 33 0.39
25 33 0.41
33 26 0.33
27 33 0.33
28 33 0.12
33 31 0.19
32 33 0.32
35 33 0.0012
1 34 0.14
2 34 0.13
34 3 0.27
5 34 0.48
6 34 0.57
34 7 0.38
34 8 0.53
9 34 0.28
10 34 0.32
11 34 0.24
12 34 0.1
13 34 0.43
34 15 0.38
34 16 0.65
17 34 0.17
34 18 0.38
34 19 0.5
20 34 0.2
34 22 0.21
34 23 0.18
34 24 0.28
34 25 0.62
34 26 0.38
34 27 0.5
28 34 0.13
34 31 0.22
32 34 0.36
34 33 0.25
35 34 0.0018
