*Vertices  13
1 "LED灯"
2 "发生器"
3 "保护层"
4 "变压器"
5 "LED"
6 "玻璃"
7 "防音壁"
8 "电路板"
9 "涂层"
10 "离子"
11 "臭氧"
12 "发光管"
13 "光触媒"
*Arcs
1 13 0.0097
1 2 0.31
2 13 0.027
1 3 0.2
3 13 0.0123
1 4 0.2
4 2 0.17
4 3 0.17
4 13 0.0026
5 1 0.6
5 2 0.18
5 3 0.18
5 4 0.37
5 13 0.0043
6 1 0.28
6 2 0.37
6 4 0.09
6 5 0.34
6 13 0.0105
1 7 0.18
3 7 0.58
5 7 0.11
13 7 0.0183
8 1 0.43
8 2 0.24
8 4 0.12
8 5 0.26
8 6 0.39
8 13 0.0050
1 9 0.18
9 2 0.29
9 3 0.29
9 4 0.14
5 9 0.21
6 9 0.16
9 7 0.5
8 9 0.2
9 13 0.0294
1 10 0.16
10 2 0.35
10 4 0.09
5 10 0.35
6 10 0.38
8 10 0.12
10 9 0.15
10 13 0.0091
1 11 0.2
11 2 0.67
4 11 0.17
5 11 0.18
6 11 0.37
8 11 0.24
9 11 0.29
10 11 0.35
11 13 0.0297
1 12 0.13
12 2 0.41
4 12 0.2
5 12 0.15
6 12 0.22
8 12 0.29
9 12 0.35
10 12 0.21
11 12 0.41
12 13 0.0128
