*Vertices  26
1 "衬底"
2 "荧光粉"
3 "GAN"
4 "LED外延片"
5 "外延片"
6 "外延"
7 "LED"
8 "二极管"
9 "缓冲层"
10 "半导体"
11 "Al2O3"
12 "MQW"
13 "ESD"
14 "ITO"
15 "LED芯片"
16 "芯片"
17 "Li"
18 "电极"
19 "接触层"
20 "电阻"
21 "激光"
22 "MOCVD"
23 "标准芯片工艺制作"
24 "空穴"
25 "甲基"
26 "内量子效率"
*Arcs
1 26 0.0054
2 1 0.08
2 26 0.0011
3 1 0.65
2 3 0.13
3 26 0.0042
4 1 0.71
2 4 0.12
4 3 0.93
4 26 0.0088
5 1 0.85
2 5 0.1
5 3 0.77
5 4 0.84
5 26 0.0072
6 1 0.93
2 6 0.08
6 3 0.65
6 4 0.71
6 5 0.85
6 26 0.0055
7 1 0.4
7 2 0.34
7 3 0.26
7 4 0.28
7 5 0.34
7 6 0.4
7 26 0.0011
8 1 0.45
8 2 0.36
8 3 0.29
8 4 0.27
8 5 0.36
8 6 0.45
8 7 0.75
8 26 8.0E-4
9 1 0.76
2 9 0.11
9 3 0.72
9 4 0.8
9 5 0.89
9 6 0.76
7 9 0.3
8 9 0.3
9 26 0.0079
10 1 0.67
10 2 0.34
10 3 0.44
10 4 0.48
10 5 0.57
10 6 0.67
10 7 0.59
10 8 0.64
10 9 0.51
10 26 0.0028
11 1 0.67
2 11 0.35
11 3 0.68
11 4 0.73
11 5 0.79
11 6 0.74
7 11 0.38
8 11 0.43
11 9 0.78
10 11 0.6
11 26 0.0058
12 1 0.64
2 12 0.19
12 3 0.74
12 4 0.8
12 5 0.76
12 6 0.73
7 12 0.35
8 12 0.38
12 9 0.64
10 12 0.6
11 12 0.67
12 26 0.0065
13 1 0.53
13 3 0.61
13 4 0.76
13 5 0.63
13 6 0.53
7 13 0.21
8 13 0.14
13 9 0.71
10 13 0.36
11 13 0.55
13 12 0.6
13 26 0.0042
1 14 0.61
2 14 0.12
3 14 0.62
4 14 0.71
5 14 0.72
6 14 0.71
7 14 0.28
8 14 0.27
9 14 0.67
10 14 0.48
11 14 0.73
12 14 0.68
13 14 0.38
14 26 0.0079
15 1 0.52
2 15 0.23
15 3 0.5
15 4 0.55
15 5 0.54
15 6 0.45
7 15 0.44
8 15 0.48
15 9 0.43
10 15 0.57
11 15 0.47
15 12 0.66
15 13 0.49
15 14 0.37
15 26 0.0018
16 1 0.55
2 16 0.37
16 3 0.36
16 4 0.39
16 5 0.47
16 6 0.55
7 16 0.72
8 16 0.71
16 9 0.42
10 16 0.69
16 11 0.53
16 12 0.49
16 13 0.29
16 14 0.39
16 15 0.61
16 26 0.0020
17 1 0.09
2 17 0.42
17 3 0.14
17 4 0.13
17 5 0.11
17 6 0.09
7 17 0.32
8 17 0.28
17 9 0.12
10 17 0.3
17 11 0.28
17 12 0.2
17 14 0.13
17 15 0.32
17 16 0.34
17 26 0.0013
18 1 0.73
2 18 0.06
18 3 0.48
18 4 0.52
18 5 0.62
18 6 0.73
7 18 0.54
8 18 0.67
18 9 0.55
10 18 0.56
11 18 0.54
18 12 0.59
18 13 0.39
18 14 0.52
15 18 0.43
16 18 0.61
17 18 0.07
18 26 0.0032
19 1 0.71
2 19 0.12
19 3 0.93
19 4 1.0
19 5 0.84
19 6 0.71
7 19 0.28
8 19 0.27
19 9 0.8
10 19 0.48
11 19 0.73
19 12 0.8
19 13 0.76
19 14 0.71
15 19 0.55
16 19 0.39
17 19 0.13
18 19 0.52
19 26 0.0088
20 1 0.12
2 20 0.07
20 3 0.18
20 4 0.16
20 5 0.14
20 6 0.12
7 20 0.49
8 20 0.46
20 9 0.08
10 20 0.16
11 20 0.12
20 12 0.2
20 14 0.16
15 20 0.16
16 20 0.45
17 20 0.07
20 18 0.56
20 19 0.16
20 26 6.0E-4
21 1 0.19
21 2 0.22
21 3 0.29
21 4 0.27
21 5 0.22
21 6 0.28
21 7 0.3
21 8 0.3
21 9 0.13
21 10 0.38
21 11 0.29
21 12 0.32
21 14 0.4
21 15 0.09
21 16 0.21
21 17 0.12
21 18 0.21
21 19 0.27
21 20 0.23
21 26 0.0016
22 1 0.76
2 22 0.1
22 3 0.65
22 4 0.72
22 5 0.9
22 6 0.85
7 22 0.34
8 22 0.36
22 9 0.89
10 22 0.57
11 22 0.79
22 12 0.76
22 13 0.63
22 14 0.72
15 22 0.46
16 22 0.47
17 22 0.11
18 22 0.62
22 19 0.72
20 22 0.07
21 22 0.22
22 26 0.0069
23 1 0.6
2 23 0.14
23 3 0.73
23 4 0.85
23 5 0.71
23 6 0.6
7 23 0.24
8 23 0.19
23 9 0.79
10 23 0.4
11 23 0.62
23 12 0.67
23 13 0.67
23 14 0.68
15 23 0.43
16 23 0.33
17 23 0.15
18 23 0.44
23 19 0.85
20 23 0.1
21 23 0.16
23 22 0.71
23 26 0.0102
1 24 0.4
2 24 0.16
3 24 0.61
4 24 0.57
5 24 0.47
6 24 0.4
7 24 0.21
8 24 0.21
9 24 0.53
10 24 0.36
11 24 0.42
12 24 0.6
13 24 0.25
24 14 0.57
15 24 0.36
16 24 0.29
17 24 0.17
18 24 0.39
19 24 0.57
20 24 0.22
21 24 0.18
22 24 0.47
23 24 0.67
24 26 0.0040
25 1 0.45
2 25 0.32
25 3 0.54
25 4 0.63
25 5 0.53
25 6 0.45
7 25 0.32
8 25 0.28
25 9 0.59
10 25 0.42
11 25 0.65
25 12 0.5
25 13 0.5
25 14 0.5
15 25 0.4
16 25 0.39
17 25 0.33
18 25 0.33
25 19 0.63
20 25 0.07
21 25 0.12
25 22 0.53
25 23 0.6
25 24 0.5
25 26 0.0062
