*Vertices  33
1 "显示器"
2 "LED灯"
3 "容器"
4 "光膜"
5 "荧光粉"
6 "开关"
7 "发光荧光材料"
8 "柔性高分子材料"
9 "塑料光转换荧光粒料"
10 "聚合物树脂"
11 "LED"
12 "二极管"
13 "塑料"
14 "转换器"
15 "稀释剂"
16 "荧光体"
17 "硅橡胶"
18 "SiO2"
19 "半导体"
20 "Al2O3"
21 "客户"
22 "LED芯片"
23 "芯片"
24 "酸盐"
25 "硅油"
26 "硬脂酰胺"
27 "Li"
28 "液体石蜡"
29 "臭氧"
30 "透镜"
31 "甲基"
32 "激发光"
33 "助剂"
*Arcs
1 33 0.0010
2 1 0.13
2 33 3.0E-4
33 3 0.0032
4 1 0.27
4 2 0.13
4 3 0.5
4 33 0.0034
5 1 0.24
5 2 0.17
5 3 0.22
5 4 0.45
5 33 0.0031
1 6 0.08
2 6 0.39
5 6 0.14
6 33 3.0E-4
7 1 0.23
7 2 0.27
7 3 0.21
7 4 0.43
7 5 0.57
7 6 0.13
7 33 0.0029
8 3 0.71
4 8 0.71
5 8 0.32
7 8 0.3
33 8 0.0058
1 9 0.38
2 9 0.18
5 9 0.32
6 9 0.22
7 9 0.3
33 9 0.0054
1 10 0.38
2 10 0.18
5 10 0.32
6 10 0.22
7 10 0.3
10 9 1.0
10 33 0.0054
11 1 0.28
11 2 0.6
11 3 0.15
11 4 0.15
11 5 0.34
11 6 0.49
11 7 0.35
11 8 0.11
11 9 0.11
11 10 0.11
11 33 6.0E-4
12 1 0.11
12 2 0.3
12 3 0.2
12 4 0.2
12 5 0.36
12 6 0.31
12 7 0.43
12 8 0.14
12 9 0.14
12 10 0.14
12 11 0.75
12 33 8.0E-4
13 1 0.29
13 2 0.13
13 3 0.27
13 4 0.53
13 5 0.36
13 6 0.16
13 7 0.34
13 8 0.38
13 9 0.38
13 10 0.38
13 11 0.28
13 12 0.37
13 33 0.0039
1 14 0.29
2 14 0.13
5 14 0.12
6 14 0.25
7 14 0.11
14 9 0.38
14 10 0.38
11 14 0.28
12 14 0.21
13 14 0.43
14 33 0.0010
15 3 0.71
4 15 0.71
5 15 0.32
7 15 0.3
15 8 1.0
11 15 0.11
12 15 0.14
13 15 0.38
15 33 0.0058
16 3 0.41
4 16 0.41
5 16 0.55
7 16 0.52
16 8 0.58
11 16 0.18
12 16 0.24
13 16 0.22
16 15 0.58
16 33 0.0024
17 3 0.71
4 17 0.71
5 17 0.32
7 17 0.3
17 8 1.0
11 17 0.11
12 17 0.14
13 17 0.38
17 15 1.0
17 16 0.58
17 33 0.0058
1 18 0.13
2 18 0.24
18 3 0.47
4 18 0.24
5 18 0.42
18 6 0.07
7 18 0.7
18 8 0.33
18 9 0.33
18 10 0.33
11 18 0.32
12 18 0.38
13 18 0.25
18 14 0.13
18 15 0.33
18 16 0.38
18 17 0.33
18 33 0.0032
19 1 0.14
19 2 0.29
19 3 0.13
19 4 0.13
19 5 0.34
19 6 0.12
19 7 0.43
19 9 0.18
19 10 0.18
19 11 0.59
19 12 0.64
19 13 0.27
19 14 0.14
19 16 0.21
19 18 0.42
19 33 5.0E-4
1 20 0.1
2 20 0.15
20 3 0.2
4 20 0.2
5 20 0.35
20 6 0.06
7 20 0.5
20 8 0.28
20 9 0.28
20 10 0.28
11 20 0.38
12 20 0.43
13 20 0.21
20 14 0.1
20 15 0.28
20 16 0.16
20 17 0.28
18 20 0.55
19 20 0.6
20 33 0.0022
1 21 0.22
2 21 0.2
5 21 0.18
6 21 0.25
7 21 0.17
21 9 0.58
21 10 0.58
11 21 0.18
12 21 0.08
13 21 0.22
14 21 0.22
18 21 0.19
19 21 0.21
20 21 0.16
21 33 0.0020
2 22 0.26
22 3 0.34
4 22 0.17
5 22 0.23
22 6 0.05
7 22 0.15
22 8 0.24
11 22 0.44
12 22 0.48
13 22 0.18
22 15 0.24
22 16 0.28
22 17 0.24
18 22 0.24
19 22 0.57
20 22 0.47
22 33 6.0E-4
1 23 0.22
2 23 0.36
23 3 0.21
4 23 0.1
5 23 0.37
23 6 0.29
7 23 0.44
23 8 0.15
23 9 0.15
23 10 0.15
11 23 0.72
12 23 0.71
13 23 0.17
23 14 0.22
23 15 0.15
23 16 0.26
23 17 0.15
23 18 0.44
19 23 0.69
23 20 0.53
23 21 0.09
23 22 0.61
23 33 9.0E-4
1 24 0.15
2 24 0.14
24 3 0.29
4 24 0.29
5 24 0.52
24 6 0.09
7 24 0.62
24 8 0.41
24 9 0.41
24 10 0.41
11 24 0.26
12 24 0.29
13 24 0.31
24 14 0.15
24 15 0.41
24 16 0.47
24 17 0.41
24 18 0.54
19 24 0.29
24 20 0.34
24 21 0.24
24 22 0.2
24 23 0.36
24 33 0.0046
25 3 0.71
4 25 0.71
5 25 0.32
7 25 0.3
25 8 1.0
11 25 0.11
12 25 0.14
13 25 0.38
25 15 1.0
25 16 0.58
25 17 1.0
18 25 0.33
20 25 0.28
22 25 0.24
23 25 0.15
24 25 0.41
25 33 0.0058
1 26 0.38
2 26 0.18
5 26 0.32
6 26 0.22
7 26 0.3
26 9 1.0
26 10 1.0
11 26 0.11
12 26 0.14
13 26 0.38
14 26 0.38
18 26 0.33
19 26 0.18
20 26 0.28
26 21 0.58
23 26 0.15
24 26 0.41
26 33 0.0054
1 27 0.13
2 27 0.29
27 3 0.24
4 27 0.24
5 27 0.42
27 6 0.15
7 27 0.4
27 8 0.33
27 9 0.33
27 10 0.33
11 27 0.32
12 27 0.28
13 27 0.25
27 14 0.25
27 15 0.33
27 16 0.38
27 17 0.33
27 18 0.33
19 27 0.3
27 20 0.28
27 21 0.19
27 22 0.32
27 23 0.34
27 24 0.54
27 25 0.33
27 26 0.33
27 33 0.0031
1 28 0.38
2 28 0.18
5 28 0.32
6 28 0.22
7 28 0.3
28 9 1.0
28 10 1.0
11 28 0.11
12 28 0.14
13 28 0.38
14 28 0.38
18 28 0.33
19 28 0.18
20 28 0.28
28 21 0.58
23 28 0.15
24 28 0.41
28 26 1.0
27 28 0.33
28 33 0.0054
2 29 0.2
29 3 0.41
4 29 0.41
5 29 0.18
7 29 0.17
29 8 0.58
11 29 0.18
12 29 0.08
13 29 0.22
29 15 0.58
29 16 0.33
29 17 0.58
18 29 0.19
20 29 0.16
22 29 0.14
23 29 0.09
24 29 0.24
29 25 0.58
27 29 0.19
29 33 0.0021
30 1 0.24
30 2 0.28
30 3 0.22
30 4 0.45
30 5 0.3
30 6 0.07
30 7 0.29
30 8 0.32
30 9 0.32
30 10 0.32
30 11 0.34
30 12 0.36
30 13 0.48
30 14 0.24
30 15 0.32
30 16 0.18
30 17 0.32
30 18 0.21
30 19 0.23
30 20 0.18
30 21 0.18
30 22 0.23
30 23 0.19
30 24 0.26
30 25 0.32
30 26 0.32
30 27 0.32
30 28 0.32
30 29 0.18
30 33 0.0028
1 31 0.13
2 31 0.06
31 3 0.24
4 31 0.24
5 31 0.32
6 31 0.07
7 31 0.2
31 8 0.33
31 9 0.33
31 10 0.33
11 31 0.32
12 31 0.28
13 31 0.25
14 31 0.13
31 15 0.33
31 16 0.19
31 17 0.33
18 31 0.22
19 31 0.42
20 31 0.65
31 21 0.19
22 31 0.4
23 31 0.39
24 31 0.41
31 25 0.33
31 26 0.33
27 31 0.33
31 28 0.33
31 29 0.19
30 31 0.32
31 33 0.0030
1 32 0.14
2 32 0.13
32 3 0.27
4 32 0.27
5 32 0.48
32 6 0.08
7 32 0.57
32 8 0.38
32 9 0.38
32 10 0.38
11 32 0.28
12 32 0.32
13 32 0.43
32 14 0.29
32 15 0.38
32 16 0.65
32 17 0.38
32 18 0.5
19 32 0.2
32 20 0.21
32 21 0.22
32 22 0.18
32 23 0.28
32 24 0.62
32 25 0.38
32 26 0.38
32 27 0.5
32 28 0.38
32 29 0.22
30 32 0.36
32 31 0.25
32 33 0.0040
