*Vertices  132
1 "LCD显示屏"
2 "显示器"
3 "衬底"
4 "LED灯"
5 "光纤"
6 "探头"
7 "电容"
8 "容器"
9 "光膜"
10 "传感器"
11 "处理器"
12 "单片机"
13 "荧光粉"
14 "反光杯"
15 "整流器"
16 "工质"
17 "开关"
18 "发光荧光材料"
19 "GAN"
20 "塑料光转换荧光粒料"
21 "助剂"
22 "次氯酸钠溶液"
23 "保护层"
24 "离子络合"
25 "PD"
26 "聚合物树脂"
27 "硼酸"
28 "蓝膜"
29 "变压器"
30 "触摸屏"
31 "光纤耦合"
32 "蒸镀方法"
33 "校准方法"
34 "AuSn"
35 "Au5Sn"
36 "EP"
37 "LED外延片"
38 "外延片"
39 "外延"
40 "LED"
41 "二极管"
42 "稳压二极管"
43 "三极管"
44 "掩膜"
45 "玻璃"
46 "通道"
47 "LED光源"
48 "塑料"
49 "腐蚀液"
50 "Au-Sn合金电镀液"
51 "光电转换器件"
52 "转换器"
53 "铝基板"
54 "基板"
55 "导热板"
56 "缓冲层"
57 "探针"
58 "内量子效率"
59 "散热片"
60 "散热器"
61 "荧光体"
62 "发光体"
63 "光刻胶"
64 "填充区域"
65 "SiO2"
66 "放大器"
67 "电路板"
68 "Al2O3"
69 "NH4H2PO4"
70 "GaAs"
71 "MQW"
72 "ESD"
73 "ITO"
74 "GPIO"
75 "硅氧磷灰石"
76 "键合"
77 "客户"
78 "焊盘"
79 "金属银纳米粒子"
80 "太阳能"
81 "蓄电池"
82 "光电池"
83 "LED芯片"
84 "芯片"
85 "金属层"
86 "涂层"
87 "电流扩展层"
88 "存储器"
89 "酸盐"
90 "SrCO3"
91 "Eu2O3"
92 "亚硫酸"
93 "硝酸"
94 "Eu2"
95 "去离子水"
96 "硬脂酰胺"
97 "Li"
98 "液体石蜡"
99 "电感"
100 "离子"
101 "电极"
102 "接触层"
103 "电阻"
104 "基色"
105 "Au-Sn合金"
106 "Au-30at.％Sn合金"
107 "丙酮"
108 "激光"
109 "真空吸盘"
110 "MOCVD"
111 "标准芯片工艺制作"
112 "湿法刻蚀"
113 "干法刻蚀"
114 "湿法腐蚀"
115 "空穴"
116 "玻璃体"
117 "洗墙灯"
118 "射灯"
119 "检测仪"
120 "屏幕"
121 "聚光镜"
122 "透镜"
123 "反射层"
124 "发光层"
125 "吸液芯"
126 "甲基"
127 "聚光帽"
128 "固定支架"
129 "激发光"
130 "络合剂"
131 "电流阻挡层"
132 "半导体"
*Arcs
132 1 1.0E-4
132 2 1.0E-4
3 1 0.27
132 3 0.0014
4 2 0.13
4 3 0.05
132 4 4.0E-4
132 5 0.0
6 5 0.58
132 6 0.0
4 7 0.21
132 7 0.0
8 3 0.19
132 8 1.0E-4
9 2 0.27
9 4 0.13
9 8 0.5
132 9 1.0E-4
2 10 0.38
10 5 0.33
10 6 0.38
132 10 1.0E-4
11 2 0.36
11 4 0.17
11 5 0.16
11 6 0.37
11 7 0.1
11 9 0.22
11 10 0.21
132 11 0.0
2 12 0.46
4 12 0.21
12 7 0.18
12 10 0.2
11 12 0.29
132 12 0.0
13 2 0.24
13 3 0.08
13 4 0.17
13 8 0.22
13 9 0.45
13 11 0.1
13 12 0.1
132 13 4.0E-4
4 14 0.18
132 14 1.0E-4
15 3 0.11
4 15 0.14
7 15 0.37
132 15 1.0E-4
4 16 0.25
132 16 1.0E-4
2 17 0.08
4 17 0.39
17 7 0.46
17 10 0.07
11 17 0.28
17 12 0.26
13 17 0.14
17 15 0.18
132 17 1.0E-4
18 2 0.23
18 3 0.16
18 4 0.27
18 8 0.21
18 9 0.43
18 11 0.1
18 12 0.09
18 13 0.57
18 17 0.13
132 18 6.0E-4
19 1 0.41
19 3 0.65
4 19 0.07
13 19 0.13
15 19 0.17
132 19 7.0E-4
2 20 0.38
4 20 0.18
13 20 0.32
17 20 0.22
18 20 0.3
132 20 1.0E-4
2 21 0.27
4 21 0.13
21 8 0.5
9 21 0.5
13 21 0.45
17 21 0.15
18 21 0.43
21 20 0.71
132 21 1.0E-4
3 22 0.38
132 22 2.0E-4
3 23 0.15
4 23 0.2
13 23 0.18
15 23 0.24
19 23 0.24
132 23 1.0E-4
132 24 1.0E-4
2 25 0.22
25 5 0.58
25 6 0.33
25 10 0.58
11 25 0.18
132 25 0.0
2 26 0.38
4 26 0.18
13 26 0.32
17 26 0.22
18 26 0.3
26 20 1.0
26 21 0.71
132 26 1.0E-4
4 27 0.13
13 27 0.22
18 27 0.43
132 27 1.0E-4
3 28 0.38
8 28 0.5
132 28 1.0E-4
2 29 0.11
29 3 0.08
4 29 0.2
7 29 0.44
29 10 0.1
12 29 0.09
13 29 0.09
29 15 0.59
17 29 0.25
29 19 0.12
29 23 0.17
132 29 1.0E-4
17 30 0.22
132 30 0.0
5 31 0.71
10 31 0.24
25 31 0.41
132 31 0.0
3 32 0.38
18 32 0.43
132 32 2.0E-4
132 33 0.0
34 24 1.0
132 34 1.0E-4
35 24 1.0
35 34 1.0
132 35 1.0E-4
36 3 0.15
4 36 0.2
36 7 0.17
36 8 0.2
11 36 0.18
36 12 0.09
13 36 0.46
36 15 0.12
36 17 0.19
18 36 0.35
36 22 0.2
36 23 0.17
36 27 0.41
36 28 0.2
36 29 0.08
132 36 4.0E-4
37 1 0.38
37 3 0.71
4 37 0.07
13 37 0.12
15 37 0.15
37 19 0.93
37 23 0.22
29 37 0.11
132 37 8.0E-4
38 1 0.32
38 3 0.85
4 38 0.06
13 38 0.1
15 38 0.13
18 38 0.19
38 19 0.77
38 22 0.22
38 23 0.18
29 38 0.09
38 32 0.45
36 38 0.09
38 37 0.84
132 38 0.0011
39 1 0.27
39 3 0.93
4 39 0.09
13 39 0.08
15 39 0.11
18 39 0.24
39 19 0.65
39 22 0.38
39 23 0.15
39 28 0.19
29 39 0.08
39 32 0.38
36 39 0.08
39 37 0.71
39 38 0.85
132 39 0.0015
40 1 0.11
40 2 0.28
40 3 0.4
40 4 0.6
40 5 0.21
40 6 0.18
40 7 0.35
40 8 0.15
40 9 0.15
40 10 0.32
40 11 0.34
40 12 0.35
40 13 0.34
40 14 0.11
40 15 0.26
40 16 0.15
40 17 0.49
40 18 0.35
40 19 0.26
40 20 0.11
40 21 0.15
40 22 0.15
40 23 0.18
40 24 0.11
40 25 0.18
40 26 0.11
40 27 0.15
40 28 0.15
40 29 0.37
40 30 0.11
40 31 0.15
40 32 0.15
40 33 0.11
40 34 0.11
40 35 0.11
40 36 0.37
40 37 0.28
40 38 0.34
40 39 0.4
132 40 0.0013
41 1 0.14
41 2 0.11
41 3 0.45
41 4 0.3
41 5 0.21
41 6 0.08
41 7 0.34
41 8 0.2
41 9 0.2
41 10 0.09
41 11 0.04
41 12 0.13
41 13 0.36
41 14 0.14
41 15 0.35
41 16 0.2
41 17 0.31
41 18 0.43
41 19 0.29
41 20 0.14
41 21 0.2
41 22 0.2
41 23 0.08
41 24 0.14
41 25 0.16
41 26 0.14
41 27 0.1
41 28 0.2
41 29 0.37
41 31 0.2
41 32 0.2
41 33 0.14
41 34 0.14
41 35 0.14
41 36 0.24
41 37 0.27
41 38 0.36
41 39 0.45
41 40 0.75
132 41 0.0014
4 42 0.18
7 42 0.3
15 42 0.41
17 42 0.22
29 42 0.29
36 42 0.29
40 42 0.11
41 42 0.14
132 42 1.0E-4
4 43 0.2
43 7 0.61
12 43 0.17
43 15 0.47
17 43 0.31
18 43 0.09
43 29 0.58
36 43 0.08
40 43 0.37
41 43 0.45
43 42 0.29
132 43 0.0
3 44 0.27
4 44 0.18
15 44 0.41
19 44 0.41
23 44 0.58
29 44 0.29
37 44 0.38
38 44 0.32
39 44 0.27
40 44 0.11
41 44 0.14
132 44 1.0E-4
45 2 0.12
45 3 0.08
45 4 0.28
45 5 0.32
45 6 0.18
45 7 0.1
45 9 0.22
45 10 0.21
45 11 0.3
45 12 0.29
45 13 0.2
45 17 0.21
45 18 0.19
45 22 0.22
45 25 0.37
45 27 0.22
45 29 0.09
45 31 0.22
45 36 0.18
45 38 0.1
45 39 0.08
45 40 0.34
45 41 0.22
45 43 0.09
132 45 2.0E-4
2 46 0.15
46 3 0.22
4 46 0.22
46 10 0.14
12 46 0.12
46 16 0.29
46 19 0.33
46 37 0.31
46 38 0.26
46 39 0.22
40 46 0.26
41 46 0.23
132 46 1.0E-4
47 2 0.1
47 4 0.44
47 6 0.16
47 7 0.08
47 9 0.2
47 10 0.09
47 11 0.18
47 12 0.08
47 13 0.26
47 15 0.11
47 16 0.2
47 17 0.06
47 18 0.17
47 27 0.2
47 29 0.08
47 36 0.24
47 40 0.38
47 41 0.27
47 42 0.28
47 43 0.08
47 45 0.18
47 46 0.11
132 47 2.0E-4
48 2 0.29
48 3 0.1
48 4 0.13
48 5 0.38
48 6 0.22
48 8 0.27
48 9 0.53
48 10 0.25
48 11 0.12
48 13 0.36
48 17 0.16
48 18 0.34
48 20 0.38
48 21 0.53
48 22 0.27
48 25 0.44
48 26 0.38
48 31 0.27
48 36 0.11
48 38 0.12
48 39 0.1
48 40 0.28
48 41 0.37
48 45 0.48
48 47 0.1
132 48 3.0E-4
3 49 0.6
4 49 0.08
8 49 0.32
15 49 0.18
19 49 0.18
49 22 0.63
23 49 0.26
49 28 0.32
29 49 0.13
36 49 0.26
37 49 0.17
38 49 0.28
39 49 0.48
40 49 0.24
41 49 0.32
49 44 0.45
45 49 0.14
48 49 0.17
132 49 5.0E-4
50 24 1.0
50 34 1.0
50 35 1.0
40 50 0.11
41 50 0.14
132 50 1.0E-4
51 5 0.71
51 6 0.41
51 10 0.47
51 25 0.82
51 31 0.5
40 51 0.15
41 51 0.2
45 51 0.45
48 51 0.53
132 51 1.0E-4
2 52 0.29
4 52 0.13
52 5 0.38
52 6 0.22
7 52 0.23
52 10 0.38
11 52 0.12
12 52 0.11
13 52 0.12
17 52 0.25
18 52 0.11
52 20 0.38
52 21 0.27
52 25 0.44
52 26 0.38
29 52 0.11
52 31 0.27
36 52 0.11
40 52 0.28
41 52 0.21
43 52 0.11
45 52 0.24
48 52 0.43
52 51 0.53
132 52 1.0E-4
53 2 0.15
53 3 0.11
53 4 0.29
53 9 0.29
53 11 0.13
53 13 0.26
53 16 0.29
53 18 0.12
53 22 0.29
53 23 0.24
53 36 0.24
53 38 0.13
53 39 0.11
53 40 0.26
53 41 0.23
53 45 0.26
53 46 0.33
53 47 0.34
53 48 0.31
53 49 0.18
132 53 2.0E-4
4 54 0.25
16 54 0.5
40 54 0.15
41 54 0.1
46 54 0.29
47 54 0.2
132 54 0.0
4 55 0.25
55 14 0.71
40 55 0.15
41 55 0.1
55 46 0.29
47 55 0.2
53 55 0.29
132 55 0.0
56 1 0.35
56 3 0.76
13 56 0.11
18 56 0.21
56 19 0.72
56 32 0.5
56 37 0.8
56 38 0.89
56 39 0.76
40 56 0.3
41 56 0.3
56 46 0.29
132 56 9.0E-4
57 5 0.35
57 6 0.41
57 10 0.24
57 25 0.41
57 33 0.71
40 57 0.15
41 57 0.2
45 57 0.22
48 57 0.27
57 51 0.5
52 57 0.27
132 57 1.0E-4
3 58 0.38
13 58 0.22
19 58 0.29
37 58 0.53
38 58 0.45
39 58 0.38
40 58 0.15
41 58 0.1
56 58 0.5
132 58 2.0E-4
4 59 0.47
59 14 0.38
59 16 0.53
40 59 0.28
41 59 0.27
59 46 0.46
47 59 0.42
53 59 0.46
59 54 0.53
59 55 0.53
132 59 1.0E-4
4 60 0.47
60 14 0.38
60 16 0.53
40 60 0.28
41 60 0.21
60 46 0.31
47 60 0.42
53 60 0.31
60 54 0.53
60 55 0.53
60 59 0.86
132 60 2.0E-4
61 8 0.41
9 61 0.41
13 61 0.55
18 61 0.52
61 21 0.41
27 61 0.41
36 61 0.33
40 61 0.18
41 61 0.24
45 61 0.18
47 61 0.16
48 61 0.22
132 61 2.0E-4
62 2 0.17
62 4 0.24
62 9 0.32
62 11 0.14
62 13 0.28
62 18 0.27
62 36 0.13
62 40 0.24
62 41 0.25
62 45 0.14
62 47 0.37
62 48 0.17
62 53 0.18
62 59 0.17
62 60 0.17
62 61 0.26
132 62 1.0E-4
3 63 0.46
4 63 0.1
15 63 0.24
19 63 0.24
63 22 0.41
23 63 0.33
29 63 0.17
36 63 0.17
37 63 0.22
38 63 0.37
39 63 0.46
40 63 0.18
41 63 0.24
63 44 0.58
45 63 0.18
48 63 0.22
49 63 0.77
53 63 0.24
132 63 3.0E-4
3 64 0.27
22 64 0.71
36 64 0.29
38 64 0.32
39 64 0.27
40 64 0.11
41 64 0.14
45 64 0.32
48 64 0.38
49 64 0.45
53 64 0.41
63 64 0.58
132 64 1.0E-4
2 65 0.13
65 3 0.27
4 65 0.24
65 8 0.47
9 65 0.24
13 65 0.42
65 15 0.14
65 17 0.07
18 65 0.7
65 19 0.14
65 20 0.33
65 21 0.47
65 23 0.19
65 26 0.33
65 27 0.24
65 28 0.24
65 29 0.1
65 32 0.24
65 36 0.38
65 37 0.13
65 38 0.21
65 39 0.27
40 65 0.32
41 65 0.38
65 44 0.33
48 65 0.25
65 49 0.3
65 52 0.13
65 56 0.12
65 61 0.38
62 65 0.15
65 63 0.19
132 65 6.0E-4
2 66 0.38
7 66 0.3
66 10 0.17
11 66 0.16
12 66 0.45
15 66 0.2
29 66 0.29
40 66 0.21
41 66 0.14
43 66 0.14
66 52 0.19
132 66 0.0
67 2 0.15
67 4 0.43
67 7 0.12
67 9 0.29
67 11 0.13
67 12 0.12
67 13 0.13
67 17 0.18
67 18 0.12
67 29 0.12
67 40 0.26
67 41 0.06
67 43 0.12
67 45 0.39
67 47 0.11
67 48 0.15
67 53 0.17
67 60 0.15
67 62 0.37
67 132 1.0E-4
68 1 0.28
2 68 0.1
68 3 0.67
4 68 0.15
68 8 0.2
9 68 0.2
13 68 0.35
68 15 0.11
68 17 0.06
18 68 0.5
68 19 0.68
68 20 0.28
68 21 0.39
68 23 0.16
68 26 0.28
68 29 0.08
68 32 0.39
36 68 0.08
68 37 0.73
68 38 0.79
68 39 0.74
40 68 0.38
41 68 0.43
68 44 0.28
68 46 0.23
48 68 0.21
68 49 0.12
68 52 0.1
68 56 0.78
68 58 0.39
68 61 0.16
68 63 0.16
65 68 0.55
132 68 0.0012
13 69 0.32
18 69 0.3
36 69 0.29
40 69 0.11
41 69 0.14
61 69 0.58
62 69 0.45
65 69 0.33
132 69 1.0E-4
3 70 0.55
4 70 0.07
18 70 0.25
70 22 0.58
28 70 0.29
70 32 0.29
36 70 0.12
38 70 0.26
39 70 0.65
40 70 0.26
41 70 0.35
45 70 0.13
48 70 0.15
49 70 0.55
53 70 0.17
56 70 0.14
70 63 0.47
70 64 0.41
65 70 0.27
68 70 0.23
132 70 6.0E-4
71 1 0.3
71 3 0.64
4 71 0.16
7 71 0.09
13 71 0.19
15 71 0.25
17 71 0.07
18 71 0.18
71 19 0.74
71 22 0.21
71 23 0.17
27 71 0.21
29 71 0.17
36 71 0.26
71 37 0.8
71 38 0.76
71 39 0.73
40 71 0.35
41 71 0.38
71 42 0.3
43 71 0.09
71 44 0.3
45 71 0.19
71 46 0.25
47 71 0.17
48 71 0.11
71 49 0.27
53 71 0.12
71 56 0.64
71 58 0.43
61 71 0.17
71 63 0.35
71 64 0.3
65 71 0.2
68 71 0.67
71 70 0.25
132 71 0.0012
72 3 0.53
72 19 0.61
72 37 0.76
72 38 0.63
72 39 0.53
40 72 0.21
41 72 0.14
72 46 0.41
72 56 0.71
72 58 0.35
68 72 0.55
72 71 0.6
132 72 4.0E-4
73 1 0.38
3 73 0.61
4 73 0.13
13 73 0.12
15 73 0.15
18 73 0.23
19 73 0.62
73 23 0.22
29 73 0.11
73 32 0.27
37 73 0.71
38 73 0.72
39 73 0.71
40 73 0.28
41 73 0.27
73 44 0.38
73 49 0.17
56 73 0.67
73 58 0.53
73 63 0.22
65 73 0.25
68 73 0.73
73 70 0.15
71 73 0.68
72 73 0.38
132 73 8.0E-4
4 74 0.13
7 74 0.21
11 74 0.22
17 74 0.31
74 30 0.71
36 74 0.2
40 74 0.15
132 74 0.0
13 75 0.32
18 75 0.3
36 75 0.29
40 75 0.11
41 75 0.14
61 75 0.58
62 75 0.45
65 75 0.33
75 69 1.0
132 75 1.0E-4
3 76 0.22
4 76 0.07
76 5 0.2
76 6 0.24
7 76 0.12
76 10 0.14
12 76 0.12
13 76 0.13
18 76 0.25
76 22 0.29
76 23 0.24
76 25 0.24
76 32 0.29
36 76 0.12
38 76 0.13
39 76 0.33
40 76 0.26
41 76 0.29
45 76 0.13
48 76 0.15
76 49 0.18
76 51 0.29
52 76 0.15
53 76 0.17
56 76 0.14
76 57 0.29
65 76 0.27
66 76 0.2
68 76 0.23
76 70 0.5
71 76 0.12
73 76 0.15
132 76 3.0E-4
2 77 0.22
4 77 0.2
77 6 0.33
7 77 0.17
77 10 0.19
11 77 0.37
13 77 0.18
17 77 0.25
18 77 0.17
77 20 0.58
77 21 0.41
77 26 0.58
36 77 0.17
40 77 0.18
41 77 0.08
47 77 0.16
48 77 0.22
52 77 0.22
65 77 0.19
68 77 0.16
74 77 0.41
132 77 1.0E-4
4 78 0.1
7 78 0.17
13 78 0.18
15 78 0.24
17 78 0.13
78 23 0.33
78 24 0.58
29 78 0.17
78 34 0.58
78 35 0.58
36 78 0.33
40 78 0.18
41 78 0.16
78 42 0.58
43 78 0.17
47 78 0.16
78 50 0.58
53 78 0.24
78 71 0.17
78 76 0.24
132 78 2.0E-4
13 79 0.32
18 79 0.3
27 79 0.71
36 79 0.29
40 79 0.11
41 79 0.14
45 79 0.32
47 79 0.28
61 79 0.58
71 79 0.3
132 79 1.0E-4
3 80 0.15
5 80 0.29
6 80 0.33
11 80 0.18
13 80 0.18
17 80 0.13
19 80 0.24
29 80 0.17
37 80 0.22
38 80 0.18
39 80 0.15
40 80 0.18
41 80 0.16
46 80 0.24
56 80 0.2
68 80 0.16
71 80 0.17
72 80 0.29
132 80 0.0
4 81 0.08
81 6 0.26
81 10 0.15
11 81 0.14
13 81 0.14
81 15 0.37
17 81 0.2
81 29 0.39
40 81 0.24
41 81 0.19
43 81 0.26
47 81 0.12
81 77 0.26
81 80 0.26
132 81 0.0
82 5 0.5
82 6 0.58
82 10 0.5
11 82 0.16
82 25 0.58
82 31 0.35
40 82 0.21
41 82 0.21
45 82 0.32
47 82 0.28
48 82 0.38
82 51 0.71
52 82 0.38
82 57 0.35
76 82 0.2
77 82 0.29
81 82 0.22
132 82 1.0E-4
83 1 0.24
83 3 0.52
4 83 0.26
83 7 0.15
83 8 0.34
9 83 0.17
83 12 0.07
13 83 0.23
83 14 0.24
83 15 0.2
83 16 0.34
83 17 0.05
18 83 0.15
83 19 0.5
83 21 0.17
83 22 0.17
83 23 0.28
27 83 0.17
83 28 0.17
83 29 0.14
36 83 0.35
83 37 0.55
83 38 0.54
83 39 0.45
40 83 0.44
41 83 0.48
83 42 0.24
83 43 0.07
83 44 0.24
45 83 0.15
83 46 0.4
47 83 0.2
48 83 0.18
83 49 0.33
53 83 0.4
83 54 0.17
83 55 0.17
83 56 0.43
83 58 0.17
83 59 0.37
83 60 0.28
83 61 0.28
83 63 0.28
83 64 0.24
65 83 0.24
83 66 0.12
68 83 0.47
83 70 0.1
83 71 0.66
83 72 0.49
83 73 0.37
83 76 0.2
83 78 0.28
83 79 0.24
83 80 0.14
132 83 0.0011
84 1 0.15
2 84 0.22
84 3 0.55
4 84 0.36
84 7 0.36
84 8 0.21
9 84 0.1
84 10 0.05
11 84 0.05
84 12 0.36
13 84 0.37
84 14 0.15
84 15 0.24
84 16 0.21
84 17 0.29
18 84 0.44
84 19 0.36
84 20 0.15
84 21 0.21
84 22 0.21
84 23 0.17
84 24 0.15
84 26 0.15
84 27 0.21
84 28 0.21
84 29 0.21
84 30 0.15
84 32 0.21
84 33 0.15
84 34 0.15
84 35 0.15
84 36 0.38
84 37 0.39
84 38 0.47
84 39 0.55
40 84 0.72
41 84 0.71
84 42 0.15
84 43 0.3
84 44 0.15
45 84 0.14
84 46 0.24
47 84 0.16
48 84 0.17
84 49 0.33
84 50 0.15
84 52 0.22
53 84 0.24
84 54 0.1
84 55 0.1
84 56 0.42
84 57 0.1
84 58 0.21
84 59 0.22
84 60 0.17
84 61 0.26
62 84 0.07
84 63 0.26
84 64 0.15
84 65 0.44
84 66 0.29
67 84 0.06
84 68 0.53
84 69 0.15
84 70 0.36
84 71 0.49
84 72 0.29
84 73 0.39
84 74 0.1
84 75 0.15
84 76 0.3
84 77 0.09
84 78 0.26
84 79 0.15
84 80 0.09
84 83 0.61
132 84 0.0017
4 85 0.18
18 85 0.3
39 85 0.27
40 85 0.11
41 85 0.14
65 85 0.33
68 85 0.28
70 85 0.41
71 85 0.3
73 85 0.38
76 85 0.41
84 85 0.15
132 85 1.0E-4
4 86 0.18
13 86 0.16
18 86 0.15
86 23 0.29
86 29 0.14
36 86 0.14
40 86 0.21
41 86 0.14
45 86 0.16
47 86 0.14
62 86 0.22
65 86 0.17
67 86 0.2
86 68 0.14
84 86 0.07
132 86 0.0
3 87 0.55
4 87 0.14
8 87 0.29
15 87 0.17
18 87 0.12
19 87 0.17
87 22 0.58
23 87 0.24
87 28 0.58
29 87 0.12
36 87 0.24
37 87 0.15
38 87 0.26
39 87 0.55
40 87 0.26
41 87 0.35
87 44 0.41
45 87 0.13
48 87 0.15
87 49 0.73
53 87 0.17
87 63 0.47
87 64 0.41
65 87 0.41
68 87 0.23
87 70 0.67
71 87 0.37
73 87 0.31
76 87 0.33
83 87 0.3
84 87 0.36
87 85 0.41
132 87 6.0E-4
2 88 0.38
88 6 0.29
88 10 0.5
11 88 0.47
12 88 0.15
17 88 0.11
88 25 0.29
29 88 0.14
36 88 0.14
40 88 0.21
47 88 0.14
52 88 0.38
66 88 0.25
77 88 0.29
81 88 0.22
88 82 0.25
84 88 0.07
132 88 0.0
2 89 0.15
4 89 0.14
89 8 0.29
9 89 0.29
13 89 0.52
89 17 0.09
18 89 0.62
89 20 0.41
89 21 0.58
89 24 0.41
89 26 0.41
89 27 0.58
89 34 0.41
89 35 0.41
89 36 0.35
40 89 0.26
41 89 0.29
45 89 0.13
47 89 0.11
48 89 0.31
89 50 0.41
89 52 0.15
89 61 0.47
89 65 0.54
89 68 0.34
89 71 0.12
89 77 0.24
89 78 0.24
89 79 0.41
89 83 0.2
89 84 0.36
89 86 0.2
132 89 3.0E-4
4 90 0.13
13 90 0.22
18 90 0.43
90 27 0.5
90 36 0.41
40 90 0.15
41 90 0.1
90 61 0.41
62 90 0.32
90 65 0.47
90 69 0.71
90 75 0.71
90 84 0.21
90 89 0.29
132 90 1.0E-4
4 91 0.13
13 91 0.22
18 91 0.43
91 27 0.5
91 36 0.41
40 91 0.15
41 91 0.1
91 61 0.41
62 91 0.32
91 65 0.47
91 69 0.71
91 75 0.71
91 84 0.21
91 89 0.29
91 90 1.0
132 91 1.0E-4
92 24 1.0
92 34 1.0
92 35 1.0
40 92 0.11
41 92 0.14
92 50 1.0
92 78 0.58
84 92 0.15
89 92 0.41
132 92 1.0E-4
4 93 0.1
13 93 0.37
18 93 0.52
93 27 0.82
93 36 0.5
40 93 0.18
41 93 0.16
45 93 0.18
47 93 0.16
93 61 0.33
93 65 0.38
93 68 0.16
93 71 0.17
93 79 0.58
93 83 0.14
93 84 0.26
93 86 0.29
93 89 0.71
93 90 0.41
93 91 0.41
132 93 1.0E-4
4 94 0.09
13 94 0.47
18 94 0.6
94 27 0.71
94 36 0.58
40 94 0.21
41 94 0.21
45 94 0.16
47 94 0.14
94 61 0.58
62 94 0.22
94 65 0.5
94 68 0.14
94 69 0.5
94 71 0.15
94 75 0.5
94 79 0.5
94 83 0.12
94 84 0.29
94 86 0.25
94 89 0.61
94 90 0.71
94 91 0.71
94 93 0.87
132 94 2.0E-4
95 3 0.24
4 95 0.08
95 8 0.32
18 95 0.13
95 24 0.45
95 27 0.32
95 28 0.32
95 34 0.45
95 35 0.45
95 36 0.39
95 39 0.12
40 95 0.24
41 95 0.19
95 49 0.4
95 50 0.45
95 63 0.26
95 65 0.3
95 70 0.18
95 78 0.26
95 83 0.11
95 84 0.26
95 87 0.18
95 89 0.37
95 90 0.32
95 91 0.32
95 92 0.45
95 93 0.26
95 94 0.22
132 95 2.0E-4
2 96 0.38
4 96 0.18
13 96 0.32
17 96 0.22
18 96 0.3
96 20 1.0
96 21 0.71
96 26 1.0
40 96 0.11
41 96 0.14
48 96 0.38
52 96 0.38
65 96 0.33
68 96 0.28
96 77 0.58
84 96 0.15
89 96 0.41
132 96 1.0E-4
2 97 0.13
97 3 0.09
4 97 0.29
97 8 0.24
9 97 0.24
11 97 0.11
13 97 0.42
97 16 0.24
97 17 0.15
18 97 0.4
97 19 0.14
97 20 0.33
97 21 0.47
97 26 0.33
97 27 0.47
97 36 0.29
97 37 0.13
97 38 0.11
97 39 0.09
40 97 0.32
41 97 0.28
45 97 0.11
97 46 0.14
47 97 0.18
48 97 0.25
97 52 0.25
53 97 0.27
97 56 0.12
97 58 0.24
97 59 0.25
97 60 0.25
97 61 0.38
97 65 0.33
67 97 0.14
97 68 0.28
97 71 0.2
97 73 0.13
97 77 0.19
97 79 0.33
97 83 0.32
97 84 0.34
97 88 0.17
97 89 0.54
97 90 0.24
97 91 0.24
97 93 0.38
97 94 0.33
97 95 0.15
97 96 0.33
132 97 4.0E-4
2 98 0.38
4 98 0.18
13 98 0.32
17 98 0.22
18 98 0.3
98 20 1.0
98 21 0.71
98 26 1.0
40 98 0.11
41 98 0.14
48 98 0.38
52 98 0.38
65 98 0.33
68 98 0.28
98 77 0.58
84 98 0.15
89 98 0.41
98 96 1.0
97 98 0.33
132 98 1.0E-4
4 99 0.25
7 99 0.43
15 99 0.29
17 99 0.31
29 99 0.2
36 99 0.2
40 99 0.15
41 99 0.1
99 42 0.71
43 99 0.2
47 99 0.2
99 52 0.27
99 71 0.21
99 78 0.41
83 99 0.17
84 99 0.21
132 99 0.0
100 3 0.32
4 100 0.16
100 8 0.21
13 100 0.19
18 100 0.27
100 22 0.43
100 24 0.3
100 27 0.43
100 28 0.21
100 29 0.09
100 34 0.3
100 35 0.3
100 36 0.52
100 38 0.1
100 39 0.24
40 100 0.35
41 100 0.3
45 100 0.38
47 100 0.08
48 100 0.11
100 49 0.54
100 50 0.3
53 100 0.12
100 61 0.35
62 100 0.13
100 63 0.35
100 64 0.3
100 65 0.3
67 100 0.12
100 69 0.3
100 70 0.37
100 71 0.18
100 75 0.3
100 76 0.12
100 78 0.17
100 79 0.3
100 83 0.22
100 84 0.36
100 86 0.15
100 87 0.37
100 89 0.37
100 90 0.43
100 91 0.43
100 92 0.3
100 93 0.35
100 94 0.45
100 95 0.67
100 97 0.2
132 100 5.0E-4
101 1 0.2
101 3 0.73
4 101 0.17
7 101 0.35
101 8 0.14
12 101 0.06
13 101 0.06
101 15 0.4
17 101 0.17
18 101 0.24
101 19 0.48
101 22 0.28
101 23 0.11
101 28 0.28
101 29 0.45
101 32 0.28
36 101 0.17
101 37 0.52
101 38 0.62
101 39 0.73
40 101 0.54
41 101 0.67
101 42 0.2
43 101 0.62
101 44 0.2
45 101 0.06
101 46 0.16
47 101 0.05
48 101 0.07
101 49 0.44
101 52 0.07
53 101 0.08
101 56 0.55
101 58 0.28
101 63 0.34
101 64 0.2
65 101 0.26
101 66 0.1
68 101 0.54
101 70 0.48
101 71 0.59
101 72 0.39
101 73 0.52
101 76 0.24
101 78 0.11
101 80 0.11
101 81 0.18
83 101 0.43
84 101 0.61
101 85 0.2
101 87 0.48
95 101 0.18
97 101 0.07
101 99 0.14
100 101 0.24
132 101 0.0011
102 1 0.38
102 3 0.71
4 102 0.07
13 102 0.12
15 102 0.15
102 19 0.93
102 23 0.22
29 102 0.11
102 37 1.0
102 38 0.84
102 39 0.71
40 102 0.28
41 102 0.27
102 44 0.38
102 46 0.31
102 49 0.17
102 56 0.8
102 58 0.53
102 63 0.22
65 102 0.13
68 102 0.73
102 71 0.8
102 72 0.76
102 73 0.71
102 80 0.22
83 102 0.55
84 102 0.39
102 87 0.15
97 102 0.13
101 102 0.52
132 102 8.0E-4
2 103 0.08
103 3 0.12
4 103 0.35
103 7 0.66
103 10 0.07
11 103 0.07
12 103 0.2
13 103 0.07
103 15 0.53
103 16 0.15
17 103 0.48
18 103 0.07
103 19 0.18
103 23 0.13
103 29 0.57
103 30 0.22
36 103 0.13
103 37 0.16
103 38 0.14
103 39 0.12
40 103 0.49
41 103 0.46
103 42 0.22
103 43 0.76
103 44 0.22
45 103 0.07
103 46 0.09
47 103 0.06
103 49 0.1
103 52 0.25
103 54 0.15
103 56 0.08
103 58 0.15
59 103 0.08
60 103 0.08
103 63 0.13
65 103 0.07
103 66 0.22
67 103 0.18
68 103 0.12
103 71 0.2
103 73 0.16
103 74 0.31
103 77 0.13
103 78 0.13
103 81 0.2
83 103 0.16
84 103 0.45
103 87 0.09
103 88 0.11
97 103 0.07
103 99 0.31
103 101 0.56
103 102 0.16
132 103 1.0E-4
4 104 0.09
11 104 0.16
13 104 0.16
18 104 0.3
104 27 0.71
104 36 0.29
40 104 0.21
41 104 0.14
45 104 0.16
47 104 0.14
104 61 0.29
104 65 0.17
104 71 0.15
104 79 0.5
104 83 0.12
104 84 0.15
104 89 0.41
104 90 0.35
104 91 0.35
104 93 0.58
104 94 0.5
104 95 0.22
104 97 0.33
104 100 0.3
132 104 0.0
105 24 1.0
105 34 1.0
105 35 1.0
40 105 0.11
41 105 0.14
105 50 1.0
105 78 0.58
84 105 0.15
89 105 0.41
105 92 1.0
95 105 0.45
100 105 0.3
132 105 1.0E-4
106 24 1.0
106 34 1.0
106 35 1.0
40 106 0.11
41 106 0.14
106 50 1.0
106 78 0.58
84 106 0.15
89 106 0.41
106 92 1.0
95 106 0.45
100 106 0.3
106 105 1.0
132 106 1.0E-4
107 3 0.27
4 107 0.09
107 8 0.35
18 107 0.15
107 22 0.35
107 27 0.35
107 28 0.35
107 36 0.58
107 38 0.16
107 39 0.13
40 107 0.21
41 107 0.14
45 107 0.16
48 107 0.19
107 49 0.45
53 107 0.2
107 63 0.29
107 64 0.5
107 65 0.33
107 70 0.2
107 71 0.15
107 83 0.24
107 84 0.22
107 87 0.41
107 89 0.2
107 90 0.35
107 91 0.35
107 93 0.29
107 94 0.25
107 95 0.67
107 97 0.17
107 100 0.6
107 101 0.2
107 104 0.25
132 107 2.0E-4
108 2 0.13
108 3 0.19
108 4 0.19
108 5 0.35
108 9 0.25
108 10 0.24
108 11 0.11
108 13 0.22
108 15 0.14
108 17 0.08
108 18 0.21
108 19 0.29
108 23 0.2
108 25 0.2
108 29 0.1
108 30 0.35
108 31 0.5
108 37 0.27
108 38 0.22
108 39 0.28
108 40 0.3
108 41 0.3
108 44 0.35
108 45 0.22
108 47 0.1
108 48 0.27
108 49 0.16
108 51 0.25
108 52 0.13
108 53 0.14
108 56 0.13
108 58 0.25
108 62 0.16
108 63 0.2
108 65 0.24
108 67 0.14
108 68 0.29
108 70 0.14
108 71 0.32
108 73 0.4
108 74 0.25
108 76 0.14
108 82 0.18
108 83 0.09
108 84 0.21
108 85 0.35
108 87 0.29
108 97 0.12
108 101 0.21
108 102 0.27
108 103 0.23
108 132 5.0E-4
3 109 0.27
109 22 0.71
39 109 0.27
40 109 0.11
41 109 0.14
49 109 0.45
70 109 0.41
76 109 0.41
84 109 0.15
87 109 0.41
100 109 0.3
101 109 0.2
132 109 1.0E-4
110 1 0.32
110 3 0.76
4 110 0.06
13 110 0.1
18 110 0.29
110 19 0.65
110 22 0.22
110 32 0.45
36 110 0.09
110 37 0.72
110 38 0.9
110 39 0.85
40 110 0.34
41 110 0.36
45 110 0.1
110 46 0.26
48 110 0.12
110 49 0.14
53 110 0.13
110 56 0.89
110 58 0.45
110 63 0.18
110 64 0.32
65 110 0.21
68 110 0.79
110 70 0.39
110 71 0.76
110 72 0.63
110 73 0.72
110 76 0.26
110 80 0.18
83 110 0.46
84 110 0.47
110 85 0.32
110 87 0.26
97 110 0.11
100 110 0.1
101 110 0.62
110 102 0.72
103 110 0.07
107 110 0.16
108 110 0.22
132 110 0.0011
111 1 0.45
111 3 0.6
13 111 0.14
111 19 0.73
111 37 0.85
111 38 0.71
111 39 0.6
40 111 0.24
41 111 0.19
111 46 0.18
111 56 0.79
111 58 0.63
68 111 0.62
111 71 0.67
111 72 0.67
111 73 0.68
83 111 0.43
84 111 0.33
97 111 0.15
101 111 0.44
111 102 0.85
103 111 0.1
108 111 0.16
111 110 0.71
132 111 5.0E-4
3 112 0.27
18 112 0.3
112 32 0.71
38 112 0.32
39 112 0.27
40 112 0.11
41 112 0.14
56 112 0.35
65 112 0.33
68 112 0.28
112 70 0.41
76 112 0.41
84 112 0.15
101 112 0.2
110 112 0.32
132 112 1.0E-4
3 113 0.38
18 113 0.43
113 32 1.0
38 113 0.45
39 113 0.38
40 113 0.15
41 113 0.2
56 113 0.5
65 113 0.24
68 113 0.39
113 70 0.29
73 113 0.27
76 113 0.29
84 113 0.21
101 113 0.28
110 113 0.45
113 112 0.71
132 113 2.0E-4
3 114 0.38
4 114 0.13
15 114 0.29
19 114 0.29
114 22 0.5
23 114 0.41
29 114 0.2
37 114 0.27
38 114 0.22
39 114 0.38
40 114 0.15
41 114 0.2
114 44 0.71
49 114 0.63
63 114 0.41
65 114 0.24
68 114 0.2
70 114 0.29
71 114 0.21
73 114 0.27
76 114 0.29
83 114 0.17
84 114 0.21
87 114 0.58
100 114 0.21
101 114 0.28
102 114 0.27
103 114 0.15
108 114 0.25
114 109 0.71
132 114 2.0E-4
115 1 0.5
3 115 0.4
4 115 0.09
7 115 0.15
13 115 0.16
15 115 0.2
17 115 0.11
19 115 0.61
29 115 0.14
36 115 0.14
37 115 0.57
38 115 0.47
39 115 0.4
40 115 0.21
41 115 0.21
115 42 0.5
43 115 0.14
47 115 0.14
56 115 0.53
115 58 0.35
68 115 0.42
71 115 0.6
72 115 0.25
115 73 0.57
78 115 0.29
83 115 0.36
84 115 0.29
97 115 0.17
99 115 0.35
101 115 0.39
102 115 0.57
103 115 0.22
108 115 0.18
110 115 0.47
111 115 0.67
132 115 4.0E-4
13 116 0.32
18 116 0.3
27 116 0.71
36 116 0.29
40 116 0.11
41 116 0.14
45 116 0.32
47 116 0.28
61 116 0.58
71 116 0.3
116 79 1.0
83 116 0.24
84 116 0.15
89 116 0.41
93 116 0.58
94 116 0.5
97 116 0.33
100 116 0.3
104 116 0.5
132 116 1.0E-4
117 2 0.38
117 4 0.18
117 9 0.71
117 11 0.32
117 13 0.32
117 18 0.3
117 40 0.11
117 41 0.14
117 45 0.32
117 47 0.28
117 48 0.38
117 53 0.41
117 62 0.45
117 67 0.41
117 108 0.35
117 132 1.0E-4
118 2 0.27
118 4 0.25
118 9 0.5
118 11 0.22
118 13 0.22
118 18 0.21
118 40 0.15
118 41 0.1
118 45 0.22
118 47 0.39
118 48 0.27
118 53 0.29
118 54 0.5
118 59 0.27
118 60 0.27
118 62 0.32
118 67 0.29
118 108 0.25
118 117 0.71
118 132 1.0E-4
2 119 0.27
6 119 0.41
10 119 0.47
11 119 0.22
12 119 0.21
29 119 0.2
40 119 0.15
47 119 0.2
52 119 0.27
66 119 0.35
77 119 0.41
81 119 0.32
82 119 0.35
84 119 0.1
88 119 0.71
103 119 0.15
132 119 0.0
3 120 0.51
120 10 0.13
17 120 0.16
18 120 0.23
19 120 0.31
120 22 0.27
120 32 0.53
36 120 0.11
37 120 0.29
38 120 0.6
39 120 0.51
40 120 0.28
41 120 0.27
45 120 0.12
46 120 0.15
48 120 0.14
49 120 0.17
53 120 0.15
56 120 0.53
120 63 0.22
120 64 0.38
65 120 0.13
68 120 0.42
120 70 0.31
71 120 0.34
72 120 0.38
73 120 0.29
76 120 0.15
120 80 0.22
83 120 0.28
84 120 0.28
87 120 0.15
100 120 0.11
101 120 0.37
102 120 0.29
107 120 0.19
110 120 0.6
111 120 0.17
120 112 0.38
120 113 0.53
115 120 0.19
132 120 4.0E-4
4 121 0.18
40 121 0.11
60 121 0.38
67 121 0.41
97 121 0.33
132 121 1.0E-4
122 2 0.24
122 4 0.28
122 5 0.32
122 8 0.22
122 9 0.45
122 10 0.11
122 11 0.1
122 13 0.3
122 14 0.32
122 17 0.07
122 18 0.29
122 20 0.32
122 21 0.45
122 25 0.18
122 26 0.32
122 31 0.45
122 36 0.09
122 40 0.34
122 41 0.36
122 45 0.2
122 46 0.26
122 47 0.26
122 48 0.48
122 51 0.22
122 52 0.24
122 53 0.39
122 55 0.45
122 59 0.36
122 60 0.24
122 61 0.18
122 62 0.14
122 65 0.21
122 67 0.13
122 68 0.18
122 77 0.18
122 82 0.32
122 83 0.23
122 84 0.19
122 89 0.26
122 95 0.14
122 96 0.32
122 97 0.32
122 98 0.32
122 100 0.1
122 107 0.16
122 108 0.34
122 117 0.32
122 118 0.22
122 132 2.0E-4
3 123 0.46
18 123 0.35
123 22 0.41
123 32 0.82
36 123 0.17
38 123 0.55
39 123 0.46
40 123 0.18
41 123 0.24
45 123 0.18
48 123 0.22
49 123 0.26
53 123 0.24
56 123 0.41
123 63 0.33
123 64 0.58
65 123 0.19
68 123 0.32
123 70 0.47
71 123 0.17
73 123 0.22
76 123 0.24
83 123 0.14
84 123 0.26
87 123 0.24
100 123 0.17
101 123 0.34
107 123 0.29
110 123 0.55
123 112 0.58
123 113 0.82
123 120 0.65
132 123 4.0E-4
124 1 0.38
3 124 0.71
8 124 0.27
18 124 0.23
19 124 0.15
124 22 0.53
124 28 0.53
124 32 0.53
36 124 0.22
37 124 0.14
38 124 0.48
39 124 0.61
40 124 0.28
41 124 0.37
45 124 0.12
48 124 0.14
124 49 0.51
53 124 0.15
56 124 0.4
124 63 0.22
124 64 0.38
65 124 0.25
68 124 0.31
124 70 0.62
71 124 0.23
124 73 0.29
124 76 0.31
83 124 0.28
84 124 0.39
124 87 0.62
95 124 0.17
100 124 0.34
101 124 0.52
102 124 0.14
107 124 0.38
124 109 0.38
110 124 0.48
111 124 0.17
124 112 0.38
124 113 0.53
124 114 0.27
124 115 0.19
124 120 0.43
124 123 0.65
132 124 7.0E-4
4 125 0.18
125 16 0.71
40 125 0.11
41 125 0.14
47 125 0.28
53 125 0.41
59 125 0.38
60 125 0.38
83 125 0.24
84 125 0.15
97 125 0.33
132 125 1.0E-4
126 1 0.33
2 126 0.13
126 3 0.45
4 126 0.06
126 8 0.24
9 126 0.24
13 126 0.32
17 126 0.07
18 126 0.2
126 19 0.54
126 20 0.33
126 21 0.47
126 24 0.33
126 26 0.33
126 34 0.33
126 35 0.33
36 126 0.1
126 37 0.63
126 38 0.53
126 39 0.45
40 126 0.32
41 126 0.28
126 46 0.14
48 126 0.25
126 50 0.33
52 126 0.13
126 56 0.59
126 58 0.47
126 61 0.19
65 126 0.22
68 126 0.65
126 71 0.5
126 72 0.5
126 73 0.5
126 77 0.19
126 78 0.19
126 80 0.19
83 126 0.4
84 126 0.39
89 126 0.41
126 92 0.33
95 126 0.3
126 96 0.33
97 126 0.33
126 98 0.33
100 126 0.2
101 126 0.33
126 102 0.63
103 126 0.07
126 105 0.33
126 106 0.33
107 126 0.17
108 126 0.12
126 110 0.53
126 111 0.6
126 115 0.5
126 120 0.25
122 126 0.32
126 124 0.13
132 126 7.0E-4
5 127 0.5
10 127 0.33
25 127 0.58
127 31 0.71
40 127 0.11
41 127 0.14
45 127 0.32
48 127 0.38
51 127 0.71
52 127 0.38
82 127 0.5
108 127 0.35
122 127 0.32
132 127 1.0E-4
4 128 0.18
40 128 0.11
60 128 0.38
67 128 0.41
97 128 0.33
128 121 1.0
132 128 1.0E-4
2 129 0.14
4 129 0.13
129 5 0.38
129 6 0.22
129 8 0.27
9 129 0.27
129 10 0.13
13 129 0.48
129 17 0.08
18 129 0.57
129 20 0.38
129 21 0.53
129 25 0.22
129 26 0.38
129 27 0.53
129 31 0.27
129 36 0.33
40 129 0.28
41 129 0.32
45 129 0.24
47 129 0.1
48 129 0.43
129 51 0.27
129 52 0.29
129 57 0.27
129 61 0.65
62 129 0.17
129 65 0.5
129 68 0.21
129 69 0.38
129 71 0.11
129 75 0.38
129 76 0.15
129 77 0.22
129 79 0.38
129 82 0.19
129 83 0.18
129 84 0.28
129 89 0.62
129 90 0.53
129 91 0.53
129 93 0.44
129 94 0.57
129 95 0.17
129 96 0.38
129 97 0.5
129 98 0.38
129 100 0.34
129 104 0.38
129 107 0.19
108 129 0.13
129 116 0.38
122 129 0.36
129 126 0.25
132 129 2.0E-4
130 24 1.0
130 34 1.0
130 35 1.0
40 130 0.11
41 130 0.14
130 50 1.0
130 78 0.58
84 130 0.15
89 130 0.41
130 92 1.0
95 130 0.45
100 130 0.3
130 105 1.0
130 106 1.0
130 126 0.33
132 130 1.0E-4
3 131 0.38
18 131 0.21
28 131 0.5
131 32 0.5
38 131 0.22
39 131 0.38
40 131 0.15
41 131 0.2
56 131 0.25
65 131 0.24
68 131 0.2
131 70 0.58
76 131 0.29
84 131 0.21
87 131 0.29
101 131 0.28
110 131 0.22
131 112 0.71
131 113 0.5
131 120 0.27
131 123 0.41
124 131 0.53
132 131 2.0E-4
