*Vertices  43
1 "LED显示屏"
2 "显示器"
3 "LED灯"
4 "电容"
5 "传感器"
6 "控制器"
7 "处理器"
8 "发生器"
9 "荧光粉"
10 "开关"
11 "发光荧光材料"
12 "变压器"
13 "EP"
14 "LED"
15 "二极管"
16 "三极管"
17 "玻璃"
18 "通道"
19 "LED光源"
20 "转换器"
21 "晶体振荡器"
22 "电动机"
23 "发电机"
24 "放大器"
25 "半导体"
26 "电路板"
27 "键合"
28 "燃气涡轮"
29 "圆盘"
30 "锂电池"
31 "LED芯片"
32 "芯片"
33 "存储器"
34 "电极"
35 "电阻"
36 "脉冲信号"
37 "交通灯"
38 "检测仪"
39 "检测板"
40 "模拟音频"
41 "KVM"
42 "扬声器"
43 "单片机"
*Arcs
43 1 5.0E-4
2 1 0.19
2 43 0.0064
3 2 0.13
3 43 0.0016
3 4 0.21
43 4 0.0010
2 5 0.38
43 5 0.0014
6 1 0.57
2 6 0.14
4 6 0.11
43 6 4.0E-4
7 1 0.32
7 2 0.36
7 3 0.17
7 4 0.1
7 5 0.21
7 6 0.48
7 43 0.0023
3 8 0.31
43 8 8.0E-4
9 1 0.16
9 2 0.24
9 3 0.17
9 6 0.12
9 7 0.1
9 43 5.0E-4
10 1 0.11
2 10 0.08
3 10 0.39
10 4 0.46
10 5 0.07
10 6 0.25
7 10 0.28
10 8 0.13
9 10 0.14
10 43 0.0022
11 2 0.23
11 3 0.27
11 7 0.1
11 8 0.17
11 9 0.57
11 10 0.13
11 43 3.0E-4
12 1 0.14
2 12 0.11
3 12 0.2
4 12 0.44
12 5 0.1
12 6 0.11
12 8 0.17
9 12 0.09
10 12 0.25
43 12 6.0E-4
3 13 0.2
13 4 0.17
13 6 0.11
7 13 0.18
9 13 0.46
13 10 0.19
11 13 0.35
13 12 0.08
13 43 4.0E-4
14 1 0.21
14 2 0.28
14 3 0.6
14 4 0.35
14 5 0.32
14 6 0.28
14 7 0.34
14 8 0.18
14 9 0.34
14 10 0.49
14 11 0.35
14 12 0.37
14 13 0.37
14 43 0.0054
15 1 0.14
15 2 0.11
15 3 0.3
15 4 0.34
15 5 0.09
15 6 0.16
15 7 0.04
15 8 0.08
15 9 0.36
15 10 0.31
15 11 0.43
15 12 0.37
15 13 0.24
15 14 0.75
15 43 0.0013
3 16 0.2
16 4 0.61
16 6 0.11
16 8 0.17
10 16 0.31
11 16 0.09
16 12 0.58
13 16 0.08
14 16 0.37
15 16 0.45
43 16 0.0010
17 2 0.12
17 3 0.28
17 4 0.1
17 5 0.21
17 7 0.3
17 8 0.37
17 9 0.2
17 10 0.21
17 11 0.19
17 12 0.09
17 13 0.18
17 14 0.34
17 15 0.22
17 16 0.09
17 43 0.0022
2 18 0.15
3 18 0.22
18 5 0.14
14 18 0.26
15 18 0.23
43 18 3.0E-4
19 2 0.1
19 3 0.44
19 4 0.08
19 5 0.09
19 7 0.18
19 9 0.26
19 10 0.06
19 11 0.17
19 12 0.08
19 13 0.24
19 14 0.38
19 15 0.27
19 16 0.08
19 17 0.18
19 18 0.11
19 43 4.0E-4
2 20 0.29
3 20 0.13
4 20 0.23
20 5 0.38
20 6 0.29
7 20 0.12
9 20 0.12
10 20 0.25
11 20 0.11
12 20 0.11
13 20 0.11
14 20 0.28
15 20 0.21
16 20 0.11
17 20 0.24
43 20 7.0E-4
3 21 0.13
21 4 0.21
21 6 0.27
7 21 0.22
10 21 0.31
13 21 0.2
14 21 0.15
21 16 0.2
17 21 0.22
21 20 0.27
43 21 0.0010
3 22 0.13
5 22 0.24
9 22 0.22
13 22 0.2
14 22 0.15
19 22 0.2
43 22 0.0014
1 23 0.25
2 23 0.19
3 23 0.18
5 23 0.17
6 23 0.19
9 23 0.16
10 23 0.22
12 23 0.29
14 23 0.21
15 23 0.14
19 23 0.14
20 23 0.19
43 23 9.0E-4
24 1 0.25
2 24 0.38
4 24 0.3
24 5 0.17
24 6 0.19
7 24 0.16
12 24 0.29
14 24 0.21
15 24 0.14
16 24 0.14
24 20 0.19
24 23 0.25
43 24 0.0041
25 2 0.14
25 3 0.29
25 4 0.11
25 5 0.12
25 7 0.11
25 9 0.34
25 10 0.12
25 11 0.43
25 12 0.1
25 13 0.31
25 14 0.59
25 15 0.64
25 16 0.05
25 17 0.23
25 18 0.15
25 19 0.3
25 20 0.14
25 24 0.09
25 43 2.0E-4
26 2 0.15
26 3 0.43
26 4 0.12
26 7 0.13
26 8 0.24
26 9 0.13
26 10 0.18
26 11 0.12
26 12 0.12
26 14 0.26
26 15 0.06
26 16 0.12
26 17 0.39
26 19 0.11
26 21 0.29
26 25 0.15
26 43 4.0E-4
3 27 0.07
4 27 0.12
27 5 0.14
9 27 0.13
11 27 0.25
13 27 0.12
14 27 0.26
15 27 0.29
17 27 0.13
20 27 0.15
24 27 0.2
25 27 0.29
43 27 3.0E-4
2 28 0.38
5 28 0.33
12 28 0.29
14 28 0.11
20 28 0.38
23 28 0.5
24 28 0.5
43 28 0.0025
3 29 0.18
9 29 0.32
13 29 0.29
14 29 0.11
19 29 0.28
22 29 0.71
43 29 0.0016
3 30 0.1
30 4 0.35
10 30 0.13
30 12 0.17
14 30 0.18
15 30 0.16
30 16 0.5
17 30 0.18
30 21 0.41
26 30 0.24
43 30 6.0E-4
3 31 0.26
31 4 0.15
9 31 0.23
31 10 0.05
11 31 0.15
31 12 0.14
13 31 0.35
14 31 0.44
15 31 0.48
31 16 0.07
17 31 0.15
31 18 0.4
19 31 0.2
31 24 0.12
25 31 0.57
31 27 0.2
31 43 2.0E-4
32 1 0.07
2 32 0.22
3 32 0.36
32 4 0.36
32 5 0.05
32 6 0.11
7 32 0.05
32 8 0.09
9 32 0.37
32 10 0.29
11 32 0.44
32 12 0.21
32 13 0.38
14 32 0.72
15 32 0.71
32 16 0.3
17 32 0.14
32 18 0.24
19 32 0.16
32 20 0.22
32 21 0.1
32 22 0.1
32 23 0.07
32 24 0.29
25 32 0.69
26 32 0.06
32 27 0.3
32 28 0.15
32 29 0.15
32 30 0.17
32 31 0.61
32 43 0.0054
2 33 0.38
33 5 0.5
33 6 0.19
7 33 0.47
10 33 0.11
12 33 0.14
13 33 0.14
14 33 0.21
19 33 0.14
20 33 0.38
21 33 0.35
33 23 0.25
24 33 0.25
25 33 0.09
33 28 0.5
32 33 0.07
43 33 0.0011
3 34 0.17
4 34 0.35
34 6 0.07
34 8 0.11
9 34 0.06
10 34 0.17
11 34 0.24
34 12 0.45
13 34 0.17
14 34 0.54
15 34 0.67
16 34 0.62
17 34 0.06
34 18 0.16
19 34 0.05
34 20 0.07
34 24 0.1
25 34 0.56
34 27 0.24
30 34 0.23
31 34 0.43
32 34 0.61
43 34 3.0E-4
2 35 0.08
3 35 0.35
35 4 0.66
35 5 0.07
35 6 0.08
7 35 0.07
35 8 0.13
9 35 0.07
10 35 0.48
11 35 0.07
35 12 0.57
13 35 0.13
14 35 0.49
15 35 0.46
35 16 0.76
17 35 0.07
35 18 0.09
19 35 0.06
35 20 0.25
35 21 0.15
35 23 0.11
35 24 0.22
25 35 0.16
26 35 0.18
35 28 0.22
35 30 0.38
31 35 0.16
32 35 0.45
35 33 0.11
35 34 0.56
43 35 0.0016
2 36 0.27
3 36 0.13
36 8 0.41
10 36 0.15
11 36 0.21
14 36 0.15
15 36 0.1
16 36 0.2
32 36 0.21
34 36 0.14
35 36 0.15
43 36 0.0053
14 37 0.11
15 37 0.14
32 37 0.15
43 37 0.0012
2 38 0.27
5 38 0.47
7 38 0.22
12 38 0.2
14 38 0.15
19 38 0.2
20 38 0.27
38 23 0.35
24 38 0.35
25 38 0.13
38 28 0.71
32 38 0.1
33 38 0.71
35 38 0.15
43 38 0.0016
2 39 0.27
5 39 0.47
12 39 0.2
14 39 0.15
20 39 0.27
39 22 0.5
39 23 0.35
24 39 0.35
39 28 0.71
32 39 0.1
33 39 0.35
35 39 0.15
38 39 0.5
43 39 0.0017
2 40 0.38
14 40 0.11
32 40 0.15
36 40 0.71
43 40 0.0034
2 41 0.38
14 41 0.11
32 41 0.15
36 41 0.71
41 40 1.0
43 41 0.0034
3 42 0.1
7 42 0.37
42 10 0.38
14 42 0.18
15 42 0.08
17 42 0.37
32 42 0.09
42 43 0.0019
