*Vertices  46
1 "衬底"
2 "LED灯"
3 "容器"
4 "发光荧光材料"
5 "离子络合"
6 "硼酸"
7 "蓝膜"
8 "AuSn"
9 "Au5Sn"
10 "EP"
11 "外延"
12 "LED"
13 "二极管"
14 "腐蚀液"
15 "Au-Sn合金电镀液"
16 "光谱仪"
17 "光刻胶"
18 "SiO2"
19 "半导体"
20 "GaAs"
21 "焊盘"
22 "荧光光谱"
23 "LED芯片"
24 "芯片"
25 "电流扩展层"
26 "酸盐"
27 "SrCO3"
28 "Eu2O3"
29 "亚硫酸"
30 "硝酸"
31 "Eu2"
32 "Li"
33 "离子"
34 "电极"
35 "基色"
36 "Au-Sn合金"
37 "Au-30at.％Sn合金"
38 "丙酮"
39 "EP-CAB共聚物"
40 "透镜"
41 "发光层"
42 "甲基"
43 "CAB"
44 "激发光"
45 "络合剂"
46 "去离子水"
*Arcs
46 1 7.0E-4
2 1 0.05
2 46 1.0E-4
3 1 0.19
46 3 9.0E-4
4 1 0.16
4 2 0.27
4 3 0.21
4 46 5.0E-4
46 5 0.0035
2 6 0.13
4 6 0.43
46 6 0.0013
1 7 0.38
3 7 0.5
46 7 8.0E-4
8 5 1.0
46 8 0.0035
9 5 1.0
9 8 1.0
46 9 0.0035
10 1 0.15
2 10 0.2
10 3 0.2
4 10 0.35
10 6 0.41
10 7 0.2
46 10 0.0023
11 1 0.93
2 11 0.09
4 11 0.24
11 7 0.19
10 11 0.08
46 11 3.0E-4
12 1 0.4
12 2 0.6
12 3 0.15
12 4 0.35
12 5 0.11
12 6 0.15
12 7 0.15
12 8 0.11
12 9 0.11
12 10 0.37
12 11 0.4
12 46 0.0011
13 1 0.45
13 2 0.3
13 3 0.2
13 4 0.43
13 5 0.14
13 6 0.1
13 7 0.2
13 8 0.14
13 9 0.14
13 10 0.24
13 11 0.45
13 12 0.75
13 46 8.0E-4
1 14 0.6
2 14 0.08
3 14 0.32
14 7 0.32
10 14 0.26
11 14 0.48
12 14 0.24
13 14 0.32
46 14 0.0015
15 5 1.0
15 8 1.0
15 9 1.0
12 15 0.11
13 15 0.14
46 15 0.0035
2 16 0.13
4 16 0.21
16 6 0.5
16 10 0.2
12 16 0.15
13 16 0.1
46 16 0.0011
1 17 0.46
2 17 0.1
10 17 0.17
11 17 0.46
12 17 0.18
13 17 0.24
14 17 0.77
46 17 6.0E-4
18 1 0.27
2 18 0.24
18 3 0.47
4 18 0.7
18 6 0.24
18 7 0.24
18 10 0.38
18 11 0.27
12 18 0.32
13 18 0.38
18 14 0.3
18 16 0.24
18 17 0.19
46 18 0.0013
19 1 0.67
19 2 0.29
19 3 0.13
19 4 0.43
19 5 0.18
19 6 0.13
19 7 0.25
19 8 0.18
19 9 0.18
19 10 0.31
19 11 0.67
19 12 0.59
19 13 0.64
19 14 0.4
19 15 0.18
19 17 0.31
19 18 0.42
19 46 0.0011
1 20 0.55
2 20 0.07
4 20 0.25
7 20 0.29
10 20 0.12
11 20 0.65
12 20 0.26
13 20 0.35
14 20 0.55
20 17 0.47
18 20 0.27
19 20 0.44
46 20 4.0E-4
2 21 0.1
21 5 0.58
21 8 0.58
21 9 0.58
10 21 0.33
12 21 0.18
13 21 0.16
21 15 0.58
19 21 0.21
46 21 0.0013
2 22 0.13
4 22 0.21
22 6 0.5
22 10 0.2
12 22 0.15
13 22 0.1
22 16 1.0
22 18 0.24
46 22 0.0011
23 1 0.52
2 23 0.26
23 3 0.34
4 23 0.15
6 23 0.17
23 7 0.17
10 23 0.35
23 11 0.45
12 23 0.44
13 23 0.48
23 14 0.33
23 17 0.28
18 23 0.24
19 23 0.57
23 20 0.1
23 21 0.28
46 23 3.0E-4
24 1 0.55
2 24 0.36
24 3 0.21
4 24 0.44
24 5 0.15
24 6 0.21
24 7 0.21
24 8 0.15
24 9 0.15
24 10 0.38
24 11 0.55
12 24 0.72
13 24 0.71
24 14 0.33
24 15 0.15
24 16 0.1
24 17 0.26
24 18 0.44
19 24 0.69
24 20 0.36
24 21 0.26
24 22 0.1
24 23 0.61
46 24 0.0013
1 25 0.55
2 25 0.14
3 25 0.29
4 25 0.12
25 7 0.58
10 25 0.24
11 25 0.55
12 25 0.26
13 25 0.35
25 14 0.73
25 17 0.47
18 25 0.41
19 25 0.44
25 20 0.67
23 25 0.3
24 25 0.36
46 25 6.0E-4
2 26 0.14
26 3 0.29
4 26 0.62
26 5 0.41
26 6 0.58
26 8 0.41
26 9 0.41
26 10 0.35
12 26 0.26
13 26 0.29
26 15 0.41
26 16 0.29
26 18 0.54
19 26 0.29
26 21 0.24
26 22 0.29
26 23 0.2
26 24 0.36
46 26 0.0025
2 27 0.13
4 27 0.43
27 6 0.5
27 10 0.41
12 27 0.15
13 27 0.1
27 16 0.5
27 18 0.47
19 27 0.13
27 22 0.5
27 24 0.21
27 26 0.29
46 27 0.0012
2 28 0.13
4 28 0.43
28 6 0.5
28 10 0.41
12 28 0.15
13 28 0.1
28 16 0.5
28 18 0.47
19 28 0.13
28 22 0.5
28 24 0.21
28 26 0.29
28 27 1.0
46 28 0.0012
29 5 1.0
29 8 1.0
29 9 1.0
12 29 0.11
13 29 0.14
29 15 1.0
19 29 0.18
29 21 0.58
24 29 0.15
26 29 0.41
46 29 0.0035
2 30 0.1
4 30 0.52
30 6 0.82
30 10 0.5
12 30 0.18
13 30 0.16
30 16 0.41
30 18 0.38
19 30 0.21
30 22 0.41
30 23 0.14
30 24 0.26
30 26 0.71
30 27 0.41
30 28 0.41
46 30 0.0010
2 31 0.09
4 31 0.6
31 6 0.71
31 10 0.58
12 31 0.21
13 31 0.21
31 16 0.35
31 18 0.5
19 31 0.27
31 22 0.35
31 23 0.12
31 24 0.29
31 26 0.61
31 27 0.71
31 28 0.71
31 30 0.87
46 31 9.0E-4
32 1 0.09
2 32 0.29
32 3 0.24
4 32 0.4
32 6 0.47
32 10 0.29
32 11 0.09
12 32 0.32
13 32 0.28
32 16 0.24
32 18 0.33
19 32 0.3
32 22 0.24
32 23 0.32
32 24 0.34
32 26 0.54
32 27 0.24
32 28 0.24
32 30 0.38
32 31 0.33
32 46 4.0E-4
33 1 0.32
2 33 0.16
33 3 0.21
4 33 0.27
33 5 0.3
33 6 0.43
33 7 0.21
33 8 0.3
33 9 0.3
33 10 0.52
33 11 0.24
12 33 0.35
13 33 0.3
33 14 0.54
33 15 0.3
33 16 0.21
33 17 0.35
33 18 0.3
19 33 0.38
33 20 0.37
33 21 0.17
33 22 0.21
33 23 0.22
33 24 0.36
33 25 0.37
33 26 0.37
33 27 0.43
33 28 0.43
33 29 0.3
33 30 0.35
33 31 0.45
33 32 0.2
33 46 0.0060
34 1 0.73
2 34 0.17
34 3 0.14
4 34 0.24
34 7 0.28
10 34 0.17
34 11 0.73
12 34 0.54
13 34 0.67
34 14 0.44
34 17 0.34
18 34 0.26
19 34 0.56
34 20 0.48
34 21 0.11
23 34 0.43
24 34 0.61
34 25 0.48
32 34 0.07
33 34 0.24
46 34 5.0E-4
2 35 0.09
4 35 0.3
35 6 0.71
35 10 0.29
12 35 0.21
13 35 0.14
35 16 0.35
35 18 0.17
19 35 0.09
35 22 0.35
35 23 0.12
35 24 0.15
35 26 0.41
35 27 0.35
35 28 0.35
35 30 0.58
35 31 0.5
35 32 0.33
35 33 0.3
35 46 7.0E-4
36 5 1.0
36 8 1.0
36 9 1.0
12 36 0.11
13 36 0.14
36 15 1.0
19 36 0.18
36 21 0.58
24 36 0.15
26 36 0.41
36 29 1.0
33 36 0.3
46 36 0.0035
37 5 1.0
37 8 1.0
37 9 1.0
12 37 0.11
13 37 0.14
37 15 1.0
19 37 0.18
37 21 0.58
24 37 0.15
26 37 0.41
37 29 1.0
33 37 0.3
37 36 1.0
46 37 0.0035
38 1 0.27
2 38 0.09
38 3 0.35
4 38 0.15
38 6 0.35
38 7 0.35
38 10 0.58
38 11 0.13
12 38 0.21
13 38 0.14
38 14 0.45
38 16 0.35
38 17 0.29
38 18 0.33
19 38 0.18
38 20 0.2
38 22 0.35
38 23 0.24
38 24 0.22
38 25 0.41
38 26 0.2
38 27 0.35
38 28 0.35
38 30 0.29
38 31 0.25
38 32 0.17
38 33 0.6
38 34 0.2
38 35 0.25
38 46 0.0051
10 39 0.29
12 39 0.11
33 39 0.3
38 39 0.5
46 39 0.0021
40 2 0.28
40 3 0.22
40 4 0.29
40 10 0.09
40 12 0.34
40 13 0.36
40 16 0.22
40 18 0.21
40 19 0.23
40 22 0.22
40 23 0.23
40 24 0.19
40 26 0.26
40 32 0.32
40 33 0.1
40 38 0.16
40 39 0.32
40 46 4.0E-4
1 41 0.71
3 41 0.27
4 41 0.23
41 7 0.53
10 41 0.22
11 41 0.61
12 41 0.28
13 41 0.37
41 14 0.51
41 17 0.22
18 41 0.25
19 41 0.48
41 20 0.62
23 41 0.28
24 41 0.39
41 25 0.62
33 41 0.34
34 41 0.52
38 41 0.38
46 41 5.0E-4
42 1 0.45
2 42 0.06
42 3 0.24
4 42 0.2
42 5 0.33
42 8 0.33
42 9 0.33
10 42 0.1
42 11 0.45
12 42 0.32
13 42 0.28
42 15 0.33
18 42 0.22
19 42 0.42
42 21 0.19
23 42 0.4
24 42 0.39
26 42 0.41
42 29 0.33
32 42 0.33
33 42 0.2
34 42 0.33
42 36 0.33
42 37 0.33
38 42 0.17
42 39 0.33
40 42 0.32
42 41 0.13
46 42 0.0018
10 43 0.29
12 43 0.11
33 43 0.3
38 43 0.5
43 39 1.0
40 43 0.32
42 43 0.33
46 43 0.0021
2 44 0.13
44 3 0.27
4 44 0.57
44 6 0.53
44 10 0.33
12 44 0.28
13 44 0.32
44 16 0.53
44 18 0.5
19 44 0.2
44 22 0.53
44 23 0.18
44 24 0.28
44 26 0.62
44 27 0.53
44 28 0.53
44 30 0.44
44 31 0.57
44 32 0.5
44 33 0.34
44 35 0.38
44 38 0.19
40 44 0.36
44 42 0.25
44 46 6.0E-4
45 5 1.0
45 8 1.0
45 9 1.0
12 45 0.11
13 45 0.14
45 15 1.0
19 45 0.18
45 21 0.58
24 45 0.15
26 45 0.41
45 29 1.0
33 45 0.3
45 36 1.0
45 37 1.0
45 42 0.33
46 45 0.0035
