*Vertices  36
1 "衬底"
2 "发光荧光材料"
3 "次氯酸钠溶液"
4 "蒸镀方法"
5 "EP"
6 "外延片"
7 "外延"
8 "LED"
9 "二极管"
10 "玻璃"
11 "塑料"
12 "腐蚀液"
13 "铝基板"
14 "缓冲层"
15 "光刻胶"
16 "填充区域"
17 "SiO2"
18 "半导体"
19 "Al2O3"
20 "GaAs"
21 "MQW"
22 "ITO"
23 "键合"
24 "LED芯片"
25 "芯片"
26 "电流扩展层"
27 "离子"
28 "电极"
29 "丙酮"
30 "MOCVD"
31 "湿法刻蚀"
32 "干法刻蚀"
33 "屏幕"
34 "发光层"
35 "电流阻挡层"
36 "反射层"
*Arcs
1 36 0.0043
2 1 0.16
2 36 0.0019
1 3 0.38
36 3 0.0022
1 4 0.38
2 4 0.43
36 4 0.0076
5 1 0.15
2 5 0.35
5 3 0.2
5 36 5.0E-4
6 1 0.85
2 6 0.19
6 3 0.22
6 4 0.45
5 6 0.09
6 36 0.0050
7 1 0.93
2 7 0.24
7 3 0.38
7 4 0.38
5 7 0.08
7 6 0.85
7 36 0.0043
8 1 0.4
8 2 0.35
8 3 0.15
8 4 0.15
8 5 0.37
8 6 0.34
8 7 0.4
8 36 9.0E-4
9 1 0.45
9 2 0.43
9 3 0.2
9 4 0.2
9 5 0.24
9 6 0.36
9 7 0.45
9 8 0.75
9 36 0.0014
10 1 0.08
10 2 0.19
10 3 0.22
10 5 0.18
10 6 0.1
10 7 0.08
10 8 0.34
10 9 0.22
10 36 5.0E-4
11 1 0.1
11 2 0.34
11 3 0.27
11 5 0.11
11 6 0.12
11 7 0.1
11 8 0.28
11 9 0.37
11 10 0.48
11 36 7.0E-4
1 12 0.6
12 3 0.63
5 12 0.26
6 12 0.28
7 12 0.48
8 12 0.24
9 12 0.32
10 12 0.14
11 12 0.17
12 36 0.0014
13 1 0.11
13 2 0.12
13 3 0.29
13 5 0.24
13 6 0.13
13 7 0.11
13 8 0.26
13 9 0.23
13 10 0.26
13 11 0.31
13 12 0.18
13 36 7.0E-4
14 1 0.76
2 14 0.21
14 4 0.5
14 6 0.89
14 7 0.76
8 14 0.3
9 14 0.3
14 36 0.0030
1 15 0.46
15 3 0.41
5 15 0.17
6 15 0.37
7 15 0.46
8 15 0.18
9 15 0.24
10 15 0.18
11 15 0.22
12 15 0.77
13 15 0.24
36 15 0.0016
1 16 0.27
3 16 0.71
5 16 0.29
6 16 0.32
7 16 0.27
8 16 0.11
9 16 0.14
10 16 0.32
11 16 0.38
12 16 0.45
13 16 0.41
15 16 0.58
36 16 0.0034
17 1 0.27
2 17 0.7
17 4 0.24
17 5 0.38
17 6 0.21
17 7 0.27
8 17 0.32
9 17 0.38
11 17 0.25
17 12 0.3
17 14 0.12
17 15 0.19
17 36 9.0E-4
18 1 0.67
18 2 0.43
18 3 0.25
18 4 0.25
18 5 0.31
18 6 0.57
18 7 0.67
18 8 0.59
18 9 0.64
18 10 0.23
18 11 0.27
18 12 0.4
18 13 0.22
18 14 0.51
18 15 0.31
18 16 0.18
18 17 0.42
18 36 0.0023
19 1 0.67
2 19 0.5
19 4 0.39
5 19 0.08
19 6 0.79
19 7 0.74
8 19 0.38
9 19 0.43
11 19 0.21
19 12 0.12
19 14 0.78
19 15 0.16
17 19 0.55
18 19 0.6
19 36 0.0023
1 20 0.55
2 20 0.25
20 3 0.58
20 4 0.29
5 20 0.12
6 20 0.26
7 20 0.65
8 20 0.26
9 20 0.35
10 20 0.13
11 20 0.15
12 20 0.55
13 20 0.17
14 20 0.14
20 15 0.47
20 16 0.41
17 20 0.27
18 20 0.44
19 20 0.23
36 20 0.0039
21 1 0.64
2 21 0.18
21 3 0.21
5 21 0.26
21 6 0.76
21 7 0.73
8 21 0.35
9 21 0.38
10 21 0.19
11 21 0.11
21 12 0.27
13 21 0.12
21 14 0.64
21 15 0.35
21 16 0.3
17 21 0.2
18 21 0.6
19 21 0.67
21 20 0.25
21 36 9.0E-4
1 22 0.61
2 22 0.23
22 4 0.27
6 22 0.72
7 22 0.71
8 22 0.28
9 22 0.27
22 12 0.17
14 22 0.67
22 15 0.22
17 22 0.25
18 22 0.48
19 22 0.73
22 20 0.15
21 22 0.68
22 36 0.0011
1 23 0.22
2 23 0.25
23 3 0.29
23 4 0.29
5 23 0.12
6 23 0.13
7 23 0.33
8 23 0.26
9 23 0.29
10 23 0.13
11 23 0.15
23 12 0.18
13 23 0.17
14 23 0.14
17 23 0.27
18 23 0.29
19 23 0.23
23 20 0.5
21 23 0.12
22 23 0.15
23 36 0.0012
24 1 0.52
2 24 0.15
24 3 0.17
5 24 0.35
24 6 0.54
24 7 0.45
8 24 0.44
9 24 0.48
10 24 0.15
11 24 0.18
24 12 0.33
13 24 0.4
24 14 0.43
24 15 0.28
24 16 0.24
17 24 0.24
18 24 0.57
19 24 0.47
24 20 0.1
24 21 0.66
24 22 0.37
24 23 0.2
24 36 6.0E-4
25 1 0.55
2 25 0.44
25 3 0.21
25 4 0.21
25 5 0.38
25 6 0.47
25 7 0.55
8 25 0.72
9 25 0.71
10 25 0.14
11 25 0.17
25 12 0.33
13 25 0.24
25 14 0.42
25 15 0.26
25 16 0.15
25 17 0.44
18 25 0.69
25 19 0.53
25 20 0.36
25 21 0.49
25 22 0.39
25 23 0.3
25 24 0.61
25 36 0.0017
1 26 0.55
2 26 0.12
26 3 0.58
5 26 0.24
6 26 0.26
7 26 0.55
8 26 0.26
9 26 0.35
10 26 0.13
11 26 0.15
26 12 0.73
13 26 0.17
26 15 0.47
26 16 0.41
17 26 0.41
18 26 0.44
19 26 0.23
26 20 0.67
21 26 0.37
22 26 0.31
23 26 0.33
24 26 0.3
25 26 0.36
26 36 0.0014
27 1 0.32
2 27 0.27
27 3 0.43
27 5 0.52
27 6 0.1
27 7 0.24
8 27 0.35
9 27 0.3
10 27 0.38
11 27 0.11
27 12 0.54
13 27 0.12
27 15 0.35
27 16 0.3
27 17 0.3
18 27 0.38
27 20 0.37
27 21 0.18
27 23 0.12
27 24 0.22
27 25 0.36
27 26 0.37
27 36 6.0E-4
28 1 0.73
2 28 0.24
28 3 0.28
28 4 0.28
5 28 0.17
28 6 0.62
28 7 0.73
8 28 0.54
9 28 0.67
10 28 0.06
11 28 0.07
28 12 0.44
13 28 0.08
28 14 0.55
28 15 0.34
28 16 0.2
17 28 0.26
18 28 0.56
19 28 0.54
28 20 0.48
28 21 0.59
28 22 0.52
28 23 0.24
24 28 0.43
25 28 0.61
28 26 0.48
27 28 0.24
28 36 0.0026
29 1 0.27
2 29 0.15
29 3 0.35
29 5 0.58
29 6 0.16
29 7 0.13
8 29 0.21
9 29 0.14
10 29 0.16
11 29 0.19
29 12 0.45
13 29 0.2
29 15 0.29
29 16 0.5
29 17 0.33
18 29 0.18
29 20 0.2
29 21 0.15
29 24 0.24
29 25 0.22
29 26 0.41
29 27 0.6
29 28 0.2
29 36 0.0012
30 1 0.76
2 30 0.29
30 3 0.22
30 4 0.45
5 30 0.09
30 6 0.9
30 7 0.85
8 30 0.34
9 30 0.36
10 30 0.1
11 30 0.12
30 12 0.14
13 30 0.13
30 14 0.89
30 15 0.18
30 16 0.32
17 30 0.21
18 30 0.57
19 30 0.79
30 20 0.39
30 21 0.76
30 22 0.72
30 23 0.26
24 30 0.46
25 30 0.47
30 26 0.26
27 30 0.1
28 30 0.62
29 30 0.16
30 36 0.0050
1 31 0.27
2 31 0.3
31 4 0.71
6 31 0.32
7 31 0.27
8 31 0.11
9 31 0.14
14 31 0.35
17 31 0.33
18 31 0.18
19 31 0.28
31 20 0.41
23 31 0.41
25 31 0.15
28 31 0.2
30 31 0.32
36 31 0.0043
1 32 0.38
2 32 0.43
32 4 1.0
6 32 0.45
7 32 0.38
8 32 0.15
9 32 0.2
14 32 0.5
17 32 0.24
18 32 0.25
19 32 0.39
32 20 0.29
22 32 0.27
23 32 0.29
25 32 0.21
28 32 0.28
30 32 0.45
32 31 0.71
36 32 0.0076
1 33 0.51
2 33 0.23
33 3 0.27
33 4 0.53
5 33 0.11
6 33 0.6
7 33 0.51
8 33 0.28
9 33 0.27
10 33 0.12
11 33 0.14
12 33 0.17
13 33 0.15
14 33 0.53
33 15 0.22
33 16 0.38
17 33 0.13
18 33 0.34
19 33 0.42
33 20 0.31
21 33 0.34
22 33 0.29
23 33 0.15
24 33 0.28
25 33 0.28
26 33 0.15
27 33 0.11
28 33 0.37
29 33 0.19
30 33 0.6
33 31 0.38
33 32 0.53
36 33 0.0057
1 34 0.71
2 34 0.23
34 3 0.53
34 4 0.53
5 34 0.22
6 34 0.48
7 34 0.61
8 34 0.28
9 34 0.37
10 34 0.12
11 34 0.14
34 12 0.51
13 34 0.15
14 34 0.4
34 15 0.22
34 16 0.38
17 34 0.25
18 34 0.48
19 34 0.31
34 20 0.62
21 34 0.23
34 22 0.29
34 23 0.31
24 34 0.28
25 34 0.39
34 26 0.62
27 34 0.34
28 34 0.52
29 34 0.38
30 34 0.48
34 31 0.38
34 32 0.53
34 33 0.43
34 36 0.0064
1 35 0.38
2 35 0.21
35 4 0.5
6 35 0.22
7 35 0.38
8 35 0.15
9 35 0.2
14 35 0.25
17 35 0.24
18 35 0.25
19 35 0.2
35 20 0.58
23 35 0.29
25 35 0.21
26 35 0.29
28 35 0.28
30 35 0.22
35 31 0.71
35 32 0.5
35 33 0.27
34 35 0.53
35 36 0.0027
