*Vertices  11
1 "LED灯"
2 "LED"
3 "二极管"
4 "导热板"
5 "散热片"
6 "散热器"
7 "半导体"
8 "LED芯片"
9 "芯片"
10 "透镜"
11 "反光杯"
*Arcs
1 11 0.0090
2 1 0.6
2 11 0.0040
3 1 0.3
3 2 0.75
3 11 0.0048
1 4 0.25
2 4 0.15
3 4 0.1
4 11 0.0742
1 5 0.47
2 5 0.28
3 5 0.27
5 4 0.53
5 11 0.0334
1 6 0.47
2 6 0.28
3 6 0.21
6 4 0.53
6 5 0.86
6 11 0.0328
7 1 0.29
7 2 0.59
7 3 0.64
7 4 0.13
7 5 0.2
7 6 0.27
7 11 0.0071
1 8 0.26
2 8 0.44
3 8 0.48
8 4 0.17
8 5 0.37
8 6 0.28
7 8 0.57
8 11 0.0118
1 9 0.36
2 9 0.72
3 9 0.71
9 4 0.1
9 5 0.22
9 6 0.17
7 9 0.69
9 8 0.61
9 11 0.0051
10 1 0.28
10 2 0.34
10 3 0.36
10 4 0.45
10 5 0.36
10 6 0.24
10 7 0.23
10 8 0.23
10 9 0.19
10 11 0.0226
