*Vertices  10
1 "LED灯"
2 "发光板"
3 "LED"
4 "二极管"
5 "LED光源"
6 "散热片"
7 "散热器"
8 "发电机"
9 "发光体"
10 "发动机"
*Arcs
1 10 0.0076
1 2 0.18
10 2 0.1005
3 1 0.6
3 2 0.11
3 10 0.0034
4 1 0.3
4 2 0.14
4 3 0.75
4 10 0.0044
5 1 0.44
5 2 0.28
5 3 0.38
5 4 0.27
5 10 0.0153
1 6 0.47
6 2 0.38
3 6 0.28
4 6 0.27
5 6 0.42
6 10 0.0263
1 7 0.47
7 2 0.38
3 7 0.28
4 7 0.21
5 7 0.42
7 6 0.86
7 10 0.0261
1 8 0.18
8 2 0.5
3 8 0.21
4 8 0.14
5 8 0.14
6 8 0.19
7 8 0.19
8 10 0.039
9 1 0.24
9 2 0.45
9 3 0.24
9 4 0.25
9 5 0.37
9 6 0.17
9 7 0.17
9 8 0.22
9 10 0.0325
