*Vertices  10
1 "LED灯"
2 "LED"
3 "二极管"
4 "LED光源"
5 "发动机"
6 "散热片"
7 "散热器"
8 "发电机"
9 "发光体"
10 "发光板"
*Arcs
1 10 0.0076
2 1 0.6
2 10 0.0034
3 1 0.3
3 2 0.75
3 10 0.0044
4 1 0.44
4 2 0.38
4 3 0.27
4 10 0.0153
1 5 0.18
2 5 0.11
3 5 0.14
4 5 0.28
5 10 0.1005
1 6 0.47
2 6 0.28
3 6 0.27
4 6 0.42
6 5 0.38
6 10 0.0263
1 7 0.47
2 7 0.28
3 7 0.21
4 7 0.42
7 5 0.38
7 6 0.86
7 10 0.0261
1 8 0.18
2 8 0.21
3 8 0.14
4 8 0.14
8 5 0.5
6 8 0.19
7 8 0.19
8 10 0.039
9 1 0.24
9 2 0.24
9 3 0.25
9 4 0.37
9 5 0.45
9 6 0.17
9 7 0.17
9 8 0.22
9 10 0.0325
