*Vertices  21
1 "LED灯"
2 "光纤"
3 "探头"
4 "控制器"
5 "处理器"
6 "发生器"
7 "变压器"
8 "LED"
9 "玻璃"
10 "电路板"
11 "码道"
12 "太阳能"
13 "太阳能电池板"
14 "充电电池"
15 "涂层"
16 "充电器"
17 "光触媒"
18 "离子"
19 "臭氧"
20 "光电管"
21 "发光管"
*Arcs
1 21 0.0011
2 21 0.0067
3 2 0.58
3 21 0.0089
4 2 0.19
4 3 0.22
4 21 0.0041
5 1 0.17
5 2 0.16
5 3 0.37
5 4 0.48
5 21 0.0029
1 6 0.31
21 6 0.0052
1 7 0.2
7 4 0.11
7 6 0.17
7 21 0.0014
8 1 0.6
8 2 0.21
8 3 0.18
8 4 0.28
8 5 0.34
8 6 0.18
8 7 0.37
8 21 0.0019
9 1 0.28
9 2 0.32
9 3 0.18
9 5 0.3
9 6 0.37
9 7 0.09
9 8 0.34
9 21 0.0022
10 1 0.43
10 5 0.13
10 6 0.24
10 7 0.12
10 8 0.26
10 9 0.39
10 21 0.0025
2 11 0.5
3 11 0.58
4 11 0.38
5 11 0.32
8 11 0.11
21 11 0.0218
2 12 0.29
3 12 0.33
4 12 0.44
5 12 0.18
7 12 0.17
8 12 0.18
12 11 0.58
21 12 0.0087
2 13 0.5
3 13 0.58
4 13 0.38
5 13 0.32
8 13 0.11
13 11 1.0
13 12 0.58
21 13 0.0218
1 14 0.13
2 14 0.35
3 14 0.41
4 14 0.27
5 14 0.22
8 14 0.15
14 11 0.71
14 12 0.41
14 13 0.71
21 14 0.0119
1 15 0.18
15 6 0.29
15 7 0.14
8 15 0.21
9 15 0.16
10 15 0.2
15 21 0.0037
16 2 0.22
16 3 0.26
16 4 0.17
5 16 0.14
16 7 0.39
8 16 0.24
16 11 0.45
16 12 0.26
16 13 0.45
16 14 0.32
16 21 0.0053
1 17 0.31
6 17 0.67
7 17 0.17
8 17 0.18
9 17 0.37
10 17 0.24
15 17 0.58
21 17 0.0055
1 18 0.16
18 6 0.35
18 7 0.09
8 18 0.35
9 18 0.38
10 18 0.12
18 15 0.15
18 17 0.35
18 21 0.0017
1 19 0.2
19 6 0.67
7 19 0.17
8 19 0.18
9 19 0.37
10 19 0.24
15 19 0.29
19 17 0.67
18 19 0.35
19 21 0.0057
2 20 0.5
3 20 0.58
4 20 0.38
5 20 0.32
8 20 0.11
20 11 1.0
20 12 0.58
20 13 1.0
20 14 0.71
16 20 0.45
20 21 0.0218
