*Vertices  48
1 "LCD显示屏"
2 "衬底"
3 "容器"
4 "发光荧光材料"
5 "GAN"
6 "次氯酸钠溶液"
7 "蓝膜"
8 "蒸镀方法"
9 "EP"
10 "LED外延片"
11 "外延片"
12 "外延"
13 "LED"
14 "二极管"
15 "玻璃"
16 "塑料"
17 "腐蚀液"
18 "铝基板"
19 "缓冲层"
20 "光刻胶"
21 "填充区域"
22 "SiO2"
23 "半导体"
24 "Al2O3"
25 "GaAs"
26 "MQW"
27 "ITO"
28 "键合"
29 "LED芯片"
30 "芯片"
31 "电流扩展层"
32 "去离子水"
33 "离子"
34 "电极"
35 "接触层"
36 "丙酮"
37 "真空吸盘"
38 "MOCVD"
39 "标准芯片工艺制作"
40 "湿法刻蚀"
41 "干法刻蚀"
42 "湿法腐蚀"
43 "空穴"
44 "屏幕"
45 "反射层"
46 "甲基"
47 "电流阻挡层"
48 "发光层"
*Arcs
48 1 8.0E-4
2 1 0.27
2 48 0.0054
3 2 0.19
3 48 5.0E-4
4 2 0.16
4 3 0.21
4 48 7.0E-4
5 1 0.41
5 2 0.65
5 48 5.0E-4
2 6 0.38
48 6 0.0024
2 7 0.38
3 7 0.5
48 7 0.0016
2 8 0.38
4 8 0.43
48 8 0.0024
9 2 0.15
9 3 0.2
4 9 0.35
9 6 0.2
9 7 0.2
9 48 5.0E-4
10 1 0.38
10 2 0.71
10 5 0.93
10 48 5.0E-4
11 1 0.32
11 2 0.85
4 11 0.19
11 5 0.77
11 6 0.22
11 8 0.45
9 11 0.09
11 10 0.84
11 48 0.0029
12 1 0.27
12 2 0.93
4 12 0.24
12 5 0.65
12 6 0.38
12 7 0.19
12 8 0.38
9 12 0.08
12 10 0.71
12 11 0.85
12 48 0.0044
13 1 0.11
13 2 0.4
13 3 0.15
13 4 0.35
13 5 0.26
13 6 0.15
13 7 0.15
13 8 0.15
13 9 0.37
13 10 0.28
13 11 0.34
13 12 0.4
13 48 0.0011
14 1 0.14
14 2 0.45
14 3 0.2
14 4 0.43
14 5 0.29
14 6 0.2
14 7 0.2
14 8 0.2
14 9 0.24
14 10 0.27
14 11 0.36
14 12 0.45
14 13 0.75
14 48 0.0017
15 2 0.08
15 4 0.19
15 6 0.22
15 9 0.18
15 11 0.1
15 12 0.08
15 13 0.34
15 14 0.22
15 48 2.0E-4
16 2 0.1
16 3 0.27
16 4 0.34
16 6 0.27
16 9 0.11
16 11 0.12
16 12 0.1
16 13 0.28
16 14 0.37
16 15 0.48
16 48 3.0E-4
2 17 0.6
3 17 0.32
5 17 0.18
17 6 0.63
17 7 0.32
9 17 0.26
10 17 0.17
11 17 0.28
12 17 0.48
13 17 0.24
14 17 0.32
15 17 0.14
16 17 0.17
48 17 0.0026
18 2 0.11
18 4 0.12
18 6 0.29
18 9 0.24
18 11 0.13
18 12 0.11
18 13 0.26
18 14 0.23
18 15 0.26
18 16 0.31
18 17 0.18
18 48 3.0E-4
19 1 0.35
19 2 0.76
4 19 0.21
19 5 0.72
19 8 0.5
19 10 0.8
19 11 0.89
19 12 0.76
13 19 0.3
14 19 0.3
19 48 0.0020
2 20 0.46
5 20 0.24
20 6 0.41
9 20 0.17
10 20 0.22
11 20 0.37
12 20 0.46
13 20 0.18
14 20 0.24
15 20 0.18
16 20 0.22
17 20 0.77
18 20 0.24
48 20 8.0E-4
2 21 0.27
6 21 0.71
9 21 0.29
11 21 0.32
12 21 0.27
13 21 0.11
14 21 0.14
15 21 0.32
16 21 0.38
17 21 0.45
18 21 0.41
20 21 0.58
48 21 0.0013
22 2 0.27
22 3 0.47
4 22 0.7
22 5 0.14
22 7 0.24
22 8 0.24
22 9 0.38
22 10 0.13
22 11 0.21
22 12 0.27
13 22 0.32
14 22 0.38
16 22 0.25
22 17 0.3
22 19 0.12
22 20 0.19
22 48 9.0E-4
23 1 0.18
23 2 0.67
23 3 0.13
23 4 0.43
23 5 0.44
23 6 0.25
23 7 0.25
23 8 0.25
23 9 0.31
23 10 0.48
23 11 0.57
23 12 0.67
23 13 0.59
23 14 0.64
23 15 0.23
23 16 0.27
23 17 0.4
23 18 0.22
23 19 0.51
23 20 0.31
23 21 0.18
23 22 0.42
23 48 0.0028
24 1 0.28
24 2 0.67
24 3 0.2
4 24 0.5
24 5 0.68
24 8 0.39
9 24 0.08
24 10 0.73
24 11 0.79
24 12 0.74
13 24 0.38
14 24 0.43
16 24 0.21
24 17 0.12
24 19 0.78
24 20 0.16
22 24 0.55
23 24 0.6
24 48 0.0016
2 25 0.55
4 25 0.25
25 6 0.58
7 25 0.29
25 8 0.29
9 25 0.12
11 25 0.26
12 25 0.65
13 25 0.26
14 25 0.35
15 25 0.13
16 25 0.15
17 25 0.55
18 25 0.17
19 25 0.14
25 20 0.47
25 21 0.41
22 25 0.27
23 25 0.44
24 25 0.23
48 25 0.0038
26 1 0.3
26 2 0.64
4 26 0.18
26 5 0.74
26 6 0.21
9 26 0.26
26 10 0.8
26 11 0.76
26 12 0.73
13 26 0.35
14 26 0.38
15 26 0.19
16 26 0.11
26 17 0.27
18 26 0.12
26 19 0.64
26 20 0.35
26 21 0.3
22 26 0.2
23 26 0.6
24 26 0.67
26 25 0.25
26 48 0.0010
27 1 0.38
2 27 0.61
4 27 0.23
5 27 0.62
27 8 0.27
10 27 0.71
11 27 0.72
12 27 0.71
13 27 0.28
14 27 0.27
27 17 0.17
19 27 0.67
27 20 0.22
22 27 0.25
23 27 0.48
24 27 0.73
27 25 0.15
26 27 0.68
48 27 0.0012
2 28 0.22
4 28 0.25
28 6 0.29
28 8 0.29
9 28 0.12
11 28 0.13
12 28 0.33
13 28 0.26
14 28 0.29
15 28 0.13
16 28 0.15
28 17 0.18
18 28 0.17
19 28 0.14
22 28 0.27
23 28 0.29
24 28 0.23
28 25 0.5
26 28 0.12
27 28 0.15
48 28 0.0011
29 1 0.24
29 2 0.52
29 3 0.34
4 29 0.15
29 5 0.5
29 6 0.17
29 7 0.17
9 29 0.35
29 10 0.55
29 11 0.54
29 12 0.45
13 29 0.44
14 29 0.48
15 29 0.15
16 29 0.18
29 17 0.33
18 29 0.4
29 19 0.43
29 20 0.28
29 21 0.24
22 29 0.24
23 29 0.57
24 29 0.47
29 25 0.1
29 26 0.66
29 27 0.37
29 28 0.2
29 48 0.0011
30 1 0.15
30 2 0.55
30 3 0.21
4 30 0.44
30 5 0.36
30 6 0.21
30 7 0.21
30 8 0.21
30 9 0.38
30 10 0.39
30 11 0.47
30 12 0.55
13 30 0.72
14 30 0.71
15 30 0.14
16 30 0.17
30 17 0.33
18 30 0.24
30 19 0.42
30 20 0.26
30 21 0.15
30 22 0.44
23 30 0.69
30 24 0.53
30 25 0.36
30 26 0.49
30 27 0.39
30 28 0.3
30 29 0.61
30 48 0.0020
2 31 0.55
3 31 0.29
4 31 0.12
5 31 0.17
31 6 0.58
31 7 0.58
9 31 0.24
10 31 0.15
11 31 0.26
12 31 0.55
13 31 0.26
14 31 0.35
15 31 0.13
16 31 0.15
31 17 0.73
18 31 0.17
31 20 0.47
31 21 0.41
22 31 0.41
23 31 0.44
24 31 0.23
31 25 0.67
26 31 0.37
27 31 0.31
28 31 0.33
29 31 0.3
30 31 0.36
48 31 0.0035
32 2 0.24
32 3 0.32
4 32 0.13
32 7 0.32
32 9 0.39
32 12 0.12
13 32 0.24
14 32 0.19
32 17 0.4
32 20 0.26
32 22 0.3
23 32 0.24
32 25 0.18
32 29 0.11
32 30 0.26
32 31 0.18
32 48 3.0E-4
33 2 0.32
33 3 0.21
4 33 0.27
33 6 0.43
33 7 0.21
33 9 0.52
33 11 0.1
33 12 0.24
13 33 0.35
14 33 0.3
15 33 0.38
16 33 0.11
33 17 0.54
18 33 0.12
33 20 0.35
33 21 0.3
33 22 0.3
23 33 0.38
33 25 0.37
33 26 0.18
33 28 0.12
33 29 0.22
33 30 0.36
33 31 0.37
33 32 0.67
33 48 0.0012
34 1 0.2
34 2 0.73
34 3 0.14
4 34 0.24
34 5 0.48
34 6 0.28
34 7 0.28
34 8 0.28
9 34 0.17
34 10 0.52
34 11 0.62
34 12 0.73
13 34 0.54
14 34 0.67
15 34 0.06
16 34 0.07
34 17 0.44
18 34 0.08
34 19 0.55
34 20 0.34
34 21 0.2
22 34 0.26
23 34 0.56
24 34 0.54
34 25 0.48
34 26 0.59
34 27 0.52
34 28 0.24
29 34 0.43
30 34 0.61
34 31 0.48
32 34 0.18
33 34 0.24
34 48 0.0031
35 1 0.38
35 2 0.71
35 5 0.93
35 10 1.0
35 11 0.84
35 12 0.71
13 35 0.28
14 35 0.27
35 17 0.17
35 19 0.8
35 20 0.22
22 35 0.13
23 35 0.48
24 35 0.73
35 26 0.8
35 27 0.71
29 35 0.55
30 35 0.39
35 31 0.15
34 35 0.52
35 48 5.0E-4
36 2 0.27
36 3 0.35
4 36 0.15
36 6 0.35
36 7 0.35
36 9 0.58
36 11 0.16
36 12 0.13
13 36 0.21
14 36 0.14
15 36 0.16
16 36 0.19
36 17 0.45
18 36 0.2
36 20 0.29
36 21 0.5
36 22 0.33
23 36 0.18
36 25 0.2
36 26 0.15
36 29 0.24
36 30 0.22
36 31 0.41
36 32 0.67
36 33 0.6
36 34 0.2
36 48 0.0013
2 37 0.27
37 6 0.71
12 37 0.27
13 37 0.11
14 37 0.14
17 37 0.45
23 37 0.18
25 37 0.41
28 37 0.41
30 37 0.15
31 37 0.41
33 37 0.3
34 37 0.2
48 37 0.0010
38 1 0.32
38 2 0.76
4 38 0.29
38 5 0.65
38 6 0.22
38 8 0.45
9 38 0.09
38 10 0.72
38 11 0.9
38 12 0.85
13 38 0.34
14 38 0.36
15 38 0.1
16 38 0.12
38 17 0.14
18 38 0.13
38 19 0.89
38 20 0.18
38 21 0.32
22 38 0.21
23 38 0.57
24 38 0.79
38 25 0.39
38 26 0.76
38 27 0.72
38 28 0.26
29 38 0.46
30 38 0.47
38 31 0.26
33 38 0.1
34 38 0.62
38 35 0.72
36 38 0.16
38 48 0.0028
39 1 0.45
39 2 0.6
39 5 0.73
39 10 0.85
39 11 0.71
39 12 0.6
13 39 0.24
14 39 0.19
39 19 0.79
23 39 0.4
24 39 0.62
39 26 0.67
39 27 0.68
29 39 0.43
30 39 0.33
34 39 0.44
39 35 0.85
39 38 0.71
39 48 5.0E-4
2 40 0.27
4 40 0.3
40 8 0.71
11 40 0.32
12 40 0.27
13 40 0.11
14 40 0.14
19 40 0.35
22 40 0.33
23 40 0.18
24 40 0.28
40 25 0.41
28 40 0.41
30 40 0.15
34 40 0.2
38 40 0.32
48 40 0.0014
2 41 0.38
4 41 0.43
41 8 1.0
11 41 0.45
12 41 0.38
13 41 0.15
14 41 0.2
19 41 0.5
22 41 0.24
23 41 0.25
24 41 0.39
41 25 0.29
27 41 0.27
28 41 0.29
30 41 0.21
34 41 0.28
38 41 0.45
41 40 0.71
48 41 0.0024
2 42 0.38
5 42 0.29
42 6 0.5
10 42 0.27
11 42 0.22
12 42 0.38
13 42 0.15
14 42 0.2
17 42 0.63
20 42 0.41
22 42 0.24
23 42 0.25
24 42 0.2
25 42 0.29
26 42 0.21
27 42 0.27
28 42 0.29
29 42 0.17
30 42 0.21
31 42 0.58
33 42 0.21
34 42 0.28
35 42 0.27
42 37 0.71
48 42 8.0E-4
43 1 0.5
2 43 0.4
5 43 0.61
9 43 0.14
10 43 0.57
11 43 0.47
12 43 0.4
13 43 0.21
14 43 0.21
19 43 0.53
23 43 0.36
24 43 0.42
26 43 0.6
43 27 0.57
29 43 0.36
30 43 0.29
34 43 0.39
35 43 0.57
38 43 0.47
39 43 0.67
48 43 4.0E-4
2 44 0.51
4 44 0.23
5 44 0.31
44 6 0.27
44 8 0.53
9 44 0.11
10 44 0.29
11 44 0.6
12 44 0.51
13 44 0.28
14 44 0.27
15 44 0.12
16 44 0.14
17 44 0.17
18 44 0.15
19 44 0.53
44 20 0.22
44 21 0.38
22 44 0.13
23 44 0.34
24 44 0.42
44 25 0.31
26 44 0.34
27 44 0.29
28 44 0.15
29 44 0.28
30 44 0.28
31 44 0.15
33 44 0.11
34 44 0.37
35 44 0.29
36 44 0.19
38 44 0.6
39 44 0.17
44 40 0.38
44 41 0.53
43 44 0.19
48 44 0.0020
2 45 0.46
4 45 0.35
45 6 0.41
45 8 0.82
9 45 0.17
11 45 0.55
12 45 0.46
13 45 0.18
14 45 0.24
15 45 0.18
16 45 0.22
17 45 0.26
18 45 0.24
19 45 0.41
45 20 0.33
45 21 0.58
22 45 0.19
23 45 0.31
24 45 0.32
45 25 0.47
26 45 0.17
27 45 0.22
28 45 0.24
29 45 0.14
30 45 0.26
31 45 0.24
33 45 0.17
34 45 0.34
36 45 0.29
38 45 0.55
45 40 0.58
45 41 0.82
45 44 0.65
48 45 0.0037
46 1 0.33
46 2 0.45
46 3 0.24
4 46 0.2
46 5 0.54
9 46 0.1
46 10 0.63
46 11 0.53
46 12 0.45
13 46 0.32
14 46 0.28
16 46 0.25
46 19 0.59
22 46 0.22
23 46 0.42
24 46 0.65
46 26 0.5
46 27 0.5
29 46 0.4
30 46 0.39
32 46 0.3
33 46 0.2
34 46 0.33
46 35 0.63
36 46 0.17
46 38 0.53
46 39 0.6
46 43 0.5
46 44 0.25
46 48 4.0E-4
2 47 0.38
4 47 0.21
7 47 0.5
47 8 0.5
11 47 0.22
12 47 0.38
13 47 0.15
14 47 0.2
19 47 0.25
22 47 0.24
23 47 0.25
24 47 0.2
47 25 0.58
28 47 0.29
30 47 0.21
31 47 0.29
34 47 0.28
38 47 0.22
47 40 0.71
47 41 0.5
47 44 0.27
47 45 0.41
48 47 0.0023
