*Vertices  83
1 "显示器"
2 "衬底"
3 "LED灯"
4 "容器"
5 "光膜"
6 "处理器"
7 "单片机"
8 "发生器"
9 "荧光粉"
10 "开关"
11 "柔性高分子材料"
12 "塑料光转换荧光粒料"
13 "助剂"
14 "聚合物树脂"
15 "硼酸"
16 "蒸镀方法"
17 "EP"
18 "外延片"
19 "外延"
20 "LED"
21 "二极管"
22 "三极管"
23 "玻璃"
24 "LED光源"
25 "塑料"
26 "转换器"
27 "铝基板"
28 "缓冲层"
29 "稀释剂"
30 "光谱仪"
31 "荧光体"
32 "发光体"
33 "硅橡胶"
34 "SiO2"
35 "半导体"
36 "电路板"
37 "Al2O3"
38 "NH4H2PO4"
39 "GaAs"
40 "MQW"
41 "ITO"
42 "硅氧磷灰石"
43 "键合"
44 "客户"
45 "荧光光谱"
46 "金属银纳米粒子"
47 "LED芯片"
48 "芯片"
49 "金属层"
50 "涂层"
51 "电流扩展层"
52 "酸盐"
53 "硅油"
54 "SrCO3"
55 "Eu2O3"
56 "硝酸"
57 "Eu2"
58 "去离子水"
59 "硬脂酰胺"
60 "Li"
61 "液体石蜡"
62 "离子"
63 "电极"
64 "电阻"
65 "基色"
66 "脉冲信号"
67 "丙酮"
68 "激光"
69 "MOCVD"
70 "湿法刻蚀"
71 "干法刻蚀"
72 "玻璃体"
73 "洗墙灯"
74 "射灯"
75 "臭氧"
76 "屏幕"
77 "透镜"
78 "反射层"
79 "发光层"
80 "甲基"
81 "激发光"
82 "电流阻挡层"
83 "发光荧光材料"
*Arcs
83 1 3.0E-4
83 2 3.0E-4
3 1 0.13
3 2 0.05
83 3 5.0E-4
4 2 0.19
83 4 3.0E-4
5 1 0.27
5 3 0.13
5 4 0.5
83 5 9.0E-4
6 1 0.36
6 3 0.17
6 5 0.22
83 6 1.0E-4
1 7 0.46
3 7 0.21
6 7 0.29
83 7 0.0
3 8 0.31
7 8 0.17
83 8 1.0E-4
9 1 0.24
9 2 0.08
9 3 0.17
9 4 0.22
9 5 0.45
9 6 0.1
9 7 0.1
83 9 0.0018
1 10 0.08
3 10 0.39
6 10 0.28
10 7 0.26
10 8 0.13
9 10 0.14
83 10 1.0E-4
11 4 0.71
5 11 0.71
9 11 0.32
83 11 5.0E-4
1 12 0.38
3 12 0.18
9 12 0.32
10 12 0.22
83 12 5.0E-4
1 13 0.27
3 13 0.13
13 4 0.5
5 13 0.5
9 13 0.45
10 13 0.15
13 11 0.71
13 12 0.71
83 13 0.0011
1 14 0.38
3 14 0.18
9 14 0.32
10 14 0.22
14 12 1.0
14 13 0.71
83 14 5.0E-4
3 15 0.13
9 15 0.22
83 15 0.0010
2 16 0.38
83 16 7.0E-4
17 2 0.15
3 17 0.2
17 4 0.2
6 17 0.18
17 7 0.09
9 17 0.46
17 10 0.19
17 15 0.41
83 17 8.0E-4
18 2 0.85
3 18 0.06
9 18 0.1
18 16 0.45
17 18 0.09
83 18 3.0E-4
19 2 0.93
3 19 0.09
9 19 0.08
19 16 0.38
17 19 0.08
19 18 0.85
83 19 4.0E-4
20 1 0.28
20 2 0.4
20 3 0.6
20 4 0.15
20 5 0.15
20 6 0.34
20 7 0.35
20 8 0.18
20 9 0.34
20 10 0.49
20 11 0.11
20 12 0.11
20 13 0.15
20 14 0.11
20 15 0.15
20 16 0.15
20 17 0.37
20 18 0.34
20 19 0.4
20 83 0.0010
21 1 0.11
21 2 0.45
21 3 0.3
21 4 0.2
21 5 0.2
21 6 0.04
21 7 0.13
21 8 0.08
21 9 0.36
21 10 0.31
21 11 0.14
21 12 0.14
21 13 0.2
21 14 0.14
21 15 0.1
21 16 0.2
21 17 0.24
21 18 0.36
21 19 0.45
21 20 0.75
21 83 0.0012
3 22 0.2
7 22 0.17
22 8 0.17
10 22 0.31
17 22 0.08
20 22 0.37
21 22 0.45
83 22 0.0
23 1 0.12
23 2 0.08
23 3 0.28
23 5 0.22
23 6 0.3
23 7 0.29
23 8 0.37
23 9 0.2
23 10 0.21
23 15 0.22
23 17 0.18
23 18 0.1
23 19 0.08
23 20 0.34
23 21 0.22
23 22 0.09
23 83 3.0E-4
24 1 0.1
24 3 0.44
24 5 0.2
24 6 0.18
24 7 0.08
24 9 0.26
24 10 0.06
24 15 0.2
24 17 0.24
24 20 0.38
24 21 0.27
24 22 0.08
24 23 0.18
24 83 2.0E-4
25 1 0.29
25 2 0.1
25 3 0.13
25 4 0.27
25 5 0.53
25 6 0.12
25 9 0.36
25 10 0.16
25 11 0.38
25 12 0.38
25 13 0.53
25 14 0.38
25 17 0.11
25 18 0.12
25 19 0.1
25 20 0.28
25 21 0.37
25 23 0.48
25 24 0.1
25 83 7.0E-4
1 26 0.29
3 26 0.13
6 26 0.12
7 26 0.11
9 26 0.12
10 26 0.25
26 12 0.38
26 13 0.27
26 14 0.38
17 26 0.11
20 26 0.28
21 26 0.21
22 26 0.11
23 26 0.24
25 26 0.43
83 26 1.0E-4
27 1 0.15
27 2 0.11
27 3 0.29
27 5 0.29
27 6 0.13
27 9 0.26
27 17 0.24
27 18 0.13
27 19 0.11
27 20 0.26
27 21 0.23
27 23 0.26
27 24 0.34
27 25 0.31
27 83 1.0E-4
28 2 0.76
9 28 0.11
28 16 0.5
28 18 0.89
28 19 0.76
20 28 0.3
21 28 0.3
83 28 3.0E-4
29 4 0.71
5 29 0.71
9 29 0.32
29 11 1.0
29 13 0.71
20 29 0.11
21 29 0.14
25 29 0.38
83 29 5.0E-4
3 30 0.13
30 15 0.5
30 17 0.2
20 30 0.15
21 30 0.1
83 30 3.0E-4
31 4 0.41
5 31 0.41
9 31 0.55
31 11 0.58
31 13 0.41
15 31 0.41
17 31 0.33
20 31 0.18
21 31 0.24
23 31 0.18
24 31 0.16
25 31 0.22
31 29 0.58
83 31 0.0016
32 1 0.17
32 3 0.24
32 5 0.32
32 6 0.14
32 9 0.28
32 17 0.13
32 20 0.24
32 21 0.25
32 23 0.14
32 24 0.37
32 25 0.17
32 27 0.18
32 31 0.26
32 83 4.0E-4
33 4 0.71
5 33 0.71
9 33 0.32
33 11 1.0
33 13 0.71
20 33 0.11
21 33 0.14
25 33 0.38
33 29 1.0
33 31 0.58
83 33 5.0E-4
1 34 0.13
34 2 0.27
3 34 0.24
34 4 0.47
5 34 0.24
9 34 0.42
34 10 0.07
34 11 0.33
34 12 0.33
34 13 0.47
34 14 0.33
34 15 0.24
34 16 0.24
34 17 0.38
34 18 0.21
34 19 0.27
20 34 0.32
21 34 0.38
25 34 0.25
34 26 0.13
34 28 0.12
34 29 0.33
34 30 0.24
34 31 0.38
32 34 0.15
34 33 0.33
83 34 0.0025
35 1 0.14
35 2 0.67
35 3 0.29
35 4 0.13
35 5 0.13
35 6 0.11
35 7 0.05
35 9 0.34
35 10 0.12
35 12 0.18
35 13 0.13
35 14 0.18
35 15 0.13
35 16 0.25
35 17 0.31
35 18 0.57
35 19 0.67
35 20 0.59
35 21 0.64
35 22 0.05
35 23 0.23
35 24 0.3
35 25 0.27
35 26 0.14
35 27 0.22
35 28 0.51
35 31 0.21
35 32 0.16
35 34 0.42
35 83 0.0012
36 1 0.15
36 3 0.43
36 5 0.29
36 6 0.13
36 7 0.12
36 8 0.24
36 9 0.13
36 10 0.18
36 20 0.26
36 21 0.06
36 22 0.12
36 23 0.39
36 24 0.11
36 25 0.15
36 27 0.17
36 32 0.37
36 35 0.15
36 83 1.0E-4
1 37 0.1
37 2 0.67
3 37 0.15
37 4 0.2
5 37 0.2
9 37 0.35
37 10 0.06
37 11 0.28
37 12 0.28
37 13 0.39
37 14 0.28
37 16 0.39
17 37 0.08
37 18 0.79
37 19 0.74
20 37 0.38
21 37 0.43
25 37 0.21
37 26 0.1
37 28 0.78
37 29 0.28
37 31 0.16
37 33 0.28
34 37 0.55
35 37 0.6
83 37 0.0014
9 38 0.32
17 38 0.29
20 38 0.11
21 38 0.14
31 38 0.58
32 38 0.45
34 38 0.33
35 38 0.18
83 38 5.0E-4
2 39 0.55
3 39 0.07
39 16 0.29
17 39 0.12
18 39 0.26
19 39 0.65
20 39 0.26
21 39 0.35
23 39 0.13
25 39 0.15
27 39 0.17
28 39 0.14
34 39 0.27
35 39 0.44
37 39 0.23
83 39 4.0E-4
40 2 0.64
3 40 0.16
9 40 0.19
10 40 0.07
15 40 0.21
17 40 0.26
40 18 0.76
40 19 0.73
20 40 0.35
21 40 0.38
22 40 0.09
23 40 0.19
24 40 0.17
25 40 0.11
27 40 0.12
40 28 0.64
31 40 0.17
34 40 0.2
35 40 0.6
37 40 0.67
40 39 0.25
83 40 3.0E-4
2 41 0.61
3 41 0.13
9 41 0.12
41 16 0.27
18 41 0.72
19 41 0.71
20 41 0.28
21 41 0.27
28 41 0.67
34 41 0.25
35 41 0.48
37 41 0.73
41 39 0.15
40 41 0.68
83 41 3.0E-4
9 42 0.32
17 42 0.29
20 42 0.11
21 42 0.14
31 42 0.58
32 42 0.45
34 42 0.33
35 42 0.18
42 38 1.0
83 42 5.0E-4
2 43 0.22
3 43 0.07
7 43 0.12
9 43 0.13
43 16 0.29
17 43 0.12
18 43 0.13
19 43 0.33
20 43 0.26
21 43 0.29
23 43 0.13
25 43 0.15
26 43 0.15
27 43 0.17
28 43 0.14
34 43 0.27
35 43 0.29
37 43 0.23
43 39 0.5
40 43 0.12
41 43 0.15
83 43 3.0E-4
1 44 0.22
3 44 0.2
6 44 0.37
9 44 0.18
10 44 0.25
44 12 0.58
44 13 0.41
44 14 0.58
17 44 0.17
20 44 0.18
21 44 0.08
24 44 0.16
25 44 0.22
26 44 0.22
34 44 0.19
35 44 0.21
37 44 0.16
83 44 2.0E-4
3 45 0.13
45 15 0.5
45 17 0.2
20 45 0.15
21 45 0.1
45 30 1.0
45 34 0.24
83 45 3.0E-4
9 46 0.32
15 46 0.71
17 46 0.29
20 46 0.11
21 46 0.14
23 46 0.32
24 46 0.28
31 46 0.58
35 46 0.18
40 46 0.3
83 46 5.0E-4
47 2 0.52
3 47 0.26
47 4 0.34
5 47 0.17
47 7 0.07
9 47 0.23
47 10 0.05
47 11 0.24
47 13 0.17
15 47 0.17
17 47 0.35
47 18 0.54
47 19 0.45
20 47 0.44
21 47 0.48
47 22 0.07
23 47 0.15
24 47 0.2
25 47 0.18
27 47 0.4
47 28 0.43
47 29 0.24
47 31 0.28
47 33 0.24
34 47 0.24
35 47 0.57
37 47 0.47
47 39 0.1
47 40 0.66
47 41 0.37
47 43 0.2
47 46 0.24
83 47 3.0E-4
1 48 0.22
48 2 0.55
3 48 0.36
48 4 0.21
5 48 0.1
6 48 0.05
48 7 0.36
48 8 0.09
9 48 0.37
48 10 0.29
48 11 0.15
48 12 0.15
48 13 0.21
48 14 0.15
48 15 0.21
48 16 0.21
48 17 0.38
48 18 0.47
48 19 0.55
20 48 0.72
21 48 0.71
48 22 0.3
23 48 0.14
24 48 0.16
25 48 0.17
48 26 0.22
27 48 0.24
48 28 0.42
48 29 0.15
48 30 0.1
48 31 0.26
32 48 0.07
48 33 0.15
48 34 0.44
35 48 0.69
36 48 0.06
48 37 0.53
48 38 0.15
48 39 0.36
48 40 0.49
48 41 0.39
48 42 0.15
48 43 0.3
48 44 0.09
48 45 0.1
48 46 0.15
48 47 0.61
83 48 0.0013
3 49 0.18
19 49 0.27
20 49 0.11
21 49 0.14
34 49 0.33
35 49 0.18
37 49 0.28
39 49 0.41
40 49 0.3
41 49 0.38
43 49 0.41
48 49 0.15
83 49 2.0E-4
3 50 0.18
50 8 0.29
9 50 0.16
17 50 0.14
20 50 0.21
21 50 0.14
23 50 0.16
24 50 0.14
32 50 0.22
34 50 0.17
35 50 0.09
36 50 0.2
50 37 0.14
48 50 0.07
83 50 1.0E-4
2 51 0.55
3 51 0.14
4 51 0.29
17 51 0.24
18 51 0.26
19 51 0.55
20 51 0.26
21 51 0.35
23 51 0.13
25 51 0.15
27 51 0.17
34 51 0.41
35 51 0.44
37 51 0.23
51 39 0.67
40 51 0.37
41 51 0.31
43 51 0.33
47 51 0.3
48 51 0.36
51 49 0.41
83 51 1.0E-4
1 52 0.15
3 52 0.14
52 4 0.29
5 52 0.29
9 52 0.52
52 10 0.09
52 11 0.41
52 12 0.41
52 13 0.58
52 14 0.41
52 15 0.58
52 17 0.35
20 52 0.26
21 52 0.29
23 52 0.13
24 52 0.11
25 52 0.31
52 26 0.15
52 29 0.41
52 30 0.29
52 31 0.47
52 33 0.41
52 34 0.54
35 52 0.29
52 37 0.34
52 40 0.12
52 44 0.24
52 45 0.29
52 46 0.41
52 47 0.2
52 48 0.36
52 50 0.2
83 52 0.0020
53 4 0.71
5 53 0.71
9 53 0.32
53 11 1.0
53 13 0.71
20 53 0.11
21 53 0.14
25 53 0.38
53 29 1.0
53 31 0.58
53 33 1.0
34 53 0.33
37 53 0.28
47 53 0.24
48 53 0.15
52 53 0.41
83 53 5.0E-4
3 54 0.13
9 54 0.22
54 15 0.5
54 17 0.41
20 54 0.15
21 54 0.1
54 30 0.5
54 31 0.41
32 54 0.32
54 34 0.47
35 54 0.13
54 38 0.71
54 42 0.71
54 45 0.5
54 48 0.21
54 52 0.29
83 54 0.0010
3 55 0.13
9 55 0.22
55 15 0.5
55 17 0.41
20 55 0.15
21 55 0.1
55 30 0.5
55 31 0.41
32 55 0.32
55 34 0.47
35 55 0.13
55 38 0.71
55 42 0.71
55 45 0.5
55 48 0.21
55 52 0.29
55 54 1.0
83 55 0.0010
3 56 0.1
9 56 0.37
56 15 0.82
56 17 0.5
20 56 0.18
21 56 0.16
23 56 0.18
24 56 0.16
56 30 0.41
56 31 0.33
56 34 0.38
35 56 0.21
56 37 0.16
56 40 0.17
56 45 0.41
56 46 0.58
56 47 0.14
56 48 0.26
56 50 0.29
56 52 0.71
56 54 0.41
56 55 0.41
83 56 0.0012
3 57 0.09
9 57 0.47
57 15 0.71
57 17 0.58
20 57 0.21
21 57 0.21
23 57 0.16
24 57 0.14
57 30 0.35
57 31 0.58
32 57 0.22
57 34 0.5
35 57 0.27
57 37 0.14
57 38 0.5
57 40 0.15
57 42 0.5
57 45 0.35
57 46 0.5
57 47 0.12
57 48 0.29
57 50 0.25
57 52 0.61
57 54 0.71
57 55 0.71
57 56 0.87
83 57 0.0017
58 2 0.24
3 58 0.08
58 4 0.32
58 15 0.32
58 17 0.39
58 19 0.12
20 58 0.24
21 58 0.19
58 30 0.32
58 34 0.3
35 58 0.24
58 39 0.18
58 45 0.32
58 47 0.11
58 48 0.26
58 51 0.18
58 52 0.37
58 54 0.32
58 55 0.32
58 56 0.26
58 57 0.22
83 58 2.0E-4
1 59 0.38
3 59 0.18
9 59 0.32
10 59 0.22
59 12 1.0
59 13 0.71
59 14 1.0
20 59 0.11
21 59 0.14
25 59 0.38
26 59 0.38
34 59 0.33
35 59 0.18
37 59 0.28
59 44 0.58
48 59 0.15
52 59 0.41
83 59 5.0E-4
1 60 0.13
60 2 0.09
3 60 0.29
60 4 0.24
5 60 0.24
6 60 0.11
9 60 0.42
60 10 0.15
60 11 0.33
60 12 0.33
60 13 0.47
60 14 0.33
60 15 0.47
60 17 0.29
60 18 0.11
60 19 0.09
20 60 0.32
21 60 0.28
23 60 0.11
24 60 0.18
25 60 0.25
60 26 0.25
27 60 0.27
60 28 0.12
60 29 0.33
60 30 0.24
60 31 0.38
60 33 0.33
60 34 0.33
35 60 0.3
36 60 0.14
60 37 0.28
60 40 0.2
60 41 0.13
60 44 0.19
60 45 0.24
60 46 0.33
60 47 0.32
60 48 0.34
60 52 0.54
60 53 0.33
60 54 0.24
60 55 0.24
60 56 0.38
60 57 0.33
60 58 0.15
60 59 0.33
83 60 0.0010
1 61 0.38
3 61 0.18
9 61 0.32
10 61 0.22
61 12 1.0
61 13 0.71
61 14 1.0
20 61 0.11
21 61 0.14
25 61 0.38
26 61 0.38
34 61 0.33
35 61 0.18
37 61 0.28
61 44 0.58
48 61 0.15
52 61 0.41
61 59 1.0
60 61 0.33
83 61 5.0E-4
62 2 0.32
3 62 0.16
62 4 0.21
62 8 0.35
9 62 0.19
62 15 0.43
62 17 0.52
62 18 0.1
62 19 0.24
20 62 0.35
21 62 0.3
23 62 0.38
24 62 0.08
25 62 0.11
27 62 0.12
62 30 0.21
62 31 0.35
32 62 0.13
62 34 0.3
35 62 0.38
36 62 0.12
62 38 0.3
62 39 0.37
62 40 0.18
62 42 0.3
62 43 0.12
62 45 0.21
62 46 0.3
62 47 0.22
62 48 0.36
62 50 0.15
62 51 0.37
62 52 0.37
62 54 0.43
62 55 0.43
62 56 0.35
62 57 0.45
62 58 0.67
62 60 0.2
83 62 6.0E-4
63 2 0.73
3 63 0.17
63 4 0.14
7 63 0.06
63 8 0.11
9 63 0.06
10 63 0.17
63 16 0.28
17 63 0.17
63 18 0.62
63 19 0.73
20 63 0.54
21 63 0.67
22 63 0.62
23 63 0.06
24 63 0.05
25 63 0.07
63 26 0.07
27 63 0.08
63 28 0.55
34 63 0.26
35 63 0.56
37 63 0.54
63 39 0.48
63 40 0.59
63 41 0.52
63 43 0.24
47 63 0.43
48 63 0.61
63 49 0.2
63 51 0.48
58 63 0.18
60 63 0.07
62 63 0.24
83 63 4.0E-4
1 64 0.08
64 2 0.12
3 64 0.35
6 64 0.07
7 64 0.2
64 8 0.13
9 64 0.07
10 64 0.48
17 64 0.13
64 18 0.14
64 19 0.12
20 64 0.49
21 64 0.46
64 22 0.76
23 64 0.07
24 64 0.06
64 26 0.25
64 28 0.08
34 64 0.07
35 64 0.16
36 64 0.18
37 64 0.12
64 40 0.2
64 41 0.16
64 44 0.13
47 64 0.16
48 64 0.45
64 51 0.09
60 64 0.07
64 63 0.56
83 64 0.0
3 65 0.09
6 65 0.16
9 65 0.16
65 15 0.71
65 17 0.29
20 65 0.21
21 65 0.14
23 65 0.16
24 65 0.14
65 30 0.35
65 31 0.29
65 34 0.17
35 65 0.09
65 40 0.15
65 45 0.35
65 46 0.5
65 47 0.12
65 48 0.15
65 52 0.41
65 54 0.35
65 55 0.35
65 56 0.58
65 57 0.5
65 58 0.22
65 60 0.33
65 62 0.3
83 65 5.0E-4
1 66 0.27
3 66 0.13
7 66 0.43
66 8 0.41
10 66 0.15
20 66 0.15
21 66 0.1
22 66 0.2
48 66 0.21
63 66 0.14
64 66 0.15
83 66 1.0E-4
67 2 0.27
3 67 0.09
67 4 0.35
67 15 0.35
67 17 0.58
67 18 0.16
67 19 0.13
20 67 0.21
21 67 0.14
23 67 0.16
25 67 0.19
27 67 0.2
67 30 0.35
67 34 0.33
35 67 0.18
67 39 0.2
67 40 0.15
67 45 0.35
67 47 0.24
67 48 0.22
67 51 0.41
67 52 0.2
67 54 0.35
67 55 0.35
67 56 0.29
67 57 0.25
67 58 0.67
67 60 0.17
67 62 0.6
67 63 0.2
67 65 0.25
83 67 2.0E-4
68 1 0.13
68 2 0.19
68 3 0.19
68 5 0.25
68 6 0.11
68 9 0.22
68 10 0.08
68 18 0.22
68 19 0.28
68 20 0.3
68 21 0.3
68 23 0.22
68 24 0.1
68 25 0.27
68 26 0.13
68 27 0.14
68 28 0.13
68 30 0.25
68 32 0.16
68 34 0.24
68 35 0.38
68 36 0.14
68 37 0.29
68 39 0.14
68 40 0.32
68 41 0.4
68 43 0.14
68 45 0.25
68 47 0.09
68 48 0.21
68 49 0.35
68 51 0.29
68 60 0.12
68 63 0.21
68 64 0.23
68 83 3.0E-4
69 2 0.76
3 69 0.06
9 69 0.1
69 16 0.45
17 69 0.09
69 18 0.9
69 19 0.85
20 69 0.34
21 69 0.36
23 69 0.1
25 69 0.12
27 69 0.13
69 28 0.89
34 69 0.21
35 69 0.57
37 69 0.79
69 39 0.39
69 40 0.76
69 41 0.72
69 43 0.26
47 69 0.46
48 69 0.47
69 49 0.32
69 51 0.26
60 69 0.11
62 69 0.1
63 69 0.62
64 69 0.07
67 69 0.16
68 69 0.22
83 69 5.0E-4
2 70 0.27
70 16 0.71
18 70 0.32
19 70 0.27
20 70 0.11
21 70 0.14
28 70 0.35
34 70 0.33
35 70 0.18
37 70 0.28
70 39 0.41
43 70 0.41
48 70 0.15
63 70 0.2
69 70 0.32
83 70 4.0E-4
2 71 0.38
71 16 1.0
18 71 0.45
19 71 0.38
20 71 0.15
21 71 0.2
28 71 0.5
34 71 0.24
35 71 0.25
37 71 0.39
71 39 0.29
41 71 0.27
43 71 0.29
48 71 0.21
63 71 0.28
69 71 0.45
71 70 0.71
83 71 7.0E-4
9 72 0.32
15 72 0.71
17 72 0.29
20 72 0.11
21 72 0.14
23 72 0.32
24 72 0.28
31 72 0.58
35 72 0.18
40 72 0.3
72 46 1.0
47 72 0.24
48 72 0.15
52 72 0.41
56 72 0.58
57 72 0.5
60 72 0.33
62 72 0.3
65 72 0.5
83 72 5.0E-4
73 1 0.38
73 3 0.18
73 5 0.71
73 6 0.32
73 9 0.32
73 20 0.11
73 21 0.14
73 23 0.32
73 24 0.28
73 25 0.38
73 27 0.41
73 32 0.45
73 35 0.18
73 36 0.41
73 68 0.35
73 83 3.0E-4
74 1 0.27
74 3 0.25
74 5 0.5
74 6 0.22
74 9 0.22
74 20 0.15
74 21 0.1
74 23 0.22
74 24 0.39
74 25 0.27
74 27 0.29
74 32 0.32
74 35 0.25
74 36 0.29
74 68 0.25
74 73 0.71
74 83 2.0E-4
3 75 0.2
75 4 0.41
5 75 0.41
75 8 0.67
9 75 0.18
75 11 0.58
75 13 0.41
20 75 0.18
21 75 0.08
23 75 0.37
25 75 0.22
75 29 0.58
75 31 0.33
75 33 0.58
34 75 0.19
36 75 0.24
37 75 0.16
47 75 0.14
48 75 0.09
50 75 0.29
52 75 0.24
75 53 0.58
60 75 0.19
62 75 0.35
83 75 2.0E-4
2 76 0.51
10 76 0.16
76 16 0.53
17 76 0.11
18 76 0.6
19 76 0.51
20 76 0.28
21 76 0.27
23 76 0.12
25 76 0.14
27 76 0.15
28 76 0.53
34 76 0.13
35 76 0.34
37 76 0.42
76 39 0.31
40 76 0.34
41 76 0.29
43 76 0.15
47 76 0.28
48 76 0.28
51 76 0.15
62 76 0.11
63 76 0.37
67 76 0.19
69 76 0.6
76 70 0.38
76 71 0.53
83 76 3.0E-4
77 1 0.24
77 3 0.28
77 4 0.22
77 5 0.45
77 6 0.1
77 9 0.3
77 10 0.07
77 11 0.32
77 12 0.32
77 13 0.45
77 14 0.32
77 17 0.09
77 20 0.34
77 21 0.36
77 23 0.2
77 24 0.26
77 25 0.48
77 26 0.24
77 27 0.39
77 29 0.32
77 30 0.22
77 31 0.18
77 32 0.14
77 33 0.32
77 34 0.21
77 35 0.23
77 36 0.13
77 37 0.18
77 44 0.18
77 45 0.22
77 47 0.23
77 48 0.19
77 52 0.26
77 53 0.32
77 58 0.14
77 59 0.32
77 60 0.32
77 61 0.32
77 62 0.1
77 67 0.16
77 68 0.34
77 73 0.32
77 74 0.22
77 75 0.18
77 83 5.0E-4
2 78 0.46
78 16 0.82
17 78 0.17
18 78 0.55
19 78 0.46
20 78 0.18
21 78 0.24
23 78 0.18
25 78 0.22
27 78 0.24
28 78 0.41
34 78 0.19
35 78 0.31
37 78 0.32
78 39 0.47
40 78 0.17
41 78 0.22
43 78 0.24
47 78 0.14
48 78 0.26
51 78 0.24
62 78 0.17
63 78 0.34
67 78 0.29
69 78 0.55
78 70 0.58
78 71 0.82
78 76 0.65
83 78 6.0E-4
2 79 0.71
4 79 0.27
79 16 0.53
17 79 0.22
18 79 0.48
19 79 0.61
20 79 0.28
21 79 0.37
23 79 0.12
25 79 0.14
27 79 0.15
28 79 0.4
34 79 0.25
35 79 0.48
37 79 0.31
79 39 0.62
40 79 0.23
79 41 0.29
79 43 0.31
47 79 0.28
48 79 0.39
79 51 0.62
58 79 0.17
62 79 0.34
63 79 0.52
67 79 0.38
69 79 0.48
79 70 0.38
79 71 0.53
79 76 0.43
79 78 0.65
83 79 4.0E-4
1 80 0.13
80 2 0.45
3 80 0.06
80 4 0.24
5 80 0.24
9 80 0.32
10 80 0.07
80 11 0.33
80 12 0.33
80 13 0.47
80 14 0.33
17 80 0.1
80 18 0.53
80 19 0.45
20 80 0.32
21 80 0.28
25 80 0.25
26 80 0.13
80 28 0.59
80 29 0.33
80 31 0.19
80 33 0.33
34 80 0.22
35 80 0.42
37 80 0.65
80 40 0.5
80 41 0.5
80 44 0.19
47 80 0.4
48 80 0.39
52 80 0.41
80 53 0.33
58 80 0.3
80 59 0.33
60 80 0.33
80 61 0.33
62 80 0.2
63 80 0.33
64 80 0.07
67 80 0.17
68 80 0.12
80 69 0.53
80 75 0.19
80 76 0.25
77 80 0.32
80 79 0.13
83 80 4.0E-4
1 81 0.14
3 81 0.13
81 4 0.27
5 81 0.27
9 81 0.48
81 10 0.08
81 11 0.38
81 12 0.38
81 13 0.53
81 14 0.38
81 15 0.53
81 17 0.33
20 81 0.28
21 81 0.32
23 81 0.24
24 81 0.1
25 81 0.43
81 26 0.29
81 29 0.38
81 30 0.53
81 31 0.65
32 81 0.17
81 33 0.38
81 34 0.5
35 81 0.2
81 37 0.21
81 38 0.38
81 40 0.11
81 42 0.38
81 43 0.15
81 44 0.22
81 45 0.53
81 46 0.38
81 47 0.18
81 48 0.28
81 52 0.62
81 53 0.38
81 54 0.53
81 55 0.53
81 56 0.44
81 57 0.57
81 58 0.17
81 59 0.38
81 60 0.5
81 61 0.38
81 62 0.34
81 65 0.38
81 67 0.19
68 81 0.13
81 72 0.38
81 75 0.22
77 81 0.36
81 80 0.25
83 81 0.0020
2 82 0.38
82 16 0.5
18 82 0.22
19 82 0.38
20 82 0.15
21 82 0.2
28 82 0.25
34 82 0.24
35 82 0.25
37 82 0.2
82 39 0.58
43 82 0.29
48 82 0.21
51 82 0.29
63 82 0.28
69 82 0.22
82 70 0.71
82 71 0.5
82 76 0.27
82 78 0.41
79 82 0.53
83 82 2.0E-4
