*Vertices  37
1 "显示器"
2 "LED灯"
3 "光膜"
4 "处理器"
5 "荧光粉"
6 "发光荧光材料"
7 "发光板"
8 "EP"
9 "LED"
10 "二极管"
11 "玻璃"
12 "LED光源"
13 "塑料"
14 "铝基板"
15 "发动机"
16 "散热片"
17 "散热器"
18 "发电机"
19 "荧光体"
20 "SiO2"
21 "半导体"
22 "电路板"
23 "NH4H2PO4"
24 "硅氧磷灰石"
25 "冷却片"
26 "芯片"
27 "涂层"
28 "SrCO3"
29 "Eu2O3"
30 "Eu2"
31 "离子"
32 "激光"
33 "洗墙灯"
34 "射灯"
35 "透镜"
36 "激发光"
37 "发光体"
*Arcs
37 1 8.0E-4
2 1 0.13
37 2 0.0028
3 1 0.27
3 2 0.13
37 3 0.0025
4 1 0.36
4 2 0.17
4 3 0.22
37 4 5.0E-4
5 1 0.24
5 2 0.17
5 3 0.45
5 4 0.1
37 5 0.0026
6 1 0.23
6 2 0.27
6 3 0.43
6 4 0.1
6 5 0.57
37 6 0.0025
2 7 0.18
37 7 0.0045
2 8 0.2
4 8 0.18
5 8 0.46
6 8 0.35
37 8 8.0E-4
9 1 0.28
9 2 0.6
9 3 0.15
9 4 0.34
9 5 0.34
9 6 0.35
9 7 0.11
9 8 0.37
37 9 0.0025
10 1 0.11
10 2 0.3
10 3 0.2
10 4 0.04
10 5 0.36
10 6 0.43
10 7 0.14
10 8 0.24
10 9 0.75
37 10 0.0020
11 1 0.12
11 2 0.28
11 3 0.22
11 4 0.3
11 5 0.2
11 6 0.19
11 8 0.18
11 9 0.34
11 10 0.22
37 11 7.0E-4
12 1 0.1
12 2 0.44
12 3 0.2
12 4 0.18
12 5 0.26
12 6 0.17
12 7 0.28
12 8 0.24
12 9 0.38
12 10 0.27
12 11 0.18
37 12 0.0036
13 1 0.29
13 2 0.13
13 3 0.53
13 4 0.12
13 5 0.36
13 6 0.34
13 8 0.11
13 9 0.28
13 10 0.37
13 11 0.48
13 12 0.1
37 13 9.0E-4
14 1 0.15
14 2 0.29
14 3 0.29
14 4 0.13
14 5 0.26
14 6 0.12
14 8 0.24
14 9 0.26
14 10 0.23
14 11 0.26
14 12 0.34
14 13 0.31
37 14 0.0010
2 15 0.18
15 7 1.0
9 15 0.11
10 15 0.14
12 15 0.28
37 15 0.0045
2 16 0.47
16 7 0.38
9 16 0.28
10 16 0.27
12 16 0.42
14 16 0.46
16 15 0.38
37 16 0.0013
2 17 0.47
17 7 0.38
9 17 0.28
10 17 0.21
12 17 0.42
14 17 0.31
17 15 0.38
17 16 0.86
37 17 0.0013
1 18 0.19
2 18 0.18
5 18 0.16
18 7 0.5
9 18 0.21
10 18 0.14
12 18 0.14
18 15 0.5
16 18 0.19
17 18 0.19
37 18 0.0016
3 19 0.41
5 19 0.55
6 19 0.52
8 19 0.33
9 19 0.18
10 19 0.24
11 19 0.18
12 19 0.16
13 19 0.22
37 19 0.0021
1 20 0.13
2 20 0.24
3 20 0.24
5 20 0.42
6 20 0.7
20 8 0.38
9 20 0.32
10 20 0.38
13 20 0.25
20 19 0.38
37 20 0.0010
21 1 0.14
21 2 0.29
21 3 0.13
21 4 0.11
21 5 0.34
21 6 0.43
21 8 0.31
21 9 0.59
21 10 0.64
21 11 0.23
21 12 0.3
21 13 0.27
21 14 0.22
21 16 0.2
21 17 0.27
21 19 0.21
21 20 0.42
21 37 0.0011
22 1 0.15
22 2 0.43
22 3 0.29
22 4 0.13
22 5 0.13
22 6 0.12
22 9 0.26
22 10 0.06
22 11 0.39
22 12 0.11
22 13 0.15
22 14 0.17
22 17 0.15
22 21 0.15
22 37 0.0046
5 23 0.32
6 23 0.3
8 23 0.29
9 23 0.11
10 23 0.14
19 23 0.58
20 23 0.33
21 23 0.18
37 23 0.0043
5 24 0.32
6 24 0.3
8 24 0.29
9 24 0.11
10 24 0.14
19 24 0.58
20 24 0.33
21 24 0.18
24 23 1.0
37 24 0.0043
2 25 0.18
9 25 0.11
22 25 0.41
37 25 0.0026
1 26 0.22
2 26 0.36
3 26 0.1
4 26 0.05
5 26 0.37
6 26 0.44
26 8 0.38
9 26 0.72
10 26 0.71
11 26 0.14
12 26 0.16
13 26 0.17
14 26 0.24
26 16 0.22
26 17 0.17
26 18 0.07
26 19 0.26
26 20 0.44
21 26 0.69
22 26 0.06
26 23 0.15
26 24 0.15
37 26 4.0E-4
2 27 0.18
5 27 0.16
6 27 0.15
8 27 0.14
9 27 0.21
10 27 0.14
11 27 0.16
12 27 0.14
20 27 0.17
21 27 0.09
22 27 0.2
26 27 0.07
37 27 7.0E-4
2 28 0.13
5 28 0.22
6 28 0.43
28 8 0.41
9 28 0.15
10 28 0.1
28 19 0.41
28 20 0.47
21 28 0.13
28 23 0.71
28 24 0.71
28 26 0.21
37 28 0.0029
2 29 0.13
5 29 0.22
6 29 0.43
29 8 0.41
9 29 0.15
10 29 0.1
29 19 0.41
29 20 0.47
21 29 0.13
29 23 0.71
29 24 0.71
29 26 0.21
29 28 1.0
37 29 0.0029
2 30 0.09
5 30 0.47
6 30 0.6
30 8 0.58
9 30 0.21
10 30 0.21
11 30 0.16
12 30 0.14
30 19 0.58
30 20 0.5
21 30 0.27
30 23 0.5
30 24 0.5
30 26 0.29
30 27 0.25
30 28 0.71
30 29 0.71
37 30 0.0018
2 31 0.16
5 31 0.19
6 31 0.27
31 8 0.52
9 31 0.35
10 31 0.3
11 31 0.38
12 31 0.08
13 31 0.11
14 31 0.12
31 19 0.35
31 20 0.3
21 31 0.38
22 31 0.12
31 23 0.3
31 24 0.3
31 26 0.36
31 27 0.15
31 28 0.43
31 29 0.43
31 30 0.45
37 31 8.0E-4
32 1 0.13
32 2 0.19
32 3 0.25
32 4 0.11
32 5 0.22
32 6 0.21
32 9 0.3
32 10 0.3
32 11 0.22
32 12 0.1
32 13 0.27
32 14 0.14
32 20 0.24
32 21 0.38
32 22 0.14
32 26 0.21
32 37 7.0E-4
33 1 0.38
33 2 0.18
33 3 0.71
33 4 0.32
33 5 0.32
33 6 0.3
33 9 0.11
33 10 0.14
33 11 0.32
33 12 0.28
33 13 0.38
33 14 0.41
33 21 0.18
33 22 0.41
33 32 0.35
33 37 0.0038
34 1 0.27
34 2 0.25
34 3 0.5
34 4 0.22
34 5 0.22
34 6 0.21
34 9 0.15
34 10 0.1
34 11 0.22
34 12 0.39
34 13 0.27
34 14 0.29
34 16 0.27
34 17 0.27
34 21 0.25
34 22 0.29
34 32 0.25
34 33 0.71
34 37 0.0023
35 1 0.24
35 2 0.28
35 3 0.45
35 4 0.1
35 5 0.3
35 6 0.29
35 8 0.09
35 9 0.34
35 10 0.36
35 11 0.2
35 12 0.26
35 13 0.48
35 14 0.39
35 16 0.36
35 17 0.24
35 19 0.18
35 20 0.21
35 21 0.23
35 22 0.13
35 26 0.19
35 31 0.1
35 32 0.34
35 33 0.32
35 34 0.22
35 37 8.0E-4
1 36 0.14
2 36 0.13
3 36 0.27
5 36 0.48
6 36 0.57
36 8 0.33
9 36 0.28
10 36 0.32
11 36 0.24
12 36 0.1
13 36 0.43
36 19 0.65
36 20 0.5
21 36 0.2
36 23 0.38
36 24 0.38
36 26 0.28
36 28 0.53
36 29 0.53
36 30 0.57
36 31 0.34
32 36 0.13
35 36 0.36
37 36 0.0012
