*Vertices  20
1 "LED灯"
2 "单片机"
3 "开关"
4 "发光荧光材料"
5 "变压器"
6 "LED"
7 "二极管"
8 "三极管"
9 "玻璃"
10 "电路板"
11 "芯片"
12 "涂层"
13 "光触媒"
14 "离子"
15 "电极"
16 "电阻"
17 "脉冲信号"
18 "臭氧"
19 "发光管"
20 "发生器"
*Arcs
1 20 0.0074
1 2 0.21
2 20 0.0022
1 3 0.39
3 2 0.26
3 20 0.0013
4 1 0.27
4 2 0.09
4 3 0.13
4 20 0.0021
1 5 0.2
2 5 0.09
3 5 0.25
5 20 0.0025
6 1 0.6
6 2 0.35
6 3 0.49
6 4 0.35
6 5 0.37
6 20 0.0038
7 1 0.3
7 2 0.13
7 3 0.31
7 4 0.43
7 5 0.37
7 6 0.75
7 20 9.0E-4
1 8 0.2
2 8 0.17
3 8 0.31
4 8 0.09
8 5 0.58
6 8 0.37
7 8 0.45
8 20 0.0019
9 1 0.28
9 2 0.29
9 3 0.21
9 4 0.19
9 5 0.09
9 6 0.34
9 7 0.22
9 8 0.09
9 20 0.0096
10 1 0.43
10 2 0.12
10 3 0.18
10 4 0.12
10 5 0.12
10 6 0.26
10 7 0.06
10 8 0.12
10 9 0.39
10 20 0.0045
1 11 0.36
11 2 0.36
11 3 0.29
4 11 0.44
11 5 0.21
6 11 0.72
7 11 0.71
11 8 0.3
9 11 0.14
10 11 0.06
11 20 0.0011
1 12 0.18
4 12 0.15
12 5 0.14
6 12 0.21
7 12 0.14
9 12 0.16
10 12 0.2
11 12 0.07
12 20 0.0070
1 13 0.31
5 13 0.17
6 13 0.18
9 13 0.37
10 13 0.24
12 13 0.58
20 13 0.0243
1 14 0.16
4 14 0.27
14 5 0.09
6 14 0.35
7 14 0.3
9 14 0.38
10 14 0.12
14 11 0.36
14 12 0.15
14 13 0.35
14 20 0.0082
1 15 0.17
2 15 0.06
3 15 0.17
4 15 0.24
15 5 0.45
6 15 0.54
7 15 0.67
8 15 0.62
9 15 0.06
11 15 0.61
14 15 0.24
15 20 0.0010
1 16 0.35
2 16 0.2
3 16 0.48
4 16 0.07
16 5 0.57
6 16 0.49
7 16 0.46
16 8 0.76
9 16 0.07
10 16 0.18
11 16 0.45
16 15 0.56
16 20 0.0014
1 17 0.13
2 17 0.43
3 17 0.15
4 17 0.21
6 17 0.15
7 17 0.1
8 17 0.2
11 17 0.21
15 17 0.14
16 17 0.15
17 20 0.0070
1 18 0.2
4 18 0.17
5 18 0.17
6 18 0.18
7 18 0.08
9 18 0.37
10 18 0.24
11 18 0.09
12 18 0.29
18 13 0.67
14 18 0.35
18 20 0.0262
1 19 0.13
5 19 0.2
6 19 0.15
9 19 0.22
10 19 0.29
12 19 0.35
19 13 0.41
14 19 0.21
18 19 0.41
19 20 0.0109
