*Vertices  33
1 "LED显示屏"
2 "显示器"
3 "LED灯"
4 "传感器"
5 "控制器"
6 "单片机"
7 "荧光粉"
8 "开关"
9 "变压器"
10 "发光板"
11 "LED"
12 "二极管"
13 "联轴器"
14 "LED光源"
15 "转换器"
16 "发动机"
17 "散热片"
18 "散热器"
19 "发光体"
20 "放大器"
21 "燃气涡轮"
22 "太阳能"
23 "风能"
24 "蓄电池"
25 "LED照明设备"
26 "蓄电设备"
27 "芯片"
28 "存储器"
29 "电阻"
30 "检测仪"
31 "检测板"
32 "弹簧"
33 "发电机"
*Arcs
1 33 0.0021
2 1 0.19
2 33 0.0013
3 2 0.13
3 33 0.0017
2 4 0.38
4 33 0.0011
5 1 0.57
2 5 0.14
5 33 0.0015
6 1 0.15
2 6 0.46
3 6 0.21
6 4 0.2
6 5 0.11
6 33 8.0E-4
7 1 0.16
7 2 0.24
7 3 0.17
7 5 0.12
7 6 0.1
7 33 9.0E-4
8 1 0.11
2 8 0.08
3 8 0.39
8 4 0.07
8 5 0.25
8 6 0.26
7 8 0.14
8 33 0.0021
9 1 0.14
2 9 0.11
3 9 0.2
9 4 0.1
9 5 0.11
6 9 0.09
7 9 0.09
8 9 0.25
9 33 0.0027
3 10 0.18
33 10 0.0056
11 1 0.21
11 2 0.28
11 3 0.6
11 4 0.32
11 5 0.28
11 6 0.35
11 7 0.34
11 8 0.49
11 9 0.37
11 10 0.11
11 33 0.0025
12 1 0.14
12 2 0.11
12 3 0.3
12 4 0.09
12 5 0.16
12 6 0.13
12 7 0.36
12 8 0.31
12 9 0.37
12 10 0.14
12 11 0.75
12 33 0.0011
3 13 0.18
8 13 0.22
11 13 0.11
33 13 0.0065
14 2 0.1
14 3 0.44
14 4 0.09
14 6 0.08
14 7 0.26
14 8 0.06
14 9 0.08
14 10 0.28
14 11 0.38
14 12 0.27
14 33 0.0010
2 15 0.29
3 15 0.13
15 4 0.38
15 5 0.29
6 15 0.11
7 15 0.12
8 15 0.25
9 15 0.11
11 15 0.28
12 15 0.21
15 33 0.0011
3 16 0.18
16 10 1.0
11 16 0.11
12 16 0.14
14 16 0.28
33 16 0.0056
3 17 0.47
17 10 0.38
11 17 0.28
12 17 0.27
14 17 0.42
17 16 0.38
17 33 0.0015
3 18 0.47
18 10 0.38
11 18 0.28
12 18 0.21
14 18 0.42
18 16 0.38
18 17 0.86
18 33 0.0013
19 2 0.17
19 3 0.24
19 7 0.28
19 10 0.45
19 11 0.24
19 12 0.25
19 14 0.37
19 16 0.45
19 17 0.17
19 18 0.17
19 33 0.0017
20 1 0.25
2 20 0.38
20 4 0.17
20 5 0.19
6 20 0.45
9 20 0.29
11 20 0.21
12 20 0.14
20 15 0.19
20 33 0.0018
2 21 0.38
4 21 0.33
6 21 0.3
9 21 0.29
11 21 0.11
15 21 0.38
20 21 0.5
33 21 0.0050
22 1 0.29
5 22 0.44
7 22 0.18
8 22 0.13
9 22 0.17
11 22 0.18
12 22 0.16
22 33 0.0026
1 23 0.5
5 23 0.38
7 23 0.32
8 23 0.22
9 23 0.29
11 23 0.11
12 23 0.14
22 23 0.58
33 23 0.0061
24 1 0.22
3 24 0.08
24 4 0.15
24 5 0.17
7 24 0.14
8 24 0.2
24 9 0.39
11 24 0.24
12 24 0.19
24 13 0.45
14 24 0.12
24 22 0.26
24 23 0.45
24 33 0.0077
1 25 0.35
3 25 0.13
5 25 0.27
7 25 0.22
8 25 0.15
9 25 0.2
11 25 0.15
12 25 0.2
17 25 0.27
22 25 0.41
25 23 0.71
24 25 0.32
33 25 0.0036
1 26 0.5
5 26 0.38
7 26 0.32
8 26 0.22
9 26 0.29
11 26 0.11
12 26 0.14
22 26 0.58
26 23 1.0
24 26 0.45
26 25 0.71
33 26 0.0061
27 1 0.07
2 27 0.22
3 27 0.36
27 4 0.05
27 5 0.11
27 6 0.36
7 27 0.37
27 8 0.29
27 9 0.21
11 27 0.72
12 27 0.71
14 27 0.16
27 15 0.22
27 17 0.22
27 18 0.17
19 27 0.07
27 20 0.29
27 21 0.15
27 22 0.09
27 25 0.1
27 33 3.0E-4
2 28 0.38
28 4 0.5
28 5 0.19
6 28 0.15
8 28 0.11
9 28 0.14
11 28 0.21
14 28 0.14
15 28 0.38
20 28 0.25
28 21 0.5
24 28 0.22
27 28 0.07
28 33 0.0021
2 29 0.08
3 29 0.35
29 4 0.07
29 5 0.08
6 29 0.2
7 29 0.07
8 29 0.48
29 9 0.57
11 29 0.49
12 29 0.46
14 29 0.06
29 15 0.25
17 29 0.08
18 29 0.08
29 20 0.22
29 21 0.22
29 24 0.2
27 29 0.45
29 28 0.11
29 33 5.0E-4
2 30 0.27
4 30 0.47
6 30 0.21
9 30 0.2
11 30 0.15
14 30 0.2
15 30 0.27
20 30 0.35
30 21 0.71
24 30 0.32
27 30 0.1
28 30 0.71
29 30 0.15
30 33 0.0034
2 31 0.27
4 31 0.47
6 31 0.21
9 31 0.2
11 31 0.15
15 31 0.27
20 31 0.35
31 21 0.71
27 31 0.1
28 31 0.35
29 31 0.15
30 31 0.5
31 33 0.0030
3 32 0.18
8 32 0.22
11 32 0.11
32 13 1.0
24 32 0.45
32 33 0.0065
