*Vertices  70
1 "LED显示屏"
2 "显示器"
3 "衬底"
4 "LED灯"
5 "电容"
6 "传感器"
7 "控制器"
8 "单片机"
9 "发生器"
10 "音箱"
11 "荧光粉"
12 "整流器"
13 "开关"
14 "GAN"
15 "保护层"
16 "稳压块"
17 "EP"
18 "LED外延片"
19 "外延片"
20 "外延"
21 "LED"
22 "二极管"
23 "稳压二极管"
24 "三极管"
25 "掩膜"
26 "玻璃"
27 "LED光源"
28 "腐蚀液"
29 "转换器"
30 "发电机"
31 "光刻胶"
32 "SiO2"
33 "放大器"
34 "半导体"
35 "电路板"
36 "Al2O3"
37 "MQW"
38 "ITO"
39 "燃气涡轮"
40 "焊盘"
41 "滑动变阻器"
42 "太阳能"
43 "风能"
44 "蓄电池"
45 "锂电池"
46 "LED照明设备"
47 "蓄电设备"
48 "LED芯片"
49 "芯片"
50 "涂层"
51 "电流扩展层"
52 "继电器"
53 "充电器"
54 "存储器"
55 "光触媒"
56 "电感"
57 "离子"
58 "电极"
59 "接触层"
60 "电阻"
61 "激光"
62 "湿法腐蚀"
63 "空穴"
64 "检测仪"
65 "检测板"
66 "臭氧"
67 "USB接头"
68 "发光管"
69 "晶体闸流管"
70 "变压器"
*Arcs
70 1 3.0E-4
2 1 0.19
2 70 2.0E-4
70 3 2.0E-4
4 2 0.13
4 3 0.05
4 70 9.0E-4
4 5 0.21
5 70 0.0025
2 6 0.38
70 6 2.0E-4
7 1 0.57
2 7 0.14
5 7 0.11
70 7 3.0E-4
8 1 0.15
2 8 0.46
4 8 0.21
8 5 0.18
8 6 0.2
8 7 0.11
8 70 2.0E-4
4 9 0.31
8 9 0.17
70 9 3.0E-4
4 10 0.18
70 10 0.0011
11 1 0.16
11 2 0.24
11 3 0.08
11 4 0.17
11 7 0.12
11 8 0.1
11 70 2.0E-4
12 3 0.11
4 12 0.14
5 12 0.37
70 12 0.0037
13 1 0.11
2 13 0.08
4 13 0.39
13 5 0.46
13 6 0.07
13 7 0.25
13 8 0.26
13 9 0.13
11 13 0.14
13 12 0.18
13 70 0.0012
14 3 0.65
4 14 0.07
11 14 0.13
12 14 0.17
70 14 3.0E-4
3 15 0.15
4 15 0.2
11 15 0.18
12 15 0.24
14 15 0.24
70 15 3.0E-4
16 12 0.41
16 70 7.0E-4
17 3 0.15
4 17 0.2
17 5 0.17
17 7 0.11
17 8 0.09
11 17 0.46
17 12 0.12
17 13 0.19
17 15 0.17
17 70 2.0E-4
18 3 0.71
4 18 0.07
11 18 0.12
12 18 0.15
18 14 0.93
18 15 0.22
70 18 2.0E-4
19 3 0.85
4 19 0.06
11 19 0.1
12 19 0.13
19 14 0.77
19 15 0.18
17 19 0.09
19 18 0.84
70 19 2.0E-4
20 3 0.93
4 20 0.09
11 20 0.08
12 20 0.11
20 14 0.65
20 15 0.15
17 20 0.08
20 18 0.71
20 19 0.85
70 20 2.0E-4
21 1 0.21
21 2 0.28
21 3 0.4
21 4 0.6
21 5 0.35
21 6 0.32
21 7 0.28
21 8 0.35
21 9 0.18
21 10 0.11
21 11 0.34
21 12 0.26
21 13 0.49
21 14 0.26
21 15 0.18
21 16 0.11
21 17 0.37
21 18 0.28
21 19 0.34
21 20 0.4
21 70 0.0027
22 1 0.14
22 2 0.11
22 3 0.45
22 4 0.3
22 5 0.34
22 6 0.09
22 7 0.16
22 8 0.13
22 9 0.08
22 11 0.36
22 12 0.35
22 13 0.31
22 14 0.29
22 15 0.08
22 16 0.14
22 17 0.24
22 18 0.27
22 19 0.36
22 20 0.45
22 21 0.75
22 70 0.0022
4 23 0.18
5 23 0.3
12 23 0.41
13 23 0.22
17 23 0.29
21 23 0.11
22 23 0.14
70 23 8.0E-4
4 24 0.2
24 5 0.61
24 7 0.11
8 24 0.17
24 9 0.17
24 12 0.47
13 24 0.31
24 16 0.29
17 24 0.08
21 24 0.37
22 24 0.45
24 23 0.29
24 70 0.0039
3 25 0.27
4 25 0.18
12 25 0.41
14 25 0.41
15 25 0.58
18 25 0.38
19 25 0.32
20 25 0.27
21 25 0.11
22 25 0.14
70 25 7.0E-4
26 2 0.12
26 3 0.08
26 4 0.28
26 5 0.1
26 6 0.21
26 8 0.29
26 9 0.37
26 11 0.2
26 13 0.21
26 17 0.18
26 19 0.1
26 20 0.08
26 21 0.34
26 22 0.22
26 24 0.09
26 70 2.0E-4
27 2 0.1
27 4 0.44
27 5 0.08
27 6 0.09
27 8 0.08
27 11 0.26
27 12 0.11
27 13 0.06
27 17 0.24
27 21 0.38
27 22 0.27
27 23 0.28
27 24 0.08
27 26 0.18
27 70 1.0E-4
3 28 0.6
4 28 0.08
12 28 0.18
14 28 0.18
15 28 0.26
17 28 0.26
18 28 0.17
19 28 0.28
20 28 0.48
21 28 0.24
22 28 0.32
28 25 0.45
26 28 0.14
70 28 3.0E-4
2 29 0.29
4 29 0.13
5 29 0.23
29 6 0.38
29 7 0.29
8 29 0.11
11 29 0.12
13 29 0.25
17 29 0.11
21 29 0.28
22 29 0.21
24 29 0.11
26 29 0.24
70 29 3.0E-4
1 30 0.25
2 30 0.19
4 30 0.18
6 30 0.17
7 30 0.19
8 30 0.15
11 30 0.16
13 30 0.22
21 30 0.21
22 30 0.14
27 30 0.14
29 30 0.19
70 30 0.0011
3 31 0.46
4 31 0.1
12 31 0.24
14 31 0.24
15 31 0.33
17 31 0.17
18 31 0.22
19 31 0.37
20 31 0.46
21 31 0.18
22 31 0.24
31 25 0.58
26 31 0.18
28 31 0.77
70 31 3.0E-4
2 32 0.13
32 3 0.27
4 32 0.24
11 32 0.42
32 12 0.14
32 13 0.07
32 14 0.14
32 15 0.19
32 17 0.38
32 18 0.13
32 19 0.21
32 20 0.27
21 32 0.32
22 32 0.38
32 25 0.33
32 28 0.3
32 29 0.13
32 31 0.19
32 70 2.0E-4
33 1 0.25
2 33 0.38
5 33 0.3
33 6 0.17
33 7 0.19
8 33 0.45
12 33 0.2
21 33 0.21
22 33 0.14
24 33 0.14
33 29 0.19
33 30 0.25
70 33 8.0E-4
34 2 0.14
34 3 0.67
34 4 0.29
34 5 0.11
34 6 0.12
34 8 0.05
34 11 0.34
34 12 0.15
34 13 0.12
34 14 0.44
34 15 0.1
34 17 0.31
34 18 0.48
34 19 0.57
34 20 0.67
34 21 0.59
34 22 0.64
34 23 0.18
34 24 0.05
34 25 0.18
34 26 0.23
34 27 0.3
34 28 0.4
34 29 0.14
34 31 0.31
34 32 0.42
34 33 0.09
34 70 3.0E-4
35 2 0.15
35 4 0.43
35 5 0.12
35 8 0.12
35 9 0.24
35 11 0.13
35 13 0.18
35 21 0.26
35 22 0.06
35 24 0.12
35 26 0.39
35 27 0.11
35 34 0.15
35 70 2.0E-4
2 36 0.1
36 3 0.67
4 36 0.15
11 36 0.35
36 12 0.11
36 13 0.06
36 14 0.68
36 15 0.16
17 36 0.08
36 18 0.73
36 19 0.79
36 20 0.74
21 36 0.38
22 36 0.43
36 25 0.28
36 28 0.12
36 29 0.1
36 31 0.16
32 36 0.55
34 36 0.6
36 70 2.0E-4
37 3 0.64
4 37 0.16
5 37 0.09
11 37 0.19
12 37 0.25
13 37 0.07
37 14 0.74
37 15 0.17
17 37 0.26
37 18 0.8
37 19 0.76
37 20 0.73
21 37 0.35
22 37 0.38
37 23 0.3
24 37 0.09
37 25 0.3
26 37 0.19
27 37 0.17
37 28 0.27
37 31 0.35
32 37 0.2
34 37 0.6
36 37 0.67
70 37 5.0E-4
3 38 0.61
4 38 0.13
11 38 0.12
12 38 0.15
14 38 0.62
38 15 0.22
18 38 0.71
19 38 0.72
20 38 0.71
21 38 0.28
22 38 0.27
38 25 0.38
38 28 0.17
38 31 0.22
32 38 0.25
34 38 0.48
36 38 0.73
37 38 0.68
70 38 2.0E-4
2 39 0.38
6 39 0.33
8 39 0.3
21 39 0.11
29 39 0.38
30 39 0.5
33 39 0.5
70 39 8.0E-4
4 40 0.1
5 40 0.17
11 40 0.18
12 40 0.24
13 40 0.13
40 15 0.33
17 40 0.33
21 40 0.18
22 40 0.16
40 23 0.58
24 40 0.17
27 40 0.16
34 40 0.21
40 37 0.17
70 40 4.0E-4
5 41 0.3
13 41 0.22
21 41 0.11
22 41 0.14
24 41 0.29
70 41 6.0E-4
42 1 0.29
3 42 0.15
7 42 0.44
11 42 0.18
13 42 0.13
14 42 0.24
18 42 0.22
19 42 0.18
20 42 0.15
21 42 0.18
22 42 0.16
42 30 0.29
34 42 0.1
36 42 0.16
37 42 0.17
70 42 5.0E-4
1 43 0.5
7 43 0.38
11 43 0.32
13 43 0.22
21 43 0.11
22 43 0.14
30 43 0.5
42 43 0.58
70 43 9.0E-4
44 1 0.22
4 44 0.08
44 6 0.15
44 7 0.17
11 44 0.14
44 12 0.37
13 44 0.2
44 16 0.45
21 44 0.24
22 44 0.19
24 44 0.26
27 44 0.12
44 30 0.45
34 44 0.08
44 42 0.26
44 43 0.45
44 70 0.0019
4 45 0.1
45 5 0.35
8 45 0.17
13 45 0.13
21 45 0.18
22 45 0.16
45 24 0.5
26 45 0.18
35 45 0.24
45 70 3.0E-4
1 46 0.35
4 46 0.13
7 46 0.27
11 46 0.22
13 46 0.15
21 46 0.15
22 46 0.2
30 46 0.35
42 46 0.41
46 43 0.71
44 46 0.32
70 46 5.0E-4
1 47 0.5
7 47 0.38
11 47 0.32
13 47 0.22
21 47 0.11
22 47 0.14
30 47 0.5
42 47 0.58
47 43 1.0
44 47 0.45
47 46 0.71
70 47 9.0E-4
48 3 0.52
4 48 0.26
48 5 0.15
48 8 0.07
11 48 0.23
48 12 0.2
48 13 0.05
48 14 0.5
48 15 0.28
17 48 0.35
48 18 0.55
48 19 0.54
48 20 0.45
21 48 0.44
22 48 0.48
48 23 0.24
48 24 0.07
48 25 0.24
26 48 0.15
27 48 0.2
48 28 0.33
48 31 0.28
32 48 0.24
48 33 0.12
34 48 0.57
36 48 0.47
48 37 0.66
48 38 0.37
48 40 0.28
48 42 0.14
48 46 0.17
48 70 4.0E-4
49 1 0.07
2 49 0.22
49 3 0.55
4 49 0.36
49 5 0.36
49 6 0.05
49 7 0.11
49 8 0.36
49 9 0.09
11 49 0.37
49 12 0.24
49 13 0.29
49 14 0.36
49 15 0.17
49 17 0.38
49 18 0.39
49 19 0.47
49 20 0.55
21 49 0.72
22 49 0.71
49 23 0.15
49 24 0.3
49 25 0.15
26 49 0.14
27 49 0.16
49 28 0.33
49 29 0.22
49 30 0.07
49 31 0.26
49 32 0.44
49 33 0.29
34 49 0.69
35 49 0.06
49 36 0.53
49 37 0.49
49 38 0.39
49 39 0.15
49 40 0.26
49 41 0.15
49 42 0.09
49 45 0.17
49 46 0.1
49 48 0.61
49 70 0.0011
4 50 0.18
50 9 0.29
11 50 0.16
50 15 0.29
17 50 0.14
21 50 0.21
22 50 0.14
26 50 0.16
27 50 0.14
32 50 0.17
34 50 0.09
35 50 0.2
50 36 0.14
49 50 0.07
50 70 2.0E-4
3 51 0.55
4 51 0.14
12 51 0.17
14 51 0.17
15 51 0.24
17 51 0.24
18 51 0.15
19 51 0.26
20 51 0.55
21 51 0.26
22 51 0.35
51 25 0.41
26 51 0.13
51 28 0.73
51 31 0.47
32 51 0.41
34 51 0.44
36 51 0.23
37 51 0.37
38 51 0.31
48 51 0.3
49 51 0.36
70 51 2.0E-4
4 52 0.09
5 52 0.6
52 7 0.19
13 52 0.33
17 52 0.14
21 52 0.21
22 52 0.21
24 52 0.43
52 29 0.19
52 41 0.5
49 52 0.15
70 52 0.0010
5 53 0.13
53 7 0.17
53 12 0.37
53 16 0.45
21 53 0.24
22 53 0.25
24 53 0.52
53 42 0.26
53 44 0.4
45 53 0.52
49 53 0.07
53 70 0.0017
2 54 0.38
54 6 0.5
54 7 0.19
8 54 0.15
13 54 0.11
17 54 0.14
21 54 0.21
27 54 0.14
29 54 0.38
54 30 0.25
33 54 0.25
34 54 0.09
54 39 0.5
44 54 0.22
49 54 0.07
70 54 3.0E-4
4 55 0.31
9 55 0.67
15 55 0.33
21 55 0.18
26 55 0.37
35 55 0.24
50 55 0.58
70 55 3.0E-4
4 56 0.25
5 56 0.43
12 56 0.29
13 56 0.31
17 56 0.2
21 56 0.15
22 56 0.1
56 23 0.71
24 56 0.2
27 56 0.2
56 29 0.27
34 56 0.13
56 37 0.21
56 40 0.41
48 56 0.17
49 56 0.21
70 56 5.0E-4
57 3 0.32
4 57 0.16
57 9 0.35
11 57 0.19
57 17 0.52
57 19 0.1
57 20 0.24
21 57 0.35
22 57 0.3
26 57 0.38
27 57 0.08
57 28 0.54
57 31 0.35
57 32 0.3
34 57 0.38
35 57 0.12
57 37 0.18
57 40 0.17
57 48 0.22
57 49 0.36
57 50 0.15
57 51 0.37
57 55 0.35
57 70 2.0E-4
58 3 0.73
4 58 0.17
5 58 0.35
58 7 0.07
8 58 0.06
58 9 0.11
11 58 0.06
58 12 0.4
13 58 0.17
58 14 0.48
58 15 0.11
58 16 0.2
17 58 0.17
58 18 0.52
58 19 0.62
58 20 0.73
21 58 0.54
22 58 0.67
58 23 0.2
24 58 0.62
58 25 0.2
26 58 0.06
27 58 0.05
58 28 0.44
58 29 0.07
58 31 0.34
32 58 0.26
58 33 0.1
34 58 0.56
36 58 0.54
58 37 0.59
58 38 0.52
58 40 0.11
58 41 0.2
58 42 0.11
58 44 0.18
45 58 0.23
48 58 0.43
49 58 0.61
58 51 0.48
58 52 0.29
58 53 0.35
58 56 0.14
57 58 0.24
58 70 0.0029
59 3 0.71
4 59 0.07
11 59 0.12
12 59 0.15
59 14 0.93
59 15 0.22
59 18 1.0
59 19 0.84
59 20 0.71
21 59 0.28
22 59 0.27
59 25 0.38
59 28 0.17
59 31 0.22
32 59 0.13
34 59 0.48
36 59 0.73
59 37 0.8
59 38 0.71
59 42 0.22
48 59 0.55
49 59 0.39
59 51 0.15
58 59 0.52
70 59 2.0E-4
2 60 0.08
60 3 0.12
4 60 0.35
60 5 0.66
60 6 0.07
60 7 0.08
8 60 0.2
60 9 0.13
11 60 0.07
60 12 0.53
13 60 0.48
60 14 0.18
60 15 0.13
60 16 0.22
17 60 0.13
60 18 0.16
60 19 0.14
60 20 0.12
21 60 0.49
22 60 0.46
60 23 0.22
60 24 0.76
60 25 0.22
26 60 0.07
27 60 0.06
60 28 0.1
60 29 0.25
60 30 0.11
60 31 0.13
32 60 0.07
60 33 0.22
34 60 0.16
35 60 0.18
36 60 0.12
60 37 0.2
60 38 0.16
60 39 0.22
60 40 0.13
60 41 0.22
60 44 0.2
60 45 0.38
48 60 0.16
49 60 0.45
60 51 0.09
60 52 0.44
60 53 0.39
60 54 0.11
60 56 0.31
60 58 0.56
60 59 0.16
60 70 0.0044
61 2 0.13
61 3 0.19
61 4 0.19
61 6 0.24
61 11 0.22
61 12 0.14
61 13 0.08
61 14 0.29
61 15 0.2
61 18 0.27
61 19 0.22
61 20 0.28
61 21 0.3
61 22 0.3
61 25 0.35
61 26 0.22
61 27 0.1
61 28 0.16
61 29 0.13
61 31 0.2
61 32 0.24
61 34 0.38
61 35 0.14
61 36 0.29
61 37 0.32
61 38 0.4
61 48 0.09
61 49 0.21
61 51 0.29
61 58 0.21
61 59 0.27
61 60 0.23
61 70 2.0E-4
3 62 0.38
4 62 0.13
12 62 0.29
14 62 0.29
15 62 0.41
18 62 0.27
19 62 0.22
20 62 0.38
21 62 0.15
22 62 0.2
62 25 0.71
28 62 0.63
31 62 0.41
32 62 0.24
34 62 0.25
36 62 0.2
37 62 0.21
38 62 0.27
48 62 0.17
49 62 0.21
51 62 0.58
57 62 0.21
58 62 0.28
59 62 0.27
60 62 0.15
61 62 0.25
70 62 4.0E-4
3 63 0.4
4 63 0.09
5 63 0.15
11 63 0.16
12 63 0.2
13 63 0.11
14 63 0.61
17 63 0.14
18 63 0.57
19 63 0.47
20 63 0.4
21 63 0.21
22 63 0.21
63 23 0.5
24 63 0.14
27 63 0.14
34 63 0.36
36 63 0.42
37 63 0.6
63 38 0.57
40 63 0.29
48 63 0.36
49 63 0.29
56 63 0.35
58 63 0.39
59 63 0.57
60 63 0.22
61 63 0.18
70 63 3.0E-4
2 64 0.27
6 64 0.47
8 64 0.21
21 64 0.15
27 64 0.2
29 64 0.27
64 30 0.35
33 64 0.35
34 64 0.13
64 39 0.71
44 64 0.32
49 64 0.1
54 64 0.71
60 64 0.15
70 64 5.0E-4
2 65 0.27
6 65 0.47
8 65 0.21
21 65 0.15
29 65 0.27
65 30 0.35
33 65 0.35
65 39 0.71
49 65 0.1
54 65 0.35
60 65 0.15
61 65 0.25
64 65 0.5
70 65 5.0E-4
4 66 0.2
66 9 0.67
11 66 0.18
21 66 0.18
22 66 0.08
26 66 0.37
32 66 0.19
35 66 0.24
36 66 0.16
48 66 0.14
49 66 0.09
50 66 0.29
66 55 0.67
57 66 0.35
70 66 3.0E-4
4 67 0.18
67 10 1.0
21 67 0.11
70 67 0.0011
4 68 0.13
7 68 0.27
68 9 0.41
21 68 0.15
26 68 0.22
35 68 0.29
68 42 0.41
50 68 0.35
53 68 0.32
68 55 0.41
57 68 0.21
66 68 0.41
70 68 4.0E-4
5 69 0.35
12 69 0.47
13 69 0.25
21 69 0.18
22 69 0.24
24 69 0.33
44 69 0.26
49 69 0.09
69 52 0.29
53 69 0.26
58 69 0.23
60 69 0.38
70 69 0.0010
