*Vertices  13
1 "LED灯"
2 "工质"
3 "LED"
4 "二极管"
5 "LED光源"
6 "铝基板"
7 "散热片"
8 "散热器"
9 "半导体"
10 "LED芯片"
11 "芯片"
12 "Li"
13 "吸液芯"
*Arcs
1 13 0.0058
1 2 0.25
13 2 0.0488
3 1 0.6
3 2 0.15
3 13 0.0027
4 1 0.3
4 2 0.2
4 3 0.75
4 13 0.0035
5 1 0.44
5 2 0.2
5 3 0.38
5 4 0.27
5 13 0.0101
6 1 0.29
6 2 0.29
6 3 0.26
6 4 0.23
6 5 0.34
6 13 0.0193
1 7 0.47
7 2 0.53
3 7 0.28
4 7 0.27
5 7 0.42
6 7 0.46
7 13 0.0204
1 8 0.47
8 2 0.53
3 8 0.28
4 8 0.21
5 8 0.42
6 8 0.31
8 7 0.86
8 13 0.0199
9 1 0.29
9 2 0.13
9 3 0.59
9 4 0.64
9 5 0.3
9 6 0.22
9 7 0.2
9 8 0.27
9 13 0.0048
1 10 0.26
10 2 0.34
3 10 0.44
4 10 0.48
5 10 0.2
6 10 0.4
10 7 0.37
10 8 0.28
9 10 0.57
10 13 0.0088
1 11 0.36
11 2 0.21
3 11 0.72
4 11 0.71
5 11 0.16
6 11 0.24
11 7 0.22
11 8 0.17
9 11 0.69
11 10 0.61
11 13 0.0038
1 12 0.29
12 2 0.24
3 12 0.32
4 12 0.28
5 12 0.18
6 12 0.27
12 7 0.25
12 8 0.25
9 12 0.3
12 10 0.32
12 11 0.34
12 13 0.0127
