*Vertices  20
1 "LED灯"
2 "工质"
3 "蒸发皿"
4 "连接管"
5 "LED"
6 "二极管"
7 "通道"
8 "电子元器件"
9 "铝基板"
10 "基板"
11 "散热片"
12 "散热器"
13 "LED照明设备"
14 "LED芯片"
15 "芯片"
16 "Li"
17 "电阻"
18 "转动轴"
19 "透镜"
20 "基座"
*Arcs
1 20 0.0035
1 2 0.25
2 20 0.012
1 3 0.18
2 3 0.71
20 3 0.0199
1 4 0.18
2 4 0.71
4 3 1.0
20 4 0.0199
5 1 0.6
5 2 0.15
5 3 0.11
5 4 0.11
5 20 0.0016
6 1 0.3
6 2 0.2
6 3 0.14
6 4 0.14
6 5 0.75
6 20 0.0023
1 7 0.22
7 2 0.29
7 3 0.41
7 4 0.41
5 7 0.26
6 7 0.23
7 20 0.0136
1 8 0.18
2 8 0.71
8 3 1.0
8 4 1.0
5 8 0.11
6 8 0.14
7 8 0.41
20 8 0.0199
9 1 0.29
9 2 0.29
9 5 0.26
9 6 0.23
9 7 0.33
9 20 0.0036
1 10 0.25
2 10 0.5
10 3 0.71
10 4 0.71
5 10 0.15
6 10 0.1
7 10 0.29
10 8 0.71
10 20 0.0115
1 11 0.47
11 2 0.53
11 3 0.38
11 4 0.38
5 11 0.28
6 11 0.27
11 7 0.46
11 8 0.38
9 11 0.46
11 10 0.53
11 20 0.0134
1 12 0.47
12 2 0.53
12 3 0.38
12 4 0.38
5 12 0.28
6 12 0.21
12 7 0.31
12 8 0.38
9 12 0.31
12 10 0.53
12 11 0.86
12 20 0.0052
1 13 0.13
5 13 0.15
6 13 0.2
7 13 0.29
9 13 0.29
11 13 0.27
13 20 0.0074
1 14 0.26
14 2 0.34
14 3 0.24
14 4 0.24
5 14 0.44
6 14 0.48
14 7 0.4
14 8 0.24
9 14 0.4
14 10 0.17
14 11 0.37
14 12 0.28
14 13 0.17
14 20 0.0056
1 15 0.36
15 2 0.21
15 3 0.15
15 4 0.15
5 15 0.72
6 15 0.71
15 7 0.24
15 8 0.15
9 15 0.24
15 10 0.1
15 11 0.22
15 12 0.17
15 13 0.1
15 14 0.61
15 20 0.0023
1 16 0.29
16 2 0.24
5 16 0.32
6 16 0.28
16 7 0.14
9 16 0.27
16 11 0.25
16 12 0.25
16 13 0.24
16 14 0.32
16 15 0.34
16 20 0.0024
1 17 0.35
17 2 0.15
17 3 0.22
17 4 0.22
5 17 0.49
6 17 0.46
17 7 0.09
17 8 0.22
17 10 0.15
11 17 0.08
12 17 0.08
14 17 0.16
15 17 0.45
16 17 0.07
17 20 0.0012
1 18 0.18
5 18 0.11
6 18 0.14
7 18 0.41
9 18 0.41
11 18 0.38
13 18 0.71
14 18 0.24
15 18 0.15
16 18 0.33
18 20 0.0112
19 1 0.28
19 5 0.34
19 6 0.36
19 7 0.26
19 9 0.39
19 11 0.36
19 12 0.24
19 13 0.22
19 14 0.23
19 15 0.19
19 16 0.32
19 18 0.32
19 20 0.0020
