*Vertices  18
1 "LED灯"
2 "工质"
3 "蒸发皿"
4 "连接管"
5 "LED"
6 "二极管"
7 "通道"
8 "LED光源"
9 "电子元器件"
10 "基座"
11 "散热片"
12 "散热器"
13 "半导体"
14 "LED芯片"
15 "芯片"
16 "电阻"
17 "射灯"
18 "基板"
*Arcs
1 18 0.0048
1 2 0.25
2 18 0.0182
1 3 0.18
2 3 0.71
18 3 0.0302
1 4 0.18
2 4 0.71
4 3 1.0
18 4 0.0302
5 1 0.6
5 2 0.15
5 3 0.11
5 4 0.11
5 18 0.0020
6 1 0.3
6 2 0.2
6 3 0.14
6 4 0.14
6 5 0.75
6 18 0.0014
1 7 0.22
7 2 0.29
7 3 0.41
7 4 0.41
5 7 0.26
6 7 0.23
7 18 0.0073
8 1 0.44
8 2 0.2
8 5 0.38
8 6 0.27
8 7 0.11
8 18 0.0023
1 9 0.18
2 9 0.71
9 3 1.0
9 4 1.0
5 9 0.11
6 9 0.14
7 9 0.41
18 9 0.0302
1 10 0.25
2 10 0.5
10 3 0.71
10 4 0.71
5 10 0.15
6 10 0.2
7 10 0.58
10 9 0.71
18 10 0.0179
1 11 0.47
11 2 0.53
11 3 0.38
11 4 0.38
5 11 0.28
6 11 0.27
11 7 0.46
8 11 0.42
11 9 0.38
11 10 0.53
11 18 0.0174
1 12 0.47
12 2 0.53
12 3 0.38
12 4 0.38
5 12 0.28
6 12 0.21
12 7 0.31
8 12 0.42
12 9 0.38
12 10 0.27
12 11 0.86
12 18 0.0164
13 1 0.29
13 2 0.13
13 5 0.59
13 6 0.64
13 7 0.15
13 8 0.3
13 11 0.2
13 12 0.27
13 18 0.0011
1 14 0.26
14 2 0.34
14 3 0.24
14 4 0.24
5 14 0.44
6 14 0.48
14 7 0.4
8 14 0.2
14 9 0.24
14 10 0.34
14 11 0.37
14 12 0.28
13 14 0.57
14 18 0.0032
1 15 0.36
15 2 0.21
15 3 0.15
15 4 0.15
5 15 0.72
6 15 0.71
15 7 0.24
8 15 0.16
15 9 0.15
15 10 0.21
15 11 0.22
15 12 0.17
13 15 0.69
15 14 0.61
15 18 0.0013
1 16 0.35
16 2 0.15
16 3 0.22
16 4 0.22
5 16 0.49
6 16 0.46
16 7 0.09
8 16 0.06
16 9 0.22
16 10 0.15
11 16 0.08
12 16 0.08
13 16 0.16
14 16 0.16
15 16 0.45
16 18 0.0018
17 1 0.25
17 5 0.15
17 6 0.1
17 8 0.39
17 11 0.27
17 12 0.27
17 13 0.25
17 18 0.0074
