*Vertices  39
1 "LED显示屏"
2 "LED灯"
3 "控制器"
4 "处理器"
5 "荧光粉"
6 "发光荧光材料"
7 "色域"
8 "IP核"
9 "硼酸"
10 "XYZ2xyz"
11 "XYZ2RGB"
12 "CIE"
13 "EP"
14 "LED"
15 "二极管"
16 "玻璃"
17 "LED光源"
18 "光谱仪"
19 "荧光体"
20 "SiO2"
21 "半导体"
22 "MQW"
23 "荧光光谱"
24 "金属银纳米粒子"
25 "LED芯片"
26 "芯片"
27 "酸盐"
28 "SrCO3"
29 "Eu2O3"
30 "硝酸"
31 "Eu2"
32 "去离子水"
33 "Li"
34 "离子"
35 "丙酮"
36 "玻璃体"
37 "激发光"
38 "DMA"
39 "基色"
*Arcs
39 1 0.0043
2 39 2.0E-4
3 1 0.57
39 3 0.0011
4 1 0.32
4 2 0.17
4 3 0.48
4 39 8.0E-4
5 1 0.16
5 2 0.17
5 3 0.12
5 4 0.1
5 39 7.0E-4
6 2 0.27
6 4 0.1
6 5 0.57
6 39 0.0018
7 1 0.71
3 7 0.27
4 7 0.22
39 7 0.0073
1 8 0.5
3 8 0.38
4 8 0.32
7 8 0.71
39 8 0.0051
2 9 0.13
5 9 0.22
6 9 0.43
39 9 0.0064
1 10 0.5
3 10 0.38
4 10 0.32
7 10 0.71
10 8 1.0
39 10 0.0051
1 11 0.5
3 11 0.38
4 11 0.32
7 11 0.71
11 8 1.0
11 10 1.0
39 11 0.0051
12 1 0.71
3 12 0.27
4 12 0.22
12 7 1.0
12 8 0.71
12 10 0.71
12 11 0.71
39 12 0.0073
2 13 0.2
13 3 0.11
4 13 0.18
5 13 0.46
6 13 0.35
13 9 0.41
39 13 0.0017
14 1 0.21
14 2 0.6
14 3 0.28
14 4 0.34
14 5 0.34
14 6 0.35
14 7 0.15
14 8 0.11
14 9 0.15
14 10 0.11
14 11 0.11
14 12 0.15
14 13 0.37
14 39 0.0011
15 1 0.14
15 2 0.3
15 3 0.16
15 4 0.04
15 5 0.36
15 6 0.43
15 7 0.1
15 9 0.1
15 12 0.1
15 13 0.24
15 14 0.75
15 39 5.0E-4
16 2 0.28
16 4 0.3
16 5 0.2
16 6 0.19
16 9 0.22
16 13 0.18
16 14 0.34
16 15 0.22
16 39 4.0E-4
17 2 0.44
17 4 0.18
17 5 0.26
17 6 0.17
17 9 0.2
17 13 0.24
17 14 0.38
17 15 0.27
17 16 0.18
17 39 3.0E-4
2 18 0.13
6 18 0.21
18 9 0.5
18 13 0.2
14 18 0.15
15 18 0.1
39 18 0.0017
5 19 0.55
6 19 0.52
9 19 0.41
13 19 0.33
14 19 0.18
15 19 0.24
16 19 0.18
17 19 0.16
39 19 0.0016
2 20 0.24
5 20 0.42
6 20 0.7
20 9 0.24
20 13 0.38
14 20 0.32
15 20 0.38
20 18 0.24
20 19 0.38
39 20 7.0E-4
21 2 0.29
21 4 0.11
21 5 0.34
21 6 0.43
21 9 0.13
21 13 0.31
21 14 0.59
21 15 0.64
21 16 0.23
21 17 0.3
21 19 0.21
21 20 0.42
21 39 3.0E-4
2 22 0.16
5 22 0.19
6 22 0.18
9 22 0.21
13 22 0.26
14 22 0.35
15 22 0.38
16 22 0.19
17 22 0.17
19 22 0.17
20 22 0.2
21 22 0.6
39 22 4.0E-4
2 23 0.13
6 23 0.21
23 9 0.5
23 13 0.2
14 23 0.15
15 23 0.1
23 18 1.0
23 20 0.24
39 23 0.0017
5 24 0.32
6 24 0.3
9 24 0.71
13 24 0.29
14 24 0.11
15 24 0.14
16 24 0.32
17 24 0.28
19 24 0.58
21 24 0.18
22 24 0.3
39 24 0.0032
2 25 0.26
5 25 0.23
6 25 0.15
9 25 0.17
13 25 0.35
14 25 0.44
15 25 0.48
16 25 0.15
17 25 0.2
25 19 0.28
20 25 0.24
21 25 0.57
25 22 0.66
25 24 0.24
39 25 3.0E-4
26 1 0.07
2 26 0.36
26 3 0.11
4 26 0.05
5 26 0.37
6 26 0.44
26 9 0.21
26 13 0.38
14 26 0.72
15 26 0.71
16 26 0.14
17 26 0.16
26 18 0.1
26 19 0.26
26 20 0.44
21 26 0.69
26 22 0.49
26 23 0.1
26 24 0.15
26 25 0.61
39 26 6.0E-4
2 27 0.14
5 27 0.52
6 27 0.62
27 9 0.58
27 13 0.35
14 27 0.26
15 27 0.29
16 27 0.13
17 27 0.11
27 18 0.29
27 19 0.47
27 20 0.54
21 27 0.29
27 22 0.12
27 23 0.29
27 24 0.41
27 25 0.2
27 26 0.36
39 27 0.0028
2 28 0.13
5 28 0.22
6 28 0.43
28 9 0.5
28 13 0.41
14 28 0.15
15 28 0.1
28 18 0.5
28 19 0.41
28 20 0.47
21 28 0.13
28 23 0.5
28 26 0.21
28 27 0.29
39 28 0.0020
2 29 0.13
5 29 0.22
6 29 0.43
29 9 0.5
29 13 0.41
14 29 0.15
15 29 0.1
29 18 0.5
29 19 0.41
29 20 0.47
21 29 0.13
29 23 0.5
29 26 0.21
29 27 0.29
29 28 1.0
39 29 0.0020
2 30 0.1
5 30 0.37
6 30 0.52
30 9 0.82
30 13 0.5
14 30 0.18
15 30 0.16
16 30 0.18
17 30 0.16
30 18 0.41
30 19 0.33
30 20 0.38
21 30 0.21
30 22 0.17
30 23 0.41
30 24 0.58
30 25 0.14
30 26 0.26
30 27 0.71
30 28 0.41
30 29 0.41
39 30 0.0047
2 31 0.09
5 31 0.47
6 31 0.6
31 9 0.71
31 13 0.58
14 31 0.21
15 31 0.21
16 31 0.16
17 31 0.14
31 18 0.35
31 19 0.58
31 20 0.5
21 31 0.27
31 22 0.15
31 23 0.35
31 24 0.5
31 25 0.12
31 26 0.29
31 27 0.61
31 28 0.71
31 29 0.71
31 30 0.87
39 31 0.0041
2 32 0.08
6 32 0.13
32 9 0.32
32 13 0.39
14 32 0.24
15 32 0.19
32 18 0.32
32 20 0.3
21 32 0.24
32 23 0.32
32 25 0.11
32 26 0.26
32 27 0.37
32 28 0.32
32 29 0.32
32 30 0.26
32 31 0.22
39 32 8.0E-4
2 33 0.29
33 3 0.13
4 33 0.11
5 33 0.42
6 33 0.4
33 9 0.47
33 13 0.29
14 33 0.32
15 33 0.28
16 33 0.11
17 33 0.18
33 18 0.24
33 19 0.38
33 20 0.33
21 33 0.3
33 22 0.2
33 23 0.24
33 24 0.33
33 25 0.32
33 26 0.34
33 27 0.54
33 28 0.24
33 29 0.24
33 30 0.38
33 31 0.33
33 32 0.15
39 33 0.0018
2 34 0.16
5 34 0.19
6 34 0.27
34 9 0.43
34 13 0.52
14 34 0.35
15 34 0.3
16 34 0.38
17 34 0.08
34 18 0.21
34 19 0.35
34 20 0.3
21 34 0.38
34 22 0.18
34 23 0.21
34 24 0.3
34 25 0.22
34 26 0.36
34 27 0.37
34 28 0.43
34 29 0.43
34 30 0.35
34 31 0.45
34 32 0.67
34 33 0.2
39 34 0.0017
2 35 0.09
6 35 0.15
35 9 0.35
35 13 0.58
14 35 0.21
15 35 0.14
16 35 0.16
35 18 0.35
35 20 0.33
21 35 0.18
35 22 0.15
35 23 0.35
35 25 0.24
35 26 0.22
35 27 0.2
35 28 0.35
35 29 0.35
35 30 0.29
35 31 0.25
35 32 0.67
35 33 0.17
35 34 0.6
35 39 0.0010
5 36 0.32
6 36 0.3
9 36 0.71
13 36 0.29
14 36 0.11
15 36 0.14
16 36 0.32
17 36 0.28
19 36 0.58
21 36 0.18
22 36 0.3
36 24 1.0
25 36 0.24
26 36 0.15
27 36 0.41
30 36 0.58
31 36 0.5
33 36 0.33
34 36 0.3
39 36 0.0032
2 37 0.13
5 37 0.48
6 37 0.57
37 9 0.53
37 13 0.33
14 37 0.28
15 37 0.32
16 37 0.24
17 37 0.1
37 18 0.53
37 19 0.65
37 20 0.5
21 37 0.2
37 22 0.11
37 23 0.53
37 24 0.38
37 25 0.18
37 26 0.28
37 27 0.62
37 28 0.53
37 29 0.53
37 30 0.44
37 31 0.57
37 32 0.17
37 33 0.5
37 34 0.34
37 35 0.19
37 36 0.38
37 39 0.0026
38 1 0.35
38 3 0.53
4 38 0.45
38 7 0.5
38 8 0.71
38 10 0.71
38 11 0.71
38 12 0.5
13 38 0.2
14 38 0.15
33 38 0.24
39 38 0.0030
