*Vertices  74
1 "显示器"
2 "衬底"
3 "LED灯"
4 "光纤"
5 "探头"
6 "容器"
7 "光膜"
8 "传感器"
9 "控制器"
10 "处理器"
11 "荧光粉"
12 "开关"
13 "发光荧光材料"
14 "柔性高分子材料"
15 "塑料光转换荧光粒料"
16 "助剂"
17 "次氯酸钠溶液"
18 "PD"
19 "聚合物树脂"
20 "圆圈基体"
21 "定时器"
22 "光纤耦合"
23 "EP"
24 "外延片"
25 "外延"
26 "LED"
27 "二极管"
28 "玻璃"
29 "LED光源"
30 "腐蚀液"
31 "光电转换器件"
32 "转换器"
33 "铝基板"
34 "探针"
35 "滤光片"
36 "稀释剂"
37 "荧光体"
38 "发光体"
39 "硅橡胶"
40 "光刻胶"
41 "填充区域"
42 "SiO2"
43 "半导体"
44 "电路板"
45 "Al2O3"
46 "GaAs"
47 "MQW"
48 "键合"
49 "客户"
50 "光电池"
51 "LED芯片"
52 "芯片"
53 "电流扩展层"
54 "酸盐"
55 "硅油"
56 "硬脂酰胺"
57 "Li"
58 "液体石蜡"
59 "离子"
60 "电极"
61 "丙酮"
62 "激光"
63 "MOCVD"
64 "洗墙灯"
65 "射灯"
66 "臭氧"
67 "屏幕"
68 "透镜"
69 "反射层"
70 "发光层"
71 "甲基"
72 "聚光帽"
73 "激发光"
74 "塑料"
*Arcs
74 1 6.0E-4
74 2 2.0E-4
3 1 0.13
3 2 0.05
74 3 2.0E-4
74 4 0.0011
5 4 0.58
74 5 4.0E-4
6 2 0.19
74 6 6.0E-4
7 1 0.27
7 3 0.13
7 6 0.5
74 7 0.0018
1 8 0.38
8 4 0.33
8 5 0.38
74 8 5.0E-4
1 9 0.14
9 4 0.19
9 5 0.22
74 9 2.0E-4
10 1 0.36
10 3 0.17
10 4 0.16
10 5 0.37
10 7 0.22
10 8 0.21
10 9 0.48
74 10 2.0E-4
11 1 0.24
11 2 0.08
11 3 0.17
11 6 0.22
11 7 0.45
11 9 0.12
11 10 0.1
74 11 0.0011
1 12 0.08
3 12 0.39
12 8 0.07
12 9 0.25
10 12 0.28
11 12 0.14
74 12 3.0E-4
13 1 0.23
13 2 0.16
13 3 0.27
13 6 0.21
13 7 0.43
13 10 0.1
13 11 0.57
13 12 0.13
74 13 0.0011
14 6 0.71
7 14 0.71
11 14 0.32
13 14 0.3
74 14 0.0010
1 15 0.38
3 15 0.18
11 15 0.32
12 15 0.22
13 15 0.3
74 15 0.0010
1 16 0.27
3 16 0.13
16 6 0.5
7 16 0.5
11 16 0.45
12 16 0.15
13 16 0.43
16 14 0.71
16 15 0.71
74 16 0.0021
2 17 0.38
74 17 4.0E-4
1 18 0.22
18 4 0.58
18 5 0.33
18 8 0.58
10 18 0.18
74 18 0.0012
1 19 0.38
3 19 0.18
11 19 0.32
12 19 0.22
13 19 0.3
19 15 1.0
19 16 0.71
74 19 0.0010
9 20 0.38
12 20 0.22
74 20 6.0E-4
3 21 0.13
9 21 0.27
12 21 0.31
21 20 0.71
74 21 5.0E-4
4 22 0.71
8 22 0.24
18 22 0.41
74 22 6.0E-4
23 2 0.15
3 23 0.2
23 6 0.2
23 9 0.11
10 23 0.18
11 23 0.46
23 12 0.19
13 23 0.35
23 17 0.2
74 23 2.0E-4
24 2 0.85
3 24 0.06
11 24 0.1
13 24 0.19
24 17 0.22
23 24 0.09
74 24 2.0E-4
25 2 0.93
3 25 0.09
11 25 0.08
13 25 0.24
25 17 0.38
23 25 0.08
25 24 0.85
74 25 2.0E-4
26 1 0.28
26 2 0.4
26 3 0.6
26 4 0.21
26 5 0.18
26 6 0.15
26 7 0.15
26 8 0.32
26 9 0.28
26 10 0.34
26 11 0.34
26 12 0.49
26 13 0.35
26 14 0.11
26 15 0.11
26 16 0.15
26 17 0.15
26 18 0.18
26 19 0.11
26 20 0.11
26 21 0.15
26 22 0.15
26 23 0.37
26 24 0.34
26 25 0.4
74 26 0.0010
27 1 0.11
27 2 0.45
27 3 0.3
27 4 0.21
27 5 0.08
27 6 0.2
27 7 0.2
27 8 0.09
27 9 0.16
27 10 0.04
27 11 0.36
27 12 0.31
27 13 0.43
27 14 0.14
27 15 0.14
27 16 0.2
27 17 0.2
27 18 0.16
27 19 0.14
27 20 0.14
27 21 0.1
27 22 0.2
27 23 0.24
27 24 0.36
27 25 0.45
27 26 0.75
74 27 0.0014
28 1 0.12
28 2 0.08
28 3 0.28
28 4 0.32
28 5 0.18
28 7 0.22
28 8 0.21
28 10 0.3
28 11 0.2
28 12 0.21
28 13 0.19
28 17 0.22
28 18 0.37
28 22 0.22
28 23 0.18
28 24 0.1
28 25 0.08
28 26 0.34
28 27 0.22
74 28 0.0015
29 1 0.1
29 3 0.44
29 5 0.16
29 7 0.2
29 8 0.09
29 10 0.18
29 11 0.26
29 12 0.06
29 13 0.17
29 23 0.24
29 26 0.38
29 27 0.27
29 28 0.18
74 29 1.0E-4
2 30 0.6
3 30 0.08
6 30 0.32
30 17 0.63
23 30 0.26
24 30 0.28
25 30 0.48
26 30 0.24
27 30 0.32
28 30 0.14
74 30 2.0E-4
31 4 0.71
31 5 0.41
31 8 0.47
31 18 0.82
31 22 0.5
26 31 0.15
27 31 0.2
28 31 0.45
74 31 0.0017
1 32 0.29
3 32 0.13
32 4 0.38
32 5 0.22
32 8 0.38
32 9 0.29
10 32 0.12
11 32 0.12
12 32 0.25
13 32 0.11
32 15 0.38
32 16 0.27
32 18 0.44
32 19 0.38
32 22 0.27
23 32 0.11
26 32 0.28
27 32 0.21
28 32 0.24
32 31 0.53
74 32 0.0013
33 1 0.15
33 2 0.11
33 3 0.29
33 7 0.29
33 10 0.13
33 11 0.26
33 13 0.12
33 17 0.29
33 23 0.24
33 24 0.13
33 25 0.11
33 26 0.26
33 27 0.23
33 28 0.26
33 29 0.34
33 30 0.18
33 74 6.0E-4
34 4 0.35
34 5 0.41
34 8 0.24
34 18 0.41
26 34 0.15
27 34 0.2
28 34 0.22
34 31 0.5
32 34 0.27
74 34 4.0E-4
35 4 0.71
35 5 0.41
35 8 0.24
35 18 0.41
35 22 0.5
26 35 0.15
27 35 0.2
28 35 0.22
35 31 0.5
32 35 0.27
35 34 0.5
74 35 5.0E-4
36 6 0.71
7 36 0.71
11 36 0.32
13 36 0.3
36 14 1.0
36 16 0.71
26 36 0.11
27 36 0.14
74 36 0.0010
37 6 0.41
7 37 0.41
11 37 0.55
13 37 0.52
37 14 0.58
37 16 0.41
23 37 0.33
26 37 0.18
27 37 0.24
28 37 0.18
29 37 0.16
37 36 0.58
74 37 5.0E-4
38 1 0.17
38 3 0.24
38 7 0.32
38 10 0.14
38 11 0.28
38 13 0.27
38 23 0.13
38 26 0.24
38 27 0.25
38 28 0.14
38 29 0.37
38 33 0.18
38 37 0.26
38 74 2.0E-4
39 6 0.71
7 39 0.71
11 39 0.32
13 39 0.3
39 14 1.0
39 16 0.71
26 39 0.11
27 39 0.14
39 36 1.0
39 37 0.58
74 39 0.0010
2 40 0.46
3 40 0.1
40 17 0.41
23 40 0.17
24 40 0.37
25 40 0.46
26 40 0.18
27 40 0.24
28 40 0.18
30 40 0.77
33 40 0.24
74 40 3.0E-4
2 41 0.27
17 41 0.71
23 41 0.29
24 41 0.32
25 41 0.27
26 41 0.11
27 41 0.14
28 41 0.32
30 41 0.45
33 41 0.41
40 41 0.58
74 41 6.0E-4
1 42 0.13
42 2 0.27
3 42 0.24
42 6 0.47
7 42 0.24
11 42 0.42
42 12 0.07
13 42 0.7
42 14 0.33
42 15 0.33
42 16 0.47
42 19 0.33
42 23 0.38
42 24 0.21
42 25 0.27
26 42 0.32
27 42 0.38
42 30 0.3
42 32 0.13
42 36 0.33
42 37 0.38
38 42 0.15
42 39 0.33
42 40 0.19
74 42 7.0E-4
43 1 0.14
43 2 0.67
43 3 0.29
43 4 0.09
43 5 0.1
43 6 0.13
43 7 0.13
43 8 0.12
43 10 0.11
43 11 0.34
43 12 0.12
43 13 0.43
43 15 0.18
43 16 0.13
43 17 0.25
43 18 0.1
43 19 0.18
43 22 0.13
43 23 0.31
43 24 0.57
43 25 0.67
43 26 0.59
43 27 0.64
43 28 0.23
43 29 0.3
43 30 0.4
43 31 0.13
43 32 0.14
43 33 0.22
43 34 0.13
43 37 0.21
43 38 0.16
43 40 0.31
43 41 0.18
43 42 0.42
43 74 8.0E-4
44 1 0.15
44 3 0.43
44 7 0.29
44 10 0.13
44 11 0.13
44 12 0.18
44 13 0.12
44 26 0.26
44 27 0.06
44 28 0.39
44 29 0.11
44 33 0.17
44 38 0.37
44 43 0.15
44 74 2.0E-4
1 45 0.1
45 2 0.67
3 45 0.15
45 6 0.2
7 45 0.2
11 45 0.35
45 12 0.06
13 45 0.5
45 14 0.28
45 15 0.28
45 16 0.39
45 19 0.28
23 45 0.08
45 24 0.79
45 25 0.74
26 45 0.38
27 45 0.43
45 30 0.12
45 32 0.1
45 36 0.28
45 37 0.16
45 39 0.28
45 40 0.16
42 45 0.55
43 45 0.6
74 45 5.0E-4
2 46 0.55
3 46 0.07
13 46 0.25
46 17 0.58
23 46 0.12
24 46 0.26
25 46 0.65
26 46 0.26
27 46 0.35
28 46 0.13
30 46 0.55
33 46 0.17
46 40 0.47
46 41 0.41
42 46 0.27
43 46 0.44
45 46 0.23
74 46 2.0E-4
47 2 0.64
3 47 0.16
11 47 0.19
12 47 0.07
13 47 0.18
47 17 0.21
23 47 0.26
47 24 0.76
47 25 0.73
26 47 0.35
27 47 0.38
28 47 0.19
29 47 0.17
47 30 0.27
33 47 0.12
37 47 0.17
47 40 0.35
47 41 0.3
42 47 0.2
43 47 0.6
45 47 0.67
47 46 0.25
74 47 1.0E-4
2 48 0.22
3 48 0.07
48 4 0.2
48 5 0.24
48 8 0.14
11 48 0.13
13 48 0.25
48 17 0.29
48 18 0.24
23 48 0.12
24 48 0.13
25 48 0.33
26 48 0.26
27 48 0.29
28 48 0.13
48 30 0.18
48 31 0.29
32 48 0.15
33 48 0.17
48 34 0.29
48 35 0.29
42 48 0.27
43 48 0.29
45 48 0.23
48 46 0.5
47 48 0.12
74 48 2.0E-4
1 49 0.22
3 49 0.2
49 5 0.33
49 8 0.19
10 49 0.37
11 49 0.18
12 49 0.25
13 49 0.17
49 15 0.58
49 16 0.41
49 19 0.58
23 49 0.17
26 49 0.18
27 49 0.08
29 49 0.16
32 49 0.22
42 49 0.19
43 49 0.21
45 49 0.16
74 49 4.0E-4
50 4 0.5
50 5 0.58
50 8 0.5
10 50 0.16
50 18 0.58
50 22 0.35
26 50 0.21
27 50 0.21
28 50 0.32
29 50 0.28
50 31 0.71
32 50 0.38
50 34 0.35
50 35 0.35
43 50 0.18
48 50 0.2
49 50 0.29
74 50 0.0010
51 2 0.52
3 51 0.26
51 6 0.34
7 51 0.17
11 51 0.23
51 12 0.05
13 51 0.15
51 14 0.24
51 16 0.17
51 17 0.17
23 51 0.35
51 24 0.54
51 25 0.45
26 51 0.44
27 51 0.48
28 51 0.15
29 51 0.2
51 30 0.33
33 51 0.4
51 36 0.24
51 37 0.28
51 39 0.24
51 40 0.28
51 41 0.24
42 51 0.24
43 51 0.57
45 51 0.47
51 46 0.1
51 47 0.66
51 48 0.2
74 51 4.0E-4
1 52 0.22
52 2 0.55
3 52 0.36
52 6 0.21
7 52 0.1
52 8 0.05
52 9 0.11
10 52 0.05
11 52 0.37
52 12 0.29
13 52 0.44
52 14 0.15
52 15 0.15
52 16 0.21
52 17 0.21
52 19 0.15
52 23 0.38
52 24 0.47
52 25 0.55
26 52 0.72
27 52 0.71
28 52 0.14
29 52 0.16
52 30 0.33
52 32 0.22
33 52 0.24
52 34 0.1
52 36 0.15
52 37 0.26
38 52 0.07
52 39 0.15
52 40 0.26
52 41 0.15
52 42 0.44
43 52 0.69
44 52 0.06
52 45 0.53
52 46 0.36
52 47 0.49
52 48 0.3
52 49 0.09
52 51 0.61
74 52 4.0E-4
2 53 0.55
3 53 0.14
6 53 0.29
13 53 0.12
53 17 0.58
23 53 0.24
24 53 0.26
25 53 0.55
26 53 0.26
27 53 0.35
28 53 0.13
53 30 0.73
33 53 0.17
53 40 0.47
53 41 0.41
42 53 0.41
43 53 0.44
45 53 0.23
53 46 0.67
47 53 0.37
48 53 0.33
51 53 0.3
52 53 0.36
74 53 2.0E-4
1 54 0.15
3 54 0.14
54 6 0.29
7 54 0.29
11 54 0.52
54 12 0.09
13 54 0.62
54 14 0.41
54 15 0.41
54 16 0.58
54 19 0.41
54 23 0.35
26 54 0.26
27 54 0.29
28 54 0.13
29 54 0.11
54 32 0.15
54 36 0.41
54 37 0.47
54 39 0.41
54 42 0.54
43 54 0.29
54 45 0.34
54 47 0.12
54 49 0.24
54 51 0.2
54 52 0.36
74 54 9.0E-4
55 6 0.71
7 55 0.71
11 55 0.32
13 55 0.3
55 14 1.0
55 16 0.71
26 55 0.11
27 55 0.14
55 36 1.0
55 37 0.58
55 39 1.0
42 55 0.33
45 55 0.28
51 55 0.24
52 55 0.15
54 55 0.41
74 55 0.0010
1 56 0.38
3 56 0.18
11 56 0.32
12 56 0.22
13 56 0.3
56 15 1.0
56 16 0.71
56 19 1.0
26 56 0.11
27 56 0.14
32 56 0.38
42 56 0.33
43 56 0.18
45 56 0.28
56 49 0.58
52 56 0.15
54 56 0.41
74 56 0.0010
1 57 0.13
57 2 0.09
3 57 0.29
57 6 0.24
7 57 0.24
57 9 0.13
10 57 0.11
11 57 0.42
57 12 0.15
13 57 0.4
57 14 0.33
57 15 0.33
57 16 0.47
57 19 0.33
57 23 0.29
57 24 0.11
57 25 0.09
26 57 0.32
27 57 0.28
28 57 0.11
29 57 0.18
57 32 0.25
33 57 0.27
57 36 0.33
57 37 0.38
57 39 0.33
57 42 0.33
43 57 0.3
44 57 0.14
57 45 0.28
57 47 0.2
57 49 0.19
57 51 0.32
57 52 0.34
57 54 0.54
57 55 0.33
57 56 0.33
74 57 6.0E-4
1 58 0.38
3 58 0.18
11 58 0.32
12 58 0.22
13 58 0.3
58 15 1.0
58 16 0.71
58 19 1.0
26 58 0.11
27 58 0.14
32 58 0.38
42 58 0.33
43 58 0.18
45 58 0.28
58 49 0.58
52 58 0.15
54 58 0.41
58 56 1.0
57 58 0.33
74 58 0.0010
59 2 0.32
3 59 0.16
59 6 0.21
11 59 0.19
13 59 0.27
59 17 0.43
59 23 0.52
59 24 0.1
59 25 0.24
26 59 0.35
27 59 0.3
28 59 0.38
29 59 0.08
59 30 0.54
33 59 0.12
59 37 0.35
38 59 0.13
59 40 0.35
59 41 0.3
59 42 0.3
43 59 0.38
44 59 0.12
59 46 0.37
59 47 0.18
59 48 0.12
59 51 0.22
59 52 0.36
59 53 0.37
59 54 0.37
59 57 0.2
74 59 2.0E-4
60 2 0.73
3 60 0.17
60 6 0.14
60 9 0.07
11 60 0.06
12 60 0.17
13 60 0.24
60 17 0.28
23 60 0.17
60 24 0.62
60 25 0.73
26 60 0.54
27 60 0.67
28 60 0.06
29 60 0.05
60 30 0.44
60 32 0.07
33 60 0.08
60 40 0.34
60 41 0.2
42 60 0.26
43 60 0.56
45 60 0.54
60 46 0.48
60 47 0.59
60 48 0.24
51 60 0.43
52 60 0.61
60 53 0.48
57 60 0.07
59 60 0.24
74 60 1.0E-4
61 2 0.27
3 61 0.09
61 6 0.35
13 61 0.15
61 17 0.35
61 23 0.58
61 24 0.16
61 25 0.13
26 61 0.21
27 61 0.14
28 61 0.16
61 30 0.45
33 61 0.2
61 40 0.29
61 41 0.5
61 42 0.33
43 61 0.18
61 46 0.2
61 47 0.15
61 51 0.24
61 52 0.22
61 53 0.41
61 54 0.2
61 57 0.17
61 59 0.6
61 60 0.2
74 61 2.0E-4
62 1 0.13
62 2 0.19
62 3 0.19
62 4 0.35
62 7 0.25
62 8 0.24
62 10 0.11
62 11 0.22
62 12 0.08
62 13 0.21
62 18 0.2
62 22 0.5
62 24 0.22
62 25 0.28
62 26 0.3
62 27 0.3
62 28 0.22
62 29 0.1
62 30 0.16
62 31 0.25
62 32 0.13
62 33 0.14
62 35 0.25
62 38 0.16
62 40 0.2
62 42 0.24
62 43 0.38
62 44 0.14
62 45 0.29
62 46 0.14
62 47 0.32
62 48 0.14
62 50 0.18
62 51 0.09
62 52 0.21
62 53 0.29
62 57 0.12
62 60 0.21
62 74 6.0E-4
63 2 0.76
3 63 0.06
11 63 0.1
13 63 0.29
63 17 0.22
23 63 0.09
63 24 0.9
63 25 0.85
26 63 0.34
27 63 0.36
28 63 0.1
63 30 0.14
33 63 0.13
63 40 0.18
63 41 0.32
42 63 0.21
43 63 0.57
45 63 0.79
63 46 0.39
63 47 0.76
63 48 0.26
51 63 0.46
52 63 0.47
63 53 0.26
57 63 0.11
59 63 0.1
60 63 0.62
61 63 0.16
62 63 0.22
74 63 2.0E-4
64 1 0.38
64 3 0.18
64 7 0.71
64 10 0.32
64 11 0.32
64 13 0.3
64 26 0.11
64 27 0.14
64 28 0.32
64 29 0.28
64 33 0.41
64 38 0.45
64 43 0.18
64 44 0.41
64 62 0.35
64 74 7.0E-4
65 1 0.27
65 3 0.25
65 7 0.5
65 10 0.22
65 11 0.22
65 13 0.21
65 26 0.15
65 27 0.1
65 28 0.22
65 29 0.39
65 33 0.29
65 38 0.32
65 43 0.25
65 44 0.29
65 62 0.25
65 64 0.71
65 74 4.0E-4
3 66 0.2
66 6 0.41
7 66 0.41
11 66 0.18
13 66 0.17
66 14 0.58
66 16 0.41
26 66 0.18
27 66 0.08
28 66 0.37
66 36 0.58
66 37 0.33
66 39 0.58
42 66 0.19
44 66 0.24
45 66 0.16
51 66 0.14
52 66 0.09
54 66 0.24
66 55 0.58
57 66 0.19
59 66 0.35
74 66 4.0E-4
2 67 0.51
67 8 0.13
12 67 0.16
13 67 0.23
67 17 0.27
23 67 0.11
24 67 0.6
25 67 0.51
26 67 0.28
27 67 0.27
28 67 0.12
30 67 0.17
33 67 0.15
67 40 0.22
67 41 0.38
42 67 0.13
43 67 0.34
45 67 0.42
67 46 0.31
47 67 0.34
48 67 0.15
51 67 0.28
52 67 0.28
53 67 0.15
59 67 0.11
60 67 0.37
61 67 0.19
63 67 0.6
74 67 2.0E-4
68 1 0.24
68 3 0.28
68 4 0.32
68 6 0.22
68 7 0.45
68 8 0.11
68 10 0.1
68 11 0.3
68 12 0.07
68 13 0.29
68 14 0.32
68 15 0.32
68 16 0.45
68 18 0.18
68 19 0.32
68 22 0.45
68 23 0.09
68 26 0.34
68 27 0.36
68 28 0.2
68 29 0.26
68 31 0.22
68 32 0.24
68 33 0.39
68 35 0.22
68 36 0.32
68 37 0.18
68 38 0.14
68 39 0.32
68 42 0.21
68 43 0.23
68 44 0.13
68 45 0.18
68 49 0.18
68 50 0.32
68 51 0.23
68 52 0.19
68 54 0.26
68 55 0.32
68 56 0.32
68 57 0.32
68 58 0.32
68 59 0.1
68 61 0.16
68 62 0.34
68 64 0.32
68 65 0.22
68 66 0.18
68 74 0.0018
2 69 0.46
13 69 0.35
69 17 0.41
23 69 0.17
24 69 0.55
25 69 0.46
26 69 0.18
27 69 0.24
28 69 0.18
30 69 0.26
33 69 0.24
69 40 0.33
69 41 0.58
42 69 0.19
43 69 0.31
45 69 0.32
69 46 0.47
47 69 0.17
48 69 0.24
51 69 0.14
52 69 0.26
53 69 0.24
59 69 0.17
60 69 0.34
61 69 0.29
63 69 0.55
69 67 0.65
74 69 3.0E-4
2 70 0.71
6 70 0.27
13 70 0.23
70 17 0.53
23 70 0.22
24 70 0.48
25 70 0.61
26 70 0.28
27 70 0.37
28 70 0.12
70 30 0.51
33 70 0.15
70 40 0.22
70 41 0.38
42 70 0.25
43 70 0.48
45 70 0.31
70 46 0.62
47 70 0.23
70 48 0.31
51 70 0.28
52 70 0.39
70 53 0.62
59 70 0.34
60 70 0.52
61 70 0.38
63 70 0.48
70 67 0.43
70 69 0.65
74 70 2.0E-4
1 71 0.13
71 2 0.45
3 71 0.06
71 6 0.24
7 71 0.24
11 71 0.32
12 71 0.07
13 71 0.2
71 14 0.33
71 15 0.33
71 16 0.47
71 19 0.33
23 71 0.1
71 24 0.53
71 25 0.45
26 71 0.32
27 71 0.28
32 71 0.13
71 36 0.33
71 37 0.19
71 39 0.33
42 71 0.22
43 71 0.42
45 71 0.65
71 47 0.5
71 49 0.19
51 71 0.4
52 71 0.39
54 71 0.41
71 55 0.33
71 56 0.33
57 71 0.33
71 58 0.33
59 71 0.2
60 71 0.33
61 71 0.17
62 71 0.12
71 63 0.53
71 66 0.19
71 67 0.25
68 71 0.32
71 70 0.13
74 71 6.0E-4
4 72 0.5
8 72 0.33
18 72 0.58
72 22 0.71
26 72 0.11
27 72 0.14
28 72 0.32
31 72 0.71
32 72 0.38
43 72 0.18
50 72 0.5
62 72 0.35
68 72 0.32
74 72 8.0E-4
1 73 0.14
3 73 0.13
73 4 0.38
73 5 0.22
73 6 0.27
7 73 0.27
73 8 0.13
11 73 0.48
73 12 0.08
13 73 0.57
73 14 0.38
73 15 0.38
73 16 0.53
73 18 0.22
73 19 0.38
73 22 0.27
73 23 0.33
26 73 0.28
27 73 0.32
28 73 0.24
29 73 0.1
73 31 0.27
73 32 0.29
73 34 0.27
73 35 0.53
73 36 0.38
73 37 0.65
38 73 0.17
73 39 0.38
73 42 0.5
43 73 0.2
73 45 0.21
73 47 0.11
73 48 0.15
73 49 0.22
73 50 0.19
73 51 0.18
73 52 0.28
73 54 0.62
73 55 0.38
73 56 0.38
73 57 0.5
73 58 0.38
73 59 0.34
73 61 0.19
62 73 0.13
73 66 0.22
68 73 0.36
73 71 0.25
74 73 0.0016
