*Vertices  64
1 "LED显示屏"
2 "显示器"
3 "LED灯"
4 "光纤"
5 "探头"
6 "电容"
7 "光膜"
8 "传感器"
9 "控制器"
10 "单片机"
11 "荧光粉"
12 "开关"
13 "发光荧光材料"
14 "PD"
15 "色域"
16 "IP核"
17 "XYZ2xyz"
18 "XYZ2RGB"
19 "CIE"
20 "EP"
21 "LED"
22 "二极管"
23 "模糊增强算法"
24 "玻璃"
25 "LED光源"
26 "塑料"
27 "转换器"
28 "铝基板"
29 "晶体振荡器"
30 "IP软核"
31 "发光体"
32 "放大器"
33 "半导体"
34 "电路板"
35 "GPIO"
36 "客户"
37 "码道"
38 "太阳能"
39 "太阳能电池板"
40 "蓄电池"
41 "充电电池"
42 "光电池"
43 "芯片"
44 "继电器"
45 "充电器"
46 "存储器"
47 "Li"
48 "灰度"
49 "边缘检测"
50 "电阻"
51 "基色"
52 "激光"
53 "洗墙灯"
54 "射灯"
55 "检测仪"
56 "透镜"
57 "VGA"
58 "蜂鸣器"
59 "扬声器"
60 "发光管"
61 "光电管"
62 "DMA"
63 "插座"
64 "处理器"
*Arcs
64 1 0.0013
2 1 0.19
64 2 0.0012
3 2 0.13
64 3 5.0E-4
64 4 6.0E-4
5 4 0.58
64 5 0.0017
3 6 0.21
64 6 2.0E-4
7 2 0.27
7 3 0.13
64 7 5.0E-4
2 8 0.38
8 4 0.33
8 5 0.38
64 8 5.0E-4
9 1 0.57
2 9 0.14
9 4 0.19
9 5 0.22
6 9 0.11
64 9 0.0033
10 1 0.15
2 10 0.46
3 10 0.21
10 6 0.18
10 8 0.2
10 9 0.11
64 10 8.0E-4
11 1 0.16
11 2 0.24
11 3 0.17
11 7 0.45
11 9 0.12
11 10 0.1
11 64 2.0E-4
12 1 0.11
2 12 0.08
3 12 0.39
12 6 0.46
12 8 0.07
12 9 0.25
12 10 0.26
11 12 0.14
64 12 0.0013
13 2 0.23
13 3 0.27
13 7 0.43
13 10 0.09
13 11 0.57
13 12 0.13
13 64 2.0E-4
2 14 0.22
14 4 0.58
14 5 0.33
14 8 0.58
64 14 3.0E-4
15 1 0.71
9 15 0.27
64 15 9.0E-4
1 16 0.5
9 16 0.38
15 16 0.71
64 16 0.0015
1 17 0.5
9 17 0.38
15 17 0.71
17 16 1.0
64 17 0.0015
1 18 0.5
9 18 0.38
15 18 0.71
18 16 1.0
18 17 1.0
64 18 0.0015
19 1 0.71
9 19 0.27
19 15 1.0
19 16 0.71
19 17 0.71
19 18 0.71
64 19 9.0E-4
3 20 0.2
20 6 0.17
20 9 0.11
20 10 0.09
11 20 0.46
20 12 0.19
13 20 0.35
64 20 6.0E-4
21 1 0.21
21 2 0.28
21 3 0.6
21 4 0.21
21 5 0.18
21 6 0.35
21 7 0.15
21 8 0.32
21 9 0.28
21 10 0.35
21 11 0.34
21 12 0.49
21 13 0.35
21 14 0.18
21 15 0.15
21 16 0.11
21 17 0.11
21 18 0.11
21 19 0.15
21 20 0.37
21 64 0.0020
22 1 0.14
22 2 0.11
22 3 0.3
22 4 0.21
22 5 0.08
22 6 0.34
22 7 0.2
22 8 0.09
22 9 0.16
22 10 0.13
22 11 0.36
22 12 0.31
22 13 0.43
22 14 0.16
22 15 0.1
22 19 0.1
22 20 0.24
22 21 0.75
22 64 2.0E-4
23 9 0.38
12 23 0.22
20 23 0.29
21 23 0.11
64 23 0.0016
24 2 0.12
24 3 0.28
24 4 0.32
24 5 0.18
24 6 0.1
24 7 0.22
24 8 0.21
24 10 0.29
24 11 0.2
24 12 0.21
24 13 0.19
24 14 0.37
24 20 0.18
24 21 0.34
24 22 0.22
24 64 0.0010
25 2 0.1
25 3 0.44
25 5 0.16
25 6 0.08
25 7 0.2
25 8 0.09
25 10 0.08
25 11 0.26
25 12 0.06
25 13 0.17
25 20 0.24
25 21 0.38
25 22 0.27
25 24 0.18
25 64 4.0E-4
26 2 0.29
26 3 0.13
26 4 0.38
26 5 0.22
26 7 0.53
26 8 0.25
26 9 0.14
26 11 0.36
26 12 0.16
26 13 0.34
26 14 0.44
26 20 0.11
26 21 0.28
26 22 0.37
26 24 0.48
26 25 0.1
26 64 3.0E-4
2 27 0.29
3 27 0.13
27 4 0.38
27 5 0.22
6 27 0.23
27 8 0.38
27 9 0.29
10 27 0.11
11 27 0.12
12 27 0.25
13 27 0.11
27 14 0.44
20 27 0.11
21 27 0.28
22 27 0.21
27 23 0.38
24 27 0.24
26 27 0.43
64 27 6.0E-4
28 2 0.15
28 3 0.29
28 7 0.29
28 11 0.26
28 13 0.12
28 20 0.24
28 21 0.26
28 22 0.23
28 24 0.26
28 25 0.34
28 26 0.31
28 64 2.0E-4
3 29 0.13
29 6 0.21
29 9 0.27
10 29 0.21
12 29 0.31
20 29 0.2
21 29 0.15
29 23 0.71
24 29 0.22
29 27 0.27
64 29 9.0E-4
30 9 0.38
12 30 0.22
20 30 0.29
21 30 0.11
30 23 1.0
27 30 0.38
29 30 0.71
64 30 0.0016
31 2 0.17
31 3 0.24
31 7 0.32
31 11 0.28
31 13 0.27
31 20 0.13
31 21 0.24
31 22 0.25
31 24 0.14
31 25 0.37
31 26 0.17
31 28 0.18
31 64 2.0E-4
32 1 0.25
2 32 0.38
6 32 0.3
32 8 0.17
32 9 0.19
10 32 0.45
21 32 0.21
22 32 0.14
32 27 0.19
64 32 3.0E-4
33 2 0.14
33 3 0.29
33 4 0.09
33 5 0.1
33 6 0.11
33 7 0.13
33 8 0.12
33 10 0.05
33 11 0.34
33 12 0.12
33 13 0.43
33 14 0.1
33 20 0.31
33 21 0.59
33 22 0.64
33 24 0.23
33 25 0.3
33 26 0.27
33 27 0.14
33 28 0.22
33 31 0.16
33 32 0.09
33 64 2.0E-4
34 2 0.15
34 3 0.43
34 6 0.12
34 7 0.29
34 10 0.12
34 11 0.13
34 12 0.18
34 13 0.12
34 21 0.26
34 22 0.06
34 24 0.39
34 25 0.11
34 26 0.15
34 28 0.17
34 29 0.29
34 31 0.37
34 33 0.15
34 64 2.0E-4
3 35 0.13
6 35 0.21
12 35 0.31
20 35 0.2
21 35 0.15
33 35 0.13
64 35 5.0E-4
2 36 0.22
3 36 0.2
36 5 0.33
6 36 0.17
36 8 0.19
11 36 0.18
12 36 0.25
13 36 0.17
20 36 0.17
21 36 0.18
22 36 0.08
25 36 0.16
26 36 0.22
27 36 0.22
33 36 0.21
35 36 0.41
64 36 0.0014
4 37 0.5
5 37 0.58
9 37 0.38
21 37 0.11
64 37 0.0013
38 1 0.29
4 38 0.29
5 38 0.33
9 38 0.44
11 38 0.18
12 38 0.13
21 38 0.18
22 38 0.16
33 38 0.1
38 37 0.58
64 38 6.0E-4
4 39 0.5
5 39 0.58
9 39 0.38
21 39 0.11
39 37 1.0
39 38 0.58
64 39 0.0013
40 1 0.22
3 40 0.08
40 5 0.26
40 8 0.15
40 9 0.17
11 40 0.14
12 40 0.2
21 40 0.24
22 40 0.19
25 40 0.12
33 40 0.08
40 36 0.26
40 38 0.26
64 40 2.0E-4
3 41 0.13
4 41 0.35
5 41 0.41
9 41 0.27
12 41 0.15
21 41 0.15
41 37 0.71
41 38 0.41
41 39 0.71
64 41 7.0E-4
42 4 0.5
42 5 0.58
42 8 0.5
42 14 0.58
21 42 0.21
22 42 0.21
24 42 0.32
25 42 0.28
26 42 0.38
27 42 0.38
33 42 0.18
36 42 0.29
40 42 0.22
64 42 3.0E-4
43 1 0.07
2 43 0.22
3 43 0.36
43 6 0.36
7 43 0.1
43 8 0.05
43 9 0.11
43 10 0.36
11 43 0.37
43 12 0.29
13 43 0.44
43 20 0.38
21 43 0.72
22 43 0.71
24 43 0.14
25 43 0.16
26 43 0.17
43 27 0.22
28 43 0.24
43 29 0.1
31 43 0.07
43 32 0.29
33 43 0.69
34 43 0.06
43 35 0.1
43 36 0.09
43 38 0.09
64 43 1.0E-4
3 44 0.09
6 44 0.6
44 9 0.19
12 44 0.33
20 44 0.14
21 44 0.21
22 44 0.21
44 27 0.19
35 44 0.35
44 36 0.29
43 44 0.15
64 44 3.0E-4
45 4 0.22
45 5 0.26
6 45 0.13
45 9 0.17
21 45 0.24
22 45 0.25
45 37 0.45
45 38 0.26
45 39 0.45
45 40 0.4
45 41 0.32
43 45 0.07
64 45 3.0E-4
2 46 0.38
46 5 0.29
46 8 0.5
46 9 0.19
10 46 0.15
12 46 0.11
46 14 0.29
20 46 0.14
21 46 0.21
46 23 0.5
25 46 0.14
27 46 0.38
29 46 0.35
46 30 0.5
32 46 0.25
33 46 0.09
36 46 0.29
40 46 0.22
46 42 0.25
43 46 0.07
64 46 0.0024
2 47 0.13
3 47 0.29
7 47 0.24
47 9 0.13
11 47 0.42
47 12 0.15
13 47 0.4
47 20 0.29
21 47 0.32
22 47 0.28
47 23 0.33
24 47 0.11
25 47 0.18
26 47 0.25
47 27 0.25
28 47 0.27
47 29 0.24
47 30 0.33
33 47 0.3
34 47 0.14
47 36 0.19
47 43 0.34
47 46 0.17
64 47 3.0E-4
48 9 0.38
12 48 0.22
20 48 0.29
21 48 0.11
48 23 1.0
27 48 0.38
29 48 0.71
48 30 1.0
48 46 0.5
47 48 0.33
64 48 0.0016
49 9 0.38
12 49 0.22
20 49 0.29
21 49 0.11
49 23 1.0
27 49 0.38
29 49 0.71
49 30 1.0
49 46 0.5
47 49 0.33
49 48 1.0
64 49 0.0016
2 50 0.08
3 50 0.35
50 6 0.66
50 8 0.07
50 9 0.08
10 50 0.2
11 50 0.07
12 50 0.48
13 50 0.07
20 50 0.13
21 50 0.49
22 50 0.46
24 50 0.07
25 50 0.06
50 27 0.25
50 29 0.15
50 32 0.22
33 50 0.16
34 50 0.18
50 35 0.31
50 36 0.13
50 40 0.2
43 50 0.45
50 44 0.44
50 45 0.39
50 46 0.11
47 50 0.07
64 50 2.0E-4
51 1 0.5
3 51 0.09
51 9 0.19
11 51 0.16
13 51 0.3
51 15 0.71
51 16 0.5
51 17 0.5
51 18 0.5
51 19 0.71
51 20 0.29
21 51 0.21
22 51 0.14
24 51 0.16
25 51 0.14
33 51 0.09
51 43 0.15
51 47 0.33
64 51 6.0E-4
52 2 0.13
52 3 0.19
52 4 0.35
52 7 0.25
52 8 0.24
52 11 0.22
52 12 0.08
52 13 0.21
52 14 0.2
52 21 0.3
52 22 0.3
52 24 0.22
52 25 0.1
52 26 0.27
52 27 0.13
52 28 0.14
52 31 0.16
52 33 0.38
52 34 0.14
52 35 0.25
52 42 0.18
52 43 0.21
52 47 0.12
52 50 0.23
52 64 2.0E-4
53 2 0.38
53 3 0.18
53 7 0.71
53 11 0.32
53 13 0.3
53 21 0.11
53 22 0.14
53 24 0.32
53 25 0.28
53 26 0.38
53 28 0.41
53 31 0.45
53 33 0.18
53 34 0.41
53 52 0.35
53 64 8.0E-4
54 2 0.27
54 3 0.25
54 7 0.5
54 11 0.22
54 13 0.21
54 21 0.15
54 22 0.1
54 24 0.22
54 25 0.39
54 26 0.27
54 28 0.29
54 31 0.32
54 33 0.25
54 34 0.29
54 52 0.25
54 53 0.71
54 64 4.0E-4
2 55 0.27
5 55 0.41
8 55 0.47
10 55 0.21
21 55 0.15
25 55 0.2
27 55 0.27
32 55 0.35
33 55 0.13
36 55 0.41
40 55 0.32
42 55 0.35
43 55 0.1
46 55 0.71
50 55 0.15
64 55 5.0E-4
56 2 0.24
56 3 0.28
56 4 0.32
56 7 0.45
56 8 0.11
56 11 0.3
56 12 0.07
56 13 0.29
56 14 0.18
56 20 0.09
56 21 0.34
56 22 0.36
56 24 0.2
56 25 0.26
56 26 0.48
56 27 0.24
56 28 0.39
56 31 0.14
56 33 0.23
56 34 0.13
56 36 0.18
56 42 0.32
56 43 0.19
56 47 0.32
56 52 0.34
56 53 0.32
56 54 0.22
56 64 2.0E-4
57 9 0.38
12 57 0.22
20 57 0.29
21 57 0.11
57 23 1.0
27 57 0.38
29 57 0.71
57 30 1.0
57 46 0.5
47 57 0.33
57 48 1.0
57 49 1.0
64 57 0.0016
3 58 0.18
6 58 0.3
12 58 0.22
20 58 0.29
21 58 0.11
35 58 0.71
36 58 0.58
44 58 0.5
50 58 0.22
64 58 9.0E-4
3 59 0.1
59 10 0.35
59 12 0.38
21 59 0.18
22 59 0.08
24 59 0.37
43 59 0.09
64 59 8.0E-4
3 60 0.13
4 60 0.35
5 60 0.41
9 60 0.27
21 60 0.15
24 60 0.22
34 60 0.29
60 37 0.71
60 38 0.41
60 39 0.71
60 41 0.5
45 60 0.32
64 60 8.0E-4
4 61 0.5
5 61 0.58
9 61 0.38
21 61 0.11
61 37 1.0
61 38 0.58
61 39 1.0
61 41 0.71
45 61 0.45
61 60 0.71
64 61 0.0013
62 1 0.35
62 9 0.53
12 62 0.15
62 15 0.5
62 16 0.71
62 17 0.71
62 18 0.71
62 19 0.5
20 62 0.2
21 62 0.15
62 23 0.71
27 62 0.27
29 62 0.5
62 30 0.71
62 46 0.35
47 62 0.24
62 48 0.71
62 49 0.71
51 62 0.35
62 57 0.71
64 62 0.0032
3 63 0.13
6 63 0.21
12 63 0.31
20 63 0.2
21 63 0.15
22 63 0.1
35 63 0.5
63 36 0.41
43 63 0.1
44 63 0.35
50 63 0.15
63 58 0.71
59 63 0.41
64 63 7.0E-4
