*Vertices  61
1 "LCD显示屏"
2 "衬底"
3 "LED灯"
4 "荧光粉"
5 "整流器"
6 "发光荧光材料"
7 "GAN"
8 "次氯酸钠溶液"
9 "保护层"
10 "蓝膜"
11 "变压器"
12 "蒸镀方法"
13 "EP"
14 "LED外延片"
15 "外延片"
16 "LED"
17 "二极管"
18 "掩膜"
19 "玻璃"
20 "通道"
21 "塑料"
22 "腐蚀液"
23 "铝基板"
24 "缓冲层"
25 "内量子效率"
26 "光刻胶"
27 "填充区域"
28 "SiO2"
29 "半导体"
30 "Al2O3"
31 "GaAs"
32 "MQW"
33 "ESD"
34 "ITO"
35 "键合"
36 "太阳能"
37 "LED芯片"
38 "芯片"
39 "金属层"
40 "电流扩展层"
41 "去离子水"
42 "Li"
43 "离子"
44 "电极"
45 "接触层"
46 "电阻"
47 "丙酮"
48 "激光"
49 "真空吸盘"
50 "MOCVD"
51 "标准芯片工艺制作"
52 "湿法刻蚀"
53 "干法刻蚀"
54 "湿法腐蚀"
55 "空穴"
56 "屏幕"
57 "反射层"
58 "发光层"
59 "甲基"
60 "电流阻挡层"
61 "外延"
*Arcs
61 1 4.0E-4
2 1 0.27
61 2 0.0048
3 2 0.05
3 61 1.0E-4
4 2 0.08
4 3 0.17
4 61 1.0E-4
5 2 0.11
3 5 0.14
5 61 1.0E-4
6 2 0.16
6 3 0.27
6 4 0.57
6 61 4.0E-4
7 1 0.41
7 2 0.65
3 7 0.07
4 7 0.13
5 7 0.17
61 7 0.0024
2 8 0.38
61 8 8.0E-4
2 9 0.15
3 9 0.2
4 9 0.18
5 9 0.24
7 9 0.24
61 9 2.0E-4
2 10 0.38
61 10 2.0E-4
11 2 0.08
3 11 0.2
4 11 0.09
11 5 0.59
11 7 0.12
11 9 0.17
11 61 1.0E-4
2 12 0.38
6 12 0.43
61 12 8.0E-4
13 2 0.15
3 13 0.2
4 13 0.46
13 5 0.12
6 13 0.35
13 8 0.2
13 9 0.17
13 10 0.2
13 11 0.08
13 61 1.0E-4
14 1 0.38
14 2 0.71
3 14 0.07
4 14 0.12
5 14 0.15
14 7 0.93
14 9 0.22
11 14 0.11
61 14 0.0028
15 1 0.32
15 2 0.85
3 15 0.06
4 15 0.1
5 15 0.13
6 15 0.19
15 7 0.77
15 8 0.22
15 9 0.18
11 15 0.09
15 12 0.45
13 15 0.09
15 14 0.84
61 15 0.0042
16 1 0.11
16 2 0.4
16 3 0.6
16 4 0.34
16 5 0.26
16 6 0.35
16 7 0.26
16 8 0.15
16 9 0.18
16 10 0.15
16 11 0.37
16 12 0.15
16 13 0.37
16 14 0.28
16 15 0.34
16 61 0.0011
17 1 0.14
17 2 0.45
17 3 0.3
17 4 0.36
17 5 0.35
17 6 0.43
17 7 0.29
17 8 0.2
17 9 0.08
17 10 0.2
17 11 0.37
17 12 0.2
17 13 0.24
17 14 0.27
17 15 0.36
17 16 0.75
17 61 0.0014
2 18 0.27
3 18 0.18
5 18 0.41
7 18 0.41
9 18 0.58
11 18 0.29
14 18 0.38
15 18 0.32
16 18 0.11
17 18 0.14
61 18 4.0E-4
19 2 0.08
19 3 0.28
19 4 0.2
19 6 0.19
19 8 0.22
19 11 0.09
19 13 0.18
19 15 0.1
19 16 0.34
19 17 0.22
19 61 1.0E-4
20 2 0.22
3 20 0.22
20 7 0.33
20 14 0.31
20 15 0.26
16 20 0.26
17 20 0.23
20 61 3.0E-4
21 2 0.1
21 3 0.13
21 4 0.36
21 6 0.34
21 8 0.27
21 13 0.11
21 15 0.12
21 16 0.28
21 17 0.37
21 19 0.48
21 61 1.0E-4
2 22 0.6
3 22 0.08
5 22 0.18
7 22 0.18
22 8 0.63
9 22 0.26
22 10 0.32
11 22 0.13
13 22 0.26
14 22 0.17
15 22 0.28
16 22 0.24
17 22 0.32
22 18 0.45
19 22 0.14
21 22 0.17
61 22 0.0013
23 2 0.11
23 3 0.29
23 4 0.26
23 6 0.12
23 8 0.29
23 9 0.24
23 13 0.24
23 15 0.13
23 16 0.26
23 17 0.23
23 19 0.26
23 20 0.33
23 21 0.31
23 22 0.18
23 61 1.0E-4
24 1 0.35
24 2 0.76
4 24 0.11
6 24 0.21
24 7 0.72
24 12 0.5
24 14 0.8
24 15 0.89
16 24 0.3
17 24 0.3
24 20 0.29
24 61 0.0032
2 25 0.38
4 25 0.22
7 25 0.29
14 25 0.53
15 25 0.45
16 25 0.15
17 25 0.1
24 25 0.5
61 25 7.0E-4
2 26 0.46
3 26 0.1
5 26 0.24
7 26 0.24
26 8 0.41
9 26 0.33
11 26 0.17
13 26 0.17
14 26 0.22
15 26 0.37
16 26 0.18
17 26 0.24
26 18 0.58
19 26 0.18
21 26 0.22
22 26 0.77
23 26 0.24
61 26 0.0010
2 27 0.27
8 27 0.71
13 27 0.29
15 27 0.32
16 27 0.11
17 27 0.14
19 27 0.32
21 27 0.38
22 27 0.45
23 27 0.41
26 27 0.58
61 27 4.0E-4
28 2 0.27
3 28 0.24
4 28 0.42
28 5 0.14
6 28 0.7
28 7 0.14
28 9 0.19
28 10 0.24
28 11 0.1
28 12 0.24
28 13 0.38
28 14 0.13
28 15 0.21
16 28 0.32
17 28 0.38
28 18 0.33
21 28 0.25
28 22 0.3
28 24 0.12
28 26 0.19
28 61 6.0E-4
29 1 0.18
29 2 0.67
29 3 0.29
29 4 0.34
29 5 0.15
29 6 0.43
29 7 0.44
29 8 0.25
29 9 0.1
29 10 0.25
29 11 0.1
29 12 0.25
29 13 0.31
29 14 0.48
29 15 0.57
29 16 0.59
29 17 0.64
29 18 0.18
29 19 0.23
29 20 0.15
29 21 0.27
29 22 0.4
29 23 0.22
29 24 0.51
29 25 0.25
29 26 0.31
29 27 0.18
29 28 0.42
29 61 0.0027
30 1 0.28
30 2 0.67
3 30 0.15
4 30 0.35
30 5 0.11
6 30 0.5
30 7 0.68
30 9 0.16
30 11 0.08
30 12 0.39
13 30 0.08
30 14 0.73
30 15 0.79
16 30 0.38
17 30 0.43
30 18 0.28
30 20 0.23
21 30 0.21
30 22 0.12
30 24 0.78
30 25 0.39
30 26 0.16
28 30 0.55
29 30 0.6
30 61 0.0032
2 31 0.55
3 31 0.07
6 31 0.25
31 8 0.58
10 31 0.29
31 12 0.29
13 31 0.12
15 31 0.26
16 31 0.26
17 31 0.35
19 31 0.13
21 31 0.15
22 31 0.55
23 31 0.17
24 31 0.14
31 26 0.47
31 27 0.41
28 31 0.27
29 31 0.44
30 31 0.23
61 31 0.0020
32 1 0.3
32 2 0.64
3 32 0.16
4 32 0.19
5 32 0.25
6 32 0.18
32 7 0.74
32 8 0.21
32 9 0.17
11 32 0.17
13 32 0.26
32 14 0.8
32 15 0.76
16 32 0.35
17 32 0.38
32 18 0.3
19 32 0.19
32 20 0.25
21 32 0.11
32 22 0.27
23 32 0.12
32 24 0.64
32 25 0.43
32 26 0.35
32 27 0.3
28 32 0.2
29 32 0.6
30 32 0.67
32 31 0.25
32 61 0.0031
33 2 0.53
33 7 0.61
33 14 0.76
33 15 0.63
16 33 0.21
17 33 0.14
33 20 0.41
33 24 0.71
33 25 0.35
29 33 0.36
30 33 0.55
33 32 0.6
33 61 0.0014
34 1 0.38
2 34 0.61
3 34 0.13
4 34 0.12
5 34 0.15
6 34 0.23
7 34 0.62
34 9 0.22
11 34 0.11
34 12 0.27
14 34 0.71
15 34 0.72
16 34 0.28
17 34 0.27
34 18 0.38
34 22 0.17
24 34 0.67
34 25 0.53
34 26 0.22
28 34 0.25
29 34 0.48
30 34 0.73
34 31 0.15
32 34 0.68
33 34 0.38
61 34 0.0028
2 35 0.22
3 35 0.07
4 35 0.13
6 35 0.25
35 8 0.29
35 9 0.24
35 12 0.29
13 35 0.12
15 35 0.13
16 35 0.26
17 35 0.29
19 35 0.13
21 35 0.15
35 22 0.18
23 35 0.17
24 35 0.14
28 35 0.27
29 35 0.29
30 35 0.23
35 31 0.5
32 35 0.12
34 35 0.15
61 35 7.0E-4
2 36 0.15
4 36 0.18
7 36 0.24
11 36 0.17
14 36 0.22
15 36 0.18
16 36 0.18
17 36 0.16
20 36 0.24
24 36 0.2
29 36 0.1
30 36 0.16
32 36 0.17
33 36 0.29
61 36 1.0E-4
37 1 0.24
37 2 0.52
3 37 0.26
4 37 0.23
37 5 0.2
6 37 0.15
37 7 0.5
37 8 0.17
37 9 0.28
37 10 0.17
37 11 0.14
13 37 0.35
37 14 0.55
37 15 0.54
16 37 0.44
17 37 0.48
37 18 0.24
19 37 0.15
37 20 0.4
21 37 0.18
37 22 0.33
23 37 0.4
37 24 0.43
37 25 0.17
37 26 0.28
37 27 0.24
28 37 0.24
29 37 0.57
30 37 0.47
37 31 0.1
37 32 0.66
37 33 0.49
37 34 0.37
37 35 0.2
37 36 0.14
37 61 0.0014
38 1 0.15
38 2 0.55
3 38 0.36
4 38 0.37
38 5 0.24
6 38 0.44
38 7 0.36
38 8 0.21
38 9 0.17
38 10 0.21
38 11 0.21
38 12 0.21
38 13 0.38
38 14 0.39
38 15 0.47
16 38 0.72
17 38 0.71
38 18 0.15
19 38 0.14
38 20 0.24
21 38 0.17
38 22 0.33
23 38 0.24
38 24 0.42
38 25 0.21
38 26 0.26
38 27 0.15
38 28 0.44
29 38 0.69
38 30 0.53
38 31 0.36
38 32 0.49
38 33 0.29
38 34 0.39
38 35 0.3
38 36 0.09
38 37 0.61
38 61 0.0020
3 39 0.18
6 39 0.3
16 39 0.11
17 39 0.14
28 39 0.33
29 39 0.18
30 39 0.28
31 39 0.41
32 39 0.3
34 39 0.38
35 39 0.41
38 39 0.15
61 39 3.0E-4
2 40 0.55
3 40 0.14
5 40 0.17
6 40 0.12
7 40 0.17
40 8 0.58
9 40 0.24
40 10 0.58
11 40 0.12
13 40 0.24
14 40 0.15
15 40 0.26
16 40 0.26
17 40 0.35
40 18 0.41
19 40 0.13
21 40 0.15
40 22 0.73
23 40 0.17
40 26 0.47
40 27 0.41
28 40 0.41
29 40 0.44
30 40 0.23
40 31 0.67
32 40 0.37
34 40 0.31
35 40 0.33
37 40 0.3
38 40 0.36
40 39 0.41
61 40 0.0017
41 2 0.24
3 41 0.08
6 41 0.13
41 10 0.32
41 13 0.39
16 41 0.24
17 41 0.19
41 22 0.4
41 26 0.26
41 28 0.3
29 41 0.24
41 31 0.18
41 37 0.11
41 38 0.26
41 40 0.18
41 61 1.0E-4
42 2 0.09
3 42 0.29
4 42 0.42
6 42 0.4
42 7 0.14
42 13 0.29
42 14 0.13
42 15 0.11
16 42 0.32
17 42 0.28
19 42 0.11
42 20 0.14
21 42 0.25
23 42 0.27
42 24 0.12
42 25 0.24
42 28 0.33
29 42 0.3
42 30 0.28
42 32 0.2
42 34 0.13
42 37 0.32
42 38 0.34
42 41 0.15
42 61 1.0E-4
43 2 0.32
3 43 0.16
4 43 0.19
6 43 0.27
43 8 0.43
43 10 0.21
43 11 0.09
43 13 0.52
43 15 0.1
16 43 0.35
17 43 0.3
19 43 0.38
21 43 0.11
43 22 0.54
23 43 0.12
43 26 0.35
43 27 0.3
43 28 0.3
29 43 0.38
43 31 0.37
43 32 0.18
43 35 0.12
43 37 0.22
43 38 0.36
43 40 0.37
43 41 0.67
43 42 0.2
43 61 4.0E-4
44 1 0.2
44 2 0.73
3 44 0.17
4 44 0.06
44 5 0.4
6 44 0.24
44 7 0.48
44 8 0.28
44 9 0.11
44 10 0.28
44 11 0.45
44 12 0.28
13 44 0.17
44 14 0.52
44 15 0.62
16 44 0.54
17 44 0.67
44 18 0.2
19 44 0.06
44 20 0.16
21 44 0.07
44 22 0.44
23 44 0.08
44 24 0.55
44 25 0.28
44 26 0.34
44 27 0.2
28 44 0.26
29 44 0.56
30 44 0.54
44 31 0.48
44 32 0.59
44 33 0.39
44 34 0.52
44 35 0.24
44 36 0.11
37 44 0.43
38 44 0.61
44 39 0.2
44 40 0.48
41 44 0.18
42 44 0.07
43 44 0.24
44 61 0.0031
45 1 0.38
45 2 0.71
3 45 0.07
4 45 0.12
5 45 0.15
45 7 0.93
45 9 0.22
11 45 0.11
45 14 1.0
45 15 0.84
16 45 0.28
17 45 0.27
45 18 0.38
45 20 0.31
45 22 0.17
45 24 0.8
45 25 0.53
45 26 0.22
28 45 0.13
29 45 0.48
30 45 0.73
45 32 0.8
45 33 0.76
45 34 0.71
45 36 0.22
37 45 0.55
38 45 0.39
45 40 0.15
42 45 0.13
44 45 0.52
45 61 0.0028
46 2 0.12
3 46 0.35
4 46 0.07
46 5 0.53
6 46 0.07
46 7 0.18
46 9 0.13
46 11 0.57
13 46 0.13
46 14 0.16
46 15 0.14
16 46 0.49
17 46 0.46
46 18 0.22
19 46 0.07
46 20 0.09
46 22 0.1
46 24 0.08
46 25 0.15
46 26 0.13
28 46 0.07
29 46 0.16
30 46 0.12
46 32 0.2
46 34 0.16
37 46 0.16
38 46 0.45
46 40 0.09
42 46 0.07
46 44 0.56
46 45 0.16
46 61 1.0E-4
47 2 0.27
3 47 0.09
6 47 0.15
47 8 0.35
47 10 0.35
47 13 0.58
47 15 0.16
16 47 0.21
17 47 0.14
19 47 0.16
21 47 0.19
47 22 0.45
23 47 0.2
47 26 0.29
47 27 0.5
47 28 0.33
29 47 0.18
47 31 0.2
47 32 0.15
47 37 0.24
47 38 0.22
47 40 0.41
47 41 0.67
47 42 0.17
47 43 0.6
47 44 0.2
47 61 2.0E-4
48 2 0.19
48 3 0.19
48 4 0.22
48 5 0.14
48 6 0.21
48 7 0.29
48 9 0.2
48 11 0.1
48 14 0.27
48 15 0.22
48 16 0.3
48 17 0.3
48 18 0.35
48 19 0.22
48 21 0.27
48 22 0.16
48 23 0.14
48 24 0.13
48 25 0.25
48 26 0.2
48 28 0.24
48 29 0.38
48 30 0.29
48 31 0.14
48 32 0.32
48 34 0.4
48 35 0.14
48 37 0.09
48 38 0.21
48 39 0.35
48 40 0.29
48 42 0.12
48 44 0.21
48 45 0.27
48 46 0.23
48 61 5.0E-4
2 49 0.27
49 8 0.71
16 49 0.11
17 49 0.14
22 49 0.45
29 49 0.18
31 49 0.41
35 49 0.41
38 49 0.15
40 49 0.41
43 49 0.3
44 49 0.2
61 49 3.0E-4
50 1 0.32
50 2 0.76
3 50 0.06
4 50 0.1
6 50 0.29
50 7 0.65
50 8 0.22
50 12 0.45
13 50 0.09
50 14 0.72
50 15 0.9
16 50 0.34
17 50 0.36
19 50 0.1
50 20 0.26
21 50 0.12
50 22 0.14
23 50 0.13
50 24 0.89
50 25 0.45
50 26 0.18
50 27 0.32
28 50 0.21
29 50 0.57
30 50 0.79
50 31 0.39
50 32 0.76
50 33 0.63
50 34 0.72
50 35 0.26
50 36 0.18
37 50 0.46
38 50 0.47
50 39 0.32
50 40 0.26
42 50 0.11
43 50 0.1
44 50 0.62
50 45 0.72
46 50 0.07
47 50 0.16
48 50 0.22
50 61 0.0040
51 1 0.45
51 2 0.6
4 51 0.14
51 7 0.73
51 14 0.85
51 15 0.71
16 51 0.24
17 51 0.19
51 20 0.18
51 24 0.79
51 25 0.63
29 51 0.4
30 51 0.62
51 32 0.67
51 33 0.67
51 34 0.68
37 51 0.43
38 51 0.33
42 51 0.15
44 51 0.44
51 45 0.85
46 51 0.1
48 51 0.16
51 50 0.71
51 61 0.0019
2 52 0.27
6 52 0.3
52 12 0.71
15 52 0.32
16 52 0.11
17 52 0.14
24 52 0.35
28 52 0.33
29 52 0.18
30 52 0.28
52 31 0.41
35 52 0.41
38 52 0.15
44 52 0.2
50 52 0.32
61 52 5.0E-4
2 53 0.38
6 53 0.43
53 12 1.0
15 53 0.45
16 53 0.15
17 53 0.2
24 53 0.5
28 53 0.24
29 53 0.25
30 53 0.39
53 31 0.29
34 53 0.27
35 53 0.29
38 53 0.21
44 53 0.28
50 53 0.45
53 52 0.71
61 53 8.0E-4
2 54 0.38
3 54 0.13
5 54 0.29
7 54 0.29
54 8 0.5
9 54 0.41
11 54 0.2
14 54 0.27
15 54 0.22
16 54 0.15
17 54 0.2
54 18 0.71
22 54 0.63
26 54 0.41
28 54 0.24
29 54 0.25
30 54 0.2
31 54 0.29
32 54 0.21
34 54 0.27
35 54 0.29
37 54 0.17
38 54 0.21
40 54 0.58
43 54 0.21
44 54 0.28
45 54 0.27
46 54 0.15
48 54 0.25
54 49 0.71
61 54 8.0E-4
55 1 0.5
2 55 0.4
3 55 0.09
4 55 0.16
5 55 0.2
7 55 0.61
11 55 0.14
13 55 0.14
14 55 0.57
15 55 0.47
16 55 0.21
17 55 0.21
24 55 0.53
55 25 0.35
29 55 0.36
30 55 0.42
32 55 0.6
33 55 0.25
55 34 0.57
37 55 0.36
38 55 0.29
42 55 0.17
44 55 0.39
45 55 0.57
46 55 0.22
48 55 0.18
50 55 0.47
51 55 0.67
61 55 0.0010
2 56 0.51
6 56 0.23
7 56 0.31
56 8 0.27
56 12 0.53
13 56 0.11
14 56 0.29
15 56 0.6
16 56 0.28
17 56 0.27
19 56 0.12
20 56 0.15
21 56 0.14
22 56 0.17
23 56 0.15
24 56 0.53
56 26 0.22
56 27 0.38
28 56 0.13
29 56 0.34
30 56 0.42
56 31 0.31
32 56 0.34
33 56 0.38
34 56 0.29
35 56 0.15
56 36 0.22
37 56 0.28
38 56 0.28
40 56 0.15
43 56 0.11
44 56 0.37
45 56 0.29
47 56 0.19
50 56 0.6
51 56 0.17
56 52 0.38
56 53 0.53
55 56 0.19
61 56 0.0015
2 57 0.46
6 57 0.35
57 8 0.41
57 12 0.82
13 57 0.17
15 57 0.55
16 57 0.18
17 57 0.24
19 57 0.18
21 57 0.22
22 57 0.26
23 57 0.24
24 57 0.41
57 26 0.33
57 27 0.58
28 57 0.19
29 57 0.31
30 57 0.32
57 31 0.47
32 57 0.17
34 57 0.22
35 57 0.24
37 57 0.14
38 57 0.26
40 57 0.24
43 57 0.17
44 57 0.34
47 57 0.29
50 57 0.55
57 52 0.58
57 53 0.82
57 56 0.65
61 57 0.0013
58 1 0.38
2 58 0.71
6 58 0.23
7 58 0.15
58 8 0.53
58 10 0.53
58 12 0.53
13 58 0.22
14 58 0.14
15 58 0.48
16 58 0.28
17 58 0.37
19 58 0.12
21 58 0.14
58 22 0.51
23 58 0.15
24 58 0.4
58 26 0.22
58 27 0.38
28 58 0.25
29 58 0.48
30 58 0.31
58 31 0.62
32 58 0.23
58 34 0.29
58 35 0.31
37 58 0.28
38 58 0.39
58 40 0.62
41 58 0.17
43 58 0.34
44 58 0.52
45 58 0.14
47 58 0.38
58 49 0.38
50 58 0.48
51 58 0.17
58 52 0.38
58 53 0.53
58 54 0.27
58 55 0.19
58 56 0.43
58 57 0.65
61 58 0.0022
59 1 0.33
59 2 0.45
3 59 0.06
4 59 0.32
6 59 0.2
59 7 0.54
13 59 0.1
59 14 0.63
59 15 0.53
16 59 0.32
17 59 0.28
59 20 0.14
21 59 0.25
59 24 0.59
59 25 0.47
28 59 0.22
29 59 0.42
30 59 0.65
59 32 0.5
59 33 0.5
59 34 0.5
59 36 0.19
37 59 0.4
38 59 0.39
41 59 0.3
42 59 0.33
43 59 0.2
44 59 0.33
59 45 0.63
46 59 0.07
47 59 0.17
48 59 0.12
59 50 0.53
59 51 0.6
59 55 0.5
59 56 0.25
59 58 0.13
59 61 0.0012
2 60 0.38
6 60 0.21
10 60 0.5
60 12 0.5
15 60 0.22
16 60 0.15
17 60 0.2
24 60 0.25
28 60 0.24
29 60 0.25
30 60 0.2
60 31 0.58
35 60 0.29
38 60 0.21
40 60 0.29
44 60 0.28
50 60 0.22
60 52 0.71
60 53 0.5
60 56 0.27
60 57 0.41
58 60 0.53
61 60 7.0E-4
