*Vertices  57
1 "LCD显示屏"
2 "衬底"
3 "LED灯"
4 "荧光粉"
5 "整流器"
6 "发光荧光材料"
7 "GAN"
8 "次氯酸钠溶液"
9 "保护层"
10 "变压器"
11 "蒸镀方法"
12 "EP"
13 "LED外延片"
14 "外延"
15 "LED"
16 "二极管"
17 "掩膜"
18 "玻璃"
19 "通道"
20 "塑料"
21 "腐蚀液"
22 "铝基板"
23 "缓冲层"
24 "内量子效率"
25 "光刻胶"
26 "填充区域"
27 "SiO2"
28 "半导体"
29 "Al2O3"
30 "GaAs"
31 "MQW"
32 "ESD"
33 "ITO"
34 "键合"
35 "太阳能"
36 "LED芯片"
37 "芯片"
38 "电流扩展层"
39 "Li"
40 "离子"
41 "电极"
42 "接触层"
43 "电阻"
44 "丙酮"
45 "激光"
46 "MOCVD"
47 "标准芯片工艺制作"
48 "湿法刻蚀"
49 "干法刻蚀"
50 "湿法腐蚀"
51 "空穴"
52 "屏幕"
53 "反射层"
54 "发光层"
55 "甲基"
56 "电流阻挡层"
57 "外延片"
*Arcs
57 1 6.0E-4
2 1 0.27
57 2 0.0047
3 2 0.05
3 57 1.0E-4
4 2 0.08
4 3 0.17
4 57 1.0E-4
5 2 0.11
3 5 0.14
5 57 1.0E-4
6 2 0.16
6 3 0.27
6 4 0.57
6 57 4.0E-4
7 1 0.41
7 2 0.65
3 7 0.07
4 7 0.13
5 7 0.17
57 7 0.0034
2 8 0.38
57 8 4.0E-4
2 9 0.15
3 9 0.2
4 9 0.18
5 9 0.24
7 9 0.24
57 9 2.0E-4
10 2 0.08
3 10 0.2
4 10 0.09
10 5 0.59
10 7 0.12
10 9 0.17
10 57 1.0E-4
2 11 0.38
6 11 0.43
57 11 0.0011
12 2 0.15
3 12 0.2
4 12 0.46
12 5 0.12
6 12 0.35
12 8 0.2
12 9 0.17
12 10 0.08
12 57 1.0E-4
13 1 0.38
13 2 0.71
3 13 0.07
4 13 0.12
5 13 0.15
13 7 0.93
13 9 0.22
10 13 0.11
57 13 0.0040
14 1 0.27
14 2 0.93
3 14 0.09
4 14 0.08
5 14 0.11
6 14 0.24
14 7 0.65
14 8 0.38
14 9 0.15
10 14 0.08
14 11 0.38
12 14 0.08
14 13 0.71
14 57 0.0047
15 1 0.11
15 2 0.4
15 3 0.6
15 4 0.34
15 5 0.26
15 6 0.35
15 7 0.26
15 8 0.15
15 9 0.18
15 10 0.37
15 11 0.15
15 12 0.37
15 13 0.28
15 14 0.4
15 57 0.0010
16 1 0.14
16 2 0.45
16 3 0.3
16 4 0.36
16 5 0.35
16 6 0.43
16 7 0.29
16 8 0.2
16 9 0.08
16 10 0.37
16 11 0.2
16 12 0.24
16 13 0.27
16 14 0.45
16 15 0.75
16 57 0.0011
2 17 0.27
3 17 0.18
5 17 0.41
7 17 0.41
9 17 0.58
10 17 0.29
13 17 0.38
14 17 0.27
15 17 0.11
16 17 0.14
57 17 6.0E-4
18 2 0.08
18 3 0.28
18 4 0.2
18 6 0.19
18 8 0.22
18 10 0.09
18 12 0.18
18 14 0.08
18 15 0.34
18 16 0.22
18 57 1.0E-4
19 2 0.22
3 19 0.22
19 7 0.33
19 13 0.31
19 14 0.22
15 19 0.26
16 19 0.23
19 57 4.0E-4
20 2 0.1
20 3 0.13
20 4 0.36
20 6 0.34
20 8 0.27
20 12 0.11
20 14 0.1
20 15 0.28
20 16 0.37
20 18 0.48
20 57 1.0E-4
2 21 0.6
3 21 0.08
5 21 0.18
7 21 0.18
21 8 0.63
9 21 0.26
10 21 0.13
12 21 0.26
13 21 0.17
14 21 0.48
15 21 0.24
16 21 0.32
21 17 0.45
18 21 0.14
20 21 0.17
57 21 7.0E-4
22 2 0.11
22 3 0.29
22 4 0.26
22 6 0.12
22 8 0.29
22 9 0.24
22 12 0.24
22 14 0.11
22 15 0.26
22 16 0.23
22 18 0.26
22 19 0.33
22 20 0.31
22 21 0.18
22 57 1.0E-4
23 1 0.35
23 2 0.76
4 23 0.11
6 23 0.21
23 7 0.72
23 11 0.5
23 13 0.8
23 14 0.76
15 23 0.3
16 23 0.3
23 19 0.29
23 57 0.0046
2 24 0.38
4 24 0.22
7 24 0.29
13 24 0.53
14 24 0.38
15 24 0.15
16 24 0.1
23 24 0.5
57 24 0.0011
2 25 0.46
3 25 0.1
5 25 0.24
7 25 0.24
25 8 0.41
9 25 0.33
10 25 0.17
12 25 0.17
13 25 0.22
14 25 0.46
15 25 0.18
16 25 0.24
25 17 0.58
18 25 0.18
20 25 0.22
21 25 0.77
22 25 0.24
57 25 8.0E-4
2 26 0.27
8 26 0.71
12 26 0.29
14 26 0.27
15 26 0.11
16 26 0.14
18 26 0.32
20 26 0.38
21 26 0.45
22 26 0.41
25 26 0.58
57 26 5.0E-4
27 2 0.27
3 27 0.24
4 27 0.42
27 5 0.14
6 27 0.7
27 7 0.14
27 9 0.19
27 10 0.1
27 11 0.24
27 12 0.38
27 13 0.13
27 14 0.27
15 27 0.32
16 27 0.38
27 17 0.33
20 27 0.25
27 21 0.3
27 23 0.12
27 25 0.19
27 57 4.0E-4
28 1 0.18
28 2 0.67
28 3 0.29
28 4 0.34
28 5 0.15
28 6 0.43
28 7 0.44
28 8 0.25
28 9 0.1
28 10 0.1
28 11 0.25
28 12 0.31
28 13 0.48
28 14 0.67
28 15 0.59
28 16 0.64
28 17 0.18
28 18 0.23
28 19 0.15
28 20 0.27
28 21 0.4
28 22 0.22
28 23 0.51
28 24 0.25
28 25 0.31
28 26 0.18
28 27 0.42
28 57 0.0024
29 1 0.28
29 2 0.67
3 29 0.15
4 29 0.35
29 5 0.11
6 29 0.5
29 7 0.68
29 9 0.16
29 10 0.08
29 11 0.39
12 29 0.08
29 13 0.73
29 14 0.74
15 29 0.38
16 29 0.43
29 17 0.28
29 19 0.23
20 29 0.21
29 21 0.12
29 23 0.78
29 24 0.39
29 25 0.16
27 29 0.55
28 29 0.6
29 57 0.0040
2 30 0.55
3 30 0.07
6 30 0.25
30 8 0.58
30 11 0.29
12 30 0.12
14 30 0.65
15 30 0.26
16 30 0.35
18 30 0.13
20 30 0.15
21 30 0.55
22 30 0.17
23 30 0.14
30 25 0.47
30 26 0.41
27 30 0.27
28 30 0.44
29 30 0.23
57 30 7.0E-4
31 1 0.3
31 2 0.64
3 31 0.16
4 31 0.19
5 31 0.25
6 31 0.18
31 7 0.74
31 8 0.21
31 9 0.17
10 31 0.17
12 31 0.26
31 13 0.8
31 14 0.73
15 31 0.35
16 31 0.38
31 17 0.3
18 31 0.19
31 19 0.25
20 31 0.11
31 21 0.27
22 31 0.12
31 23 0.64
31 24 0.43
31 25 0.35
31 26 0.3
27 31 0.2
28 31 0.6
29 31 0.67
31 30 0.25
31 57 0.0036
32 2 0.53
32 7 0.61
32 13 0.76
32 14 0.53
15 32 0.21
16 32 0.14
32 19 0.41
32 23 0.71
32 24 0.35
28 32 0.36
29 32 0.55
32 31 0.6
32 57 0.0021
33 1 0.38
2 33 0.61
3 33 0.13
4 33 0.12
5 33 0.15
6 33 0.23
7 33 0.62
33 9 0.22
10 33 0.11
33 11 0.27
13 33 0.71
14 33 0.71
15 33 0.28
16 33 0.27
33 17 0.38
33 21 0.17
23 33 0.67
33 24 0.53
33 25 0.22
27 33 0.25
28 33 0.48
29 33 0.73
33 30 0.15
31 33 0.68
32 33 0.38
57 33 0.0032
2 34 0.22
3 34 0.07
4 34 0.13
6 34 0.25
34 8 0.29
34 9 0.24
34 11 0.29
12 34 0.12
14 34 0.33
15 34 0.26
16 34 0.29
18 34 0.13
20 34 0.15
34 21 0.18
22 34 0.17
23 34 0.14
27 34 0.27
28 34 0.29
29 34 0.23
34 30 0.5
31 34 0.12
33 34 0.15
57 34 2.0E-4
2 35 0.15
4 35 0.18
7 35 0.24
10 35 0.17
13 35 0.22
14 35 0.15
15 35 0.18
16 35 0.16
19 35 0.24
23 35 0.2
28 35 0.1
29 35 0.16
31 35 0.17
32 35 0.29
57 35 2.0E-4
36 1 0.24
36 2 0.52
3 36 0.26
4 36 0.23
36 5 0.2
6 36 0.15
36 7 0.5
36 8 0.17
36 9 0.28
36 10 0.14
12 36 0.35
36 13 0.55
36 14 0.45
15 36 0.44
16 36 0.48
36 17 0.24
18 36 0.15
36 19 0.4
20 36 0.18
36 21 0.33
22 36 0.4
36 23 0.43
36 24 0.17
36 25 0.28
36 26 0.24
27 36 0.24
28 36 0.57
29 36 0.47
36 30 0.1
36 31 0.66
36 32 0.49
36 33 0.37
36 34 0.2
36 35 0.14
36 57 0.0020
37 1 0.15
37 2 0.55
3 37 0.36
4 37 0.37
37 5 0.24
6 37 0.44
37 7 0.36
37 8 0.21
37 9 0.17
37 10 0.21
37 11 0.21
37 12 0.38
37 13 0.39
37 14 0.55
15 37 0.72
16 37 0.71
37 17 0.15
18 37 0.14
37 19 0.24
20 37 0.17
37 21 0.33
22 37 0.24
37 23 0.42
37 24 0.21
37 25 0.26
37 26 0.15
37 27 0.44
28 37 0.69
37 29 0.53
37 30 0.36
37 31 0.49
37 32 0.29
37 33 0.39
37 34 0.3
37 35 0.09
37 36 0.61
37 57 0.0018
2 38 0.55
3 38 0.14
5 38 0.17
6 38 0.12
7 38 0.17
38 8 0.58
9 38 0.24
10 38 0.12
12 38 0.24
13 38 0.15
14 38 0.55
15 38 0.26
16 38 0.35
38 17 0.41
18 38 0.13
20 38 0.15
38 21 0.73
22 38 0.17
38 25 0.47
38 26 0.41
27 38 0.41
28 38 0.44
29 38 0.23
38 30 0.67
31 38 0.37
33 38 0.31
34 38 0.33
36 38 0.3
37 38 0.36
57 38 7.0E-4
39 2 0.09
3 39 0.29
4 39 0.42
6 39 0.4
39 7 0.14
39 12 0.29
39 13 0.13
39 14 0.09
15 39 0.32
16 39 0.28
18 39 0.11
39 19 0.14
20 39 0.25
22 39 0.27
39 23 0.12
39 24 0.24
39 27 0.33
28 39 0.3
39 29 0.28
39 31 0.2
39 33 0.13
39 36 0.32
39 37 0.34
39 57 1.0E-4
40 2 0.32
3 40 0.16
4 40 0.19
6 40 0.27
40 8 0.43
40 10 0.09
40 12 0.52
40 14 0.24
15 40 0.35
16 40 0.3
18 40 0.38
20 40 0.11
40 21 0.54
22 40 0.12
40 25 0.35
40 26 0.3
40 27 0.3
28 40 0.38
40 30 0.37
40 31 0.18
40 34 0.12
40 36 0.22
40 37 0.36
40 38 0.37
40 39 0.2
40 57 1.0E-4
41 1 0.2
41 2 0.73
3 41 0.17
4 41 0.06
41 5 0.4
6 41 0.24
41 7 0.48
41 8 0.28
41 9 0.11
41 10 0.45
41 11 0.28
12 41 0.17
41 13 0.52
41 14 0.73
15 41 0.54
16 41 0.67
41 17 0.2
18 41 0.06
41 19 0.16
20 41 0.07
41 21 0.44
22 41 0.08
41 23 0.55
41 24 0.28
41 25 0.34
41 26 0.2
27 41 0.26
28 41 0.56
29 41 0.54
41 30 0.48
41 31 0.59
41 32 0.39
41 33 0.52
41 34 0.24
41 35 0.11
36 41 0.43
37 41 0.61
41 38 0.48
39 41 0.07
40 41 0.24
41 57 0.0028
42 1 0.38
42 2 0.71
3 42 0.07
4 42 0.12
5 42 0.15
42 7 0.93
42 9 0.22
10 42 0.11
42 13 1.0
42 14 0.71
15 42 0.28
16 42 0.27
42 17 0.38
42 19 0.31
42 21 0.17
42 23 0.8
42 24 0.53
42 25 0.22
27 42 0.13
28 42 0.48
29 42 0.73
42 31 0.8
42 32 0.76
42 33 0.71
42 35 0.22
36 42 0.55
37 42 0.39
42 38 0.15
39 42 0.13
41 42 0.52
42 57 0.0040
43 2 0.12
3 43 0.35
4 43 0.07
43 5 0.53
6 43 0.07
43 7 0.18
43 9 0.13
43 10 0.57
12 43 0.13
43 13 0.16
43 14 0.12
15 43 0.49
16 43 0.46
43 17 0.22
18 43 0.07
43 19 0.09
43 21 0.1
43 23 0.08
43 24 0.15
43 25 0.13
27 43 0.07
28 43 0.16
29 43 0.12
43 31 0.2
43 33 0.16
36 43 0.16
37 43 0.45
43 38 0.09
39 43 0.07
43 41 0.56
43 42 0.16
43 57 2.0E-4
44 2 0.27
3 44 0.09
6 44 0.15
44 8 0.35
44 12 0.58
44 14 0.13
15 44 0.21
16 44 0.14
18 44 0.16
20 44 0.19
44 21 0.45
22 44 0.2
44 25 0.29
44 26 0.5
44 27 0.33
28 44 0.18
44 30 0.2
44 31 0.15
44 36 0.24
44 37 0.22
44 38 0.41
44 39 0.17
44 40 0.6
44 41 0.2
44 57 2.0E-4
45 2 0.19
45 3 0.19
45 4 0.22
45 5 0.14
45 6 0.21
45 7 0.29
45 9 0.2
45 10 0.1
45 13 0.27
45 14 0.28
45 15 0.3
45 16 0.3
45 17 0.35
45 18 0.22
45 20 0.27
45 21 0.16
45 22 0.14
45 23 0.13
45 24 0.25
45 25 0.2
45 27 0.24
45 28 0.38
45 29 0.29
45 30 0.14
45 31 0.32
45 33 0.4
45 34 0.14
45 36 0.09
45 37 0.21
45 38 0.29
45 39 0.12
45 41 0.21
45 42 0.27
45 43 0.23
45 57 4.0E-4
46 1 0.32
46 2 0.76
3 46 0.06
4 46 0.1
6 46 0.29
46 7 0.65
46 8 0.22
46 11 0.45
12 46 0.09
46 13 0.72
46 14 0.85
15 46 0.34
16 46 0.36
18 46 0.1
46 19 0.26
20 46 0.12
46 21 0.14
22 46 0.13
46 23 0.89
46 24 0.45
46 25 0.18
46 26 0.32
27 46 0.21
28 46 0.57
29 46 0.79
46 30 0.39
46 31 0.76
46 32 0.63
46 33 0.72
46 34 0.26
46 35 0.18
36 46 0.46
37 46 0.47
46 38 0.26
39 46 0.11
40 46 0.1
41 46 0.62
46 42 0.72
43 46 0.07
44 46 0.16
45 46 0.22
46 57 0.0049
47 1 0.45
47 2 0.6
4 47 0.14
47 7 0.73
47 13 0.85
47 14 0.6
15 47 0.24
16 47 0.19
47 19 0.18
47 23 0.79
47 24 0.63
28 47 0.4
29 47 0.62
47 31 0.67
47 32 0.67
47 33 0.68
36 47 0.43
37 47 0.33
39 47 0.15
41 47 0.44
47 42 0.85
43 47 0.1
45 47 0.16
47 46 0.71
47 57 0.0029
2 48 0.27
6 48 0.3
48 11 0.71
14 48 0.27
15 48 0.11
16 48 0.14
23 48 0.35
27 48 0.33
28 48 0.18
29 48 0.28
48 30 0.41
34 48 0.41
37 48 0.15
41 48 0.2
46 48 0.32
57 48 6.0E-4
2 49 0.38
6 49 0.43
49 11 1.0
14 49 0.38
15 49 0.15
16 49 0.2
23 49 0.5
27 49 0.24
28 49 0.25
29 49 0.39
49 30 0.29
33 49 0.27
34 49 0.29
37 49 0.21
41 49 0.28
46 49 0.45
49 48 0.71
57 49 0.0011
2 50 0.38
3 50 0.13
5 50 0.29
7 50 0.29
50 8 0.5
9 50 0.41
10 50 0.2
13 50 0.27
14 50 0.38
15 50 0.15
16 50 0.2
50 17 0.71
21 50 0.63
25 50 0.41
27 50 0.24
28 50 0.25
29 50 0.2
30 50 0.29
31 50 0.21
33 50 0.27
34 50 0.29
36 50 0.17
37 50 0.21
38 50 0.58
40 50 0.21
41 50 0.28
42 50 0.27
43 50 0.15
45 50 0.25
57 50 4.0E-4
51 1 0.5
2 51 0.4
3 51 0.09
4 51 0.16
5 51 0.2
7 51 0.61
10 51 0.14
12 51 0.14
13 51 0.57
14 51 0.4
15 51 0.21
16 51 0.21
23 51 0.53
51 24 0.35
28 51 0.36
29 51 0.42
31 51 0.6
32 51 0.25
51 33 0.57
36 51 0.36
37 51 0.29
39 51 0.17
41 51 0.39
42 51 0.57
43 51 0.22
45 51 0.18
46 51 0.47
47 51 0.67
57 51 0.0014
2 52 0.51
6 52 0.23
7 52 0.31
52 8 0.27
52 11 0.53
12 52 0.11
13 52 0.29
14 52 0.51
15 52 0.28
16 52 0.27
18 52 0.12
19 52 0.15
20 52 0.14
21 52 0.17
22 52 0.15
23 52 0.53
52 25 0.22
52 26 0.38
27 52 0.13
28 52 0.34
29 52 0.42
52 30 0.31
31 52 0.34
32 52 0.38
33 52 0.29
34 52 0.15
52 35 0.22
36 52 0.28
37 52 0.28
38 52 0.15
40 52 0.11
41 52 0.37
42 52 0.29
44 52 0.19
46 52 0.6
47 52 0.17
52 48 0.38
52 49 0.53
51 52 0.19
57 52 0.0021
2 53 0.46
6 53 0.35
53 8 0.41
53 11 0.82
12 53 0.17
14 53 0.46
15 53 0.18
16 53 0.24
18 53 0.18
20 53 0.22
21 53 0.26
22 53 0.24
23 53 0.41
53 25 0.33
53 26 0.58
27 53 0.19
28 53 0.31
29 53 0.32
53 30 0.47
31 53 0.17
33 53 0.22
34 53 0.24
36 53 0.14
37 53 0.26
38 53 0.24
40 53 0.17
41 53 0.34
44 53 0.29
46 53 0.55
53 48 0.58
53 49 0.82
53 52 0.65
57 53 0.0017
54 1 0.38
2 54 0.71
6 54 0.23
7 54 0.15
54 8 0.53
54 11 0.53
12 54 0.22
13 54 0.14
14 54 0.61
15 54 0.28
16 54 0.37
18 54 0.12
20 54 0.14
54 21 0.51
22 54 0.15
23 54 0.4
54 25 0.22
54 26 0.38
27 54 0.25
28 54 0.48
29 54 0.31
54 30 0.62
31 54 0.23
54 33 0.29
54 34 0.31
36 54 0.28
37 54 0.39
54 38 0.62
40 54 0.34
41 54 0.52
42 54 0.14
44 54 0.38
46 54 0.48
47 54 0.17
54 48 0.38
54 49 0.53
54 50 0.27
54 51 0.19
54 52 0.43
54 53 0.65
57 54 0.0017
55 1 0.33
55 2 0.45
3 55 0.06
4 55 0.32
6 55 0.2
55 7 0.54
12 55 0.1
55 13 0.63
55 14 0.45
15 55 0.32
16 55 0.28
55 19 0.14
20 55 0.25
55 23 0.59
55 24 0.47
27 55 0.22
28 55 0.42
29 55 0.65
55 31 0.5
55 32 0.5
55 33 0.5
55 35 0.19
36 55 0.4
37 55 0.39
39 55 0.33
40 55 0.2
41 55 0.33
55 42 0.63
43 55 0.07
44 55 0.17
45 55 0.12
55 46 0.53
55 47 0.6
55 51 0.5
55 52 0.25
55 54 0.13
55 57 0.0018
2 56 0.38
6 56 0.21
56 11 0.5
14 56 0.38
15 56 0.15
16 56 0.2
23 56 0.25
27 56 0.24
28 56 0.25
29 56 0.2
56 30 0.58
34 56 0.29
37 56 0.21
38 56 0.29
41 56 0.28
46 56 0.22
56 48 0.71
56 49 0.5
56 52 0.27
56 53 0.41
54 56 0.53
57 56 4.0E-4
