*Vertices  40
1 "LED显示屏"
2 "衬底"
3 "光纤"
4 "探头"
5 "控制器"
6 "处理器"
7 "荧光粉"
8 "开关"
9 "GAN"
10 "变压器"
11 "LED外延片"
12 "外延片"
13 "外延"
14 "LED"
15 "二极管"
16 "通道"
17 "缓冲层"
18 "发电机"
19 "半导体"
20 "Al2O3"
21 "MQW"
22 "ESD"
23 "码道"
24 "太阳能电池板"
25 "风能"
26 "蓄电池"
27 "充电电池"
28 "LED照明设备"
29 "蓄电设备"
30 "LED芯片"
31 "芯片"
32 "充电器"
33 "电极"
34 "接触层"
35 "MOCVD"
36 "屏幕"
37 "甲基"
38 "发光管"
39 "光电管"
40 "太阳能"
*Arcs
40 1 0.0019
2 40 6.0E-4
3 40 0.0023
4 3 0.58
4 40 0.0031
5 1 0.57
5 3 0.19
5 4 0.22
5 40 0.0050
6 1 0.32
6 3 0.16
6 4 0.37
6 5 0.48
6 40 0.0011
7 1 0.16
7 2 0.08
7 5 0.12
7 6 0.1
7 40 9.0E-4
8 1 0.11
8 5 0.25
6 8 0.28
7 8 0.14
8 40 5.0E-4
9 2 0.65
7 9 0.13
9 40 0.0011
10 1 0.14
10 2 0.08
10 5 0.11
7 10 0.09
8 10 0.25
10 9 0.12
10 40 9.0E-4
11 2 0.71
7 11 0.12
11 9 0.93
10 11 0.11
11 40 0.0010
12 2 0.85
7 12 0.1
12 9 0.77
10 12 0.09
12 11 0.84
12 40 8.0E-4
13 2 0.93
7 13 0.08
13 9 0.65
10 13 0.08
13 11 0.71
13 12 0.85
13 40 6.0E-4
14 1 0.21
14 2 0.4
14 3 0.21
14 4 0.18
14 5 0.28
14 6 0.34
14 7 0.34
14 8 0.49
14 9 0.26
14 10 0.37
14 11 0.28
14 12 0.34
14 13 0.4
14 40 0.0013
15 1 0.14
15 2 0.45
15 3 0.21
15 4 0.08
15 5 0.16
15 6 0.04
15 7 0.36
15 8 0.31
15 9 0.29
15 10 0.37
15 11 0.27
15 12 0.36
15 13 0.45
15 14 0.75
15 40 9.0E-4
16 2 0.22
16 9 0.33
16 11 0.31
16 12 0.26
16 13 0.22
14 16 0.26
15 16 0.23
16 40 8.0E-4
17 2 0.76
7 17 0.11
17 9 0.72
17 11 0.8
17 12 0.89
17 13 0.76
14 17 0.3
15 17 0.3
17 16 0.29
17 40 9.0E-4
1 18 0.25
5 18 0.19
7 18 0.16
8 18 0.22
10 18 0.29
14 18 0.21
15 18 0.14
40 18 0.0019
19 2 0.67
19 3 0.09
19 4 0.1
19 6 0.11
19 7 0.34
19 8 0.12
19 9 0.44
19 10 0.1
19 11 0.48
19 12 0.57
19 13 0.67
19 14 0.59
19 15 0.64
19 16 0.15
19 17 0.51
19 40 4.0E-4
20 2 0.67
7 20 0.35
20 8 0.06
20 9 0.68
20 10 0.08
20 11 0.73
20 12 0.79
20 13 0.74
14 20 0.38
15 20 0.43
20 16 0.23
20 17 0.78
19 20 0.6
20 40 7.0E-4
21 2 0.64
7 21 0.19
8 21 0.07
21 9 0.74
10 21 0.17
21 11 0.8
21 12 0.76
21 13 0.73
14 21 0.35
15 21 0.38
21 16 0.25
21 17 0.64
19 21 0.6
20 21 0.67
21 40 7.0E-4
22 2 0.53
22 9 0.61
22 11 0.76
22 12 0.63
22 13 0.53
14 22 0.21
15 22 0.14
22 16 0.41
22 17 0.71
19 22 0.36
20 22 0.55
22 21 0.6
22 40 0.0013
3 23 0.5
4 23 0.58
5 23 0.38
6 23 0.32
14 23 0.11
40 23 0.0076
3 24 0.5
4 24 0.58
5 24 0.38
6 24 0.32
14 24 0.11
24 23 1.0
24 40 0.0076
1 25 0.5
5 25 0.38
7 25 0.32
8 25 0.22
10 25 0.29
14 25 0.11
15 25 0.14
18 25 0.5
40 25 0.0058
26 1 0.22
26 4 0.26
26 5 0.17
6 26 0.14
7 26 0.14
8 26 0.2
26 10 0.39
14 26 0.24
15 26 0.19
26 18 0.45
19 26 0.08
26 25 0.45
26 40 0.0018
3 27 0.35
4 27 0.41
5 27 0.27
6 27 0.22
8 27 0.15
14 27 0.15
27 23 0.71
27 24 0.71
27 40 0.0042
1 28 0.35
5 28 0.27
7 28 0.22
8 28 0.15
10 28 0.2
14 28 0.15
15 28 0.2
16 28 0.29
18 28 0.35
28 25 0.71
26 28 0.32
40 28 0.0035
1 29 0.5
5 29 0.38
7 29 0.32
8 29 0.22
10 29 0.29
14 29 0.11
15 29 0.14
18 29 0.5
29 25 1.0
26 29 0.45
29 28 0.71
40 29 0.0058
30 2 0.52
7 30 0.23
30 8 0.05
30 9 0.5
30 10 0.14
30 11 0.55
30 12 0.54
30 13 0.45
14 30 0.44
15 30 0.48
30 16 0.4
30 17 0.43
19 30 0.57
20 30 0.47
30 21 0.66
30 22 0.49
30 28 0.17
30 40 5.0E-4
31 1 0.07
31 2 0.55
31 5 0.11
6 31 0.05
7 31 0.37
31 8 0.29
31 9 0.36
31 10 0.21
31 11 0.39
31 12 0.47
31 13 0.55
14 31 0.72
15 31 0.71
31 16 0.24
31 17 0.42
31 18 0.07
19 31 0.69
31 20 0.53
31 21 0.49
31 22 0.29
31 28 0.1
31 30 0.61
31 40 3.0E-4
32 3 0.22
32 4 0.26
32 5 0.17
6 32 0.14
32 10 0.39
14 32 0.24
15 32 0.25
32 23 0.45
32 24 0.45
32 26 0.4
32 27 0.32
31 32 0.07
32 40 0.0020
33 2 0.73
33 5 0.07
7 33 0.06
8 33 0.17
33 9 0.48
33 10 0.45
33 11 0.52
33 12 0.62
33 13 0.73
14 33 0.54
15 33 0.67
33 16 0.16
33 17 0.55
19 33 0.56
20 33 0.54
33 21 0.59
33 22 0.39
33 26 0.18
30 33 0.43
31 33 0.61
33 32 0.35
33 40 4.0E-4
34 2 0.71
7 34 0.12
34 9 0.93
10 34 0.11
34 11 1.0
34 12 0.84
34 13 0.71
14 34 0.28
15 34 0.27
34 16 0.31
34 17 0.8
19 34 0.48
20 34 0.73
34 21 0.8
34 22 0.76
30 34 0.55
31 34 0.39
33 34 0.52
34 40 0.0010
35 2 0.76
7 35 0.1
35 9 0.65
35 11 0.72
35 12 0.9
35 13 0.85
14 35 0.34
15 35 0.36
35 16 0.26
35 17 0.89
19 35 0.57
20 35 0.79
35 21 0.76
35 22 0.63
30 35 0.46
31 35 0.47
33 35 0.62
35 34 0.72
35 40 8.0E-4
2 36 0.51
8 36 0.16
9 36 0.31
11 36 0.29
12 36 0.6
13 36 0.51
14 36 0.28
15 36 0.27
16 36 0.15
17 36 0.53
19 36 0.34
20 36 0.42
21 36 0.34
22 36 0.38
30 36 0.28
31 36 0.28
33 36 0.37
34 36 0.29
35 36 0.6
36 40 7.0E-4
37 2 0.45
7 37 0.32
8 37 0.07
37 9 0.54
37 11 0.63
37 12 0.53
37 13 0.45
14 37 0.32
15 37 0.28
37 16 0.14
37 17 0.59
19 37 0.42
20 37 0.65
37 21 0.5
37 22 0.5
30 37 0.4
31 37 0.39
33 37 0.33
37 34 0.63
37 35 0.53
37 36 0.25
37 40 7.0E-4
3 38 0.35
4 38 0.41
5 38 0.27
6 38 0.22
10 38 0.2
14 38 0.15
38 23 0.71
38 24 0.71
38 27 0.5
32 38 0.32
38 40 0.0043
3 39 0.5
4 39 0.58
5 39 0.38
6 39 0.32
14 39 0.11
39 23 1.0
39 24 1.0
39 27 0.71
32 39 0.45
39 38 0.71
39 40 0.0076
