*Vertices  33
1 "显示器"
2 "探头"
3 "传感器"
4 "控制器"
5 "处理器"
6 "单片机"
7 "开关"
8 "PD"
9 "变压器"
10 "EP"
11 "LED"
12 "模糊增强算法"
13 "LED光源"
14 "转换器"
15 "晶体振荡器"
16 "IP软核"
17 "发电机"
18 "放大器"
19 "半导体"
20 "燃气涡轮"
21 "客户"
22 "蓄电池"
23 "光电池"
24 "芯片"
25 "Li"
26 "灰度"
27 "边缘检测"
28 "电阻"
29 "检测仪"
30 "检测板"
31 "VGA"
32 "DMA"
33 "存储器"
*Arcs
1 33 0.0031
33 2 0.0018
1 3 0.38
3 2 0.38
33 3 0.0052
1 4 0.14
4 2 0.22
33 4 0.0016
5 1 0.36
5 2 0.37
5 3 0.21
5 4 0.48
5 33 0.0051
1 6 0.46
6 3 0.2
6 4 0.11
5 6 0.29
6 33 9.0E-4
1 7 0.08
7 3 0.07
7 4 0.25
5 7 0.28
7 6 0.26
7 33 7.0E-4
1 8 0.22
8 2 0.33
8 3 0.58
5 8 0.18
33 8 0.0014
1 9 0.11
9 3 0.1
9 4 0.11
6 9 0.09
7 9 0.25
9 33 7.0E-4
10 4 0.11
5 10 0.18
10 6 0.09
10 7 0.19
10 9 0.08
10 33 8.0E-4
11 1 0.28
11 2 0.18
11 3 0.32
11 4 0.28
11 5 0.34
11 6 0.35
11 7 0.49
11 8 0.18
11 9 0.37
11 10 0.37
11 33 0.0017
12 4 0.38
5 12 0.32
7 12 0.22
10 12 0.29
11 12 0.11
33 12 0.0072
13 1 0.1
13 2 0.16
13 3 0.09
13 5 0.18
13 6 0.08
13 7 0.06
13 9 0.08
13 10 0.24
13 11 0.38
13 33 4.0E-4
1 14 0.29
14 2 0.22
14 3 0.38
14 4 0.29
5 14 0.12
6 14 0.11
7 14 0.25
14 8 0.44
9 14 0.11
10 14 0.11
11 14 0.28
14 12 0.38
14 33 0.0050
15 4 0.27
5 15 0.22
6 15 0.21
7 15 0.31
10 15 0.2
11 15 0.15
15 12 0.71
15 14 0.27
15 33 0.0039
16 4 0.38
5 16 0.32
7 16 0.22
10 16 0.29
11 16 0.11
16 12 1.0
14 16 0.38
15 16 0.71
33 16 0.0072
1 17 0.19
3 17 0.17
4 17 0.19
6 17 0.15
7 17 0.22
9 17 0.29
11 17 0.21
13 17 0.14
14 17 0.19
33 17 0.0017
1 18 0.38
18 3 0.17
18 4 0.19
5 18 0.16
6 18 0.45
9 18 0.29
11 18 0.21
18 14 0.19
18 17 0.25
18 33 0.0017
19 1 0.14
19 2 0.1
19 3 0.12
19 5 0.11
19 6 0.05
19 7 0.12
19 8 0.1
19 9 0.1
19 10 0.31
19 11 0.59
19 13 0.3
19 14 0.14
19 18 0.09
19 33 3.0E-4
1 20 0.38
3 20 0.33
6 20 0.3
9 20 0.29
11 20 0.11
14 20 0.38
17 20 0.5
18 20 0.5
33 20 0.0050
1 21 0.22
21 2 0.33
21 3 0.19
5 21 0.37
7 21 0.25
10 21 0.17
11 21 0.18
13 21 0.16
14 21 0.22
19 21 0.21
21 33 0.0016
22 2 0.26
22 3 0.15
22 4 0.17
5 22 0.14
7 22 0.2
22 9 0.39
11 22 0.24
13 22 0.12
22 17 0.45
19 22 0.08
22 21 0.26
22 33 0.0010
23 2 0.58
23 3 0.5
5 23 0.16
23 8 0.58
11 23 0.21
13 23 0.28
14 23 0.38
19 23 0.18
21 23 0.29
22 23 0.22
33 23 0.0015
1 24 0.22
24 3 0.05
24 4 0.11
5 24 0.05
24 6 0.36
24 7 0.29
24 9 0.21
24 10 0.38
11 24 0.72
13 24 0.16
24 14 0.22
24 15 0.1
24 17 0.07
24 18 0.29
19 24 0.69
24 20 0.15
24 21 0.09
24 33 3.0E-4
1 25 0.13
25 4 0.13
5 25 0.11
25 7 0.15
25 10 0.29
11 25 0.32
25 12 0.33
13 25 0.18
25 14 0.25
25 15 0.24
25 16 0.33
19 25 0.3
25 21 0.19
25 24 0.34
25 33 0.0011
26 4 0.38
5 26 0.32
7 26 0.22
10 26 0.29
11 26 0.11
26 12 1.0
14 26 0.38
15 26 0.71
26 16 1.0
25 26 0.33
26 33 0.0072
27 4 0.38
5 27 0.32
7 27 0.22
10 27 0.29
11 27 0.11
27 12 1.0
14 27 0.38
15 27 0.71
27 16 1.0
25 27 0.33
27 26 1.0
27 33 0.0072
1 28 0.08
28 3 0.07
28 4 0.08
5 28 0.07
6 28 0.2
7 28 0.48
28 9 0.57
10 28 0.13
11 28 0.49
13 28 0.06
28 14 0.25
28 15 0.15
28 17 0.11
28 18 0.22
19 28 0.16
28 20 0.22
28 21 0.13
28 22 0.2
24 28 0.45
25 28 0.07
28 33 5.0E-4
1 29 0.27
2 29 0.41
3 29 0.47
5 29 0.22
6 29 0.21
9 29 0.2
11 29 0.15
13 29 0.2
14 29 0.27
29 17 0.35
18 29 0.35
19 29 0.13
29 20 0.71
21 29 0.41
22 29 0.32
23 29 0.35
24 29 0.1
28 29 0.15
33 29 0.0088
1 30 0.27
3 30 0.47
6 30 0.21
9 30 0.2
11 30 0.15
14 30 0.27
30 17 0.35
18 30 0.35
30 20 0.71
24 30 0.1
28 30 0.15
29 30 0.5
33 30 0.0030
31 4 0.38
5 31 0.32
7 31 0.22
10 31 0.29
11 31 0.11
31 12 1.0
14 31 0.38
15 31 0.71
31 16 1.0
25 31 0.33
31 26 1.0
31 27 1.0
31 33 0.0072
32 4 0.53
5 32 0.45
7 32 0.15
10 32 0.2
11 32 0.15
32 12 0.71
14 32 0.27
15 32 0.5
32 16 0.71
25 32 0.24
32 26 0.71
32 27 0.71
32 31 0.71
32 33 0.0041
