*Vertices  39
1 "显示器"
2 "LED灯"
3 "探头"
4 "电容"
5 "传感器"
6 "处理器"
7 "荧光粉"
8 "开关"
9 "发光荧光材料"
10 "塑料光转换荧光粒料"
11 "助剂"
12 "聚合物树脂"
13 "EP"
14 "LED"
15 "二极管"
16 "LED光源"
17 "塑料"
18 "转换器"
19 "SiO2"
20 "半导体"
21 "Al2O3"
22 "GPIO"
23 "蓄电池"
24 "光电池"
25 "芯片"
26 "继电器"
27 "存储器"
28 "酸盐"
29 "硬脂酰胺"
30 "Li"
31 "液体石蜡"
32 "电阻"
33 "检测仪"
34 "透镜"
35 "甲基"
36 "蜂鸣器"
37 "激发光"
38 "插座"
39 "客户"
*Arcs
1 39 0.0014
2 1 0.13
2 39 0.0011
39 3 0.0015
2 4 0.21
4 39 8.0E-4
1 5 0.38
5 3 0.38
39 5 8.0E-4
6 1 0.36
6 2 0.17
6 3 0.37
6 4 0.1
6 5 0.21
6 39 0.0026
7 1 0.24
7 2 0.17
7 6 0.1
7 39 0.0010
1 8 0.08
2 8 0.39
8 4 0.46
8 5 0.07
6 8 0.28
7 8 0.14
8 39 0.0019
9 1 0.23
9 2 0.27
9 6 0.1
9 7 0.57
9 8 0.13
9 39 9.0E-4
1 10 0.38
2 10 0.18
7 10 0.32
8 10 0.22
9 10 0.3
39 10 0.0062
1 11 0.27
2 11 0.13
7 11 0.45
8 11 0.15
9 11 0.43
11 10 0.71
39 11 0.0037
1 12 0.38
2 12 0.18
7 12 0.32
8 12 0.22
9 12 0.3
12 10 1.0
12 11 0.71
39 12 0.0062
2 13 0.2
13 4 0.17
6 13 0.18
7 13 0.46
13 8 0.19
9 13 0.35
13 39 8.0E-4
14 1 0.28
14 2 0.6
14 3 0.18
14 4 0.35
14 5 0.32
14 6 0.34
14 7 0.34
14 8 0.49
14 9 0.35
14 10 0.11
14 11 0.15
14 12 0.11
14 13 0.37
14 39 0.0013
15 1 0.11
15 2 0.3
15 3 0.08
15 4 0.34
15 5 0.09
15 6 0.04
15 7 0.36
15 8 0.31
15 9 0.43
15 10 0.14
15 11 0.2
15 12 0.14
15 13 0.24
15 14 0.75
15 39 4.0E-4
16 1 0.1
16 2 0.44
16 3 0.16
16 4 0.08
16 5 0.09
16 6 0.18
16 7 0.26
16 8 0.06
16 9 0.17
16 13 0.24
16 14 0.38
16 15 0.27
16 39 5.0E-4
17 1 0.29
17 2 0.13
17 3 0.22
17 5 0.25
17 6 0.12
17 7 0.36
17 8 0.16
17 9 0.34
17 10 0.38
17 11 0.53
17 12 0.38
17 13 0.11
17 14 0.28
17 15 0.37
17 16 0.1
17 39 0.0014
1 18 0.29
2 18 0.13
18 3 0.22
4 18 0.23
18 5 0.38
6 18 0.12
7 18 0.12
8 18 0.25
9 18 0.11
18 10 0.38
18 11 0.27
18 12 0.38
13 18 0.11
14 18 0.28
15 18 0.21
17 18 0.43
18 39 0.0016
1 19 0.13
2 19 0.24
7 19 0.42
19 8 0.07
9 19 0.7
19 10 0.33
19 11 0.47
19 12 0.33
19 13 0.38
14 19 0.32
15 19 0.38
17 19 0.25
19 18 0.13
19 39 0.0010
20 1 0.14
20 2 0.29
20 3 0.1
20 4 0.11
20 5 0.12
20 6 0.11
20 7 0.34
20 8 0.12
20 9 0.43
20 10 0.18
20 11 0.13
20 12 0.18
20 13 0.31
20 14 0.59
20 15 0.64
20 16 0.3
20 17 0.27
20 18 0.14
20 19 0.42
20 39 0.0011
1 21 0.1
2 21 0.15
7 21 0.35
21 8 0.06
9 21 0.5
21 10 0.28
21 11 0.39
21 12 0.28
13 21 0.08
14 21 0.38
15 21 0.43
17 21 0.21
21 18 0.1
19 21 0.55
20 21 0.6
21 39 7.0E-4
2 22 0.13
4 22 0.21
6 22 0.22
8 22 0.31
13 22 0.2
14 22 0.15
20 22 0.13
22 39 0.0031
2 23 0.08
23 3 0.26
23 5 0.15
6 23 0.14
7 23 0.14
8 23 0.2
14 23 0.24
15 23 0.19
16 23 0.12
20 23 0.08
23 39 9.0E-4
24 3 0.58
24 5 0.5
6 24 0.16
14 24 0.21
15 24 0.21
16 24 0.28
17 24 0.38
18 24 0.38
20 24 0.18
23 24 0.22
39 24 0.0013
1 25 0.22
2 25 0.36
25 4 0.36
25 5 0.05
6 25 0.05
7 25 0.37
25 8 0.29
9 25 0.44
25 10 0.15
25 11 0.21
25 12 0.15
25 13 0.38
14 25 0.72
15 25 0.71
16 25 0.16
17 25 0.17
25 18 0.22
25 19 0.44
20 25 0.69
25 21 0.53
25 22 0.1
25 39 5.0E-4
2 26 0.09
4 26 0.6
6 26 0.16
8 26 0.33
13 26 0.14
14 26 0.21
15 26 0.21
26 18 0.19
22 26 0.35
25 26 0.15
26 39 0.0018
1 27 0.38
27 3 0.29
27 5 0.5
6 27 0.47
8 27 0.11
13 27 0.14
14 27 0.21
16 27 0.14
18 27 0.38
20 27 0.09
23 27 0.22
27 24 0.25
25 27 0.07
39 27 0.0014
1 28 0.15
2 28 0.14
7 28 0.52
28 8 0.09
9 28 0.62
28 10 0.41
28 11 0.58
28 12 0.41
28 13 0.35
14 28 0.26
15 28 0.29
16 28 0.11
17 28 0.31
28 18 0.15
28 19 0.54
20 28 0.29
28 21 0.34
28 25 0.36
28 39 0.0015
1 29 0.38
2 29 0.18
7 29 0.32
8 29 0.22
9 29 0.3
29 10 1.0
29 11 0.71
29 12 1.0
14 29 0.11
15 29 0.14
17 29 0.38
18 29 0.38
19 29 0.33
20 29 0.18
21 29 0.28
25 29 0.15
28 29 0.41
29 39 0.0062
1 30 0.13
2 30 0.29
6 30 0.11
7 30 0.42
30 8 0.15
9 30 0.4
30 10 0.33
30 11 0.47
30 12 0.33
30 13 0.29
14 30 0.32
15 30 0.28
16 30 0.18
17 30 0.25
30 18 0.25
30 19 0.33
20 30 0.3
30 21 0.28
30 25 0.34
30 27 0.17
30 28 0.54
30 29 0.33
30 39 0.0011
1 31 0.38
2 31 0.18
7 31 0.32
8 31 0.22
9 31 0.3
31 10 1.0
31 11 0.71
31 12 1.0
14 31 0.11
15 31 0.14
17 31 0.38
18 31 0.38
19 31 0.33
20 31 0.18
21 31 0.28
25 31 0.15
28 31 0.41
31 29 1.0
30 31 0.33
31 39 0.0062
1 32 0.08
2 32 0.35
32 4 0.66
32 5 0.07
6 32 0.07
7 32 0.07
8 32 0.48
9 32 0.07
13 32 0.13
14 32 0.49
15 32 0.46
16 32 0.06
32 18 0.25
19 32 0.07
20 32 0.16
21 32 0.12
32 22 0.31
32 23 0.2
25 32 0.45
32 26 0.44
32 27 0.11
30 32 0.07
32 39 7.0E-4
1 33 0.27
3 33 0.41
5 33 0.47
6 33 0.22
14 33 0.15
16 33 0.2
18 33 0.27
20 33 0.13
23 33 0.32
24 33 0.35
25 33 0.1
27 33 0.71
32 33 0.15
39 33 0.0022
34 1 0.24
34 2 0.28
34 5 0.11
34 6 0.1
34 7 0.3
34 8 0.07
34 9 0.29
34 10 0.32
34 11 0.45
34 12 0.32
34 13 0.09
34 14 0.34
34 15 0.36
34 16 0.26
34 17 0.48
34 18 0.24
34 19 0.21
34 20 0.23
34 21 0.18
34 24 0.32
34 25 0.19
34 28 0.26
34 29 0.32
34 30 0.32
34 31 0.32
34 39 0.0010
1 35 0.13
2 35 0.06
7 35 0.32
8 35 0.07
9 35 0.2
35 10 0.33
35 11 0.47
35 12 0.33
13 35 0.1
14 35 0.32
15 35 0.28
17 35 0.25
18 35 0.13
19 35 0.22
20 35 0.42
21 35 0.65
25 35 0.39
28 35 0.41
35 29 0.33
30 35 0.33
35 31 0.33
32 35 0.07
34 35 0.32
35 39 9.0E-4
2 36 0.18
4 36 0.3
6 36 0.32
8 36 0.22
13 36 0.29
14 36 0.11
22 36 0.71
26 36 0.5
32 36 0.22
39 36 0.0050
1 37 0.14
2 37 0.13
37 3 0.22
37 5 0.13
7 37 0.48
37 8 0.08
9 37 0.57
37 10 0.38
37 11 0.53
37 12 0.38
37 13 0.33
14 37 0.28
15 37 0.32
16 37 0.1
17 37 0.43
37 18 0.29
37 19 0.5
20 37 0.2
37 21 0.21
37 24 0.19
37 25 0.28
37 28 0.62
37 29 0.38
37 30 0.5
37 31 0.38
34 37 0.36
37 35 0.25
37 39 0.0014
2 38 0.13
4 38 0.21
6 38 0.22
8 38 0.31
13 38 0.2
14 38 0.15
15 38 0.1
22 38 0.5
25 38 0.1
26 38 0.35
32 38 0.15
38 36 0.71
38 39 0.0031
