*Vertices  34
1 "衬底"
2 "光膜"
3 "荧光粉"
4 "发光荧光材料"
5 "柔性高分子材料"
6 "助剂"
7 "蓝膜"
8 "EP"
9 "LED"
10 "二极管"
11 "塑料"
12 "腐蚀液"
13 "稀释剂"
14 "荧光体"
15 "硅橡胶"
16 "SiO2"
17 "半导体"
18 "Al2O3"
19 "LED芯片"
20 "芯片"
21 "电流扩展层"
22 "酸盐"
23 "硅油"
24 "去离子水"
25 "Li"
26 "离子"
27 "电极"
28 "丙酮"
29 "臭氧"
30 "透镜"
31 "发光层"
32 "甲基"
33 "激发光"
34 "容器"
*Arcs
34 1 8.0E-4
2 34 0.0050
3 1 0.08
3 2 0.45
3 34 0.0015
4 1 0.16
4 2 0.43
4 3 0.57
4 34 0.0015
2 5 0.71
3 5 0.32
4 5 0.3
5 34 0.0091
2 6 0.5
3 6 0.45
4 6 0.43
6 5 0.71
6 34 0.0053
1 7 0.38
34 7 0.0026
8 1 0.15
3 8 0.46
4 8 0.35
8 7 0.2
8 34 8.0E-4
9 1 0.4
9 2 0.15
9 3 0.34
9 4 0.35
9 5 0.11
9 6 0.15
9 7 0.15
9 8 0.37
9 34 8.0E-4
10 1 0.45
10 2 0.2
10 3 0.36
10 4 0.43
10 5 0.14
10 6 0.2
10 7 0.2
10 8 0.24
10 9 0.75
10 34 0.0012
11 1 0.1
11 2 0.53
11 3 0.36
11 4 0.34
11 5 0.38
11 6 0.53
11 8 0.11
11 9 0.28
11 10 0.37
11 34 0.0019
1 12 0.6
12 7 0.32
8 12 0.26
9 12 0.24
10 12 0.32
11 12 0.17
34 12 0.0015
2 13 0.71
3 13 0.32
4 13 0.3
13 5 1.0
13 6 0.71
9 13 0.11
10 13 0.14
11 13 0.38
13 34 0.0091
2 14 0.41
3 14 0.55
4 14 0.52
14 5 0.58
14 6 0.41
8 14 0.33
9 14 0.18
10 14 0.24
11 14 0.22
14 13 0.58
14 34 0.0037
2 15 0.71
3 15 0.32
4 15 0.3
15 5 1.0
15 6 0.71
9 15 0.11
10 15 0.14
11 15 0.38
15 13 1.0
15 14 0.58
15 34 0.0091
16 1 0.27
2 16 0.24
3 16 0.42
4 16 0.7
16 5 0.33
16 6 0.47
16 7 0.24
16 8 0.38
9 16 0.32
10 16 0.38
11 16 0.25
16 12 0.3
16 13 0.33
16 14 0.38
16 15 0.33
16 34 0.0042
17 1 0.67
17 2 0.13
17 3 0.34
17 4 0.43
17 6 0.13
17 7 0.25
17 8 0.31
17 9 0.59
17 10 0.64
17 11 0.27
17 12 0.4
17 14 0.21
17 16 0.42
17 34 6.0E-4
18 1 0.67
2 18 0.2
3 18 0.35
4 18 0.5
18 5 0.28
18 6 0.39
8 18 0.08
9 18 0.38
10 18 0.43
11 18 0.21
18 12 0.12
18 13 0.28
18 14 0.16
18 15 0.28
16 18 0.55
17 18 0.6
18 34 0.0012
19 1 0.52
2 19 0.17
3 19 0.23
4 19 0.15
19 5 0.24
19 6 0.17
19 7 0.17
8 19 0.35
9 19 0.44
10 19 0.48
11 19 0.18
19 12 0.33
19 13 0.24
19 14 0.28
19 15 0.24
16 19 0.24
17 19 0.57
18 19 0.47
19 34 0.0022
20 1 0.55
2 20 0.1
3 20 0.37
4 20 0.44
20 5 0.15
20 6 0.21
20 7 0.21
20 8 0.38
9 20 0.72
10 20 0.71
11 20 0.17
20 12 0.33
20 13 0.15
20 14 0.26
20 15 0.15
20 16 0.44
17 20 0.69
20 18 0.53
20 19 0.61
20 34 0.0013
1 21 0.55
4 21 0.12
21 7 0.58
8 21 0.24
9 21 0.26
10 21 0.35
11 21 0.15
21 12 0.73
16 21 0.41
17 21 0.44
18 21 0.23
19 21 0.3
20 21 0.36
34 21 0.0014
2 22 0.29
3 22 0.52
4 22 0.62
22 5 0.41
22 6 0.58
22 8 0.35
9 22 0.26
10 22 0.29
11 22 0.31
22 13 0.41
22 14 0.47
22 15 0.41
22 16 0.54
17 22 0.29
22 18 0.34
22 19 0.2
22 20 0.36
22 34 0.0023
2 23 0.71
3 23 0.32
4 23 0.3
23 5 1.0
23 6 0.71
9 23 0.11
10 23 0.14
11 23 0.38
23 13 1.0
23 14 0.58
23 15 1.0
16 23 0.33
18 23 0.28
19 23 0.24
20 23 0.15
22 23 0.41
23 34 0.0091
24 1 0.24
4 24 0.13
24 7 0.32
24 8 0.39
9 24 0.24
10 24 0.19
24 12 0.4
24 16 0.3
17 24 0.24
24 19 0.11
24 20 0.26
24 21 0.18
24 22 0.37
24 34 0.0014
25 1 0.09
2 25 0.24
3 25 0.42
4 25 0.4
25 5 0.33
25 6 0.47
25 8 0.29
9 25 0.32
10 25 0.28
11 25 0.25
25 13 0.33
25 14 0.38
25 15 0.33
25 16 0.33
17 25 0.3
25 18 0.28
25 19 0.32
25 20 0.34
25 22 0.54
25 23 0.33
25 24 0.15
25 34 0.0016
26 1 0.32
3 26 0.19
4 26 0.27
26 7 0.21
26 8 0.52
9 26 0.35
10 26 0.3
11 26 0.11
26 12 0.54
26 14 0.35
26 16 0.3
17 26 0.38
26 19 0.22
26 20 0.36
26 21 0.37
26 22 0.37
26 24 0.67
26 25 0.2
26 34 0.0010
27 1 0.73
3 27 0.06
4 27 0.24
27 7 0.28
8 27 0.17
9 27 0.54
10 27 0.67
11 27 0.07
27 12 0.44
16 27 0.26
17 27 0.56
18 27 0.54
19 27 0.43
20 27 0.61
27 21 0.48
24 27 0.18
25 27 0.07
26 27 0.24
27 34 5.0E-4
28 1 0.27
4 28 0.15
28 7 0.35
28 8 0.58
9 28 0.21
10 28 0.14
11 28 0.19
28 12 0.45
28 16 0.33
17 28 0.18
28 19 0.24
28 20 0.22
28 21 0.41
28 22 0.2
28 24 0.67
28 25 0.17
28 26 0.6
28 27 0.2
28 34 0.0017
2 29 0.41
3 29 0.18
4 29 0.17
29 5 0.58
29 6 0.41
9 29 0.18
10 29 0.08
11 29 0.22
29 13 0.58
29 14 0.33
29 15 0.58
16 29 0.19
18 29 0.16
19 29 0.14
20 29 0.09
22 29 0.24
29 23 0.58
25 29 0.19
26 29 0.35
29 34 0.0033
30 2 0.45
30 3 0.3
30 4 0.29
30 5 0.32
30 6 0.45
30 8 0.09
30 9 0.34
30 10 0.36
30 11 0.48
30 13 0.32
30 14 0.18
30 15 0.32
30 16 0.21
30 17 0.23
30 18 0.18
30 19 0.23
30 20 0.19
30 22 0.26
30 23 0.32
30 24 0.14
30 25 0.32
30 26 0.1
30 28 0.16
30 29 0.18
30 34 0.0013
1 31 0.71
4 31 0.23
31 7 0.53
8 31 0.22
9 31 0.28
10 31 0.37
11 31 0.14
31 12 0.51
16 31 0.25
17 31 0.48
18 31 0.31
19 31 0.28
20 31 0.39
31 21 0.62
24 31 0.17
26 31 0.34
27 31 0.52
28 31 0.38
34 31 0.0012
32 1 0.45
2 32 0.24
3 32 0.32
4 32 0.2
32 5 0.33
32 6 0.47
8 32 0.1
9 32 0.32
10 32 0.28
11 32 0.25
32 13 0.33
32 14 0.19
32 15 0.33
16 32 0.22
17 32 0.42
18 32 0.65
19 32 0.4
20 32 0.39
22 32 0.41
32 23 0.33
24 32 0.3
25 32 0.33
26 32 0.2
27 32 0.33
28 32 0.17
32 29 0.19
30 32 0.32
32 31 0.13
32 34 0.0016
2 33 0.27
3 33 0.48
4 33 0.57
33 5 0.38
33 6 0.53
33 8 0.33
9 33 0.28
10 33 0.32
11 33 0.43
33 13 0.38
33 14 0.65
33 15 0.38
33 16 0.5
17 33 0.2
33 18 0.21
33 19 0.18
33 20 0.28
33 22 0.62
33 23 0.38
33 24 0.17
33 25 0.5
33 26 0.34
33 28 0.19
33 29 0.22
30 33 0.36
33 32 0.25
33 34 0.0021
