*Vertices  10
1 "LED灯"
2 "LED"
3 "通道"
4 "LED光源"
5 "铝基板"
6 "导热板"
7 "散热片"
8 "散热器"
9 "透镜"
10 "密封胶"
*Arcs
1 10 0.0079
2 1 0.6
2 10 0.0035
1 3 0.22
2 3 0.26
3 10 0.0248
4 1 0.44
4 2 0.38
4 3 0.11
4 10 0.0131
5 1 0.29
5 2 0.26
5 3 0.33
5 4 0.34
5 10 0.0257
1 6 0.25
2 6 0.15
6 3 0.29
4 6 0.2
5 6 0.29
6 10 0.0602
1 7 0.47
2 7 0.28
7 3 0.46
4 7 0.42
5 7 0.46
7 6 0.53
7 10 0.029
1 8 0.47
2 8 0.28
8 3 0.31
4 8 0.42
5 8 0.31
8 6 0.53
8 7 0.86
8 10 0.0276
9 1 0.28
9 2 0.34
9 3 0.26
9 4 0.26
9 5 0.39
9 6 0.45
9 7 0.36
9 8 0.24
9 10 0.0191
