*Vertices  15
1 "LED灯"
2 "反光杯"
3 "LED"
4 "二极管"
5 "通道"
6 "LED光源"
7 "铝基板"
8 "散热片"
9 "散热器"
10 "密封胶"
11 "半导体"
12 "LED芯片"
13 "芯片"
14 "透镜"
15 "导热板"
*Arcs
1 15 0.0080
1 2 0.18
15 2 0.0272
3 1 0.6
3 2 0.11
3 15 0.0035
4 1 0.3
4 2 0.14
4 3 0.75
4 15 0.0018
1 5 0.22
3 5 0.26
4 5 0.23
15 5 0.0092
6 1 0.44
6 3 0.38
6 4 0.27
6 5 0.11
6 15 0.0051
7 1 0.29
7 3 0.26
7 4 0.23
7 5 0.33
7 6 0.34
7 15 0.0095
1 8 0.47
8 2 0.38
3 8 0.28
4 8 0.27
8 5 0.46
6 8 0.42
7 8 0.46
8 15 0.0302
1 9 0.47
9 2 0.38
3 9 0.28
4 9 0.21
9 5 0.31
6 9 0.42
7 9 0.31
9 8 0.86
9 15 0.0293
1 10 0.18
3 10 0.11
5 10 0.41
6 10 0.28
7 10 0.41
8 10 0.38
9 10 0.38
15 10 0.0286
11 1 0.29
11 2 0.18
11 3 0.59
11 4 0.64
11 5 0.15
11 6 0.3
11 7 0.22
11 8 0.2
11 9 0.27
11 15 0.0025
1 12 0.26
12 2 0.24
3 12 0.44
4 12 0.48
12 5 0.4
6 12 0.2
7 12 0.4
12 8 0.37
12 9 0.28
11 12 0.57
12 15 0.0042
1 13 0.36
13 2 0.15
3 13 0.72
4 13 0.71
13 5 0.24
6 13 0.16
7 13 0.24
13 8 0.22
13 9 0.17
11 13 0.69
13 12 0.61
13 15 0.0017
14 1 0.28
14 2 0.32
14 3 0.34
14 4 0.36
14 5 0.26
14 6 0.26
14 7 0.39
14 8 0.36
14 9 0.24
14 10 0.32
14 11 0.23
14 12 0.23
14 13 0.19
14 15 0.0204
