*Vertices  22
1 "显示器"
2 "LED灯"
3 "光膜"
4 "处理器"
5 "荧光粉"
6 "发光荧光材料"
7 "LED"
8 "二极管"
9 "玻璃"
10 "LED光源"
11 "塑料"
12 "铝基板"
13 "基板"
14 "散热片"
15 "散热器"
16 "发光体"
17 "半导体"
18 "电路板"
19 "激光"
20 "洗墙灯"
21 "透镜"
22 "射灯"
*Arcs
22 1 0.0035
2 1 0.13
22 2 0.0039
3 1 0.27
3 2 0.13
22 3 0.0112
4 1 0.36
4 2 0.17
4 3 0.22
22 4 0.0024
5 1 0.24
5 2 0.17
5 3 0.45
5 4 0.1
22 5 0.0029
6 1 0.23
6 2 0.27
6 3 0.43
6 4 0.1
6 5 0.57
22 6 0.0026
7 1 0.28
7 2 0.6
7 3 0.15
7 4 0.34
7 5 0.34
7 6 0.35
22 7 0.0020
8 1 0.11
8 2 0.3
8 3 0.2
8 4 0.04
8 5 0.36
8 6 0.43
8 7 0.75
22 8 0.0011
9 1 0.12
9 2 0.28
9 3 0.22
9 4 0.3
9 5 0.2
9 6 0.19
9 7 0.34
9 8 0.22
22 9 0.0028
10 1 0.1
10 2 0.44
10 3 0.2
10 4 0.18
10 5 0.26
10 6 0.17
10 7 0.38
10 8 0.27
10 9 0.18
22 10 0.0070
11 1 0.29
11 2 0.13
11 3 0.53
11 4 0.12
11 5 0.36
11 6 0.34
11 7 0.28
11 8 0.37
11 9 0.48
11 10 0.1
22 11 0.0040
12 1 0.15
12 2 0.29
12 3 0.29
12 4 0.13
12 5 0.26
12 6 0.12
12 7 0.26
12 8 0.23
12 9 0.26
12 10 0.34
12 11 0.31
22 12 0.0046
2 13 0.25
7 13 0.15
8 13 0.1
10 13 0.2
22 13 0.0076
2 14 0.47
7 14 0.28
8 14 0.27
10 14 0.42
12 14 0.46
14 13 0.53
22 14 0.0037
2 15 0.47
7 15 0.28
8 15 0.21
10 15 0.42
12 15 0.31
15 13 0.53
15 14 0.86
22 15 0.0037
16 1 0.17
16 2 0.24
16 3 0.32
16 4 0.14
16 5 0.28
16 6 0.27
16 7 0.24
16 8 0.25
16 9 0.14
16 10 0.37
16 11 0.17
16 12 0.18
16 14 0.17
16 15 0.17
22 16 0.0052
17 1 0.14
17 2 0.29
17 3 0.13
17 4 0.11
17 5 0.34
17 6 0.43
17 7 0.59
17 8 0.64
17 9 0.23
17 10 0.3
17 11 0.27
17 12 0.22
17 13 0.13
17 14 0.2
17 15 0.27
17 16 0.16
22 17 0.0033
18 1 0.15
18 2 0.43
18 3 0.29
18 4 0.13
18 5 0.13
18 6 0.12
18 7 0.26
18 8 0.06
18 9 0.39
18 10 0.11
18 11 0.15
18 12 0.17
18 15 0.15
18 16 0.37
18 17 0.15
22 18 0.0042
19 1 0.13
19 2 0.19
19 3 0.25
19 4 0.11
19 5 0.22
19 6 0.21
19 7 0.3
19 8 0.3
19 9 0.22
19 10 0.1
19 11 0.27
19 12 0.14
19 16 0.16
19 17 0.38
19 18 0.14
22 19 0.0031
20 1 0.38
20 2 0.18
20 3 0.71
20 4 0.32
20 5 0.32
20 6 0.3
20 7 0.11
20 8 0.14
20 9 0.32
20 10 0.28
20 11 0.38
20 12 0.41
20 16 0.45
20 17 0.18
20 18 0.41
20 19 0.35
22 20 0.018
21 1 0.24
21 2 0.28
21 3 0.45
21 4 0.1
21 5 0.3
21 6 0.29
21 7 0.34
21 8 0.36
21 9 0.2
21 10 0.26
21 11 0.48
21 12 0.39
21 14 0.36
21 15 0.24
21 16 0.14
21 17 0.23
21 18 0.13
21 19 0.34
21 20 0.32
21 22 0.0032
