*Vertices  51
1 "衬底"
2 "连接带"
3 "传感器"
4 "开关"
5 "发光荧光材料"
6 "GAN"
7 "次氯酸钠溶液"
8 "桡动脉"
9 "蒸镀方法"
10 "EP"
11 "LED外延片"
12 "外延片"
13 "外延"
14 "LED"
15 "二极管"
16 "止血扣碗"
17 "玻璃"
18 "通道"
19 "塑料"
20 "腐蚀液"
21 "铝基板"
22 "缓冲层"
23 "光刻胶"
24 "填充区域"
25 "SiO2"
26 "半导体"
27 "Al2O3"
28 "GaAs"
29 "MQW"
30 "ESD"
31 "ITO"
32 "键合"
33 "太阳能"
34 "LED芯片"
35 "芯片"
36 "电流扩展层"
37 "离子"
38 "电视机"
39 "电极"
40 "接触层"
41 "丙酮"
42 "MOCVD"
43 "标准芯片工艺制作"
44 "湿法刻蚀"
45 "干法刻蚀"
46 "空穴"
47 "反射层"
48 "发光层"
49 "甲基"
50 "电流阻挡层"
51 "屏幕"
*Arcs
1 51 0.0036
51 2 0.0017
3 2 0.33
51 3 3.0E-4
4 2 0.22
4 3 0.07
4 51 6.0E-4
5 1 0.16
5 4 0.13
5 51 7.0E-4
6 1 0.65
6 51 0.0013
1 7 0.38
51 7 8.0E-4
8 2 1.0
3 8 0.33
4 8 0.22
51 8 0.0017
1 9 0.38
5 9 0.43
51 9 0.0027
10 1 0.15
10 4 0.19
5 10 0.35
10 7 0.2
10 51 2.0E-4
11 1 0.71
11 6 0.93
11 51 0.0013
12 1 0.85
5 12 0.19
12 6 0.77
12 7 0.22
12 9 0.45
10 12 0.09
12 11 0.84
12 51 0.0044
13 1 0.93
5 13 0.24
13 6 0.65
13 7 0.38
13 9 0.38
10 13 0.08
13 11 0.71
13 12 0.85
13 51 0.0036
14 1 0.4
14 2 0.11
14 3 0.32
14 4 0.49
14 5 0.35
14 6 0.26
14 7 0.15
14 8 0.11
14 9 0.15
14 10 0.37
14 11 0.28
14 12 0.34
14 13 0.4
14 51 0.0015
15 1 0.45
15 3 0.09
15 4 0.31
15 5 0.43
15 6 0.29
15 7 0.2
15 9 0.2
15 10 0.24
15 11 0.27
15 12 0.36
15 13 0.45
15 14 0.75
15 51 0.0014
16 2 1.0
3 16 0.33
4 16 0.22
16 8 1.0
14 16 0.11
51 16 0.0017
17 1 0.08
17 3 0.21
17 4 0.21
17 5 0.19
17 7 0.22
17 10 0.18
17 12 0.1
17 13 0.08
17 14 0.34
17 15 0.22
17 51 2.0E-4
18 1 0.22
18 3 0.14
18 6 0.33
18 11 0.31
18 12 0.26
18 13 0.22
14 18 0.26
15 18 0.23
18 51 3.0E-4
19 1 0.1
19 3 0.25
19 4 0.16
19 5 0.34
19 7 0.27
19 10 0.11
19 12 0.12
19 13 0.1
19 14 0.28
19 15 0.37
19 17 0.48
19 51 2.0E-4
1 20 0.6
6 20 0.18
20 7 0.63
10 20 0.26
11 20 0.17
12 20 0.28
13 20 0.48
14 20 0.24
15 20 0.32
17 20 0.14
19 20 0.17
20 51 5.0E-4
21 1 0.11
21 5 0.12
21 7 0.29
21 10 0.24
21 12 0.13
21 13 0.11
21 14 0.26
21 15 0.23
21 17 0.26
21 18 0.33
21 19 0.31
21 20 0.18
21 51 3.0E-4
22 1 0.76
5 22 0.21
22 6 0.72
22 9 0.5
22 11 0.8
22 12 0.89
22 13 0.76
14 22 0.3
15 22 0.3
22 18 0.29
22 51 0.0034
1 23 0.46
6 23 0.24
23 7 0.41
10 23 0.17
11 23 0.22
12 23 0.37
13 23 0.46
14 23 0.18
15 23 0.24
17 23 0.18
19 23 0.22
20 23 0.77
21 23 0.24
51 23 7.0E-4
1 24 0.27
7 24 0.71
10 24 0.29
12 24 0.32
13 24 0.27
14 24 0.11
15 24 0.14
17 24 0.32
19 24 0.38
20 24 0.45
21 24 0.41
23 24 0.58
51 24 0.0012
25 1 0.27
25 4 0.07
5 25 0.7
25 6 0.14
25 9 0.24
25 10 0.38
25 11 0.13
25 12 0.21
25 13 0.27
14 25 0.32
15 25 0.38
19 25 0.25
25 20 0.3
25 22 0.12
25 23 0.19
25 51 4.0E-4
26 1 0.67
26 3 0.12
26 4 0.12
26 5 0.43
26 6 0.44
26 7 0.25
26 9 0.25
26 10 0.31
26 11 0.48
26 12 0.57
26 13 0.67
26 14 0.59
26 15 0.64
26 17 0.23
26 18 0.15
26 19 0.27
26 20 0.4
26 21 0.22
26 22 0.51
26 23 0.31
26 24 0.18
26 25 0.42
26 51 0.0019
27 1 0.67
27 4 0.06
5 27 0.5
27 6 0.68
27 9 0.39
10 27 0.08
27 11 0.73
27 12 0.79
27 13 0.74
14 27 0.38
15 27 0.43
27 18 0.23
19 27 0.21
27 20 0.12
27 22 0.78
27 23 0.16
25 27 0.55
26 27 0.6
27 51 0.0025
1 28 0.55
5 28 0.25
28 7 0.58
28 9 0.29
10 28 0.12
12 28 0.26
13 28 0.65
14 28 0.26
15 28 0.35
17 28 0.13
19 28 0.15
20 28 0.55
21 28 0.17
22 28 0.14
28 23 0.47
28 24 0.41
25 28 0.27
26 28 0.44
27 28 0.23
51 28 0.0014
29 1 0.64
4 29 0.07
5 29 0.18
29 6 0.74
29 7 0.21
10 29 0.26
29 11 0.8
29 12 0.76
29 13 0.73
14 29 0.35
15 29 0.38
17 29 0.19
29 18 0.25
19 29 0.11
29 20 0.27
21 29 0.12
29 22 0.64
29 23 0.35
29 24 0.3
25 29 0.2
26 29 0.6
27 29 0.67
29 28 0.25
29 51 0.0017
30 1 0.53
30 6 0.61
30 11 0.76
30 12 0.63
30 13 0.53
14 30 0.21
15 30 0.14
30 18 0.41
30 22 0.71
26 30 0.36
27 30 0.55
30 29 0.6
30 51 0.0014
1 31 0.61
5 31 0.23
6 31 0.62
31 9 0.27
11 31 0.71
12 31 0.72
13 31 0.71
14 31 0.28
15 31 0.27
31 20 0.17
22 31 0.67
31 23 0.22
25 31 0.25
26 31 0.48
27 31 0.73
31 28 0.15
29 31 0.68
30 31 0.38
31 51 0.0013
1 32 0.22
32 3 0.14
5 32 0.25
32 7 0.29
32 9 0.29
10 32 0.12
12 32 0.13
13 32 0.33
14 32 0.26
15 32 0.29
17 32 0.13
19 32 0.15
32 20 0.18
21 32 0.17
22 32 0.14
25 32 0.27
26 32 0.29
27 32 0.23
32 28 0.5
29 32 0.12
31 32 0.15
32 51 4.0E-4
1 33 0.15
4 33 0.13
6 33 0.24
11 33 0.22
12 33 0.18
13 33 0.15
14 33 0.18
15 33 0.16
18 33 0.24
22 33 0.2
26 33 0.1
27 33 0.16
29 33 0.17
30 33 0.29
51 33 3.0E-4
34 1 0.52
34 4 0.05
5 34 0.15
34 6 0.5
34 7 0.17
10 34 0.35
34 11 0.55
34 12 0.54
34 13 0.45
14 34 0.44
15 34 0.48
17 34 0.15
34 18 0.4
19 34 0.18
34 20 0.33
21 34 0.4
34 22 0.43
34 23 0.28
34 24 0.24
25 34 0.24
26 34 0.57
27 34 0.47
34 28 0.1
34 29 0.66
34 30 0.49
34 31 0.37
34 32 0.2
34 33 0.14
34 51 0.0011
35 1 0.55
35 3 0.05
35 4 0.29
5 35 0.44
35 6 0.36
35 7 0.21
35 9 0.21
35 10 0.38
35 11 0.39
35 12 0.47
35 13 0.55
14 35 0.72
15 35 0.71
17 35 0.14
35 18 0.24
19 35 0.17
35 20 0.33
21 35 0.24
35 22 0.42
35 23 0.26
35 24 0.15
35 25 0.44
26 35 0.69
35 27 0.53
35 28 0.36
35 29 0.49
35 30 0.29
35 31 0.39
35 32 0.3
35 33 0.09
35 34 0.61
35 51 0.0014
1 36 0.55
5 36 0.12
6 36 0.17
36 7 0.58
10 36 0.24
11 36 0.15
12 36 0.26
13 36 0.55
14 36 0.26
15 36 0.35
17 36 0.13
19 36 0.15
36 20 0.73
21 36 0.17
36 23 0.47
36 24 0.41
25 36 0.41
26 36 0.44
27 36 0.23
36 28 0.67
29 36 0.37
31 36 0.31
32 36 0.33
34 36 0.3
35 36 0.36
36 51 5.0E-4
37 1 0.32
5 37 0.27
37 7 0.43
37 10 0.52
37 12 0.1
37 13 0.24
14 37 0.35
15 37 0.3
17 37 0.38
19 37 0.11
37 20 0.54
21 37 0.12
37 23 0.35
37 24 0.3
37 25 0.3
26 37 0.38
37 28 0.37
37 29 0.18
37 32 0.12
37 34 0.22
37 35 0.36
37 36 0.37
37 51 2.0E-4
4 38 0.22
14 38 0.11
15 38 0.14
51 38 6.0E-4
39 1 0.73
4 39 0.17
5 39 0.24
39 6 0.48
39 7 0.28
39 9 0.28
10 39 0.17
39 11 0.52
39 12 0.62
39 13 0.73
14 39 0.54
15 39 0.67
17 39 0.06
39 18 0.16
19 39 0.07
39 20 0.44
21 39 0.08
39 22 0.55
39 23 0.34
39 24 0.2
25 39 0.26
26 39 0.56
27 39 0.54
39 28 0.48
39 29 0.59
39 30 0.39
39 31 0.52
39 32 0.24
39 33 0.11
34 39 0.43
35 39 0.61
39 36 0.48
37 39 0.24
39 51 0.0021
40 1 0.71
40 6 0.93
40 11 1.0
40 12 0.84
40 13 0.71
14 40 0.28
15 40 0.27
40 18 0.31
40 20 0.17
40 22 0.8
40 23 0.22
25 40 0.13
26 40 0.48
27 40 0.73
40 29 0.8
40 30 0.76
40 31 0.71
40 33 0.22
34 40 0.55
35 40 0.39
40 36 0.15
39 40 0.52
40 51 0.0013
41 1 0.27
5 41 0.15
41 7 0.35
41 10 0.58
41 12 0.16
41 13 0.13
14 41 0.21
15 41 0.14
17 41 0.16
19 41 0.19
41 20 0.45
21 41 0.2
41 23 0.29
41 24 0.5
41 25 0.33
26 41 0.18
41 28 0.2
41 29 0.15
41 34 0.24
41 35 0.22
41 36 0.41
41 37 0.6
41 39 0.2
41 51 4.0E-4
42 1 0.76
5 42 0.29
42 6 0.65
42 7 0.22
42 9 0.45
10 42 0.09
42 11 0.72
42 12 0.9
42 13 0.85
14 42 0.34
15 42 0.36
17 42 0.1
42 18 0.26
19 42 0.12
42 20 0.14
21 42 0.13
42 22 0.89
42 23 0.18
42 24 0.32
25 42 0.21
26 42 0.57
27 42 0.79
42 28 0.39
42 29 0.76
42 30 0.63
42 31 0.72
42 32 0.26
42 33 0.18
34 42 0.46
35 42 0.47
42 36 0.26
37 42 0.1
39 42 0.62
42 40 0.72
41 42 0.16
42 51 0.0043
43 1 0.6
43 6 0.73
43 11 0.85
43 12 0.71
43 13 0.6
14 43 0.24
15 43 0.19
43 18 0.18
43 22 0.79
26 43 0.4
27 43 0.62
43 29 0.67
43 30 0.67
43 31 0.68
34 43 0.43
35 43 0.33
39 43 0.44
43 40 0.85
43 42 0.71
43 51 7.0E-4
1 44 0.27
5 44 0.3
44 9 0.71
12 44 0.32
13 44 0.27
14 44 0.11
15 44 0.14
22 44 0.35
25 44 0.33
26 44 0.18
27 44 0.28
44 28 0.41
32 44 0.41
35 44 0.15
39 44 0.2
42 44 0.32
51 44 0.0015
1 45 0.38
5 45 0.43
45 9 1.0
12 45 0.45
13 45 0.38
14 45 0.15
15 45 0.2
22 45 0.5
25 45 0.24
26 45 0.25
27 45 0.39
45 28 0.29
31 45 0.27
32 45 0.29
35 45 0.21
39 45 0.28
42 45 0.45
45 44 0.71
51 45 0.0027
1 46 0.4
4 46 0.11
6 46 0.61
10 46 0.14
11 46 0.57
12 46 0.47
13 46 0.4
14 46 0.21
15 46 0.21
22 46 0.53
26 46 0.36
27 46 0.42
29 46 0.6
30 46 0.25
46 31 0.57
34 46 0.36
35 46 0.29
39 46 0.39
40 46 0.57
42 46 0.47
43 46 0.67
46 51 5.0E-4
1 47 0.46
5 47 0.35
47 7 0.41
47 9 0.82
10 47 0.17
12 47 0.55
13 47 0.46
14 47 0.18
15 47 0.24
17 47 0.18
19 47 0.22
20 47 0.26
21 47 0.24
22 47 0.41
47 23 0.33
47 24 0.58
25 47 0.19
26 47 0.31
27 47 0.32
47 28 0.47
29 47 0.17
31 47 0.22
32 47 0.24
34 47 0.14
35 47 0.26
36 47 0.24
37 47 0.17
39 47 0.34
41 47 0.29
42 47 0.55
47 44 0.58
47 45 0.82
47 51 0.0040
1 48 0.71
5 48 0.23
6 48 0.15
48 7 0.53
48 9 0.53
10 48 0.22
11 48 0.14
12 48 0.48
13 48 0.61
14 48 0.28
15 48 0.37
17 48 0.12
19 48 0.14
48 20 0.51
21 48 0.15
22 48 0.4
48 23 0.22
48 24 0.38
25 48 0.25
26 48 0.48
27 48 0.31
48 28 0.62
29 48 0.23
48 31 0.29
48 32 0.31
34 48 0.28
35 48 0.39
48 36 0.62
37 48 0.34
39 48 0.52
40 48 0.14
41 48 0.38
42 48 0.48
43 48 0.17
48 44 0.38
48 45 0.53
48 46 0.19
48 47 0.65
48 51 0.0025
49 1 0.45
4 49 0.07
5 49 0.2
49 6 0.54
10 49 0.1
49 11 0.63
49 12 0.53
49 13 0.45
14 49 0.32
15 49 0.28
49 18 0.14
19 49 0.25
49 22 0.59
25 49 0.22
26 49 0.42
27 49 0.65
49 29 0.5
49 30 0.5
49 31 0.5
49 33 0.19
34 49 0.4
35 49 0.39
37 49 0.2
39 49 0.33
49 40 0.63
41 49 0.17
49 42 0.53
49 43 0.6
49 46 0.5
49 48 0.13
49 51 8.0E-4
1 50 0.38
5 50 0.21
50 9 0.5
12 50 0.22
13 50 0.38
14 50 0.15
15 50 0.2
22 50 0.25
25 50 0.24
26 50 0.25
27 50 0.2
50 28 0.58
32 50 0.29
35 50 0.21
36 50 0.29
39 50 0.28
42 50 0.22
50 44 0.71
50 45 0.5
50 47 0.41
48 50 0.53
50 51 9.0E-4
