*Vertices  20
1 "LED灯"
2 "蒸发皿"
3 "连接管"
4 "LED"
5 "二极管"
6 "通道"
7 "LED光源"
8 "电子元器件"
9 "铝基板"
10 "基板"
11 "基座"
12 "散热片"
13 "散热器"
14 "半导体"
15 "LED芯片"
16 "芯片"
17 "Li"
18 "电阻"
19 "吸液芯"
20 "工质"
*Arcs
1 20 0.0040
1 2 0.18
20 2 0.0221
1 3 0.18
3 2 1.0
20 3 0.0221
4 1 0.6
4 2 0.11
4 3 0.11
4 20 0.0017
5 1 0.3
5 2 0.14
5 3 0.14
5 4 0.75
5 20 0.0024
1 6 0.22
6 2 0.41
6 3 0.41
4 6 0.26
5 6 0.23
6 20 0.0056
7 1 0.44
7 4 0.38
7 5 0.27
7 6 0.11
7 20 0.0021
1 8 0.18
8 2 1.0
8 3 1.0
4 8 0.11
5 8 0.14
6 8 0.41
20 8 0.0221
9 1 0.29
9 4 0.26
9 5 0.23
9 6 0.33
9 7 0.34
9 20 0.0039
1 10 0.25
10 2 0.71
10 3 0.71
4 10 0.15
5 10 0.1
6 10 0.29
7 10 0.2
10 8 0.71
20 10 0.0131
1 11 0.25
11 2 0.71
11 3 0.71
4 11 0.15
5 11 0.2
6 11 0.58
11 8 0.71
9 11 0.29
10 11 0.5
20 11 0.0135
1 12 0.47
12 2 0.38
12 3 0.38
4 12 0.28
5 12 0.27
12 6 0.46
7 12 0.42
12 8 0.38
9 12 0.46
12 10 0.53
12 11 0.53
12 20 0.015
1 13 0.47
13 2 0.38
13 3 0.38
4 13 0.28
5 13 0.21
13 6 0.31
7 13 0.42
13 8 0.38
9 13 0.31
13 10 0.53
13 11 0.27
13 12 0.86
13 20 0.0141
14 1 0.29
14 4 0.59
14 5 0.64
14 6 0.15
14 7 0.3
14 9 0.22
14 10 0.13
14 12 0.2
14 13 0.27
14 20 0.0010
1 15 0.26
15 2 0.24
15 3 0.24
4 15 0.44
5 15 0.48
15 6 0.4
7 15 0.2
15 8 0.24
9 15 0.4
15 10 0.17
15 11 0.34
15 12 0.37
15 13 0.28
14 15 0.57
15 20 0.0061
1 16 0.36
16 2 0.15
16 3 0.15
4 16 0.72
5 16 0.71
16 6 0.24
7 16 0.16
16 8 0.15
9 16 0.24
16 10 0.1
16 11 0.21
16 12 0.22
16 13 0.17
14 16 0.69
16 15 0.61
16 20 0.0026
1 17 0.29
4 17 0.32
5 17 0.28
17 6 0.14
7 17 0.18
9 17 0.27
17 11 0.24
17 12 0.25
17 13 0.25
14 17 0.3
17 15 0.32
17 16 0.34
17 20 0.0026
1 18 0.35
18 2 0.22
18 3 0.22
4 18 0.49
5 18 0.46
18 6 0.09
7 18 0.06
18 8 0.22
18 10 0.15
18 11 0.15
12 18 0.08
13 18 0.08
14 18 0.16
15 18 0.16
16 18 0.45
17 18 0.07
18 20 0.0014
1 19 0.18
4 19 0.11
5 19 0.14
7 19 0.28
9 19 0.41
12 19 0.38
13 19 0.38
14 19 0.18
15 19 0.24
16 19 0.15
17 19 0.33
19 20 0.011
