*Vertices  23
1 "衬底"
2 "发光荧光材料"
3 "蒸镀方法"
4 "外延片"
5 "外延"
6 "LED"
7 "二极管"
8 "缓冲层"
9 "SiO2"
10 "半导体"
11 "Al2O3"
12 "GaAs"
13 "ITO"
14 "键合"
15 "芯片"
16 "电极"
17 "MOCVD"
18 "湿法刻蚀"
19 "屏幕"
20 "反射层"
21 "发光层"
22 "电流阻挡层"
23 "干法刻蚀"
*Arcs
1 23 0.0053
2 1 0.16
2 23 0.0045
1 3 0.38
2 3 0.43
23 3 0.0189
4 1 0.85
2 4 0.19
4 3 0.45
4 23 0.0064
5 1 0.93
2 5 0.24
5 3 0.38
5 4 0.85
5 23 0.0054
6 1 0.4
6 2 0.35
6 3 0.15
6 4 0.34
6 5 0.4
6 23 0.0011
7 1 0.45
7 2 0.43
7 3 0.2
7 4 0.36
7 5 0.45
7 6 0.75
7 23 0.0017
8 1 0.76
2 8 0.21
8 3 0.5
8 4 0.89
8 5 0.76
6 8 0.3
7 8 0.3
8 23 0.0069
9 1 0.27
2 9 0.7
9 3 0.24
9 4 0.21
9 5 0.27
6 9 0.32
7 9 0.38
9 8 0.12
9 23 0.0019
10 1 0.67
10 2 0.43
10 3 0.25
10 4 0.57
10 5 0.67
10 6 0.59
10 7 0.64
10 8 0.51
10 9 0.42
10 23 0.0027
11 1 0.67
2 11 0.5
11 3 0.39
11 4 0.79
11 5 0.74
6 11 0.38
7 11 0.43
11 8 0.78
9 11 0.55
10 11 0.6
11 23 0.0049
1 12 0.55
2 12 0.25
12 3 0.29
4 12 0.26
5 12 0.65
6 12 0.26
7 12 0.35
8 12 0.14
9 12 0.27
10 12 0.44
11 12 0.23
23 12 0.0033
1 13 0.61
2 13 0.23
13 3 0.27
4 13 0.72
5 13 0.71
6 13 0.28
7 13 0.27
8 13 0.67
9 13 0.25
10 13 0.48
11 13 0.73
13 12 0.15
13 23 0.0023
1 14 0.22
2 14 0.25
14 3 0.29
4 14 0.13
5 14 0.33
6 14 0.26
7 14 0.29
8 14 0.14
9 14 0.27
10 14 0.29
11 14 0.23
14 12 0.5
13 14 0.15
14 23 0.0025
15 1 0.55
2 15 0.44
15 3 0.21
15 4 0.47
15 5 0.55
6 15 0.72
7 15 0.71
15 8 0.42
15 9 0.44
10 15 0.69
15 11 0.53
15 12 0.36
15 13 0.39
15 14 0.3
15 23 0.0019
16 1 0.73
2 16 0.24
16 3 0.28
16 4 0.62
16 5 0.73
6 16 0.54
7 16 0.67
16 8 0.55
9 16 0.26
10 16 0.56
11 16 0.54
16 12 0.48
16 13 0.52
16 14 0.24
15 16 0.61
16 23 0.0031
17 1 0.76
2 17 0.29
17 3 0.45
17 4 0.9
17 5 0.85
6 17 0.34
7 17 0.36
17 8 0.89
9 17 0.21
10 17 0.57
11 17 0.79
17 12 0.39
17 13 0.72
17 14 0.26
15 17 0.47
16 17 0.62
17 23 0.0065
1 18 0.27
2 18 0.3
18 3 0.71
4 18 0.32
5 18 0.27
6 18 0.11
7 18 0.14
8 18 0.35
9 18 0.33
10 18 0.18
11 18 0.28
18 12 0.41
14 18 0.41
15 18 0.15
16 18 0.2
17 18 0.32
23 18 0.0108
1 19 0.51
2 19 0.23
19 3 0.53
4 19 0.6
5 19 0.51
6 19 0.28
7 19 0.27
8 19 0.53
9 19 0.13
10 19 0.34
11 19 0.42
19 12 0.31
13 19 0.29
14 19 0.15
15 19 0.28
16 19 0.37
17 19 0.6
19 18 0.38
19 23 0.0073
1 20 0.46
2 20 0.35
20 3 0.82
4 20 0.55
5 20 0.46
6 20 0.18
7 20 0.24
8 20 0.41
9 20 0.19
10 20 0.31
11 20 0.32
20 12 0.47
13 20 0.22
14 20 0.24
15 20 0.26
16 20 0.34
17 20 0.55
20 18 0.58
20 19 0.65
20 23 0.0147
1 21 0.71
2 21 0.23
21 3 0.53
4 21 0.48
5 21 0.61
6 21 0.28
7 21 0.37
8 21 0.4
9 21 0.25
10 21 0.48
11 21 0.31
21 12 0.62
21 13 0.29
21 14 0.31
15 21 0.39
16 21 0.52
17 21 0.48
21 18 0.38
21 19 0.43
21 20 0.65
21 23 0.0078
1 22 0.38
2 22 0.21
22 3 0.5
4 22 0.22
5 22 0.38
6 22 0.15
7 22 0.2
8 22 0.25
9 22 0.24
10 22 0.25
11 22 0.2
22 12 0.58
14 22 0.29
15 22 0.21
16 22 0.28
17 22 0.22
22 18 0.71
22 19 0.27
22 20 0.41
21 22 0.53
22 23 0.0064
