*Vertices  83
1 "LED显示屏"
2 "显示器"
3 "LED灯"
4 "连接带"
5 "电容"
6 "传感器"
7 "控制器"
8 "处理器"
9 "单片机"
10 "发生器"
11 "荧光粉"
12 "整流器"
13 "发光荧光材料"
14 "塑料光转换荧光粒料"
15 "助剂"
16 "聚合物树脂"
17 "圆圈基体"
18 "变压器"
19 "定时器"
20 "触摸屏"
21 "桡动脉"
22 "EP"
23 "LED"
24 "二极管"
25 "稳压二极管"
26 "三极管"
27 "联轴器"
28 "模糊增强算法"
29 "止血扣碗"
30 "玻璃"
31 "LED光源"
32 "塑料"
33 "转换器"
34 "晶体振荡器"
35 "IP软核"
36 "发电机"
37 "SiO2"
38 "半导体"
39 "电路板"
40 "Al2O3"
41 "MQW"
42 "GPIO"
43 "客户"
44 "焊盘"
45 "滑动变阻器"
46 "太阳能"
47 "风能"
48 "蓄电池"
49 "充电电池"
50 "锂电池"
51 "LED照明设备"
52 "蓄电设备"
53 "LED芯片"
54 "芯片"
55 "继电器"
56 "存储器"
57 "酸盐"
58 "硬脂酰胺"
59 "Li"
60 "液体石蜡"
61 "电感"
62 "灰度"
63 "耳机"
64 "电视机"
65 "电极"
66 "边缘检测"
67 "电阻"
68 "脉冲信号"
69 "激光"
70 "空穴"
71 "屏幕"
72 "透镜"
73 "后视镜"
74 "甲基"
75 "弹簧"
76 "VGA"
77 "蜂鸣器"
78 "扬声器"
79 "激发光"
80 "晶体闸流管"
81 "DMA"
82 "插座"
83 "开关"
*Arcs
83 1 2.0E-4
2 1 0.19
2 83 1.0E-4
3 2 0.13
3 83 0.0017
83 4 5.0E-4
3 5 0.21
83 5 0.0019
2 6 0.38
6 4 0.33
83 6 1.0E-4
7 1 0.57
2 7 0.14
5 7 0.11
83 7 0.0010
8 1 0.32
8 2 0.36
8 3 0.17
8 5 0.1
8 6 0.21
8 7 0.48
8 83 0.0010
9 1 0.15
2 9 0.46
3 9 0.21
9 5 0.18
9 6 0.2
9 7 0.11
8 9 0.29
83 9 6.0E-4
3 10 0.31
9 10 0.17
83 10 1.0E-4
11 1 0.16
11 2 0.24
11 3 0.17
11 7 0.12
11 8 0.1
11 9 0.1
11 83 3.0E-4
3 12 0.14
5 12 0.37
83 12 4.0E-4
13 2 0.23
13 3 0.27
13 8 0.1
13 9 0.09
13 10 0.17
13 11 0.57
13 83 2.0E-4
2 14 0.38
3 14 0.18
11 14 0.32
13 14 0.3
83 14 4.0E-4
2 15 0.27
3 15 0.13
11 15 0.45
13 15 0.43
15 14 0.71
83 15 2.0E-4
2 16 0.38
3 16 0.18
11 16 0.32
13 16 0.3
16 14 1.0
16 15 0.71
83 16 4.0E-4
7 17 0.38
83 17 4.0E-4
18 1 0.14
2 18 0.11
3 18 0.2
5 18 0.44
18 6 0.1
18 7 0.11
9 18 0.09
18 10 0.17
11 18 0.09
18 12 0.59
83 18 9.0E-4
3 19 0.13
7 19 0.27
19 17 0.71
83 19 6.0E-4
83 20 3.0E-4
21 4 1.0
6 21 0.33
83 21 5.0E-4
3 22 0.2
22 5 0.17
22 7 0.11
8 22 0.18
22 9 0.09
11 22 0.46
22 12 0.12
13 22 0.35
22 18 0.08
22 83 5.0E-4
23 1 0.21
23 2 0.28
23 3 0.6
23 4 0.11
23 5 0.35
23 6 0.32
23 7 0.28
23 8 0.34
23 9 0.35
23 10 0.18
23 11 0.34
23 12 0.26
23 13 0.35
23 14 0.11
23 15 0.15
23 16 0.11
23 17 0.11
23 18 0.37
23 19 0.15
23 20 0.11
23 21 0.11
23 22 0.37
23 83 0.0034
24 1 0.14
24 2 0.11
24 3 0.3
24 5 0.34
24 6 0.09
24 7 0.16
24 8 0.04
24 9 0.13
24 10 0.08
24 11 0.36
24 12 0.35
24 13 0.43
24 14 0.14
24 15 0.2
24 16 0.14
24 17 0.14
24 18 0.37
24 19 0.1
24 22 0.24
24 23 0.75
24 83 0.0015
3 25 0.18
5 25 0.3
12 25 0.41
18 25 0.29
22 25 0.29
23 25 0.11
24 25 0.14
83 25 4.0E-4
3 26 0.2
26 5 0.61
26 7 0.11
9 26 0.17
26 10 0.17
26 12 0.47
13 26 0.09
26 18 0.58
22 26 0.08
23 26 0.37
24 26 0.45
26 25 0.29
83 26 0.0011
3 27 0.18
23 27 0.11
83 27 4.0E-4
28 7 0.38
8 28 0.32
22 28 0.29
23 28 0.11
83 28 6.0E-4
29 4 1.0
6 29 0.33
29 21 1.0
23 29 0.11
83 29 5.0E-4
30 2 0.12
30 3 0.28
30 5 0.1
30 6 0.21
30 8 0.3
30 9 0.29
30 10 0.37
30 11 0.2
30 13 0.19
30 18 0.09
30 22 0.18
30 23 0.34
30 24 0.22
30 26 0.09
30 83 4.0E-4
31 2 0.1
31 3 0.44
31 5 0.08
31 6 0.09
31 8 0.18
31 9 0.08
31 11 0.26
31 12 0.11
31 13 0.17
31 18 0.08
31 22 0.24
31 23 0.38
31 24 0.27
31 25 0.28
31 26 0.08
31 30 0.18
31 83 1.0E-4
32 2 0.29
32 3 0.13
32 6 0.25
32 7 0.14
32 8 0.12
32 11 0.36
32 13 0.34
32 14 0.38
32 15 0.53
32 16 0.38
32 17 0.38
32 19 0.27
32 22 0.11
32 23 0.28
32 24 0.37
32 30 0.48
32 31 0.1
32 83 4.0E-4
2 33 0.29
3 33 0.13
5 33 0.23
33 6 0.38
33 7 0.29
8 33 0.12
9 33 0.11
11 33 0.12
13 33 0.11
33 14 0.38
33 15 0.27
33 16 0.38
18 33 0.11
22 33 0.11
23 33 0.28
24 33 0.21
26 33 0.11
33 28 0.38
30 33 0.24
32 33 0.43
83 33 7.0E-4
3 34 0.13
34 5 0.21
34 7 0.27
8 34 0.22
9 34 0.21
22 34 0.2
23 34 0.15
34 26 0.2
34 28 0.71
30 34 0.22
34 33 0.27
83 34 9.0E-4
35 7 0.38
8 35 0.32
22 35 0.29
23 35 0.11
35 28 1.0
33 35 0.38
34 35 0.71
83 35 6.0E-4
1 36 0.25
2 36 0.19
3 36 0.18
6 36 0.17
7 36 0.19
9 36 0.15
11 36 0.16
18 36 0.29
23 36 0.21
24 36 0.14
36 27 0.5
31 36 0.14
33 36 0.19
83 36 6.0E-4
2 37 0.13
3 37 0.24
11 37 0.42
37 12 0.14
13 37 0.7
37 14 0.33
37 15 0.47
37 16 0.33
37 18 0.1
37 22 0.38
23 37 0.32
24 37 0.38
32 37 0.25
37 33 0.13
37 83 1.0E-4
38 2 0.14
38 3 0.29
38 5 0.11
38 6 0.12
38 8 0.11
38 9 0.05
38 11 0.34
38 12 0.15
38 13 0.43
38 14 0.18
38 15 0.13
38 16 0.18
38 18 0.1
38 20 0.18
38 22 0.31
38 23 0.59
38 24 0.64
38 25 0.18
38 26 0.05
38 30 0.23
38 31 0.3
38 32 0.27
38 33 0.14
38 37 0.42
38 83 3.0E-4
39 2 0.15
39 3 0.43
39 5 0.12
39 8 0.13
39 9 0.12
39 10 0.24
39 11 0.13
39 13 0.12
39 18 0.12
39 23 0.26
39 24 0.06
39 26 0.12
39 30 0.39
39 31 0.11
39 32 0.15
39 34 0.29
39 38 0.15
39 83 4.0E-4
2 40 0.1
3 40 0.15
11 40 0.35
40 12 0.11
13 40 0.5
40 14 0.28
40 15 0.39
40 16 0.28
40 18 0.08
22 40 0.08
23 40 0.38
24 40 0.43
32 40 0.21
40 33 0.1
37 40 0.55
38 40 0.6
40 83 1.0E-4
3 41 0.16
5 41 0.09
11 41 0.19
12 41 0.25
13 41 0.18
18 41 0.17
22 41 0.26
23 41 0.35
24 41 0.38
41 25 0.3
26 41 0.09
30 41 0.19
31 41 0.17
32 41 0.11
37 41 0.2
38 41 0.6
40 41 0.67
83 41 1.0E-4
3 42 0.13
5 42 0.21
8 42 0.22
42 20 0.71
22 42 0.2
23 42 0.15
38 42 0.13
83 42 0.0010
2 43 0.22
3 43 0.2
5 43 0.17
43 6 0.19
8 43 0.37
11 43 0.18
13 43 0.17
43 14 0.58
43 15 0.41
43 16 0.58
22 43 0.17
23 43 0.18
24 43 0.08
31 43 0.16
32 43 0.22
33 43 0.22
37 43 0.19
38 43 0.21
40 43 0.16
42 43 0.41
83 43 8.0E-4
3 44 0.1
5 44 0.17
11 44 0.18
12 44 0.24
18 44 0.17
22 44 0.33
23 44 0.18
24 44 0.16
44 25 0.58
26 44 0.17
31 44 0.16
38 44 0.21
44 41 0.17
83 44 2.0E-4
5 45 0.3
18 45 0.29
23 45 0.11
24 45 0.14
26 45 0.29
83 45 3.0E-4
46 1 0.29
7 46 0.44
8 46 0.18
11 46 0.18
18 46 0.17
23 46 0.18
24 46 0.16
46 36 0.29
38 46 0.1
40 46 0.16
41 46 0.17
83 46 2.0E-4
1 47 0.5
7 47 0.38
11 47 0.32
18 47 0.29
23 47 0.11
24 47 0.14
36 47 0.5
46 47 0.58
83 47 4.0E-4
48 1 0.22
3 48 0.08
48 6 0.15
48 7 0.17
8 48 0.14
11 48 0.14
48 12 0.37
48 18 0.39
23 48 0.24
24 48 0.19
26 48 0.26
48 27 0.45
31 48 0.12
48 36 0.45
38 48 0.08
48 43 0.26
48 46 0.26
48 47 0.45
83 48 6.0E-4
3 49 0.13
7 49 0.27
8 49 0.22
49 19 0.5
23 49 0.15
49 46 0.41
83 49 2.0E-4
3 50 0.1
50 5 0.35
9 50 0.17
50 18 0.17
23 50 0.18
24 50 0.16
50 26 0.5
30 50 0.18
50 34 0.41
39 50 0.24
83 50 2.0E-4
1 51 0.35
3 51 0.13
7 51 0.27
11 51 0.22
18 51 0.2
23 51 0.15
24 51 0.2
36 51 0.35
46 51 0.41
51 47 0.71
48 51 0.32
83 51 2.0E-4
1 52 0.5
7 52 0.38
11 52 0.32
18 52 0.29
23 52 0.11
24 52 0.14
36 52 0.5
46 52 0.58
52 47 1.0
48 52 0.45
52 51 0.71
83 52 4.0E-4
3 53 0.26
53 5 0.15
53 9 0.07
11 53 0.23
53 12 0.2
13 53 0.15
53 15 0.17
53 18 0.14
22 53 0.35
23 53 0.44
24 53 0.48
53 25 0.24
53 26 0.07
30 53 0.15
31 53 0.2
32 53 0.18
37 53 0.24
38 53 0.57
40 53 0.47
53 41 0.66
53 44 0.28
53 46 0.14
53 51 0.17
53 83 1.0E-4
54 1 0.07
2 54 0.22
3 54 0.36
54 5 0.36
54 6 0.05
54 7 0.11
8 54 0.05
54 9 0.36
54 10 0.09
11 54 0.37
54 12 0.24
13 54 0.44
54 14 0.15
54 15 0.21
54 16 0.15
54 18 0.21
54 20 0.15
54 22 0.38
23 54 0.72
24 54 0.71
54 25 0.15
54 26 0.3
30 54 0.14
31 54 0.16
32 54 0.17
54 33 0.22
54 34 0.1
54 36 0.07
54 37 0.44
38 54 0.69
39 54 0.06
54 40 0.53
54 41 0.49
54 42 0.1
54 43 0.09
54 44 0.26
54 45 0.15
54 46 0.09
54 50 0.17
54 51 0.1
54 53 0.61
54 83 0.0011
3 55 0.09
5 55 0.6
55 7 0.19
8 55 0.16
18 55 0.29
22 55 0.14
23 55 0.21
24 55 0.21
26 55 0.43
55 33 0.19
42 55 0.35
55 43 0.29
55 45 0.5
54 55 0.15
83 55 0.0011
2 56 0.38
56 6 0.5
56 7 0.19
8 56 0.47
9 56 0.15
18 56 0.14
22 56 0.14
23 56 0.21
56 28 0.5
31 56 0.14
33 56 0.38
34 56 0.35
56 35 0.5
56 36 0.25
38 56 0.09
43 56 0.29
48 56 0.22
54 56 0.07
83 56 2.0E-4
2 57 0.15
3 57 0.14
11 57 0.52
13 57 0.62
57 14 0.41
57 15 0.58
57 16 0.41
57 22 0.35
23 57 0.26
24 57 0.29
30 57 0.13
31 57 0.11
32 57 0.31
57 33 0.15
57 37 0.54
38 57 0.29
57 40 0.34
57 41 0.12
57 43 0.24
57 44 0.24
57 53 0.2
57 54 0.36
57 83 1.0E-4
2 58 0.38
3 58 0.18
11 58 0.32
13 58 0.3
58 14 1.0
58 15 0.71
58 16 1.0
23 58 0.11
24 58 0.14
32 58 0.38
33 58 0.38
37 58 0.33
38 58 0.18
40 58 0.28
58 43 0.58
54 58 0.15
57 58 0.41
83 58 4.0E-4
2 59 0.13
3 59 0.29
59 7 0.13
8 59 0.11
11 59 0.42
13 59 0.4
59 14 0.33
59 15 0.47
59 16 0.33
59 22 0.29
23 59 0.32
24 59 0.28
59 28 0.33
30 59 0.11
31 59 0.18
32 59 0.25
59 33 0.25
59 34 0.24
59 35 0.33
59 37 0.33
38 59 0.3
39 59 0.14
59 40 0.28
59 41 0.2
59 43 0.19
59 51 0.24
59 53 0.32
59 54 0.34
59 56 0.17
59 57 0.54
59 58 0.33
59 83 3.0E-4
2 60 0.38
3 60 0.18
11 60 0.32
13 60 0.3
60 14 1.0
60 15 0.71
60 16 1.0
23 60 0.11
24 60 0.14
32 60 0.38
33 60 0.38
37 60 0.33
38 60 0.18
40 60 0.28
60 43 0.58
54 60 0.15
57 60 0.41
60 58 1.0
59 60 0.33
83 60 4.0E-4
3 61 0.25
5 61 0.43
12 61 0.29
18 61 0.2
22 61 0.2
23 61 0.15
24 61 0.1
61 25 0.71
26 61 0.2
31 61 0.2
61 33 0.27
38 61 0.13
61 41 0.21
61 44 0.41
53 61 0.17
54 61 0.21
83 61 6.0E-4
62 7 0.38
8 62 0.32
22 62 0.29
23 62 0.11
62 28 1.0
33 62 0.38
34 62 0.71
62 35 1.0
62 56 0.5
59 62 0.33
83 62 6.0E-4
23 63 0.11
24 63 0.14
54 63 0.15
83 63 4.0E-4
23 64 0.11
24 64 0.14
83 64 2.0E-4
3 65 0.17
5 65 0.35
65 7 0.07
9 65 0.06
65 10 0.11
11 65 0.06
65 12 0.4
13 65 0.24
65 18 0.45
22 65 0.17
23 65 0.54
24 65 0.67
65 25 0.2
26 65 0.62
30 65 0.06
31 65 0.05
32 65 0.07
65 33 0.07
37 65 0.26
38 65 0.56
40 65 0.54
65 41 0.59
65 44 0.11
65 45 0.2
65 46 0.11
65 48 0.18
50 65 0.23
53 65 0.43
54 65 0.61
65 55 0.29
59 65 0.07
65 61 0.14
83 65 5.0E-4
66 7 0.38
8 66 0.32
22 66 0.29
23 66 0.11
66 28 1.0
33 66 0.38
34 66 0.71
66 35 1.0
66 56 0.5
59 66 0.33
66 62 1.0
83 66 6.0E-4
2 67 0.08
3 67 0.35
67 5 0.66
67 6 0.07
67 7 0.08
8 67 0.07
9 67 0.2
67 10 0.13
11 67 0.07
67 12 0.53
13 67 0.07
67 18 0.57
67 20 0.22
22 67 0.13
23 67 0.49
24 67 0.46
67 25 0.22
67 26 0.76
30 67 0.07
31 67 0.06
67 33 0.25
67 34 0.15
67 36 0.11
37 67 0.07
38 67 0.16
39 67 0.18
40 67 0.12
67 41 0.2
67 42 0.31
67 43 0.13
67 44 0.13
67 45 0.22
67 48 0.2
67 50 0.38
53 67 0.16
54 67 0.45
67 55 0.44
67 56 0.11
59 67 0.07
67 61 0.31
67 65 0.56
83 67 0.0025
2 68 0.27
3 68 0.13
9 68 0.43
68 10 0.41
13 68 0.21
23 68 0.15
24 68 0.1
26 68 0.2
54 68 0.21
65 68 0.14
67 68 0.15
83 68 1.0E-4
69 2 0.13
69 3 0.19
69 6 0.24
69 8 0.11
69 11 0.22
69 12 0.14
69 13 0.21
69 18 0.1
69 20 0.35
69 23 0.3
69 24 0.3
69 30 0.22
69 31 0.1
69 32 0.27
69 33 0.13
69 37 0.24
69 38 0.38
69 39 0.14
69 40 0.29
69 41 0.32
69 42 0.25
69 53 0.09
69 54 0.21
69 59 0.12
69 65 0.21
69 67 0.23
69 83 1.0E-4
3 70 0.09
5 70 0.15
11 70 0.16
12 70 0.2
18 70 0.14
22 70 0.14
23 70 0.21
24 70 0.21
70 25 0.5
26 70 0.14
31 70 0.14
38 70 0.36
40 70 0.42
41 70 0.6
44 70 0.29
53 70 0.36
54 70 0.29
59 70 0.17
61 70 0.35
65 70 0.39
67 70 0.22
69 70 0.18
83 70 1.0E-4
71 4 0.38
71 6 0.13
13 71 0.23
71 21 0.38
22 71 0.11
23 71 0.28
24 71 0.27
71 29 0.38
30 71 0.12
32 71 0.14
37 71 0.13
38 71 0.34
40 71 0.42
41 71 0.34
71 46 0.22
53 71 0.28
54 71 0.28
71 64 0.38
65 71 0.37
70 71 0.19
83 71 5.0E-4
72 2 0.24
72 3 0.28
72 6 0.11
72 8 0.1
72 11 0.3
72 13 0.29
72 14 0.32
72 15 0.45
72 16 0.32
72 22 0.09
72 23 0.34
72 24 0.36
72 30 0.2
72 31 0.26
72 32 0.48
72 33 0.24
72 37 0.21
72 38 0.23
72 39 0.13
72 40 0.18
72 43 0.18
72 51 0.22
72 53 0.23
72 54 0.19
72 57 0.26
72 58 0.32
72 59 0.32
72 60 0.32
72 69 0.34
72 83 1.0E-4
3 73 0.18
23 73 0.11
39 73 0.41
67 73 0.22
83 73 2.0E-4
2 74 0.13
3 74 0.06
11 74 0.32
13 74 0.2
74 14 0.33
74 15 0.47
74 16 0.33
22 74 0.1
23 74 0.32
24 74 0.28
32 74 0.25
33 74 0.13
37 74 0.22
38 74 0.42
40 74 0.65
74 41 0.5
74 43 0.19
74 44 0.19
74 46 0.19
53 74 0.4
54 74 0.39
57 74 0.41
74 58 0.33
59 74 0.33
74 60 0.33
65 74 0.33
67 74 0.07
69 74 0.12
74 70 0.5
74 71 0.25
72 74 0.32
83 74 1.0E-4
3 75 0.18
23 75 0.11
75 27 1.0
75 36 0.5
48 75 0.45
83 75 4.0E-4
76 7 0.38
8 76 0.32
22 76 0.29
23 76 0.11
76 28 1.0
33 76 0.38
34 76 0.71
76 35 1.0
76 56 0.5
59 76 0.33
76 62 1.0
76 66 1.0
83 76 6.0E-4
3 77 0.18
5 77 0.3
8 77 0.32
22 77 0.29
23 77 0.11
42 77 0.71
43 77 0.58
55 77 0.5
67 77 0.22
83 77 5.0E-4
3 78 0.1
8 78 0.37
78 9 0.35
23 78 0.18
24 78 0.08
30 78 0.37
54 78 0.09
78 63 0.58
78 83 9.0E-4
2 79 0.14
3 79 0.13
79 6 0.13
11 79 0.48
13 79 0.57
79 14 0.38
79 15 0.53
79 16 0.38
79 22 0.33
23 79 0.28
24 79 0.32
30 79 0.24
31 79 0.1
32 79 0.43
79 33 0.29
79 37 0.5
38 79 0.2
79 40 0.21
79 41 0.11
79 43 0.22
79 53 0.18
79 54 0.28
79 57 0.62
79 58 0.38
79 59 0.5
79 60 0.38
69 79 0.13
72 79 0.36
79 74 0.25
79 83 1.0E-4
5 80 0.35
12 80 0.47
18 80 0.33
23 80 0.18
24 80 0.24
26 80 0.33
48 80 0.26
54 80 0.09
80 55 0.29
65 80 0.23
67 80 0.38
83 80 4.0E-4
81 1 0.35
81 7 0.53
8 81 0.45
22 81 0.2
23 81 0.15
81 28 0.71
33 81 0.27
34 81 0.5
81 35 0.71
81 56 0.35
59 81 0.24
81 62 0.71
81 66 0.71
81 76 0.71
83 81 3.0E-4
3 82 0.13
5 82 0.21
8 82 0.22
22 82 0.2
23 82 0.15
24 82 0.1
42 82 0.5
82 43 0.41
54 82 0.1
55 82 0.35
82 63 0.71
67 82 0.15
82 77 0.71
78 82 0.41
83 82 0.0012
