*Vertices  11
1 "LED灯"
2 "处理器"
3 "单片机"
4 "开关"
5 "LED"
6 "二极管"
7 "玻璃"
8 "芯片"
9 "耳机"
10 "插座"
11 "扬声器"
*Arcs
1 11 0.0024
2 1 0.17
2 11 0.0205
1 3 0.21
2 3 0.29
11 3 0.0165
1 4 0.39
2 4 0.28
4 3 0.26
11 4 0.0297
5 1 0.6
5 2 0.34
5 3 0.35
5 4 0.49
5 11 0.0089
6 1 0.3
6 2 0.04
6 3 0.13
6 4 0.31
6 5 0.75
6 11 0.0029
7 1 0.28
7 2 0.3
7 3 0.29
7 4 0.21
7 5 0.34
7 6 0.22
7 11 0.0187
1 8 0.36
2 8 0.05
8 3 0.36
8 4 0.29
5 8 0.72
6 8 0.71
7 8 0.14
8 11 0.0037
4 9 0.22
5 9 0.11
6 9 0.14
8 9 0.15
11 9 0.0497
1 10 0.13
2 10 0.22
4 10 0.31
5 10 0.15
6 10 0.1
8 10 0.1
10 9 0.71
11 10 0.0484
