*Vertices  30
1 "光纤"
2 "传感器"
3 "控制器"
4 "处理器"
5 "PD"
6 "LED"
7 "二极管"
8 "玻璃"
9 "LED光源"
10 "塑料"
11 "光电转换器件"
12 "转换器"
13 "探针"
14 "滤光片"
15 "半导体"
16 "键合"
17 "客户"
18 "码道"
19 "太阳能"
20 "太阳能电池板"
21 "蓄电池"
22 "充电电池"
23 "光电池"
24 "充电器"
25 "存储器"
26 "检测仪"
27 "激发光"
28 "发光管"
29 "光电管"
30 "探头"
*Arcs
30 1 0.0099
2 1 0.33
2 30 0.0035
3 1 0.19
3 30 0.0018
4 1 0.16
4 2 0.21
4 3 0.48
4 30 0.0037
5 1 0.58
5 2 0.58
4 5 0.18
5 30 0.0031
6 1 0.21
6 2 0.32
6 3 0.28
6 4 0.34
6 5 0.18
6 30 0.0015
7 1 0.21
7 2 0.09
7 3 0.16
7 4 0.04
7 5 0.16
7 6 0.75
7 30 4.0E-4
8 1 0.32
8 2 0.21
8 4 0.3
8 5 0.37
8 6 0.34
8 7 0.22
8 30 0.0011
9 2 0.09
9 4 0.18
9 6 0.38
9 7 0.27
9 8 0.18
9 30 5.0E-4
10 1 0.38
10 2 0.25
10 3 0.14
10 4 0.12
10 5 0.44
10 6 0.28
10 7 0.37
10 8 0.48
10 9 0.1
10 30 0.0015
11 1 0.71
11 2 0.47
11 5 0.82
6 11 0.15
7 11 0.2
8 11 0.45
10 11 0.53
11 30 0.0041
12 1 0.38
12 2 0.38
12 3 0.29
4 12 0.12
12 5 0.44
6 12 0.28
7 12 0.21
8 12 0.24
10 12 0.43
12 11 0.53
12 30 0.0018
13 1 0.35
13 2 0.24
13 5 0.41
6 13 0.15
7 13 0.2
8 13 0.22
10 13 0.27
13 11 0.5
12 13 0.27
13 30 0.0031
14 1 0.71
14 2 0.24
14 5 0.41
6 14 0.15
7 14 0.2
8 14 0.22
10 14 0.27
14 11 0.5
12 14 0.27
14 13 0.5
14 30 0.0035
15 1 0.09
15 2 0.12
15 4 0.11
15 5 0.1
15 6 0.59
15 7 0.64
15 8 0.23
15 9 0.3
15 10 0.27
15 11 0.13
15 12 0.14
15 13 0.13
15 30 4.0E-4
16 1 0.2
16 2 0.14
16 5 0.24
6 16 0.26
7 16 0.29
8 16 0.13
10 16 0.15
16 11 0.29
12 16 0.15
16 13 0.29
16 14 0.29
15 16 0.29
16 30 0.0012
17 2 0.19
4 17 0.37
6 17 0.18
7 17 0.08
9 17 0.16
10 17 0.22
12 17 0.22
15 17 0.21
17 30 0.0018
1 18 0.5
3 18 0.38
4 18 0.32
6 18 0.11
30 18 0.0091
1 19 0.29
3 19 0.44
4 19 0.18
6 19 0.18
7 19 0.16
15 19 0.1
19 18 0.58
30 19 0.0036
1 20 0.5
3 20 0.38
4 20 0.32
6 20 0.11
20 18 1.0
20 19 0.58
30 20 0.0091
21 2 0.15
21 3 0.17
4 21 0.14
6 21 0.24
7 21 0.19
9 21 0.12
15 21 0.08
21 17 0.26
21 19 0.26
21 30 0.0012
1 22 0.35
3 22 0.27
4 22 0.22
6 22 0.15
22 18 0.71
22 19 0.41
22 20 0.71
30 22 0.0049
23 1 0.5
23 2 0.5
4 23 0.16
23 5 0.58
6 23 0.21
7 23 0.21
8 23 0.32
9 23 0.28
10 23 0.38
23 11 0.71
12 23 0.38
23 13 0.35
23 14 0.35
15 23 0.18
16 23 0.2
17 23 0.29
21 23 0.22
23 30 0.0067
24 1 0.22
24 3 0.17
4 24 0.14
6 24 0.24
7 24 0.25
24 18 0.45
24 19 0.26
24 20 0.45
24 21 0.4
24 22 0.32
24 30 0.0023
25 2 0.5
25 3 0.19
4 25 0.47
25 5 0.29
6 25 0.21
9 25 0.14
12 25 0.38
15 25 0.09
17 25 0.29
21 25 0.22
25 23 0.25
25 30 0.0018
2 26 0.47
4 26 0.22
6 26 0.15
9 26 0.2
12 26 0.27
15 26 0.13
17 26 0.41
21 26 0.32
23 26 0.35
25 26 0.71
30 26 0.0026
27 1 0.38
27 2 0.13
27 5 0.22
6 27 0.28
7 27 0.32
8 27 0.24
9 27 0.1
10 27 0.43
27 11 0.27
27 12 0.29
27 13 0.27
27 14 0.53
15 27 0.2
27 16 0.15
27 17 0.22
27 23 0.19
27 30 0.0013
1 28 0.35
3 28 0.27
4 28 0.22
6 28 0.15
8 28 0.22
28 18 0.71
28 19 0.41
28 20 0.71
28 22 0.5
24 28 0.32
30 28 0.0051
1 29 0.5
3 29 0.38
4 29 0.32
6 29 0.11
29 18 1.0
29 19 0.58
29 20 1.0
29 22 0.71
24 29 0.45
29 28 0.71
30 29 0.0091
