*Vertices  18
1 "光纤"
2 "探头"
3 "传感器"
4 "PD"
5 "校准方法"
6 "LED"
7 "二极管"
8 "玻璃"
9 "塑料"
10 "光电转换器件"
11 "转换器"
12 "滤光片"
13 "半导体"
14 "键合"
15 "光电池"
16 "芯片"
17 "激发光"
18 "探针"
*Arcs
18 1 0.0103
2 1 0.58
18 2 0.0101
3 1 0.33
3 2 0.38
18 3 0.0049
4 1 0.58
4 2 0.33
4 3 0.58
18 4 0.0115
18 5 0.0176
6 1 0.21
6 2 0.18
6 3 0.32
6 4 0.18
6 5 0.11
6 18 0.0031
7 1 0.21
7 2 0.08
7 3 0.09
7 4 0.16
7 5 0.14
7 6 0.75
7 18 0.0044
8 1 0.32
8 2 0.18
8 3 0.21
8 4 0.37
8 6 0.34
8 7 0.22
8 18 0.0038
9 1 0.38
9 2 0.22
9 3 0.25
9 4 0.44
9 6 0.28
9 7 0.37
9 8 0.48
9 18 0.0057
10 1 0.71
10 2 0.41
10 3 0.47
10 4 0.82
6 10 0.15
7 10 0.2
8 10 0.45
9 10 0.53
18 10 0.016
11 1 0.38
11 2 0.22
11 3 0.38
11 4 0.44
6 11 0.28
7 11 0.21
8 11 0.24
9 11 0.43
11 10 0.53
11 18 0.0056
12 1 0.71
12 2 0.41
12 3 0.24
12 4 0.41
6 12 0.15
7 12 0.2
8 12 0.22
9 12 0.27
12 10 0.5
11 12 0.27
12 18 0.0138
13 1 0.09
13 2 0.1
13 3 0.12
13 4 0.1
13 5 0.18
13 6 0.59
13 7 0.64
13 8 0.23
13 9 0.27
13 10 0.13
13 11 0.14
13 18 0.0028
14 1 0.2
14 2 0.24
14 3 0.14
14 4 0.24
6 14 0.26
7 14 0.29
8 14 0.13
9 14 0.15
14 10 0.29
11 14 0.15
14 12 0.29
13 14 0.29
14 18 0.0049
15 1 0.5
15 2 0.58
15 3 0.5
15 4 0.58
6 15 0.21
7 15 0.21
8 15 0.32
9 15 0.38
15 10 0.71
11 15 0.38
15 12 0.35
13 15 0.18
14 15 0.2
15 18 0.0094
16 3 0.05
16 5 0.15
6 16 0.72
7 16 0.71
8 16 0.14
9 16 0.17
16 11 0.22
13 16 0.69
16 14 0.3
16 18 0.0015
17 1 0.38
17 2 0.22
17 3 0.13
17 4 0.22
6 17 0.28
7 17 0.32
8 17 0.24
9 17 0.43
17 10 0.27
17 11 0.29
17 12 0.53
13 17 0.2
17 14 0.15
17 15 0.19
17 16 0.28
17 18 0.0051
