*Vertices  41
1 "LCD显示屏"
2 "衬底"
3 "LED灯"
4 "荧光粉"
5 "整流器"
6 "GAN"
7 "保护层"
8 "变压器"
9 "LED外延片"
10 "外延片"
11 "外延"
12 "LED"
13 "二极管"
14 "掩膜"
15 "通道"
16 "腐蚀液"
17 "缓冲层"
18 "内量子效率"
19 "光刻胶"
20 "SiO2"
21 "半导体"
22 "Al2O3"
23 "MQW"
24 "ESD"
25 "ITO"
26 "太阳能"
27 "LED芯片"
28 "芯片"
29 "电流扩展层"
30 "Li"
31 "电极"
32 "电阻"
33 "激光"
34 "MOCVD"
35 "标准芯片工艺制作"
36 "湿法腐蚀"
37 "空穴"
38 "屏幕"
39 "发光层"
40 "甲基"
41 "接触层"
*Arcs
41 1 0.0011
2 1 0.27
41 2 0.0049
3 2 0.05
3 41 1.0E-4
4 2 0.08
4 3 0.17
4 41 2.0E-4
5 2 0.11
3 5 0.14
5 41 3.0E-4
6 1 0.41
6 2 0.65
3 6 0.07
4 6 0.13
5 6 0.17
41 6 0.0068
2 7 0.15
3 7 0.2
4 7 0.18
5 7 0.24
6 7 0.24
41 7 4.0E-4
8 2 0.08
3 8 0.2
4 8 0.09
8 5 0.59
8 6 0.12
8 7 0.17
8 41 2.0E-4
9 1 0.38
9 2 0.71
3 9 0.07
4 9 0.12
5 9 0.15
9 6 0.93
9 7 0.22
8 9 0.11
41 9 0.0079
10 1 0.32
10 2 0.85
3 10 0.06
4 10 0.1
5 10 0.13
10 6 0.77
10 7 0.18
8 10 0.09
10 9 0.84
41 10 0.0064
11 1 0.27
11 2 0.93
3 11 0.09
4 11 0.08
5 11 0.11
11 6 0.65
11 7 0.15
8 11 0.08
11 9 0.71
11 10 0.85
41 11 0.0050
12 1 0.11
12 2 0.4
12 3 0.6
12 4 0.34
12 5 0.26
12 6 0.26
12 7 0.18
12 8 0.37
12 9 0.28
12 10 0.34
12 11 0.4
12 41 0.0011
13 1 0.14
13 2 0.45
13 3 0.3
13 4 0.36
13 5 0.35
13 6 0.29
13 7 0.08
13 8 0.37
13 9 0.27
13 10 0.36
13 11 0.45
13 12 0.75
13 41 0.0010
2 14 0.27
3 14 0.18
5 14 0.41
6 14 0.41
7 14 0.58
8 14 0.29
9 14 0.38
10 14 0.32
11 14 0.27
12 14 0.11
13 14 0.14
41 14 0.0011
15 2 0.22
3 15 0.22
15 6 0.33
15 9 0.31
15 10 0.26
15 11 0.22
12 15 0.26
13 15 0.23
41 15 7.0E-4
2 16 0.6
3 16 0.08
5 16 0.18
6 16 0.18
7 16 0.26
8 16 0.13
9 16 0.17
10 16 0.28
11 16 0.48
12 16 0.24
13 16 0.32
16 14 0.45
41 16 4.0E-4
17 1 0.35
17 2 0.76
4 17 0.11
17 6 0.72
17 9 0.8
17 10 0.89
17 11 0.76
12 17 0.3
13 17 0.3
17 15 0.29
41 17 0.0056
2 18 0.38
4 18 0.22
6 18 0.29
9 18 0.53
10 18 0.45
11 18 0.38
12 18 0.15
13 18 0.1
17 18 0.5
41 18 0.0021
2 19 0.46
3 19 0.1
5 19 0.24
6 19 0.24
7 19 0.33
8 19 0.17
9 19 0.22
10 19 0.37
11 19 0.46
12 19 0.18
13 19 0.24
19 14 0.58
16 19 0.77
41 19 6.0E-4
20 2 0.27
3 20 0.24
4 20 0.42
20 5 0.14
20 6 0.14
20 7 0.19
20 8 0.1
20 9 0.13
20 10 0.21
20 11 0.27
12 20 0.32
13 20 0.38
20 14 0.33
20 16 0.3
20 17 0.12
20 19 0.19
20 41 3.0E-4
21 1 0.18
21 2 0.67
21 3 0.29
21 4 0.34
21 5 0.15
21 6 0.44
21 7 0.1
21 8 0.1
21 9 0.48
21 10 0.57
21 11 0.67
21 12 0.59
21 13 0.64
21 14 0.18
21 15 0.15
21 16 0.4
21 17 0.51
21 18 0.25
21 19 0.31
21 20 0.42
21 41 0.0026
22 1 0.28
22 2 0.67
3 22 0.15
4 22 0.35
22 5 0.11
22 6 0.68
22 7 0.16
22 8 0.08
22 9 0.73
22 10 0.79
22 11 0.74
12 22 0.38
13 22 0.43
22 14 0.28
22 15 0.23
22 16 0.12
22 17 0.78
22 18 0.39
22 19 0.16
20 22 0.55
21 22 0.6
22 41 0.0050
23 1 0.3
23 2 0.64
3 23 0.16
4 23 0.19
5 23 0.25
23 6 0.74
23 7 0.17
8 23 0.17
23 9 0.8
23 10 0.76
23 11 0.73
12 23 0.35
13 23 0.38
23 14 0.3
23 15 0.25
23 16 0.27
23 17 0.64
23 18 0.43
23 19 0.35
20 23 0.2
21 23 0.6
22 23 0.67
41 23 0.0057
24 2 0.53
24 6 0.61
24 9 0.76
24 10 0.63
24 11 0.53
12 24 0.21
13 24 0.14
24 15 0.41
24 17 0.71
24 18 0.35
21 24 0.36
22 24 0.55
24 23 0.6
41 24 0.0041
25 1 0.38
2 25 0.61
3 25 0.13
4 25 0.12
5 25 0.15
6 25 0.62
25 7 0.22
8 25 0.11
9 25 0.71
10 25 0.72
11 25 0.71
12 25 0.28
13 25 0.27
25 14 0.38
25 16 0.17
17 25 0.67
25 18 0.53
25 19 0.22
20 25 0.25
21 25 0.48
22 25 0.73
23 25 0.68
24 25 0.38
41 25 0.0047
2 26 0.15
4 26 0.18
6 26 0.24
8 26 0.17
9 26 0.22
10 26 0.18
11 26 0.15
12 26 0.18
13 26 0.16
15 26 0.24
17 26 0.2
21 26 0.1
22 26 0.16
23 26 0.17
24 26 0.29
41 26 4.0E-4
27 1 0.24
27 2 0.52
3 27 0.26
4 27 0.23
27 5 0.2
27 6 0.5
27 7 0.28
27 8 0.14
27 9 0.55
27 10 0.54
27 11 0.45
12 27 0.44
13 27 0.48
27 14 0.24
27 15 0.4
27 16 0.33
27 17 0.43
27 18 0.17
27 19 0.28
20 27 0.24
21 27 0.57
22 27 0.47
27 23 0.66
27 24 0.49
27 25 0.37
27 26 0.14
27 41 0.0029
28 1 0.15
28 2 0.55
3 28 0.36
4 28 0.37
28 5 0.24
28 6 0.36
28 7 0.17
28 8 0.21
28 9 0.39
28 10 0.47
28 11 0.55
12 28 0.72
13 28 0.71
28 14 0.15
28 15 0.24
28 16 0.33
28 17 0.42
28 18 0.21
28 19 0.26
28 20 0.44
21 28 0.69
28 22 0.53
28 23 0.49
28 24 0.29
28 25 0.39
28 26 0.09
28 27 0.61
28 41 0.0019
2 29 0.55
3 29 0.14
5 29 0.17
6 29 0.17
7 29 0.24
8 29 0.12
9 29 0.15
10 29 0.26
11 29 0.55
12 29 0.26
13 29 0.35
29 14 0.41
29 16 0.73
29 19 0.47
20 29 0.41
21 29 0.44
22 29 0.23
23 29 0.37
25 29 0.31
27 29 0.3
28 29 0.36
41 29 4.0E-4
30 2 0.09
3 30 0.29
4 30 0.42
30 6 0.14
30 9 0.13
30 10 0.11
30 11 0.09
12 30 0.32
13 30 0.28
30 15 0.14
30 17 0.12
30 18 0.24
30 20 0.33
21 30 0.3
30 22 0.28
30 23 0.2
30 25 0.13
30 27 0.32
30 28 0.34
30 41 2.0E-4
31 1 0.2
31 2 0.73
3 31 0.17
4 31 0.06
31 5 0.4
31 6 0.48
31 7 0.11
31 8 0.45
31 9 0.52
31 10 0.62
31 11 0.73
12 31 0.54
13 31 0.67
31 14 0.2
31 15 0.16
31 16 0.44
31 17 0.55
31 18 0.28
31 19 0.34
20 31 0.26
21 31 0.56
22 31 0.54
31 23 0.59
31 24 0.39
31 25 0.52
31 26 0.11
27 31 0.43
28 31 0.61
31 29 0.48
30 31 0.07
31 41 0.0030
32 2 0.12
3 32 0.35
4 32 0.07
32 5 0.53
32 6 0.18
32 7 0.13
32 8 0.57
32 9 0.16
32 10 0.14
32 11 0.12
12 32 0.49
13 32 0.46
32 14 0.22
32 15 0.09
32 16 0.1
32 17 0.08
32 18 0.15
32 19 0.13
20 32 0.07
21 32 0.16
22 32 0.12
32 23 0.2
32 25 0.16
27 32 0.16
28 32 0.45
32 29 0.09
30 32 0.07
32 31 0.56
32 41 3.0E-4
33 2 0.19
33 3 0.19
33 4 0.22
33 5 0.14
33 6 0.29
33 7 0.2
33 8 0.1
33 9 0.27
33 10 0.22
33 11 0.28
33 12 0.3
33 13 0.3
33 14 0.35
33 16 0.16
33 17 0.13
33 18 0.25
33 19 0.2
33 20 0.24
33 21 0.38
33 22 0.29
33 23 0.32
33 25 0.4
33 27 0.09
33 28 0.21
33 29 0.29
33 30 0.12
33 31 0.21
33 32 0.23
33 41 7.0E-4
34 1 0.32
34 2 0.76
3 34 0.06
4 34 0.1
34 6 0.65
34 9 0.72
34 10 0.9
34 11 0.85
12 34 0.34
13 34 0.36
34 15 0.26
34 16 0.14
34 17 0.89
34 18 0.45
34 19 0.18
20 34 0.21
21 34 0.57
22 34 0.79
34 23 0.76
34 24 0.63
34 25 0.72
34 26 0.18
27 34 0.46
28 34 0.47
34 29 0.26
30 34 0.11
31 34 0.62
32 34 0.07
33 34 0.22
34 41 0.0050
35 1 0.45
35 2 0.6
4 35 0.14
35 6 0.73
35 9 0.85
35 10 0.71
35 11 0.6
12 35 0.24
13 35 0.19
35 15 0.18
35 17 0.79
35 18 0.63
21 35 0.4
22 35 0.62
35 23 0.67
35 24 0.67
35 25 0.68
27 35 0.43
28 35 0.33
30 35 0.15
31 35 0.44
32 35 0.1
33 35 0.16
35 34 0.71
35 41 0.0057
2 36 0.38
3 36 0.13
5 36 0.29
6 36 0.29
7 36 0.41
8 36 0.2
9 36 0.27
10 36 0.22
11 36 0.38
12 36 0.15
13 36 0.2
36 14 0.71
16 36 0.63
19 36 0.41
20 36 0.24
21 36 0.25
22 36 0.2
23 36 0.21
25 36 0.27
27 36 0.17
28 36 0.21
29 36 0.58
31 36 0.28
32 36 0.15
33 36 0.25
41 36 7.0E-4
37 1 0.5
2 37 0.4
3 37 0.09
4 37 0.16
5 37 0.2
6 37 0.61
8 37 0.14
9 37 0.57
10 37 0.47
11 37 0.4
12 37 0.21
13 37 0.21
17 37 0.53
37 18 0.35
21 37 0.36
22 37 0.42
23 37 0.6
24 37 0.25
37 25 0.57
27 37 0.36
28 37 0.29
30 37 0.17
31 37 0.39
32 37 0.22
33 37 0.18
34 37 0.47
35 37 0.67
41 37 0.0028
2 38 0.51
6 38 0.31
9 38 0.29
10 38 0.6
11 38 0.51
12 38 0.28
13 38 0.27
15 38 0.15
16 38 0.17
17 38 0.53
38 19 0.22
20 38 0.13
21 38 0.34
22 38 0.42
23 38 0.34
24 38 0.38
25 38 0.29
38 26 0.22
27 38 0.28
28 38 0.28
29 38 0.15
31 38 0.37
34 38 0.6
35 38 0.17
37 38 0.19
41 38 0.0010
39 1 0.38
2 39 0.71
6 39 0.15
9 39 0.14
10 39 0.48
11 39 0.61
12 39 0.28
13 39 0.37
39 16 0.51
17 39 0.4
39 19 0.22
20 39 0.25
21 39 0.48
22 39 0.31
23 39 0.23
39 25 0.29
27 39 0.28
28 39 0.39
39 29 0.62
31 39 0.52
34 39 0.48
35 39 0.17
39 36 0.27
39 37 0.19
39 38 0.43
41 39 5.0E-4
40 1 0.33
40 2 0.45
3 40 0.06
4 40 0.32
40 6 0.54
40 9 0.63
40 10 0.53
40 11 0.45
12 40 0.32
13 40 0.28
40 15 0.14
40 17 0.59
40 18 0.47
20 40 0.22
21 40 0.42
22 40 0.65
40 23 0.5
40 24 0.5
40 25 0.5
40 26 0.19
27 40 0.4
28 40 0.39
30 40 0.33
31 40 0.33
32 40 0.07
33 40 0.12
40 34 0.53
40 35 0.6
40 37 0.5
40 38 0.25
40 39 0.13
40 41 0.0034
