*Vertices  53
1 "LED显示屏"
2 "显示器"
3 "光纤"
4 "探头"
5 "电容"
6 "处理器"
7 "单片机"
8 "荧光粉"
9 "开关"
10 "触发脉冲"
11 "色域"
12 "IP核"
13 "圆圈基体"
14 "变压器"
15 "定时器"
16 "XYZ2xyz"
17 "XYZ2RGB"
18 "CIE"
19 "EP"
20 "LED"
21 "二极管"
22 "三极管"
23 "模糊增强算法"
24 "塑料"
25 "转换器"
26 "晶体振荡器"
27 "IP软核"
28 "发电机"
29 "放大器"
30 "码道"
31 "太阳能"
32 "太阳能电池板"
33 "风能"
34 "蓄电池"
35 "充电电池"
36 "LED照明设备"
37 "蓄电设备"
38 "芯片"
39 "继电器"
40 "充电器"
41 "存储器"
42 "Li"
43 "灰度"
44 "电极"
45 "边缘检测"
46 "电阻"
47 "基色"
48 "光电耦合器"
49 "VGA"
50 "发光管"
51 "光电管"
52 "DMA"
53 "控制器"
*Arcs
53 1 0.0041
2 1 0.19
2 53 2.0E-4
53 3 7.0E-4
4 3 0.58
53 4 9.0E-4
5 53 3.0E-4
6 1 0.32
6 2 0.36
6 3 0.16
6 4 0.37
6 5 0.1
6 53 0.0035
7 1 0.15
2 7 0.46
7 5 0.18
6 7 0.29
7 53 2.0E-4
8 1 0.16
8 2 0.24
8 6 0.1
8 7 0.1
8 53 3.0E-4
9 1 0.11
2 9 0.08
9 5 0.46
6 9 0.28
9 7 0.26
8 9 0.14
9 53 0.0014
5 10 0.3
53 10 0.0013
11 1 0.71
6 11 0.22
53 11 0.0015
1 12 0.5
6 12 0.32
11 12 0.71
53 12 0.0023
9 13 0.22
53 13 0.0011
14 1 0.14
2 14 0.11
5 14 0.44
7 14 0.09
8 14 0.09
9 14 0.25
14 53 3.0E-4
9 15 0.31
15 13 0.71
53 15 0.0010
1 16 0.5
6 16 0.32
11 16 0.71
16 12 1.0
53 16 0.0023
1 17 0.5
6 17 0.32
11 17 0.71
17 12 1.0
17 16 1.0
53 17 0.0023
18 1 0.71
6 18 0.22
18 11 1.0
18 12 0.71
18 16 0.71
18 17 0.71
53 18 0.0015
19 5 0.17
6 19 0.18
19 7 0.09
8 19 0.46
19 9 0.19
19 14 0.08
19 53 3.0E-4
20 1 0.21
20 2 0.28
20 3 0.21
20 4 0.18
20 5 0.35
20 6 0.34
20 7 0.35
20 8 0.34
20 9 0.49
20 10 0.11
20 11 0.15
20 12 0.11
20 13 0.11
20 14 0.37
20 15 0.15
20 16 0.11
20 17 0.11
20 18 0.15
20 19 0.37
20 53 0.0018
21 1 0.14
21 2 0.11
21 3 0.21
21 4 0.08
21 5 0.34
21 6 0.04
21 7 0.13
21 8 0.36
21 9 0.31
21 10 0.14
21 11 0.1
21 13 0.14
21 14 0.37
21 15 0.1
21 18 0.1
21 19 0.24
21 20 0.75
21 53 6.0E-4
22 5 0.61
7 22 0.17
9 22 0.31
22 10 0.29
22 14 0.58
19 22 0.08
20 22 0.37
21 22 0.45
22 53 3.0E-4
6 23 0.32
9 23 0.22
19 23 0.29
20 23 0.11
23 53 0.0023
24 2 0.29
24 3 0.38
24 4 0.22
24 6 0.12
24 8 0.36
24 9 0.16
24 13 0.38
24 15 0.27
24 19 0.11
24 20 0.28
24 21 0.37
24 53 4.0E-4
2 25 0.29
25 3 0.38
25 4 0.22
5 25 0.23
6 25 0.12
7 25 0.11
8 25 0.12
9 25 0.25
25 10 0.38
14 25 0.11
19 25 0.11
20 25 0.28
21 25 0.21
22 25 0.11
25 23 0.38
24 25 0.43
25 53 0.0015
26 5 0.21
6 26 0.22
7 26 0.21
9 26 0.31
19 26 0.2
20 26 0.15
26 22 0.2
26 23 0.71
26 25 0.27
26 53 0.0013
6 27 0.32
9 27 0.22
19 27 0.29
20 27 0.11
27 23 1.0
25 27 0.38
26 27 0.71
27 53 0.0023
1 28 0.25
2 28 0.19
7 28 0.15
8 28 0.16
9 28 0.22
14 28 0.29
20 28 0.21
21 28 0.14
25 28 0.19
53 28 6.0E-4
29 1 0.25
2 29 0.38
5 29 0.3
6 29 0.16
7 29 0.45
14 29 0.29
20 29 0.21
21 29 0.14
22 29 0.14
29 25 0.19
29 28 0.25
29 53 3.0E-4
3 30 0.5
4 30 0.58
6 30 0.32
20 30 0.11
53 30 0.0020
31 1 0.29
3 31 0.29
4 31 0.33
6 31 0.18
8 31 0.18
9 31 0.13
14 31 0.17
20 31 0.18
21 31 0.16
31 28 0.29
31 30 0.58
53 31 0.0028
3 32 0.5
4 32 0.58
6 32 0.32
20 32 0.11
32 30 1.0
32 31 0.58
53 32 0.0020
1 33 0.5
8 33 0.32
9 33 0.22
14 33 0.29
20 33 0.11
21 33 0.14
28 33 0.5
31 33 0.58
53 33 0.0016
34 1 0.22
34 4 0.26
6 34 0.14
8 34 0.14
9 34 0.2
34 14 0.39
20 34 0.24
21 34 0.19
22 34 0.26
34 28 0.45
34 31 0.26
34 33 0.45
34 53 5.0E-4
3 35 0.35
4 35 0.41
6 35 0.22
9 35 0.15
35 15 0.5
20 35 0.15
35 30 0.71
35 31 0.41
35 32 0.71
53 35 0.0014
1 36 0.35
8 36 0.22
9 36 0.15
14 36 0.2
20 36 0.15
21 36 0.2
28 36 0.35
31 36 0.41
36 33 0.71
34 36 0.32
53 36 0.0010
1 37 0.5
8 37 0.32
9 37 0.22
14 37 0.29
20 37 0.11
21 37 0.14
28 37 0.5
31 37 0.58
37 33 1.0
34 37 0.45
37 36 0.71
53 37 0.0016
38 1 0.07
2 38 0.22
38 5 0.36
6 38 0.05
38 7 0.36
8 38 0.37
38 9 0.29
38 10 0.15
38 14 0.21
38 19 0.38
20 38 0.72
21 38 0.71
38 22 0.3
24 38 0.17
38 25 0.22
38 26 0.1
38 28 0.07
38 29 0.29
38 31 0.09
38 36 0.1
38 53 3.0E-4
5 39 0.6
6 39 0.16
9 39 0.33
39 10 0.5
14 39 0.29
19 39 0.14
20 39 0.21
21 39 0.21
22 39 0.43
39 25 0.19
38 39 0.15
39 53 5.0E-4
40 3 0.22
40 4 0.26
5 40 0.13
6 40 0.14
40 14 0.39
20 40 0.24
21 40 0.25
22 40 0.52
40 30 0.45
40 31 0.26
40 32 0.45
40 34 0.4
40 35 0.32
38 40 0.07
40 53 5.0E-4
2 41 0.38
41 4 0.29
6 41 0.47
7 41 0.15
9 41 0.11
14 41 0.14
19 41 0.14
20 41 0.21
41 23 0.5
25 41 0.38
26 41 0.35
41 27 0.5
41 28 0.25
29 41 0.25
34 41 0.22
38 41 0.07
41 53 8.0E-4
2 42 0.13
6 42 0.11
8 42 0.42
42 9 0.15
42 19 0.29
20 42 0.32
21 42 0.28
42 23 0.33
24 42 0.25
42 25 0.25
42 26 0.24
42 27 0.33
42 36 0.24
42 38 0.34
42 41 0.17
42 53 4.0E-4
6 43 0.32
9 43 0.22
19 43 0.29
20 43 0.11
43 23 1.0
25 43 0.38
26 43 0.71
43 27 1.0
43 41 0.5
42 43 0.33
43 53 0.0023
5 44 0.35
7 44 0.06
8 44 0.06
9 44 0.17
44 10 0.2
44 14 0.45
19 44 0.17
20 44 0.54
21 44 0.67
22 44 0.62
24 44 0.07
44 25 0.07
44 29 0.1
44 31 0.11
44 34 0.18
38 44 0.61
44 39 0.29
44 40 0.35
42 44 0.07
44 53 1.0E-4
6 45 0.32
9 45 0.22
19 45 0.29
20 45 0.11
45 23 1.0
25 45 0.38
26 45 0.71
45 27 1.0
45 41 0.5
42 45 0.33
45 43 1.0
45 53 0.0023
2 46 0.08
46 5 0.66
6 46 0.07
7 46 0.2
8 46 0.07
9 46 0.48
46 10 0.22
46 14 0.57
19 46 0.13
20 46 0.49
21 46 0.46
46 22 0.76
46 25 0.25
46 26 0.15
46 28 0.11
46 29 0.22
46 34 0.2
38 46 0.45
46 39 0.44
46 40 0.39
46 41 0.11
42 46 0.07
46 44 0.56
46 53 2.0E-4
47 1 0.5
6 47 0.16
8 47 0.16
47 11 0.71
47 12 0.5
47 16 0.5
47 17 0.5
47 18 0.71
47 19 0.29
20 47 0.21
21 47 0.14
47 38 0.15
47 42 0.33
47 53 9.0E-4
5 48 0.3
48 10 1.0
20 48 0.11
21 48 0.14
22 48 0.29
25 48 0.38
38 48 0.15
39 48 0.5
44 48 0.2
46 48 0.22
53 48 0.0013
6 49 0.32
9 49 0.22
19 49 0.29
20 49 0.11
49 23 1.0
25 49 0.38
26 49 0.71
49 27 1.0
49 41 0.5
42 49 0.33
49 43 1.0
49 45 1.0
49 53 0.0023
3 50 0.35
4 50 0.41
6 50 0.22
14 50 0.2
20 50 0.15
50 30 0.71
50 31 0.41
50 32 0.71
50 35 0.5
40 50 0.32
53 50 0.0011
3 51 0.5
4 51 0.58
6 51 0.32
20 51 0.11
51 30 1.0
51 31 0.58
51 32 1.0
51 35 0.71
40 51 0.45
51 50 0.71
53 51 0.0020
52 1 0.35
6 52 0.45
9 52 0.15
52 11 0.5
52 12 0.71
52 16 0.71
52 17 0.71
52 18 0.5
19 52 0.2
20 52 0.15
52 23 0.71
25 52 0.27
26 52 0.5
52 27 0.71
52 41 0.35
42 52 0.24
52 43 0.71
52 45 0.71
47 52 0.35
52 49 0.71
52 53 0.0047
