*Vertices  27
1 "衬底"
2 "LED灯"
3 "整流器"
4 "GAN"
5 "保护层"
6 "变压器"
7 "LED外延片"
8 "外延片"
9 "外延"
10 "LED"
11 "二极管"
12 "腐蚀液"
13 "光刻胶"
14 "SiO2"
15 "半导体"
16 "Al2O3"
17 "MQW"
18 "ITO"
19 "LED芯片"
20 "芯片"
21 "电流扩展层"
22 "电极"
23 "接触层"
24 "电阻"
25 "激光"
26 "湿法腐蚀"
27 "掩膜"
*Arcs
1 27 0.0034
2 1 0.05
2 27 9.0E-4
3 1 0.11
2 3 0.14
3 27 0.0038
4 1 0.65
2 4 0.07
3 4 0.17
4 27 0.0049
1 5 0.15
2 5 0.2
3 5 0.24
4 5 0.24
5 27 0.0067
6 1 0.08
2 6 0.2
6 3 0.59
6 4 0.12
6 5 0.17
6 27 0.0021
7 1 0.71
2 7 0.07
3 7 0.15
7 4 0.93
7 5 0.22
6 7 0.11
7 27 0.0045
8 1 0.85
2 8 0.06
3 8 0.13
8 4 0.77
8 5 0.18
6 8 0.09
8 7 0.84
8 27 0.0038
9 1 0.93
2 9 0.09
3 9 0.11
9 4 0.65
9 5 0.15
6 9 0.08
9 7 0.71
9 8 0.85
9 27 0.0034
10 1 0.4
10 2 0.6
10 3 0.26
10 4 0.26
10 5 0.18
10 6 0.37
10 7 0.28
10 8 0.34
10 9 0.4
10 27 9.0E-4
11 1 0.45
11 2 0.3
11 3 0.35
11 4 0.29
11 5 0.08
11 6 0.37
11 7 0.27
11 8 0.36
11 9 0.45
11 10 0.75
11 27 0.0012
1 12 0.6
2 12 0.08
3 12 0.18
4 12 0.18
5 12 0.26
6 12 0.13
7 12 0.17
8 12 0.28
9 12 0.48
10 12 0.24
11 12 0.32
12 27 0.0056
1 13 0.46
2 13 0.1
3 13 0.24
4 13 0.24
5 13 0.33
6 13 0.17
7 13 0.22
8 13 0.37
9 13 0.46
10 13 0.18
11 13 0.24
12 13 0.77
13 27 0.0076
14 1 0.27
2 14 0.24
14 3 0.14
14 4 0.14
14 5 0.19
14 6 0.1
14 7 0.13
14 8 0.21
14 9 0.27
10 14 0.32
11 14 0.38
14 12 0.3
14 13 0.19
14 27 0.0028
15 1 0.67
15 2 0.29
15 3 0.15
15 4 0.44
15 5 0.1
15 6 0.1
15 7 0.48
15 8 0.57
15 9 0.67
15 10 0.59
15 11 0.64
15 12 0.4
15 13 0.31
15 14 0.42
15 27 0.0018
16 1 0.67
2 16 0.15
16 3 0.11
16 4 0.68
16 5 0.16
16 6 0.08
16 7 0.73
16 8 0.79
16 9 0.74
10 16 0.38
11 16 0.43
16 12 0.12
16 13 0.16
14 16 0.55
15 16 0.6
16 27 0.0029
17 1 0.64
2 17 0.16
3 17 0.25
17 4 0.74
17 5 0.17
6 17 0.17
17 7 0.8
17 8 0.76
17 9 0.73
10 17 0.35
11 17 0.38
17 12 0.27
17 13 0.35
14 17 0.2
15 17 0.6
16 17 0.67
17 27 0.0035
1 18 0.61
2 18 0.13
3 18 0.15
4 18 0.62
18 5 0.22
6 18 0.11
7 18 0.71
8 18 0.72
9 18 0.71
10 18 0.28
11 18 0.27
18 12 0.17
18 13 0.22
14 18 0.25
15 18 0.48
16 18 0.73
17 18 0.68
18 27 0.0044
19 1 0.52
2 19 0.26
19 3 0.2
19 4 0.5
19 5 0.28
19 6 0.14
19 7 0.55
19 8 0.54
19 9 0.45
10 19 0.44
11 19 0.48
19 12 0.33
19 13 0.28
14 19 0.24
15 19 0.57
16 19 0.47
19 17 0.66
19 18 0.37
19 27 0.0023
20 1 0.55
2 20 0.36
20 3 0.24
20 4 0.36
20 5 0.17
20 6 0.21
20 7 0.39
20 8 0.47
20 9 0.55
10 20 0.72
11 20 0.71
20 12 0.33
20 13 0.26
20 14 0.44
15 20 0.69
20 16 0.53
20 17 0.49
20 18 0.39
20 19 0.61
20 27 0.0015
1 21 0.55
2 21 0.14
3 21 0.17
4 21 0.17
5 21 0.24
6 21 0.12
7 21 0.15
8 21 0.26
9 21 0.55
10 21 0.26
11 21 0.35
21 12 0.73
21 13 0.47
14 21 0.41
15 21 0.44
16 21 0.23
17 21 0.37
18 21 0.31
19 21 0.3
20 21 0.36
21 27 0.0048
22 1 0.73
2 22 0.17
22 3 0.4
22 4 0.48
22 5 0.11
22 6 0.45
22 7 0.52
22 8 0.62
22 9 0.73
10 22 0.54
11 22 0.67
22 12 0.44
22 13 0.34
14 22 0.26
15 22 0.56
16 22 0.54
22 17 0.59
22 18 0.52
19 22 0.43
20 22 0.61
22 21 0.48
22 27 0.0023
23 1 0.71
2 23 0.07
3 23 0.15
23 4 0.93
23 5 0.22
6 23 0.11
23 7 1.0
23 8 0.84
23 9 0.71
10 23 0.28
11 23 0.27
23 12 0.17
23 13 0.22
14 23 0.13
15 23 0.48
16 23 0.73
23 17 0.8
23 18 0.71
19 23 0.55
20 23 0.39
23 21 0.15
22 23 0.52
23 27 0.0045
24 1 0.12
2 24 0.35
24 3 0.53
24 4 0.18
24 5 0.13
24 6 0.57
24 7 0.16
24 8 0.14
24 9 0.12
10 24 0.49
11 24 0.46
24 12 0.1
24 13 0.13
14 24 0.07
15 24 0.16
16 24 0.12
24 17 0.2
24 18 0.16
19 24 0.16
20 24 0.45
24 21 0.09
24 22 0.56
24 23 0.16
24 27 0.0015
25 1 0.19
25 2 0.19
25 3 0.14
25 4 0.29
25 5 0.2
25 6 0.1
25 7 0.27
25 8 0.22
25 9 0.28
25 10 0.3
25 11 0.3
25 12 0.16
25 13 0.2
25 14 0.24
25 15 0.38
25 16 0.29
25 17 0.32
25 18 0.4
25 19 0.09
25 20 0.21
25 21 0.29
25 22 0.21
25 23 0.27
25 24 0.23
25 27 0.0030
1 26 0.38
2 26 0.13
3 26 0.29
4 26 0.29
5 26 0.41
6 26 0.2
7 26 0.27
8 26 0.22
9 26 0.38
10 26 0.15
11 26 0.2
12 26 0.63
13 26 0.41
14 26 0.24
15 26 0.25
16 26 0.2
17 26 0.21
18 26 0.27
19 26 0.17
20 26 0.21
21 26 0.58
22 26 0.28
23 26 0.27
24 26 0.15
25 26 0.25
26 27 0.0104
