*Vertices  16
1 "LED灯"
2 "电容"
3 "处理器"
4 "开关"
5 "EP"
6 "LED"
7 "二极管"
8 "GPIO"
9 "客户"
10 "芯片"
11 "继电器"
12 "耳机"
13 "电阻"
14 "蜂鸣器"
15 "扬声器"
16 "插座"
*Arcs
1 16 0.0023
1 2 0.21
2 16 0.0054
3 1 0.17
3 2 0.1
3 16 0.0068
1 4 0.39
4 2 0.46
3 4 0.28
4 16 0.0148
1 5 0.2
5 2 0.17
3 5 0.18
5 4 0.19
5 16 0.0041
6 1 0.6
6 2 0.35
6 3 0.34
6 4 0.49
6 5 0.37
6 16 0.0043
7 1 0.3
7 2 0.34
7 3 0.04
7 4 0.31
7 5 0.24
7 6 0.75
7 16 0.0019
1 8 0.13
2 8 0.21
3 8 0.22
4 8 0.31
5 8 0.2
6 8 0.15
8 16 0.021
1 9 0.2
2 9 0.17
3 9 0.37
4 9 0.25
5 9 0.17
6 9 0.18
7 9 0.08
8 9 0.41
16 9 0.0158
1 10 0.36
10 2 0.36
3 10 0.05
10 4 0.29
10 5 0.38
6 10 0.72
7 10 0.71
10 8 0.1
10 9 0.09
10 16 0.0022
1 11 0.09
2 11 0.6
3 11 0.16
4 11 0.33
5 11 0.14
6 11 0.21
7 11 0.21
8 11 0.35
11 9 0.29
10 11 0.15
11 16 0.0121
4 12 0.22
6 12 0.11
7 12 0.14
10 12 0.15
16 12 0.0293
1 13 0.35
13 2 0.66
3 13 0.07
4 13 0.48
5 13 0.13
6 13 0.49
7 13 0.46
13 8 0.31
13 9 0.13
10 13 0.45
13 11 0.44
13 16 0.0036
1 14 0.18
2 14 0.3
3 14 0.32
4 14 0.22
5 14 0.29
6 14 0.11
8 14 0.71
9 14 0.58
11 14 0.5
13 14 0.22
16 14 0.0336
1 15 0.1
3 15 0.37
15 4 0.38
6 15 0.18
7 15 0.08
10 15 0.09
15 12 0.58
15 16 0.0189
