*Vertices  25
1 "LED显示屏"
2 "显示器"
3 "电容"
4 "传感器"
5 "控制器"
6 "处理器"
7 "单片机"
8 "整流器"
9 "变压器"
10 "LED"
11 "二极管"
12 "三极管"
13 "转换器"
14 "发电机"
15 "半导体"
16 "键合"
17 "燃气涡轮"
18 "LED芯片"
19 "芯片"
20 "存储器"
21 "电极"
22 "电阻"
23 "检测仪"
24 "检测板"
25 "放大器"
*Arcs
25 1 0.0025
2 1 0.19
2 25 0.0079
3 25 0.0038
2 4 0.38
25 4 0.0028
5 1 0.57
2 5 0.14
3 5 0.11
25 5 0.0018
6 1 0.32
6 2 0.36
6 3 0.1
6 4 0.21
6 5 0.48
6 25 0.0017
7 1 0.15
2 7 0.46
7 3 0.18
7 4 0.2
7 5 0.11
6 7 0.29
7 25 0.0093
3 8 0.37
8 25 0.0018
9 1 0.14
2 9 0.11
3 9 0.44
9 4 0.1
9 5 0.11
7 9 0.09
9 8 0.59
9 25 0.0052
10 1 0.21
10 2 0.28
10 3 0.35
10 4 0.32
10 5 0.28
10 6 0.34
10 7 0.35
10 8 0.26
10 9 0.37
10 25 0.0037
11 1 0.14
11 2 0.11
11 3 0.34
11 4 0.09
11 5 0.16
11 6 0.04
11 7 0.13
11 8 0.35
11 9 0.37
11 10 0.75
11 25 0.0015
12 3 0.61
12 5 0.11
7 12 0.17
12 8 0.47
12 9 0.58
10 12 0.37
11 12 0.45
12 25 0.0013
2 13 0.29
3 13 0.23
13 4 0.38
13 5 0.29
6 13 0.12
7 13 0.11
9 13 0.11
10 13 0.28
11 13 0.21
12 13 0.11
25 13 0.0030
1 14 0.25
2 14 0.19
4 14 0.17
5 14 0.19
7 14 0.15
9 14 0.29
10 14 0.21
11 14 0.14
13 14 0.19
25 14 0.0044
15 2 0.14
15 3 0.11
15 4 0.12
15 6 0.11
15 7 0.05
15 8 0.15
15 9 0.1
15 10 0.59
15 11 0.64
15 12 0.05
15 13 0.14
15 25 6.0E-4
3 16 0.12
16 4 0.14
7 16 0.12
10 16 0.26
11 16 0.29
13 16 0.15
15 16 0.29
25 16 0.0015
2 17 0.38
4 17 0.33
7 17 0.3
9 17 0.29
10 17 0.11
13 17 0.38
14 17 0.5
25 17 0.0127
18 3 0.15
18 7 0.07
18 8 0.2
18 9 0.14
10 18 0.44
11 18 0.48
18 12 0.07
15 18 0.57
18 16 0.2
18 25 7.0E-4
19 1 0.07
2 19 0.22
19 3 0.36
19 4 0.05
19 5 0.11
6 19 0.05
19 7 0.36
19 8 0.24
19 9 0.21
10 19 0.72
11 19 0.71
19 12 0.3
19 13 0.22
19 14 0.07
15 19 0.69
19 16 0.3
19 17 0.15
19 18 0.61
19 25 0.0048
2 20 0.38
20 4 0.5
20 5 0.19
6 20 0.47
7 20 0.15
9 20 0.14
10 20 0.21
13 20 0.38
20 14 0.25
15 20 0.09
20 17 0.5
19 20 0.07
25 20 0.0050
3 21 0.35
21 5 0.07
7 21 0.06
21 8 0.4
21 9 0.45
10 21 0.54
11 21 0.67
12 21 0.62
21 13 0.07
15 21 0.56
21 16 0.24
18 21 0.43
19 21 0.61
21 25 8.0E-4
2 22 0.08
22 3 0.66
22 4 0.07
22 5 0.08
6 22 0.07
7 22 0.2
22 8 0.53
22 9 0.57
10 22 0.49
11 22 0.46
22 12 0.76
22 13 0.25
22 14 0.11
15 22 0.16
22 17 0.22
18 22 0.16
19 22 0.45
22 20 0.11
22 21 0.56
22 25 0.0036
2 23 0.27
4 23 0.47
6 23 0.22
7 23 0.21
9 23 0.2
10 23 0.15
13 23 0.27
23 14 0.35
15 23 0.13
23 17 0.71
19 23 0.1
20 23 0.71
22 23 0.15
25 23 0.0079
2 24 0.27
4 24 0.47
7 24 0.21
9 24 0.2
10 24 0.15
13 24 0.27
24 14 0.35
24 17 0.71
19 24 0.1
20 24 0.35
22 24 0.15
23 24 0.5
25 24 0.0075
