*Vertices  32
1 "LED灯"
2 "反光杯"
3 "工质"
4 "蒸发皿"
5 "连接管"
6 "发光板"
7 "LED"
8 "二极管"
9 "通道"
10 "LED光源"
11 "电子元器件"
12 "铝基板"
13 "基板"
14 "导热板"
15 "基座"
16 "发动机"
17 "散热片"
18 "发电机"
19 "发光体"
20 "密封胶"
21 "半导体"
22 "电路板"
23 "LED芯片"
24 "芯片"
25 "Li"
26 "电阻"
27 "射灯"
28 "聚光镜"
29 "透镜"
30 "吸液芯"
31 "固定支架"
32 "散热器"
*Arcs
1 32 0.0064
1 2 0.18
32 2 0.0023
1 3 0.25
32 3 0.0068
1 4 0.18
3 4 0.71
32 4 0.0042
1 5 0.18
3 5 0.71
5 4 1.0
32 5 0.0042
1 6 0.18
32 6 0.0027
7 1 0.6
7 2 0.11
7 3 0.15
7 4 0.11
7 5 0.11
7 6 0.11
7 32 0.0027
8 1 0.3
8 2 0.14
8 3 0.2
8 4 0.14
8 5 0.14
8 6 0.14
8 7 0.75
8 32 0.0016
1 9 0.22
9 3 0.29
9 4 0.41
9 5 0.41
7 9 0.26
8 9 0.23
32 9 0.0032
10 1 0.44
10 3 0.2
10 6 0.28
10 7 0.38
10 8 0.27
10 9 0.11
10 32 0.0043
1 11 0.18
3 11 0.71
11 4 1.0
11 5 1.0
7 11 0.11
8 11 0.14
9 11 0.41
32 11 0.0042
12 1 0.29
12 3 0.29
12 7 0.26
12 8 0.23
12 9 0.33
12 10 0.34
12 32 0.0029
1 13 0.25
3 13 0.5
13 4 0.71
13 5 0.71
7 13 0.15
8 13 0.1
9 13 0.29
10 13 0.2
13 11 0.71
32 13 0.0057
1 14 0.25
14 2 0.71
7 14 0.15
8 14 0.1
14 9 0.29
10 14 0.2
12 14 0.29
32 14 0.0055
1 15 0.25
3 15 0.5
15 4 0.71
15 5 0.71
7 15 0.15
8 15 0.2
9 15 0.58
15 11 0.71
12 15 0.29
13 15 0.5
32 15 0.0028
1 16 0.18
16 6 1.0
7 16 0.11
8 16 0.14
10 16 0.28
32 16 0.0027
1 17 0.47
17 2 0.38
17 3 0.53
17 4 0.38
17 5 0.38
17 6 0.38
7 17 0.28
8 17 0.27
17 9 0.46
10 17 0.42
17 11 0.38
12 17 0.46
17 13 0.53
17 14 0.53
17 15 0.53
17 16 0.38
32 17 0.0174
1 18 0.18
18 6 0.5
7 18 0.21
8 18 0.14
10 18 0.14
18 16 0.5
17 18 0.19
32 18 0.0010
19 1 0.24
19 6 0.45
19 7 0.24
19 8 0.25
19 10 0.37
19 12 0.18
19 16 0.45
19 17 0.17
19 18 0.22
19 32 0.0010
1 20 0.18
7 20 0.11
9 20 0.41
10 20 0.28
12 20 0.41
14 20 0.71
17 20 0.38
32 20 0.0025
21 1 0.29
21 2 0.18
21 3 0.13
21 7 0.59
21 8 0.64
21 9 0.15
21 10 0.3
21 12 0.22
21 13 0.13
21 14 0.13
21 17 0.2
21 19 0.16
21 32 0.0021
22 1 0.43
22 7 0.26
22 8 0.06
22 10 0.11
22 12 0.17
22 19 0.37
22 21 0.15
22 32 9.0E-4
1 23 0.26
23 2 0.24
23 3 0.34
23 4 0.24
23 5 0.24
7 23 0.44
8 23 0.48
23 9 0.4
10 23 0.2
23 11 0.24
12 23 0.4
23 13 0.17
23 14 0.17
23 15 0.34
23 17 0.37
21 23 0.57
23 32 0.0025
1 24 0.36
24 2 0.15
24 3 0.21
24 4 0.15
24 5 0.15
7 24 0.72
8 24 0.71
24 9 0.24
10 24 0.16
24 11 0.15
12 24 0.24
24 13 0.1
24 14 0.1
24 15 0.21
24 17 0.22
24 18 0.07
19 24 0.07
21 24 0.69
22 24 0.06
24 23 0.61
24 32 0.0011
1 25 0.29
25 3 0.24
7 25 0.32
8 25 0.28
25 9 0.14
10 25 0.18
12 25 0.27
25 15 0.24
25 17 0.25
21 25 0.3
22 25 0.14
25 23 0.32
25 24 0.34
25 32 0.0019
1 26 0.35
26 3 0.15
26 4 0.22
26 5 0.22
7 26 0.49
8 26 0.46
26 9 0.09
10 26 0.06
26 11 0.22
26 13 0.15
26 15 0.15
17 26 0.08
26 18 0.11
21 26 0.16
22 26 0.18
23 26 0.16
24 26 0.45
25 26 0.07
32 26 3.0E-4
27 1 0.25
27 7 0.15
27 8 0.1
27 10 0.39
27 12 0.29
27 13 0.5
27 17 0.27
27 19 0.32
27 21 0.25
27 22 0.29
27 32 0.0012
1 28 0.18
7 28 0.11
21 28 0.18
22 28 0.41
25 28 0.33
32 28 0.0026
29 1 0.28
29 2 0.32
29 7 0.34
29 8 0.36
29 9 0.26
29 10 0.26
29 12 0.39
29 14 0.45
29 15 0.22
29 17 0.36
29 19 0.14
29 20 0.32
29 21 0.23
29 22 0.13
29 23 0.23
29 24 0.19
29 25 0.32
29 27 0.22
29 32 0.0019
1 30 0.18
30 3 0.71
7 30 0.11
8 30 0.14
10 30 0.28
12 30 0.41
17 30 0.38
21 30 0.18
23 30 0.24
24 30 0.15
25 30 0.33
32 30 0.0022
1 31 0.18
7 31 0.11
21 31 0.18
22 31 0.41
25 31 0.33
31 28 1.0
32 31 0.0026
