*Vertices  31
1 "LED灯"
2 "反光杯"
3 "工质"
4 "蒸发皿"
5 "连接管"
6 "发光板"
7 "LED"
8 "二极管"
9 "通道"
10 "LED光源"
11 "电子元器件"
12 "铝基板"
13 "基板"
14 "导热板"
15 "基座"
16 "发动机"
17 "散热器"
18 "发电机"
19 "发光体"
20 "密封胶"
21 "半导体"
22 "LED照明设备"
23 "LED芯片"
24 "芯片"
25 "Li"
26 "电阻"
27 "射灯"
28 "转动轴"
29 "透镜"
30 "吸液芯"
31 "散热片"
*Arcs
1 31 0.0055
1 2 0.18
31 2 0.0021
1 3 0.25
31 3 0.0065
1 4 0.18
3 4 0.71
31 4 0.0042
1 5 0.18
3 5 0.71
5 4 1.0
31 5 0.0042
1 6 0.18
31 6 0.0025
7 1 0.6
7 2 0.11
7 3 0.15
7 4 0.11
7 5 0.11
7 6 0.11
7 31 0.0024
8 1 0.3
8 2 0.14
8 3 0.2
8 4 0.14
8 5 0.14
8 6 0.14
8 7 0.75
8 31 0.0022
1 9 0.22
9 3 0.29
9 4 0.41
9 5 0.41
7 9 0.26
8 9 0.23
31 9 0.0053
10 1 0.44
10 3 0.2
10 6 0.28
10 7 0.38
10 8 0.27
10 9 0.11
10 31 0.0040
1 11 0.18
3 11 0.71
11 4 1.0
11 5 1.0
7 11 0.11
8 11 0.14
9 11 0.41
31 11 0.0042
12 1 0.29
12 3 0.29
12 7 0.26
12 8 0.23
12 9 0.33
12 10 0.34
12 31 0.0048
1 13 0.25
3 13 0.5
13 4 0.71
13 5 0.71
7 13 0.15
8 13 0.1
9 13 0.29
10 13 0.2
13 11 0.71
31 13 0.0054
1 14 0.25
14 2 0.71
7 14 0.15
8 14 0.1
14 9 0.29
10 14 0.2
12 14 0.29
31 14 0.0052
1 15 0.25
3 15 0.5
15 4 0.71
15 5 0.71
7 15 0.15
8 15 0.2
9 15 0.58
15 11 0.71
12 15 0.29
13 15 0.5
31 15 0.0065
1 16 0.18
16 6 1.0
7 16 0.11
8 16 0.14
10 16 0.28
31 16 0.0025
1 17 0.47
17 2 0.38
17 3 0.53
17 4 0.38
17 5 0.38
17 6 0.38
7 17 0.28
8 17 0.21
17 9 0.31
10 17 0.42
17 11 0.38
12 17 0.31
17 13 0.53
17 14 0.53
17 15 0.27
17 16 0.38
17 31 0.0157
1 18 0.18
18 6 0.5
7 18 0.21
8 18 0.14
10 18 0.14
18 16 0.5
17 18 0.19
31 18 0.0010
19 1 0.24
19 6 0.45
19 7 0.24
19 8 0.25
19 10 0.37
19 12 0.18
19 16 0.45
19 17 0.17
19 18 0.22
19 31 9.0E-4
1 20 0.18
7 20 0.11
9 20 0.41
10 20 0.28
12 20 0.41
14 20 0.71
17 20 0.38
31 20 0.0024
21 1 0.29
21 2 0.18
21 3 0.13
21 7 0.59
21 8 0.64
21 9 0.15
21 10 0.3
21 12 0.22
21 13 0.13
21 14 0.13
21 17 0.27
21 19 0.16
21 31 0.0011
1 22 0.13
7 22 0.15
8 22 0.2
9 22 0.29
12 22 0.29
22 15 0.5
18 22 0.35
31 22 0.0014
1 23 0.26
23 2 0.24
23 3 0.34
23 4 0.24
23 5 0.24
7 23 0.44
8 23 0.48
23 9 0.4
10 23 0.2
23 11 0.24
12 23 0.4
23 13 0.17
23 14 0.17
23 15 0.34
23 17 0.28
21 23 0.57
23 22 0.17
23 31 0.0036
1 24 0.36
24 2 0.15
24 3 0.21
24 4 0.15
24 5 0.15
7 24 0.72
8 24 0.71
24 9 0.24
10 24 0.16
24 11 0.15
12 24 0.24
24 13 0.1
24 14 0.1
24 15 0.21
24 17 0.17
24 18 0.07
19 24 0.07
21 24 0.69
24 22 0.1
24 23 0.61
24 31 0.0015
1 25 0.29
25 3 0.24
7 25 0.32
8 25 0.28
25 9 0.14
10 25 0.18
12 25 0.27
25 15 0.24
25 17 0.25
21 25 0.3
25 22 0.24
25 23 0.32
25 24 0.34
25 31 0.0015
1 26 0.35
26 3 0.15
26 4 0.22
26 5 0.22
7 26 0.49
8 26 0.46
26 9 0.09
10 26 0.06
26 11 0.22
26 13 0.15
26 15 0.15
17 26 0.08
26 18 0.11
21 26 0.16
23 26 0.16
24 26 0.45
25 26 0.07
31 26 3.0E-4
27 1 0.25
27 7 0.15
27 8 0.1
27 10 0.39
27 12 0.29
27 13 0.5
27 17 0.27
27 19 0.32
27 21 0.25
27 31 0.0011
1 28 0.18
7 28 0.11
8 28 0.14
9 28 0.41
12 28 0.41
28 15 0.71
22 28 0.71
23 28 0.24
24 28 0.15
25 28 0.33
31 28 0.0021
29 1 0.28
29 2 0.32
29 7 0.34
29 8 0.36
29 9 0.26
29 10 0.26
29 12 0.39
29 14 0.45
29 15 0.22
29 17 0.24
29 19 0.14
29 20 0.32
29 21 0.23
29 22 0.22
29 23 0.23
29 24 0.19
29 25 0.32
29 27 0.22
29 28 0.32
29 31 0.0032
1 30 0.18
30 3 0.71
7 30 0.11
8 30 0.14
10 30 0.28
12 30 0.41
17 30 0.38
21 30 0.18
23 30 0.24
24 30 0.15
25 30 0.33
31 30 0.0020
