*Vertices  41
1 "衬底"
2 "LED灯"
3 "电容"
4 "开关"
5 "GAN"
6 "保护层"
7 "变压器"
8 "稳压块"
9 "EP"
10 "LED外延片"
11 "外延片"
12 "外延"
13 "LED"
14 "二极管"
15 "稳压二极管"
16 "三极管"
17 "掩膜"
18 "LED光源"
19 "腐蚀液"
20 "光刻胶"
21 "SiO2"
22 "放大器"
23 "半导体"
24 "Al2O3"
25 "MQW"
26 "ITO"
27 "焊盘"
28 "蓄电池"
29 "LED芯片"
30 "芯片"
31 "电流扩展层"
32 "充电器"
33 "电感"
34 "电极"
35 "接触层"
36 "电阻"
37 "激光"
38 "湿法腐蚀"
39 "空穴"
40 "晶体闸流管"
41 "整流器"
*Arcs
41 1 6.0E-4
2 1 0.05
2 41 7.0E-4
2 3 0.21
3 41 0.0031
2 4 0.39
4 3 0.46
4 41 0.0011
5 1 0.65
2 5 0.07
41 5 9.0E-4
1 6 0.15
2 6 0.2
5 6 0.24
41 6 0.0011
7 1 0.08
2 7 0.2
3 7 0.44
4 7 0.25
7 5 0.12
7 6 0.17
7 41 0.0075
8 7 0.29
8 41 0.0023
9 1 0.15
2 9 0.2
9 3 0.17
9 4 0.19
9 6 0.17
9 7 0.08
9 41 5.0E-4
10 1 0.71
2 10 0.07
10 5 0.93
10 6 0.22
7 10 0.11
41 10 8.0E-4
11 1 0.85
2 11 0.06
11 5 0.77
11 6 0.18
7 11 0.09
9 11 0.09
11 10 0.84
41 11 7.0E-4
12 1 0.93
2 12 0.09
12 5 0.65
12 6 0.15
7 12 0.08
9 12 0.08
12 10 0.71
12 11 0.85
41 12 6.0E-4
13 1 0.4
13 2 0.6
13 3 0.35
13 4 0.49
13 5 0.26
13 6 0.18
13 7 0.37
13 8 0.11
13 9 0.37
13 10 0.28
13 11 0.34
13 12 0.4
13 41 0.0024
14 1 0.45
14 2 0.3
14 3 0.34
14 4 0.31
14 5 0.29
14 6 0.08
14 7 0.37
14 8 0.14
14 9 0.24
14 10 0.27
14 11 0.36
14 12 0.45
14 13 0.75
14 41 0.0035
2 15 0.18
3 15 0.3
4 15 0.22
7 15 0.29
9 15 0.29
13 15 0.11
14 15 0.14
41 15 0.0027
2 16 0.2
16 3 0.61
4 16 0.31
16 7 0.58
16 8 0.29
9 16 0.08
13 16 0.37
14 16 0.45
16 15 0.29
16 41 0.0052
1 17 0.27
2 17 0.18
5 17 0.41
6 17 0.58
7 17 0.29
10 17 0.38
11 17 0.32
12 17 0.27
13 17 0.11
14 17 0.14
41 17 0.0026
18 2 0.44
18 3 0.08
18 4 0.06
18 7 0.08
18 9 0.24
18 13 0.38
18 14 0.27
18 15 0.28
18 16 0.08
18 41 3.0E-4
1 19 0.6
2 19 0.08
5 19 0.18
6 19 0.26
7 19 0.13
9 19 0.26
10 19 0.17
11 19 0.28
12 19 0.48
13 19 0.24
14 19 0.32
19 17 0.45
41 19 9.0E-4
1 20 0.46
2 20 0.1
5 20 0.24
6 20 0.33
7 20 0.17
9 20 0.17
10 20 0.22
11 20 0.37
12 20 0.46
13 20 0.18
14 20 0.24
20 17 0.58
19 20 0.77
41 20 0.0012
21 1 0.27
2 21 0.24
21 4 0.07
21 5 0.14
21 6 0.19
21 7 0.1
21 9 0.38
21 10 0.13
21 11 0.21
21 12 0.27
13 21 0.32
14 21 0.38
21 17 0.33
21 19 0.3
21 20 0.19
21 41 5.0E-4
3 22 0.3
7 22 0.29
13 22 0.21
14 22 0.14
16 22 0.14
41 22 6.0E-4
23 1 0.67
23 2 0.29
23 3 0.11
23 4 0.12
23 5 0.44
23 6 0.1
23 7 0.1
23 9 0.31
23 10 0.48
23 11 0.57
23 12 0.67
23 13 0.59
23 14 0.64
23 15 0.18
23 16 0.05
23 17 0.18
23 18 0.3
23 19 0.4
23 20 0.31
23 21 0.42
23 22 0.09
23 41 9.0E-4
24 1 0.67
2 24 0.15
24 4 0.06
24 5 0.68
24 6 0.16
24 7 0.08
9 24 0.08
24 10 0.73
24 11 0.79
24 12 0.74
13 24 0.38
14 24 0.43
24 17 0.28
24 19 0.12
24 20 0.16
21 24 0.55
23 24 0.6
24 41 5.0E-4
25 1 0.64
2 25 0.16
3 25 0.09
4 25 0.07
25 5 0.74
25 6 0.17
7 25 0.17
9 25 0.26
25 10 0.8
25 11 0.76
25 12 0.73
13 25 0.35
14 25 0.38
25 15 0.3
16 25 0.09
25 17 0.3
18 25 0.17
25 19 0.27
25 20 0.35
21 25 0.2
23 25 0.6
24 25 0.67
41 25 0.0018
1 26 0.61
2 26 0.13
5 26 0.62
26 6 0.22
7 26 0.11
10 26 0.71
11 26 0.72
12 26 0.71
13 26 0.28
14 26 0.27
26 17 0.38
26 19 0.17
26 20 0.22
21 26 0.25
23 26 0.48
24 26 0.73
25 26 0.68
41 26 7.0E-4
2 27 0.1
3 27 0.17
4 27 0.13
27 6 0.33
7 27 0.17
9 27 0.33
13 27 0.18
14 27 0.16
27 15 0.58
16 27 0.17
18 27 0.16
23 27 0.21
27 25 0.17
41 27 0.0012
2 28 0.08
4 28 0.2
28 7 0.39
28 8 0.45
13 28 0.24
14 28 0.19
16 28 0.26
18 28 0.12
23 28 0.08
28 41 0.0028
29 1 0.52
2 29 0.26
29 3 0.15
29 4 0.05
29 5 0.5
29 6 0.28
29 7 0.14
9 29 0.35
29 10 0.55
29 11 0.54
29 12 0.45
13 29 0.44
14 29 0.48
29 15 0.24
29 16 0.07
29 17 0.24
18 29 0.2
29 19 0.33
29 20 0.28
21 29 0.24
29 22 0.12
23 29 0.57
24 29 0.47
29 25 0.66
29 26 0.37
29 27 0.28
29 41 0.0013
30 1 0.55
2 30 0.36
30 3 0.36
30 4 0.29
30 5 0.36
30 6 0.17
30 7 0.21
30 9 0.38
30 10 0.39
30 11 0.47
30 12 0.55
13 30 0.72
14 30 0.71
30 15 0.15
30 16 0.3
30 17 0.15
18 30 0.16
30 19 0.33
30 20 0.26
30 21 0.44
30 22 0.29
23 30 0.69
30 24 0.53
30 25 0.49
30 26 0.39
30 27 0.26
30 29 0.61
30 41 0.0019
1 31 0.55
2 31 0.14
5 31 0.17
6 31 0.24
7 31 0.12
9 31 0.24
10 31 0.15
11 31 0.26
12 31 0.55
13 31 0.26
14 31 0.35
31 17 0.41
31 19 0.73
31 20 0.47
21 31 0.41
23 31 0.44
24 31 0.23
25 31 0.37
26 31 0.31
29 31 0.3
30 31 0.36
41 31 8.0E-4
3 32 0.13
32 7 0.39
32 8 0.45
13 32 0.24
14 32 0.25
16 32 0.52
32 28 0.4
30 32 0.07
32 41 0.0030
2 33 0.25
3 33 0.43
4 33 0.31
7 33 0.2
9 33 0.2
13 33 0.15
14 33 0.1
33 15 0.71
16 33 0.2
18 33 0.2
23 33 0.13
33 25 0.21
33 27 0.41
29 33 0.17
30 33 0.21
41 33 0.0016
34 1 0.73
2 34 0.17
3 34 0.35
4 34 0.17
34 5 0.48
34 6 0.11
34 7 0.45
34 8 0.2
9 34 0.17
34 10 0.52
34 11 0.62
34 12 0.73
13 34 0.54
14 34 0.67
34 15 0.2
16 34 0.62
34 17 0.2
18 34 0.05
34 19 0.44
34 20 0.34
21 34 0.26
34 22 0.1
23 34 0.56
24 34 0.54
34 25 0.59
34 26 0.52
34 27 0.11
34 28 0.18
29 34 0.43
30 34 0.61
34 31 0.48
34 32 0.35
34 33 0.14
34 41 0.0047
35 1 0.71
2 35 0.07
35 5 0.93
35 6 0.22
7 35 0.11
35 10 1.0
35 11 0.84
35 12 0.71
13 35 0.28
14 35 0.27
35 17 0.38
35 19 0.17
35 20 0.22
21 35 0.13
23 35 0.48
24 35 0.73
35 25 0.8
35 26 0.71
29 35 0.55
30 35 0.39
35 31 0.15
34 35 0.52
41 35 8.0E-4
36 1 0.12
2 36 0.35
36 3 0.66
4 36 0.48
36 5 0.18
36 6 0.13
36 7 0.57
36 8 0.22
9 36 0.13
36 10 0.16
36 11 0.14
36 12 0.12
13 36 0.49
14 36 0.46
36 15 0.22
36 16 0.76
36 17 0.22
18 36 0.06
36 19 0.1
36 20 0.13
21 36 0.07
36 22 0.22
23 36 0.16
24 36 0.12
36 25 0.2
36 26 0.16
36 27 0.13
36 28 0.2
29 36 0.16
30 36 0.45
36 31 0.09
36 32 0.39
36 33 0.31
36 34 0.56
36 35 0.16
36 41 0.0067
37 1 0.19
37 2 0.19
37 4 0.08
37 5 0.29
37 6 0.2
37 7 0.1
37 10 0.27
37 11 0.22
37 12 0.28
37 13 0.3
37 14 0.3
37 17 0.35
37 18 0.1
37 19 0.16
37 20 0.2
37 21 0.24
37 23 0.38
37 24 0.29
37 25 0.32
37 26 0.4
37 29 0.09
37 30 0.21
37 31 0.29
37 34 0.21
37 35 0.27
37 36 0.23
37 41 5.0E-4
1 38 0.38
2 38 0.13
5 38 0.29
6 38 0.41
7 38 0.2
10 38 0.27
11 38 0.22
12 38 0.38
13 38 0.15
14 38 0.2
38 17 0.71
19 38 0.63
20 38 0.41
21 38 0.24
23 38 0.25
24 38 0.2
25 38 0.21
26 38 0.27
29 38 0.17
30 38 0.21
31 38 0.58
34 38 0.28
35 38 0.27
36 38 0.15
37 38 0.25
41 38 0.0016
1 39 0.4
2 39 0.09
3 39 0.15
4 39 0.11
5 39 0.61
7 39 0.14
9 39 0.14
10 39 0.57
11 39 0.47
12 39 0.4
13 39 0.21
14 39 0.21
39 15 0.5
16 39 0.14
18 39 0.14
23 39 0.36
24 39 0.42
25 39 0.6
39 26 0.57
27 39 0.29
29 39 0.36
30 39 0.29
33 39 0.35
34 39 0.39
35 39 0.57
36 39 0.22
37 39 0.18
41 39 0.0011
3 40 0.35
4 40 0.25
7 40 0.33
13 40 0.18
14 40 0.24
16 40 0.33
28 40 0.26
30 40 0.09
32 40 0.26
34 40 0.23
36 40 0.38
41 40 0.0030
