*Vertices  11
1 "荧光粉"
2 "保护层"
3 "EP"
4 "LED"
5 "铝基板"
6 "透明胶"
7 "键合"
8 "焊盘"
9 "LED芯片"
10 "芯片"
11 "日光灯平面光源"
*Arcs
1 11 0.0116
1 2 0.18
11 2 0.0347
1 3 0.46
3 2 0.17
3 11 0.0101
4 1 0.34
4 2 0.18
4 3 0.37
4 11 0.0022
5 1 0.26
5 2 0.24
5 3 0.24
5 4 0.26
5 11 0.0184
1 6 0.32
6 2 0.58
3 6 0.29
4 6 0.11
5 6 0.41
6 11 0.0726
1 7 0.13
7 2 0.24
3 7 0.12
4 7 0.26
5 7 0.17
7 6 0.41
7 11 0.0181
1 8 0.18
8 2 0.33
3 8 0.33
4 8 0.18
5 8 0.24
8 6 0.58
8 7 0.24
8 11 0.0353
1 9 0.23
9 2 0.28
3 9 0.35
4 9 0.44
5 9 0.4
9 6 0.24
9 7 0.2
9 8 0.28
9 11 0.0078
1 10 0.37
10 2 0.17
10 3 0.38
4 10 0.72
5 10 0.24
10 6 0.15
10 7 0.3
10 8 0.26
10 9 0.61
10 11 0.0036
