*Vertices  51
1 "LED显示屏"
2 "LED灯"
3 "光膜"
4 "传感器"
5 "控制器"
6 "处理器"
7 "单片机"
8 "荧光粉"
9 "开关"
10 "发光荧光材料"
11 "塑料光转换荧光粒料"
12 "助剂"
13 "PD"
14 "聚合物树脂"
15 "变压器"
16 "LED"
17 "二极管"
18 "玻璃"
19 "通道"
20 "LED光源"
21 "塑料"
22 "转换器"
23 "铝基板"
24 "发电机"
25 "发光体"
26 "SiO2"
27 "放大器"
28 "半导体"
29 "电路板"
30 "Al2O3"
31 "燃气涡轮"
32 "客户"
33 "芯片"
34 "存储器"
35 "酸盐"
36 "硬脂酰胺"
37 "Li"
38 "液体石蜡"
39 "电阻"
40 "脉冲信号"
41 "激光"
42 "洗墙灯"
43 "射灯"
44 "检测仪"
45 "检测板"
46 "透镜"
47 "模拟音频"
48 "甲基"
49 "KVM"
50 "激发光"
51 "显示器"
*Arcs
51 1 4.0E-4
2 51 5.0E-4
3 2 0.13
3 51 0.0012
51 4 0.0021
5 1 0.57
51 5 3.0E-4
6 1 0.32
6 2 0.17
6 3 0.22
6 4 0.21
6 5 0.48
6 51 0.0018
7 1 0.15
2 7 0.21
7 4 0.2
7 5 0.11
6 7 0.29
51 7 0.0035
8 1 0.16
8 2 0.17
8 3 0.45
8 5 0.12
8 6 0.1
8 7 0.1
8 51 0.0012
9 1 0.11
2 9 0.39
9 4 0.07
9 5 0.25
6 9 0.28
9 7 0.26
8 9 0.14
51 9 3.0E-4
10 2 0.27
10 3 0.43
10 6 0.1
10 7 0.09
10 8 0.57
10 9 0.13
10 51 0.0012
2 11 0.18
8 11 0.32
9 11 0.22
10 11 0.3
51 11 0.0023
2 12 0.13
3 12 0.5
8 12 0.45
9 12 0.15
10 12 0.43
12 11 0.71
51 12 0.0015
13 4 0.58
6 13 0.18
51 13 6.0E-4
2 14 0.18
8 14 0.32
9 14 0.22
10 14 0.3
14 11 1.0
14 12 0.71
51 14 0.0023
15 1 0.14
2 15 0.2
15 4 0.1
15 5 0.11
7 15 0.09
8 15 0.09
9 15 0.25
51 15 3.0E-4
16 1 0.21
16 2 0.6
16 3 0.15
16 4 0.32
16 5 0.28
16 6 0.34
16 7 0.35
16 8 0.34
16 9 0.49
16 10 0.35
16 11 0.11
16 12 0.15
16 13 0.18
16 14 0.11
16 15 0.37
16 51 0.0021
17 1 0.14
17 2 0.3
17 3 0.2
17 4 0.09
17 5 0.16
17 6 0.04
17 7 0.13
17 8 0.36
17 9 0.31
17 10 0.43
17 11 0.14
17 12 0.2
17 13 0.16
17 14 0.14
17 15 0.37
17 16 0.75
17 51 5.0E-4
18 2 0.28
18 3 0.22
18 4 0.21
18 6 0.3
18 7 0.29
18 8 0.2
18 9 0.21
18 10 0.19
18 13 0.37
18 15 0.09
18 16 0.34
18 17 0.22
18 51 4.0E-4
2 19 0.22
19 4 0.14
7 19 0.12
16 19 0.26
17 19 0.23
51 19 2.0E-4
20 2 0.44
20 3 0.2
20 4 0.09
20 6 0.18
20 7 0.08
20 8 0.26
20 9 0.06
20 10 0.17
20 15 0.08
20 16 0.38
20 17 0.27
20 18 0.18
20 19 0.11
20 51 3.0E-4
21 2 0.13
21 3 0.53
21 4 0.25
21 5 0.14
21 6 0.12
21 8 0.36
21 9 0.16
21 10 0.34
21 11 0.38
21 12 0.53
21 13 0.44
21 14 0.38
21 16 0.28
21 17 0.37
21 18 0.48
21 20 0.1
21 51 0.0017
2 22 0.13
22 4 0.38
22 5 0.29
6 22 0.12
7 22 0.11
8 22 0.12
9 22 0.25
10 22 0.11
22 11 0.38
22 12 0.27
22 13 0.44
22 14 0.38
15 22 0.11
16 22 0.28
17 22 0.21
18 22 0.24
21 22 0.43
51 22 0.0019
23 2 0.29
23 3 0.29
23 6 0.13
23 8 0.26
23 10 0.12
23 16 0.26
23 17 0.23
23 18 0.26
23 19 0.33
23 20 0.34
23 21 0.31
23 51 4.0E-4
1 24 0.25
2 24 0.18
4 24 0.17
5 24 0.19
7 24 0.15
8 24 0.16
9 24 0.22
15 24 0.29
16 24 0.21
17 24 0.14
20 24 0.14
22 24 0.19
51 24 7.0E-4
25 2 0.24
25 3 0.32
25 6 0.14
25 8 0.28
25 10 0.27
25 16 0.24
25 17 0.25
25 18 0.14
25 20 0.37
25 21 0.17
25 23 0.18
25 24 0.22
25 51 5.0E-4
2 26 0.24
3 26 0.24
8 26 0.42
26 9 0.07
10 26 0.7
26 11 0.33
26 12 0.47
26 14 0.33
26 15 0.1
16 26 0.32
17 26 0.38
21 26 0.25
26 22 0.13
25 26 0.15
51 26 4.0E-4
27 1 0.25
27 4 0.17
27 5 0.19
6 27 0.16
7 27 0.45
15 27 0.29
16 27 0.21
17 27 0.14
27 22 0.19
27 24 0.25
51 27 0.0019
28 2 0.29
28 3 0.13
28 4 0.12
28 6 0.11
28 7 0.05
28 8 0.34
28 9 0.12
28 10 0.43
28 11 0.18
28 12 0.13
28 13 0.1
28 14 0.18
28 15 0.1
28 16 0.59
28 17 0.64
28 18 0.23
28 19 0.15
28 20 0.3
28 21 0.27
28 22 0.14
28 23 0.22
28 25 0.16
28 26 0.42
28 27 0.09
28 51 6.0E-4
29 2 0.43
29 3 0.29
29 6 0.13
29 7 0.12
29 8 0.13
29 9 0.18
29 10 0.12
29 15 0.12
29 16 0.26
29 17 0.06
29 18 0.39
29 20 0.11
29 21 0.15
29 23 0.17
29 25 0.37
29 28 0.15
29 51 4.0E-4
2 30 0.15
3 30 0.2
8 30 0.35
30 9 0.06
10 30 0.5
30 11 0.28
30 12 0.39
30 14 0.28
30 15 0.08
16 30 0.38
17 30 0.43
30 19 0.23
21 30 0.21
30 22 0.1
26 30 0.55
28 30 0.6
51 30 3.0E-4
4 31 0.33
7 31 0.3
15 31 0.29
16 31 0.11
22 31 0.38
24 31 0.5
27 31 0.5
51 31 0.0021
2 32 0.2
32 4 0.19
6 32 0.37
8 32 0.18
9 32 0.25
10 32 0.17
32 11 0.58
32 12 0.41
32 14 0.58
16 32 0.18
17 32 0.08
20 32 0.16
21 32 0.22
22 32 0.22
26 32 0.19
28 32 0.21
30 32 0.16
51 32 0.0011
33 1 0.07
2 33 0.36
3 33 0.1
33 4 0.05
33 5 0.11
6 33 0.05
33 7 0.36
8 33 0.37
33 9 0.29
10 33 0.44
33 11 0.15
33 12 0.21
33 14 0.15
33 15 0.21
16 33 0.72
17 33 0.71
18 33 0.14
33 19 0.24
20 33 0.16
21 33 0.17
33 22 0.22
23 33 0.24
33 24 0.07
25 33 0.07
33 26 0.44
33 27 0.29
28 33 0.69
29 33 0.06
33 30 0.53
33 31 0.15
33 32 0.09
51 33 0.0014
34 4 0.5
34 5 0.19
6 34 0.47
7 34 0.15
9 34 0.11
34 13 0.29
15 34 0.14
16 34 0.21
20 34 0.14
22 34 0.38
34 24 0.25
27 34 0.25
28 34 0.09
34 31 0.5
32 34 0.29
33 34 0.07
51 34 0.0022
2 35 0.14
3 35 0.29
8 35 0.52
35 9 0.09
10 35 0.62
35 11 0.41
35 12 0.58
35 14 0.41
16 35 0.26
17 35 0.29
18 35 0.13
20 35 0.11
21 35 0.31
35 22 0.15
35 26 0.54
28 35 0.29
35 30 0.34
35 32 0.24
35 33 0.36
51 35 6.0E-4
2 36 0.18
8 36 0.32
9 36 0.22
10 36 0.3
36 11 1.0
36 12 0.71
36 14 1.0
16 36 0.11
17 36 0.14
21 36 0.38
22 36 0.38
26 36 0.33
28 36 0.18
30 36 0.28
36 32 0.58
33 36 0.15
35 36 0.41
51 36 0.0023
2 37 0.29
3 37 0.24
37 5 0.13
6 37 0.11
8 37 0.42
37 9 0.15
10 37 0.4
37 11 0.33
37 12 0.47
37 14 0.33
16 37 0.32
17 37 0.28
18 37 0.11
37 19 0.14
20 37 0.18
21 37 0.25
37 22 0.25
23 37 0.27
37 26 0.33
28 37 0.3
29 37 0.14
37 30 0.28
37 32 0.19
37 33 0.34
37 34 0.17
37 35 0.54
37 36 0.33
51 37 5.0E-4
2 38 0.18
8 38 0.32
9 38 0.22
10 38 0.3
38 11 1.0
38 12 0.71
38 14 1.0
16 38 0.11
17 38 0.14
21 38 0.38
22 38 0.38
26 38 0.33
28 38 0.18
30 38 0.28
38 32 0.58
33 38 0.15
35 38 0.41
38 36 1.0
37 38 0.33
51 38 0.0023
2 39 0.35
39 4 0.07
39 5 0.08
6 39 0.07
7 39 0.2
8 39 0.07
9 39 0.48
10 39 0.07
39 15 0.57
16 39 0.49
17 39 0.46
18 39 0.07
39 19 0.09
20 39 0.06
39 22 0.25
39 24 0.11
26 39 0.07
39 27 0.22
28 39 0.16
29 39 0.18
30 39 0.12
39 31 0.22
39 32 0.13
33 39 0.45
39 34 0.11
37 39 0.07
51 39 3.0E-4
2 40 0.13
7 40 0.43
9 40 0.15
10 40 0.21
16 40 0.15
17 40 0.1
33 40 0.21
39 40 0.15
51 40 0.0018
41 2 0.19
41 3 0.25
41 4 0.24
41 6 0.11
41 8 0.22
41 9 0.08
41 10 0.21
41 13 0.2
41 15 0.1
41 16 0.3
41 17 0.3
41 18 0.22
41 20 0.1
41 21 0.27
41 22 0.13
41 23 0.14
41 25 0.16
41 26 0.24
41 28 0.38
41 29 0.14
41 30 0.29
41 33 0.21
41 37 0.12
41 39 0.23
41 51 4.0E-4
42 2 0.18
42 3 0.71
42 6 0.32
42 8 0.32
42 10 0.3
42 16 0.11
42 17 0.14
42 18 0.32
42 20 0.28
42 21 0.38
42 23 0.41
42 25 0.45
42 28 0.18
42 29 0.41
42 41 0.35
42 51 0.0017
43 2 0.25
43 3 0.5
43 6 0.22
43 8 0.22
43 10 0.21
43 16 0.15
43 17 0.1
43 18 0.22
43 20 0.39
43 21 0.27
43 23 0.29
43 25 0.32
43 28 0.25
43 29 0.29
43 41 0.25
43 42 0.71
43 51 0.0010
4 44 0.47
6 44 0.22
7 44 0.21
15 44 0.2
16 44 0.15
20 44 0.2
22 44 0.27
44 24 0.35
27 44 0.35
28 44 0.13
44 31 0.71
32 44 0.41
33 44 0.1
34 44 0.71
39 44 0.15
51 44 0.0015
4 45 0.47
7 45 0.21
15 45 0.2
16 45 0.15
22 45 0.27
45 24 0.35
27 45 0.35
45 31 0.71
33 45 0.1
34 45 0.35
39 45 0.15
41 45 0.25
44 45 0.5
51 45 0.0013
46 2 0.28
46 3 0.45
46 4 0.11
46 6 0.1
46 8 0.3
46 9 0.07
46 10 0.29
46 11 0.32
46 12 0.45
46 13 0.18
46 14 0.32
46 16 0.34
46 17 0.36
46 18 0.2
46 19 0.26
46 20 0.26
46 21 0.48
46 22 0.24
46 23 0.39
46 25 0.14
46 26 0.21
46 28 0.23
46 29 0.13
46 30 0.18
46 32 0.18
46 33 0.19
46 35 0.26
46 36 0.32
46 37 0.32
46 38 0.32
46 41 0.34
46 42 0.32
46 43 0.22
46 51 0.0012
7 47 0.3
16 47 0.11
33 47 0.15
40 47 0.71
51 47 0.0025
2 48 0.06
3 48 0.24
8 48 0.32
9 48 0.07
10 48 0.2
48 11 0.33
48 12 0.47
48 14 0.33
16 48 0.32
17 48 0.28
48 19 0.14
21 48 0.25
22 48 0.13
26 48 0.22
28 48 0.42
30 48 0.65
48 32 0.19
33 48 0.39
35 48 0.41
48 36 0.33
37 48 0.33
48 38 0.33
39 48 0.07
41 48 0.12
46 48 0.32
51 48 4.0E-4
7 49 0.3
16 49 0.11
33 49 0.15
40 49 0.71
49 47 1.0
51 49 0.0025
2 50 0.13
3 50 0.27
50 4 0.13
8 50 0.48
50 9 0.08
10 50 0.57
50 11 0.38
50 12 0.53
50 13 0.22
50 14 0.38
16 50 0.28
17 50 0.32
18 50 0.24
20 50 0.1
21 50 0.43
50 22 0.29
25 50 0.17
50 26 0.5
28 50 0.2
50 30 0.21
50 32 0.22
50 33 0.28
50 35 0.62
50 36 0.38
50 37 0.5
50 38 0.38
41 50 0.13
46 50 0.36
50 48 0.25
51 50 6.0E-4
