*Vertices  14
1 "电容"
2 "整流器"
3 "开关"
4 "变压器"
5 "LED"
6 "二极管"
7 "三极管"
8 "蓄电池"
9 "芯片"
10 "继电器"
11 "充电器"
12 "电极"
13 "电阻"
14 "晶体闸流管"
*Arcs
1 14 0.0154
1 2 0.37
2 14 0.0232
3 1 0.46
3 2 0.18
3 14 0.0079
1 4 0.44
4 2 0.59
3 4 0.25
4 14 0.0153
5 1 0.35
5 2 0.26
5 3 0.49
5 4 0.37
5 14 0.0058
6 1 0.34
6 2 0.35
6 3 0.31
6 4 0.37
6 5 0.75
6 14 0.0086
7 1 0.61
7 2 0.47
3 7 0.31
7 4 0.58
5 7 0.37
6 7 0.45
7 14 0.0159
8 2 0.37
3 8 0.2
8 4 0.39
5 8 0.24
6 8 0.19
7 8 0.26
8 14 0.0076
9 1 0.36
9 2 0.24
9 3 0.29
9 4 0.21
5 9 0.72
6 9 0.71
9 7 0.3
9 14 0.0020
1 10 0.6
3 10 0.33
4 10 0.29
5 10 0.21
6 10 0.21
7 10 0.43
9 10 0.15
14 10 0.0091
1 11 0.13
11 2 0.37
11 4 0.39
5 11 0.24
6 11 0.25
7 11 0.52
11 8 0.4
9 11 0.07
11 14 0.0083
1 12 0.35
12 2 0.4
3 12 0.17
12 4 0.45
5 12 0.54
6 12 0.67
7 12 0.62
12 8 0.18
9 12 0.61
12 10 0.29
12 11 0.35
12 14 0.0088
13 1 0.66
13 2 0.53
3 13 0.48
13 4 0.57
5 13 0.49
6 13 0.46
13 7 0.76
13 8 0.2
9 13 0.45
13 10 0.44
13 11 0.39
13 12 0.56
13 14 0.0202
