*Vertices  24
1 "LED灯"
2 "电容"
3 "控制器"
4 "处理器"
5 "单片机"
6 "开关"
7 "EP"
8 "LED"
9 "三极管"
10 "模糊增强算法"
11 "玻璃"
12 "转换器"
13 "IP软核"
14 "电路板"
15 "锂电池"
16 "芯片"
17 "存储器"
18 "Li"
19 "灰度"
20 "边缘检测"
21 "电阻"
22 "VGA"
23 "DMA"
24 "晶体振荡器"
*Arcs
1 24 6.0E-4
1 2 0.21
24 2 0.0014
2 3 0.11
24 3 0.0039
4 1 0.17
4 2 0.1
4 3 0.48
4 24 0.0031
1 5 0.21
5 2 0.18
5 3 0.11
4 5 0.29
5 24 0.0011
1 6 0.39
6 2 0.46
6 3 0.25
4 6 0.28
6 5 0.26
6 24 0.0038
1 7 0.2
7 2 0.17
7 3 0.11
4 7 0.18
7 5 0.09
7 6 0.19
7 24 0.0022
8 1 0.6
8 2 0.35
8 3 0.28
8 4 0.34
8 5 0.35
8 6 0.49
8 7 0.37
8 24 0.0015
1 9 0.2
9 2 0.61
9 3 0.11
5 9 0.17
6 9 0.31
7 9 0.08
8 9 0.37
24 9 0.0014
10 3 0.38
4 10 0.32
6 10 0.22
7 10 0.29
8 10 0.11
24 10 0.0207
11 1 0.28
11 2 0.1
11 4 0.3
11 5 0.29
11 6 0.21
11 7 0.18
11 8 0.34
11 9 0.09
11 24 0.0012
1 12 0.13
2 12 0.23
12 3 0.29
4 12 0.12
5 12 0.11
6 12 0.25
7 12 0.11
8 12 0.28
9 12 0.11
12 10 0.38
11 12 0.24
24 12 0.0039
13 3 0.38
4 13 0.32
6 13 0.22
7 13 0.29
8 13 0.11
13 10 1.0
12 13 0.38
24 13 0.0207
14 1 0.43
14 2 0.12
14 4 0.13
14 5 0.12
14 6 0.18
14 8 0.26
14 9 0.12
14 11 0.39
14 24 0.0018
1 15 0.1
15 2 0.35
5 15 0.17
6 15 0.13
8 15 0.18
15 9 0.5
11 15 0.18
14 15 0.24
15 24 0.0032
1 16 0.36
16 2 0.36
16 3 0.11
4 16 0.05
16 5 0.36
16 6 0.29
16 7 0.38
8 16 0.72
16 9 0.3
11 16 0.14
16 12 0.22
14 16 0.06
16 15 0.17
16 24 5.0E-4
17 3 0.19
4 17 0.47
5 17 0.15
6 17 0.11
7 17 0.14
8 17 0.21
17 10 0.5
12 17 0.38
17 13 0.5
16 17 0.07
24 17 0.0060
1 18 0.29
18 3 0.13
4 18 0.11
18 6 0.15
18 7 0.29
8 18 0.32
18 10 0.33
11 18 0.11
18 12 0.25
18 13 0.33
14 18 0.14
18 16 0.34
18 17 0.17
18 24 0.0029
19 3 0.38
4 19 0.32
6 19 0.22
7 19 0.29
8 19 0.11
19 10 1.0
12 19 0.38
19 13 1.0
19 17 0.5
18 19 0.33
24 19 0.0207
20 3 0.38
4 20 0.32
6 20 0.22
7 20 0.29
8 20 0.11
20 10 1.0
12 20 0.38
20 13 1.0
20 17 0.5
18 20 0.33
20 19 1.0
24 20 0.0207
1 21 0.35
21 2 0.66
21 3 0.08
4 21 0.07
5 21 0.2
6 21 0.48
7 21 0.13
8 21 0.49
21 9 0.76
11 21 0.07
21 12 0.25
14 21 0.18
21 15 0.38
16 21 0.45
21 17 0.11
18 21 0.07
21 24 0.0010
22 3 0.38
4 22 0.32
6 22 0.22
7 22 0.29
8 22 0.11
22 10 1.0
12 22 0.38
22 13 1.0
22 17 0.5
18 22 0.33
22 19 1.0
22 20 1.0
24 22 0.0207
23 3 0.53
4 23 0.45
6 23 0.15
7 23 0.2
8 23 0.15
23 10 0.71
12 23 0.27
23 13 0.71
23 17 0.35
18 23 0.24
23 19 0.71
23 20 0.71
23 22 0.71
24 23 0.0116
