*Vertices  30
1 "LCD显示屏"
2 "衬底"
3 "荧光粉"
4 "GAN"
5 "LED外延片"
6 "外延片"
7 "外延"
8 "LED"
9 "二极管"
10 "通道"
11 "缓冲层"
12 "内量子效率"
13 "半导体"
14 "Al2O3"
15 "MQW"
16 "ESD"
17 "ITO"
18 "LED芯片"
19 "芯片"
20 "Li"
21 "电极"
22 "接触层"
23 "电阻"
24 "激光"
25 "MOCVD"
26 "空穴"
27 "屏幕"
28 "发光层"
29 "甲基"
30 "标准芯片工艺制作"
*Arcs
30 1 0.0021
2 1 0.27
30 2 0.0055
3 2 0.08
3 30 3.0E-4
4 1 0.41
4 2 0.65
3 4 0.13
30 4 0.0070
5 1 0.38
5 2 0.71
3 5 0.12
5 4 0.93
30 5 0.0091
6 1 0.32
6 2 0.85
3 6 0.1
6 4 0.77
6 5 0.84
30 6 0.0073
7 1 0.27
7 2 0.93
3 7 0.08
7 4 0.65
7 5 0.71
7 6 0.85
30 7 0.0056
8 1 0.11
8 2 0.4
8 3 0.34
8 4 0.26
8 5 0.28
8 6 0.34
8 7 0.4
8 30 0.0011
9 1 0.14
9 2 0.45
9 3 0.36
9 4 0.29
9 5 0.27
9 6 0.36
9 7 0.45
9 8 0.75
9 30 9.0E-4
10 2 0.22
10 4 0.33
10 5 0.31
10 6 0.26
10 7 0.22
8 10 0.26
9 10 0.23
30 10 5.0E-4
11 1 0.35
11 2 0.76
3 11 0.11
11 4 0.72
11 5 0.8
11 6 0.89
11 7 0.76
8 11 0.3
9 11 0.3
11 10 0.29
30 11 0.0081
2 12 0.38
3 12 0.22
4 12 0.29
5 12 0.53
6 12 0.45
7 12 0.38
8 12 0.15
9 12 0.1
11 12 0.5
30 12 0.0040
13 1 0.18
13 2 0.67
13 3 0.34
13 4 0.44
13 5 0.48
13 6 0.57
13 7 0.67
13 8 0.59
13 9 0.64
13 10 0.15
13 11 0.51
13 12 0.25
13 30 0.0028
14 1 0.28
14 2 0.67
3 14 0.35
14 4 0.68
14 5 0.73
14 6 0.79
14 7 0.74
8 14 0.38
9 14 0.43
14 10 0.23
14 11 0.78
14 12 0.39
13 14 0.6
14 30 0.0058
15 1 0.3
15 2 0.64
3 15 0.19
15 4 0.74
15 5 0.8
15 6 0.76
15 7 0.73
8 15 0.35
9 15 0.38
15 10 0.25
15 11 0.64
15 12 0.43
13 15 0.6
14 15 0.67
30 15 0.0065
16 2 0.53
16 4 0.61
16 5 0.76
16 6 0.63
16 7 0.53
8 16 0.21
9 16 0.14
16 10 0.41
16 11 0.71
16 12 0.35
13 16 0.36
14 16 0.55
16 15 0.6
30 16 0.0052
17 1 0.38
2 17 0.61
3 17 0.12
4 17 0.62
5 17 0.71
6 17 0.72
7 17 0.71
8 17 0.28
9 17 0.27
11 17 0.67
17 12 0.53
13 17 0.48
14 17 0.73
15 17 0.68
16 17 0.38
30 17 0.0062
18 1 0.24
18 2 0.52
3 18 0.23
18 4 0.5
18 5 0.55
18 6 0.54
18 7 0.45
8 18 0.44
9 18 0.48
18 10 0.4
18 11 0.43
18 12 0.17
13 18 0.57
14 18 0.47
18 15 0.66
18 16 0.49
18 17 0.37
18 30 0.0029
19 1 0.15
19 2 0.55
3 19 0.37
19 4 0.36
19 5 0.39
19 6 0.47
19 7 0.55
8 19 0.72
9 19 0.71
19 10 0.24
19 11 0.42
19 12 0.21
13 19 0.69
19 14 0.53
19 15 0.49
19 16 0.29
19 17 0.39
19 18 0.61
19 30 0.0020
20 2 0.09
3 20 0.42
20 4 0.14
20 5 0.13
20 6 0.11
20 7 0.09
8 20 0.32
9 20 0.28
20 10 0.14
20 11 0.12
20 12 0.24
13 20 0.3
20 14 0.28
20 15 0.2
20 17 0.13
20 18 0.32
20 19 0.34
20 30 4.0E-4
21 1 0.2
21 2 0.73
3 21 0.06
21 4 0.48
21 5 0.52
21 6 0.62
21 7 0.73
8 21 0.54
9 21 0.67
21 10 0.16
21 11 0.55
21 12 0.28
13 21 0.56
14 21 0.54
21 15 0.59
21 16 0.39
21 17 0.52
18 21 0.43
19 21 0.61
20 21 0.07
21 30 0.0032
22 1 0.38
22 2 0.71
3 22 0.12
22 4 0.93
22 5 1.0
22 6 0.84
22 7 0.71
8 22 0.28
9 22 0.27
22 10 0.31
22 11 0.8
22 12 0.53
13 22 0.48
14 22 0.73
22 15 0.8
22 16 0.76
22 17 0.71
18 22 0.55
19 22 0.39
20 22 0.13
21 22 0.52
30 22 0.0091
23 2 0.12
3 23 0.07
23 4 0.18
23 5 0.16
23 6 0.14
23 7 0.12
8 23 0.49
9 23 0.46
23 10 0.09
23 11 0.08
23 12 0.15
13 23 0.16
14 23 0.12
23 15 0.2
23 17 0.16
18 23 0.16
19 23 0.45
20 23 0.07
23 21 0.56
23 22 0.16
23 30 2.0E-4
24 2 0.19
24 3 0.22
24 4 0.29
24 5 0.27
24 6 0.22
24 7 0.28
24 8 0.3
24 9 0.3
24 11 0.13
24 12 0.25
24 13 0.38
24 14 0.29
24 15 0.32
24 17 0.4
24 18 0.09
24 19 0.21
24 20 0.12
24 21 0.21
24 22 0.27
24 23 0.23
24 30 5.0E-4
25 1 0.32
25 2 0.76
3 25 0.1
25 4 0.65
25 5 0.72
25 6 0.9
25 7 0.85
8 25 0.34
9 25 0.36
25 10 0.26
25 11 0.89
25 12 0.45
13 25 0.57
14 25 0.79
25 15 0.76
25 16 0.63
25 17 0.72
18 25 0.46
19 25 0.47
20 25 0.11
21 25 0.62
25 22 0.72
23 25 0.07
24 25 0.22
30 25 0.0070
26 1 0.5
2 26 0.4
3 26 0.16
4 26 0.61
5 26 0.57
6 26 0.47
7 26 0.4
8 26 0.21
9 26 0.21
11 26 0.53
26 12 0.35
13 26 0.36
14 26 0.42
15 26 0.6
16 26 0.25
26 17 0.57
18 26 0.36
19 26 0.29
20 26 0.17
21 26 0.39
22 26 0.57
23 26 0.22
24 26 0.18
25 26 0.47
30 26 0.0051
2 27 0.51
4 27 0.31
5 27 0.29
6 27 0.6
7 27 0.51
8 27 0.28
9 27 0.27
10 27 0.15
11 27 0.53
13 27 0.34
14 27 0.42
15 27 0.34
16 27 0.38
17 27 0.29
18 27 0.28
19 27 0.28
21 27 0.37
22 27 0.29
25 27 0.6
26 27 0.19
30 27 8.0E-4
28 1 0.38
2 28 0.71
4 28 0.15
5 28 0.14
6 28 0.48
7 28 0.61
8 28 0.28
9 28 0.37
11 28 0.4
13 28 0.48
14 28 0.31
15 28 0.23
28 17 0.29
18 28 0.28
19 28 0.39
21 28 0.52
22 28 0.14
25 28 0.48
28 26 0.19
28 27 0.43
30 28 7.0E-4
29 1 0.33
29 2 0.45
3 29 0.32
29 4 0.54
29 5 0.63
29 6 0.53
29 7 0.45
8 29 0.32
9 29 0.28
29 10 0.14
29 11 0.59
29 12 0.47
13 29 0.42
14 29 0.65
29 15 0.5
29 16 0.5
29 17 0.5
18 29 0.4
19 29 0.39
20 29 0.33
21 29 0.33
29 22 0.63
23 29 0.07
24 29 0.12
29 25 0.53
29 26 0.5
29 27 0.25
29 28 0.13
29 30 0.0048
