*Vertices  21
1 "显示器"
2 "探头"
3 "传感器"
4 "处理器"
5 "单片机"
6 "变压器"
7 "LED"
8 "LED光源"
9 "转换器"
10 "发电机"
11 "放大器"
12 "半导体"
13 "燃气涡轮"
14 "客户"
15 "蓄电池"
16 "光电池"
17 "芯片"
18 "存储器"
19 "电阻"
20 "检测板"
21 "检测仪"
*Arcs
1 21 0.0049
2 21 0.0060
1 3 0.38
3 2 0.38
3 21 0.011
4 1 0.36
4 2 0.37
4 3 0.21
4 21 0.0027
1 5 0.46
5 3 0.2
4 5 0.29
5 21 0.0028
1 6 0.11
6 3 0.1
5 6 0.09
6 21 0.0026
7 1 0.28
7 2 0.18
7 3 0.32
7 4 0.34
7 5 0.35
7 6 0.37
7 21 0.0022
8 1 0.1
8 2 0.16
8 3 0.09
8 4 0.18
8 5 0.08
8 6 0.08
8 7 0.38
8 21 0.0016
1 9 0.29
9 2 0.22
9 3 0.38
4 9 0.12
5 9 0.11
6 9 0.11
7 9 0.28
9 21 0.0049
1 10 0.19
3 10 0.17
5 10 0.15
6 10 0.29
7 10 0.21
8 10 0.14
9 10 0.19
21 10 0.0065
1 11 0.38
11 3 0.17
4 11 0.16
5 11 0.45
6 11 0.29
7 11 0.21
11 9 0.19
11 10 0.25
11 21 0.0063
12 1 0.14
12 2 0.1
12 3 0.12
12 4 0.11
12 5 0.05
12 6 0.1
12 7 0.59
12 8 0.3
12 9 0.14
12 11 0.09
12 21 8.0E-4
1 13 0.38
3 13 0.33
5 13 0.3
6 13 0.29
7 13 0.11
9 13 0.38
10 13 0.5
11 13 0.5
21 13 0.0191
1 14 0.22
14 2 0.33
14 3 0.19
4 14 0.37
7 14 0.18
8 14 0.16
9 14 0.22
12 14 0.21
14 21 0.0057
15 2 0.26
15 3 0.15
4 15 0.14
15 6 0.39
7 15 0.24
8 15 0.12
15 10 0.45
12 15 0.08
15 14 0.26
15 21 0.0038
16 2 0.58
16 3 0.5
4 16 0.16
7 16 0.21
8 16 0.28
9 16 0.38
12 16 0.18
14 16 0.29
15 16 0.22
16 21 0.0047
1 17 0.22
17 3 0.05
4 17 0.05
17 5 0.36
17 6 0.21
7 17 0.72
8 17 0.16
17 9 0.22
17 10 0.07
17 11 0.29
12 17 0.69
17 13 0.15
17 14 0.09
17 21 9.0E-4
1 18 0.38
18 2 0.29
18 3 0.5
4 18 0.47
5 18 0.15
6 18 0.14
7 18 0.21
8 18 0.14
9 18 0.38
18 10 0.25
11 18 0.25
12 18 0.09
18 13 0.5
14 18 0.29
15 18 0.22
18 16 0.25
17 18 0.07
18 21 0.0204
1 19 0.08
19 3 0.07
4 19 0.07
5 19 0.2
19 6 0.57
7 19 0.49
8 19 0.06
19 9 0.25
19 10 0.11
19 11 0.22
12 19 0.16
19 13 0.22
19 14 0.13
19 15 0.2
17 19 0.45
19 18 0.11
19 21 0.0016
1 20 0.27
3 20 0.47
5 20 0.21
6 20 0.2
7 20 0.15
9 20 0.27
20 10 0.35
11 20 0.35
20 13 0.71
17 20 0.1
18 20 0.35
19 20 0.15
21 20 0.0116
