*Vertices  18
1 "显示器"
2 "传感器"
3 "单片机"
4 "刻度板"
5 "激光射线"
6 "变压器"
7 "LED"
8 "转换器"
9 "电动机"
10 "发电机"
11 "放大器"
12 "燃气涡轮"
13 "芯片"
14 "存储器"
15 "电阻"
16 "激光"
17 "检测仪"
18 "检测板"
*Arcs
1 18 0.0046
1 2 0.38
2 18 0.0159
1 3 0.46
3 2 0.2
3 18 0.0033
2 4 0.33
18 4 0.0273
2 5 0.33
5 4 1.0
18 5 0.0273
1 6 0.11
6 2 0.1
3 6 0.09
6 18 0.0024
7 1 0.28
7 2 0.32
7 3 0.35
7 4 0.11
7 5 0.11
7 6 0.37
7 18 0.0026
1 8 0.29
8 2 0.38
3 8 0.11
6 8 0.11
7 8 0.28
8 18 0.0043
2 9 0.24
3 9 0.21
9 4 0.71
9 5 0.71
7 9 0.15
18 9 0.0178
1 10 0.19
2 10 0.17
3 10 0.15
6 10 0.29
7 10 0.21
8 10 0.19
18 10 0.0063
1 11 0.38
11 2 0.17
3 11 0.45
6 11 0.29
7 11 0.21
11 8 0.19
11 10 0.25
11 18 0.0065
1 12 0.38
2 12 0.33
3 12 0.3
6 12 0.29
7 12 0.11
8 12 0.38
10 12 0.5
11 12 0.5
18 12 0.0196
1 13 0.22
13 2 0.05
13 3 0.36
13 6 0.21
7 13 0.72
13 8 0.22
13 9 0.1
13 10 0.07
13 11 0.29
13 12 0.15
13 18 0.0010
1 14 0.38
14 2 0.5
3 14 0.15
6 14 0.14
7 14 0.21
8 14 0.38
14 10 0.25
11 14 0.25
14 12 0.5
13 14 0.07
14 18 0.0075
1 15 0.08
15 2 0.07
3 15 0.2
15 6 0.57
7 15 0.49
15 8 0.25
15 10 0.11
15 11 0.22
15 12 0.22
13 15 0.45
15 14 0.11
15 18 0.0015
16 1 0.13
16 2 0.24
16 4 0.35
16 5 0.35
16 6 0.1
16 7 0.3
16 8 0.13
16 9 0.25
16 13 0.21
16 15 0.23
16 18 0.0053
1 17 0.27
2 17 0.47
3 17 0.21
6 17 0.2
7 17 0.15
8 17 0.27
17 10 0.35
11 17 0.35
17 12 0.71
13 17 0.1
14 17 0.71
15 17 0.15
17 18 0.0125
