*Vertices  15
1 "控制器"
2 "处理器"
3 "开关"
4 "EP"
5 "LED"
6 "转换器"
7 "晶体振荡器"
8 "IP软核"
9 "存储器"
10 "Li"
11 "灰度"
12 "边缘检测"
13 "VGA"
14 "DMA"
15 "模糊增强算法"
*Arcs
15 1 0.0070
2 1 0.48
2 15 0.0053
3 1 0.25
2 3 0.28
3 15 0.0025
4 1 0.11
2 4 0.18
4 3 0.19
4 15 0.0038
5 1 0.28
5 2 0.34
5 3 0.49
5 4 0.37
5 15 9.0E-4
6 1 0.29
2 6 0.12
3 6 0.25
4 6 0.11
5 6 0.28
6 15 0.0067
7 1 0.27
2 7 0.22
3 7 0.31
4 7 0.2
5 7 0.15
7 6 0.27
7 15 0.0209
8 1 0.38
2 8 0.32
3 8 0.22
4 8 0.29
5 8 0.11
6 8 0.38
7 8 0.71
8 15 0.0382
9 1 0.19
2 9 0.47
3 9 0.11
4 9 0.14
5 9 0.21
6 9 0.38
7 9 0.35
9 8 0.5
9 15 0.0111
10 1 0.13
2 10 0.11
10 3 0.15
10 4 0.29
5 10 0.32
10 6 0.25
10 7 0.24
10 8 0.33
10 9 0.17
10 15 0.0050
11 1 0.38
2 11 0.32
3 11 0.22
4 11 0.29
5 11 0.11
6 11 0.38
7 11 0.71
11 8 1.0
11 9 0.5
10 11 0.33
11 15 0.0382
12 1 0.38
2 12 0.32
3 12 0.22
4 12 0.29
5 12 0.11
6 12 0.38
7 12 0.71
12 8 1.0
12 9 0.5
10 12 0.33
12 11 1.0
12 15 0.0382
13 1 0.38
2 13 0.32
3 13 0.22
4 13 0.29
5 13 0.11
6 13 0.38
7 13 0.71
13 8 1.0
13 9 0.5
10 13 0.33
13 11 1.0
13 12 1.0
13 15 0.0382
14 1 0.53
2 14 0.45
3 14 0.15
4 14 0.2
5 14 0.15
6 14 0.27
7 14 0.5
14 8 0.71
14 9 0.35
10 14 0.24
14 11 0.71
14 12 0.71
14 13 0.71
14 15 0.0216
