*Vertices  19
1 "显示器"
2 "LED灯"
3 "光膜"
4 "处理器"
5 "荧光粉"
6 "发光荧光材料"
7 "LED"
8 "二极管"
9 "玻璃"
10 "LED光源"
11 "塑料"
12 "铝基板"
13 "发光体"
14 "半导体"
15 "电路板"
16 "激光"
17 "射灯"
18 "透镜"
19 "洗墙灯"
*Arcs
19 1 0.0059
2 1 0.13
19 2 0.0023
3 1 0.27
3 2 0.13
19 3 0.0191
4 1 0.36
4 2 0.17
4 3 0.22
19 4 0.0042
5 1 0.24
5 2 0.17
5 3 0.45
5 4 0.1
19 5 0.0051
6 1 0.23
6 2 0.27
6 3 0.43
6 4 0.1
6 5 0.57
19 6 0.0045
7 1 0.28
7 2 0.6
7 3 0.15
7 4 0.34
7 5 0.34
7 6 0.35
19 7 0.0014
8 1 0.11
8 2 0.3
8 3 0.2
8 4 0.04
8 5 0.36
8 6 0.43
8 7 0.75
19 8 0.0014
9 1 0.12
9 2 0.28
9 3 0.22
9 4 0.3
9 5 0.2
9 6 0.19
9 7 0.34
9 8 0.22
19 9 0.0048
10 1 0.1
10 2 0.44
10 3 0.2
10 4 0.18
10 5 0.26
10 6 0.17
10 7 0.38
10 8 0.27
10 9 0.18
19 10 0.0041
11 1 0.29
11 2 0.13
11 3 0.53
11 4 0.12
11 5 0.36
11 6 0.34
11 7 0.28
11 8 0.37
11 9 0.48
11 10 0.1
19 11 0.0068
12 1 0.15
12 2 0.29
12 3 0.29
12 4 0.13
12 5 0.26
12 6 0.12
12 7 0.26
12 8 0.23
12 9 0.26
12 10 0.34
12 11 0.31
19 12 0.0069
13 1 0.17
13 2 0.24
13 3 0.32
13 4 0.14
13 5 0.28
13 6 0.27
13 7 0.24
13 8 0.25
13 9 0.14
13 10 0.37
13 11 0.17
13 12 0.18
19 13 0.0082
14 1 0.14
14 2 0.29
14 3 0.13
14 4 0.11
14 5 0.34
14 6 0.43
14 7 0.59
14 8 0.64
14 9 0.23
14 10 0.3
14 11 0.27
14 12 0.22
14 13 0.16
19 14 0.0021
15 1 0.15
15 2 0.43
15 3 0.29
15 4 0.13
15 5 0.13
15 6 0.12
15 7 0.26
15 8 0.06
15 9 0.39
15 10 0.11
15 11 0.15
15 12 0.17
15 13 0.37
15 14 0.15
19 15 0.0068
16 1 0.13
16 2 0.19
16 3 0.25
16 4 0.11
16 5 0.22
16 6 0.21
16 7 0.3
16 8 0.3
16 9 0.22
16 10 0.1
16 11 0.27
16 12 0.14
16 13 0.16
16 14 0.38
16 15 0.14
19 16 0.0051
17 1 0.27
17 2 0.25
17 3 0.5
17 4 0.22
17 5 0.22
17 6 0.21
17 7 0.15
17 8 0.1
17 9 0.22
17 10 0.39
17 11 0.27
17 12 0.29
17 13 0.32
17 14 0.25
17 15 0.29
17 16 0.25
17 19 0.0174
18 1 0.24
18 2 0.28
18 3 0.45
18 4 0.1
18 5 0.3
18 6 0.29
18 7 0.34
18 8 0.36
18 9 0.2
18 10 0.26
18 11 0.48
18 12 0.39
18 13 0.14
18 14 0.23
18 15 0.13
18 16 0.34
18 17 0.22
18 19 0.0051
