*Vertices  26
1 "LED灯"
2 "发生器"
3 "荧光粉"
4 "发光荧光材料"
5 "保护层"
6 "变压器"
7 "EP"
8 "LED"
9 "二极管"
10 "玻璃"
11 "LED光源"
12 "发光体"
13 "防音壁"
14 "SiO2"
15 "半导体"
16 "电路板"
17 "Al2O3"
18 "芯片"
19 "光触媒"
20 "酸盐"
21 "硝酸"
22 "Eu2"
23 "离子"
24 "臭氧"
25 "发光管"
26 "涂层"
*Arcs
1 26 0.0039
1 2 0.31
26 2 0.0061
3 1 0.17
3 26 0.0017
4 1 0.27
4 2 0.17
4 3 0.57
4 26 0.0018
1 5 0.2
3 5 0.18
26 5 0.0079
1 6 0.2
6 2 0.17
3 6 0.09
6 5 0.17
26 6 0.0014
1 7 0.2
3 7 0.46
4 7 0.35
7 5 0.17
7 6 0.08
7 26 0.0013
8 1 0.6
8 2 0.18
8 3 0.34
8 4 0.35
8 5 0.18
8 6 0.37
8 7 0.37
8 26 0.0040
9 1 0.3
9 2 0.08
9 3 0.36
9 4 0.43
9 5 0.08
9 6 0.37
9 7 0.24
9 8 0.75
9 26 0.0013
10 1 0.28
10 2 0.37
10 3 0.2
10 4 0.19
10 6 0.09
10 7 0.18
10 8 0.34
10 9 0.22
10 26 0.0026
11 1 0.44
11 3 0.26
11 4 0.17
11 6 0.08
11 7 0.24
11 8 0.38
11 9 0.27
11 10 0.18
11 26 0.0010
12 1 0.24
12 3 0.28
12 4 0.27
12 7 0.13
12 8 0.24
12 9 0.25
12 10 0.14
12 11 0.37
12 26 0.0020
1 13 0.18
5 13 0.58
8 13 0.11
26 13 0.0115
1 14 0.24
3 14 0.42
4 14 0.7
14 5 0.19
14 6 0.1
14 7 0.38
8 14 0.32
9 14 0.38
12 14 0.15
14 26 0.0018
15 1 0.29
15 3 0.34
15 4 0.43
15 5 0.1
15 6 0.1
15 7 0.31
15 8 0.59
15 9 0.64
15 10 0.23
15 11 0.3
15 12 0.16
15 14 0.42
15 26 7.0E-4
16 1 0.43
16 2 0.24
16 3 0.13
16 4 0.12
16 6 0.12
16 8 0.26
16 9 0.06
16 10 0.39
16 11 0.11
16 12 0.37
16 15 0.15
16 26 0.0027
1 17 0.15
3 17 0.35
4 17 0.5
17 5 0.16
17 6 0.08
7 17 0.08
8 17 0.38
9 17 0.43
14 17 0.55
15 17 0.6
26 17 0.0011
1 18 0.36
18 2 0.09
3 18 0.37
4 18 0.44
18 5 0.17
18 6 0.21
18 7 0.38
8 18 0.72
9 18 0.71
10 18 0.14
11 18 0.16
12 18 0.07
18 14 0.44
15 18 0.69
16 18 0.06
18 17 0.53
18 26 6.0E-4
1 19 0.31
2 19 0.67
5 19 0.33
6 19 0.17
8 19 0.18
10 19 0.37
19 13 0.58
16 19 0.24
26 19 0.023
1 20 0.14
3 20 0.52
4 20 0.62
20 7 0.35
8 20 0.26
9 20 0.29
10 20 0.13
11 20 0.11
20 14 0.54
15 20 0.29
20 17 0.34
20 18 0.36
20 26 0.0023
1 21 0.1
3 21 0.37
4 21 0.52
21 7 0.5
8 21 0.18
9 21 0.16
10 21 0.18
11 21 0.16
21 14 0.38
15 21 0.21
21 17 0.16
21 18 0.26
21 20 0.71
21 26 0.0037
1 22 0.09
3 22 0.47
4 22 0.6
22 7 0.58
8 22 0.21
9 22 0.21
10 22 0.16
11 22 0.14
12 22 0.22
22 14 0.5
15 22 0.27
22 17 0.14
22 18 0.29
22 20 0.61
22 21 0.87
22 26 0.0031
1 23 0.16
23 2 0.35
3 23 0.19
4 23 0.27
23 6 0.09
23 7 0.52
8 23 0.35
9 23 0.3
10 23 0.38
11 23 0.08
12 23 0.13
23 14 0.3
15 23 0.38
16 23 0.12
23 18 0.36
23 19 0.35
23 20 0.37
23 21 0.35
23 22 0.45
23 26 0.0026
1 24 0.2
24 2 0.67
3 24 0.18
4 24 0.17
6 24 0.17
8 24 0.18
9 24 0.08
10 24 0.37
14 24 0.19
16 24 0.24
17 24 0.16
18 24 0.09
24 19 0.67
20 24 0.24
23 24 0.35
26 24 0.0067
1 25 0.13
25 2 0.41
6 25 0.2
8 25 0.15
10 25 0.22
16 25 0.29
25 19 0.41
23 25 0.21
24 25 0.41
26 25 0.0067
