*Vertices  22
1 "衬底"
2 "发光荧光材料"
3 "蒸镀方法"
4 "外延片"
5 "外延"
6 "LED"
7 "二极管"
8 "缓冲层"
9 "SiO2"
10 "半导体"
11 "Al2O3"
12 "GaAs"
13 "键合"
14 "芯片"
15 "电极"
16 "MOCVD"
17 "干法刻蚀"
18 "屏幕"
19 "反射层"
20 "发光层"
21 "电流阻挡层"
22 "湿法刻蚀"
*Arcs
1 22 0.0047
2 1 0.16
2 22 0.0039
1 3 0.38
2 3 0.43
22 3 0.0164
4 1 0.85
2 4 0.19
4 3 0.45
4 22 0.0053
5 1 0.93
2 5 0.24
5 3 0.38
5 4 0.85
5 22 0.0048
6 1 0.4
6 2 0.35
6 3 0.15
6 4 0.34
6 5 0.4
6 22 0.0010
7 1 0.45
7 2 0.43
7 3 0.2
7 4 0.36
7 5 0.45
7 6 0.75
7 22 0.0015
8 1 0.76
2 8 0.21
8 3 0.5
8 4 0.89
8 5 0.76
6 8 0.3
7 8 0.3
8 22 0.0057
9 1 0.27
2 9 0.7
9 3 0.24
9 4 0.21
9 5 0.27
6 9 0.32
7 9 0.38
9 8 0.12
9 22 0.0038
10 1 0.67
10 2 0.43
10 3 0.25
10 4 0.57
10 5 0.67
10 6 0.59
10 7 0.64
10 8 0.51
10 9 0.42
10 22 0.0024
11 1 0.67
2 11 0.5
11 3 0.39
11 4 0.79
11 5 0.74
6 11 0.38
7 11 0.43
11 8 0.78
9 11 0.55
10 11 0.6
11 22 0.0042
1 12 0.55
2 12 0.25
12 3 0.29
4 12 0.26
5 12 0.65
6 12 0.26
7 12 0.35
8 12 0.14
9 12 0.27
10 12 0.44
11 12 0.23
22 12 0.0066
1 13 0.22
2 13 0.25
13 3 0.29
4 13 0.13
5 13 0.33
6 13 0.26
7 13 0.29
8 13 0.14
9 13 0.27
10 13 0.29
11 13 0.23
13 12 0.5
13 22 0.0053
14 1 0.55
2 14 0.44
14 3 0.21
14 4 0.47
14 5 0.55
6 14 0.72
7 14 0.71
14 8 0.42
14 9 0.44
10 14 0.69
14 11 0.53
14 12 0.36
14 13 0.3
14 22 0.0018
15 1 0.73
2 15 0.24
15 3 0.28
15 4 0.62
15 5 0.73
6 15 0.54
7 15 0.67
15 8 0.55
9 15 0.26
10 15 0.56
11 15 0.54
15 12 0.48
15 13 0.24
14 15 0.61
15 22 0.0028
16 1 0.76
2 16 0.29
16 3 0.45
16 4 0.9
16 5 0.85
6 16 0.34
7 16 0.36
16 8 0.89
9 16 0.21
10 16 0.57
11 16 0.79
16 12 0.39
16 13 0.26
14 16 0.47
15 16 0.62
16 22 0.0055
1 17 0.38
2 17 0.43
17 3 1.0
4 17 0.45
5 17 0.38
6 17 0.15
7 17 0.2
8 17 0.5
9 17 0.24
10 17 0.25
11 17 0.39
17 12 0.29
13 17 0.29
14 17 0.21
15 17 0.28
16 17 0.45
17 22 0.0164
1 18 0.51
2 18 0.23
18 3 0.53
4 18 0.6
5 18 0.51
6 18 0.28
7 18 0.27
8 18 0.53
9 18 0.13
10 18 0.34
11 18 0.42
18 12 0.31
13 18 0.15
14 18 0.28
15 18 0.37
16 18 0.6
18 17 0.53
18 22 0.0063
1 19 0.46
2 19 0.35
19 3 0.82
4 19 0.55
5 19 0.46
6 19 0.18
7 19 0.24
8 19 0.41
9 19 0.19
10 19 0.31
11 19 0.32
19 12 0.47
13 19 0.24
14 19 0.26
15 19 0.34
16 19 0.55
19 17 0.82
19 18 0.65
19 22 0.0127
1 20 0.71
2 20 0.23
20 3 0.53
4 20 0.48
5 20 0.61
6 20 0.28
7 20 0.37
8 20 0.4
9 20 0.25
10 20 0.48
11 20 0.31
20 12 0.62
20 13 0.31
14 20 0.39
15 20 0.52
16 20 0.48
20 17 0.53
20 18 0.43
20 19 0.65
20 22 0.0071
1 21 0.38
2 21 0.21
21 3 0.5
4 21 0.22
5 21 0.38
6 21 0.15
7 21 0.2
8 21 0.25
9 21 0.24
10 21 0.25
11 21 0.2
21 12 0.58
13 21 0.29
14 21 0.21
15 21 0.28
16 21 0.22
21 17 0.5
21 18 0.27
21 19 0.41
20 21 0.53
21 22 0.0138
