*Vertices  33
1 "衬底"
2 "LED灯"
3 "整流器"
4 "GAN"
5 "次氯酸钠溶液"
6 "保护层"
7 "变压器"
8 "LED外延片"
9 "外延片"
10 "外延"
11 "LED"
12 "二极管"
13 "掩膜"
14 "腐蚀液"
15 "光刻胶"
16 "SiO2"
17 "半导体"
18 "Al2O3"
19 "GaAs"
20 "MQW"
21 "ITO"
22 "键合"
23 "LED芯片"
24 "芯片"
25 "电流扩展层"
26 "离子"
27 "电极"
28 "接触层"
29 "电阻"
30 "激光"
31 "真空吸盘"
32 "发光层"
33 "湿法腐蚀"
*Arcs
1 33 0.0045
2 1 0.05
2 33 4.0E-4
3 1 0.11
2 3 0.14
3 33 0.0016
4 1 0.65
2 4 0.07
3 4 0.17
4 33 0.0022
1 5 0.38
33 5 0.0051
1 6 0.15
2 6 0.2
3 6 0.24
4 6 0.24
6 33 0.0029
7 1 0.08
2 7 0.2
7 3 0.59
7 4 0.12
7 6 0.17
7 33 9.0E-4
8 1 0.71
2 8 0.07
3 8 0.15
8 4 0.93
8 6 0.22
7 8 0.11
8 33 0.0020
9 1 0.85
2 9 0.06
3 9 0.13
9 4 0.77
9 5 0.22
9 6 0.18
7 9 0.09
9 8 0.84
9 33 0.0019
10 1 0.93
2 10 0.09
3 10 0.11
10 4 0.65
10 5 0.38
10 6 0.15
7 10 0.08
10 8 0.71
10 9 0.85
10 33 0.0045
11 1 0.4
11 2 0.6
11 3 0.26
11 4 0.26
11 5 0.15
11 6 0.18
11 7 0.37
11 8 0.28
11 9 0.34
11 10 0.4
11 33 0.0011
12 1 0.45
12 2 0.3
12 3 0.35
12 4 0.29
12 5 0.2
12 6 0.08
12 7 0.37
12 8 0.27
12 9 0.36
12 10 0.45
12 11 0.75
12 33 0.0016
1 13 0.27
2 13 0.18
3 13 0.41
4 13 0.41
6 13 0.58
7 13 0.29
8 13 0.38
9 13 0.32
10 13 0.27
11 13 0.11
12 13 0.14
33 13 0.0075
1 14 0.6
2 14 0.08
3 14 0.18
4 14 0.18
14 5 0.63
6 14 0.26
7 14 0.13
8 14 0.17
9 14 0.28
10 14 0.48
11 14 0.24
12 14 0.32
14 13 0.45
14 33 0.0084
1 15 0.46
2 15 0.1
3 15 0.24
4 15 0.24
15 5 0.41
6 15 0.33
7 15 0.17
8 15 0.22
9 15 0.37
10 15 0.46
11 15 0.18
12 15 0.24
15 13 0.58
14 15 0.77
15 33 0.0039
16 1 0.27
2 16 0.24
16 3 0.14
16 4 0.14
16 6 0.19
16 7 0.1
16 8 0.13
16 9 0.21
16 10 0.27
11 16 0.32
12 16 0.38
16 13 0.33
16 14 0.3
16 15 0.19
16 33 0.0014
17 1 0.67
17 2 0.29
17 3 0.15
17 4 0.44
17 5 0.25
17 6 0.1
17 7 0.1
17 8 0.48
17 9 0.57
17 10 0.67
17 11 0.59
17 12 0.64
17 13 0.18
17 14 0.4
17 15 0.31
17 16 0.42
17 33 0.0023
18 1 0.67
2 18 0.15
18 3 0.11
18 4 0.68
18 6 0.16
18 7 0.08
18 8 0.73
18 9 0.79
18 10 0.74
11 18 0.38
12 18 0.43
18 13 0.28
18 14 0.12
18 15 0.16
16 18 0.55
17 18 0.6
18 33 0.0015
1 19 0.55
2 19 0.07
19 5 0.58
9 19 0.26
10 19 0.65
11 19 0.26
12 19 0.35
14 19 0.55
19 15 0.47
16 19 0.27
17 19 0.44
18 19 0.23
19 33 0.0026
20 1 0.64
2 20 0.16
3 20 0.25
20 4 0.74
20 5 0.21
20 6 0.17
7 20 0.17
20 8 0.8
20 9 0.76
20 10 0.73
11 20 0.35
12 20 0.38
20 13 0.3
20 14 0.27
20 15 0.35
16 20 0.2
17 20 0.6
18 20 0.67
20 19 0.25
20 33 0.0018
1 21 0.61
2 21 0.13
3 21 0.15
4 21 0.62
21 6 0.22
7 21 0.11
8 21 0.71
9 21 0.72
10 21 0.71
11 21 0.28
12 21 0.27
21 13 0.38
21 14 0.17
21 15 0.22
16 21 0.25
17 21 0.48
18 21 0.73
21 19 0.15
20 21 0.68
21 33 0.0021
1 22 0.22
2 22 0.07
22 5 0.29
22 6 0.24
9 22 0.13
10 22 0.33
11 22 0.26
12 22 0.29
22 14 0.18
16 22 0.27
17 22 0.29
18 22 0.23
22 19 0.5
20 22 0.12
21 22 0.15
22 33 0.0019
23 1 0.52
2 23 0.26
23 3 0.2
23 4 0.5
23 5 0.17
23 6 0.28
23 7 0.14
23 8 0.55
23 9 0.54
23 10 0.45
11 23 0.44
12 23 0.48
23 13 0.24
23 14 0.33
23 15 0.28
16 23 0.24
17 23 0.57
18 23 0.47
23 19 0.1
23 20 0.66
23 21 0.37
23 22 0.2
23 33 0.0012
24 1 0.55
2 24 0.36
24 3 0.24
24 4 0.36
24 5 0.21
24 6 0.17
24 7 0.21
24 8 0.39
24 9 0.47
24 10 0.55
11 24 0.72
12 24 0.71
24 13 0.15
24 14 0.33
24 15 0.26
24 16 0.44
17 24 0.69
24 18 0.53
24 19 0.36
24 20 0.49
24 21 0.39
24 22 0.3
24 23 0.61
24 33 0.0018
1 25 0.55
2 25 0.14
3 25 0.17
4 25 0.17
25 5 0.58
6 25 0.24
7 25 0.12
8 25 0.15
9 25 0.26
10 25 0.55
11 25 0.26
12 25 0.35
25 13 0.41
25 14 0.73
25 15 0.47
16 25 0.41
17 25 0.44
18 25 0.23
25 19 0.67
20 25 0.37
21 25 0.31
22 25 0.33
23 25 0.3
24 25 0.36
25 33 0.0074
26 1 0.32
2 26 0.16
26 5 0.43
26 7 0.09
26 9 0.1
26 10 0.24
11 26 0.35
12 26 0.3
26 14 0.54
26 15 0.35
26 16 0.3
17 26 0.38
26 19 0.37
26 20 0.18
26 22 0.12
26 23 0.22
26 24 0.36
26 25 0.37
26 33 0.0013
27 1 0.73
2 27 0.17
27 3 0.4
27 4 0.48
27 5 0.28
27 6 0.11
27 7 0.45
27 8 0.52
27 9 0.62
27 10 0.73
11 27 0.54
12 27 0.67
27 13 0.2
27 14 0.44
27 15 0.34
16 27 0.26
17 27 0.56
18 27 0.54
27 19 0.48
27 20 0.59
27 21 0.52
27 22 0.24
23 27 0.43
24 27 0.61
27 25 0.48
26 27 0.24
27 33 0.0029
28 1 0.71
2 28 0.07
3 28 0.15
28 4 0.93
28 6 0.22
7 28 0.11
28 8 1.0
28 9 0.84
28 10 0.71
11 28 0.28
12 28 0.27
28 13 0.38
28 14 0.17
28 15 0.22
16 28 0.13
17 28 0.48
18 28 0.73
28 20 0.8
28 21 0.71
23 28 0.55
24 28 0.39
28 25 0.15
27 28 0.52
28 33 0.0020
29 1 0.12
2 29 0.35
29 3 0.53
29 4 0.18
29 6 0.13
29 7 0.57
29 8 0.16
29 9 0.14
29 10 0.12
11 29 0.49
12 29 0.46
29 13 0.22
29 14 0.1
29 15 0.13
16 29 0.07
17 29 0.16
18 29 0.12
29 20 0.2
29 21 0.16
23 29 0.16
24 29 0.45
29 25 0.09
29 27 0.56
29 28 0.16
29 33 6.0E-4
30 1 0.19
30 2 0.19
30 3 0.14
30 4 0.29
30 6 0.2
30 7 0.1
30 8 0.27
30 9 0.22
30 10 0.28
30 11 0.3
30 12 0.3
30 13 0.35
30 14 0.16
30 15 0.2
30 16 0.24
30 17 0.38
30 18 0.29
30 19 0.14
30 20 0.32
30 21 0.4
30 22 0.14
30 23 0.09
30 24 0.21
30 25 0.29
30 27 0.21
30 28 0.27
30 29 0.23
30 33 0.0014
1 31 0.27
31 5 0.71
10 31 0.27
11 31 0.11
12 31 0.14
14 31 0.45
17 31 0.18
19 31 0.41
22 31 0.41
24 31 0.15
25 31 0.41
26 31 0.3
27 31 0.2
33 31 0.0067
1 32 0.71
4 32 0.15
32 5 0.53
8 32 0.14
9 32 0.48
10 32 0.61
11 32 0.28
12 32 0.37
32 14 0.51
32 15 0.22
16 32 0.25
17 32 0.48
18 32 0.31
32 19 0.62
20 32 0.23
32 21 0.29
32 22 0.31
23 32 0.28
24 32 0.39
32 25 0.62
26 32 0.34
27 32 0.52
28 32 0.14
32 31 0.38
32 33 0.0024
