*Vertices  11
1 "电容"
2 "开关"
3 "变压器"
4 "LED"
5 "二极管"
6 "三极管"
7 "芯片"
8 "继电器"
9 "电极"
10 "电阻"
11 "滑动变阻器"
*Arcs
1 11 0.0259
2 1 0.46
2 11 0.0135
1 3 0.44
2 3 0.25
3 11 0.0217
4 1 0.35
4 2 0.49
4 3 0.37
4 11 0.0053
5 1 0.34
5 2 0.31
5 3 0.37
5 4 0.75
5 11 0.0072
6 1 0.61
2 6 0.31
6 3 0.58
4 6 0.37
5 6 0.45
6 11 0.0237
7 1 0.36
7 2 0.29
7 3 0.21
4 7 0.72
5 7 0.71
7 6 0.3
7 11 0.0070
1 8 0.6
2 8 0.33
3 8 0.29
4 8 0.21
5 8 0.21
6 8 0.43
7 8 0.15
8 11 0.0515
1 9 0.35
2 9 0.17
9 3 0.45
4 9 0.54
5 9 0.67
6 9 0.62
7 9 0.61
9 8 0.29
9 11 0.0127
10 1 0.66
2 10 0.48
10 3 0.57
4 10 0.49
5 10 0.46
10 6 0.76
7 10 0.45
10 8 0.44
10 9 0.56
10 11 0.0173
