*Vertices  21
1 "光纤"
2 "探头"
3 "传感器"
4 "PD"
5 "牙结石"
6 "光纤耦合"
7 "LED"
8 "二极管"
9 "玻璃"
10 "塑料"
11 "光电转换器件"
12 "转换器"
13 "探针"
14 "光谱仪"
15 "键合"
16 "荧光光谱"
17 "光电池"
18 "激光"
19 "透镜"
20 "激发光"
21 "滤光片"
*Arcs
21 1 0.019
2 1 0.58
21 2 0.0055
3 1 0.33
3 2 0.38
21 3 0.0029
4 1 0.58
4 2 0.33
4 3 0.58
21 4 0.0068
1 5 0.5
21 5 0.013
1 6 0.71
3 6 0.24
4 6 0.41
6 5 0.71
21 6 0.0108
7 1 0.21
7 2 0.18
7 3 0.32
7 4 0.18
7 5 0.11
7 6 0.15
7 21 0.0015
8 1 0.21
8 2 0.08
8 3 0.09
8 4 0.16
8 5 0.14
8 6 0.2
8 7 0.75
8 21 0.0020
9 1 0.32
9 2 0.18
9 3 0.21
9 4 0.37
9 6 0.22
9 7 0.34
9 8 0.22
9 21 0.0023
10 1 0.38
10 2 0.22
10 3 0.25
10 4 0.44
10 6 0.27
10 7 0.28
10 8 0.37
10 9 0.48
10 21 0.0035
11 1 0.71
11 2 0.41
11 3 0.47
11 4 0.82
11 6 0.5
7 11 0.15
8 11 0.2
9 11 0.45
10 11 0.53
21 11 0.0096
12 1 0.38
12 2 0.22
12 3 0.38
12 4 0.44
12 6 0.27
7 12 0.28
8 12 0.21
9 12 0.24
10 12 0.43
12 11 0.53
12 21 0.0033
13 1 0.35
13 2 0.41
13 3 0.24
13 4 0.41
7 13 0.15
8 13 0.2
9 13 0.22
10 13 0.27
13 11 0.5
12 13 0.27
21 13 0.0067
14 1 0.35
14 5 0.71
14 6 0.5
7 14 0.15
8 14 0.1
14 21 0.0091
15 1 0.2
15 2 0.24
15 3 0.14
15 4 0.24
7 15 0.26
8 15 0.29
9 15 0.13
10 15 0.15
15 11 0.29
12 15 0.15
15 13 0.29
15 21 0.0026
16 1 0.35
16 5 0.71
16 6 0.5
7 16 0.15
8 16 0.1
16 14 1.0
16 21 0.0091
17 1 0.5
17 2 0.58
17 3 0.5
17 4 0.58
17 6 0.35
7 17 0.21
8 17 0.21
9 17 0.32
10 17 0.38
17 11 0.71
12 17 0.38
17 13 0.35
15 17 0.2
17 21 0.0055
18 1 0.35
18 3 0.24
18 4 0.2
18 5 0.35
18 6 0.5
18 7 0.3
18 8 0.3
18 9 0.22
18 10 0.27
18 11 0.25
18 12 0.13
18 14 0.25
18 15 0.14
18 16 0.25
18 17 0.18
18 21 0.0033
19 1 0.32
19 3 0.11
19 4 0.18
19 5 0.32
19 6 0.45
19 7 0.34
19 8 0.36
19 9 0.2
19 10 0.48
19 11 0.22
19 12 0.24
19 14 0.22
19 16 0.22
19 17 0.32
19 18 0.34
19 21 0.0028
20 1 0.38
20 2 0.22
20 3 0.13
20 4 0.22
20 5 0.38
20 6 0.27
7 20 0.28
8 20 0.32
9 20 0.24
10 20 0.43
20 11 0.27
20 12 0.29
20 13 0.27
20 14 0.53
20 15 0.15
20 16 0.53
20 17 0.19
18 20 0.13
19 20 0.36
20 21 0.0103
