*Vertices  71
1 "显示器"
2 "衬底"
3 "LED灯"
4 "光纤"
5 "光膜"
6 "传感器"
7 "处理器"
8 "荧光粉"
9 "整流器"
10 "开关"
11 "发光荧光材料"
12 "GAN"
13 "保护层"
14 "刻度板"
15 "PD"
16 "激光射线"
17 "变压器"
18 "触摸屏"
19 "牙结石"
20 "光纤耦合"
21 "LED外延片"
22 "外延片"
23 "外延"
24 "LED"
25 "二极管"
26 "掩膜"
27 "玻璃"
28 "LED光源"
29 "塑料"
30 "腐蚀液"
31 "光电转换器件"
32 "转换器"
33 "铝基板"
34 "缓冲层"
35 "内量子效率"
36 "滤光片"
37 "电动机"
38 "光谱仪"
39 "发光体"
40 "光刻胶"
41 "SiO2"
42 "半导体"
43 "电路板"
44 "Al2O3"
45 "GaAs"
46 "MQW"
47 "ITO"
48 "GPIO"
49 "键合"
50 "荧光光谱"
51 "光电池"
52 "LED芯片"
53 "芯片"
54 "金属层"
55 "电流扩展层"
56 "Li"
57 "电极"
58 "接触层"
59 "电阻"
60 "MOCVD"
61 "标准芯片工艺制作"
62 "湿法腐蚀"
63 "空穴"
64 "洗墙灯"
65 "射灯"
66 "检测板"
67 "透镜"
68 "甲基"
69 "聚光帽"
70 "激发光"
71 "激光"
*Arcs
71 1 2.0E-4
71 2 6.0E-4
3 1 0.13
3 2 0.05
71 3 5.0E-4
71 4 0.0013
5 1 0.27
5 3 0.13
71 5 5.0E-4
1 6 0.38
6 4 0.33
71 6 8.0E-4
7 1 0.36
7 3 0.17
7 4 0.16
7 5 0.22
7 6 0.21
71 7 1.0E-4
8 1 0.24
8 2 0.08
8 3 0.17
8 5 0.45
8 7 0.1
71 8 5.0E-4
9 2 0.11
3 9 0.14
71 9 2.0E-4
1 10 0.08
3 10 0.39
10 6 0.07
7 10 0.28
8 10 0.14
10 9 0.18
71 10 1.0E-4
11 1 0.23
11 2 0.16
11 3 0.27
11 5 0.43
11 7 0.1
11 8 0.57
11 10 0.13
71 11 5.0E-4
12 2 0.65
3 12 0.07
8 12 0.13
9 12 0.17
71 12 8.0E-4
2 13 0.15
3 13 0.2
8 13 0.18
9 13 0.24
12 13 0.24
71 13 3.0E-4
6 14 0.33
71 14 0.0011
1 15 0.22
15 4 0.58
15 6 0.58
7 15 0.18
71 15 5.0E-4
6 16 0.33
16 14 1.0
71 16 0.0011
1 17 0.11
17 2 0.08
3 17 0.2
17 6 0.1
8 17 0.09
17 9 0.59
10 17 0.25
17 12 0.12
17 13 0.17
71 17 1.0E-4
10 18 0.22
71 18 6.0E-4
4 19 0.5
71 19 9.0E-4
4 20 0.71
6 20 0.24
15 20 0.41
20 19 0.71
71 20 0.0019
21 2 0.71
3 21 0.07
8 21 0.12
9 21 0.15
21 12 0.93
21 13 0.22
17 21 0.11
71 21 8.0E-4
22 2 0.85
3 22 0.06
8 22 0.1
9 22 0.13
11 22 0.19
22 12 0.77
22 13 0.18
17 22 0.09
22 21 0.84
71 22 7.0E-4
23 2 0.93
3 23 0.09
8 23 0.08
9 23 0.11
11 23 0.24
23 12 0.65
23 13 0.15
17 23 0.08
23 21 0.71
23 22 0.85
71 23 0.0010
24 1 0.28
24 2 0.4
24 3 0.6
24 4 0.21
24 5 0.15
24 6 0.32
24 7 0.34
24 8 0.34
24 9 0.26
24 10 0.49
24 11 0.35
24 12 0.26
24 13 0.18
24 14 0.11
24 15 0.18
24 16 0.11
24 17 0.37
24 18 0.11
24 19 0.11
24 20 0.15
24 21 0.28
24 22 0.34
24 23 0.4
71 24 0.0015
25 1 0.11
25 2 0.45
25 3 0.3
25 4 0.21
25 5 0.2
25 6 0.09
25 7 0.04
25 8 0.36
25 9 0.35
25 10 0.31
25 11 0.43
25 12 0.29
25 13 0.08
25 15 0.16
25 17 0.37
25 19 0.14
25 20 0.2
25 21 0.27
25 22 0.36
25 23 0.45
25 24 0.75
71 25 0.0012
2 26 0.27
3 26 0.18
9 26 0.41
12 26 0.41
13 26 0.58
17 26 0.29
21 26 0.38
22 26 0.32
23 26 0.27
24 26 0.11
25 26 0.14
71 26 8.0E-4
27 1 0.12
27 2 0.08
27 3 0.28
27 4 0.32
27 5 0.22
27 6 0.21
27 7 0.3
27 8 0.2
27 10 0.21
27 11 0.19
27 15 0.37
27 17 0.09
27 20 0.22
27 22 0.1
27 23 0.08
27 24 0.34
27 25 0.22
71 27 6.0E-4
28 1 0.1
28 3 0.44
28 5 0.2
28 6 0.09
28 7 0.18
28 8 0.26
28 9 0.11
28 10 0.06
28 11 0.17
28 17 0.08
28 24 0.38
28 25 0.27
28 27 0.18
71 28 2.0E-4
29 1 0.29
29 2 0.1
29 3 0.13
29 4 0.38
29 5 0.53
29 6 0.25
29 7 0.12
29 8 0.36
29 10 0.16
29 11 0.34
29 15 0.44
29 20 0.27
29 22 0.12
29 23 0.1
29 24 0.28
29 25 0.37
29 27 0.48
29 28 0.1
71 29 9.0E-4
2 30 0.6
3 30 0.08
9 30 0.18
12 30 0.18
13 30 0.26
17 30 0.13
21 30 0.17
22 30 0.28
23 30 0.48
24 30 0.24
25 30 0.32
30 26 0.45
27 30 0.14
29 30 0.17
71 30 3.0E-4
31 4 0.71
31 6 0.47
31 15 0.82
31 20 0.5
24 31 0.15
25 31 0.2
27 31 0.45
29 31 0.53
71 31 7.0E-4
1 32 0.29
3 32 0.13
32 4 0.38
32 6 0.38
7 32 0.12
8 32 0.12
10 32 0.25
11 32 0.11
32 15 0.44
17 32 0.11
32 20 0.27
24 32 0.28
25 32 0.21
27 32 0.24
29 32 0.43
32 31 0.53
71 32 3.0E-4
33 1 0.15
33 2 0.11
33 3 0.29
33 5 0.29
33 7 0.13
33 8 0.26
33 11 0.12
33 13 0.24
33 22 0.13
33 23 0.11
33 24 0.26
33 25 0.23
33 27 0.26
33 28 0.34
33 29 0.31
33 30 0.18
71 33 2.0E-4
34 2 0.76
8 34 0.11
11 34 0.21
34 12 0.72
34 21 0.8
34 22 0.89
34 23 0.76
24 34 0.3
25 34 0.3
71 34 3.0E-4
2 35 0.38
8 35 0.22
12 35 0.29
21 35 0.53
22 35 0.45
23 35 0.38
24 35 0.15
25 35 0.1
34 35 0.5
71 35 4.0E-4
36 4 0.71
36 6 0.24
36 15 0.41
36 19 0.71
36 20 0.5
24 36 0.15
25 36 0.2
27 36 0.22
29 36 0.27
36 31 0.5
32 36 0.27
71 36 7.0E-4
3 37 0.13
6 37 0.24
8 37 0.22
37 14 0.71
37 16 0.71
24 37 0.15
28 37 0.2
71 37 7.0E-4
3 38 0.13
38 4 0.35
11 38 0.21
38 19 0.71
38 20 0.5
24 38 0.15
25 38 0.1
38 36 0.5
71 38 6.0E-4
39 1 0.17
39 3 0.24
39 5 0.32
39 7 0.14
39 8 0.28
39 11 0.27
39 24 0.24
39 25 0.25
39 27 0.14
39 28 0.37
39 29 0.17
39 33 0.18
71 39 2.0E-4
2 40 0.46
3 40 0.1
9 40 0.24
12 40 0.24
13 40 0.33
17 40 0.17
21 40 0.22
22 40 0.37
23 40 0.46
24 40 0.18
25 40 0.24
40 26 0.58
27 40 0.18
29 40 0.22
30 40 0.77
33 40 0.24
71 40 4.0E-4
1 41 0.13
41 2 0.27
3 41 0.24
5 41 0.24
8 41 0.42
41 9 0.14
41 10 0.07
11 41 0.7
41 12 0.14
41 13 0.19
41 17 0.1
41 21 0.13
41 22 0.21
41 23 0.27
24 41 0.32
25 41 0.38
41 26 0.33
29 41 0.25
41 30 0.3
41 32 0.13
41 34 0.12
41 38 0.24
39 41 0.15
41 40 0.19
71 41 6.0E-4
42 1 0.14
42 2 0.67
42 3 0.29
42 4 0.09
42 5 0.13
42 6 0.12
42 7 0.11
42 8 0.34
42 9 0.15
42 10 0.12
42 11 0.43
42 12 0.44
42 13 0.1
42 15 0.1
42 17 0.1
42 18 0.18
42 20 0.13
42 21 0.48
42 22 0.57
42 23 0.67
42 24 0.59
42 25 0.64
42 26 0.18
42 27 0.23
42 28 0.3
42 29 0.27
42 30 0.4
42 31 0.13
42 32 0.14
42 33 0.22
42 34 0.51
42 35 0.25
42 39 0.16
42 40 0.31
42 41 0.42
71 42 0.0018
43 1 0.15
43 3 0.43
43 5 0.29
43 7 0.13
43 8 0.13
43 10 0.18
43 11 0.12
43 17 0.12
43 24 0.26
43 25 0.06
43 27 0.39
43 28 0.11
43 29 0.15
43 33 0.17
43 39 0.37
43 42 0.15
71 43 2.0E-4
1 44 0.1
44 2 0.67
3 44 0.15
5 44 0.2
8 44 0.35
44 9 0.11
44 10 0.06
11 44 0.5
44 12 0.68
44 13 0.16
44 17 0.08
44 21 0.73
44 22 0.79
44 23 0.74
24 44 0.38
25 44 0.43
44 26 0.28
29 44 0.21
44 30 0.12
44 32 0.1
44 34 0.78
44 35 0.39
44 40 0.16
41 44 0.55
42 44 0.6
71 44 0.0010
2 45 0.55
3 45 0.07
11 45 0.25
22 45 0.26
23 45 0.65
24 45 0.26
25 45 0.35
27 45 0.13
29 45 0.15
30 45 0.55
33 45 0.17
34 45 0.14
45 40 0.47
41 45 0.27
42 45 0.44
44 45 0.23
71 45 3.0E-4
46 2 0.64
3 46 0.16
8 46 0.19
9 46 0.25
10 46 0.07
11 46 0.18
46 12 0.74
46 13 0.17
17 46 0.17
46 21 0.8
46 22 0.76
46 23 0.73
24 46 0.35
25 46 0.38
46 26 0.3
27 46 0.19
28 46 0.17
29 46 0.11
46 30 0.27
33 46 0.12
46 34 0.64
46 35 0.43
46 40 0.35
41 46 0.2
42 46 0.6
44 46 0.67
46 45 0.25
71 46 0.0011
2 47 0.61
3 47 0.13
8 47 0.12
9 47 0.15
11 47 0.23
12 47 0.62
47 13 0.22
17 47 0.11
21 47 0.71
22 47 0.72
23 47 0.71
24 47 0.28
25 47 0.27
47 26 0.38
47 30 0.17
34 47 0.67
47 35 0.53
47 40 0.22
41 47 0.25
42 47 0.48
44 47 0.73
47 45 0.15
46 47 0.68
71 47 0.0014
3 48 0.13
7 48 0.22
10 48 0.31
48 18 0.71
24 48 0.15
42 48 0.13
71 48 6.0E-4
2 49 0.22
3 49 0.07
49 4 0.2
49 6 0.14
8 49 0.13
11 49 0.25
49 13 0.24
49 15 0.24
22 49 0.13
23 49 0.33
24 49 0.26
25 49 0.29
27 49 0.13
29 49 0.15
49 30 0.18
49 31 0.29
32 49 0.15
33 49 0.17
34 49 0.14
49 36 0.29
41 49 0.27
42 49 0.29
44 49 0.23
49 45 0.5
46 49 0.12
47 49 0.15
71 49 3.0E-4
3 50 0.13
50 4 0.35
11 50 0.21
50 19 0.71
50 20 0.5
24 50 0.15
25 50 0.1
50 36 0.5
50 38 1.0
50 41 0.24
71 50 6.0E-4
51 4 0.5
51 6 0.5
7 51 0.16
51 15 0.58
51 20 0.35
24 51 0.21
25 51 0.21
27 51 0.32
28 51 0.28
29 51 0.38
51 31 0.71
32 51 0.38
51 36 0.35
42 51 0.18
49 51 0.2
71 51 4.0E-4
52 2 0.52
3 52 0.26
5 52 0.17
8 52 0.23
52 9 0.2
52 10 0.05
11 52 0.15
52 12 0.5
52 13 0.28
52 17 0.14
52 21 0.55
52 22 0.54
52 23 0.45
24 52 0.44
25 52 0.48
52 26 0.24
27 52 0.15
28 52 0.2
29 52 0.18
52 30 0.33
33 52 0.4
52 34 0.43
52 35 0.17
52 40 0.28
41 52 0.24
42 52 0.57
44 52 0.47
52 45 0.1
52 46 0.66
52 47 0.37
52 49 0.2
71 52 3.0E-4
1 53 0.22
53 2 0.55
3 53 0.36
5 53 0.1
53 6 0.05
7 53 0.05
8 53 0.37
53 9 0.24
53 10 0.29
11 53 0.44
53 12 0.36
53 13 0.17
53 17 0.21
53 18 0.15
53 21 0.39
53 22 0.47
53 23 0.55
24 53 0.72
25 53 0.71
53 26 0.15
27 53 0.14
28 53 0.16
29 53 0.17
53 30 0.33
53 32 0.22
33 53 0.24
53 34 0.42
53 35 0.21
53 37 0.1
53 38 0.1
39 53 0.07
53 40 0.26
53 41 0.44
42 53 0.69
43 53 0.06
53 44 0.53
53 45 0.36
53 46 0.49
53 47 0.39
53 48 0.1
53 49 0.3
53 50 0.1
53 52 0.61
71 53 8.0E-4
3 54 0.18
11 54 0.3
23 54 0.27
24 54 0.11
25 54 0.14
41 54 0.33
42 54 0.18
44 54 0.28
45 54 0.41
46 54 0.3
47 54 0.38
49 54 0.41
53 54 0.15
71 54 6.0E-4
2 55 0.55
3 55 0.14
9 55 0.17
11 55 0.12
12 55 0.17
13 55 0.24
17 55 0.12
21 55 0.15
22 55 0.26
23 55 0.55
24 55 0.26
25 55 0.35
55 26 0.41
27 55 0.13
29 55 0.15
55 30 0.73
33 55 0.17
55 40 0.47
41 55 0.41
42 55 0.44
44 55 0.23
55 45 0.67
46 55 0.37
47 55 0.31
49 55 0.33
52 55 0.3
53 55 0.36
55 54 0.41
71 55 8.0E-4
1 56 0.13
56 2 0.09
3 56 0.29
5 56 0.24
7 56 0.11
8 56 0.42
56 10 0.15
11 56 0.4
56 12 0.14
56 21 0.13
56 22 0.11
56 23 0.09
24 56 0.32
25 56 0.28
27 56 0.11
28 56 0.18
29 56 0.25
56 32 0.25
33 56 0.27
56 34 0.12
56 35 0.24
56 38 0.24
56 41 0.33
42 56 0.3
43 56 0.14
56 44 0.28
56 46 0.2
56 47 0.13
56 50 0.24
56 52 0.32
56 53 0.34
71 56 2.0E-4
57 2 0.73
3 57 0.17
8 57 0.06
57 9 0.4
10 57 0.17
11 57 0.24
57 12 0.48
57 13 0.11
57 17 0.45
57 21 0.52
57 22 0.62
57 23 0.73
24 57 0.54
25 57 0.67
57 26 0.2
27 57 0.06
28 57 0.05
29 57 0.07
57 30 0.44
57 32 0.07
33 57 0.08
57 34 0.55
57 35 0.28
57 40 0.34
41 57 0.26
42 57 0.56
44 57 0.54
57 45 0.48
57 46 0.59
57 47 0.52
57 49 0.24
52 57 0.43
53 57 0.61
57 54 0.2
57 55 0.48
56 57 0.07
71 57 7.0E-4
58 2 0.71
3 58 0.07
8 58 0.12
9 58 0.15
58 12 0.93
58 13 0.22
17 58 0.11
58 21 1.0
58 22 0.84
58 23 0.71
24 58 0.28
25 58 0.27
58 26 0.38
58 30 0.17
58 34 0.8
58 35 0.53
58 40 0.22
41 58 0.13
42 58 0.48
44 58 0.73
58 46 0.8
58 47 0.71
52 58 0.55
53 58 0.39
58 55 0.15
56 58 0.13
57 58 0.52
71 58 8.0E-4
1 59 0.08
59 2 0.12
3 59 0.35
59 6 0.07
7 59 0.07
8 59 0.07
59 9 0.53
10 59 0.48
11 59 0.07
59 12 0.18
59 13 0.13
59 17 0.57
59 18 0.22
59 21 0.16
59 22 0.14
59 23 0.12
24 59 0.49
25 59 0.46
59 26 0.22
27 59 0.07
28 59 0.06
59 30 0.1
59 32 0.25
59 34 0.08
59 35 0.15
59 40 0.13
41 59 0.07
42 59 0.16
43 59 0.18
44 59 0.12
59 46 0.2
59 47 0.16
59 48 0.31
52 59 0.16
53 59 0.45
59 55 0.09
56 59 0.07
59 57 0.56
59 58 0.16
71 59 6.0E-4
60 2 0.76
3 60 0.06
8 60 0.1
11 60 0.29
60 12 0.65
60 21 0.72
60 22 0.9
60 23 0.85
24 60 0.34
25 60 0.36
27 60 0.1
29 60 0.12
60 30 0.14
33 60 0.13
60 34 0.89
60 35 0.45
60 40 0.18
41 60 0.21
42 60 0.57
44 60 0.79
60 45 0.39
60 46 0.76
60 47 0.72
60 49 0.26
52 60 0.46
53 60 0.47
60 54 0.32
60 55 0.26
56 60 0.11
57 60 0.62
60 58 0.72
59 60 0.07
71 60 7.0E-4
61 2 0.6
8 61 0.14
61 12 0.73
61 21 0.85
61 22 0.71
61 23 0.6
24 61 0.24
25 61 0.19
61 34 0.79
61 35 0.63
42 61 0.4
44 61 0.62
61 46 0.67
61 47 0.68
52 61 0.43
53 61 0.33
56 61 0.15
57 61 0.44
61 58 0.85
59 61 0.1
61 60 0.71
71 61 4.0E-4
2 62 0.38
3 62 0.13
9 62 0.29
12 62 0.29
13 62 0.41
17 62 0.2
21 62 0.27
22 62 0.22
23 62 0.38
24 62 0.15
25 62 0.2
62 26 0.71
30 62 0.63
40 62 0.41
41 62 0.24
42 62 0.25
44 62 0.2
45 62 0.29
46 62 0.21
47 62 0.27
49 62 0.29
52 62 0.17
53 62 0.21
55 62 0.58
57 62 0.28
58 62 0.27
59 62 0.15
71 62 5.0E-4
2 63 0.4
3 63 0.09
8 63 0.16
9 63 0.2
10 63 0.11
12 63 0.61
17 63 0.14
21 63 0.57
22 63 0.47
23 63 0.4
24 63 0.21
25 63 0.21
28 63 0.14
34 63 0.53
63 35 0.35
42 63 0.36
44 63 0.42
46 63 0.6
63 47 0.57
52 63 0.36
53 63 0.29
56 63 0.17
57 63 0.39
58 63 0.57
59 63 0.22
60 63 0.47
61 63 0.67
71 63 3.0E-4
64 1 0.38
64 3 0.18
64 5 0.71
64 7 0.32
64 8 0.32
64 11 0.3
64 24 0.11
64 25 0.14
64 27 0.32
64 28 0.28
64 29 0.38
64 33 0.41
64 39 0.45
64 42 0.18
64 43 0.41
64 71 7.0E-4
65 1 0.27
65 3 0.25
65 5 0.5
65 7 0.22
65 8 0.22
65 11 0.21
65 24 0.15
65 25 0.1
65 27 0.22
65 28 0.39
65 29 0.27
65 33 0.29
65 39 0.32
65 42 0.25
65 43 0.29
65 64 0.71
65 71 4.0E-4
1 66 0.27
6 66 0.47
66 14 0.71
66 16 0.71
17 66 0.2
24 66 0.15
32 66 0.27
66 37 0.5
53 66 0.1
59 66 0.15
71 66 8.0E-4
67 1 0.24
67 3 0.28
67 4 0.32
67 5 0.45
67 6 0.11
67 7 0.1
67 8 0.3
67 10 0.07
67 11 0.29
67 15 0.18
67 19 0.32
67 20 0.45
67 24 0.34
67 25 0.36
67 27 0.2
67 28 0.26
67 29 0.48
67 31 0.22
67 32 0.24
67 33 0.39
67 36 0.22
67 38 0.22
67 39 0.14
67 41 0.21
67 42 0.23
67 43 0.13
67 44 0.18
67 50 0.22
67 51 0.32
67 52 0.23
67 53 0.19
67 56 0.32
67 64 0.32
67 65 0.22
67 71 0.0011
1 68 0.13
68 2 0.45
3 68 0.06
5 68 0.24
8 68 0.32
10 68 0.07
11 68 0.2
68 12 0.54
68 21 0.63
68 22 0.53
68 23 0.45
24 68 0.32
25 68 0.28
29 68 0.25
32 68 0.13
68 34 0.59
68 35 0.47
41 68 0.22
42 68 0.42
44 68 0.65
68 46 0.5
68 47 0.5
52 68 0.4
53 68 0.39
56 68 0.33
57 68 0.33
68 58 0.63
59 68 0.07
68 60 0.53
68 61 0.6
68 63 0.5
67 68 0.32
71 68 3.0E-4
4 69 0.5
6 69 0.33
15 69 0.58
69 20 0.71
24 69 0.11
25 69 0.14
27 69 0.32
29 69 0.38
31 69 0.71
32 69 0.38
42 69 0.18
51 69 0.5
67 69 0.32
71 69 9.0E-4
1 70 0.14
3 70 0.13
70 4 0.38
5 70 0.27
70 6 0.13
8 70 0.48
70 10 0.08
11 70 0.57
70 15 0.22
70 19 0.38
70 20 0.27
24 70 0.28
25 70 0.32
27 70 0.24
28 70 0.1
29 70 0.43
70 31 0.27
70 32 0.29
70 36 0.53
70 38 0.53
39 70 0.17
70 41 0.5
42 70 0.2
70 44 0.21
70 46 0.11
70 49 0.15
70 50 0.53
70 51 0.19
70 52 0.18
70 53 0.28
70 56 0.5
67 70 0.36
70 68 0.25
71 70 4.0E-4
