*Vertices  65
1 "显示器"
2 "LED灯"
3 "光纤"
4 "探头"
5 "容器"
6 "光膜"
7 "传感器"
8 "荧光粉"
9 "开关"
10 "发光荧光材料"
11 "柔性高分子材料"
12 "塑料光转换荧光粒料"
13 "助剂"
14 "PD"
15 "聚合物树脂"
16 "硼酸"
17 "牙结石"
18 "光纤耦合"
19 "EP"
20 "LED"
21 "二极管"
22 "玻璃"
23 "LED光源"
24 "塑料"
25 "光电转换器件"
26 "转换器"
27 "探针"
28 "滤光片"
29 "稀释剂"
30 "光谱仪"
31 "荧光体"
32 "发光体"
33 "硅橡胶"
34 "SiO2"
35 "半导体"
36 "Al2O3"
37 "NH4H2PO4"
38 "MQW"
39 "硅氧磷灰石"
40 "键合"
41 "客户"
42 "荧光光谱"
43 "金属银纳米粒子"
44 "光电池"
45 "LED芯片"
46 "芯片"
47 "酸盐"
48 "硅油"
49 "SrCO3"
50 "Eu2O3"
51 "硝酸"
52 "Eu2"
53 "去离子水"
54 "硬脂酰胺"
55 "Li"
56 "液体石蜡"
57 "离子"
58 "基色"
59 "丙酮"
60 "激光"
61 "玻璃体"
62 "臭氧"
63 "透镜"
64 "甲基"
65 "激发光"
*Arcs
1 65 2.0E-4
2 1 0.13
2 65 2.0E-4
65 3 9.0E-4
4 3 0.58
65 4 3.0E-4
65 5 6.0E-4
6 1 0.27
6 2 0.13
6 5 0.5
6 65 6.0E-4
1 7 0.38
7 3 0.33
7 4 0.38
65 7 1.0E-4
8 1 0.24
8 2 0.17
8 5 0.22
8 6 0.45
8 65 0.0017
1 9 0.08
2 9 0.39
9 7 0.07
8 9 0.14
65 9 1.0E-4
10 1 0.23
10 2 0.27
10 5 0.21
10 6 0.43
10 8 0.57
10 9 0.13
10 65 0.0024
11 5 0.71
6 11 0.71
8 11 0.32
10 11 0.3
65 11 9.0E-4
1 12 0.38
2 12 0.18
8 12 0.32
9 12 0.22
10 12 0.3
65 12 8.0E-4
1 13 0.27
2 13 0.13
13 5 0.5
6 13 0.5
8 13 0.45
9 13 0.15
10 13 0.43
13 11 0.71
13 12 0.71
65 13 0.0018
1 14 0.22
14 3 0.58
14 4 0.33
14 7 0.58
65 14 3.0E-4
1 15 0.38
2 15 0.18
8 15 0.32
9 15 0.22
10 15 0.3
15 12 1.0
15 13 0.71
65 15 8.0E-4
2 16 0.13
8 16 0.22
10 16 0.43
65 16 0.0017
3 17 0.5
65 17 7.0E-4
3 18 0.71
7 18 0.24
14 18 0.41
18 17 0.71
65 18 6.0E-4
2 19 0.2
19 5 0.2
8 19 0.46
19 9 0.19
10 19 0.35
19 16 0.41
65 19 9.0E-4
20 1 0.28
20 2 0.6
20 3 0.21
20 4 0.18
20 5 0.15
20 6 0.15
20 7 0.32
20 8 0.34
20 9 0.49
20 10 0.35
20 11 0.11
20 12 0.11
20 13 0.15
20 14 0.18
20 15 0.11
20 16 0.15
20 17 0.11
20 18 0.15
20 19 0.37
20 65 8.0E-4
21 1 0.11
21 2 0.3
21 3 0.21
21 4 0.08
21 5 0.2
21 6 0.2
21 7 0.09
21 8 0.36
21 9 0.31
21 10 0.43
21 11 0.14
21 12 0.14
21 13 0.2
21 14 0.16
21 15 0.14
21 16 0.1
21 17 0.14
21 18 0.2
21 19 0.24
21 20 0.75
21 65 9.0E-4
22 1 0.12
22 2 0.28
22 3 0.32
22 4 0.18
22 6 0.22
22 7 0.21
22 8 0.2
22 9 0.21
22 10 0.19
22 14 0.37
22 16 0.22
22 18 0.22
22 19 0.18
22 20 0.34
22 21 0.22
22 65 5.0E-4
23 1 0.1
23 2 0.44
23 4 0.16
23 6 0.2
23 7 0.09
23 8 0.26
23 9 0.06
23 10 0.17
23 16 0.2
23 19 0.24
23 20 0.38
23 21 0.27
23 22 0.18
23 65 1.0E-4
24 1 0.29
24 2 0.13
24 3 0.38
24 4 0.22
24 5 0.27
24 6 0.53
24 7 0.25
24 8 0.36
24 9 0.16
24 10 0.34
24 11 0.38
24 12 0.38
24 13 0.53
24 14 0.44
24 15 0.38
24 18 0.27
24 19 0.11
24 20 0.28
24 21 0.37
24 22 0.48
24 23 0.1
24 65 0.0014
25 3 0.71
25 4 0.41
25 7 0.47
25 14 0.82
25 18 0.5
20 25 0.15
21 25 0.2
22 25 0.45
24 25 0.53
65 25 5.0E-4
1 26 0.29
2 26 0.13
26 3 0.38
26 4 0.22
26 7 0.38
8 26 0.12
9 26 0.25
10 26 0.11
26 12 0.38
26 13 0.27
26 14 0.44
26 15 0.38
26 18 0.27
19 26 0.11
20 26 0.28
21 26 0.21
22 26 0.24
24 26 0.43
26 25 0.53
65 26 6.0E-4
27 3 0.35
27 4 0.41
27 7 0.24
27 14 0.41
20 27 0.15
21 27 0.2
22 27 0.22
24 27 0.27
27 25 0.5
26 27 0.27
65 27 3.0E-4
28 3 0.71
28 4 0.41
28 7 0.24
28 14 0.41
28 17 0.71
28 18 0.5
20 28 0.15
21 28 0.2
22 28 0.22
24 28 0.27
28 25 0.5
26 28 0.27
28 27 0.5
65 28 0.0013
29 5 0.71
6 29 0.71
8 29 0.32
10 29 0.3
29 11 1.0
29 13 0.71
20 29 0.11
21 29 0.14
24 29 0.38
65 29 9.0E-4
2 30 0.13
30 3 0.35
10 30 0.21
30 16 0.5
30 17 0.71
30 18 0.5
30 19 0.2
20 30 0.15
21 30 0.1
30 28 0.5
65 30 0.0017
31 5 0.41
6 31 0.41
8 31 0.55
10 31 0.52
31 11 0.58
31 13 0.41
16 31 0.41
19 31 0.33
20 31 0.18
21 31 0.24
22 31 0.18
23 31 0.16
24 31 0.22
31 29 0.58
65 31 0.0027
32 1 0.17
32 2 0.24
32 6 0.32
32 8 0.28
32 10 0.27
32 19 0.13
32 20 0.24
32 21 0.25
32 22 0.14
32 23 0.37
32 24 0.17
32 31 0.26
32 65 2.0E-4
33 5 0.71
6 33 0.71
8 33 0.32
10 33 0.3
33 11 1.0
33 13 0.71
20 33 0.11
21 33 0.14
24 33 0.38
33 29 1.0
33 31 0.58
65 33 9.0E-4
1 34 0.13
2 34 0.24
34 5 0.47
6 34 0.24
8 34 0.42
34 9 0.07
10 34 0.7
34 11 0.33
34 12 0.33
34 13 0.47
34 15 0.33
34 16 0.24
34 19 0.38
20 34 0.32
21 34 0.38
24 34 0.25
34 26 0.13
34 29 0.33
34 30 0.24
34 31 0.38
32 34 0.15
34 33 0.33
65 34 0.0019
35 1 0.14
35 2 0.29
35 3 0.09
35 4 0.1
35 5 0.13
35 6 0.13
35 7 0.12
35 8 0.34
35 9 0.12
35 10 0.43
35 12 0.18
35 13 0.13
35 14 0.1
35 15 0.18
35 16 0.13
35 18 0.13
35 19 0.31
35 20 0.59
35 21 0.64
35 22 0.23
35 23 0.3
35 24 0.27
35 25 0.13
35 26 0.14
35 27 0.13
35 31 0.21
35 32 0.16
35 34 0.42
35 65 5.0E-4
1 36 0.1
2 36 0.15
36 5 0.2
6 36 0.2
8 36 0.35
36 9 0.06
10 36 0.5
36 11 0.28
36 12 0.28
36 13 0.39
36 15 0.28
19 36 0.08
20 36 0.38
21 36 0.43
24 36 0.21
36 26 0.1
36 29 0.28
36 31 0.16
36 33 0.28
34 36 0.55
35 36 0.6
65 36 4.0E-4
8 37 0.32
10 37 0.3
19 37 0.29
20 37 0.11
21 37 0.14
31 37 0.58
32 37 0.45
34 37 0.33
35 37 0.18
65 37 8.0E-4
2 38 0.16
8 38 0.19
9 38 0.07
10 38 0.18
16 38 0.21
19 38 0.26
20 38 0.35
21 38 0.38
22 38 0.19
23 38 0.17
24 38 0.11
31 38 0.17
34 38 0.2
35 38 0.6
36 38 0.67
65 38 1.0E-4
8 39 0.32
10 39 0.3
19 39 0.29
20 39 0.11
21 39 0.14
31 39 0.58
32 39 0.45
34 39 0.33
35 39 0.18
39 37 1.0
65 39 8.0E-4
2 40 0.07
40 3 0.2
40 4 0.24
40 7 0.14
8 40 0.13
10 40 0.25
40 14 0.24
19 40 0.12
20 40 0.26
21 40 0.29
22 40 0.13
24 40 0.15
40 25 0.29
26 40 0.15
40 27 0.29
40 28 0.29
34 40 0.27
35 40 0.29
36 40 0.23
38 40 0.12
65 40 1.0E-4
1 41 0.22
2 41 0.2
41 4 0.33
41 7 0.19
8 41 0.18
9 41 0.25
10 41 0.17
41 12 0.58
41 13 0.41
41 15 0.58
19 41 0.17
20 41 0.18
21 41 0.08
23 41 0.16
24 41 0.22
26 41 0.22
34 41 0.19
35 41 0.21
36 41 0.16
65 41 3.0E-4
2 42 0.13
42 3 0.35
10 42 0.21
42 16 0.5
42 17 0.71
42 18 0.5
42 19 0.2
20 42 0.15
21 42 0.1
42 28 0.5
42 30 1.0
42 34 0.24
65 42 0.0017
8 43 0.32
10 43 0.3
16 43 0.71
19 43 0.29
20 43 0.11
21 43 0.14
22 43 0.32
23 43 0.28
31 43 0.58
35 43 0.18
38 43 0.3
65 43 8.0E-4
44 3 0.5
44 4 0.58
44 7 0.5
44 14 0.58
44 18 0.35
20 44 0.21
21 44 0.21
22 44 0.32
23 44 0.28
24 44 0.38
44 25 0.71
26 44 0.38
44 27 0.35
44 28 0.35
35 44 0.18
40 44 0.2
41 44 0.29
65 44 3.0E-4
2 45 0.26
45 5 0.34
6 45 0.17
8 45 0.23
45 9 0.05
10 45 0.15
45 11 0.24
45 13 0.17
16 45 0.17
19 45 0.35
20 45 0.44
21 45 0.48
22 45 0.15
23 45 0.2
24 45 0.18
45 29 0.24
45 31 0.28
45 33 0.24
34 45 0.24
35 45 0.57
36 45 0.47
45 38 0.66
45 40 0.2
45 43 0.24
65 45 3.0E-4
1 46 0.22
2 46 0.36
46 5 0.21
6 46 0.1
46 7 0.05
8 46 0.37
46 9 0.29
10 46 0.44
46 11 0.15
46 12 0.15
46 13 0.21
46 15 0.15
46 16 0.21
46 19 0.38
20 46 0.72
21 46 0.71
22 46 0.14
23 46 0.16
24 46 0.17
46 26 0.22
46 27 0.1
46 29 0.15
46 30 0.1
46 31 0.26
32 46 0.07
46 33 0.15
46 34 0.44
35 46 0.69
46 36 0.53
46 37 0.15
46 38 0.49
46 39 0.15
46 40 0.3
46 41 0.09
46 42 0.1
46 43 0.15
46 45 0.61
65 46 8.0E-4
1 47 0.15
2 47 0.14
47 5 0.29
6 47 0.29
8 47 0.52
47 9 0.09
10 47 0.62
47 11 0.41
47 12 0.41
47 13 0.58
47 15 0.41
47 16 0.58
47 19 0.35
20 47 0.26
21 47 0.29
22 47 0.13
23 47 0.11
24 47 0.31
47 26 0.15
47 29 0.41
47 30 0.29
47 31 0.47
47 33 0.41
47 34 0.54
35 47 0.29
47 36 0.34
47 38 0.12
47 41 0.24
47 42 0.29
47 43 0.41
47 45 0.2
47 46 0.36
65 47 0.0027
48 5 0.71
6 48 0.71
8 48 0.32
10 48 0.3
48 11 1.0
48 13 0.71
20 48 0.11
21 48 0.14
24 48 0.38
48 29 1.0
48 31 0.58
48 33 1.0
34 48 0.33
36 48 0.28
45 48 0.24
46 48 0.15
47 48 0.41
65 48 9.0E-4
2 49 0.13
8 49 0.22
10 49 0.43
49 16 0.5
49 19 0.41
20 49 0.15
21 49 0.1
49 30 0.5
49 31 0.41
32 49 0.32
49 34 0.47
35 49 0.13
49 37 0.71
49 39 0.71
49 42 0.5
49 46 0.21
49 47 0.29
65 49 0.0017
2 50 0.13
8 50 0.22
10 50 0.43
50 16 0.5
50 19 0.41
20 50 0.15
21 50 0.1
50 30 0.5
50 31 0.41
32 50 0.32
50 34 0.47
35 50 0.13
50 37 0.71
50 39 0.71
50 42 0.5
50 46 0.21
50 47 0.29
50 49 1.0
65 50 0.0017
2 51 0.1
8 51 0.37
10 51 0.52
51 16 0.82
51 19 0.5
20 51 0.18
21 51 0.16
22 51 0.18
23 51 0.16
51 30 0.41
51 31 0.33
51 34 0.38
35 51 0.21
51 36 0.16
51 38 0.17
51 42 0.41
51 43 0.58
51 45 0.14
51 46 0.26
51 47 0.71
51 49 0.41
51 50 0.41
65 51 0.0013
2 52 0.09
8 52 0.47
10 52 0.6
52 16 0.71
52 19 0.58
20 52 0.21
21 52 0.21
22 52 0.16
23 52 0.14
52 30 0.35
52 31 0.58
32 52 0.22
52 34 0.5
35 52 0.27
52 36 0.14
52 37 0.5
52 38 0.15
52 39 0.5
52 42 0.35
52 43 0.5
52 45 0.12
52 46 0.29
52 47 0.61
52 49 0.71
52 50 0.71
52 51 0.87
65 52 0.0022
2 53 0.08
53 5 0.32
10 53 0.13
53 16 0.32
53 19 0.39
20 53 0.24
21 53 0.19
53 30 0.32
53 34 0.3
35 53 0.24
53 42 0.32
53 45 0.11
53 46 0.26
53 47 0.37
53 49 0.32
53 50 0.32
53 51 0.26
53 52 0.22
65 53 3.0E-4
1 54 0.38
2 54 0.18
8 54 0.32
9 54 0.22
10 54 0.3
54 12 1.0
54 13 0.71
54 15 1.0
20 54 0.11
21 54 0.14
24 54 0.38
26 54 0.38
34 54 0.33
35 54 0.18
36 54 0.28
54 41 0.58
46 54 0.15
47 54 0.41
65 54 8.0E-4
1 55 0.13
2 55 0.29
55 5 0.24
6 55 0.24
8 55 0.42
55 9 0.15
10 55 0.4
55 11 0.33
55 12 0.33
55 13 0.47
55 15 0.33
55 16 0.47
55 19 0.29
20 55 0.32
21 55 0.28
22 55 0.11
23 55 0.18
24 55 0.25
55 26 0.25
55 29 0.33
55 30 0.24
55 31 0.38
55 33 0.33
55 34 0.33
35 55 0.3
55 36 0.28
55 38 0.2
55 41 0.19
55 42 0.24
55 43 0.33
55 45 0.32
55 46 0.34
55 47 0.54
55 48 0.33
55 49 0.24
55 50 0.24
55 51 0.38
55 52 0.33
55 53 0.15
55 54 0.33
65 55 0.0018
1 56 0.38
2 56 0.18
8 56 0.32
9 56 0.22
10 56 0.3
56 12 1.0
56 13 0.71
56 15 1.0
20 56 0.11
21 56 0.14
24 56 0.38
26 56 0.38
34 56 0.33
35 56 0.18
36 56 0.28
56 41 0.58
46 56 0.15
47 56 0.41
56 54 1.0
55 56 0.33
65 56 8.0E-4
2 57 0.16
57 5 0.21
8 57 0.19
10 57 0.27
57 16 0.43
57 19 0.52
20 57 0.35
21 57 0.3
22 57 0.38
23 57 0.08
24 57 0.11
57 30 0.21
57 31 0.35
32 57 0.13
57 34 0.3
35 57 0.38
57 37 0.3
57 38 0.18
57 39 0.3
57 40 0.12
57 42 0.21
57 43 0.3
57 45 0.22
57 46 0.36
57 47 0.37
57 49 0.43
57 50 0.43
57 51 0.35
57 52 0.45
57 53 0.67
57 55 0.2
65 57 9.0E-4
2 58 0.09
8 58 0.16
10 58 0.3
58 16 0.71
58 19 0.29
20 58 0.21
21 58 0.14
22 58 0.16
23 58 0.14
58 30 0.35
58 31 0.29
58 34 0.17
35 58 0.09
58 38 0.15
58 42 0.35
58 43 0.5
58 45 0.12
58 46 0.15
58 47 0.41
58 49 0.35
58 50 0.35
58 51 0.58
58 52 0.5
58 53 0.22
58 55 0.33
58 57 0.3
65 58 9.0E-4
2 59 0.09
59 5 0.35
10 59 0.15
59 16 0.35
59 19 0.58
20 59 0.21
21 59 0.14
22 59 0.16
24 59 0.19
59 30 0.35
59 34 0.33
35 59 0.18
59 38 0.15
59 42 0.35
59 45 0.24
59 46 0.22
59 47 0.2
59 49 0.35
59 50 0.35
59 51 0.29
59 52 0.25
59 53 0.67
59 55 0.17
59 57 0.6
59 58 0.25
65 59 3.0E-4
60 1 0.13
60 2 0.19
60 3 0.35
60 6 0.25
60 7 0.24
60 8 0.22
60 9 0.08
60 10 0.21
60 14 0.2
60 17 0.35
60 18 0.5
60 20 0.3
60 21 0.3
60 22 0.22
60 23 0.1
60 24 0.27
60 25 0.25
60 26 0.13
60 28 0.25
60 30 0.25
60 32 0.16
60 34 0.24
60 35 0.38
60 36 0.29
60 38 0.32
60 40 0.14
60 42 0.25
60 44 0.18
60 45 0.09
60 46 0.21
60 55 0.12
60 65 2.0E-4
8 61 0.32
10 61 0.3
16 61 0.71
19 61 0.29
20 61 0.11
21 61 0.14
22 61 0.32
23 61 0.28
31 61 0.58
35 61 0.18
38 61 0.3
61 43 1.0
45 61 0.24
46 61 0.15
47 61 0.41
51 61 0.58
52 61 0.5
55 61 0.33
57 61 0.3
58 61 0.5
65 61 8.0E-4
2 62 0.2
62 5 0.41
6 62 0.41
8 62 0.18
10 62 0.17
62 11 0.58
62 13 0.41
20 62 0.18
21 62 0.08
22 62 0.37
24 62 0.22
62 29 0.58
62 31 0.33
62 33 0.58
34 62 0.19
36 62 0.16
45 62 0.14
46 62 0.09
47 62 0.24
62 48 0.58
55 62 0.19
57 62 0.35
65 62 4.0E-4
63 1 0.24
63 2 0.28
63 3 0.32
63 5 0.22
63 6 0.45
63 7 0.11
63 8 0.3
63 9 0.07
63 10 0.29
63 11 0.32
63 12 0.32
63 13 0.45
63 14 0.18
63 15 0.32
63 17 0.32
63 18 0.45
63 19 0.09
63 20 0.34
63 21 0.36
63 22 0.2
63 23 0.26
63 24 0.48
63 25 0.22
63 26 0.24
63 28 0.22
63 29 0.32
63 30 0.22
63 31 0.18
63 32 0.14
63 33 0.32
63 34 0.21
63 35 0.23
63 36 0.18
63 41 0.18
63 42 0.22
63 44 0.32
63 45 0.23
63 46 0.19
63 47 0.26
63 48 0.32
63 53 0.14
63 54 0.32
63 55 0.32
63 56 0.32
63 57 0.1
63 59 0.16
63 60 0.34
63 62 0.18
63 65 0.0011
1 64 0.13
2 64 0.06
64 5 0.24
6 64 0.24
8 64 0.32
9 64 0.07
10 64 0.2
64 11 0.33
64 12 0.33
64 13 0.47
64 15 0.33
19 64 0.1
20 64 0.32
21 64 0.28
24 64 0.25
26 64 0.13
64 29 0.33
64 31 0.19
64 33 0.33
34 64 0.22
35 64 0.42
36 64 0.65
64 38 0.5
64 41 0.19
45 64 0.4
46 64 0.39
47 64 0.41
64 48 0.33
53 64 0.3
64 54 0.33
55 64 0.33
64 56 0.33
57 64 0.2
59 64 0.17
60 64 0.12
64 62 0.19
63 64 0.32
65 64 5.0E-4
