*Vertices  38
1 "LED灯"
2 "电容"
3 "荧光粉"
4 "整流器"
5 "开关"
6 "保护层"
7 "离子络合"
8 "变压器"
9 "AuSn"
10 "Au5Sn"
11 "EP"
12 "LED"
13 "二极管"
14 "稳压二极管"
15 "三极管"
16 "LED光源"
17 "日光灯平面光源"
18 "Au-Sn合金电镀液"
19 "铝基板"
20 "透明胶"
21 "半导体"
22 "MQW"
23 "键合"
24 "LED芯片"
25 "芯片"
26 "酸盐"
27 "亚硫酸"
28 "去离子水"
29 "电感"
30 "离子"
31 "电极"
32 "电阻"
33 "Au-Sn合金"
34 "Au-30at.％Sn合金"
35 "空穴"
36 "甲基"
37 "络合剂"
38 "焊盘"
*Arcs
1 38 3.0E-4
1 2 0.21
2 38 6.0E-4
3 1 0.17
3 38 7.0E-4
1 4 0.14
2 4 0.37
4 38 9.0E-4
1 5 0.39
5 2 0.46
3 5 0.14
5 4 0.18
5 38 3.0E-4
1 6 0.2
3 6 0.18
4 6 0.24
38 6 0.0019
38 7 0.0074
1 8 0.2
2 8 0.44
3 8 0.09
8 4 0.59
5 8 0.25
8 6 0.17
8 38 5.0E-4
9 7 1.0
38 9 0.0074
10 7 1.0
10 9 1.0
38 10 0.0074
1 11 0.2
11 2 0.17
3 11 0.46
11 4 0.12
11 5 0.19
11 6 0.17
11 8 0.08
11 38 0.0019
12 1 0.6
12 2 0.35
12 3 0.34
12 4 0.26
12 5 0.49
12 6 0.18
12 7 0.11
12 8 0.37
12 9 0.11
12 10 0.11
12 11 0.37
12 38 0.0011
13 1 0.3
13 2 0.34
13 3 0.36
13 4 0.35
13 5 0.31
13 6 0.08
13 7 0.14
13 8 0.37
13 9 0.14
13 10 0.14
13 11 0.24
13 12 0.75
13 38 8.0E-4
1 14 0.18
2 14 0.3
4 14 0.41
5 14 0.22
8 14 0.29
11 14 0.29
12 14 0.11
13 14 0.14
38 14 0.0034
1 15 0.2
15 2 0.61
15 4 0.47
5 15 0.31
15 8 0.58
11 15 0.08
12 15 0.37
13 15 0.45
15 14 0.29
15 38 5.0E-4
16 1 0.44
16 2 0.08
16 3 0.26
16 4 0.11
16 5 0.06
16 8 0.08
16 11 0.24
16 12 0.38
16 13 0.27
16 14 0.28
16 15 0.08
16 38 4.0E-4
3 17 0.32
17 6 0.58
11 17 0.29
12 17 0.11
38 17 0.0042
18 7 1.0
18 9 1.0
18 10 1.0
12 18 0.11
13 18 0.14
38 18 0.0074
19 1 0.29
19 3 0.26
19 6 0.24
19 11 0.24
19 12 0.26
19 13 0.23
19 16 0.34
19 17 0.41
19 38 0.0011
3 20 0.32
20 6 0.58
11 20 0.29
12 20 0.11
20 17 1.0
19 20 0.41
38 20 0.0042
21 1 0.29
21 2 0.11
21 3 0.34
21 4 0.15
21 5 0.12
21 6 0.1
21 7 0.18
21 8 0.1
21 9 0.18
21 10 0.18
21 11 0.31
21 12 0.59
21 13 0.64
21 14 0.18
21 15 0.05
21 16 0.3
21 18 0.18
21 19 0.22
21 38 0.0012
1 22 0.16
2 22 0.09
3 22 0.19
4 22 0.25
5 22 0.07
22 6 0.17
8 22 0.17
11 22 0.26
12 22 0.35
13 22 0.38
22 14 0.3
15 22 0.09
16 22 0.17
19 22 0.12
21 22 0.6
38 22 6.0E-4
1 23 0.07
2 23 0.12
3 23 0.13
23 6 0.24
11 23 0.12
12 23 0.26
13 23 0.29
23 17 0.41
19 23 0.17
23 20 0.41
21 23 0.29
22 23 0.12
38 23 0.0010
1 24 0.26
24 2 0.15
3 24 0.23
24 4 0.2
24 5 0.05
24 6 0.28
24 8 0.14
11 24 0.35
12 24 0.44
13 24 0.48
24 14 0.24
24 15 0.07
16 24 0.2
24 17 0.24
19 24 0.4
24 20 0.24
21 24 0.57
24 22 0.66
24 23 0.2
24 38 0.0015
1 25 0.36
25 2 0.36
3 25 0.37
25 4 0.24
25 5 0.29
25 6 0.17
25 7 0.15
25 8 0.21
25 9 0.15
25 10 0.15
25 11 0.38
12 25 0.72
13 25 0.71
25 14 0.15
25 15 0.3
16 25 0.16
25 17 0.15
25 18 0.15
19 25 0.24
25 20 0.15
21 25 0.69
25 22 0.49
25 23 0.3
25 24 0.61
25 38 0.0018
1 26 0.14
3 26 0.52
26 5 0.09
26 7 0.41
26 9 0.41
26 10 0.41
26 11 0.35
12 26 0.26
13 26 0.29
16 26 0.11
26 18 0.41
21 26 0.29
26 22 0.12
26 24 0.2
26 25 0.36
26 38 0.0016
27 7 1.0
27 9 1.0
27 10 1.0
12 27 0.11
13 27 0.14
27 18 1.0
21 27 0.18
25 27 0.15
26 27 0.41
27 38 0.0074
1 28 0.08
28 7 0.45
28 9 0.45
28 10 0.45
28 11 0.39
12 28 0.24
13 28 0.19
28 18 0.45
21 28 0.24
28 24 0.11
28 25 0.26
28 26 0.37
28 27 0.45
28 38 0.0018
1 29 0.25
2 29 0.43
4 29 0.29
5 29 0.31
8 29 0.2
11 29 0.2
12 29 0.15
13 29 0.1
29 14 0.71
15 29 0.2
16 29 0.2
21 29 0.13
29 22 0.21
24 29 0.17
25 29 0.21
29 38 0.0020
1 30 0.16
3 30 0.19
30 7 0.3
30 8 0.09
30 9 0.3
30 10 0.3
30 11 0.52
12 30 0.35
13 30 0.3
16 30 0.08
30 18 0.3
19 30 0.12
21 30 0.38
30 22 0.18
30 23 0.12
30 24 0.22
30 25 0.36
30 26 0.37
30 27 0.3
30 28 0.67
30 38 9.0E-4
1 31 0.17
2 31 0.35
3 31 0.06
31 4 0.4
5 31 0.17
31 6 0.11
31 8 0.45
11 31 0.17
12 31 0.54
13 31 0.67
31 14 0.2
15 31 0.62
16 31 0.05
19 31 0.08
21 31 0.56
31 22 0.59
31 23 0.24
24 31 0.43
25 31 0.61
28 31 0.18
31 29 0.14
30 31 0.24
31 38 4.0E-4
1 32 0.35
32 2 0.66
3 32 0.07
32 4 0.53
5 32 0.48
32 6 0.13
32 8 0.57
11 32 0.13
12 32 0.49
13 32 0.46
32 14 0.22
32 15 0.76
16 32 0.06
21 32 0.16
32 22 0.2
24 32 0.16
25 32 0.45
32 29 0.31
32 31 0.56
32 38 4.0E-4
33 7 1.0
33 9 1.0
33 10 1.0
12 33 0.11
13 33 0.14
33 18 1.0
21 33 0.18
25 33 0.15
26 33 0.41
33 27 1.0
28 33 0.45
30 33 0.3
33 38 0.0074
34 7 1.0
34 9 1.0
34 10 1.0
12 34 0.11
13 34 0.14
34 18 1.0
21 34 0.18
25 34 0.15
26 34 0.41
34 27 1.0
28 34 0.45
30 34 0.3
34 33 1.0
34 38 0.0074
1 35 0.09
2 35 0.15
3 35 0.16
4 35 0.2
5 35 0.11
8 35 0.14
11 35 0.14
12 35 0.21
13 35 0.21
35 14 0.5
15 35 0.14
16 35 0.14
21 35 0.36
22 35 0.6
24 35 0.36
25 35 0.29
29 35 0.35
31 35 0.39
32 35 0.22
38 35 0.0012
1 36 0.06
3 36 0.32
5 36 0.07
36 7 0.33
36 9 0.33
36 10 0.33
11 36 0.1
12 36 0.32
13 36 0.28
36 18 0.33
21 36 0.42
36 22 0.5
24 36 0.4
25 36 0.39
26 36 0.41
36 27 0.33
28 36 0.3
30 36 0.2
31 36 0.33
32 36 0.07
36 33 0.33
36 34 0.33
36 35 0.5
36 38 0.0011
37 7 1.0
37 9 1.0
37 10 1.0
12 37 0.11
13 37 0.14
37 18 1.0
21 37 0.18
25 37 0.15
26 37 0.41
37 27 1.0
28 37 0.45
30 37 0.3
37 33 1.0
37 34 1.0
37 36 0.33
37 38 0.0074
