*Vertices  14
1 "显示器"
2 "传感器"
3 "单片机"
4 "变压器"
5 "LED"
6 "转换器"
7 "发电机"
8 "放大器"
9 "芯片"
10 "存储器"
11 "电阻"
12 "检测仪"
13 "检测板"
14 "燃气涡轮"
*Arcs
1 14 0.0113
1 2 0.38
2 14 0.0103
1 3 0.46
3 2 0.2
3 14 0.0072
1 4 0.11
4 2 0.1
3 4 0.09
4 14 0.0063
5 1 0.28
5 2 0.32
5 3 0.35
5 4 0.37
5 14 0.0022
1 6 0.29
6 2 0.38
3 6 0.11
4 6 0.11
5 6 0.28
6 14 0.0104
1 7 0.19
2 7 0.17
3 7 0.15
4 7 0.29
5 7 0.21
6 7 0.19
7 14 0.0159
1 8 0.38
8 2 0.17
3 8 0.45
4 8 0.29
5 8 0.21
8 6 0.19
8 7 0.25
8 14 0.0165
1 9 0.22
9 2 0.05
9 3 0.36
9 4 0.21
5 9 0.72
9 6 0.22
9 7 0.07
9 8 0.29
9 14 0.0023
1 10 0.38
10 2 0.5
3 10 0.15
4 10 0.14
5 10 0.21
6 10 0.38
10 7 0.25
8 10 0.25
9 10 0.07
10 14 0.0189
1 11 0.08
11 2 0.07
3 11 0.2
11 4 0.57
5 11 0.49
11 6 0.25
11 7 0.11
11 8 0.22
9 11 0.45
11 10 0.11
11 14 0.0039
1 12 0.27
2 12 0.47
3 12 0.21
4 12 0.2
5 12 0.15
6 12 0.27
12 7 0.35
8 12 0.35
9 12 0.1
10 12 0.71
11 12 0.15
12 14 0.031
1 13 0.27
2 13 0.47
3 13 0.21
4 13 0.2
5 13 0.15
6 13 0.27
13 7 0.35
8 13 0.35
9 13 0.1
10 13 0.35
11 13 0.15
12 13 0.5
13 14 0.0296
