*Vertices  11
1 "光纤"
2 "光纤耦合"
3 "LED"
4 "二极管"
5 "滤光片"
6 "光谱仪"
7 "荧光光谱"
8 "激光"
9 "透镜"
10 "激发光"
11 "牙结石"
*Arcs
1 11 0.0232
1 2 0.71
2 11 0.0365
3 1 0.21
3 2 0.15
3 11 0.0017
4 1 0.21
4 2 0.2
4 3 0.75
4 11 0.0023
5 1 0.71
5 2 0.5
3 5 0.15
4 5 0.2
5 11 0.0362
6 1 0.35
6 2 0.5
3 6 0.15
4 6 0.1
6 5 0.5
6 11 0.0388
7 1 0.35
7 2 0.5
3 7 0.15
4 7 0.1
7 5 0.5
7 6 1.0
7 11 0.0388
8 1 0.35
8 2 0.5
8 3 0.3
8 4 0.3
8 5 0.25
8 6 0.25
8 7 0.25
8 11 0.0108
9 1 0.32
9 2 0.45
9 3 0.34
9 4 0.36
9 5 0.22
9 6 0.22
9 7 0.22
9 8 0.34
9 11 0.0092
10 1 0.38
10 2 0.27
3 10 0.28
4 10 0.32
10 5 0.53
10 6 0.53
10 7 0.53
8 10 0.13
9 10 0.36
10 11 0.0147
