*Vertices  22
1 "荧光粉"
2 "发光荧光材料"
3 "硼酸"
4 "EP"
5 "LED"
6 "二极管"
7 "玻璃"
8 "LED光源"
9 "荧光体"
10 "半导体"
11 "MQW"
12 "金属银纳米粒子"
13 "LED芯片"
14 "芯片"
15 "酸盐"
16 "硝酸"
17 "Eu2"
18 "Li"
19 "离子"
20 "基色"
21 "激发光"
22 "玻璃体"
*Arcs
1 22 0.0040
2 1 0.57
2 22 0.0041
1 3 0.22
2 3 0.43
3 22 0.0151
1 4 0.46
2 4 0.35
4 3 0.41
4 22 0.0036
5 1 0.34
5 2 0.35
5 3 0.15
5 4 0.37
5 22 9.0E-4
6 1 0.36
6 2 0.43
6 3 0.1
6 4 0.24
6 5 0.75
6 22 0.0010
7 1 0.2
7 2 0.19
7 3 0.22
7 4 0.18
7 5 0.34
7 6 0.22
7 22 0.0030
8 1 0.26
8 2 0.17
8 3 0.2
8 4 0.24
8 5 0.38
8 6 0.27
8 7 0.18
8 22 0.0023
1 9 0.55
2 9 0.52
3 9 0.41
4 9 0.33
5 9 0.18
6 9 0.24
7 9 0.18
8 9 0.16
9 22 0.01
10 1 0.34
10 2 0.43
10 3 0.13
10 4 0.31
10 5 0.59
10 6 0.64
10 7 0.23
10 8 0.3
10 9 0.21
10 22 0.0015
1 11 0.19
2 11 0.18
3 11 0.21
4 11 0.26
5 11 0.35
6 11 0.38
7 11 0.19
8 11 0.17
9 11 0.17
10 11 0.6
11 22 0.0028
1 12 0.32
2 12 0.3
3 12 0.71
4 12 0.29
5 12 0.11
6 12 0.14
7 12 0.32
8 12 0.28
9 12 0.58
10 12 0.18
11 12 0.3
22 12 0.0226
1 13 0.23
2 13 0.15
3 13 0.17
4 13 0.35
5 13 0.44
6 13 0.48
7 13 0.15
8 13 0.2
13 9 0.28
10 13 0.57
13 11 0.66
13 12 0.24
13 22 0.0020
1 14 0.37
2 14 0.44
14 3 0.21
14 4 0.38
5 14 0.72
6 14 0.71
7 14 0.14
8 14 0.16
14 9 0.26
10 14 0.69
14 11 0.49
14 12 0.15
14 13 0.61
14 22 0.0013
1 15 0.52
2 15 0.62
15 3 0.58
15 4 0.35
5 15 0.26
6 15 0.29
7 15 0.13
8 15 0.11
15 9 0.47
10 15 0.29
15 11 0.12
15 12 0.41
15 13 0.2
15 14 0.36
15 22 0.0067
1 16 0.37
2 16 0.52
16 3 0.82
16 4 0.5
5 16 0.18
6 16 0.16
7 16 0.18
8 16 0.16
16 9 0.33
10 16 0.21
16 11 0.17
16 12 0.58
16 13 0.14
16 14 0.26
16 15 0.71
16 22 0.0111
1 17 0.47
2 17 0.6
17 3 0.71
17 4 0.58
5 17 0.21
6 17 0.21
7 17 0.16
8 17 0.14
17 9 0.58
10 17 0.27
17 11 0.15
17 12 0.5
17 13 0.12
17 14 0.29
17 15 0.61
17 16 0.87
17 22 0.0092
1 18 0.42
2 18 0.4
18 3 0.47
18 4 0.29
5 18 0.32
6 18 0.28
7 18 0.11
8 18 0.18
18 9 0.38
10 18 0.3
18 11 0.2
18 12 0.33
18 13 0.32
18 14 0.34
18 15 0.54
18 16 0.38
18 17 0.33
18 22 0.0042
1 19 0.19
2 19 0.27
19 3 0.43
19 4 0.52
5 19 0.35
6 19 0.3
7 19 0.38
8 19 0.08
19 9 0.35
10 19 0.38
19 11 0.18
19 12 0.3
19 13 0.22
19 14 0.36
19 15 0.37
19 16 0.35
19 17 0.45
19 18 0.2
19 22 0.0036
1 20 0.16
2 20 0.3
20 3 0.71
20 4 0.29
5 20 0.21
6 20 0.14
7 20 0.16
8 20 0.14
20 9 0.29
10 20 0.09
20 11 0.15
20 12 0.5
20 13 0.12
20 14 0.15
20 15 0.41
20 16 0.58
20 17 0.5
20 18 0.33
20 19 0.3
20 22 0.0080
1 21 0.48
2 21 0.57
21 3 0.53
21 4 0.33
5 21 0.28
6 21 0.32
7 21 0.24
8 21 0.1
21 9 0.65
10 21 0.2
21 11 0.11
21 12 0.38
21 13 0.18
21 14 0.28
21 15 0.62
21 16 0.44
21 17 0.57
21 18 0.5
21 19 0.34
21 20 0.38
21 22 0.0058
