*Vertices  75
1 "显示器"
2 "衬底"
3 "LED灯"
4 "光纤"
5 "探头"
6 "电容"
7 "光膜"
8 "传感器"
9 "处理器"
10 "单片机"
11 "发生器"
12 "荧光粉"
13 "开关"
14 "发光荧光材料"
15 "次氯酸钠溶液"
16 "PD"
17 "硼酸"
18 "变压器"
19 "光纤耦合"
20 "EP"
21 "外延片"
22 "外延"
23 "LED"
24 "二极管"
25 "三极管"
26 "LED光源"
27 "塑料"
28 "腐蚀液"
29 "光电转换器件"
30 "转换器"
31 "铝基板"
32 "晶体振荡器"
33 "探针"
34 "滤光片"
35 "荧光体"
36 "发光体"
37 "光刻胶"
38 "填充区域"
39 "半导体"
40 "电路板"
41 "GaAs"
42 "MQW"
43 "键合"
44 "金属银纳米粒子"
45 "锂电池"
46 "光电池"
47 "LED芯片"
48 "芯片"
49 "涂层"
50 "电流扩展层"
51 "光触媒"
52 "酸盐"
53 "硝酸"
54 "Eu2"
55 "Li"
56 "离子"
57 "电极"
58 "电阻"
59 "基色"
60 "丙酮"
61 "激光"
62 "MOCVD"
63 "玻璃体"
64 "洗墙灯"
65 "射灯"
66 "臭氧"
67 "屏幕"
68 "透镜"
69 "反射层"
70 "发光层"
71 "扬声器"
72 "聚光帽"
73 "激发光"
74 "发光管"
75 "玻璃"
*Arcs
75 1 2.0E-4
75 2 1.0E-4
3 1 0.13
3 2 0.05
75 3 9.0E-4
75 4 0.0012
5 4 0.58
75 5 4.0E-4
3 6 0.21
75 6 1.0E-4
7 1 0.27
7 3 0.13
75 7 5.0E-4
1 8 0.38
8 4 0.33
8 5 0.38
75 8 6.0E-4
9 1 0.36
9 3 0.17
9 4 0.16
9 5 0.37
9 6 0.1
9 7 0.22
9 8 0.21
75 9 8.0E-4
1 10 0.46
3 10 0.21
10 6 0.18
10 8 0.2
9 10 0.29
75 10 6.0E-4
3 11 0.31
10 11 0.17
75 11 0.0010
12 1 0.24
12 2 0.08
12 3 0.17
12 7 0.45
12 9 0.1
12 10 0.1
75 12 6.0E-4
1 13 0.08
3 13 0.39
13 6 0.46
13 8 0.07
9 13 0.28
13 10 0.26
13 11 0.13
12 13 0.14
75 13 5.0E-4
14 1 0.23
14 2 0.16
14 3 0.27
14 7 0.43
14 9 0.1
14 10 0.09
14 11 0.17
14 12 0.57
14 13 0.13
75 14 6.0E-4
2 15 0.38
75 15 4.0E-4
1 16 0.22
16 4 0.58
16 5 0.33
16 8 0.58
9 16 0.18
75 16 0.0013
3 17 0.13
12 17 0.22
14 17 0.43
75 17 5.0E-4
1 18 0.11
18 2 0.08
3 18 0.2
6 18 0.44
18 8 0.1
10 18 0.09
18 11 0.17
12 18 0.09
13 18 0.25
75 18 1.0E-4
4 19 0.71
8 19 0.24
16 19 0.41
75 19 6.0E-4
20 2 0.15
3 20 0.2
20 6 0.17
9 20 0.18
20 10 0.09
12 20 0.46
20 13 0.19
14 20 0.35
20 15 0.2
20 17 0.41
20 18 0.08
75 20 5.0E-4
21 2 0.85
3 21 0.06
12 21 0.1
14 21 0.19
21 15 0.22
18 21 0.09
20 21 0.09
75 21 2.0E-4
22 2 0.93
3 22 0.09
12 22 0.08
14 22 0.24
22 15 0.38
18 22 0.08
20 22 0.08
22 21 0.85
75 22 1.0E-4
23 1 0.28
23 2 0.4
23 3 0.6
23 4 0.21
23 5 0.18
23 6 0.35
23 7 0.15
23 8 0.32
23 9 0.34
23 10 0.35
23 11 0.18
23 12 0.34
23 13 0.49
23 14 0.35
23 15 0.15
23 16 0.18
23 17 0.15
23 18 0.37
23 19 0.15
23 20 0.37
23 21 0.34
23 22 0.4
75 23 0.0018
24 1 0.11
24 2 0.45
24 3 0.3
24 4 0.21
24 5 0.08
24 6 0.34
24 7 0.2
24 8 0.09
24 9 0.04
24 10 0.13
24 11 0.08
24 12 0.36
24 13 0.31
24 14 0.43
24 15 0.2
24 16 0.16
24 17 0.1
24 18 0.37
24 19 0.2
24 20 0.24
24 21 0.36
24 22 0.45
24 23 0.75
75 24 9.0E-4
3 25 0.2
25 6 0.61
10 25 0.17
25 11 0.17
13 25 0.31
14 25 0.09
25 18 0.58
20 25 0.08
23 25 0.37
24 25 0.45
75 25 1.0E-4
26 1 0.1
26 3 0.44
26 5 0.16
26 6 0.08
26 7 0.2
26 8 0.09
26 9 0.18
26 10 0.08
26 12 0.26
26 13 0.06
26 14 0.17
26 17 0.2
26 18 0.08
26 20 0.24
26 23 0.38
26 24 0.27
26 25 0.08
26 75 4.0E-4
27 1 0.29
27 2 0.1
27 3 0.13
27 4 0.38
27 5 0.22
27 7 0.53
27 8 0.25
27 9 0.12
27 12 0.36
27 13 0.16
27 14 0.34
27 15 0.27
27 16 0.44
27 19 0.27
27 20 0.11
27 21 0.12
27 22 0.1
27 23 0.28
27 24 0.37
27 26 0.1
27 75 0.0023
2 28 0.6
3 28 0.08
28 15 0.63
18 28 0.13
20 28 0.26
21 28 0.28
22 28 0.48
23 28 0.24
24 28 0.32
27 28 0.17
75 28 2.0E-4
29 4 0.71
29 5 0.41
29 8 0.47
29 16 0.82
29 19 0.5
23 29 0.15
24 29 0.2
27 29 0.53
75 29 0.0018
1 30 0.29
3 30 0.13
30 4 0.38
30 5 0.22
6 30 0.23
30 8 0.38
9 30 0.12
10 30 0.11
12 30 0.12
13 30 0.25
14 30 0.11
30 16 0.44
18 30 0.11
30 19 0.27
20 30 0.11
23 30 0.28
24 30 0.21
25 30 0.11
27 30 0.43
30 29 0.53
75 30 7.0E-4
31 1 0.15
31 2 0.11
31 3 0.29
31 7 0.29
31 9 0.13
31 12 0.26
31 14 0.12
31 15 0.29
31 20 0.24
31 21 0.13
31 22 0.11
31 23 0.26
31 24 0.23
31 26 0.34
31 27 0.31
31 28 0.18
31 75 6.0E-4
3 32 0.13
32 6 0.21
9 32 0.22
10 32 0.21
13 32 0.31
20 32 0.2
23 32 0.15
32 25 0.2
32 30 0.27
75 32 3.0E-4
33 4 0.35
33 5 0.41
33 8 0.24
33 16 0.41
23 33 0.15
24 33 0.2
27 33 0.27
33 29 0.5
30 33 0.27
75 33 4.0E-4
34 4 0.71
34 5 0.41
34 8 0.24
34 16 0.41
34 19 0.5
23 34 0.15
24 34 0.2
27 34 0.27
34 29 0.5
30 34 0.27
34 33 0.5
75 34 5.0E-4
7 35 0.41
12 35 0.55
14 35 0.52
17 35 0.41
20 35 0.33
23 35 0.18
24 35 0.24
26 35 0.16
27 35 0.22
75 35 4.0E-4
36 1 0.17
36 3 0.24
36 7 0.32
36 9 0.14
36 12 0.28
36 14 0.27
36 20 0.13
36 23 0.24
36 24 0.25
36 26 0.37
36 27 0.17
36 31 0.18
36 35 0.26
36 75 2.0E-4
2 37 0.46
3 37 0.1
37 15 0.41
18 37 0.17
20 37 0.17
21 37 0.37
22 37 0.46
23 37 0.18
24 37 0.24
27 37 0.22
28 37 0.77
31 37 0.24
75 37 3.0E-4
2 38 0.27
15 38 0.71
20 38 0.29
21 38 0.32
22 38 0.27
23 38 0.11
24 38 0.14
27 38 0.38
28 38 0.45
31 38 0.41
37 38 0.58
75 38 7.0E-4
39 1 0.14
39 2 0.67
39 3 0.29
39 4 0.09
39 5 0.1
39 6 0.11
39 7 0.13
39 8 0.12
39 9 0.11
39 10 0.05
39 12 0.34
39 13 0.12
39 14 0.43
39 15 0.25
39 16 0.1
39 17 0.13
39 18 0.1
39 19 0.13
39 20 0.31
39 21 0.57
39 22 0.67
39 23 0.59
39 24 0.64
39 25 0.05
39 26 0.3
39 27 0.27
39 28 0.4
39 29 0.13
39 30 0.14
39 31 0.22
39 33 0.13
39 35 0.21
39 36 0.16
39 37 0.31
39 38 0.18
39 75 8.0E-4
40 1 0.15
40 3 0.43
40 6 0.12
40 7 0.29
40 9 0.13
40 10 0.12
40 11 0.24
40 12 0.13
40 13 0.18
40 14 0.12
40 18 0.12
40 23 0.26
40 24 0.06
40 25 0.12
40 26 0.11
40 27 0.15
40 31 0.17
40 32 0.29
40 36 0.37
40 39 0.15
40 75 0.0012
2 41 0.55
3 41 0.07
14 41 0.25
41 15 0.58
20 41 0.12
21 41 0.26
22 41 0.65
23 41 0.26
24 41 0.35
27 41 0.15
28 41 0.55
31 41 0.17
41 37 0.47
41 38 0.41
39 41 0.44
75 41 2.0E-4
42 2 0.64
3 42 0.16
6 42 0.09
12 42 0.19
13 42 0.07
14 42 0.18
42 15 0.21
17 42 0.21
18 42 0.17
20 42 0.26
42 21 0.76
42 22 0.73
23 42 0.35
24 42 0.38
25 42 0.09
26 42 0.17
27 42 0.11
42 28 0.27
31 42 0.12
35 42 0.17
42 37 0.35
42 38 0.3
39 42 0.6
42 41 0.25
75 42 4.0E-4
2 43 0.22
3 43 0.07
43 4 0.2
43 5 0.24
6 43 0.12
43 8 0.14
10 43 0.12
12 43 0.13
14 43 0.25
43 15 0.29
43 16 0.24
20 43 0.12
21 43 0.13
22 43 0.33
23 43 0.26
24 43 0.29
27 43 0.15
43 28 0.18
43 29 0.29
30 43 0.15
31 43 0.17
43 33 0.29
43 34 0.29
39 43 0.29
43 41 0.5
42 43 0.12
75 43 3.0E-4
12 44 0.32
14 44 0.3
17 44 0.71
20 44 0.29
23 44 0.11
24 44 0.14
26 44 0.28
35 44 0.58
39 44 0.18
42 44 0.3
75 44 7.0E-4
3 45 0.1
45 6 0.35
10 45 0.17
13 45 0.13
45 18 0.17
23 45 0.18
24 45 0.16
45 25 0.5
45 32 0.41
40 45 0.24
75 45 2.0E-4
46 4 0.5
46 5 0.58
46 8 0.5
9 46 0.16
46 16 0.58
46 19 0.35
23 46 0.21
24 46 0.21
26 46 0.28
27 46 0.38
46 29 0.71
30 46 0.38
46 33 0.35
46 34 0.35
39 46 0.18
43 46 0.2
75 46 0.0010
47 2 0.52
3 47 0.26
47 6 0.15
7 47 0.17
47 10 0.07
12 47 0.23
47 13 0.05
14 47 0.15
47 15 0.17
17 47 0.17
47 18 0.14
20 47 0.35
47 21 0.54
47 22 0.45
23 47 0.44
24 47 0.48
47 25 0.07
26 47 0.2
27 47 0.18
47 28 0.33
31 47 0.4
47 35 0.28
47 37 0.28
47 38 0.24
39 47 0.57
47 41 0.1
47 42 0.66
47 43 0.2
47 44 0.24
75 47 3.0E-4
1 48 0.22
48 2 0.55
3 48 0.36
48 6 0.36
7 48 0.1
48 8 0.05
9 48 0.05
48 10 0.36
48 11 0.09
12 48 0.37
48 13 0.29
14 48 0.44
48 15 0.21
48 17 0.21
48 18 0.21
48 20 0.38
48 21 0.47
48 22 0.55
23 48 0.72
24 48 0.71
48 25 0.3
26 48 0.16
27 48 0.17
48 28 0.33
48 30 0.22
31 48 0.24
48 32 0.1
48 33 0.1
48 35 0.26
36 48 0.07
48 37 0.26
48 38 0.15
39 48 0.69
40 48 0.06
48 41 0.36
48 42 0.49
48 43 0.3
48 44 0.15
48 45 0.17
48 47 0.61
75 48 5.0E-4
3 49 0.18
49 11 0.29
12 49 0.16
14 49 0.15
49 18 0.14
20 49 0.14
23 49 0.21
24 49 0.14
26 49 0.14
36 49 0.22
39 49 0.09
40 49 0.2
48 49 0.07
75 49 3.0E-4
2 50 0.55
3 50 0.14
14 50 0.12
50 15 0.58
18 50 0.12
20 50 0.24
21 50 0.26
22 50 0.55
23 50 0.26
24 50 0.35
27 50 0.15
50 28 0.73
31 50 0.17
50 37 0.47
50 38 0.41
39 50 0.44
50 41 0.67
42 50 0.37
43 50 0.33
47 50 0.3
48 50 0.36
75 50 2.0E-4
3 51 0.31
11 51 0.67
18 51 0.17
23 51 0.18
40 51 0.24
49 51 0.58
75 51 0.0010
1 52 0.15
3 52 0.14
7 52 0.29
12 52 0.52
52 13 0.09
14 52 0.62
52 17 0.58
52 20 0.35
23 52 0.26
24 52 0.29
26 52 0.11
27 52 0.31
52 30 0.15
52 35 0.47
39 52 0.29
52 42 0.12
52 44 0.41
52 47 0.2
52 48 0.36
52 49 0.2
75 52 3.0E-4
3 53 0.1
12 53 0.37
14 53 0.52
53 17 0.82
53 20 0.5
23 53 0.18
24 53 0.16
26 53 0.16
53 35 0.33
39 53 0.21
53 42 0.17
53 44 0.58
53 47 0.14
53 48 0.26
53 49 0.29
53 52 0.71
75 53 4.0E-4
3 54 0.09
12 54 0.47
14 54 0.6
54 17 0.71
54 20 0.58
23 54 0.21
24 54 0.21
26 54 0.14
54 35 0.58
36 54 0.22
39 54 0.27
54 42 0.15
54 44 0.5
54 47 0.12
54 48 0.29
54 49 0.25
54 52 0.61
54 53 0.87
75 54 3.0E-4
1 55 0.13
55 2 0.09
3 55 0.29
7 55 0.24
9 55 0.11
12 55 0.42
55 13 0.15
14 55 0.4
55 17 0.47
55 20 0.29
55 21 0.11
55 22 0.09
23 55 0.32
24 55 0.28
26 55 0.18
27 55 0.25
55 30 0.25
31 55 0.27
55 32 0.24
55 35 0.38
39 55 0.3
40 55 0.14
55 42 0.2
55 44 0.33
55 47 0.32
55 48 0.34
55 52 0.54
55 53 0.38
55 54 0.33
75 55 3.0E-4
56 2 0.32
3 56 0.16
56 11 0.35
12 56 0.19
14 56 0.27
56 15 0.43
56 17 0.43
56 18 0.09
56 20 0.52
56 21 0.1
56 22 0.24
23 56 0.35
24 56 0.3
26 56 0.08
27 56 0.11
56 28 0.54
31 56 0.12
56 35 0.35
36 56 0.13
56 37 0.35
56 38 0.3
39 56 0.38
40 56 0.12
56 41 0.37
56 42 0.18
56 43 0.12
56 44 0.3
56 47 0.22
56 48 0.36
56 49 0.15
56 50 0.37
56 51 0.35
56 52 0.37
56 53 0.35
56 54 0.45
56 55 0.2
75 56 0.0014
57 2 0.73
3 57 0.17
6 57 0.35
10 57 0.06
57 11 0.11
12 57 0.06
13 57 0.17
14 57 0.24
57 15 0.28
57 18 0.45
20 57 0.17
57 21 0.62
57 22 0.73
23 57 0.54
24 57 0.67
25 57 0.62
26 57 0.05
27 57 0.07
57 28 0.44
57 30 0.07
31 57 0.08
57 37 0.34
57 38 0.2
39 57 0.56
57 41 0.48
57 42 0.59
57 43 0.24
45 57 0.23
47 57 0.43
48 57 0.61
57 50 0.48
55 57 0.07
56 57 0.24
75 57 1.0E-4
1 58 0.08
58 2 0.12
3 58 0.35
58 6 0.66
58 8 0.07
9 58 0.07
10 58 0.2
58 11 0.13
12 58 0.07
13 58 0.48
14 58 0.07
58 18 0.57
20 58 0.13
58 21 0.14
58 22 0.12
23 58 0.49
24 58 0.46
58 25 0.76
26 58 0.06
58 28 0.1
58 30 0.25
58 32 0.15
58 37 0.13
39 58 0.16
40 58 0.18
58 42 0.2
58 45 0.38
47 58 0.16
48 58 0.45
58 50 0.09
55 58 0.07
58 57 0.56
75 58 1.0E-4
3 59 0.09
9 59 0.16
12 59 0.16
14 59 0.3
59 17 0.71
59 20 0.29
23 59 0.21
24 59 0.14
26 59 0.14
59 35 0.29
39 59 0.09
59 42 0.15
59 44 0.5
59 47 0.12
59 48 0.15
59 52 0.41
59 53 0.58
59 54 0.5
59 55 0.33
59 56 0.3
75 59 3.0E-4
60 2 0.27
3 60 0.09
14 60 0.15
60 15 0.35
60 17 0.35
60 20 0.58
60 21 0.16
60 22 0.13
23 60 0.21
24 60 0.14
27 60 0.19
60 28 0.45
31 60 0.2
60 37 0.29
60 38 0.5
39 60 0.18
60 41 0.2
60 42 0.15
60 47 0.24
60 48 0.22
60 50 0.41
60 52 0.2
60 53 0.29
60 54 0.25
60 55 0.17
60 56 0.6
60 57 0.2
60 59 0.25
75 60 3.0E-4
61 1 0.13
61 2 0.19
61 3 0.19
61 4 0.35
61 7 0.25
61 8 0.24
61 9 0.11
61 12 0.22
61 13 0.08
61 14 0.21
61 16 0.2
61 18 0.1
61 19 0.5
61 21 0.22
61 22 0.28
61 23 0.3
61 24 0.3
61 26 0.1
61 27 0.27
61 28 0.16
61 29 0.25
61 30 0.13
61 31 0.14
61 34 0.25
61 36 0.16
61 37 0.2
61 39 0.38
61 40 0.14
61 41 0.14
61 42 0.32
61 43 0.14
61 46 0.18
61 47 0.09
61 48 0.21
61 50 0.29
61 55 0.12
61 57 0.21
61 58 0.23
61 75 6.0E-4
62 2 0.76
3 62 0.06
12 62 0.1
14 62 0.29
62 15 0.22
20 62 0.09
62 21 0.9
62 22 0.85
23 62 0.34
24 62 0.36
27 62 0.12
62 28 0.14
31 62 0.13
62 37 0.18
62 38 0.32
39 62 0.57
62 41 0.39
62 42 0.76
62 43 0.26
47 62 0.46
48 62 0.47
62 50 0.26
55 62 0.11
56 62 0.1
57 62 0.62
58 62 0.07
60 62 0.16
61 62 0.22
75 62 1.0E-4
12 63 0.32
14 63 0.3
17 63 0.71
20 63 0.29
23 63 0.11
24 63 0.14
26 63 0.28
35 63 0.58
39 63 0.18
42 63 0.3
63 44 1.0
47 63 0.24
48 63 0.15
52 63 0.41
53 63 0.58
54 63 0.5
55 63 0.33
56 63 0.3
59 63 0.5
75 63 7.0E-4
64 1 0.38
64 3 0.18
64 7 0.71
64 9 0.32
64 12 0.32
64 14 0.3
64 23 0.11
64 24 0.14
64 26 0.28
64 27 0.38
64 31 0.41
64 36 0.45
64 39 0.18
64 40 0.41
64 61 0.35
64 75 7.0E-4
65 1 0.27
65 3 0.25
65 7 0.5
65 9 0.22
65 12 0.22
65 14 0.21
65 23 0.15
65 24 0.1
65 26 0.39
65 27 0.27
65 31 0.29
65 36 0.32
65 39 0.25
65 40 0.29
65 61 0.25
65 64 0.71
65 75 4.0E-4
3 66 0.2
7 66 0.41
66 11 0.67
12 66 0.18
14 66 0.17
18 66 0.17
23 66 0.18
24 66 0.08
27 66 0.22
66 35 0.33
40 66 0.24
47 66 0.14
48 66 0.09
49 66 0.29
66 51 0.67
52 66 0.24
55 66 0.19
56 66 0.35
75 66 0.0011
2 67 0.51
67 8 0.13
13 67 0.16
14 67 0.23
67 15 0.27
20 67 0.11
21 67 0.6
22 67 0.51
23 67 0.28
24 67 0.27
27 67 0.14
28 67 0.17
31 67 0.15
67 37 0.22
67 38 0.38
39 67 0.34
67 41 0.31
42 67 0.34
43 67 0.15
47 67 0.28
48 67 0.28
50 67 0.15
56 67 0.11
57 67 0.37
60 67 0.19
62 67 0.6
75 67 2.0E-4
68 1 0.24
68 3 0.28
68 4 0.32
68 7 0.45
68 8 0.11
68 9 0.1
68 12 0.3
68 13 0.07
68 14 0.29
68 16 0.18
68 19 0.45
68 20 0.09
68 23 0.34
68 24 0.36
68 26 0.26
68 27 0.48
68 29 0.22
68 30 0.24
68 31 0.39
68 34 0.22
68 35 0.18
68 36 0.14
68 39 0.23
68 40 0.13
68 46 0.32
68 47 0.23
68 48 0.19
68 52 0.26
68 55 0.32
68 56 0.1
68 60 0.16
68 61 0.34
68 64 0.32
68 65 0.22
68 66 0.18
68 75 6.0E-4
2 69 0.46
14 69 0.35
69 15 0.41
20 69 0.17
21 69 0.55
22 69 0.46
23 69 0.18
24 69 0.24
27 69 0.22
28 69 0.26
31 69 0.24
69 37 0.33
69 38 0.58
39 69 0.31
69 41 0.47
42 69 0.17
43 69 0.24
47 69 0.14
48 69 0.26
50 69 0.24
56 69 0.17
57 69 0.34
60 69 0.29
62 69 0.55
69 67 0.65
75 69 3.0E-4
2 70 0.71
14 70 0.23
70 15 0.53
20 70 0.22
21 70 0.48
22 70 0.61
23 70 0.28
24 70 0.37
27 70 0.14
70 28 0.51
31 70 0.15
70 37 0.22
70 38 0.38
39 70 0.48
70 41 0.62
42 70 0.23
70 43 0.31
47 70 0.28
48 70 0.39
70 50 0.62
56 70 0.34
57 70 0.52
60 70 0.38
62 70 0.48
70 67 0.43
70 69 0.65
75 70 2.0E-4
3 71 0.1
9 71 0.37
71 10 0.35
71 13 0.38
23 71 0.18
24 71 0.08
48 71 0.09
75 71 6.0E-4
4 72 0.5
8 72 0.33
16 72 0.58
72 19 0.71
23 72 0.11
24 72 0.14
27 72 0.38
29 72 0.71
30 72 0.38
39 72 0.18
46 72 0.5
61 72 0.35
68 72 0.32
75 72 8.0E-4
1 73 0.14
3 73 0.13
73 4 0.38
73 5 0.22
7 73 0.27
73 8 0.13
12 73 0.48
73 13 0.08
14 73 0.57
73 16 0.22
73 17 0.53
73 19 0.27
73 20 0.33
23 73 0.28
24 73 0.32
26 73 0.1
27 73 0.43
73 29 0.27
73 30 0.29
73 33 0.27
73 34 0.53
73 35 0.65
36 73 0.17
39 73 0.2
73 42 0.11
73 43 0.15
73 44 0.38
73 46 0.19
73 47 0.18
73 48 0.28
73 52 0.62
73 53 0.44
73 54 0.57
73 55 0.5
73 56 0.34
73 59 0.38
73 60 0.19
61 73 0.13
73 63 0.38
73 66 0.22
68 73 0.36
75 73 8.0E-4
3 74 0.13
4 74 0.35
5 74 0.41
9 74 0.22
74 11 0.41
18 74 0.2
23 74 0.15
40 74 0.29
49 74 0.35
74 51 0.41
56 74 0.21
66 74 0.41
75 74 5.0E-4
