*Vertices  70
1 "LCD显示屏"
2 "显示器"
3 "衬底"
4 "LED灯"
5 "容器"
6 "光膜"
7 "荧光粉"
8 "开关"
9 "发光荧光材料"
10 "柔性高分子材料"
11 "GAN"
12 "塑料光转换荧光粒料"
13 "助剂"
14 "离子络合"
15 "聚合物树脂"
16 "AuSn"
17 "Au5Sn"
18 "EP"
19 "LED外延片"
20 "外延片"
21 "外延"
22 "LED"
23 "二极管"
24 "通道"
25 "塑料"
26 "Au-Sn合金电镀液"
27 "转换器"
28 "缓冲层"
29 "内量子效率"
30 "稀释剂"
31 "荧光体"
32 "硅橡胶"
33 "SiO2"
34 "半导体"
35 "Al2O3"
36 "MQW"
37 "ESD"
38 "ITO"
39 "客户"
40 "焊盘"
41 "太阳能"
42 "LED芯片"
43 "芯片"
44 "酸盐"
45 "硅油"
46 "亚硫酸"
47 "去离子水"
48 "硬脂酰胺"
49 "Li"
50 "液体石蜡"
51 "离子"
52 "电极"
53 "接触层"
54 "电阻"
55 "Au-Sn合金"
56 "Au-30at.％Sn合金"
57 "丙酮"
58 "激光"
59 "MOCVD"
60 "标准芯片工艺制作"
61 "空穴"
62 "EP-CAB共聚物"
63 "臭氧"
64 "屏幕"
65 "透镜"
66 "发光层"
67 "CAB"
68 "激发光"
69 "络合剂"
70 "甲基"
*Arcs
70 1 5.0E-4
2 70 1.0E-4
3 1 0.27
70 3 0.0014
4 2 0.13
4 3 0.05
4 70 1.0E-4
5 3 0.19
70 5 4.0E-4
6 2 0.27
6 4 0.13
6 5 0.5
6 70 4.0E-4
7 2 0.24
7 3 0.08
7 4 0.17
7 5 0.22
7 6 0.45
7 70 7.0E-4
2 8 0.08
4 8 0.39
7 8 0.14
8 70 0.0
9 2 0.23
9 3 0.16
9 4 0.27
9 5 0.21
9 6 0.43
9 7 0.57
9 8 0.13
9 70 4.0E-4
10 5 0.71
6 10 0.71
7 10 0.32
9 10 0.3
70 10 6.0E-4
11 1 0.41
11 3 0.65
4 11 0.07
7 11 0.13
70 11 0.0016
2 12 0.38
4 12 0.18
7 12 0.32
8 12 0.22
9 12 0.3
70 12 5.0E-4
2 13 0.27
4 13 0.13
13 5 0.5
6 13 0.5
7 13 0.45
8 13 0.15
9 13 0.43
13 10 0.71
13 12 0.71
70 13 0.0012
70 14 7.0E-4
2 15 0.38
4 15 0.18
7 15 0.32
8 15 0.22
9 15 0.3
15 12 1.0
15 13 0.71
70 15 5.0E-4
16 14 1.0
70 16 7.0E-4
17 14 1.0
17 16 1.0
70 17 7.0E-4
18 3 0.15
4 18 0.2
18 5 0.2
7 18 0.46
18 8 0.19
9 18 0.35
18 70 1.0E-4
19 1 0.38
19 3 0.71
4 19 0.07
7 19 0.12
19 11 0.93
70 19 0.0021
20 1 0.32
20 3 0.85
4 20 0.06
7 20 0.1
9 20 0.19
20 11 0.77
18 20 0.09
20 19 0.84
70 20 0.0017
21 1 0.27
21 3 0.93
4 21 0.09
7 21 0.08
9 21 0.24
21 11 0.65
18 21 0.08
21 19 0.71
21 20 0.85
70 21 0.0014
22 1 0.11
22 2 0.28
22 3 0.4
22 4 0.6
22 5 0.15
22 6 0.15
22 7 0.34
22 8 0.49
22 9 0.35
22 10 0.11
22 11 0.26
22 12 0.11
22 13 0.15
22 14 0.11
22 15 0.11
22 16 0.11
22 17 0.11
22 18 0.37
22 19 0.28
22 20 0.34
22 21 0.4
22 70 9.0E-4
23 1 0.14
23 2 0.11
23 3 0.45
23 4 0.3
23 5 0.2
23 6 0.2
23 7 0.36
23 8 0.31
23 9 0.43
23 10 0.14
23 11 0.29
23 12 0.14
23 13 0.2
23 14 0.14
23 15 0.14
23 16 0.14
23 17 0.14
23 18 0.24
23 19 0.27
23 20 0.36
23 21 0.45
23 22 0.75
23 70 8.0E-4
2 24 0.15
24 3 0.22
4 24 0.22
24 11 0.33
24 19 0.31
24 20 0.26
24 21 0.22
22 24 0.26
23 24 0.23
70 24 1.0E-4
25 2 0.29
25 3 0.1
25 4 0.13
25 5 0.27
25 6 0.53
25 7 0.36
25 8 0.16
25 9 0.34
25 10 0.38
25 12 0.38
25 13 0.53
25 15 0.38
25 18 0.11
25 20 0.12
25 21 0.1
25 22 0.28
25 23 0.37
25 70 5.0E-4
26 14 1.0
26 16 1.0
26 17 1.0
22 26 0.11
23 26 0.14
70 26 7.0E-4
2 27 0.29
4 27 0.13
7 27 0.12
8 27 0.25
9 27 0.11
27 12 0.38
27 13 0.27
27 15 0.38
18 27 0.11
22 27 0.28
23 27 0.21
25 27 0.43
27 70 1.0E-4
28 1 0.35
28 3 0.76
7 28 0.11
9 28 0.21
28 11 0.72
28 19 0.8
28 20 0.89
28 21 0.76
22 28 0.3
23 28 0.3
28 24 0.29
70 28 0.0019
3 29 0.38
7 29 0.22
11 29 0.29
19 29 0.53
20 29 0.45
21 29 0.38
22 29 0.15
23 29 0.1
28 29 0.5
70 29 9.0E-4
30 5 0.71
6 30 0.71
7 30 0.32
9 30 0.3
30 10 1.0
30 13 0.71
22 30 0.11
23 30 0.14
25 30 0.38
70 30 6.0E-4
31 5 0.41
6 31 0.41
7 31 0.55
9 31 0.52
31 10 0.58
31 13 0.41
18 31 0.33
22 31 0.18
23 31 0.24
25 31 0.22
31 30 0.58
70 31 3.0E-4
32 5 0.71
6 32 0.71
7 32 0.32
9 32 0.3
32 10 1.0
32 13 0.71
22 32 0.11
23 32 0.14
25 32 0.38
32 30 1.0
32 31 0.58
70 32 6.0E-4
2 33 0.13
33 3 0.27
4 33 0.24
33 5 0.47
6 33 0.24
7 33 0.42
33 8 0.07
9 33 0.7
33 10 0.33
33 11 0.14
33 12 0.33
33 13 0.47
33 15 0.33
33 18 0.38
33 19 0.13
33 20 0.21
33 21 0.27
22 33 0.32
23 33 0.38
25 33 0.25
33 27 0.13
33 28 0.12
33 30 0.33
33 31 0.38
33 32 0.33
33 70 5.0E-4
34 1 0.18
34 2 0.14
34 3 0.67
34 4 0.29
34 5 0.13
34 6 0.13
34 7 0.34
34 8 0.12
34 9 0.43
34 11 0.44
34 12 0.18
34 13 0.13
34 14 0.18
34 15 0.18
34 16 0.18
34 17 0.18
34 18 0.31
34 19 0.48
34 20 0.57
34 21 0.67
34 22 0.59
34 23 0.64
34 24 0.15
34 25 0.27
34 26 0.18
34 27 0.14
34 28 0.51
34 29 0.25
34 31 0.21
34 33 0.42
34 70 0.0014
35 1 0.28
2 35 0.1
35 3 0.67
4 35 0.15
35 5 0.2
6 35 0.2
7 35 0.35
35 8 0.06
9 35 0.5
35 10 0.28
35 11 0.68
35 12 0.28
35 13 0.39
35 15 0.28
18 35 0.08
35 19 0.73
35 20 0.79
35 21 0.74
22 35 0.38
23 35 0.43
35 24 0.23
25 35 0.21
35 27 0.1
35 28 0.78
35 29 0.39
35 30 0.28
35 31 0.16
35 32 0.28
33 35 0.55
34 35 0.6
35 70 0.0026
36 1 0.3
36 3 0.64
4 36 0.16
7 36 0.19
8 36 0.07
9 36 0.18
36 11 0.74
18 36 0.26
36 19 0.8
36 20 0.76
36 21 0.73
22 36 0.35
23 36 0.38
36 24 0.25
25 36 0.11
36 28 0.64
36 29 0.43
31 36 0.17
33 36 0.2
34 36 0.6
35 36 0.67
70 36 0.0016
37 3 0.53
37 11 0.61
37 19 0.76
37 20 0.63
37 21 0.53
22 37 0.21
23 37 0.14
37 24 0.41
37 28 0.71
37 29 0.35
34 37 0.36
35 37 0.55
37 36 0.6
70 37 0.0012
38 1 0.38
3 38 0.61
4 38 0.13
7 38 0.12
9 38 0.23
11 38 0.62
19 38 0.71
20 38 0.72
21 38 0.71
22 38 0.28
23 38 0.27
28 38 0.67
38 29 0.53
33 38 0.25
34 38 0.48
35 38 0.73
36 38 0.68
37 38 0.38
70 38 0.0014
2 39 0.22
4 39 0.2
7 39 0.18
8 39 0.25
9 39 0.17
39 12 0.58
39 13 0.41
39 15 0.58
18 39 0.17
22 39 0.18
23 39 0.08
25 39 0.22
27 39 0.22
33 39 0.19
34 39 0.21
35 39 0.16
70 39 2.0E-4
4 40 0.1
7 40 0.18
8 40 0.13
40 14 0.58
40 16 0.58
40 17 0.58
18 40 0.33
22 40 0.18
23 40 0.16
40 26 0.58
34 40 0.21
40 36 0.17
70 40 3.0E-4
3 41 0.15
7 41 0.18
8 41 0.13
11 41 0.24
19 41 0.22
20 41 0.18
21 41 0.15
22 41 0.18
23 41 0.16
24 41 0.24
28 41 0.2
34 41 0.1
35 41 0.16
36 41 0.17
37 41 0.29
70 41 1.0E-4
42 1 0.24
42 3 0.52
4 42 0.26
42 5 0.34
6 42 0.17
7 42 0.23
42 8 0.05
9 42 0.15
42 10 0.24
42 11 0.5
42 13 0.17
18 42 0.35
42 19 0.55
42 20 0.54
42 21 0.45
22 42 0.44
23 42 0.48
42 24 0.4
25 42 0.18
42 28 0.43
42 29 0.17
42 30 0.24
42 31 0.28
42 32 0.24
33 42 0.24
34 42 0.57
35 42 0.47
42 36 0.66
42 37 0.49
42 38 0.37
42 40 0.28
42 41 0.14
42 70 0.0011
43 1 0.15
2 43 0.22
43 3 0.55
4 43 0.36
43 5 0.21
6 43 0.1
7 43 0.37
43 8 0.29
9 43 0.44
43 10 0.15
43 11 0.36
43 12 0.15
43 13 0.21
43 14 0.15
43 15 0.15
43 16 0.15
43 17 0.15
43 18 0.38
43 19 0.39
43 20 0.47
43 21 0.55
22 43 0.72
23 43 0.71
43 24 0.24
25 43 0.17
43 26 0.15
43 27 0.22
43 28 0.42
43 29 0.21
43 30 0.15
43 31 0.26
43 32 0.15
43 33 0.44
34 43 0.69
43 35 0.53
43 36 0.49
43 37 0.29
43 38 0.39
43 39 0.09
43 40 0.26
43 41 0.09
43 42 0.61
43 70 0.0012
2 44 0.15
4 44 0.14
44 5 0.29
6 44 0.29
7 44 0.52
44 8 0.09
9 44 0.62
44 10 0.41
44 12 0.41
44 13 0.58
44 14 0.41
44 15 0.41
44 16 0.41
44 17 0.41
44 18 0.35
22 44 0.26
23 44 0.29
25 44 0.31
44 26 0.41
44 27 0.15
44 30 0.41
44 31 0.47
44 32 0.41
44 33 0.54
34 44 0.29
44 35 0.34
44 36 0.12
44 39 0.24
44 40 0.24
44 42 0.2
44 43 0.36
44 70 0.0012
45 5 0.71
6 45 0.71
7 45 0.32
9 45 0.3
45 10 1.0
45 13 0.71
22 45 0.11
23 45 0.14
25 45 0.38
45 30 1.0
45 31 0.58
45 32 1.0
33 45 0.33
35 45 0.28
42 45 0.24
43 45 0.15
44 45 0.41
70 45 6.0E-4
46 14 1.0
46 16 1.0
46 17 1.0
22 46 0.11
23 46 0.14
46 26 1.0
34 46 0.18
46 40 0.58
43 46 0.15
44 46 0.41
70 46 7.0E-4
47 3 0.24
4 47 0.08
47 5 0.32
9 47 0.13
47 14 0.45
47 16 0.45
47 17 0.45
47 18 0.39
47 21 0.12
22 47 0.24
23 47 0.19
47 26 0.45
47 33 0.3
34 47 0.24
47 40 0.26
47 42 0.11
47 43 0.26
47 44 0.37
47 46 0.45
47 70 7.0E-4
2 48 0.38
4 48 0.18
7 48 0.32
8 48 0.22
9 48 0.3
48 12 1.0
48 13 0.71
48 15 1.0
22 48 0.11
23 48 0.14
25 48 0.38
27 48 0.38
33 48 0.33
34 48 0.18
35 48 0.28
48 39 0.58
43 48 0.15
44 48 0.41
70 48 5.0E-4
2 49 0.13
49 3 0.09
4 49 0.29
49 5 0.24
6 49 0.24
7 49 0.42
49 8 0.15
9 49 0.4
49 10 0.33
49 11 0.14
49 12 0.33
49 13 0.47
49 15 0.33
49 18 0.29
49 19 0.13
49 20 0.11
49 21 0.09
22 49 0.32
23 49 0.28
49 24 0.14
25 49 0.25
49 27 0.25
49 28 0.12
49 29 0.24
49 30 0.33
49 31 0.38
49 32 0.33
49 33 0.33
34 49 0.3
49 35 0.28
49 36 0.2
49 38 0.13
49 39 0.19
49 42 0.32
49 43 0.34
49 44 0.54
49 45 0.33
49 47 0.15
49 48 0.33
49 70 7.0E-4
2 50 0.38
4 50 0.18
7 50 0.32
8 50 0.22
9 50 0.3
50 12 1.0
50 13 0.71
50 15 1.0
22 50 0.11
23 50 0.14
25 50 0.38
27 50 0.38
33 50 0.33
34 50 0.18
35 50 0.28
50 39 0.58
43 50 0.15
44 50 0.41
50 48 1.0
49 50 0.33
70 50 5.0E-4
51 3 0.32
4 51 0.16
51 5 0.21
7 51 0.19
9 51 0.27
51 14 0.3
51 16 0.3
51 17 0.3
51 18 0.52
51 20 0.1
51 21 0.24
22 51 0.35
23 51 0.3
25 51 0.11
51 26 0.3
51 31 0.35
51 33 0.3
34 51 0.38
51 36 0.18
51 40 0.17
51 42 0.22
51 43 0.36
51 44 0.37
51 46 0.3
51 47 0.67
51 49 0.2
51 70 4.0E-4
52 1 0.2
52 3 0.73
4 52 0.17
52 5 0.14
7 52 0.06
8 52 0.17
9 52 0.24
52 11 0.48
18 52 0.17
52 19 0.52
52 20 0.62
52 21 0.73
22 52 0.54
23 52 0.67
52 24 0.16
25 52 0.07
52 27 0.07
52 28 0.55
52 29 0.28
33 52 0.26
34 52 0.56
35 52 0.54
52 36 0.59
52 37 0.39
52 38 0.52
52 40 0.11
52 41 0.11
42 52 0.43
43 52 0.61
47 52 0.18
49 52 0.07
51 52 0.24
52 70 8.0E-4
53 1 0.38
53 3 0.71
4 53 0.07
7 53 0.12
53 11 0.93
53 19 1.0
53 20 0.84
53 21 0.71
22 53 0.28
23 53 0.27
53 24 0.31
53 28 0.8
53 29 0.53
33 53 0.13
34 53 0.48
35 53 0.73
53 36 0.8
53 37 0.76
53 38 0.71
53 41 0.22
42 53 0.55
43 53 0.39
49 53 0.13
52 53 0.52
70 53 0.0021
2 54 0.08
54 3 0.12
4 54 0.35
7 54 0.07
8 54 0.48
9 54 0.07
54 11 0.18
18 54 0.13
54 19 0.16
54 20 0.14
54 21 0.12
22 54 0.49
23 54 0.46
54 24 0.09
54 27 0.25
54 28 0.08
54 29 0.15
33 54 0.07
34 54 0.16
35 54 0.12
54 36 0.2
54 38 0.16
54 39 0.13
54 40 0.13
42 54 0.16
43 54 0.45
49 54 0.07
54 52 0.56
54 53 0.16
54 70 1.0E-4
55 14 1.0
55 16 1.0
55 17 1.0
22 55 0.11
23 55 0.14
55 26 1.0
34 55 0.18
55 40 0.58
43 55 0.15
44 55 0.41
55 46 1.0
47 55 0.45
51 55 0.3
70 55 7.0E-4
56 14 1.0
56 16 1.0
56 17 1.0
22 56 0.11
23 56 0.14
56 26 1.0
34 56 0.18
56 40 0.58
43 56 0.15
44 56 0.41
56 46 1.0
47 56 0.45
51 56 0.3
56 55 1.0
70 56 7.0E-4
57 3 0.27
4 57 0.09
57 5 0.35
9 57 0.15
57 18 0.58
57 20 0.16
57 21 0.13
22 57 0.21
23 57 0.14
25 57 0.19
57 33 0.33
34 57 0.18
57 36 0.15
57 42 0.24
57 43 0.22
57 44 0.2
57 47 0.67
57 49 0.17
57 51 0.6
57 52 0.2
57 70 3.0E-4
58 2 0.13
58 3 0.19
58 4 0.19
58 6 0.25
58 7 0.22
58 8 0.08
58 9 0.21
58 11 0.29
58 19 0.27
58 20 0.22
58 21 0.28
58 22 0.3
58 23 0.3
58 25 0.27
58 27 0.13
58 28 0.13
58 29 0.25
58 33 0.24
58 34 0.38
58 35 0.29
58 36 0.32
58 38 0.4
58 42 0.09
58 43 0.21
58 49 0.12
58 52 0.21
58 53 0.27
58 54 0.23
58 70 1.0E-4
59 1 0.32
59 3 0.76
4 59 0.06
7 59 0.1
9 59 0.29
59 11 0.65
18 59 0.09
59 19 0.72
59 20 0.9
59 21 0.85
22 59 0.34
23 59 0.36
59 24 0.26
25 59 0.12
59 28 0.89
59 29 0.45
33 59 0.21
34 59 0.57
35 59 0.79
59 36 0.76
59 37 0.63
59 38 0.72
59 41 0.18
42 59 0.46
43 59 0.47
49 59 0.11
51 59 0.1
52 59 0.62
59 53 0.72
54 59 0.07
57 59 0.16
58 59 0.22
70 59 0.0017
60 1 0.45
60 3 0.6
7 60 0.14
60 11 0.73
60 19 0.85
60 20 0.71
60 21 0.6
22 60 0.24
23 60 0.19
60 24 0.18
60 28 0.79
60 29 0.63
34 60 0.4
35 60 0.62
60 36 0.67
60 37 0.67
60 38 0.68
42 60 0.43
43 60 0.33
49 60 0.15
52 60 0.44
60 53 0.85
54 60 0.1
58 60 0.16
60 59 0.71
70 60 0.0018
61 1 0.5
3 61 0.4
4 61 0.09
7 61 0.16
8 61 0.11
11 61 0.61
18 61 0.14
19 61 0.57
20 61 0.47
21 61 0.4
22 61 0.21
23 61 0.21
28 61 0.53
61 29 0.35
34 61 0.36
35 61 0.42
36 61 0.6
37 61 0.25
61 38 0.57
40 61 0.29
42 61 0.36
43 61 0.29
49 61 0.17
52 61 0.39
53 61 0.57
54 61 0.22
58 61 0.18
59 61 0.47
60 61 0.67
70 61 0.0012
18 62 0.29
22 62 0.11
47 62 0.45
51 62 0.3
57 62 0.5
70 62 4.0E-4
4 63 0.2
63 5 0.41
6 63 0.41
7 63 0.18
9 63 0.17
63 10 0.58
63 13 0.41
22 63 0.18
23 63 0.08
25 63 0.22
63 30 0.58
63 31 0.33
63 32 0.58
33 63 0.19
35 63 0.16
42 63 0.14
43 63 0.09
44 63 0.24
63 45 0.58
49 63 0.19
51 63 0.35
70 63 2.0E-4
3 64 0.51
8 64 0.16
9 64 0.23
11 64 0.31
18 64 0.11
19 64 0.29
20 64 0.6
21 64 0.51
22 64 0.28
23 64 0.27
24 64 0.15
25 64 0.14
28 64 0.53
33 64 0.13
34 64 0.34
35 64 0.42
36 64 0.34
37 64 0.38
38 64 0.29
64 41 0.22
42 64 0.28
43 64 0.28
51 64 0.11
52 64 0.37
53 64 0.29
57 64 0.19
59 64 0.6
60 64 0.17
61 64 0.19
70 64 4.0E-4
65 2 0.24
65 4 0.28
65 5 0.22
65 6 0.45
65 7 0.3
65 8 0.07
65 9 0.29
65 10 0.32
65 12 0.32
65 13 0.45
65 15 0.32
65 18 0.09
65 22 0.34
65 23 0.36
65 24 0.26
65 25 0.48
65 27 0.24
65 30 0.32
65 31 0.18
65 32 0.32
65 33 0.21
65 34 0.23
65 35 0.18
65 39 0.18
65 42 0.23
65 43 0.19
65 44 0.26
65 45 0.32
65 47 0.14
65 48 0.32
65 49 0.32
65 50 0.32
65 51 0.1
65 57 0.16
65 58 0.34
65 62 0.32
65 63 0.18
65 70 6.0E-4
66 1 0.38
3 66 0.71
5 66 0.27
9 66 0.23
11 66 0.15
18 66 0.22
19 66 0.14
20 66 0.48
21 66 0.61
22 66 0.28
23 66 0.37
25 66 0.14
28 66 0.4
33 66 0.25
34 66 0.48
35 66 0.31
36 66 0.23
66 38 0.29
42 66 0.28
43 66 0.39
47 66 0.17
51 66 0.34
52 66 0.52
53 66 0.14
57 66 0.38
59 66 0.48
60 66 0.17
66 61 0.19
66 64 0.43
70 66 2.0E-4
18 67 0.29
22 67 0.11
47 67 0.45
51 67 0.3
57 67 0.5
67 62 1.0
65 67 0.32
70 67 4.0E-4
2 68 0.14
4 68 0.13
68 5 0.27
6 68 0.27
7 68 0.48
68 8 0.08
9 68 0.57
68 10 0.38
68 12 0.38
68 13 0.53
68 15 0.38
68 18 0.33
22 68 0.28
23 68 0.32
25 68 0.43
68 27 0.29
68 30 0.38
68 31 0.65
68 32 0.38
68 33 0.5
34 68 0.2
68 35 0.21
68 36 0.11
68 39 0.22
68 42 0.18
68 43 0.28
68 44 0.62
68 45 0.38
68 47 0.17
68 48 0.38
68 49 0.5
68 50 0.38
68 51 0.34
68 57 0.19
58 68 0.13
68 63 0.22
65 68 0.36
68 70 5.0E-4
69 14 1.0
69 16 1.0
69 17 1.0
22 69 0.11
23 69 0.14
69 26 1.0
34 69 0.18
69 40 0.58
43 69 0.15
44 69 0.41
69 46 1.0
47 69 0.45
51 69 0.3
69 55 1.0
69 56 1.0
69 70 7.0E-4
