*Vertices  15
1 "LED灯"
2 "工质"
3 "蒸发皿"
4 "连接管"
5 "LED"
6 "二极管"
7 "通道"
8 "基板"
9 "基座"
10 "散热片"
11 "散热器"
12 "LED芯片"
13 "芯片"
14 "电阻"
15 "电子元器件"
*Arcs
1 15 0.0033
1 2 0.25
2 15 0.0297
1 3 0.18
2 3 0.71
15 3 0.0503
1 4 0.18
2 4 0.71
4 3 1.0
15 4 0.0503
5 1 0.6
5 2 0.15
5 3 0.11
5 4 0.11
5 15 0.0014
6 1 0.3
6 2 0.2
6 3 0.14
6 4 0.14
6 5 0.75
6 15 0.0019
1 7 0.22
7 2 0.29
7 3 0.41
7 4 0.41
5 7 0.26
6 7 0.23
7 15 0.0118
1 8 0.25
2 8 0.5
8 3 0.71
8 4 0.71
5 8 0.15
6 8 0.1
7 8 0.29
8 15 0.0291
1 9 0.25
2 9 0.5
9 3 0.71
9 4 0.71
5 9 0.15
6 9 0.2
7 9 0.58
8 9 0.5
9 15 0.0299
1 10 0.47
10 2 0.53
10 3 0.38
10 4 0.38
5 10 0.28
6 10 0.27
10 7 0.46
10 8 0.53
10 9 0.53
10 15 0.0128
1 11 0.47
11 2 0.53
11 3 0.38
11 4 0.38
5 11 0.28
6 11 0.21
11 7 0.31
11 8 0.53
11 9 0.27
11 10 0.86
11 15 0.0117
1 12 0.26
12 2 0.34
12 3 0.24
12 4 0.24
5 12 0.44
6 12 0.48
12 7 0.4
12 8 0.17
12 9 0.34
12 10 0.37
12 11 0.28
12 15 0.0049
1 13 0.36
13 2 0.21
13 3 0.15
13 4 0.15
5 13 0.72
6 13 0.71
13 7 0.24
13 8 0.1
13 9 0.21
13 10 0.22
13 11 0.17
13 12 0.61
13 15 0.0021
1 14 0.35
14 2 0.15
14 3 0.22
14 4 0.22
5 14 0.49
6 14 0.46
14 7 0.09
14 8 0.15
14 9 0.15
10 14 0.08
11 14 0.08
12 14 0.16
13 14 0.45
14 15 0.0031
