*Vertices  14
1 "LED灯"
2 "传感器"
3 "单片机"
4 "荧光粉"
5 "刻度板"
6 "激光射线"
7 "EP"
8 "LED"
9 "LED光源"
10 "圆盘"
11 "芯片"
12 "激光"
13 "检测板"
14 "电动机"
*Arcs
1 14 0.0022
2 14 0.0101
1 3 0.21
3 2 0.2
3 14 0.0058
4 1 0.17
4 3 0.1
4 14 0.0059
2 5 0.33
14 5 0.0534
2 6 0.33
6 5 1.0
14 6 0.0534
1 7 0.2
7 3 0.09
4 7 0.46
7 14 0.0049
8 1 0.6
8 2 0.32
8 3 0.35
8 4 0.34
8 5 0.11
8 6 0.11
8 7 0.37
8 14 0.0042
9 1 0.44
9 2 0.09
9 3 0.08
9 4 0.26
9 7 0.24
9 8 0.38
9 14 0.0048
1 10 0.18
3 10 0.3
4 10 0.32
7 10 0.29
8 10 0.11
9 10 0.28
14 10 0.0283
1 11 0.36
11 2 0.05
11 3 0.36
4 11 0.37
11 7 0.38
8 11 0.72
9 11 0.16
11 10 0.15
11 14 0.0017
12 1 0.19
12 2 0.24
12 4 0.22
12 5 0.35
12 6 0.35
12 8 0.3
12 9 0.1
12 11 0.21
12 14 0.0101
2 13 0.47
3 13 0.21
13 5 0.71
13 6 0.71
8 13 0.15
11 13 0.1
12 13 0.25
13 14 0.037
