*Vertices  40
1 "LED灯"
2 "控制器"
3 "处理器"
4 "单片机"
5 "整流器"
6 "开关"
7 "触发脉冲"
8 "变压器"
9 "EP"
10 "LED"
11 "二极管"
12 "稳压二极管"
13 "三极管"
14 "玻璃"
15 "LED光源"
16 "转换器"
17 "晶体振荡器"
18 "放大器"
19 "半导体"
20 "电路板"
21 "MQW"
22 "GPIO"
23 "键合"
24 "客户"
25 "焊盘"
26 "滑动变阻器"
27 "锂电池"
28 "LED芯片"
29 "芯片"
30 "继电器"
31 "充电器"
32 "电感"
33 "电极"
34 "电阻"
35 "空穴"
36 "光电耦合器"
37 "蜂鸣器"
38 "晶体闸流管"
39 "插座"
40 "电容"
*Arcs
1 40 0.0013
40 2 5.0E-4
3 1 0.17
3 2 0.48
3 40 4.0E-4
1 4 0.21
4 2 0.11
3 4 0.29
4 40 7.0E-4
1 5 0.14
40 5 0.0030
1 6 0.39
6 2 0.25
3 6 0.28
6 4 0.26
6 5 0.18
6 40 0.0049
2 7 0.38
40 7 0.0020
1 8 0.2
8 2 0.11
4 8 0.09
8 5 0.59
6 8 0.25
40 8 0.0047
1 9 0.2
9 2 0.11
3 9 0.18
9 4 0.09
9 5 0.12
9 6 0.19
9 8 0.08
9 40 9.0E-4
10 1 0.6
10 2 0.28
10 3 0.34
10 4 0.35
10 5 0.26
10 6 0.49
10 7 0.11
10 8 0.37
10 9 0.37
10 40 0.0037
11 1 0.3
11 2 0.16
11 3 0.04
11 4 0.13
11 5 0.35
11 6 0.31
11 7 0.14
11 8 0.37
11 9 0.24
11 10 0.75
11 40 0.0032
1 12 0.18
5 12 0.41
6 12 0.22
8 12 0.29
9 12 0.29
10 12 0.11
11 12 0.14
40 12 0.0018
1 13 0.2
13 2 0.11
4 13 0.17
13 5 0.47
6 13 0.31
13 7 0.29
13 8 0.58
9 13 0.08
10 13 0.37
11 13 0.45
13 12 0.29
13 40 0.0085
14 1 0.28
14 3 0.3
14 4 0.29
14 6 0.21
14 8 0.09
14 9 0.18
14 10 0.34
14 11 0.22
14 13 0.09
14 40 3.0E-4
15 1 0.44
15 3 0.18
15 4 0.08
15 5 0.11
15 6 0.06
15 8 0.08
15 9 0.24
15 10 0.38
15 11 0.27
15 12 0.28
15 13 0.08
15 14 0.18
15 40 2.0E-4
1 16 0.13
16 2 0.29
3 16 0.12
4 16 0.11
6 16 0.25
16 7 0.38
8 16 0.11
9 16 0.11
10 16 0.28
11 16 0.21
13 16 0.11
14 16 0.24
40 16 0.0014
1 17 0.13
17 2 0.27
3 17 0.22
4 17 0.21
6 17 0.31
9 17 0.2
10 17 0.15
17 13 0.2
14 17 0.22
17 16 0.27
17 40 8.0E-4
18 2 0.19
3 18 0.16
4 18 0.45
5 18 0.2
8 18 0.29
10 18 0.21
11 18 0.14
13 18 0.14
18 16 0.19
40 18 0.0012
19 1 0.29
19 3 0.11
19 4 0.05
19 5 0.15
19 6 0.12
19 8 0.1
19 9 0.31
19 10 0.59
19 11 0.64
19 12 0.18
19 13 0.05
19 14 0.23
19 15 0.3
19 16 0.14
19 18 0.09
19 40 4.0E-4
20 1 0.43
20 3 0.13
20 4 0.12
20 6 0.18
20 8 0.12
20 10 0.26
20 11 0.06
20 13 0.12
20 14 0.39
20 15 0.11
20 17 0.29
20 19 0.15
20 40 3.0E-4
1 21 0.16
5 21 0.25
6 21 0.07
8 21 0.17
9 21 0.26
10 21 0.35
11 21 0.38
21 12 0.3
13 21 0.09
14 21 0.19
15 21 0.17
19 21 0.6
40 21 3.0E-4
1 22 0.13
3 22 0.22
6 22 0.31
9 22 0.2
10 22 0.15
19 22 0.13
40 22 0.0011
1 23 0.07
4 23 0.12
9 23 0.12
10 23 0.26
11 23 0.29
14 23 0.13
16 23 0.15
18 23 0.2
19 23 0.29
21 23 0.12
40 23 2.0E-4
1 24 0.2
3 24 0.37
6 24 0.25
9 24 0.17
10 24 0.18
11 24 0.08
15 24 0.16
16 24 0.22
19 24 0.21
22 24 0.41
40 24 8.0E-4
1 25 0.1
5 25 0.24
6 25 0.13
8 25 0.17
9 25 0.33
10 25 0.18
11 25 0.16
25 12 0.58
13 25 0.17
15 25 0.16
19 25 0.21
25 21 0.17
25 23 0.24
40 25 7.0E-4
6 26 0.22
8 26 0.29
10 26 0.11
11 26 0.14
13 26 0.29
40 26 0.0014
1 27 0.1
4 27 0.17
6 27 0.13
27 8 0.17
10 27 0.18
11 27 0.16
27 13 0.5
14 27 0.18
27 17 0.41
20 27 0.24
27 40 0.0018
1 28 0.26
28 4 0.07
28 5 0.2
28 6 0.05
28 8 0.14
9 28 0.35
10 28 0.44
11 28 0.48
28 12 0.24
28 13 0.07
14 28 0.15
15 28 0.2
28 18 0.12
19 28 0.57
28 21 0.66
28 23 0.2
28 25 0.28
28 40 6.0E-4
1 29 0.36
29 2 0.11
3 29 0.05
29 4 0.36
29 5 0.24
29 6 0.29
29 7 0.15
29 8 0.21
29 9 0.38
10 29 0.72
11 29 0.71
29 12 0.15
29 13 0.3
14 29 0.14
15 29 0.16
29 16 0.22
29 17 0.1
29 18 0.29
19 29 0.69
20 29 0.06
29 21 0.49
29 22 0.1
29 23 0.3
29 24 0.09
29 25 0.26
29 26 0.15
29 27 0.17
29 28 0.61
29 40 0.0034
1 30 0.09
30 2 0.19
3 30 0.16
6 30 0.33
30 7 0.5
8 30 0.29
9 30 0.14
10 30 0.21
11 30 0.21
13 30 0.43
30 16 0.19
22 30 0.35
30 24 0.29
30 26 0.5
29 30 0.15
40 30 0.0077
31 2 0.17
3 31 0.14
31 5 0.37
31 8 0.39
10 31 0.24
11 31 0.25
13 31 0.52
27 31 0.52
29 31 0.07
40 31 7.0E-4
1 32 0.25
5 32 0.29
6 32 0.31
8 32 0.2
9 32 0.2
10 32 0.15
11 32 0.1
32 12 0.71
13 32 0.2
15 32 0.2
32 16 0.27
19 32 0.13
32 21 0.21
32 25 0.41
28 32 0.17
29 32 0.21
40 32 0.0027
1 33 0.17
33 2 0.07
4 33 0.06
33 5 0.4
6 33 0.17
33 7 0.2
33 8 0.45
9 33 0.17
10 33 0.54
11 33 0.67
33 12 0.2
13 33 0.62
14 33 0.06
15 33 0.05
33 16 0.07
33 18 0.1
19 33 0.56
33 21 0.59
33 23 0.24
33 25 0.11
33 26 0.2
27 33 0.23
28 33 0.43
29 33 0.61
33 30 0.29
33 31 0.35
33 32 0.14
40 33 0.0037
1 34 0.35
34 2 0.08
3 34 0.07
4 34 0.2
34 5 0.53
6 34 0.48
34 7 0.22
34 8 0.57
9 34 0.13
10 34 0.49
11 34 0.46
34 12 0.22
34 13 0.76
14 34 0.07
15 34 0.06
34 16 0.25
34 17 0.15
34 18 0.22
19 34 0.16
20 34 0.18
34 21 0.2
34 22 0.31
34 24 0.13
34 25 0.13
34 26 0.22
34 27 0.38
28 34 0.16
29 34 0.45
34 30 0.44
34 31 0.39
34 32 0.31
34 33 0.56
34 40 0.0104
1 35 0.09
5 35 0.2
6 35 0.11
8 35 0.14
9 35 0.14
10 35 0.21
11 35 0.21
35 12 0.5
13 35 0.14
15 35 0.14
19 35 0.36
21 35 0.6
25 35 0.29
28 35 0.36
29 35 0.29
32 35 0.35
33 35 0.39
34 35 0.22
40 35 6.0E-4
2 36 0.38
36 7 1.0
10 36 0.11
11 36 0.14
13 36 0.29
16 36 0.38
29 36 0.15
30 36 0.5
33 36 0.2
34 36 0.22
40 36 0.0020
1 37 0.18
3 37 0.32
6 37 0.22
9 37 0.29
10 37 0.11
22 37 0.71
24 37 0.58
30 37 0.5
34 37 0.22
40 37 0.0017
5 38 0.47
6 38 0.25
8 38 0.33
10 38 0.18
11 38 0.24
13 38 0.33
29 38 0.09
38 30 0.29
31 38 0.26
33 38 0.23
34 38 0.38
40 38 0.0019
1 39 0.13
3 39 0.22
6 39 0.31
9 39 0.2
10 39 0.15
11 39 0.1
22 39 0.5
39 24 0.41
29 39 0.1
30 39 0.35
34 39 0.15
39 37 0.71
40 39 0.0011
