*Vertices  84
1 "LCD显示屏"
2 "衬底"
3 "LED灯"
4 "电容"
5 "容器"
6 "控制器"
7 "单片机"
8 "发生器"
9 "荧光粉"
10 "整流器"
11 "开关"
12 "发光荧光材料"
13 "GAN"
14 "次氯酸钠溶液"
15 "保护层"
16 "触发脉冲"
17 "蓝膜"
18 "变压器"
19 "稳压块"
20 "蒸镀方法"
21 "EP"
22 "LED外延片"
23 "外延片"
24 "外延"
25 "LED"
26 "二极管"
27 "稳压二极管"
28 "三极管"
29 "掩膜"
30 "玻璃"
31 "通道"
32 "LED光源"
33 "塑料"
34 "腐蚀液"
35 "转换器"
36 "铝基板"
37 "缓冲层"
38 "内量子效率"
39 "光刻胶"
40 "填充区域"
41 "SiO2"
42 "放大器"
43 "半导体"
44 "Al2O3"
45 "GaAs"
46 "MQW"
47 "ESD"
48 "ITO"
49 "键合"
50 "焊盘"
51 "滑动变阻器"
52 "太阳能"
53 "蓄电池"
54 "锂电池"
55 "LED芯片"
56 "芯片"
57 "金属层"
58 "电流扩展层"
59 "继电器"
60 "充电器"
61 "去离子水"
62 "Li"
63 "电感"
64 "离子"
65 "接触层"
66 "电阻"
67 "脉冲信号"
68 "丙酮"
69 "激光"
70 "真空吸盘"
71 "MOCVD"
72 "标准芯片工艺制作"
73 "湿法刻蚀"
74 "干法刻蚀"
75 "湿法腐蚀"
76 "空穴"
77 "光电耦合器"
78 "屏幕"
79 "反射层"
80 "发光层"
81 "甲基"
82 "晶体闸流管"
83 "电流阻挡层"
84 "电极"
*Arcs
84 1 2.0E-4
2 1 0.27
84 2 0.0027
3 2 0.05
3 84 2.0E-4
3 4 0.21
4 84 6.0E-4
5 2 0.19
84 5 1.0E-4
4 6 0.11
84 6 0.0
3 7 0.21
7 4 0.18
7 6 0.11
7 84 0.0
3 8 0.31
7 8 0.17
84 8 0.0
9 2 0.08
9 3 0.17
9 5 0.22
9 6 0.12
9 7 0.1
9 84 1.0E-4
10 2 0.11
3 10 0.14
4 10 0.37
84 10 8.0E-4
3 11 0.39
11 4 0.46
11 6 0.25
11 7 0.26
11 8 0.13
9 11 0.14
11 10 0.18
11 84 2.0E-4
12 2 0.16
12 3 0.27
12 5 0.21
12 7 0.09
12 8 0.17
12 9 0.57
12 11 0.13
12 84 3.0E-4
13 1 0.41
13 2 0.65
3 13 0.07
9 13 0.13
10 13 0.17
84 13 0.0012
2 14 0.38
84 14 4.0E-4
2 15 0.15
3 15 0.2
9 15 0.18
10 15 0.24
13 15 0.24
84 15 1.0E-4
4 16 0.3
6 16 0.38
84 16 2.0E-4
2 17 0.38
5 17 0.5
84 17 3.0E-4
18 2 0.08
3 18 0.2
4 18 0.44
18 6 0.11
7 18 0.09
18 8 0.17
9 18 0.09
18 10 0.59
11 18 0.25
18 13 0.12
18 15 0.17
84 18 9.0E-4
19 10 0.41
19 18 0.29
84 19 1.0E-4
2 20 0.38
12 20 0.43
84 20 4.0E-4
21 2 0.15
3 21 0.2
21 4 0.17
21 5 0.2
21 6 0.11
21 7 0.09
9 21 0.46
21 10 0.12
21 11 0.19
12 21 0.35
21 14 0.2
21 15 0.17
21 17 0.2
21 18 0.08
21 84 2.0E-4
22 1 0.38
22 2 0.71
3 22 0.07
9 22 0.12
10 22 0.15
22 13 0.93
22 15 0.22
18 22 0.11
84 22 0.0014
23 1 0.32
23 2 0.85
3 23 0.06
9 23 0.1
10 23 0.13
12 23 0.19
23 13 0.77
23 14 0.22
23 15 0.18
18 23 0.09
23 20 0.45
21 23 0.09
23 22 0.84
84 23 0.0021
24 1 0.27
24 2 0.93
3 24 0.09
9 24 0.08
10 24 0.11
12 24 0.24
24 13 0.65
24 14 0.38
24 15 0.15
24 17 0.19
18 24 0.08
24 20 0.38
21 24 0.08
24 22 0.71
24 23 0.85
84 24 0.0027
25 1 0.11
25 2 0.4
25 3 0.6
25 4 0.35
25 5 0.15
25 6 0.28
25 7 0.35
25 8 0.18
25 9 0.34
25 10 0.26
25 11 0.49
25 12 0.35
25 13 0.26
25 14 0.15
25 15 0.18
25 16 0.11
25 17 0.15
25 18 0.37
25 19 0.11
25 20 0.15
25 21 0.37
25 22 0.28
25 23 0.34
25 24 0.4
25 84 0.0017
26 1 0.14
26 2 0.45
26 3 0.3
26 4 0.34
26 5 0.2
26 6 0.16
26 7 0.13
26 8 0.08
26 9 0.36
26 10 0.35
26 11 0.31
26 12 0.43
26 13 0.29
26 14 0.2
26 15 0.08
26 16 0.14
26 17 0.2
26 18 0.37
26 19 0.14
26 20 0.2
26 21 0.24
26 22 0.27
26 23 0.36
26 24 0.45
26 25 0.75
26 84 0.0023
3 27 0.18
4 27 0.3
10 27 0.41
11 27 0.22
18 27 0.29
21 27 0.29
25 27 0.11
26 27 0.14
84 27 2.0E-4
3 28 0.2
28 4 0.61
28 6 0.11
7 28 0.17
28 8 0.17
28 10 0.47
11 28 0.31
12 28 0.09
28 16 0.29
28 18 0.58
28 19 0.29
21 28 0.08
25 28 0.37
26 28 0.45
28 27 0.29
28 84 0.0014
2 29 0.27
3 29 0.18
10 29 0.41
13 29 0.41
15 29 0.58
18 29 0.29
22 29 0.38
23 29 0.32
24 29 0.27
25 29 0.11
26 29 0.14
84 29 3.0E-4
30 2 0.08
30 3 0.28
30 4 0.1
30 7 0.29
30 8 0.37
30 9 0.2
30 11 0.21
30 12 0.19
30 14 0.22
30 18 0.09
30 21 0.18
30 23 0.1
30 24 0.08
30 25 0.34
30 26 0.22
30 28 0.09
30 84 1.0E-4
31 2 0.22
3 31 0.22
7 31 0.12
31 13 0.33
31 22 0.31
31 23 0.26
31 24 0.22
25 31 0.26
26 31 0.23
84 31 1.0E-4
32 3 0.44
32 4 0.08
32 7 0.08
32 9 0.26
32 10 0.11
32 11 0.06
32 12 0.17
32 18 0.08
32 21 0.24
32 25 0.38
32 26 0.27
32 27 0.28
32 28 0.08
32 30 0.18
32 31 0.11
32 84 0.0
33 2 0.1
33 3 0.13
33 5 0.27
33 6 0.14
33 9 0.36
33 11 0.16
33 12 0.34
33 14 0.27
33 21 0.11
33 23 0.12
33 24 0.1
33 25 0.28
33 26 0.37
33 30 0.48
33 32 0.1
33 84 1.0E-4
2 34 0.6
3 34 0.08
5 34 0.32
10 34 0.18
13 34 0.18
34 14 0.63
15 34 0.26
34 17 0.32
18 34 0.13
21 34 0.26
22 34 0.17
23 34 0.28
24 34 0.48
25 34 0.24
26 34 0.32
34 29 0.45
30 34 0.14
33 34 0.17
84 34 9.0E-4
3 35 0.13
4 35 0.23
35 6 0.29
7 35 0.11
9 35 0.12
11 35 0.25
12 35 0.11
35 16 0.38
18 35 0.11
21 35 0.11
25 35 0.28
26 35 0.21
28 35 0.11
30 35 0.24
33 35 0.43
84 35 1.0E-4
36 2 0.11
36 3 0.29
36 9 0.26
36 12 0.12
36 14 0.29
36 15 0.24
36 21 0.24
36 23 0.13
36 24 0.11
36 25 0.26
36 26 0.23
36 30 0.26
36 31 0.33
36 32 0.34
36 33 0.31
36 34 0.18
36 84 1.0E-4
37 1 0.35
37 2 0.76
9 37 0.11
12 37 0.21
37 13 0.72
37 20 0.5
37 22 0.8
37 23 0.89
37 24 0.76
25 37 0.3
26 37 0.3
37 31 0.29
84 37 0.0016
2 38 0.38
9 38 0.22
13 38 0.29
22 38 0.53
23 38 0.45
24 38 0.38
25 38 0.15
26 38 0.1
37 38 0.5
84 38 4.0E-4
2 39 0.46
3 39 0.1
10 39 0.24
13 39 0.24
39 14 0.41
15 39 0.33
18 39 0.17
21 39 0.17
22 39 0.22
23 39 0.37
24 39 0.46
25 39 0.18
26 39 0.24
39 29 0.58
30 39 0.18
33 39 0.22
34 39 0.77
36 39 0.24
84 39 6.0E-4
2 40 0.27
14 40 0.71
21 40 0.29
23 40 0.32
24 40 0.27
25 40 0.11
26 40 0.14
30 40 0.32
33 40 0.38
34 40 0.45
36 40 0.41
39 40 0.58
84 40 2.0E-4
41 2 0.27
3 41 0.24
41 5 0.47
9 41 0.42
41 10 0.14
41 11 0.07
12 41 0.7
41 13 0.14
41 15 0.19
41 17 0.24
41 18 0.1
41 20 0.24
41 21 0.38
41 22 0.13
41 23 0.21
41 24 0.27
25 41 0.32
26 41 0.38
41 29 0.33
33 41 0.25
41 34 0.3
41 35 0.13
41 37 0.12
41 39 0.19
41 84 5.0E-4
4 42 0.3
42 6 0.19
7 42 0.45
10 42 0.2
18 42 0.29
25 42 0.21
26 42 0.14
28 42 0.14
42 35 0.19
84 42 0.0
43 1 0.18
43 2 0.67
43 3 0.29
43 4 0.11
43 5 0.13
43 7 0.05
43 9 0.34
43 10 0.15
43 11 0.12
43 12 0.43
43 13 0.44
43 14 0.25
43 15 0.1
43 17 0.25
43 18 0.1
43 20 0.25
43 21 0.31
43 22 0.48
43 23 0.57
43 24 0.67
43 25 0.59
43 26 0.64
43 27 0.18
43 28 0.05
43 29 0.18
43 30 0.23
43 31 0.15
43 32 0.3
43 33 0.27
43 34 0.4
43 35 0.14
43 36 0.22
43 37 0.51
43 38 0.25
43 39 0.31
43 40 0.18
43 41 0.42
43 42 0.09
43 84 0.0018
44 1 0.28
44 2 0.67
3 44 0.15
44 5 0.2
9 44 0.35
44 10 0.11
44 11 0.06
12 44 0.5
44 13 0.68
44 15 0.16
44 18 0.08
44 20 0.39
21 44 0.08
44 22 0.73
44 23 0.79
44 24 0.74
25 44 0.38
26 44 0.43
44 29 0.28
44 31 0.23
33 44 0.21
44 34 0.12
44 35 0.1
44 37 0.78
44 38 0.39
44 39 0.16
41 44 0.55
43 44 0.6
44 84 0.0017
2 45 0.55
3 45 0.07
12 45 0.25
45 14 0.58
17 45 0.29
45 20 0.29
21 45 0.12
23 45 0.26
24 45 0.65
25 45 0.26
26 45 0.35
30 45 0.13
33 45 0.15
34 45 0.55
36 45 0.17
37 45 0.14
45 39 0.47
45 40 0.41
41 45 0.27
43 45 0.44
44 45 0.23
84 45 0.0011
46 1 0.3
46 2 0.64
3 46 0.16
4 46 0.09
9 46 0.19
10 46 0.25
11 46 0.07
12 46 0.18
46 13 0.74
46 14 0.21
46 15 0.17
18 46 0.17
21 46 0.26
46 22 0.8
46 23 0.76
46 24 0.73
25 46 0.35
26 46 0.38
46 27 0.3
28 46 0.09
46 29 0.3
30 46 0.19
46 31 0.25
32 46 0.17
33 46 0.11
46 34 0.27
36 46 0.12
46 37 0.64
46 38 0.43
46 39 0.35
46 40 0.3
41 46 0.2
43 46 0.6
44 46 0.67
46 45 0.25
84 46 0.0019
47 2 0.53
47 13 0.61
47 22 0.76
47 23 0.63
47 24 0.53
25 47 0.21
26 47 0.14
47 31 0.41
47 37 0.71
47 38 0.35
43 47 0.36
44 47 0.55
47 46 0.6
84 47 7.0E-4
48 1 0.38
2 48 0.61
3 48 0.13
9 48 0.12
10 48 0.15
12 48 0.23
13 48 0.62
48 15 0.22
18 48 0.11
48 20 0.27
22 48 0.71
23 48 0.72
24 48 0.71
25 48 0.28
26 48 0.27
48 29 0.38
48 34 0.17
37 48 0.67
48 38 0.53
48 39 0.22
41 48 0.25
43 48 0.48
44 48 0.73
48 45 0.15
46 48 0.68
47 48 0.38
84 48 0.0014
2 49 0.22
3 49 0.07
4 49 0.12
7 49 0.12
9 49 0.13
12 49 0.25
49 14 0.29
49 15 0.24
49 20 0.29
21 49 0.12
23 49 0.13
24 49 0.33
25 49 0.26
26 49 0.29
30 49 0.13
33 49 0.15
49 34 0.18
35 49 0.15
36 49 0.17
37 49 0.14
41 49 0.27
42 49 0.2
43 49 0.29
44 49 0.23
49 45 0.5
46 49 0.12
48 49 0.15
84 49 4.0E-4
3 50 0.1
4 50 0.17
9 50 0.18
10 50 0.24
11 50 0.13
50 15 0.33
18 50 0.17
21 50 0.33
25 50 0.18
26 50 0.16
50 27 0.58
28 50 0.17
32 50 0.16
36 50 0.24
43 50 0.21
50 46 0.17
50 49 0.24
84 50 1.0E-4
4 51 0.3
11 51 0.22
18 51 0.29
25 51 0.11
26 51 0.14
28 51 0.29
84 51 1.0E-4
2 52 0.15
6 52 0.44
9 52 0.18
11 52 0.13
13 52 0.24
18 52 0.17
22 52 0.22
23 52 0.18
24 52 0.15
25 52 0.18
26 52 0.16
31 52 0.24
37 52 0.2
43 52 0.1
44 52 0.16
46 52 0.17
47 52 0.29
84 52 1.0E-4
3 53 0.08
53 6 0.17
9 53 0.14
53 10 0.37
11 53 0.2
53 18 0.39
53 19 0.45
25 53 0.24
26 53 0.19
28 53 0.26
32 53 0.12
43 53 0.08
53 52 0.26
84 53 2.0E-4
3 54 0.1
54 4 0.35
7 54 0.17
11 54 0.13
54 18 0.17
25 54 0.18
26 54 0.16
54 28 0.5
30 54 0.18
54 84 2.0E-4
55 1 0.24
55 2 0.52
3 55 0.26
55 4 0.15
55 5 0.34
55 7 0.07
9 55 0.23
55 10 0.2
55 11 0.05
12 55 0.15
55 13 0.5
55 14 0.17
55 15 0.28
55 17 0.17
55 18 0.14
21 55 0.35
55 22 0.55
55 23 0.54
55 24 0.45
25 55 0.44
26 55 0.48
55 27 0.24
55 28 0.07
55 29 0.24
30 55 0.15
55 31 0.4
32 55 0.2
33 55 0.18
55 34 0.33
36 55 0.4
55 37 0.43
55 38 0.17
55 39 0.28
55 40 0.24
41 55 0.24
55 42 0.12
43 55 0.57
44 55 0.47
55 45 0.1
55 46 0.66
55 47 0.49
55 48 0.37
55 49 0.2
55 50 0.28
55 52 0.14
55 84 0.0011
56 1 0.15
56 2 0.55
3 56 0.36
56 4 0.36
56 5 0.21
56 6 0.11
56 7 0.36
56 8 0.09
9 56 0.37
56 10 0.24
56 11 0.29
12 56 0.44
56 13 0.36
56 14 0.21
56 15 0.17
56 16 0.15
56 17 0.21
56 18 0.21
56 20 0.21
56 21 0.38
56 22 0.39
56 23 0.47
56 24 0.55
25 56 0.72
26 56 0.71
56 27 0.15
56 28 0.3
56 29 0.15
30 56 0.14
56 31 0.24
32 56 0.16
33 56 0.17
56 34 0.33
56 35 0.22
36 56 0.24
56 37 0.42
56 38 0.21
56 39 0.26
56 40 0.15
56 41 0.44
56 42 0.29
43 56 0.69
56 44 0.53
56 45 0.36
56 46 0.49
56 47 0.29
56 48 0.39
56 49 0.3
56 50 0.26
56 51 0.15
56 52 0.09
56 54 0.17
56 55 0.61
56 84 0.0021
3 57 0.18
12 57 0.3
24 57 0.27
25 57 0.11
26 57 0.14
41 57 0.33
43 57 0.18
44 57 0.28
45 57 0.41
46 57 0.3
48 57 0.38
49 57 0.41
56 57 0.15
84 57 1.0E-4
2 58 0.55
3 58 0.14
5 58 0.29
10 58 0.17
12 58 0.12
13 58 0.17
58 14 0.58
15 58 0.24
58 17 0.58
18 58 0.12
21 58 0.24
22 58 0.15
23 58 0.26
24 58 0.55
25 58 0.26
26 58 0.35
58 29 0.41
30 58 0.13
33 58 0.15
58 34 0.73
36 58 0.17
58 39 0.47
58 40 0.41
41 58 0.41
43 58 0.44
44 58 0.23
58 45 0.67
46 58 0.37
48 58 0.31
49 58 0.33
55 58 0.3
56 58 0.36
58 57 0.41
84 58 0.0011
3 59 0.09
4 59 0.6
59 6 0.19
11 59 0.33
59 16 0.5
18 59 0.29
21 59 0.14
25 59 0.21
26 59 0.21
28 59 0.43
59 35 0.19
59 51 0.5
56 59 0.15
84 59 4.0E-4
4 60 0.13
60 6 0.17
60 10 0.37
60 18 0.39
60 19 0.45
25 60 0.24
26 60 0.25
28 60 0.52
60 52 0.26
60 53 0.4
54 60 0.52
56 60 0.07
84 60 4.0E-4
61 2 0.24
3 61 0.08
61 5 0.32
12 61 0.13
61 17 0.32
61 21 0.39
61 24 0.12
25 61 0.24
26 61 0.19
61 34 0.4
61 39 0.26
61 41 0.3
43 61 0.24
61 45 0.18
61 50 0.26
61 55 0.11
61 56 0.26
61 58 0.18
61 84 1.0E-4
62 2 0.09
3 62 0.29
62 5 0.24
62 6 0.13
9 62 0.42
62 11 0.15
12 62 0.4
62 13 0.14
62 21 0.29
62 22 0.13
62 23 0.11
62 24 0.09
25 62 0.32
26 62 0.28
30 62 0.11
62 31 0.14
32 62 0.18
33 62 0.25
62 35 0.25
36 62 0.27
62 37 0.12
62 38 0.24
62 41 0.33
43 62 0.3
62 44 0.28
62 46 0.2
62 48 0.13
62 55 0.32
62 56 0.34
62 61 0.15
62 84 1.0E-4
3 63 0.25
4 63 0.43
10 63 0.29
11 63 0.31
18 63 0.2
21 63 0.2
25 63 0.15
26 63 0.1
63 27 0.71
28 63 0.2
32 63 0.2
63 35 0.27
43 63 0.13
63 46 0.21
63 50 0.41
55 63 0.17
56 63 0.21
84 63 1.0E-4
64 2 0.32
3 64 0.16
64 5 0.21
64 8 0.35
9 64 0.19
12 64 0.27
64 14 0.43
64 17 0.21
64 18 0.09
64 21 0.52
64 23 0.1
64 24 0.24
25 64 0.35
26 64 0.3
30 64 0.38
32 64 0.08
33 64 0.11
64 34 0.54
36 64 0.12
64 39 0.35
64 40 0.3
64 41 0.3
43 64 0.38
64 45 0.37
64 46 0.18
64 49 0.12
64 50 0.17
64 55 0.22
64 56 0.36
64 58 0.37
64 61 0.67
64 62 0.2
64 84 3.0E-4
65 1 0.38
65 2 0.71
3 65 0.07
9 65 0.12
10 65 0.15
65 13 0.93
65 15 0.22
18 65 0.11
65 22 1.0
65 23 0.84
65 24 0.71
25 65 0.28
26 65 0.27
65 29 0.38
65 31 0.31
65 34 0.17
65 37 0.8
65 38 0.53
65 39 0.22
41 65 0.13
43 65 0.48
44 65 0.73
65 46 0.8
65 47 0.76
65 48 0.71
65 52 0.22
55 65 0.55
56 65 0.39
65 58 0.15
62 65 0.13
84 65 0.0014
66 2 0.12
3 66 0.35
66 4 0.66
66 6 0.08
7 66 0.2
66 8 0.13
9 66 0.07
66 10 0.53
11 66 0.48
12 66 0.07
66 13 0.18
66 15 0.13
66 16 0.22
66 18 0.57
66 19 0.22
21 66 0.13
66 22 0.16
66 23 0.14
66 24 0.12
25 66 0.49
26 66 0.46
66 27 0.22
66 28 0.76
66 29 0.22
30 66 0.07
66 31 0.09
32 66 0.06
66 34 0.1
66 35 0.25
66 37 0.08
66 38 0.15
66 39 0.13
41 66 0.07
66 42 0.22
43 66 0.16
44 66 0.12
66 46 0.2
66 48 0.16
66 50 0.13
66 51 0.22
66 53 0.2
66 54 0.38
55 66 0.16
56 66 0.45
66 58 0.09
66 59 0.44
66 60 0.39
62 66 0.07
66 63 0.31
66 65 0.16
66 84 0.0015
3 67 0.13
7 67 0.43
67 8 0.41
11 67 0.15
12 67 0.21
25 67 0.15
26 67 0.1
28 67 0.2
56 67 0.21
66 67 0.15
84 67 1.0E-4
68 2 0.27
3 68 0.09
68 5 0.35
12 68 0.15
68 14 0.35
68 17 0.35
68 21 0.58
68 23 0.16
68 24 0.13
25 68 0.21
26 68 0.14
30 68 0.16
33 68 0.19
68 34 0.45
36 68 0.2
68 39 0.29
68 40 0.5
68 41 0.33
43 68 0.18
68 45 0.2
68 46 0.15
68 55 0.24
68 56 0.22
68 58 0.41
68 61 0.67
68 62 0.17
68 64 0.6
68 84 2.0E-4
69 2 0.19
69 3 0.19
69 9 0.22
69 10 0.14
69 11 0.08
69 12 0.21
69 13 0.29
69 15 0.2
69 18 0.1
69 22 0.27
69 23 0.22
69 24 0.28
69 25 0.3
69 26 0.3
69 29 0.35
69 30 0.22
69 32 0.1
69 33 0.27
69 34 0.16
69 35 0.13
69 36 0.14
69 37 0.13
69 38 0.25
69 39 0.2
69 41 0.24
69 43 0.38
69 44 0.29
69 45 0.14
69 46 0.32
69 48 0.4
69 49 0.14
69 55 0.09
69 56 0.21
69 57 0.35
69 58 0.29
69 62 0.12
69 65 0.27
69 66 0.23
69 84 3.0E-4
2 70 0.27
70 14 0.71
24 70 0.27
25 70 0.11
26 70 0.14
34 70 0.45
43 70 0.18
45 70 0.41
49 70 0.41
56 70 0.15
58 70 0.41
64 70 0.3
84 70 2.0E-4
71 1 0.32
71 2 0.76
3 71 0.06
9 71 0.1
12 71 0.29
71 13 0.65
71 14 0.22
71 20 0.45
21 71 0.09
71 22 0.72
71 23 0.9
71 24 0.85
25 71 0.34
26 71 0.36
30 71 0.1
71 31 0.26
33 71 0.12
71 34 0.14
36 71 0.13
71 37 0.89
71 38 0.45
71 39 0.18
71 40 0.32
41 71 0.21
43 71 0.57
44 71 0.79
71 45 0.39
71 46 0.76
71 47 0.63
71 48 0.72
71 49 0.26
71 52 0.18
55 71 0.46
56 71 0.47
71 57 0.32
71 58 0.26
62 71 0.11
64 71 0.1
71 65 0.72
66 71 0.07
68 71 0.16
69 71 0.22
84 71 0.0020
72 1 0.45
72 2 0.6
9 72 0.14
72 13 0.73
72 22 0.85
72 23 0.71
72 24 0.6
25 72 0.24
26 72 0.19
72 31 0.18
72 37 0.79
72 38 0.63
43 72 0.4
44 72 0.62
72 46 0.67
72 47 0.67
72 48 0.68
55 72 0.43
56 72 0.33
62 72 0.15
72 65 0.85
66 72 0.1
69 72 0.16
72 71 0.71
84 72 0.0010
2 73 0.27
12 73 0.3
73 20 0.71
23 73 0.32
24 73 0.27
25 73 0.11
26 73 0.14
37 73 0.35
41 73 0.33
43 73 0.18
44 73 0.28
73 45 0.41
49 73 0.41
56 73 0.15
71 73 0.32
84 73 2.0E-4
2 74 0.38
12 74 0.43
74 20 1.0
23 74 0.45
24 74 0.38
25 74 0.15
26 74 0.2
37 74 0.5
41 74 0.24
43 74 0.25
44 74 0.39
74 45 0.29
48 74 0.27
49 74 0.29
56 74 0.21
71 74 0.45
74 73 0.71
84 74 4.0E-4
2 75 0.38
3 75 0.13
10 75 0.29
13 75 0.29
75 14 0.5
15 75 0.41
18 75 0.2
22 75 0.27
23 75 0.22
24 75 0.38
25 75 0.15
26 75 0.2
75 29 0.71
34 75 0.63
39 75 0.41
41 75 0.24
43 75 0.25
44 75 0.2
45 75 0.29
46 75 0.21
48 75 0.27
49 75 0.29
55 75 0.17
56 75 0.21
58 75 0.58
64 75 0.21
65 75 0.27
66 75 0.15
69 75 0.25
75 70 0.71
84 75 4.0E-4
76 1 0.5
2 76 0.4
3 76 0.09
4 76 0.15
9 76 0.16
10 76 0.2
11 76 0.11
13 76 0.61
18 76 0.14
21 76 0.14
22 76 0.57
23 76 0.47
24 76 0.4
25 76 0.21
26 76 0.21
76 27 0.5
28 76 0.14
32 76 0.14
37 76 0.53
76 38 0.35
43 76 0.36
44 76 0.42
46 76 0.6
47 76 0.25
76 48 0.57
50 76 0.29
55 76 0.36
56 76 0.29
62 76 0.17
63 76 0.35
65 76 0.57
66 76 0.22
69 76 0.18
71 76 0.47
72 76 0.67
84 76 8.0E-4
4 77 0.3
6 77 0.38
77 16 1.0
25 77 0.11
26 77 0.14
28 77 0.29
35 77 0.38
56 77 0.15
59 77 0.5
66 77 0.22
84 77 2.0E-4
2 78 0.51
11 78 0.16
12 78 0.23
13 78 0.31
78 14 0.27
78 20 0.53
21 78 0.11
22 78 0.29
23 78 0.6
24 78 0.51
25 78 0.28
26 78 0.27
30 78 0.12
31 78 0.15
33 78 0.14
34 78 0.17
36 78 0.15
37 78 0.53
78 39 0.22
78 40 0.38
41 78 0.13
43 78 0.34
44 78 0.42
78 45 0.31
46 78 0.34
47 78 0.38
48 78 0.29
49 78 0.15
78 52 0.22
55 78 0.28
56 78 0.28
58 78 0.15
64 78 0.11
65 78 0.29
68 78 0.19
71 78 0.6
72 78 0.17
78 73 0.38
78 74 0.53
76 78 0.19
84 78 8.0E-4
2 79 0.46
12 79 0.35
79 14 0.41
79 20 0.82
21 79 0.17
23 79 0.55
24 79 0.46
25 79 0.18
26 79 0.24
30 79 0.18
33 79 0.22
34 79 0.26
36 79 0.24
37 79 0.41
79 39 0.33
79 40 0.58
41 79 0.19
43 79 0.31
44 79 0.32
79 45 0.47
46 79 0.17
48 79 0.22
49 79 0.24
55 79 0.14
56 79 0.26
58 79 0.24
64 79 0.17
68 79 0.29
71 79 0.55
79 73 0.58
79 74 0.82
79 78 0.65
84 79 7.0E-4
80 1 0.38
2 80 0.71
5 80 0.27
12 80 0.23
13 80 0.15
80 14 0.53
80 17 0.53
80 20 0.53
21 80 0.22
22 80 0.14
23 80 0.48
24 80 0.61
25 80 0.28
26 80 0.37
30 80 0.12
33 80 0.14
80 34 0.51
36 80 0.15
37 80 0.4
80 39 0.22
80 40 0.38
41 80 0.25
43 80 0.48
44 80 0.31
80 45 0.62
46 80 0.23
80 48 0.29
80 49 0.31
55 80 0.28
56 80 0.39
80 58 0.62
61 80 0.17
64 80 0.34
65 80 0.14
68 80 0.38
80 70 0.38
71 80 0.48
72 80 0.17
80 73 0.38
80 74 0.53
80 75 0.27
80 76 0.19
80 78 0.43
80 79 0.65
84 80 0.0014
81 1 0.33
81 2 0.45
3 81 0.06
81 5 0.24
9 81 0.32
11 81 0.07
12 81 0.2
81 13 0.54
21 81 0.1
81 22 0.63
81 23 0.53
81 24 0.45
25 81 0.32
26 81 0.28
81 31 0.14
33 81 0.25
35 81 0.13
81 37 0.59
81 38 0.47
41 81 0.22
43 81 0.42
44 81 0.65
81 46 0.5
81 47 0.5
81 48 0.5
81 50 0.19
81 52 0.19
55 81 0.4
56 81 0.39
61 81 0.3
62 81 0.33
64 81 0.2
81 65 0.63
66 81 0.07
68 81 0.17
69 81 0.12
81 71 0.53
81 72 0.6
81 76 0.5
81 78 0.25
81 80 0.13
84 81 7.0E-4
4 82 0.35
10 82 0.47
11 82 0.25
18 82 0.33
25 82 0.18
26 82 0.24
28 82 0.33
53 82 0.26
56 82 0.09
82 59 0.29
60 82 0.26
66 82 0.38
84 82 2.0E-4
2 83 0.38
12 83 0.21
17 83 0.5
83 20 0.5
23 83 0.22
24 83 0.38
25 83 0.15
26 83 0.2
37 83 0.25
41 83 0.24
43 83 0.25
44 83 0.2
83 45 0.58
49 83 0.29
56 83 0.21
58 83 0.29
71 83 0.22
83 73 0.71
83 74 0.5
83 78 0.27
83 79 0.41
80 83 0.53
84 83 4.0E-4
