*Vertices  24
1 "衬底"
2 "发光荧光材料"
3 "蓝膜"
4 "蒸镀方法"
5 "外延片"
6 "外延"
7 "LED"
8 "二极管"
9 "缓冲层"
10 "SiO2"
11 "半导体"
12 "Al2O3"
13 "GaAs"
14 "键合"
15 "芯片"
16 "电流扩展层"
17 "电极"
18 "MOCVD"
19 "湿法刻蚀"
20 "干法刻蚀"
21 "屏幕"
22 "反射层"
23 "发光层"
24 "电流阻挡层"
*Arcs
1 24 0.0067
2 1 0.16
2 24 0.0022
1 3 0.38
3 24 0.0052
1 4 0.38
2 4 0.43
24 4 0.0090
5 1 0.85
2 5 0.19
5 4 0.45
5 24 0.0032
6 1 0.93
2 6 0.24
6 3 0.19
6 4 0.38
6 5 0.85
6 24 0.0064
7 1 0.4
7 2 0.35
7 3 0.15
7 4 0.15
7 5 0.34
7 6 0.4
7 24 0.0013
8 1 0.45
8 2 0.43
8 3 0.2
8 4 0.2
8 5 0.36
8 6 0.45
8 7 0.75
8 24 0.0021
9 1 0.76
2 9 0.21
9 4 0.5
9 5 0.89
9 6 0.76
7 9 0.3
8 9 0.3
9 24 0.0033
10 1 0.27
2 10 0.7
10 3 0.24
10 4 0.24
10 5 0.21
10 6 0.27
7 10 0.32
8 10 0.38
10 9 0.12
10 24 0.0026
11 1 0.67
11 2 0.43
11 3 0.25
11 4 0.25
11 5 0.57
11 6 0.67
11 7 0.59
11 8 0.64
11 9 0.51
11 10 0.42
11 24 0.0033
12 1 0.67
2 12 0.5
12 4 0.39
12 5 0.79
12 6 0.74
7 12 0.38
8 12 0.43
12 9 0.78
10 12 0.55
11 12 0.6
12 24 0.0025
1 13 0.55
2 13 0.25
3 13 0.29
13 4 0.29
5 13 0.26
6 13 0.65
7 13 0.26
8 13 0.35
9 13 0.14
10 13 0.27
11 13 0.44
12 13 0.23
24 13 0.0103
1 14 0.22
2 14 0.25
14 4 0.29
5 14 0.13
6 14 0.33
7 14 0.26
8 14 0.29
9 14 0.14
10 14 0.27
11 14 0.29
12 14 0.23
14 13 0.5
14 24 0.0032
15 1 0.55
2 15 0.44
15 3 0.21
15 4 0.21
15 5 0.47
15 6 0.55
7 15 0.72
8 15 0.71
15 9 0.42
15 10 0.44
11 15 0.69
15 12 0.53
15 13 0.36
15 14 0.3
15 24 0.0024
1 16 0.55
2 16 0.12
16 3 0.58
5 16 0.26
6 16 0.55
7 16 0.26
8 16 0.35
10 16 0.41
11 16 0.44
12 16 0.23
16 13 0.67
14 16 0.33
15 16 0.36
16 24 0.0033
17 1 0.73
2 17 0.24
17 3 0.28
17 4 0.28
17 5 0.62
17 6 0.73
7 17 0.54
8 17 0.67
17 9 0.55
10 17 0.26
11 17 0.56
12 17 0.54
17 13 0.48
17 14 0.24
15 17 0.61
17 16 0.48
17 24 0.0039
18 1 0.76
2 18 0.29
18 4 0.45
18 5 0.9
18 6 0.85
7 18 0.34
8 18 0.36
18 9 0.89
10 18 0.21
11 18 0.57
12 18 0.79
18 13 0.39
18 14 0.26
15 18 0.47
18 16 0.26
17 18 0.62
18 24 0.0033
1 19 0.27
2 19 0.3
19 4 0.71
5 19 0.32
6 19 0.27
7 19 0.11
8 19 0.14
9 19 0.35
10 19 0.33
11 19 0.18
12 19 0.28
19 13 0.41
14 19 0.41
15 19 0.15
17 19 0.2
18 19 0.32
24 19 0.0129
1 20 0.38
2 20 0.43
20 4 1.0
5 20 0.45
6 20 0.38
7 20 0.15
8 20 0.2
9 20 0.5
10 20 0.24
11 20 0.25
12 20 0.39
20 13 0.29
14 20 0.29
15 20 0.21
17 20 0.28
18 20 0.45
20 19 0.71
24 20 0.0090
1 21 0.51
2 21 0.23
21 4 0.53
5 21 0.6
6 21 0.51
7 21 0.28
8 21 0.27
9 21 0.53
10 21 0.13
11 21 0.34
12 21 0.42
21 13 0.31
14 21 0.15
15 21 0.28
16 21 0.15
17 21 0.37
18 21 0.6
21 19 0.38
21 20 0.53
24 21 0.0037
1 22 0.46
2 22 0.35
22 4 0.82
5 22 0.55
6 22 0.46
7 22 0.18
8 22 0.24
9 22 0.41
10 22 0.19
11 22 0.31
12 22 0.32
22 13 0.47
14 22 0.24
15 22 0.26
16 22 0.24
17 22 0.34
18 22 0.55
22 19 0.58
22 20 0.82
22 21 0.65
24 22 0.0073
1 23 0.71
2 23 0.23
23 3 0.53
23 4 0.53
5 23 0.48
6 23 0.61
7 23 0.28
8 23 0.37
9 23 0.4
10 23 0.25
11 23 0.48
12 23 0.31
23 13 0.62
23 14 0.31
15 23 0.39
23 16 0.62
17 23 0.52
18 23 0.48
23 19 0.38
23 20 0.53
23 21 0.43
23 22 0.65
23 24 0.0106
