*Vertices  48
1 "衬底"
2 "LED灯"
3 "容器"
4 "整流器"
5 "发光荧光材料"
6 "GAN"
7 "次氯酸钠溶液"
8 "保护层"
9 "蓝膜"
10 "变压器"
11 "EP"
12 "LED外延片"
13 "外延片"
14 "外延"
15 "LED"
16 "二极管"
17 "掩膜"
18 "玻璃"
19 "塑料"
20 "腐蚀液"
21 "铝基板"
22 "光刻胶"
23 "填充区域"
24 "SiO2"
25 "半导体"
26 "Al2O3"
27 "GaAs"
28 "MQW"
29 "ITO"
30 "键合"
31 "LED芯片"
32 "芯片"
33 "金属层"
34 "去离子水"
35 "离子"
36 "电极"
37 "接触层"
38 "电阻"
39 "丙酮"
40 "激光"
41 "真空吸盘"
42 "MOCVD"
43 "湿法腐蚀"
44 "屏幕"
45 "反射层"
46 "发光层"
47 "电流阻挡层"
48 "电流扩展层"
*Arcs
1 48 0.0040
2 1 0.05
2 48 3.0E-4
3 1 0.19
3 48 7.0E-4
4 1 0.11
2 4 0.14
4 48 3.0E-4
5 1 0.16
5 2 0.27
5 3 0.21
5 48 3.0E-4
6 1 0.65
2 6 0.07
4 6 0.17
6 48 6.0E-4
1 7 0.38
48 7 0.0032
1 8 0.15
2 8 0.2
4 8 0.24
6 8 0.24
8 48 6.0E-4
1 9 0.38
3 9 0.5
48 9 0.0021
10 1 0.08
2 10 0.2
10 4 0.59
10 6 0.12
10 8 0.17
10 48 2.0E-4
11 1 0.15
2 11 0.2
11 3 0.2
11 4 0.12
5 11 0.35
11 7 0.2
11 8 0.17
11 9 0.2
11 10 0.08
11 48 7.0E-4
12 1 0.71
2 12 0.07
4 12 0.15
12 6 0.93
12 8 0.22
10 12 0.11
12 48 5.0E-4
13 1 0.85
2 13 0.06
4 13 0.13
5 13 0.19
13 6 0.77
13 7 0.22
13 8 0.18
10 13 0.09
11 13 0.09
13 12 0.84
13 48 0.0013
14 1 0.93
2 14 0.09
4 14 0.11
5 14 0.24
14 6 0.65
14 7 0.38
14 8 0.15
14 9 0.19
10 14 0.08
11 14 0.08
14 12 0.71
14 13 0.85
14 48 0.0039
15 1 0.4
15 2 0.6
15 3 0.15
15 4 0.26
15 5 0.35
15 6 0.26
15 7 0.15
15 8 0.18
15 9 0.15
15 10 0.37
15 11 0.37
15 12 0.28
15 13 0.34
15 14 0.4
15 48 0.0012
16 1 0.45
16 2 0.3
16 3 0.2
16 4 0.35
16 5 0.43
16 6 0.29
16 7 0.2
16 8 0.08
16 9 0.2
16 10 0.37
16 11 0.24
16 12 0.27
16 13 0.36
16 14 0.45
16 15 0.75
16 48 0.0018
1 17 0.27
2 17 0.18
4 17 0.41
6 17 0.41
8 17 0.58
10 17 0.29
12 17 0.38
13 17 0.32
14 17 0.27
15 17 0.11
16 17 0.14
48 17 0.0014
18 1 0.08
18 2 0.28
18 5 0.19
18 7 0.22
18 10 0.09
18 11 0.18
18 13 0.1
18 14 0.08
18 15 0.34
18 16 0.22
18 48 2.0E-4
19 1 0.1
19 2 0.13
19 3 0.27
19 5 0.34
19 7 0.27
19 11 0.11
19 13 0.12
19 14 0.1
19 15 0.28
19 16 0.37
19 18 0.48
19 48 3.0E-4
1 20 0.6
2 20 0.08
3 20 0.32
4 20 0.18
6 20 0.18
20 7 0.63
8 20 0.26
20 9 0.32
10 20 0.13
11 20 0.26
12 20 0.17
13 20 0.28
14 20 0.48
15 20 0.24
16 20 0.32
20 17 0.45
18 20 0.14
19 20 0.17
48 20 0.0053
21 1 0.11
21 2 0.29
21 5 0.12
21 7 0.29
21 8 0.24
21 11 0.24
21 13 0.13
21 14 0.11
21 15 0.26
21 16 0.23
21 18 0.26
21 19 0.31
21 20 0.18
21 48 4.0E-4
1 22 0.46
2 22 0.1
4 22 0.24
6 22 0.24
22 7 0.41
8 22 0.33
10 22 0.17
11 22 0.17
12 22 0.22
13 22 0.37
14 22 0.46
15 22 0.18
16 22 0.24
22 17 0.58
18 22 0.18
19 22 0.22
20 22 0.77
21 22 0.24
48 22 0.0024
1 23 0.27
7 23 0.71
11 23 0.29
13 23 0.32
14 23 0.27
15 23 0.11
16 23 0.14
18 23 0.32
19 23 0.38
20 23 0.45
21 23 0.41
22 23 0.58
48 23 0.0016
24 1 0.27
2 24 0.24
24 3 0.47
24 4 0.14
5 24 0.7
24 6 0.14
24 8 0.19
24 9 0.24
24 10 0.1
24 11 0.38
24 12 0.13
24 13 0.21
24 14 0.27
15 24 0.32
16 24 0.38
24 17 0.33
19 24 0.25
24 20 0.3
24 22 0.19
24 48 0.0018
25 1 0.67
25 2 0.29
25 3 0.13
25 4 0.15
25 5 0.43
25 6 0.44
25 7 0.25
25 8 0.1
25 9 0.25
25 10 0.1
25 11 0.31
25 12 0.48
25 13 0.57
25 14 0.67
25 15 0.59
25 16 0.64
25 17 0.18
25 18 0.23
25 19 0.27
25 20 0.4
25 21 0.22
25 22 0.31
25 23 0.18
25 24 0.42
25 48 0.0027
26 1 0.67
2 26 0.15
26 3 0.2
26 4 0.11
5 26 0.5
26 6 0.68
26 8 0.16
26 10 0.08
11 26 0.08
26 12 0.73
26 13 0.79
26 14 0.74
15 26 0.38
16 26 0.43
26 17 0.28
19 26 0.21
26 20 0.12
26 22 0.16
24 26 0.55
25 26 0.6
26 48 0.0010
1 27 0.55
2 27 0.07
5 27 0.25
27 7 0.58
9 27 0.29
11 27 0.12
13 27 0.26
14 27 0.65
15 27 0.26
16 27 0.35
18 27 0.13
19 27 0.15
20 27 0.55
21 27 0.17
27 22 0.47
27 23 0.41
24 27 0.27
25 27 0.44
26 27 0.23
48 27 0.0045
28 1 0.64
2 28 0.16
4 28 0.25
5 28 0.18
28 6 0.74
28 7 0.21
28 8 0.17
10 28 0.17
11 28 0.26
28 12 0.8
28 13 0.76
28 14 0.73
15 28 0.35
16 28 0.38
28 17 0.3
18 28 0.19
19 28 0.11
28 20 0.27
21 28 0.12
28 22 0.35
28 23 0.3
24 28 0.2
25 28 0.6
26 28 0.67
28 27 0.25
28 48 0.0018
1 29 0.61
2 29 0.13
4 29 0.15
5 29 0.23
6 29 0.62
29 8 0.22
10 29 0.11
12 29 0.71
13 29 0.72
14 29 0.71
15 29 0.28
16 29 0.27
29 17 0.38
29 20 0.17
29 22 0.22
24 29 0.25
25 29 0.48
26 29 0.73
29 27 0.15
28 29 0.68
29 48 0.0013
1 30 0.22
2 30 0.07
5 30 0.25
30 7 0.29
30 8 0.24
11 30 0.12
13 30 0.13
14 30 0.33
15 30 0.26
16 30 0.29
18 30 0.13
19 30 0.15
30 20 0.18
21 30 0.17
24 30 0.27
25 30 0.29
26 30 0.23
30 27 0.5
28 30 0.12
29 30 0.15
30 48 0.0013
31 1 0.52
2 31 0.26
31 3 0.34
31 4 0.2
5 31 0.15
31 6 0.5
31 7 0.17
31 8 0.28
31 9 0.17
31 10 0.14
11 31 0.35
31 12 0.55
31 13 0.54
31 14 0.45
15 31 0.44
16 31 0.48
31 17 0.24
18 31 0.15
19 31 0.18
31 20 0.33
21 31 0.4
31 22 0.28
31 23 0.24
24 31 0.24
25 31 0.57
26 31 0.47
31 27 0.1
31 28 0.66
31 29 0.37
31 30 0.2
31 48 0.0013
32 1 0.55
2 32 0.36
32 3 0.21
32 4 0.24
5 32 0.44
32 6 0.36
32 7 0.21
32 8 0.17
32 9 0.21
32 10 0.21
32 11 0.38
32 12 0.39
32 13 0.47
32 14 0.55
15 32 0.72
16 32 0.71
32 17 0.15
18 32 0.14
19 32 0.17
32 20 0.33
21 32 0.24
32 22 0.26
32 23 0.15
32 24 0.44
25 32 0.69
32 26 0.53
32 27 0.36
32 28 0.49
32 29 0.39
32 30 0.3
32 31 0.61
32 48 0.0020
2 33 0.18
5 33 0.3
14 33 0.27
15 33 0.11
16 33 0.14
24 33 0.33
25 33 0.18
26 33 0.28
27 33 0.41
28 33 0.3
29 33 0.38
30 33 0.41
32 33 0.15
48 33 0.0010
34 1 0.24
2 34 0.08
34 3 0.32
5 34 0.13
34 9 0.32
34 11 0.39
34 14 0.12
15 34 0.24
16 34 0.19
34 20 0.4
34 22 0.26
34 24 0.3
25 34 0.24
34 27 0.18
34 31 0.11
34 32 0.26
34 48 5.0E-4
35 1 0.32
2 35 0.16
35 3 0.21
5 35 0.27
35 7 0.43
35 9 0.21
35 10 0.09
35 11 0.52
35 13 0.1
35 14 0.24
15 35 0.35
16 35 0.3
18 35 0.38
19 35 0.11
35 20 0.54
21 35 0.12
35 22 0.35
35 23 0.3
35 24 0.3
25 35 0.38
35 27 0.37
35 28 0.18
35 30 0.12
35 31 0.22
35 32 0.36
35 34 0.67
35 48 0.0017
36 1 0.73
2 36 0.17
36 3 0.14
36 4 0.4
5 36 0.24
36 6 0.48
36 7 0.28
36 8 0.11
36 9 0.28
36 10 0.45
11 36 0.17
36 12 0.52
36 13 0.62
36 14 0.73
15 36 0.54
16 36 0.67
36 17 0.2
18 36 0.06
19 36 0.07
36 20 0.44
21 36 0.08
36 22 0.34
36 23 0.2
24 36 0.26
25 36 0.56
26 36 0.54
36 27 0.48
36 28 0.59
36 29 0.52
36 30 0.24
31 36 0.43
32 36 0.61
36 33 0.2
34 36 0.18
35 36 0.24
36 48 0.0030
37 1 0.71
2 37 0.07
4 37 0.15
37 6 0.93
37 8 0.22
10 37 0.11
37 12 1.0
37 13 0.84
37 14 0.71
15 37 0.28
16 37 0.27
37 17 0.38
37 20 0.17
37 22 0.22
24 37 0.13
25 37 0.48
26 37 0.73
37 28 0.8
37 29 0.71
31 37 0.55
32 37 0.39
36 37 0.52
37 48 5.0E-4
38 1 0.12
2 38 0.35
38 4 0.53
5 38 0.07
38 6 0.18
38 8 0.13
38 10 0.57
11 38 0.13
38 12 0.16
38 13 0.14
38 14 0.12
15 38 0.49
16 38 0.46
38 17 0.22
18 38 0.07
38 20 0.1
38 22 0.13
24 38 0.07
25 38 0.16
26 38 0.12
38 28 0.2
38 29 0.16
31 38 0.16
32 38 0.45
38 36 0.56
38 37 0.16
38 48 2.0E-4
39 1 0.27
2 39 0.09
39 3 0.35
5 39 0.15
39 7 0.35
39 9 0.35
39 11 0.58
39 13 0.16
39 14 0.13
15 39 0.21
16 39 0.14
18 39 0.16
19 39 0.19
39 20 0.45
21 39 0.2
39 22 0.29
39 23 0.5
39 24 0.33
25 39 0.18
39 27 0.2
39 28 0.15
39 31 0.24
39 32 0.22
39 34 0.67
39 35 0.6
39 36 0.2
39 48 0.0016
40 1 0.19
40 2 0.19
40 4 0.14
40 5 0.21
40 6 0.29
40 8 0.2
40 10 0.1
40 12 0.27
40 13 0.22
40 14 0.28
40 15 0.3
40 16 0.3
40 17 0.35
40 18 0.22
40 19 0.27
40 20 0.16
40 21 0.14
40 22 0.2
40 24 0.24
40 25 0.38
40 26 0.29
40 27 0.14
40 28 0.32
40 29 0.4
40 30 0.14
40 31 0.09
40 32 0.21
40 33 0.35
40 36 0.21
40 37 0.27
40 38 0.23
40 48 9.0E-4
1 41 0.27
41 7 0.71
14 41 0.27
15 41 0.11
16 41 0.14
20 41 0.45
25 41 0.18
27 41 0.41
30 41 0.41
32 41 0.15
35 41 0.3
36 41 0.2
48 41 0.0014
42 1 0.76
2 42 0.06
5 42 0.29
42 6 0.65
42 7 0.22
11 42 0.09
42 12 0.72
42 13 0.9
42 14 0.85
15 42 0.34
16 42 0.36
18 42 0.1
19 42 0.12
42 20 0.14
21 42 0.13
42 22 0.18
42 23 0.32
24 42 0.21
25 42 0.57
26 42 0.79
42 27 0.39
42 28 0.76
42 29 0.72
42 30 0.26
31 42 0.46
32 42 0.47
42 33 0.32
35 42 0.1
36 42 0.62
42 37 0.72
38 42 0.07
39 42 0.16
40 42 0.22
42 48 0.0013
1 43 0.38
2 43 0.13
4 43 0.29
6 43 0.29
43 7 0.5
8 43 0.41
10 43 0.2
12 43 0.27
13 43 0.22
14 43 0.38
15 43 0.15
16 43 0.2
43 17 0.71
20 43 0.63
22 43 0.41
24 43 0.24
25 43 0.25
26 43 0.2
27 43 0.29
28 43 0.21
29 43 0.27
30 43 0.29
31 43 0.17
32 43 0.21
35 43 0.21
36 43 0.28
37 43 0.27
38 43 0.15
40 43 0.25
43 41 0.71
48 43 0.0031
1 44 0.51
5 44 0.23
6 44 0.31
44 7 0.27
11 44 0.11
12 44 0.29
13 44 0.6
14 44 0.51
15 44 0.28
16 44 0.27
18 44 0.12
19 44 0.14
20 44 0.17
21 44 0.15
44 22 0.22
44 23 0.38
24 44 0.13
25 44 0.34
26 44 0.42
44 27 0.31
28 44 0.34
29 44 0.29
30 44 0.15
31 44 0.28
32 44 0.28
35 44 0.11
36 44 0.37
37 44 0.29
39 44 0.19
42 44 0.6
48 44 5.0E-4
1 45 0.46
5 45 0.35
45 7 0.41
11 45 0.17
13 45 0.55
14 45 0.46
15 45 0.18
16 45 0.24
18 45 0.18
19 45 0.22
20 45 0.26
21 45 0.24
45 22 0.33
45 23 0.58
24 45 0.19
25 45 0.31
26 45 0.32
45 27 0.47
28 45 0.17
29 45 0.22
30 45 0.24
31 45 0.14
32 45 0.26
35 45 0.17
36 45 0.34
39 45 0.29
42 45 0.55
45 44 0.65
48 45 9.0E-4
1 46 0.71
3 46 0.27
5 46 0.23
6 46 0.15
46 7 0.53
46 9 0.53
11 46 0.22
12 46 0.14
13 46 0.48
14 46 0.61
15 46 0.28
16 46 0.37
18 46 0.12
19 46 0.14
46 20 0.51
21 46 0.15
46 22 0.22
46 23 0.38
24 46 0.25
25 46 0.48
26 46 0.31
46 27 0.62
28 46 0.23
46 29 0.29
46 30 0.31
31 46 0.28
32 46 0.39
34 46 0.17
35 46 0.34
36 46 0.52
37 46 0.14
39 46 0.38
46 41 0.38
42 46 0.48
46 43 0.27
46 44 0.43
46 45 0.65
46 48 0.0041
1 47 0.38
5 47 0.21
9 47 0.5
13 47 0.22
14 47 0.38
15 47 0.15
16 47 0.2
24 47 0.24
25 47 0.25
26 47 0.2
47 27 0.58
30 47 0.29
32 47 0.21
36 47 0.28
42 47 0.22
47 44 0.27
47 45 0.41
46 47 0.53
48 47 8.0E-4
