*Vertices  21
1 "LED灯"
2 "电容"
3 "整流器"
4 "开关"
5 "变压器"
6 "EP"
7 "LED"
8 "二极管"
9 "稳压二极管"
10 "三极管"
11 "LED光源"
12 "转换器"
13 "半导体"
14 "MQW"
15 "焊盘"
16 "LED芯片"
17 "芯片"
18 "电极"
19 "电阻"
20 "空穴"
21 "电感"
*Arcs
1 21 0.0040
1 2 0.21
2 21 0.0108
1 3 0.14
2 3 0.37
3 21 0.0063
1 4 0.39
4 2 0.46
4 3 0.18
4 21 0.0060
1 5 0.2
2 5 0.44
5 3 0.59
4 5 0.25
5 21 0.0038
1 6 0.2
6 2 0.17
6 3 0.12
6 4 0.19
6 5 0.08
6 21 0.0030
7 1 0.6
7 2 0.35
7 3 0.26
7 4 0.49
7 5 0.37
7 6 0.37
7 21 0.0026
8 1 0.3
8 2 0.34
8 3 0.35
8 4 0.31
8 5 0.37
8 6 0.24
8 7 0.75
8 21 0.0017
1 9 0.18
2 9 0.3
3 9 0.41
4 9 0.22
5 9 0.29
6 9 0.29
7 9 0.11
8 9 0.14
21 9 0.0234
1 10 0.2
10 2 0.61
10 3 0.47
4 10 0.31
10 5 0.58
6 10 0.08
7 10 0.37
8 10 0.45
10 9 0.29
10 21 0.0039
11 1 0.44
11 2 0.08
11 3 0.11
11 4 0.06
11 5 0.08
11 6 0.24
11 7 0.38
11 8 0.27
11 9 0.28
11 10 0.08
11 21 0.0027
1 12 0.13
2 12 0.23
4 12 0.25
5 12 0.11
6 12 0.11
7 12 0.28
8 12 0.21
10 12 0.11
21 12 0.0032
13 1 0.29
13 2 0.11
13 3 0.15
13 4 0.12
13 5 0.1
13 6 0.31
13 7 0.59
13 8 0.64
13 9 0.18
13 10 0.05
13 11 0.3
13 12 0.14
13 21 0.0017
1 14 0.16
2 14 0.09
3 14 0.25
4 14 0.07
5 14 0.17
6 14 0.26
7 14 0.35
8 14 0.38
14 9 0.3
10 14 0.09
11 14 0.17
13 14 0.6
21 14 0.0035
1 15 0.1
2 15 0.17
3 15 0.24
4 15 0.13
5 15 0.17
6 15 0.33
7 15 0.18
8 15 0.16
15 9 0.58
10 15 0.17
11 15 0.16
13 15 0.21
15 14 0.17
21 15 0.0102
1 16 0.26
16 2 0.15
16 3 0.2
16 4 0.05
16 5 0.14
6 16 0.35
7 16 0.44
8 16 0.48
16 9 0.24
16 10 0.07
11 16 0.2
13 16 0.57
16 14 0.66
16 15 0.28
16 21 0.0026
1 17 0.36
17 2 0.36
17 3 0.24
17 4 0.29
17 5 0.21
17 6 0.38
7 17 0.72
8 17 0.71
17 9 0.15
17 10 0.3
11 17 0.16
17 12 0.22
13 17 0.69
17 14 0.49
17 15 0.26
17 16 0.61
17 21 0.0038
1 18 0.17
2 18 0.35
18 3 0.4
4 18 0.17
18 5 0.45
6 18 0.17
7 18 0.54
8 18 0.67
18 9 0.2
10 18 0.62
11 18 0.05
18 12 0.07
13 18 0.56
18 14 0.59
18 15 0.11
16 18 0.43
17 18 0.61
18 21 0.0025
1 19 0.35
19 2 0.66
19 3 0.53
4 19 0.48
19 5 0.57
6 19 0.13
7 19 0.49
8 19 0.46
19 9 0.22
19 10 0.76
11 19 0.06
19 12 0.25
13 19 0.16
19 14 0.2
19 15 0.13
16 19 0.16
17 19 0.45
19 18 0.56
19 21 0.0072
1 20 0.09
2 20 0.15
3 20 0.2
4 20 0.11
5 20 0.14
6 20 0.14
7 20 0.21
8 20 0.21
20 9 0.5
10 20 0.14
11 20 0.14
13 20 0.36
14 20 0.6
15 20 0.29
16 20 0.36
17 20 0.29
18 20 0.39
19 20 0.22
21 20 0.0079
