*Vertices  40
1 "显示器"
2 "LED灯"
3 "电容"
4 "光膜"
5 "处理器"
6 "单片机"
7 "发生器"
8 "荧光粉"
9 "开关"
10 "发光荧光材料"
11 "变压器"
12 "LED"
13 "二极管"
14 "三极管"
15 "玻璃"
16 "LED光源"
17 "塑料"
18 "铝基板"
19 "晶体振荡器"
20 "散热器"
21 "发光体"
22 "半导体"
23 "冷却片"
24 "锂电池"
25 "芯片"
26 "涂层"
27 "光触媒"
28 "Li"
29 "离子"
30 "电阻"
31 "激光"
32 "洗墙灯"
33 "射灯"
34 "臭氧"
35 "聚光镜"
36 "透镜"
37 "后视镜"
38 "固定支架"
39 "发光管"
40 "电路板"
*Arcs
40 1 7.0E-4
2 1 0.13
40 2 0.0080
2 3 0.21
40 3 5.0E-4
4 1 0.27
4 2 0.13
40 4 0.0024
5 1 0.36
5 2 0.17
5 3 0.1
5 4 0.22
40 5 7.0E-4
1 6 0.46
2 6 0.21
6 3 0.18
5 6 0.29
40 6 4.0E-4
2 7 0.31
6 7 0.17
40 7 0.0016
8 1 0.24
8 2 0.17
8 4 0.45
8 5 0.1
8 6 0.1
40 8 7.0E-4
1 9 0.08
2 9 0.39
9 3 0.46
5 9 0.28
9 6 0.26
9 7 0.13
8 9 0.14
40 9 0.0015
10 1 0.23
10 2 0.27
10 4 0.43
10 5 0.1
10 6 0.09
10 7 0.17
10 8 0.57
10 9 0.13
40 10 7.0E-4
1 11 0.11
2 11 0.2
3 11 0.44
6 11 0.09
11 7 0.17
8 11 0.09
9 11 0.25
40 11 5.0E-4
12 1 0.28
12 2 0.6
12 3 0.35
12 4 0.15
12 5 0.34
12 6 0.35
12 7 0.18
12 8 0.34
12 9 0.49
12 10 0.35
12 11 0.37
40 12 0.0039
13 1 0.11
13 2 0.3
13 3 0.34
13 4 0.2
13 5 0.04
13 6 0.13
13 7 0.08
13 8 0.36
13 9 0.31
13 10 0.43
13 11 0.37
13 12 0.75
40 13 4.0E-4
2 14 0.2
14 3 0.61
6 14 0.17
14 7 0.17
9 14 0.31
10 14 0.09
14 11 0.58
12 14 0.37
13 14 0.45
40 14 6.0E-4
15 1 0.12
15 2 0.28
15 3 0.1
15 4 0.22
15 5 0.3
15 6 0.29
15 7 0.37
15 8 0.2
15 9 0.21
15 10 0.19
15 11 0.09
15 12 0.34
15 13 0.22
15 14 0.09
40 15 0.0041
16 1 0.1
16 2 0.44
16 3 0.08
16 4 0.2
16 5 0.18
16 6 0.08
16 8 0.26
16 9 0.06
16 10 0.17
16 11 0.08
16 12 0.38
16 13 0.27
16 14 0.08
16 15 0.18
40 16 6.0E-4
17 1 0.29
17 2 0.13
17 4 0.53
17 5 0.12
17 8 0.36
17 9 0.16
17 10 0.34
17 12 0.28
17 13 0.37
17 15 0.48
17 16 0.1
40 17 9.0E-4
18 1 0.15
18 2 0.29
18 4 0.29
18 5 0.13
18 8 0.26
18 10 0.12
18 12 0.26
18 13 0.23
18 15 0.26
18 16 0.34
18 17 0.31
40 18 9.0E-4
2 19 0.13
19 3 0.21
5 19 0.22
6 19 0.21
9 19 0.31
12 19 0.15
19 14 0.2
15 19 0.22
40 19 0.0016
2 20 0.47
12 20 0.28
13 20 0.21
16 20 0.42
18 20 0.31
40 20 0.0013
21 1 0.17
21 2 0.24
21 4 0.32
21 5 0.14
21 8 0.28
21 10 0.27
21 12 0.24
21 13 0.25
21 15 0.14
21 16 0.37
21 17 0.17
21 18 0.18
21 20 0.17
40 21 0.0052
22 1 0.14
22 2 0.29
22 3 0.11
22 4 0.13
22 5 0.11
22 6 0.05
22 8 0.34
22 9 0.12
22 10 0.43
22 11 0.1
22 12 0.59
22 13 0.64
22 14 0.05
22 15 0.23
22 16 0.3
22 17 0.27
22 18 0.22
22 20 0.27
22 21 0.16
40 22 0.0012
2 23 0.18
12 23 0.11
21 23 0.45
40 23 0.0025
2 24 0.1
24 3 0.35
6 24 0.17
9 24 0.13
24 11 0.17
12 24 0.18
13 24 0.16
24 14 0.5
15 24 0.18
24 19 0.41
40 24 0.0011
1 25 0.22
2 25 0.36
25 3 0.36
4 25 0.1
5 25 0.05
25 6 0.36
25 7 0.09
8 25 0.37
25 9 0.29
10 25 0.44
25 11 0.21
12 25 0.72
13 25 0.71
25 14 0.3
15 25 0.14
16 25 0.16
17 25 0.17
18 25 0.24
25 19 0.1
25 20 0.17
21 25 0.07
22 25 0.69
25 24 0.17
40 25 3.0E-4
2 26 0.18
26 7 0.29
8 26 0.16
10 26 0.15
26 11 0.14
12 26 0.21
13 26 0.14
15 26 0.16
16 26 0.14
21 26 0.22
22 26 0.09
25 26 0.07
40 26 0.0011
2 27 0.31
7 27 0.67
11 27 0.17
12 27 0.18
15 27 0.37
26 27 0.58
40 27 0.0016
1 28 0.13
2 28 0.29
4 28 0.24
5 28 0.11
8 28 0.42
28 9 0.15
10 28 0.4
12 28 0.32
13 28 0.28
15 28 0.11
16 28 0.18
17 28 0.25
18 28 0.27
28 19 0.24
28 20 0.25
22 28 0.3
28 25 0.34
40 28 0.0012
2 29 0.16
29 7 0.35
8 29 0.19
10 29 0.27
29 11 0.09
12 29 0.35
13 29 0.3
15 29 0.38
16 29 0.08
17 29 0.11
18 29 0.12
21 29 0.13
22 29 0.38
29 25 0.36
29 26 0.15
29 27 0.35
29 28 0.2
40 29 6.0E-4
1 30 0.08
2 30 0.35
30 3 0.66
5 30 0.07
6 30 0.2
30 7 0.13
8 30 0.07
9 30 0.48
10 30 0.07
30 11 0.57
12 30 0.49
13 30 0.46
30 14 0.76
15 30 0.07
16 30 0.06
30 19 0.15
20 30 0.08
22 30 0.16
30 24 0.38
25 30 0.45
28 30 0.07
40 30 0.0016
31 1 0.13
31 2 0.19
31 4 0.25
31 5 0.11
31 8 0.22
31 9 0.08
31 10 0.21
31 11 0.1
31 12 0.3
31 13 0.3
31 15 0.22
31 16 0.1
31 17 0.27
31 18 0.14
31 21 0.16
31 22 0.38
31 25 0.21
31 28 0.12
31 30 0.23
31 40 6.0E-4
32 1 0.38
32 2 0.18
32 4 0.71
32 5 0.32
32 8 0.32
32 10 0.3
32 12 0.11
32 13 0.14
32 15 0.32
32 16 0.28
32 17 0.38
32 18 0.41
32 21 0.45
32 22 0.18
32 31 0.35
32 40 0.0037
33 1 0.27
33 2 0.25
33 4 0.5
33 5 0.22
33 8 0.22
33 10 0.21
33 12 0.15
33 13 0.1
33 15 0.22
33 16 0.39
33 17 0.27
33 18 0.29
33 20 0.27
33 21 0.32
33 22 0.25
33 31 0.25
33 32 0.71
33 40 0.0022
2 34 0.2
4 34 0.41
34 7 0.67
8 34 0.18
10 34 0.17
11 34 0.17
12 34 0.18
13 34 0.08
15 34 0.37
17 34 0.22
25 34 0.09
26 34 0.29
34 27 0.67
28 34 0.19
29 34 0.35
40 34 0.0018
2 35 0.18
12 35 0.11
20 35 0.38
22 35 0.18
28 35 0.33
40 35 0.0046
36 1 0.24
36 2 0.28
36 4 0.45
36 5 0.1
36 8 0.3
36 9 0.07
36 10 0.29
36 12 0.34
36 13 0.36
36 15 0.2
36 16 0.26
36 17 0.48
36 18 0.39
36 20 0.24
36 21 0.14
36 22 0.23
36 25 0.19
36 28 0.32
36 29 0.1
36 31 0.34
36 32 0.32
36 33 0.22
36 34 0.18
36 40 7.0E-4
2 37 0.18
9 37 0.22
12 37 0.11
30 37 0.22
40 37 0.0024
2 38 0.18
12 38 0.11
20 38 0.38
22 38 0.18
28 38 0.33
38 35 1.0
40 38 0.0046
2 39 0.13
5 39 0.22
39 7 0.41
11 39 0.2
12 39 0.15
15 39 0.22
26 39 0.35
39 27 0.41
29 39 0.21
34 39 0.41
40 39 0.0018
