*Vertices  85
1 "显示器"
2 "衬底"
3 "LED灯"
4 "电容"
5 "传感器"
6 "控制器"
7 "处理器"
8 "单片机"
9 "发生器"
10 "荧光粉"
11 "整流器"
12 "工质"
13 "开关"
14 "发光荧光材料"
15 "GAN"
16 "保护层"
17 "触发脉冲"
18 "蒸发皿"
19 "连接管"
20 "变压器"
21 "稳压块"
22 "触摸屏"
23 "EP"
24 "LED外延片"
25 "外延片"
26 "外延"
27 "LED"
28 "二极管"
29 "稳压二极管"
30 "三极管"
31 "掩膜"
32 "玻璃"
33 "通道"
34 "LED光源"
35 "腐蚀液"
36 "电子元器件"
37 "转换器"
38 "基板"
39 "缓冲层"
40 "晶体振荡器"
41 "内量子效率"
42 "基座"
43 "散热片"
44 "散热器"
45 "发电机"
46 "光刻胶"
47 "SiO2"
48 "放大器"
49 "半导体"
50 "电路板"
51 "Al2O3"
52 "MQW"
53 "ITO"
54 "GPIO"
55 "燃气涡轮"
56 "客户"
57 "焊盘"
58 "滑动变阻器"
59 "蓄电池"
60 "锂电池"
61 "LED芯片"
62 "芯片"
63 "电流扩展层"
64 "继电器"
65 "充电器"
66 "存储器"
67 "Li"
68 "电感"
69 "电极"
70 "接触层"
71 "脉冲信号"
72 "激光"
73 "MOCVD"
74 "标准芯片工艺制作"
75 "湿法腐蚀"
76 "空穴"
77 "检测仪"
78 "检测板"
79 "光电耦合器"
80 "后视镜"
81 "甲基"
82 "蜂鸣器"
83 "晶体闸流管"
84 "插座"
85 "电阻"
*Arcs
1 85 1.0E-4
85 2 2.0E-4
3 1 0.13
3 2 0.05
3 85 0.0013
3 4 0.21
85 4 0.0037
1 5 0.38
85 5 1.0E-4
1 6 0.14
4 6 0.11
85 6 1.0E-4
7 1 0.36
7 3 0.17
7 4 0.1
7 5 0.21
7 6 0.48
7 85 1.0E-4
1 8 0.46
3 8 0.21
8 4 0.18
8 5 0.2
8 6 0.11
7 8 0.29
8 85 4.0E-4
3 9 0.31
8 9 0.17
85 9 1.0E-4
10 1 0.24
10 2 0.08
10 3 0.17
10 6 0.12
10 7 0.1
10 8 0.1
10 85 1.0E-4
11 2 0.11
3 11 0.14
4 11 0.37
85 11 0.0023
3 12 0.25
85 12 2.0E-4
1 13 0.08
3 13 0.39
13 4 0.46
13 5 0.07
13 6 0.25
7 13 0.28
13 8 0.26
13 9 0.13
10 13 0.14
13 11 0.18
13 85 0.0023
14 1 0.23
14 2 0.16
14 3 0.27
14 7 0.1
14 8 0.09
14 9 0.17
14 10 0.57
14 13 0.13
14 85 1.0E-4
15 2 0.65
3 15 0.07
10 15 0.13
11 15 0.17
85 15 3.0E-4
2 16 0.15
3 16 0.2
10 16 0.18
11 16 0.24
15 16 0.24
85 16 1.0E-4
4 17 0.3
6 17 0.38
85 17 4.0E-4
3 18 0.18
12 18 0.71
85 18 4.0E-4
3 19 0.18
12 19 0.71
19 18 1.0
85 19 4.0E-4
1 20 0.11
20 2 0.08
3 20 0.2
4 20 0.44
20 5 0.1
20 6 0.11
8 20 0.09
20 9 0.17
10 20 0.09
20 11 0.59
13 20 0.25
20 15 0.12
20 16 0.17
85 20 0.0030
21 11 0.41
21 20 0.29
85 21 3.0E-4
13 22 0.22
85 22 3.0E-4
23 2 0.15
3 23 0.2
23 4 0.17
23 6 0.11
7 23 0.18
23 8 0.09
10 23 0.46
23 11 0.12
23 13 0.19
14 23 0.35
23 16 0.17
23 20 0.08
23 85 3.0E-4
24 2 0.71
3 24 0.07
10 24 0.12
11 24 0.15
24 15 0.93
24 16 0.22
20 24 0.11
85 24 3.0E-4
25 2 0.85
3 25 0.06
10 25 0.1
11 25 0.13
14 25 0.19
25 15 0.77
25 16 0.18
20 25 0.09
23 25 0.09
25 24 0.84
85 25 3.0E-4
26 2 0.93
3 26 0.09
10 26 0.08
11 26 0.11
14 26 0.24
26 15 0.65
26 16 0.15
20 26 0.08
23 26 0.08
26 24 0.71
26 25 0.85
85 26 2.0E-4
27 1 0.28
27 2 0.4
27 3 0.6
27 4 0.35
27 5 0.32
27 6 0.28
27 7 0.34
27 8 0.35
27 9 0.18
27 10 0.34
27 11 0.26
27 12 0.15
27 13 0.49
27 14 0.35
27 15 0.26
27 16 0.18
27 17 0.11
27 18 0.11
27 19 0.11
27 20 0.37
27 21 0.11
27 22 0.11
27 23 0.37
27 24 0.28
27 25 0.34
27 26 0.4
27 85 0.0029
28 1 0.11
28 2 0.45
28 3 0.3
28 4 0.34
28 5 0.09
28 6 0.16
28 7 0.04
28 8 0.13
28 9 0.08
28 10 0.36
28 11 0.35
28 12 0.2
28 13 0.31
28 14 0.43
28 15 0.29
28 16 0.08
28 17 0.14
28 18 0.14
28 19 0.14
28 20 0.37
28 21 0.14
28 23 0.24
28 24 0.27
28 25 0.36
28 26 0.45
28 27 0.75
28 85 0.0023
3 29 0.18
4 29 0.3
11 29 0.41
13 29 0.22
20 29 0.29
23 29 0.29
27 29 0.11
28 29 0.14
85 29 5.0E-4
3 30 0.2
30 4 0.61
30 6 0.11
8 30 0.17
30 9 0.17
30 11 0.47
13 30 0.31
14 30 0.09
30 17 0.29
30 20 0.58
30 21 0.29
23 30 0.08
27 30 0.37
28 30 0.45
30 29 0.29
85 30 0.0045
2 31 0.27
3 31 0.18
11 31 0.41
15 31 0.41
16 31 0.58
20 31 0.29
24 31 0.38
25 31 0.32
26 31 0.27
27 31 0.11
28 31 0.14
85 31 3.0E-4
32 1 0.12
32 2 0.08
32 3 0.28
32 4 0.1
32 5 0.21
32 7 0.3
32 8 0.29
32 9 0.37
32 10 0.2
32 13 0.21
32 14 0.19
32 20 0.09
32 23 0.18
32 25 0.1
32 26 0.08
32 27 0.34
32 28 0.22
32 30 0.09
32 85 1.0E-4
1 33 0.15
33 2 0.22
3 33 0.22
33 5 0.14
8 33 0.12
33 12 0.29
33 15 0.33
33 18 0.41
33 19 0.41
33 24 0.31
33 25 0.26
33 26 0.22
27 33 0.26
28 33 0.23
85 33 1.0E-4
34 1 0.1
34 3 0.44
34 4 0.08
34 5 0.09
34 7 0.18
34 8 0.08
34 10 0.26
34 11 0.11
34 12 0.2
34 13 0.06
34 14 0.17
34 20 0.08
34 23 0.24
34 27 0.38
34 28 0.27
34 29 0.28
34 30 0.08
34 32 0.18
34 33 0.11
34 85 1.0E-4
2 35 0.6
3 35 0.08
11 35 0.18
15 35 0.18
16 35 0.26
20 35 0.13
23 35 0.26
24 35 0.17
25 35 0.28
26 35 0.48
27 35 0.24
28 35 0.32
35 31 0.45
32 35 0.14
85 35 1.0E-4
3 36 0.18
12 36 0.71
36 18 1.0
36 19 1.0
27 36 0.11
28 36 0.14
33 36 0.41
85 36 4.0E-4
1 37 0.29
3 37 0.13
4 37 0.23
37 5 0.38
37 6 0.29
7 37 0.12
8 37 0.11
10 37 0.12
13 37 0.25
14 37 0.11
37 17 0.38
20 37 0.11
23 37 0.11
27 37 0.28
28 37 0.21
30 37 0.11
32 37 0.24
85 37 6.0E-4
3 38 0.25
12 38 0.5
38 18 0.71
38 19 0.71
27 38 0.15
28 38 0.1
33 38 0.29
34 38 0.2
38 36 0.71
85 38 2.0E-4
39 2 0.76
10 39 0.11
14 39 0.21
39 15 0.72
39 24 0.8
39 25 0.89
39 26 0.76
27 39 0.3
28 39 0.3
39 33 0.29
85 39 1.0E-4
3 40 0.13
40 4 0.21
40 6 0.27
7 40 0.22
8 40 0.21
13 40 0.31
23 40 0.2
27 40 0.15
40 30 0.2
32 40 0.22
40 37 0.27
85 40 2.0E-4
2 41 0.38
10 41 0.22
15 41 0.29
24 41 0.53
25 41 0.45
26 41 0.38
27 41 0.15
28 41 0.1
39 41 0.5
85 41 1.0E-4
3 42 0.25
12 42 0.5
42 18 0.71
42 19 0.71
27 42 0.15
28 42 0.2
33 42 0.58
42 36 0.71
38 42 0.5
85 42 2.0E-4
3 43 0.47
43 12 0.53
43 18 0.38
43 19 0.38
27 43 0.28
28 43 0.27
43 33 0.46
34 43 0.42
43 36 0.38
43 38 0.53
43 42 0.53
43 85 1.0E-4
3 44 0.47
44 12 0.53
44 18 0.38
44 19 0.38
27 44 0.28
28 44 0.21
44 33 0.31
34 44 0.42
44 36 0.38
44 38 0.53
44 42 0.27
44 43 0.86
44 85 1.0E-4
1 45 0.19
3 45 0.18
5 45 0.17
6 45 0.19
8 45 0.15
10 45 0.16
13 45 0.22
20 45 0.29
27 45 0.21
28 45 0.14
34 45 0.14
37 45 0.19
43 45 0.19
44 45 0.19
85 45 1.0E-4
2 46 0.46
3 46 0.1
11 46 0.24
15 46 0.24
16 46 0.33
20 46 0.17
23 46 0.17
24 46 0.22
25 46 0.37
26 46 0.46
27 46 0.18
28 46 0.24
46 31 0.58
32 46 0.18
35 46 0.77
85 46 2.0E-4
1 47 0.13
47 2 0.27
3 47 0.24
10 47 0.42
47 11 0.14
47 13 0.07
14 47 0.7
47 15 0.14
47 16 0.19
47 20 0.1
47 23 0.38
47 24 0.13
47 25 0.21
47 26 0.27
27 47 0.32
28 47 0.38
47 31 0.33
47 35 0.3
47 37 0.13
47 39 0.12
47 46 0.19
47 85 1.0E-4
1 48 0.38
4 48 0.3
48 5 0.17
48 6 0.19
7 48 0.16
8 48 0.45
11 48 0.2
20 48 0.29
27 48 0.21
28 48 0.14
30 48 0.14
48 37 0.19
48 45 0.25
85 48 4.0E-4
49 1 0.14
49 2 0.67
49 3 0.29
49 4 0.11
49 5 0.12
49 7 0.11
49 8 0.05
49 10 0.34
49 11 0.15
49 12 0.13
49 13 0.12
49 14 0.43
49 15 0.44
49 16 0.1
49 20 0.1
49 22 0.18
49 23 0.31
49 24 0.48
49 25 0.57
49 26 0.67
49 27 0.59
49 28 0.64
49 29 0.18
49 30 0.05
49 31 0.18
49 32 0.23
49 33 0.15
49 34 0.3
49 35 0.4
49 37 0.14
49 38 0.13
49 39 0.51
49 41 0.25
49 43 0.2
49 44 0.27
49 46 0.31
49 47 0.42
49 48 0.09
49 85 5.0E-4
50 1 0.15
50 3 0.43
50 4 0.12
50 7 0.13
50 8 0.12
50 9 0.24
50 10 0.13
50 13 0.18
50 14 0.12
50 20 0.12
50 27 0.26
50 28 0.06
50 30 0.12
50 32 0.39
50 34 0.11
50 40 0.29
50 44 0.15
50 49 0.15
50 85 4.0E-4
1 51 0.1
51 2 0.67
3 51 0.15
10 51 0.35
51 11 0.11
51 13 0.06
14 51 0.5
51 15 0.68
51 16 0.16
51 20 0.08
23 51 0.08
51 24 0.73
51 25 0.79
51 26 0.74
27 51 0.38
28 51 0.43
51 31 0.28
51 33 0.23
51 35 0.12
51 37 0.1
51 39 0.78
51 41 0.39
51 46 0.16
47 51 0.55
49 51 0.6
51 85 2.0E-4
52 2 0.64
3 52 0.16
4 52 0.09
10 52 0.19
11 52 0.25
13 52 0.07
14 52 0.18
52 15 0.74
52 16 0.17
20 52 0.17
23 52 0.26
52 24 0.8
52 25 0.76
52 26 0.73
27 52 0.35
28 52 0.38
52 29 0.3
30 52 0.09
52 31 0.3
32 52 0.19
52 33 0.25
34 52 0.17
52 35 0.27
52 39 0.64
52 41 0.43
52 46 0.35
47 52 0.2
49 52 0.6
51 52 0.67
85 52 5.0E-4
2 53 0.61
3 53 0.13
10 53 0.12
11 53 0.15
14 53 0.23
15 53 0.62
53 16 0.22
20 53 0.11
24 53 0.71
25 53 0.72
26 53 0.71
27 53 0.28
28 53 0.27
53 31 0.38
53 35 0.17
39 53 0.67
53 41 0.53
53 46 0.22
47 53 0.25
49 53 0.48
51 53 0.73
52 53 0.68
85 53 3.0E-4
3 54 0.13
4 54 0.21
7 54 0.22
13 54 0.31
54 22 0.71
23 54 0.2
27 54 0.15
49 54 0.13
85 54 8.0E-4
1 55 0.38
5 55 0.33
8 55 0.3
20 55 0.29
27 55 0.11
37 55 0.38
45 55 0.5
48 55 0.5
85 55 3.0E-4
1 56 0.22
3 56 0.2
4 56 0.17
56 5 0.19
7 56 0.37
10 56 0.18
13 56 0.25
14 56 0.17
23 56 0.17
27 56 0.18
28 56 0.08
34 56 0.16
37 56 0.22
47 56 0.19
49 56 0.21
51 56 0.16
54 56 0.41
85 56 3.0E-4
3 57 0.1
4 57 0.17
10 57 0.18
11 57 0.24
13 57 0.13
57 16 0.33
20 57 0.17
23 57 0.33
27 57 0.18
28 57 0.16
57 29 0.58
30 57 0.17
34 57 0.16
49 57 0.21
57 52 0.17
85 57 2.0E-4
4 58 0.3
13 58 0.22
20 58 0.29
27 58 0.11
28 58 0.14
30 58 0.29
85 58 3.0E-4
3 59 0.08
59 5 0.15
59 6 0.17
7 59 0.14
10 59 0.14
59 11 0.37
13 59 0.2
59 20 0.39
59 21 0.45
27 59 0.24
28 59 0.19
30 59 0.26
34 59 0.12
59 45 0.45
49 59 0.08
59 56 0.26
85 59 5.0E-4
3 60 0.1
60 4 0.35
8 60 0.17
13 60 0.13
60 20 0.17
27 60 0.18
28 60 0.16
60 30 0.5
32 60 0.18
60 40 0.41
50 60 0.24
85 60 8.0E-4
61 2 0.52
3 61 0.26
61 4 0.15
61 8 0.07
10 61 0.23
61 11 0.2
61 12 0.34
61 13 0.05
14 61 0.15
61 15 0.5
61 16 0.28
61 18 0.24
61 19 0.24
61 20 0.14
23 61 0.35
61 24 0.55
61 25 0.54
61 26 0.45
27 61 0.44
28 61 0.48
61 29 0.24
61 30 0.07
61 31 0.24
32 61 0.15
61 33 0.4
34 61 0.2
61 35 0.33
61 36 0.24
61 38 0.17
61 39 0.43
61 41 0.17
61 42 0.34
61 43 0.37
61 44 0.28
61 46 0.28
47 61 0.24
61 48 0.12
49 61 0.57
51 61 0.47
61 52 0.66
61 53 0.37
61 57 0.28
61 85 5.0E-4
1 62 0.22
62 2 0.55
3 62 0.36
62 4 0.36
62 5 0.05
62 6 0.11
7 62 0.05
62 8 0.36
62 9 0.09
10 62 0.37
62 11 0.24
62 12 0.21
62 13 0.29
14 62 0.44
62 15 0.36
62 16 0.17
62 17 0.15
62 18 0.15
62 19 0.15
62 20 0.21
62 22 0.15
62 23 0.38
62 24 0.39
62 25 0.47
62 26 0.55
27 62 0.72
28 62 0.71
62 29 0.15
62 30 0.3
62 31 0.15
32 62 0.14
62 33 0.24
34 62 0.16
62 35 0.33
62 36 0.15
62 37 0.22
62 38 0.1
62 39 0.42
62 40 0.1
62 41 0.21
62 42 0.21
62 43 0.22
62 44 0.17
62 45 0.07
62 46 0.26
62 47 0.44
62 48 0.29
49 62 0.69
50 62 0.06
62 51 0.53
62 52 0.49
62 53 0.39
62 54 0.1
62 55 0.15
62 56 0.09
62 57 0.26
62 58 0.15
62 60 0.17
62 61 0.61
62 85 0.0023
2 63 0.55
3 63 0.14
11 63 0.17
14 63 0.12
15 63 0.17
16 63 0.24
20 63 0.12
23 63 0.24
24 63 0.15
25 63 0.26
26 63 0.55
27 63 0.26
28 63 0.35
63 31 0.41
32 63 0.13
63 35 0.73
63 46 0.47
47 63 0.41
49 63 0.44
51 63 0.23
52 63 0.37
53 63 0.31
61 63 0.3
62 63 0.36
85 63 1.0E-4
3 64 0.09
4 64 0.6
64 6 0.19
7 64 0.16
13 64 0.33
64 17 0.5
20 64 0.29
23 64 0.14
27 64 0.21
28 64 0.21
30 64 0.43
64 37 0.19
54 64 0.35
64 56 0.29
64 58 0.5
62 64 0.15
85 64 0.0018
4 65 0.13
65 6 0.17
7 65 0.14
65 11 0.37
65 20 0.39
65 21 0.45
27 65 0.24
28 65 0.25
30 65 0.52
65 59 0.4
60 65 0.52
62 65 0.07
85 65 0.0012
1 66 0.38
66 5 0.5
66 6 0.19
7 66 0.47
8 66 0.15
13 66 0.11
20 66 0.14
23 66 0.14
27 66 0.21
34 66 0.14
37 66 0.38
40 66 0.35
66 45 0.25
48 66 0.25
49 66 0.09
66 55 0.5
56 66 0.29
59 66 0.22
62 66 0.07
85 66 2.0E-4
1 67 0.13
67 2 0.09
3 67 0.29
67 6 0.13
7 67 0.11
10 67 0.42
67 12 0.24
67 13 0.15
14 67 0.4
67 15 0.14
67 23 0.29
67 24 0.13
67 25 0.11
67 26 0.09
27 67 0.32
28 67 0.28
32 67 0.11
67 33 0.14
34 67 0.18
67 37 0.25
67 39 0.12
67 40 0.24
67 41 0.24
67 42 0.24
67 43 0.25
67 44 0.25
67 47 0.33
49 67 0.3
50 67 0.14
67 51 0.28
67 52 0.2
67 53 0.13
67 56 0.19
67 61 0.32
67 62 0.34
67 66 0.17
67 85 1.0E-4
3 68 0.25
4 68 0.43
11 68 0.29
13 68 0.31
20 68 0.2
23 68 0.2
27 68 0.15
28 68 0.1
68 29 0.71
30 68 0.2
34 68 0.2
68 37 0.27
49 68 0.13
68 52 0.21
68 57 0.41
61 68 0.17
62 68 0.21
85 68 6.0E-4
69 2 0.73
3 69 0.17
4 69 0.35
69 6 0.07
8 69 0.06
69 9 0.11
10 69 0.06
69 11 0.4
13 69 0.17
14 69 0.24
69 15 0.48
69 16 0.11
69 17 0.2
69 20 0.45
69 21 0.2
23 69 0.17
69 24 0.52
69 25 0.62
69 26 0.73
27 69 0.54
28 69 0.67
69 29 0.2
30 69 0.62
69 31 0.2
32 69 0.06
69 33 0.16
34 69 0.05
69 35 0.44
69 37 0.07
69 39 0.55
69 41 0.28
69 46 0.34
47 69 0.26
69 48 0.1
49 69 0.56
51 69 0.54
69 52 0.59
69 53 0.52
69 57 0.11
69 58 0.2
69 59 0.18
60 69 0.23
61 69 0.43
62 69 0.61
69 63 0.48
69 64 0.29
69 65 0.35
67 69 0.07
69 68 0.14
85 69 0.0030
70 2 0.71
3 70 0.07
10 70 0.12
11 70 0.15
70 15 0.93
70 16 0.22
20 70 0.11
70 24 1.0
70 25 0.84
70 26 0.71
27 70 0.28
28 70 0.27
70 31 0.38
70 33 0.31
70 35 0.17
70 39 0.8
70 41 0.53
70 46 0.22
47 70 0.13
49 70 0.48
51 70 0.73
70 52 0.8
70 53 0.71
61 70 0.55
62 70 0.39
70 63 0.15
67 70 0.13
69 70 0.52
85 70 3.0E-4
1 71 0.27
3 71 0.13
8 71 0.43
71 9 0.41
13 71 0.15
14 71 0.21
27 71 0.15
28 71 0.1
30 71 0.2
62 71 0.21
69 71 0.14
85 71 1.0E-4
72 1 0.13
72 2 0.19
72 3 0.19
72 5 0.24
72 7 0.11
72 10 0.22
72 11 0.14
72 13 0.08
72 14 0.21
72 15 0.29
72 16 0.2
72 20 0.1
72 22 0.35
72 24 0.27
72 25 0.22
72 26 0.28
72 27 0.3
72 28 0.3
72 31 0.35
72 32 0.22
72 34 0.1
72 35 0.16
72 37 0.13
72 39 0.13
72 41 0.25
72 46 0.2
72 47 0.24
72 49 0.38
72 50 0.14
72 51 0.29
72 52 0.32
72 53 0.4
72 54 0.25
72 61 0.09
72 62 0.21
72 63 0.29
72 67 0.12
72 69 0.21
72 70 0.27
72 85 5.0E-4
73 2 0.76
3 73 0.06
10 73 0.1
14 73 0.29
73 15 0.65
23 73 0.09
73 24 0.72
73 25 0.9
73 26 0.85
27 73 0.34
28 73 0.36
32 73 0.1
73 33 0.26
73 35 0.14
73 39 0.89
73 41 0.45
73 46 0.18
47 73 0.21
49 73 0.57
51 73 0.79
73 52 0.76
73 53 0.72
61 73 0.46
62 73 0.47
73 63 0.26
67 73 0.11
69 73 0.62
73 70 0.72
72 73 0.22
85 73 1.0E-4
74 2 0.6
10 74 0.14
74 15 0.73
74 24 0.85
74 25 0.71
74 26 0.6
27 74 0.24
28 74 0.19
74 33 0.18
74 39 0.79
74 41 0.63
49 74 0.4
51 74 0.62
74 52 0.67
74 53 0.68
61 74 0.43
62 74 0.33
67 74 0.15
69 74 0.44
74 70 0.85
72 74 0.16
74 73 0.71
85 74 1.0E-4
2 75 0.38
3 75 0.13
11 75 0.29
15 75 0.29
16 75 0.41
20 75 0.2
24 75 0.27
25 75 0.22
26 75 0.38
27 75 0.15
28 75 0.2
75 31 0.71
35 75 0.63
46 75 0.41
47 75 0.24
49 75 0.25
51 75 0.2
52 75 0.21
53 75 0.27
61 75 0.17
62 75 0.21
63 75 0.58
69 75 0.28
70 75 0.27
72 75 0.25
85 75 2.0E-4
2 76 0.4
3 76 0.09
4 76 0.15
10 76 0.16
11 76 0.2
13 76 0.11
15 76 0.61
20 76 0.14
23 76 0.14
24 76 0.57
25 76 0.47
26 76 0.4
27 76 0.21
28 76 0.21
76 29 0.5
30 76 0.14
34 76 0.14
39 76 0.53
76 41 0.35
49 76 0.36
51 76 0.42
52 76 0.6
76 53 0.57
57 76 0.29
61 76 0.36
62 76 0.29
67 76 0.17
68 76 0.35
69 76 0.39
70 76 0.57
72 76 0.18
73 76 0.47
74 76 0.67
85 76 5.0E-4
1 77 0.27
5 77 0.47
7 77 0.22
8 77 0.21
20 77 0.2
27 77 0.15
34 77 0.2
37 77 0.27
77 45 0.35
48 77 0.35
49 77 0.13
77 55 0.71
56 77 0.41
59 77 0.32
62 77 0.1
66 77 0.71
85 77 2.0E-4
1 78 0.27
5 78 0.47
8 78 0.21
20 78 0.2
27 78 0.15
37 78 0.27
78 45 0.35
48 78 0.35
78 55 0.71
62 78 0.1
66 78 0.35
72 78 0.25
77 78 0.5
85 78 2.0E-4
4 79 0.3
6 79 0.38
79 17 1.0
27 79 0.11
28 79 0.14
30 79 0.29
37 79 0.38
62 79 0.15
64 79 0.5
69 79 0.2
85 79 4.0E-4
3 80 0.18
13 80 0.22
27 80 0.11
50 80 0.41
85 80 2.0E-4
1 81 0.13
81 2 0.45
3 81 0.06
10 81 0.32
13 81 0.07
14 81 0.2
81 15 0.54
23 81 0.1
81 24 0.63
81 25 0.53
81 26 0.45
27 81 0.32
28 81 0.28
81 33 0.14
37 81 0.13
81 39 0.59
81 41 0.47
47 81 0.22
49 81 0.42
51 81 0.65
81 52 0.5
81 53 0.5
81 56 0.19
81 57 0.19
61 81 0.4
62 81 0.39
67 81 0.33
69 81 0.33
81 70 0.63
72 81 0.12
81 73 0.53
81 74 0.6
81 76 0.5
85 81 1.0E-4
3 82 0.18
4 82 0.3
7 82 0.32
13 82 0.22
23 82 0.29
27 82 0.11
54 82 0.71
56 82 0.58
64 82 0.5
85 82 4.0E-4
4 83 0.35
11 83 0.47
13 83 0.25
20 83 0.33
27 83 0.18
28 83 0.24
30 83 0.33
59 83 0.26
62 83 0.09
83 64 0.29
65 83 0.26
69 83 0.23
85 83 9.0E-4
3 84 0.13
4 84 0.21
7 84 0.22
13 84 0.31
23 84 0.2
27 84 0.15
28 84 0.1
54 84 0.5
84 56 0.41
62 84 0.1
64 84 0.35
84 82 0.71
85 84 3.0E-4
