*Vertices  16
1 "衬底"
2 "次氯酸钠溶液"
3 "外延"
4 "LED"
5 "二极管"
6 "腐蚀液"
7 "半导体"
8 "GaAs"
9 "键合"
10 "芯片"
11 "电流扩展层"
12 "离子"
13 "电极"
14 "湿法腐蚀"
15 "发光层"
16 "真空吸盘"
*Arcs
1 16 0.0070
1 2 0.38
16 2 0.027
3 1 0.93
3 2 0.38
3 16 0.0069
4 1 0.4
4 2 0.15
4 3 0.4
4 16 0.0015
5 1 0.45
5 2 0.2
5 3 0.45
5 4 0.75
5 16 0.0023
1 6 0.6
6 2 0.63
3 6 0.48
4 6 0.24
5 6 0.32
6 16 0.0148
7 1 0.67
7 2 0.25
7 3 0.67
7 4 0.59
7 5 0.64
7 6 0.4
7 16 0.0036
1 8 0.55
8 2 0.58
3 8 0.65
4 8 0.26
5 8 0.35
6 8 0.55
7 8 0.44
8 16 0.0123
1 9 0.22
9 2 0.29
3 9 0.33
4 9 0.26
5 9 0.29
9 6 0.18
7 9 0.29
9 8 0.5
9 16 0.0097
10 1 0.55
10 2 0.21
10 3 0.55
4 10 0.72
5 10 0.71
10 6 0.33
7 10 0.69
10 8 0.36
10 9 0.3
10 16 0.0026
1 11 0.55
11 2 0.58
3 11 0.55
4 11 0.26
5 11 0.35
11 6 0.73
7 11 0.44
11 8 0.67
9 11 0.33
10 11 0.36
11 16 0.0132
12 1 0.32
12 2 0.43
12 3 0.24
4 12 0.35
5 12 0.3
12 6 0.54
7 12 0.38
12 8 0.37
12 9 0.12
12 10 0.36
12 11 0.37
12 16 0.0064
13 1 0.73
13 2 0.28
13 3 0.73
4 13 0.54
5 13 0.67
13 6 0.44
7 13 0.56
13 8 0.48
13 9 0.24
10 13 0.61
13 11 0.48
12 13 0.24
13 16 0.0042
1 14 0.38
14 2 0.5
3 14 0.38
4 14 0.15
5 14 0.2
6 14 0.63
7 14 0.25
8 14 0.29
9 14 0.29
10 14 0.21
11 14 0.58
12 14 0.21
13 14 0.28
14 16 0.0259
1 15 0.71
15 2 0.53
3 15 0.61
4 15 0.28
5 15 0.37
15 6 0.51
7 15 0.48
15 8 0.62
15 9 0.31
10 15 0.39
15 11 0.62
12 15 0.34
13 15 0.52
15 14 0.27
15 16 0.0107
