*Vertices  12
1 "光纤"
2 "探头"
3 "控制器"
4 "处理器"
5 "LED"
6 "太阳能"
7 "太阳能电池板"
8 "充电电池"
9 "充电器"
10 "发光管"
11 "光电管"
12 "码道"
*Arcs
1 12 0.0163
2 1 0.58
2 12 0.0214
3 1 0.19
3 2 0.22
3 12 0.0098
4 1 0.16
4 2 0.37
4 3 0.48
4 12 0.0070
5 1 0.21
5 2 0.18
5 3 0.28
5 4 0.34
5 12 0.0014
1 6 0.29
2 6 0.33
3 6 0.44
4 6 0.18
5 6 0.18
6 12 0.021
1 7 0.5
2 7 0.58
3 7 0.38
4 7 0.32
5 7 0.11
7 6 0.58
7 12 0.0523
1 8 0.35
2 8 0.41
3 8 0.27
4 8 0.22
5 8 0.15
8 6 0.41
8 7 0.71
8 12 0.0288
9 1 0.22
9 2 0.26
9 3 0.17
4 9 0.14
5 9 0.24
9 6 0.26
9 7 0.45
9 8 0.32
9 12 0.0126
1 10 0.35
2 10 0.41
3 10 0.27
4 10 0.22
5 10 0.15
10 6 0.41
10 7 0.71
10 8 0.5
9 10 0.32
10 12 0.0296
1 11 0.5
2 11 0.58
3 11 0.38
4 11 0.32
5 11 0.11
11 6 0.58
11 7 1.0
11 8 0.71
9 11 0.45
11 10 0.71
11 12 0.0523
