*Vertices  23
1 "容器"
2 "光膜"
3 "荧光粉"
4 "发光荧光材料"
5 "柔性高分子材料"
6 "助剂"
7 "LED"
8 "二极管"
9 "塑料"
10 "稀释剂"
11 "荧光体"
12 "硅橡胶"
13 "SiO2"
14 "Al2O3"
15 "LED芯片"
16 "芯片"
17 "酸盐"
18 "Li"
19 "臭氧"
20 "透镜"
21 "甲基"
22 "激发光"
23 "硅油"
*Arcs
23 1 0.0105
2 1 0.5
2 23 0.0108
3 1 0.22
3 2 0.45
3 23 0.0031
4 1 0.21
4 2 0.43
4 3 0.57
4 23 0.0028
5 1 0.71
2 5 0.71
3 5 0.32
4 5 0.3
23 5 0.0193
6 1 0.5
2 6 0.5
3 6 0.45
4 6 0.43
6 5 0.71
23 6 0.0113
7 1 0.15
7 2 0.15
7 3 0.34
7 4 0.35
7 5 0.11
7 6 0.15
7 23 6.0E-4
8 1 0.2
8 2 0.2
8 3 0.36
8 4 0.43
8 5 0.14
8 6 0.2
8 7 0.75
8 23 8.0E-4
9 1 0.27
9 2 0.53
9 3 0.36
9 4 0.34
9 5 0.38
9 6 0.53
9 7 0.28
9 8 0.37
9 23 0.0038
10 1 0.71
2 10 0.71
3 10 0.32
4 10 0.3
10 5 1.0
10 6 0.71
7 10 0.11
8 10 0.14
9 10 0.38
23 10 0.0193
11 1 0.41
2 11 0.41
3 11 0.55
4 11 0.52
11 5 0.58
11 6 0.41
7 11 0.18
8 11 0.24
9 11 0.22
11 10 0.58
23 11 0.0077
12 1 0.71
2 12 0.71
3 12 0.32
4 12 0.3
12 5 1.0
12 6 0.71
7 12 0.11
8 12 0.14
9 12 0.38
12 10 1.0
12 11 0.58
23 12 0.0193
13 1 0.47
2 13 0.24
3 13 0.42
4 13 0.7
13 5 0.33
13 6 0.47
7 13 0.32
8 13 0.38
9 13 0.25
13 10 0.33
13 11 0.38
13 12 0.33
13 23 0.0032
14 1 0.2
2 14 0.2
3 14 0.35
4 14 0.5
14 5 0.28
14 6 0.39
7 14 0.38
8 14 0.43
9 14 0.21
14 10 0.28
14 11 0.16
14 12 0.28
13 14 0.55
14 23 0.0022
15 1 0.34
2 15 0.17
3 15 0.23
4 15 0.15
15 5 0.24
15 6 0.17
7 15 0.44
8 15 0.48
9 15 0.18
15 10 0.24
15 11 0.28
15 12 0.24
13 15 0.24
14 15 0.47
15 23 0.0016
16 1 0.21
2 16 0.1
3 16 0.37
4 16 0.44
16 5 0.15
16 6 0.21
7 16 0.72
8 16 0.71
9 16 0.17
16 10 0.15
16 11 0.26
16 12 0.15
16 13 0.44
16 14 0.53
16 15 0.61
16 23 9.0E-4
17 1 0.29
2 17 0.29
3 17 0.52
4 17 0.62
17 5 0.41
17 6 0.58
7 17 0.26
8 17 0.29
9 17 0.31
17 10 0.41
17 11 0.47
17 12 0.41
17 13 0.54
17 14 0.34
17 15 0.2
17 16 0.36
17 23 0.0045
18 1 0.24
2 18 0.24
3 18 0.42
4 18 0.4
18 5 0.33
18 6 0.47
7 18 0.32
8 18 0.28
9 18 0.25
18 10 0.33
18 11 0.38
18 12 0.33
18 13 0.33
18 14 0.28
18 15 0.32
18 16 0.34
18 17 0.54
18 23 0.0030
19 1 0.41
2 19 0.41
3 19 0.18
4 19 0.17
19 5 0.58
19 6 0.41
7 19 0.18
8 19 0.08
9 19 0.22
19 10 0.58
19 11 0.33
19 12 0.58
13 19 0.19
14 19 0.16
15 19 0.14
16 19 0.09
17 19 0.24
18 19 0.19
19 23 0.0070
20 1 0.22
20 2 0.45
20 3 0.3
20 4 0.29
20 5 0.32
20 6 0.45
20 7 0.34
20 8 0.36
20 9 0.48
20 10 0.32
20 11 0.18
20 12 0.32
20 13 0.21
20 14 0.18
20 15 0.23
20 16 0.19
20 17 0.26
20 18 0.32
20 19 0.18
20 23 0.0028
21 1 0.24
2 21 0.24
3 21 0.32
4 21 0.2
21 5 0.33
21 6 0.47
7 21 0.32
8 21 0.28
9 21 0.25
21 10 0.33
21 11 0.19
21 12 0.33
13 21 0.22
14 21 0.65
15 21 0.4
16 21 0.39
17 21 0.41
18 21 0.33
21 19 0.19
20 21 0.32
21 23 0.0028
22 1 0.27
2 22 0.27
3 22 0.48
4 22 0.57
22 5 0.38
22 6 0.53
7 22 0.28
8 22 0.32
9 22 0.43
22 10 0.38
22 11 0.65
22 12 0.38
22 13 0.5
22 14 0.21
22 15 0.18
22 16 0.28
22 17 0.62
22 18 0.5
22 19 0.22
20 22 0.36
22 21 0.25
22 23 0.0040
