*Vertices  17
1 "荧光粉"
2 "发光荧光材料"
3 "EP"
4 "LED"
5 "二极管"
6 "荧光体"
7 "发光体"
8 "SiO2"
9 "半导体"
10 "NH4H2PO4"
11 "芯片"
12 "SrCO3"
13 "Eu2O3"
14 "Eu2"
15 "离子"
16 "激发光"
17 "硅氧磷灰石"
*Arcs
1 17 0.0057
2 1 0.57
2 17 0.0061
1 3 0.46
2 3 0.35
3 17 0.0052
4 1 0.34
4 2 0.35
4 3 0.37
4 17 0.0011
5 1 0.36
5 2 0.43
5 3 0.24
5 4 0.75
5 17 0.0014
1 6 0.55
2 6 0.52
3 6 0.33
4 6 0.18
5 6 0.24
6 17 0.0155
7 1 0.28
7 2 0.27
7 3 0.13
7 4 0.24
7 5 0.25
7 6 0.26
7 17 0.0087
1 8 0.42
2 8 0.7
8 3 0.38
4 8 0.32
5 8 0.38
8 6 0.38
7 8 0.15
8 17 0.0066
9 1 0.34
9 2 0.43
9 3 0.31
9 4 0.59
9 5 0.64
9 6 0.21
9 7 0.16
9 8 0.42
9 17 0.0020
1 10 0.32
2 10 0.3
3 10 0.29
4 10 0.11
5 10 0.14
6 10 0.58
7 10 0.45
8 10 0.33
9 10 0.18
17 10 0.034
1 11 0.37
2 11 0.44
11 3 0.38
4 11 0.72
5 11 0.71
11 6 0.26
7 11 0.07
11 8 0.44
9 11 0.69
11 10 0.15
11 17 0.0017
1 12 0.22
2 12 0.43
12 3 0.41
4 12 0.15
5 12 0.1
12 6 0.41
7 12 0.32
12 8 0.47
9 12 0.13
12 10 0.71
12 11 0.21
12 17 0.0233
1 13 0.22
2 13 0.43
13 3 0.41
4 13 0.15
5 13 0.1
13 6 0.41
7 13 0.32
13 8 0.47
9 13 0.13
13 10 0.71
13 11 0.21
13 12 1.0
13 17 0.0233
1 14 0.47
2 14 0.6
14 3 0.58
4 14 0.21
5 14 0.21
14 6 0.58
7 14 0.22
14 8 0.5
9 14 0.27
14 10 0.5
14 11 0.29
14 12 0.71
14 13 0.71
14 17 0.0138
1 15 0.19
2 15 0.27
15 3 0.52
4 15 0.35
5 15 0.3
15 6 0.35
7 15 0.13
15 8 0.3
9 15 0.38
15 10 0.3
15 11 0.36
15 12 0.43
15 13 0.43
15 14 0.45
15 17 0.0053
1 16 0.48
2 16 0.57
16 3 0.33
4 16 0.28
5 16 0.32
16 6 0.65
7 16 0.17
16 8 0.5
9 16 0.2
16 10 0.38
16 11 0.28
16 12 0.53
16 13 0.53
16 14 0.57
16 15 0.34
16 17 0.0087
