*Vertices  32
1 "LED灯"
2 "荧光粉"
3 "发光荧光材料"
4 "硼酸"
5 "EP"
6 "LED"
7 "二极管"
8 "玻璃"
9 "LED光源"
10 "光谱仪"
11 "荧光体"
12 "SiO2"
13 "半导体"
14 "Al2O3"
15 "MQW"
16 "荧光光谱"
17 "金属银纳米粒子"
18 "LED芯片"
19 "芯片"
20 "涂层"
21 "酸盐"
22 "SrCO3"
23 "Eu2O3"
24 "Eu2"
25 "去离子水"
26 "Li"
27 "离子"
28 "基色"
29 "丙酮"
30 "玻璃体"
31 "激发光"
32 "硝酸"
*Arcs
1 32 3.0E-4
2 1 0.17
2 32 0.0026
3 1 0.27
3 2 0.57
3 32 0.0050
1 4 0.13
2 4 0.22
3 4 0.43
32 4 0.0105
1 5 0.2
2 5 0.46
3 5 0.35
5 4 0.41
32 5 0.0045
6 1 0.6
6 2 0.34
6 3 0.35
6 4 0.15
6 5 0.37
6 32 0.0010
7 1 0.3
7 2 0.36
7 3 0.43
7 4 0.1
7 5 0.24
7 6 0.75
7 32 8.0E-4
8 1 0.28
8 2 0.2
8 3 0.19
8 4 0.22
8 5 0.18
8 6 0.34
8 7 0.22
8 32 7.0E-4
9 1 0.44
9 2 0.26
9 3 0.17
9 4 0.2
9 5 0.24
9 6 0.38
9 7 0.27
9 8 0.18
9 32 6.0E-4
1 10 0.13
3 10 0.21
10 4 0.5
10 5 0.2
6 10 0.15
7 10 0.1
32 10 0.0029
2 11 0.55
3 11 0.52
4 11 0.41
5 11 0.33
6 11 0.18
7 11 0.24
8 11 0.18
9 11 0.16
32 11 0.0028
1 12 0.24
2 12 0.42
3 12 0.7
12 4 0.24
12 5 0.38
6 12 0.32
7 12 0.38
12 10 0.24
12 11 0.38
32 12 0.0028
13 1 0.29
13 2 0.34
13 3 0.43
13 4 0.13
13 5 0.31
13 6 0.59
13 7 0.64
13 8 0.23
13 9 0.3
13 11 0.21
13 12 0.42
13 32 0.0011
1 14 0.15
2 14 0.35
3 14 0.5
5 14 0.08
6 14 0.38
7 14 0.43
14 11 0.16
12 14 0.55
13 14 0.6
32 14 5.0E-4
1 15 0.16
2 15 0.19
3 15 0.18
4 15 0.21
5 15 0.26
6 15 0.35
7 15 0.38
8 15 0.19
9 15 0.17
11 15 0.17
12 15 0.2
13 15 0.6
14 15 0.67
32 15 7.0E-4
1 16 0.13
3 16 0.21
16 4 0.5
16 5 0.2
6 16 0.15
7 16 0.1
16 10 1.0
16 12 0.24
32 16 0.0029
2 17 0.32
3 17 0.3
4 17 0.71
5 17 0.29
6 17 0.11
7 17 0.14
8 17 0.32
9 17 0.28
11 17 0.58
13 17 0.18
15 17 0.3
32 17 0.0052
1 18 0.26
2 18 0.23
3 18 0.15
4 18 0.17
5 18 0.35
6 18 0.44
7 18 0.48
8 18 0.15
9 18 0.2
18 11 0.28
12 18 0.24
13 18 0.57
14 18 0.47
18 15 0.66
18 17 0.24
32 18 6.0E-4
1 19 0.36
2 19 0.37
3 19 0.44
19 4 0.21
19 5 0.38
6 19 0.72
7 19 0.71
8 19 0.14
9 19 0.16
19 10 0.1
19 11 0.26
19 12 0.44
13 19 0.69
19 14 0.53
19 15 0.49
19 16 0.1
19 17 0.15
19 18 0.61
32 19 0.0015
1 20 0.18
2 20 0.16
3 20 0.15
5 20 0.14
6 20 0.21
7 20 0.14
8 20 0.16
9 20 0.14
12 20 0.17
13 20 0.09
20 14 0.14
19 20 0.07
32 20 8.0E-4
1 21 0.14
2 21 0.52
3 21 0.62
21 4 0.58
21 5 0.35
6 21 0.26
7 21 0.29
8 21 0.13
9 21 0.11
21 10 0.29
21 11 0.47
21 12 0.54
13 21 0.29
21 14 0.34
21 15 0.12
21 16 0.29
21 17 0.41
21 18 0.2
21 19 0.36
21 20 0.2
32 21 0.0079
1 22 0.13
2 22 0.22
3 22 0.43
22 4 0.5
22 5 0.41
6 22 0.15
7 22 0.1
22 10 0.5
22 11 0.41
22 12 0.47
13 22 0.13
22 16 0.5
22 19 0.21
22 21 0.29
32 22 0.0034
1 23 0.13
2 23 0.22
3 23 0.43
23 4 0.5
23 5 0.41
6 23 0.15
7 23 0.1
23 10 0.5
23 11 0.41
23 12 0.47
13 23 0.13
23 16 0.5
23 19 0.21
23 21 0.29
23 22 1.0
32 23 0.0034
1 24 0.09
2 24 0.47
3 24 0.6
24 4 0.71
24 5 0.58
6 24 0.21
7 24 0.21
8 24 0.16
9 24 0.14
24 10 0.35
24 11 0.58
24 12 0.5
13 24 0.27
24 14 0.14
24 15 0.15
24 16 0.35
24 17 0.5
24 18 0.12
24 19 0.29
24 20 0.25
24 21 0.61
24 22 0.71
24 23 0.71
24 32 0.0114
1 25 0.08
3 25 0.13
25 4 0.32
25 5 0.39
6 25 0.24
7 25 0.19
25 10 0.32
25 12 0.3
13 25 0.24
25 16 0.32
25 18 0.11
25 19 0.26
25 21 0.37
25 22 0.32
25 23 0.32
25 24 0.22
25 32 0.0014
1 26 0.29
2 26 0.42
3 26 0.4
26 4 0.47
26 5 0.29
6 26 0.32
7 26 0.28
8 26 0.11
9 26 0.18
26 10 0.24
26 11 0.38
26 12 0.33
13 26 0.3
26 14 0.28
26 15 0.2
26 16 0.24
26 17 0.33
26 18 0.32
26 19 0.34
26 21 0.54
26 22 0.24
26 23 0.24
26 24 0.33
26 25 0.15
26 32 0.0029
1 27 0.16
2 27 0.19
3 27 0.27
27 4 0.43
27 5 0.52
6 27 0.35
7 27 0.3
8 27 0.38
9 27 0.08
27 10 0.21
27 11 0.35
27 12 0.3
13 27 0.38
27 15 0.18
27 16 0.21
27 17 0.3
27 18 0.22
27 19 0.36
27 20 0.15
27 21 0.37
27 22 0.43
27 23 0.43
27 24 0.45
27 25 0.67
27 26 0.2
27 32 0.0029
1 28 0.09
2 28 0.16
3 28 0.3
28 4 0.71
28 5 0.29
6 28 0.21
7 28 0.14
8 28 0.16
9 28 0.14
28 10 0.35
28 11 0.29
28 12 0.17
13 28 0.09
28 15 0.15
28 16 0.35
28 17 0.5
28 18 0.12
28 19 0.15
28 21 0.41
28 22 0.35
28 23 0.35
28 24 0.5
28 25 0.22
28 26 0.33
28 27 0.3
28 32 0.0056
1 29 0.09
3 29 0.15
29 4 0.35
29 5 0.58
6 29 0.21
7 29 0.14
8 29 0.16
29 10 0.35
29 12 0.33
13 29 0.18
29 15 0.15
29 16 0.35
29 18 0.24
29 19 0.22
29 21 0.2
29 22 0.35
29 23 0.35
29 24 0.25
29 25 0.67
29 26 0.17
29 27 0.6
29 28 0.25
29 32 0.0016
2 30 0.32
3 30 0.3
4 30 0.71
5 30 0.29
6 30 0.11
7 30 0.14
8 30 0.32
9 30 0.28
11 30 0.58
13 30 0.18
15 30 0.3
30 17 1.0
18 30 0.24
19 30 0.15
21 30 0.41
24 30 0.5
26 30 0.33
27 30 0.3
28 30 0.5
32 30 0.0052
1 31 0.13
2 31 0.48
3 31 0.57
31 4 0.53
31 5 0.33
6 31 0.28
7 31 0.32
8 31 0.24
9 31 0.1
31 10 0.53
31 11 0.65
31 12 0.5
13 31 0.2
31 14 0.21
31 15 0.11
31 16 0.53
31 17 0.38
31 18 0.18
31 19 0.28
31 21 0.62
31 22 0.53
31 23 0.53
31 24 0.57
31 25 0.17
31 26 0.5
31 27 0.34
31 28 0.38
31 29 0.19
31 30 0.38
31 32 0.0045
