*Vertices  24
1 "显示器"
2 "LED灯"
3 "荧光粉"
4 "开关"
5 "发光荧光材料"
6 "塑料光转换荧光粒料"
7 "助剂"
8 "聚合物树脂"
9 "LED"
10 "二极管"
11 "塑料"
12 "转换器"
13 "SiO2"
14 "半导体"
15 "Al2O3"
16 "客户"
17 "芯片"
18 "酸盐"
19 "Li"
20 "液体石蜡"
21 "透镜"
22 "甲基"
23 "激发光"
24 "硬脂酰胺"
*Arcs
1 24 0.0036
2 1 0.13
2 24 0.0010
3 1 0.24
3 2 0.17
3 24 0.0032
1 4 0.08
2 4 0.39
3 4 0.14
4 24 0.0013
5 1 0.23
5 2 0.27
5 3 0.57
5 4 0.13
5 24 0.0030
1 6 0.38
2 6 0.18
3 6 0.32
4 6 0.22
5 6 0.3
24 6 0.0209
1 7 0.27
2 7 0.13
3 7 0.45
4 7 0.15
5 7 0.43
7 6 0.71
24 7 0.0126
1 8 0.38
2 8 0.18
3 8 0.32
4 8 0.22
5 8 0.3
8 6 1.0
8 7 0.71
24 8 0.0209
9 1 0.28
9 2 0.6
9 3 0.34
9 4 0.49
9 5 0.35
9 6 0.11
9 7 0.15
9 8 0.11
9 24 7.0E-4
10 1 0.11
10 2 0.3
10 3 0.36
10 4 0.31
10 5 0.43
10 6 0.14
10 7 0.2
10 8 0.14
10 9 0.75
10 24 9.0E-4
11 1 0.29
11 2 0.13
11 3 0.36
11 4 0.16
11 5 0.34
11 6 0.38
11 7 0.53
11 8 0.38
11 9 0.28
11 10 0.37
11 24 0.0042
1 12 0.29
2 12 0.13
3 12 0.12
4 12 0.25
5 12 0.11
12 6 0.38
12 7 0.27
12 8 0.38
9 12 0.28
10 12 0.21
11 12 0.43
12 24 0.0037
1 13 0.13
2 13 0.24
3 13 0.42
13 4 0.07
5 13 0.7
13 6 0.33
13 7 0.47
13 8 0.33
9 13 0.32
10 13 0.38
11 13 0.25
13 12 0.13
13 24 0.0033
14 1 0.14
14 2 0.29
14 3 0.34
14 4 0.12
14 5 0.43
14 6 0.18
14 7 0.13
14 8 0.18
14 9 0.59
14 10 0.64
14 11 0.27
14 12 0.14
14 13 0.42
14 24 0.0012
1 15 0.1
2 15 0.15
3 15 0.35
15 4 0.06
5 15 0.5
15 6 0.28
15 7 0.39
15 8 0.28
9 15 0.38
10 15 0.43
11 15 0.21
15 12 0.1
13 15 0.55
14 15 0.6
15 24 0.0024
1 16 0.22
2 16 0.2
3 16 0.18
4 16 0.25
5 16 0.17
16 6 0.58
16 7 0.41
16 8 0.58
9 16 0.18
10 16 0.08
11 16 0.22
12 16 0.22
13 16 0.19
14 16 0.21
15 16 0.16
24 16 0.0079
1 17 0.22
2 17 0.36
3 17 0.37
17 4 0.29
5 17 0.44
17 6 0.15
17 7 0.21
17 8 0.15
9 17 0.72
10 17 0.71
11 17 0.17
17 12 0.22
17 13 0.44
14 17 0.69
17 15 0.53
17 16 0.09
17 24 0.0010
1 18 0.15
2 18 0.14
3 18 0.52
18 4 0.09
5 18 0.62
18 6 0.41
18 7 0.58
18 8 0.41
9 18 0.26
10 18 0.29
11 18 0.31
18 12 0.15
18 13 0.54
14 18 0.29
18 15 0.34
18 16 0.24
18 17 0.36
18 24 0.0049
1 19 0.13
2 19 0.29
3 19 0.42
19 4 0.15
5 19 0.4
19 6 0.33
19 7 0.47
19 8 0.33
9 19 0.32
10 19 0.28
11 19 0.25
19 12 0.25
19 13 0.33
14 19 0.3
19 15 0.28
19 16 0.19
19 17 0.34
19 18 0.54
19 24 0.0033
1 20 0.38
2 20 0.18
3 20 0.32
4 20 0.22
5 20 0.3
20 6 1.0
20 7 0.71
20 8 1.0
9 20 0.11
10 20 0.14
11 20 0.38
12 20 0.38
13 20 0.33
14 20 0.18
15 20 0.28
20 16 0.58
17 20 0.15
18 20 0.41
19 20 0.33
20 24 0.0209
21 1 0.24
21 2 0.28
21 3 0.3
21 4 0.07
21 5 0.29
21 6 0.32
21 7 0.45
21 8 0.32
21 9 0.34
21 10 0.36
21 11 0.48
21 12 0.24
21 13 0.21
21 14 0.23
21 15 0.18
21 16 0.18
21 17 0.19
21 18 0.26
21 19 0.32
21 20 0.32
21 24 0.0030
1 22 0.13
2 22 0.06
3 22 0.32
4 22 0.07
5 22 0.2
22 6 0.33
22 7 0.47
22 8 0.33
9 22 0.32
10 22 0.28
11 22 0.25
12 22 0.13
13 22 0.22
14 22 0.42
15 22 0.65
22 16 0.19
17 22 0.39
18 22 0.41
19 22 0.33
22 20 0.33
21 22 0.32
22 24 0.0032
1 23 0.14
2 23 0.13
3 23 0.48
23 4 0.08
5 23 0.57
23 6 0.38
23 7 0.53
23 8 0.38
9 23 0.28
10 23 0.32
11 23 0.43
23 12 0.29
23 13 0.5
14 23 0.2
23 15 0.21
23 16 0.22
23 17 0.28
23 18 0.62
23 19 0.5
23 20 0.38
21 23 0.36
23 22 0.25
23 24 0.0043
