*Vertices  30
1 "LED灯"
2 "荧光粉"
3 "发光荧光材料"
4 "EP"
5 "LED"
6 "二极管"
7 "玻璃"
8 "LED光源"
9 "光谱仪"
10 "荧光体"
11 "SiO2"
12 "半导体"
13 "MQW"
14 "荧光光谱"
15 "金属银纳米粒子"
16 "LED芯片"
17 "芯片"
18 "酸盐"
19 "SrCO3"
20 "Eu2O3"
21 "硝酸"
22 "Eu2"
23 "去离子水"
24 "Li"
25 "离子"
26 "基色"
27 "丙酮"
28 "玻璃体"
29 "激发光"
30 "硼酸"
*Arcs
1 30 4.0E-4
2 1 0.17
2 30 0.0015
3 1 0.27
3 2 0.57
3 30 0.0040
1 4 0.2
2 4 0.46
3 4 0.35
4 30 0.0037
5 1 0.6
5 2 0.34
5 3 0.35
5 4 0.37
5 30 8.0E-4
6 1 0.3
6 2 0.36
6 3 0.43
6 4 0.24
6 5 0.75
6 30 5.0E-4
7 1 0.28
7 2 0.2
7 3 0.19
7 4 0.18
7 5 0.34
7 6 0.22
7 30 9.0E-4
8 1 0.44
8 2 0.26
8 3 0.17
8 4 0.24
8 5 0.38
8 6 0.27
8 7 0.18
8 30 7.0E-4
1 9 0.13
3 9 0.21
9 4 0.2
5 9 0.15
6 9 0.1
9 30 0.0040
2 10 0.55
3 10 0.52
4 10 0.33
5 10 0.18
6 10 0.24
7 10 0.18
8 10 0.16
30 10 0.0037
1 11 0.24
2 11 0.42
3 11 0.7
11 4 0.38
5 11 0.32
6 11 0.38
11 9 0.24
11 10 0.38
11 30 0.0017
12 1 0.29
12 2 0.34
12 3 0.43
12 4 0.31
12 5 0.59
12 6 0.64
12 7 0.23
12 8 0.3
12 10 0.21
12 11 0.42
12 30 7.0E-4
1 13 0.16
2 13 0.19
3 13 0.18
4 13 0.26
5 13 0.35
6 13 0.38
7 13 0.19
8 13 0.17
10 13 0.17
11 13 0.2
12 13 0.6
30 13 9.0E-4
1 14 0.13
3 14 0.21
14 4 0.2
5 14 0.15
6 14 0.1
14 9 1.0
14 11 0.24
14 30 0.0040
2 15 0.32
3 15 0.3
4 15 0.29
5 15 0.11
6 15 0.14
7 15 0.32
8 15 0.28
10 15 0.58
12 15 0.18
13 15 0.3
30 15 0.0071
1 16 0.26
2 16 0.23
3 16 0.15
4 16 0.35
5 16 0.44
6 16 0.48
7 16 0.15
8 16 0.2
16 10 0.28
11 16 0.24
12 16 0.57
16 13 0.66
16 15 0.24
30 16 7.0E-4
1 17 0.36
2 17 0.37
3 17 0.44
17 4 0.38
5 17 0.72
6 17 0.71
7 17 0.14
8 17 0.16
17 9 0.1
17 10 0.26
17 11 0.44
12 17 0.69
17 13 0.49
17 14 0.1
17 15 0.15
17 16 0.61
17 30 0.0012
1 18 0.14
2 18 0.52
3 18 0.62
18 4 0.35
5 18 0.26
6 18 0.29
7 18 0.13
8 18 0.11
18 9 0.29
18 10 0.47
18 11 0.54
12 18 0.29
18 13 0.12
18 14 0.29
18 15 0.41
18 16 0.2
18 17 0.36
18 30 0.0063
1 19 0.13
2 19 0.22
3 19 0.43
19 4 0.41
5 19 0.15
6 19 0.1
19 9 0.5
19 10 0.41
19 11 0.47
12 19 0.13
19 14 0.5
19 17 0.21
19 18 0.29
19 30 0.0045
1 20 0.13
2 20 0.22
3 20 0.43
20 4 0.41
5 20 0.15
6 20 0.1
20 9 0.5
20 10 0.41
20 11 0.47
12 20 0.13
20 14 0.5
20 17 0.21
20 18 0.29
20 19 1.0
20 30 0.0045
1 21 0.1
2 21 0.37
3 21 0.52
21 4 0.5
5 21 0.18
6 21 0.16
7 21 0.18
8 21 0.16
21 9 0.41
21 10 0.33
21 11 0.38
12 21 0.21
21 13 0.17
21 14 0.41
21 15 0.58
21 16 0.14
21 17 0.26
21 18 0.71
21 19 0.41
21 20 0.41
21 30 0.0106
1 22 0.09
2 22 0.47
3 22 0.6
22 4 0.58
5 22 0.21
6 22 0.21
7 22 0.16
8 22 0.14
22 9 0.35
22 10 0.58
22 11 0.5
12 22 0.27
22 13 0.15
22 14 0.35
22 15 0.5
22 16 0.12
22 17 0.29
22 18 0.61
22 19 0.71
22 20 0.71
22 21 0.87
22 30 0.0092
1 23 0.08
3 23 0.13
23 4 0.39
5 23 0.24
6 23 0.19
23 9 0.32
23 11 0.3
12 23 0.24
23 14 0.32
23 16 0.11
23 17 0.26
23 18 0.37
23 19 0.32
23 20 0.32
23 21 0.26
23 22 0.22
23 30 0.0018
1 24 0.29
2 24 0.42
3 24 0.4
24 4 0.29
5 24 0.32
6 24 0.28
7 24 0.11
8 24 0.18
24 9 0.24
24 10 0.38
24 11 0.33
12 24 0.3
24 13 0.2
24 14 0.24
24 15 0.33
24 16 0.32
24 17 0.34
24 18 0.54
24 19 0.24
24 20 0.24
24 21 0.38
24 22 0.33
24 23 0.15
24 30 0.0039
1 25 0.16
2 25 0.19
3 25 0.27
25 4 0.52
5 25 0.35
6 25 0.3
7 25 0.38
8 25 0.08
25 9 0.21
25 10 0.35
25 11 0.3
12 25 0.38
25 13 0.18
25 14 0.21
25 15 0.3
25 16 0.22
25 17 0.36
25 18 0.37
25 19 0.43
25 20 0.43
25 21 0.35
25 22 0.45
25 23 0.67
25 24 0.2
25 30 0.0038
1 26 0.09
2 26 0.16
3 26 0.3
26 4 0.29
5 26 0.21
6 26 0.14
7 26 0.16
8 26 0.14
26 9 0.35
26 10 0.29
26 11 0.17
12 26 0.09
26 13 0.15
26 14 0.35
26 15 0.5
26 16 0.12
26 17 0.15
26 18 0.41
26 19 0.35
26 20 0.35
26 21 0.58
26 22 0.5
26 23 0.22
26 24 0.33
26 25 0.3
26 30 0.0077
1 27 0.09
3 27 0.15
27 4 0.58
5 27 0.21
6 27 0.14
7 27 0.16
27 9 0.35
27 11 0.33
12 27 0.18
27 13 0.15
27 14 0.35
27 16 0.24
27 17 0.22
27 18 0.2
27 19 0.35
27 20 0.35
27 21 0.29
27 22 0.25
27 23 0.67
27 24 0.17
27 25 0.6
27 26 0.25
27 30 0.0022
2 28 0.32
3 28 0.3
4 28 0.29
5 28 0.11
6 28 0.14
7 28 0.32
8 28 0.28
10 28 0.58
12 28 0.18
13 28 0.3
28 15 1.0
16 28 0.24
17 28 0.15
18 28 0.41
21 28 0.58
22 28 0.5
24 28 0.33
25 28 0.3
26 28 0.5
30 28 0.0071
1 29 0.13
2 29 0.48
3 29 0.57
29 4 0.33
5 29 0.28
6 29 0.32
7 29 0.24
8 29 0.1
29 9 0.53
29 10 0.65
29 11 0.5
12 29 0.2
29 13 0.11
29 14 0.53
29 15 0.38
29 16 0.18
29 17 0.28
29 18 0.62
29 19 0.53
29 20 0.53
29 21 0.44
29 22 0.57
29 23 0.17
29 24 0.5
29 25 0.34
29 26 0.38
29 27 0.19
29 28 0.38
29 30 0.0059
