*Vertices  74
1 "衬底"
2 "LED灯"
3 "容器"
4 "发生器"
5 "荧光粉"
6 "发光荧光材料"
7 "次氯酸钠溶液"
8 "离子络合"
9 "硼酸"
10 "蓝膜"
11 "变压器"
12 "AuSn"
13 "Au5Sn"
14 "EP"
15 "外延片"
16 "外延"
17 "LED"
18 "二极管"
19 "玻璃"
20 "LED光源"
21 "塑料"
22 "腐蚀液"
23 "Au-Sn合金电镀液"
24 "铝基板"
25 "光谱仪"
26 "荧光体"
27 "发光体"
28 "光刻胶"
29 "填充区域"
30 "SiO2"
31 "半导体"
32 "电路板"
33 "NH4H2PO4"
34 "GaAs"
35 "MQW"
36 "硅氧磷灰石"
37 "键合"
38 "焊盘"
39 "荧光光谱"
40 "金属银纳米粒子"
41 "LED芯片"
42 "芯片"
43 "涂层"
44 "电流扩展层"
45 "光触媒"
46 "酸盐"
47 "SrCO3"
48 "Eu2O3"
49 "亚硫酸"
50 "硝酸"
51 "Eu2"
52 "去离子水"
53 "Li"
54 "电极"
55 "基色"
56 "Au-Sn合金"
57 "Au-30at.％Sn合金"
58 "丙酮"
59 "真空吸盘"
60 "MOCVD"
61 "湿法腐蚀"
62 "玻璃体"
63 "EP-CAB共聚物"
64 "臭氧"
65 "屏幕"
66 "透镜"
67 "反射层"
68 "发光层"
69 "甲基"
70 "CAB"
71 "激发光"
72 "发光管"
73 "络合剂"
74 "离子"
*Arcs
74 1 8.0E-4
2 1 0.05
2 74 3.0E-4
3 1 0.19
74 3 3.0E-4
2 4 0.31
74 4 5.0E-4
5 1 0.08
5 2 0.17
5 3 0.22
5 74 4.0E-4
6 1 0.16
6 2 0.27
6 3 0.21
6 4 0.17
6 5 0.57
6 74 8.0E-4
1 7 0.38
74 7 0.0010
74 8 7.0E-4
2 9 0.13
5 9 0.22
6 9 0.43
74 9 0.0012
1 10 0.38
3 10 0.5
74 10 2.0E-4
11 1 0.08
2 11 0.2
11 4 0.17
5 11 0.09
74 11 1.0E-4
12 8 1.0
74 12 7.0E-4
13 8 1.0
13 12 1.0
74 13 7.0E-4
14 1 0.15
2 14 0.2
14 3 0.2
5 14 0.46
6 14 0.35
14 7 0.2
14 9 0.41
14 10 0.2
14 11 0.08
74 14 0.0019
15 1 0.85
2 15 0.06
5 15 0.1
6 15 0.19
15 7 0.22
11 15 0.09
14 15 0.09
74 15 2.0E-4
16 1 0.93
2 16 0.09
5 16 0.08
6 16 0.24
16 7 0.38
16 10 0.19
11 16 0.08
14 16 0.08
16 15 0.85
74 16 5.0E-4
17 1 0.4
17 2 0.6
17 3 0.15
17 4 0.18
17 5 0.34
17 6 0.35
17 7 0.15
17 8 0.11
17 9 0.15
17 10 0.15
17 11 0.37
17 12 0.11
17 13 0.11
17 14 0.37
17 15 0.34
17 16 0.4
17 74 0.0012
18 1 0.45
18 2 0.3
18 3 0.2
18 4 0.08
18 5 0.36
18 6 0.43
18 7 0.2
18 8 0.14
18 9 0.1
18 10 0.2
18 11 0.37
18 12 0.14
18 13 0.14
18 14 0.24
18 15 0.36
18 16 0.45
18 17 0.75
18 74 9.0E-4
19 1 0.08
19 2 0.28
19 4 0.37
19 5 0.2
19 6 0.19
19 7 0.22
19 9 0.22
19 11 0.09
19 14 0.18
19 15 0.1
19 16 0.08
19 17 0.34
19 18 0.22
19 74 9.0E-4
20 2 0.44
20 5 0.26
20 6 0.17
20 9 0.2
20 11 0.08
20 14 0.24
20 17 0.38
20 18 0.27
20 19 0.18
20 74 1.0E-4
21 1 0.1
21 2 0.13
21 3 0.27
21 5 0.36
21 6 0.34
21 7 0.27
21 14 0.11
21 15 0.12
21 16 0.1
21 17 0.28
21 18 0.37
21 19 0.48
21 20 0.1
21 74 2.0E-4
1 22 0.6
2 22 0.08
3 22 0.32
22 7 0.63
22 10 0.32
11 22 0.13
14 22 0.26
15 22 0.28
16 22 0.48
17 22 0.24
18 22 0.32
19 22 0.14
21 22 0.17
74 22 0.0015
23 8 1.0
23 12 1.0
23 13 1.0
17 23 0.11
18 23 0.14
74 23 7.0E-4
24 1 0.11
24 2 0.29
24 5 0.26
24 6 0.12
24 7 0.29
24 14 0.24
24 15 0.13
24 16 0.11
24 17 0.26
24 18 0.23
24 19 0.26
24 20 0.34
24 21 0.31
24 22 0.18
24 74 1.0E-4
2 25 0.13
6 25 0.21
25 9 0.5
25 14 0.2
17 25 0.15
18 25 0.1
74 25 3.0E-4
26 3 0.41
5 26 0.55
6 26 0.52
9 26 0.41
14 26 0.33
17 26 0.18
18 26 0.24
19 26 0.18
20 26 0.16
21 26 0.22
74 26 9.0E-4
27 2 0.24
27 5 0.28
27 6 0.27
27 14 0.13
27 17 0.24
27 18 0.25
27 19 0.14
27 20 0.37
27 21 0.17
27 24 0.18
27 26 0.26
27 74 1.0E-4
1 28 0.46
2 28 0.1
28 7 0.41
11 28 0.17
14 28 0.17
15 28 0.37
16 28 0.46
17 28 0.18
18 28 0.24
19 28 0.18
21 28 0.22
22 28 0.77
24 28 0.24
74 28 7.0E-4
1 29 0.27
7 29 0.71
14 29 0.29
15 29 0.32
16 29 0.27
17 29 0.11
18 29 0.14
19 29 0.32
21 29 0.38
22 29 0.45
24 29 0.41
28 29 0.58
74 29 5.0E-4
30 1 0.27
2 30 0.24
30 3 0.47
5 30 0.42
6 30 0.7
30 9 0.24
30 10 0.24
30 11 0.1
30 14 0.38
30 15 0.21
30 16 0.27
17 30 0.32
18 30 0.38
21 30 0.25
30 22 0.3
30 25 0.24
30 26 0.38
27 30 0.15
30 28 0.19
74 30 9.0E-4
31 1 0.67
31 2 0.29
31 3 0.13
31 5 0.34
31 6 0.43
31 7 0.25
31 8 0.18
31 9 0.13
31 10 0.25
31 11 0.1
31 12 0.18
31 13 0.18
31 14 0.31
31 15 0.57
31 16 0.67
31 17 0.59
31 18 0.64
31 19 0.23
31 20 0.3
31 21 0.27
31 22 0.4
31 23 0.18
31 24 0.22
31 26 0.21
31 27 0.16
31 28 0.31
31 29 0.18
31 30 0.42
31 74 0.0013
32 2 0.43
32 4 0.24
32 5 0.13
32 6 0.12
32 11 0.12
32 17 0.26
32 18 0.06
32 19 0.39
32 20 0.11
32 21 0.15
32 24 0.17
32 27 0.37
32 31 0.15
32 74 1.0E-4
5 33 0.32
6 33 0.3
14 33 0.29
17 33 0.11
18 33 0.14
26 33 0.58
27 33 0.45
30 33 0.33
31 33 0.18
74 33 5.0E-4
1 34 0.55
2 34 0.07
6 34 0.25
34 7 0.58
10 34 0.29
14 34 0.12
15 34 0.26
16 34 0.65
17 34 0.26
18 34 0.35
19 34 0.13
21 34 0.15
22 34 0.55
24 34 0.17
34 28 0.47
34 29 0.41
30 34 0.27
31 34 0.44
74 34 8.0E-4
35 1 0.64
2 35 0.16
5 35 0.19
6 35 0.18
35 7 0.21
9 35 0.21
11 35 0.17
14 35 0.26
35 15 0.76
35 16 0.73
17 35 0.35
18 35 0.38
19 35 0.19
20 35 0.17
21 35 0.11
35 22 0.27
24 35 0.12
26 35 0.17
35 28 0.35
35 29 0.3
30 35 0.2
31 35 0.6
35 34 0.25
74 35 4.0E-4
5 36 0.32
6 36 0.3
14 36 0.29
17 36 0.11
18 36 0.14
26 36 0.58
27 36 0.45
30 36 0.33
31 36 0.18
36 33 1.0
74 36 5.0E-4
1 37 0.22
2 37 0.07
5 37 0.13
6 37 0.25
37 7 0.29
14 37 0.12
15 37 0.13
16 37 0.33
17 37 0.26
18 37 0.29
19 37 0.13
21 37 0.15
37 22 0.18
24 37 0.17
30 37 0.27
31 37 0.29
37 34 0.5
35 37 0.12
74 37 1.0E-4
2 38 0.1
5 38 0.18
38 8 0.58
11 38 0.17
38 12 0.58
38 13 0.58
14 38 0.33
17 38 0.18
18 38 0.16
20 38 0.16
38 23 0.58
24 38 0.24
31 38 0.21
38 35 0.17
38 37 0.24
74 38 3.0E-4
2 39 0.13
6 39 0.21
39 9 0.5
39 14 0.2
17 39 0.15
18 39 0.1
39 25 1.0
39 30 0.24
74 39 3.0E-4
5 40 0.32
6 40 0.3
9 40 0.71
14 40 0.29
17 40 0.11
18 40 0.14
19 40 0.32
20 40 0.28
26 40 0.58
31 40 0.18
35 40 0.3
74 40 5.0E-4
41 1 0.52
2 41 0.26
41 3 0.34
5 41 0.23
6 41 0.15
41 7 0.17
9 41 0.17
41 10 0.17
41 11 0.14
14 41 0.35
41 15 0.54
41 16 0.45
17 41 0.44
18 41 0.48
19 41 0.15
20 41 0.2
21 41 0.18
41 22 0.33
24 41 0.4
41 26 0.28
41 28 0.28
41 29 0.24
30 41 0.24
31 41 0.57
41 34 0.1
41 35 0.66
41 37 0.2
41 38 0.28
41 40 0.24
74 41 5.0E-4
42 1 0.55
2 42 0.36
42 3 0.21
42 4 0.09
5 42 0.37
6 42 0.44
42 7 0.21
42 8 0.15
42 9 0.21
42 10 0.21
42 11 0.21
42 12 0.15
42 13 0.15
42 14 0.38
42 15 0.47
42 16 0.55
17 42 0.72
18 42 0.71
19 42 0.14
20 42 0.16
21 42 0.17
42 22 0.33
42 23 0.15
24 42 0.24
42 25 0.1
42 26 0.26
27 42 0.07
42 28 0.26
42 29 0.15
42 30 0.44
31 42 0.69
32 42 0.06
42 33 0.15
42 34 0.36
42 35 0.49
42 36 0.15
42 37 0.3
42 38 0.26
42 39 0.1
42 40 0.15
42 41 0.61
74 42 0.0012
2 43 0.18
43 4 0.29
5 43 0.16
6 43 0.15
43 11 0.14
14 43 0.14
17 43 0.21
18 43 0.14
19 43 0.16
20 43 0.14
27 43 0.22
30 43 0.17
31 43 0.09
32 43 0.2
42 43 0.07
74 43 2.0E-4
1 44 0.55
2 44 0.14
3 44 0.29
6 44 0.12
44 7 0.58
44 10 0.58
11 44 0.12
14 44 0.24
15 44 0.26
16 44 0.55
17 44 0.26
18 44 0.35
19 44 0.13
21 44 0.15
44 22 0.73
24 44 0.17
44 28 0.47
44 29 0.41
30 44 0.41
31 44 0.44
44 34 0.67
35 44 0.37
37 44 0.33
41 44 0.3
42 44 0.36
74 44 9.0E-4
2 45 0.31
4 45 0.67
11 45 0.17
17 45 0.18
19 45 0.37
32 45 0.24
43 45 0.58
74 45 5.0E-4
2 46 0.14
46 3 0.29
5 46 0.52
6 46 0.62
46 8 0.41
46 9 0.58
46 12 0.41
46 13 0.41
46 14 0.35
17 46 0.26
18 46 0.29
19 46 0.13
20 46 0.11
21 46 0.31
46 23 0.41
46 25 0.29
46 26 0.47
46 30 0.54
31 46 0.29
46 35 0.12
46 38 0.24
46 39 0.29
46 40 0.41
46 41 0.2
46 42 0.36
46 43 0.2
74 46 0.0013
2 47 0.13
5 47 0.22
6 47 0.43
47 9 0.5
47 14 0.41
17 47 0.15
18 47 0.1
47 25 0.5
47 26 0.41
27 47 0.32
47 30 0.47
31 47 0.13
47 33 0.71
47 36 0.71
47 39 0.5
47 42 0.21
47 46 0.29
74 47 0.0012
2 48 0.13
5 48 0.22
6 48 0.43
48 9 0.5
48 14 0.41
17 48 0.15
18 48 0.1
48 25 0.5
48 26 0.41
27 48 0.32
48 30 0.47
31 48 0.13
48 33 0.71
48 36 0.71
48 39 0.5
48 42 0.21
48 46 0.29
48 47 1.0
74 48 0.0012
49 8 1.0
49 12 1.0
49 13 1.0
17 49 0.11
18 49 0.14
49 23 1.0
31 49 0.18
49 38 0.58
42 49 0.15
46 49 0.41
74 49 7.0E-4
2 50 0.1
5 50 0.37
6 50 0.52
50 9 0.82
50 14 0.5
17 50 0.18
18 50 0.16
19 50 0.18
20 50 0.16
50 25 0.41
50 26 0.33
50 30 0.38
31 50 0.21
50 35 0.17
50 39 0.41
50 40 0.58
50 41 0.14
50 42 0.26
50 43 0.29
50 46 0.71
50 47 0.41
50 48 0.41
74 50 9.0E-4
2 51 0.09
5 51 0.47
6 51 0.6
51 9 0.71
51 14 0.58
17 51 0.21
18 51 0.21
19 51 0.16
20 51 0.14
51 25 0.35
51 26 0.58
27 51 0.22
51 30 0.5
31 51 0.27
51 33 0.5
51 35 0.15
51 36 0.5
51 39 0.35
51 40 0.5
51 41 0.12
51 42 0.29
51 43 0.25
51 46 0.61
51 47 0.71
51 48 0.71
51 50 0.87
74 51 0.0015
52 1 0.24
2 52 0.08
52 3 0.32
6 52 0.13
52 8 0.45
52 9 0.32
52 10 0.32
52 12 0.45
52 13 0.45
52 14 0.39
52 16 0.12
17 52 0.24
18 52 0.19
52 22 0.4
52 23 0.45
52 25 0.32
52 28 0.26
52 30 0.3
31 52 0.24
52 34 0.18
52 38 0.26
52 39 0.32
52 41 0.11
52 42 0.26
52 44 0.18
52 46 0.37
52 47 0.32
52 48 0.32
52 49 0.45
52 50 0.26
52 51 0.22
74 52 0.0027
53 1 0.09
2 53 0.29
53 3 0.24
5 53 0.42
6 53 0.4
53 9 0.47
53 14 0.29
53 15 0.11
53 16 0.09
17 53 0.32
18 53 0.28
19 53 0.11
20 53 0.18
21 53 0.25
24 53 0.27
53 25 0.24
53 26 0.38
53 30 0.33
31 53 0.3
32 53 0.14
53 35 0.2
53 39 0.24
53 40 0.33
53 41 0.32
53 42 0.34
53 46 0.54
53 47 0.24
53 48 0.24
53 50 0.38
53 51 0.33
53 52 0.15
74 53 4.0E-4
54 1 0.73
2 54 0.17
54 3 0.14
54 4 0.11
5 54 0.06
6 54 0.24
54 7 0.28
54 10 0.28
54 11 0.45
14 54 0.17
54 15 0.62
54 16 0.73
17 54 0.54
18 54 0.67
19 54 0.06
20 54 0.05
21 54 0.07
54 22 0.44
24 54 0.08
54 28 0.34
54 29 0.2
30 54 0.26
31 54 0.56
54 34 0.48
54 35 0.59
54 37 0.24
54 38 0.11
41 54 0.43
42 54 0.61
54 44 0.48
52 54 0.18
53 54 0.07
74 54 5.0E-4
2 55 0.09
5 55 0.16
6 55 0.3
55 9 0.71
55 14 0.29
17 55 0.21
18 55 0.14
19 55 0.16
20 55 0.14
55 25 0.35
55 26 0.29
55 30 0.17
31 55 0.09
55 35 0.15
55 39 0.35
55 40 0.5
55 41 0.12
55 42 0.15
55 46 0.41
55 47 0.35
55 48 0.35
55 50 0.58
55 51 0.5
55 52 0.22
55 53 0.33
55 74 6.0E-4
56 8 1.0
56 12 1.0
56 13 1.0
17 56 0.11
18 56 0.14
56 23 1.0
31 56 0.18
56 38 0.58
42 56 0.15
46 56 0.41
56 49 1.0
52 56 0.45
74 56 7.0E-4
57 8 1.0
57 12 1.0
57 13 1.0
17 57 0.11
18 57 0.14
57 23 1.0
31 57 0.18
57 38 0.58
42 57 0.15
46 57 0.41
57 49 1.0
52 57 0.45
57 56 1.0
74 57 7.0E-4
58 1 0.27
2 58 0.09
58 3 0.35
6 58 0.15
58 7 0.35
58 9 0.35
58 10 0.35
58 14 0.58
58 15 0.16
58 16 0.13
17 58 0.21
18 58 0.14
19 58 0.16
21 58 0.19
58 22 0.45
24 58 0.2
58 25 0.35
58 28 0.29
58 29 0.5
58 30 0.33
31 58 0.18
58 34 0.2
58 35 0.15
58 39 0.35
58 41 0.24
58 42 0.22
58 44 0.41
58 46 0.2
58 47 0.35
58 48 0.35
58 50 0.29
58 51 0.25
58 52 0.67
58 53 0.17
58 54 0.2
58 55 0.25
58 74 0.0022
1 59 0.27
59 7 0.71
16 59 0.27
17 59 0.11
18 59 0.14
22 59 0.45
31 59 0.18
34 59 0.41
37 59 0.41
42 59 0.15
44 59 0.41
54 59 0.2
74 59 4.0E-4
60 1 0.76
2 60 0.06
5 60 0.1
6 60 0.29
60 7 0.22
14 60 0.09
60 15 0.9
60 16 0.85
17 60 0.34
18 60 0.36
19 60 0.1
21 60 0.12
60 22 0.14
24 60 0.13
60 28 0.18
60 29 0.32
30 60 0.21
31 60 0.57
60 34 0.39
60 35 0.76
60 37 0.26
41 60 0.46
42 60 0.47
60 44 0.26
53 60 0.11
54 60 0.62
58 60 0.16
74 60 2.0E-4
1 61 0.38
2 61 0.13
61 7 0.5
11 61 0.2
15 61 0.22
16 61 0.38
17 61 0.15
18 61 0.2
22 61 0.63
28 61 0.41
30 61 0.24
31 61 0.25
34 61 0.29
35 61 0.21
37 61 0.29
41 61 0.17
42 61 0.21
44 61 0.58
54 61 0.28
61 59 0.71
74 61 3.0E-4
5 62 0.32
6 62 0.3
9 62 0.71
14 62 0.29
17 62 0.11
18 62 0.14
19 62 0.32
20 62 0.28
26 62 0.58
31 62 0.18
35 62 0.3
62 40 1.0
41 62 0.24
42 62 0.15
46 62 0.41
50 62 0.58
51 62 0.5
53 62 0.33
55 62 0.5
74 62 5.0E-4
14 63 0.29
17 63 0.11
52 63 0.45
58 63 0.5
74 63 5.0E-4
2 64 0.2
64 3 0.41
64 4 0.67
5 64 0.18
6 64 0.17
11 64 0.17
17 64 0.18
18 64 0.08
19 64 0.37
21 64 0.22
64 26 0.33
30 64 0.19
32 64 0.24
41 64 0.14
42 64 0.09
43 64 0.29
64 45 0.67
46 64 0.24
53 64 0.19
74 64 6.0E-4
1 65 0.51
6 65 0.23
65 7 0.27
14 65 0.11
15 65 0.6
16 65 0.51
17 65 0.28
18 65 0.27
19 65 0.12
21 65 0.14
22 65 0.17
24 65 0.15
65 28 0.22
65 29 0.38
30 65 0.13
31 65 0.34
65 34 0.31
35 65 0.34
37 65 0.15
41 65 0.28
42 65 0.28
44 65 0.15
54 65 0.37
58 65 0.19
60 65 0.6
74 65 1.0E-4
66 2 0.28
66 3 0.22
66 5 0.3
66 6 0.29
66 14 0.09
66 17 0.34
66 18 0.36
66 19 0.2
66 20 0.26
66 21 0.48
66 24 0.39
66 25 0.22
66 26 0.18
66 27 0.14
66 30 0.21
66 31 0.23
66 32 0.13
66 39 0.22
66 41 0.23
66 42 0.19
66 46 0.26
66 52 0.14
66 53 0.32
66 58 0.16
66 63 0.32
66 64 0.18
66 74 2.0E-4
1 67 0.46
6 67 0.35
67 7 0.41
14 67 0.17
15 67 0.55
16 67 0.46
17 67 0.18
18 67 0.24
19 67 0.18
21 67 0.22
22 67 0.26
24 67 0.24
67 28 0.33
67 29 0.58
30 67 0.19
31 67 0.31
67 34 0.47
35 67 0.17
37 67 0.24
41 67 0.14
42 67 0.26
44 67 0.24
54 67 0.34
58 67 0.29
60 67 0.55
67 65 0.65
74 67 3.0E-4
1 68 0.71
3 68 0.27
6 68 0.23
68 7 0.53
68 10 0.53
14 68 0.22
15 68 0.48
16 68 0.61
17 68 0.28
18 68 0.37
19 68 0.12
21 68 0.14
68 22 0.51
24 68 0.15
68 28 0.22
68 29 0.38
30 68 0.25
31 68 0.48
68 34 0.62
35 68 0.23
68 37 0.31
41 68 0.28
42 68 0.39
68 44 0.62
52 68 0.17
54 68 0.52
58 68 0.38
68 59 0.38
60 68 0.48
68 61 0.27
68 65 0.43
68 67 0.65
74 68 8.0E-4
69 1 0.45
2 69 0.06
69 3 0.24
5 69 0.32
6 69 0.2
69 8 0.33
69 12 0.33
69 13 0.33
14 69 0.1
69 15 0.53
69 16 0.45
17 69 0.32
18 69 0.28
21 69 0.25
69 23 0.33
69 26 0.19
30 69 0.22
31 69 0.42
69 35 0.5
69 38 0.19
41 69 0.4
42 69 0.39
46 69 0.41
69 49 0.33
52 69 0.3
53 69 0.33
54 69 0.33
69 56 0.33
69 57 0.33
58 69 0.17
69 60 0.53
69 63 0.33
69 64 0.19
69 65 0.25
66 69 0.32
69 68 0.13
74 69 5.0E-4
14 70 0.29
17 70 0.11
52 70 0.45
58 70 0.5
70 63 1.0
66 70 0.32
69 70 0.33
74 70 5.0E-4
2 71 0.13
71 3 0.27
5 71 0.48
6 71 0.57
71 9 0.53
71 14 0.33
17 71 0.28
18 71 0.32
19 71 0.24
20 71 0.1
21 71 0.43
71 25 0.53
71 26 0.65
27 71 0.17
71 30 0.5
31 71 0.2
71 33 0.38
71 35 0.11
71 36 0.38
71 37 0.15
71 39 0.53
71 40 0.38
71 41 0.18
71 42 0.28
71 46 0.62
71 47 0.53
71 48 0.53
71 50 0.44
71 51 0.57
71 52 0.17
71 53 0.5
71 55 0.38
71 58 0.19
71 62 0.38
71 64 0.22
66 71 0.36
71 69 0.25
71 74 0.0010
2 72 0.13
72 4 0.41
11 72 0.2
17 72 0.15
19 72 0.22
32 72 0.29
43 72 0.35
72 45 0.41
64 72 0.41
74 72 2.0E-4
73 8 1.0
73 12 1.0
73 13 1.0
17 73 0.11
18 73 0.14
73 23 1.0
31 73 0.18
73 38 0.58
42 73 0.15
46 73 0.41
73 49 1.0
52 73 0.45
73 56 1.0
73 57 1.0
73 69 0.33
74 73 7.0E-4
