*Vertices  20
1 "LED灯"
2 "电容"
3 "整流器"
4 "开关"
5 "变压器"
6 "EP"
7 "LED"
8 "二极管"
9 "三极管"
10 "LED光源"
11 "半导体"
12 "MQW"
13 "焊盘"
14 "LED芯片"
15 "芯片"
16 "电感"
17 "电极"
18 "电阻"
19 "空穴"
20 "稳压二极管"
*Arcs
1 20 0.0024
1 2 0.21
2 20 0.0063
1 3 0.14
2 3 0.37
3 20 0.0090
1 4 0.39
4 2 0.46
4 3 0.18
4 20 0.0034
1 5 0.2
2 5 0.44
5 3 0.59
4 5 0.25
5 20 0.0053
1 6 0.2
6 2 0.17
6 3 0.12
6 4 0.19
6 5 0.08
6 20 0.0045
7 1 0.6
7 2 0.35
7 3 0.26
7 4 0.49
7 5 0.37
7 6 0.37
7 20 0.0018
8 1 0.3
8 2 0.34
8 3 0.35
8 4 0.31
8 5 0.37
8 6 0.24
8 7 0.75
8 20 0.0021
1 9 0.2
9 2 0.61
9 3 0.47
4 9 0.31
9 5 0.58
6 9 0.08
7 9 0.37
8 9 0.45
9 20 0.0053
10 1 0.44
10 2 0.08
10 3 0.11
10 4 0.06
10 5 0.08
10 6 0.24
10 7 0.38
10 8 0.27
10 9 0.08
10 20 0.0039
11 1 0.29
11 2 0.11
11 3 0.15
11 4 0.12
11 5 0.1
11 6 0.31
11 7 0.59
11 8 0.64
11 9 0.05
11 10 0.3
11 20 0.0024
1 12 0.16
2 12 0.09
3 12 0.25
4 12 0.07
5 12 0.17
6 12 0.26
7 12 0.35
8 12 0.38
9 12 0.09
10 12 0.17
11 12 0.6
12 20 0.0053
1 13 0.1
2 13 0.17
3 13 0.24
4 13 0.13
5 13 0.17
6 13 0.33
7 13 0.18
8 13 0.16
9 13 0.17
10 13 0.16
11 13 0.21
13 12 0.17
13 20 0.0152
1 14 0.26
14 2 0.15
14 3 0.2
14 4 0.05
14 5 0.14
6 14 0.35
7 14 0.44
8 14 0.48
14 9 0.07
10 14 0.2
11 14 0.57
14 12 0.66
14 13 0.28
14 20 0.0037
1 15 0.36
15 2 0.36
15 3 0.24
15 4 0.29
15 5 0.21
15 6 0.38
7 15 0.72
8 15 0.71
15 9 0.3
10 15 0.16
11 15 0.69
15 12 0.49
15 13 0.26
15 14 0.61
15 20 0.0025
1 16 0.25
2 16 0.43
3 16 0.29
4 16 0.31
5 16 0.2
6 16 0.2
7 16 0.15
8 16 0.1
9 16 0.2
10 16 0.2
11 16 0.13
16 12 0.21
16 13 0.41
14 16 0.17
15 16 0.21
16 20 0.0205
1 17 0.17
2 17 0.35
17 3 0.4
4 17 0.17
17 5 0.45
6 17 0.17
7 17 0.54
8 17 0.67
9 17 0.62
10 17 0.05
11 17 0.56
17 12 0.59
17 13 0.11
14 17 0.43
15 17 0.61
17 16 0.14
17 20 0.0034
1 18 0.35
18 2 0.66
18 3 0.53
4 18 0.48
18 5 0.57
6 18 0.13
7 18 0.49
8 18 0.46
18 9 0.76
10 18 0.06
11 18 0.16
18 12 0.2
18 13 0.13
14 18 0.16
15 18 0.45
18 16 0.31
18 17 0.56
18 20 0.0045
1 19 0.09
2 19 0.15
3 19 0.2
4 19 0.11
5 19 0.14
6 19 0.14
7 19 0.21
8 19 0.21
9 19 0.14
10 19 0.14
11 19 0.36
12 19 0.6
13 19 0.29
14 19 0.36
15 19 0.29
16 19 0.35
17 19 0.39
18 19 0.22
19 20 0.0119
