*Vertices  10
1 "整流器"
2 "变压器"
3 "LED"
4 "二极管"
5 "三极管"
6 "蓄电池"
7 "充电器"
8 "电极"
9 "电阻"
10 "稳压块"
*Arcs
10 1 0.0365
2 1 0.59
10 2 0.0229
3 1 0.26
3 2 0.37
3 10 0.0049
4 1 0.35
4 2 0.37
4 3 0.75
4 10 0.0069
5 1 0.47
5 2 0.58
3 5 0.37
4 5 0.45
5 10 0.0224
6 1 0.37
6 2 0.39
3 6 0.24
4 6 0.19
5 6 0.26
6 10 0.0396
7 1 0.37
7 2 0.39
3 7 0.24
4 7 0.25
5 7 0.52
7 6 0.4
7 10 0.0409
8 1 0.4
8 2 0.45
3 8 0.54
4 8 0.67
5 8 0.62
8 6 0.18
8 7 0.35
8 10 0.0123
9 1 0.53
9 2 0.57
3 9 0.49
4 9 0.46
9 5 0.76
9 6 0.2
9 7 0.39
9 8 0.56
9 10 0.0152
