*Vertices  40
1 "LCD显示屏"
2 "衬底"
3 "LED灯"
4 "电容"
5 "荧光粉"
6 "整流器"
7 "开关"
8 "GAN"
9 "变压器"
10 "EP"
11 "LED外延片"
12 "外延片"
13 "外延"
14 "LED"
15 "二极管"
16 "稳压二极管"
17 "三极管"
18 "LED光源"
19 "缓冲层"
20 "内量子效率"
21 "半导体"
22 "Al2O3"
23 "MQW"
24 "ESD"
25 "ITO"
26 "焊盘"
27 "LED芯片"
28 "芯片"
29 "Li"
30 "电感"
31 "电极"
32 "接触层"
33 "电阻"
34 "激光"
35 "MOCVD"
36 "标准芯片工艺制作"
37 "屏幕"
38 "发光层"
39 "甲基"
40 "空穴"
*Arcs
40 1 0.0024
2 1 0.27
2 40 0.0032
3 2 0.05
3 40 2.0E-4
3 4 0.21
4 40 4.0E-4
5 2 0.08
5 3 0.17
5 40 4.0E-4
6 2 0.11
3 6 0.14
4 6 0.37
6 40 7.0E-4
3 7 0.39
7 4 0.46
5 7 0.14
7 6 0.18
7 40 2.0E-4
8 1 0.41
8 2 0.65
3 8 0.07
5 8 0.13
6 8 0.17
8 40 0.0052
9 2 0.08
3 9 0.2
4 9 0.44
5 9 0.09
9 6 0.59
7 9 0.25
9 8 0.12
9 40 4.0E-4
10 2 0.15
3 10 0.2
10 4 0.17
5 10 0.46
10 6 0.12
10 7 0.19
10 9 0.08
10 40 4.0E-4
11 1 0.38
11 2 0.71
3 11 0.07
5 11 0.12
6 11 0.15
11 8 0.93
9 11 0.11
11 40 0.0052
12 1 0.32
12 2 0.85
3 12 0.06
5 12 0.1
6 12 0.13
12 8 0.77
9 12 0.09
10 12 0.09
12 11 0.84
12 40 0.0041
13 1 0.27
13 2 0.93
3 13 0.09
5 13 0.08
6 13 0.11
13 8 0.65
9 13 0.08
10 13 0.08
13 11 0.71
13 12 0.85
13 40 0.0032
14 1 0.11
14 2 0.4
14 3 0.6
14 4 0.35
14 5 0.34
14 6 0.26
14 7 0.49
14 8 0.26
14 9 0.37
14 10 0.37
14 11 0.28
14 12 0.34
14 13 0.4
14 40 0.0012
15 1 0.14
15 2 0.45
15 3 0.3
15 4 0.34
15 5 0.36
15 6 0.35
15 7 0.31
15 8 0.29
15 9 0.37
15 10 0.24
15 11 0.27
15 12 0.36
15 13 0.45
15 14 0.75
15 40 0.0012
3 16 0.18
4 16 0.3
6 16 0.41
7 16 0.22
9 16 0.29
10 16 0.29
14 16 0.11
15 16 0.14
40 16 0.0022
3 17 0.2
17 4 0.61
17 6 0.47
7 17 0.31
17 9 0.58
10 17 0.08
14 17 0.37
15 17 0.45
17 16 0.29
17 40 3.0E-4
18 3 0.44
18 4 0.08
18 5 0.26
18 6 0.11
18 7 0.06
18 9 0.08
18 10 0.24
18 14 0.38
18 15 0.27
18 16 0.28
18 17 0.08
18 40 3.0E-4
19 1 0.35
19 2 0.76
5 19 0.11
19 8 0.72
19 11 0.8
19 12 0.89
19 13 0.76
14 19 0.3
15 19 0.3
19 40 0.0045
2 20 0.38
5 20 0.22
8 20 0.29
11 20 0.53
12 20 0.45
13 20 0.38
14 20 0.15
15 20 0.1
19 20 0.5
40 20 0.0017
21 1 0.18
21 2 0.67
21 3 0.29
21 4 0.11
21 5 0.34
21 6 0.15
21 7 0.12
21 8 0.44
21 9 0.1
21 10 0.31
21 11 0.48
21 12 0.57
21 13 0.67
21 14 0.59
21 15 0.64
21 16 0.18
21 17 0.05
21 18 0.3
21 19 0.51
21 20 0.25
21 40 0.0026
22 1 0.28
22 2 0.67
3 22 0.15
5 22 0.35
22 6 0.11
22 7 0.06
22 8 0.68
22 9 0.08
10 22 0.08
22 11 0.73
22 12 0.79
22 13 0.74
14 22 0.38
15 22 0.43
22 19 0.78
22 20 0.39
21 22 0.6
22 40 0.0034
23 1 0.3
23 2 0.64
3 23 0.16
4 23 0.09
5 23 0.19
6 23 0.25
7 23 0.07
23 8 0.74
9 23 0.17
10 23 0.26
23 11 0.8
23 12 0.76
23 13 0.73
14 23 0.35
15 23 0.38
23 16 0.3
17 23 0.09
18 23 0.17
23 19 0.64
23 20 0.43
21 23 0.6
22 23 0.67
23 40 0.0058
24 2 0.53
24 8 0.61
24 11 0.76
24 12 0.63
24 13 0.53
14 24 0.21
15 24 0.14
24 19 0.71
24 20 0.35
21 24 0.36
22 24 0.55
24 23 0.6
24 40 0.0015
25 1 0.38
2 25 0.61
3 25 0.13
5 25 0.12
6 25 0.15
8 25 0.62
9 25 0.11
11 25 0.71
12 25 0.72
13 25 0.71
14 25 0.28
15 25 0.27
19 25 0.67
25 20 0.53
21 25 0.48
22 25 0.73
23 25 0.68
24 25 0.38
40 25 0.0046
3 26 0.1
4 26 0.17
5 26 0.18
6 26 0.24
7 26 0.13
9 26 0.17
10 26 0.33
14 26 0.18
15 26 0.16
26 16 0.58
17 26 0.17
18 26 0.16
21 26 0.21
26 23 0.17
26 40 0.0010
27 1 0.24
27 2 0.52
3 27 0.26
27 4 0.15
5 27 0.23
27 6 0.2
27 7 0.05
27 8 0.5
27 9 0.14
10 27 0.35
27 11 0.55
27 12 0.54
27 13 0.45
14 27 0.44
15 27 0.48
27 16 0.24
27 17 0.07
18 27 0.2
27 19 0.43
27 20 0.17
21 27 0.57
22 27 0.47
27 23 0.66
27 24 0.49
27 25 0.37
27 26 0.28
27 40 0.0025
28 1 0.15
28 2 0.55
3 28 0.36
28 4 0.36
5 28 0.37
28 6 0.24
28 7 0.29
28 8 0.36
28 9 0.21
28 10 0.38
28 11 0.39
28 12 0.47
28 13 0.55
14 28 0.72
15 28 0.71
28 16 0.15
28 17 0.3
18 28 0.16
28 19 0.42
28 20 0.21
21 28 0.69
28 22 0.53
28 23 0.49
28 24 0.29
28 25 0.39
28 26 0.26
28 27 0.61
28 40 0.0019
29 2 0.09
3 29 0.29
5 29 0.42
29 7 0.15
29 8 0.14
29 10 0.29
29 11 0.13
29 12 0.11
29 13 0.09
14 29 0.32
15 29 0.28
18 29 0.18
29 19 0.12
29 20 0.24
21 29 0.3
29 22 0.28
29 23 0.2
29 25 0.13
29 27 0.32
29 28 0.34
29 40 4.0E-4
3 30 0.25
4 30 0.43
6 30 0.29
7 30 0.31
9 30 0.2
10 30 0.2
14 30 0.15
15 30 0.1
30 16 0.71
17 30 0.2
18 30 0.2
21 30 0.13
30 23 0.21
30 26 0.41
27 30 0.17
28 30 0.21
30 40 0.0013
31 1 0.2
31 2 0.73
3 31 0.17
4 31 0.35
5 31 0.06
31 6 0.4
7 31 0.17
31 8 0.48
31 9 0.45
10 31 0.17
31 11 0.52
31 12 0.62
31 13 0.73
14 31 0.54
15 31 0.67
31 16 0.2
17 31 0.62
18 31 0.05
31 19 0.55
31 20 0.28
21 31 0.56
22 31 0.54
31 23 0.59
31 24 0.39
31 25 0.52
31 26 0.11
27 31 0.43
28 31 0.61
29 31 0.07
31 30 0.14
31 40 0.0030
32 1 0.38
32 2 0.71
3 32 0.07
5 32 0.12
6 32 0.15
32 8 0.93
9 32 0.11
32 11 1.0
32 12 0.84
32 13 0.71
14 32 0.28
15 32 0.27
32 19 0.8
32 20 0.53
21 32 0.48
22 32 0.73
32 23 0.8
32 24 0.76
32 25 0.71
27 32 0.55
28 32 0.39
29 32 0.13
31 32 0.52
32 40 0.0052
33 2 0.12
3 33 0.35
33 4 0.66
5 33 0.07
33 6 0.53
7 33 0.48
33 8 0.18
33 9 0.57
10 33 0.13
33 11 0.16
33 12 0.14
33 13 0.12
14 33 0.49
15 33 0.46
33 16 0.22
33 17 0.76
18 33 0.06
33 19 0.08
33 20 0.15
21 33 0.16
22 33 0.12
33 23 0.2
33 25 0.16
33 26 0.13
27 33 0.16
28 33 0.45
29 33 0.07
33 30 0.31
33 31 0.56
33 32 0.16
33 40 9.0E-4
34 2 0.19
34 3 0.19
34 5 0.22
34 6 0.14
34 7 0.08
34 8 0.29
34 9 0.1
34 11 0.27
34 12 0.22
34 13 0.28
34 14 0.3
34 15 0.3
34 18 0.1
34 19 0.13
34 20 0.25
34 21 0.38
34 22 0.29
34 23 0.32
34 25 0.4
34 27 0.09
34 28 0.21
34 29 0.12
34 31 0.21
34 32 0.27
34 33 0.23
34 40 5.0E-4
35 1 0.32
35 2 0.76
3 35 0.06
5 35 0.1
35 8 0.65
10 35 0.09
35 11 0.72
35 12 0.9
35 13 0.85
14 35 0.34
15 35 0.36
35 19 0.89
35 20 0.45
21 35 0.57
22 35 0.79
35 23 0.76
35 24 0.63
35 25 0.72
27 35 0.46
28 35 0.47
29 35 0.11
31 35 0.62
35 32 0.72
33 35 0.07
34 35 0.22
35 40 0.0039
36 1 0.45
36 2 0.6
5 36 0.14
36 8 0.73
36 11 0.85
36 12 0.71
36 13 0.6
14 36 0.24
15 36 0.19
36 19 0.79
36 20 0.63
21 36 0.4
22 36 0.62
36 23 0.67
36 24 0.67
36 25 0.68
27 36 0.43
28 36 0.33
29 36 0.15
31 36 0.44
36 32 0.85
33 36 0.1
34 36 0.16
36 35 0.71
36 40 0.0058
2 37 0.51
7 37 0.16
8 37 0.31
10 37 0.11
11 37 0.29
12 37 0.6
13 37 0.51
14 37 0.28
15 37 0.27
19 37 0.53
21 37 0.34
22 37 0.42
23 37 0.34
24 37 0.38
25 37 0.29
27 37 0.28
28 37 0.28
31 37 0.37
32 37 0.29
35 37 0.6
36 37 0.17
40 37 7.0E-4
38 1 0.38
2 38 0.71
8 38 0.15
10 38 0.22
11 38 0.14
12 38 0.48
13 38 0.61
14 38 0.28
15 38 0.37
19 38 0.4
21 38 0.48
22 38 0.31
23 38 0.23
38 25 0.29
27 38 0.28
28 38 0.39
31 38 0.52
32 38 0.14
35 38 0.48
36 38 0.17
38 37 0.43
38 40 7.0E-4
39 1 0.33
39 2 0.45
3 39 0.06
5 39 0.32
7 39 0.07
39 8 0.54
10 39 0.1
39 11 0.63
39 12 0.53
39 13 0.45
14 39 0.32
15 39 0.28
39 19 0.59
39 20 0.47
21 39 0.42
22 39 0.65
39 23 0.5
39 24 0.5
39 25 0.5
39 26 0.19
27 39 0.4
28 39 0.39
29 39 0.33
31 39 0.33
39 32 0.63
33 39 0.07
34 39 0.12
39 35 0.53
39 36 0.6
39 37 0.25
39 38 0.13
39 40 0.0036
