*Vertices  23
1 "LED灯"
2 "电容"
3 "控制器"
4 "处理器"
5 "开关"
6 "触发脉冲"
7 "变压器"
8 "EP"
9 "LED"
10 "二极管"
11 "三极管"
12 "转换器"
13 "GPIO"
14 "客户"
15 "滑动变阻器"
16 "芯片"
17 "电极"
18 "电阻"
19 "光电耦合器"
20 "蜂鸣器"
21 "晶体闸流管"
22 "插座"
23 "继电器"
*Arcs
1 23 7.0E-4
1 2 0.21
2 23 0.0173
2 3 0.11
23 3 0.0022
4 1 0.17
4 2 0.1
4 3 0.48
4 23 0.0015
1 5 0.39
5 2 0.46
5 3 0.25
4 5 0.28
5 23 0.0062
2 6 0.3
3 6 0.38
23 6 0.0096
1 7 0.2
2 7 0.44
7 3 0.11
5 7 0.25
7 23 0.0043
1 8 0.2
8 2 0.17
8 3 0.11
4 8 0.18
8 5 0.19
8 7 0.08
8 23 0.0012
9 1 0.6
9 2 0.35
9 3 0.28
9 4 0.34
9 5 0.49
9 6 0.11
9 7 0.37
9 8 0.37
9 23 0.0035
10 1 0.3
10 2 0.34
10 3 0.16
10 4 0.04
10 5 0.31
10 6 0.14
10 7 0.37
10 8 0.24
10 9 0.75
10 23 0.0031
1 11 0.2
11 2 0.61
11 3 0.11
5 11 0.31
11 6 0.29
11 7 0.58
8 11 0.08
9 11 0.37
10 11 0.45
11 23 0.0095
1 12 0.13
2 12 0.23
12 3 0.29
4 12 0.12
5 12 0.25
12 6 0.38
7 12 0.11
8 12 0.11
9 12 0.28
10 12 0.21
11 12 0.11
23 12 0.0024
1 13 0.13
2 13 0.21
4 13 0.22
5 13 0.31
8 13 0.2
9 13 0.15
13 23 0.0054
1 14 0.2
2 14 0.17
4 14 0.37
5 14 0.25
8 14 0.17
9 14 0.18
10 14 0.08
12 14 0.22
13 14 0.41
23 14 0.0041
2 15 0.3
5 15 0.22
7 15 0.29
9 15 0.11
10 15 0.14
11 15 0.29
23 15 0.0062
1 16 0.36
16 2 0.36
16 3 0.11
4 16 0.05
16 5 0.29
16 6 0.15
16 7 0.21
16 8 0.38
9 16 0.72
10 16 0.71
16 11 0.3
16 12 0.22
16 13 0.1
16 14 0.09
16 15 0.15
16 23 0.0021
1 17 0.17
2 17 0.35
17 3 0.07
5 17 0.17
17 6 0.2
17 7 0.45
8 17 0.17
9 17 0.54
10 17 0.67
11 17 0.62
17 12 0.07
17 15 0.2
16 17 0.61
17 23 0.0049
1 18 0.35
18 2 0.66
18 3 0.08
4 18 0.07
5 18 0.48
18 6 0.22
18 7 0.57
8 18 0.13
9 18 0.49
10 18 0.46
18 11 0.76
18 12 0.25
18 13 0.31
18 14 0.13
18 15 0.22
16 18 0.45
18 17 0.56
18 23 0.0115
2 19 0.3
3 19 0.38
19 6 1.0
9 19 0.11
10 19 0.14
11 19 0.29
12 19 0.38
16 19 0.15
17 19 0.2
18 19 0.22
23 19 0.0096
1 20 0.18
2 20 0.3
4 20 0.32
5 20 0.22
8 20 0.29
9 20 0.11
13 20 0.71
14 20 0.58
18 20 0.22
23 20 0.0088
2 21 0.35
5 21 0.25
7 21 0.33
9 21 0.18
10 21 0.24
11 21 0.33
16 21 0.09
17 21 0.23
18 21 0.38
21 23 0.0025
1 22 0.13
2 22 0.21
4 22 0.22
5 22 0.31
8 22 0.2
9 22 0.15
10 22 0.1
13 22 0.5
22 14 0.41
16 22 0.1
18 22 0.15
22 20 0.71
23 22 0.0054
