*Vertices  40
1 "LCD显示屏"
2 "衬底"
3 "荧光粉"
4 "发光荧光材料"
5 "GAN"
6 "蒸镀方法"
7 "LED外延片"
8 "外延片"
9 "外延"
10 "LED"
11 "二极管"
12 "通道"
13 "内量子效率"
14 "SiO2"
15 "半导体"
16 "Al2O3"
17 "GaAs"
18 "MQW"
19 "ESD"
20 "ITO"
21 "键合"
22 "太阳能"
23 "LED芯片"
24 "芯片"
25 "Li"
26 "电极"
27 "接触层"
28 "电阻"
29 "激光"
30 "MOCVD"
31 "标准芯片工艺制作"
32 "湿法刻蚀"
33 "干法刻蚀"
34 "空穴"
35 "屏幕"
36 "反射层"
37 "发光层"
38 "甲基"
39 "电流阻挡层"
40 "缓冲层"
*Arcs
40 1 9.0E-4
2 1 0.27
40 2 0.0053
3 2 0.08
3 40 2.0E-4
4 2 0.16
4 3 0.57
4 40 5.0E-4
5 1 0.41
5 2 0.65
3 5 0.13
40 5 0.0043
2 6 0.38
4 6 0.43
40 6 0.0018
7 1 0.38
7 2 0.71
3 7 0.12
7 5 0.93
40 7 0.0053
8 1 0.32
8 2 0.85
3 8 0.1
4 8 0.19
8 5 0.77
8 6 0.45
8 7 0.84
40 8 0.0068
9 1 0.27
9 2 0.93
3 9 0.08
4 9 0.24
9 5 0.65
9 6 0.38
9 7 0.71
9 8 0.85
40 9 0.0054
10 1 0.11
10 2 0.4
10 3 0.34
10 4 0.35
10 5 0.26
10 6 0.15
10 7 0.28
10 8 0.34
10 9 0.4
10 40 0.0011
11 1 0.14
11 2 0.45
11 3 0.36
11 4 0.43
11 5 0.29
11 6 0.2
11 7 0.27
11 8 0.36
11 9 0.45
11 10 0.75
11 40 0.0011
12 2 0.22
12 5 0.33
12 7 0.31
12 8 0.26
12 9 0.22
10 12 0.26
11 12 0.23
40 12 6.0E-4
2 13 0.38
3 13 0.22
5 13 0.29
7 13 0.53
8 13 0.45
9 13 0.38
10 13 0.15
11 13 0.1
40 13 0.0018
14 2 0.27
3 14 0.42
4 14 0.7
14 5 0.14
14 6 0.24
14 7 0.13
14 8 0.21
14 9 0.27
10 14 0.32
11 14 0.38
14 40 3.0E-4
15 1 0.18
15 2 0.67
15 3 0.34
15 4 0.43
15 5 0.44
15 6 0.25
15 7 0.48
15 8 0.57
15 9 0.67
15 10 0.59
15 11 0.64
15 12 0.15
15 13 0.25
15 14 0.42
15 40 0.0028
16 1 0.28
16 2 0.67
3 16 0.35
4 16 0.5
16 5 0.68
16 6 0.39
16 7 0.73
16 8 0.79
16 9 0.74
10 16 0.38
11 16 0.43
16 12 0.23
16 13 0.39
14 16 0.55
15 16 0.6
16 40 0.0054
2 17 0.55
4 17 0.25
17 6 0.29
8 17 0.26
9 17 0.65
10 17 0.26
11 17 0.35
14 17 0.27
15 17 0.44
16 17 0.23
40 17 4.0E-4
18 1 0.3
18 2 0.64
3 18 0.19
4 18 0.18
18 5 0.74
18 7 0.8
18 8 0.76
18 9 0.73
10 18 0.35
11 18 0.38
18 12 0.25
18 13 0.43
14 18 0.2
15 18 0.6
16 18 0.67
18 17 0.25
18 40 0.0039
19 2 0.53
19 5 0.61
19 7 0.76
19 8 0.63
19 9 0.53
10 19 0.21
11 19 0.14
19 12 0.41
19 13 0.35
15 19 0.36
16 19 0.55
19 18 0.6
19 40 0.0035
20 1 0.38
2 20 0.61
3 20 0.12
4 20 0.23
5 20 0.62
20 6 0.27
7 20 0.71
8 20 0.72
9 20 0.71
10 20 0.28
11 20 0.27
20 13 0.53
14 20 0.25
15 20 0.48
16 20 0.73
20 17 0.15
18 20 0.68
19 20 0.38
40 20 0.0040
2 21 0.22
3 21 0.13
4 21 0.25
21 6 0.29
8 21 0.13
9 21 0.33
10 21 0.26
11 21 0.29
14 21 0.27
15 21 0.29
16 21 0.23
21 17 0.5
18 21 0.12
20 21 0.15
40 21 3.0E-4
2 22 0.15
3 22 0.18
5 22 0.24
7 22 0.22
8 22 0.18
9 22 0.15
10 22 0.18
11 22 0.16
12 22 0.24
15 22 0.1
16 22 0.16
18 22 0.17
19 22 0.29
40 22 3.0E-4
23 1 0.24
23 2 0.52
3 23 0.23
4 23 0.15
23 5 0.5
23 7 0.55
23 8 0.54
23 9 0.45
10 23 0.44
11 23 0.48
23 12 0.4
23 13 0.17
14 23 0.24
15 23 0.57
16 23 0.47
23 17 0.1
23 18 0.66
23 19 0.49
23 20 0.37
23 21 0.2
23 22 0.14
23 40 0.0019
24 1 0.15
24 2 0.55
3 24 0.37
4 24 0.44
24 5 0.36
24 6 0.21
24 7 0.39
24 8 0.47
24 9 0.55
10 24 0.72
11 24 0.71
24 12 0.24
24 13 0.21
24 14 0.44
15 24 0.69
24 16 0.53
24 17 0.36
24 18 0.49
24 19 0.29
24 20 0.39
24 21 0.3
24 22 0.09
24 23 0.61
24 40 0.0020
25 2 0.09
3 25 0.42
4 25 0.4
25 5 0.14
25 7 0.13
25 8 0.11
25 9 0.09
10 25 0.32
11 25 0.28
25 12 0.14
25 13 0.24
25 14 0.33
15 25 0.3
25 16 0.28
25 18 0.2
25 20 0.13
25 23 0.32
25 24 0.34
25 40 2.0E-4
26 1 0.2
26 2 0.73
3 26 0.06
4 26 0.24
26 5 0.48
26 6 0.28
26 7 0.52
26 8 0.62
26 9 0.73
10 26 0.54
11 26 0.67
26 12 0.16
26 13 0.28
14 26 0.26
15 26 0.56
16 26 0.54
26 17 0.48
26 18 0.59
26 19 0.39
26 20 0.52
26 21 0.24
26 22 0.11
23 26 0.43
24 26 0.61
25 26 0.07
26 40 0.0031
27 1 0.38
27 2 0.71
3 27 0.12
27 5 0.93
27 7 1.0
27 8 0.84
27 9 0.71
10 27 0.28
11 27 0.27
27 12 0.31
27 13 0.53
14 27 0.13
15 27 0.48
16 27 0.73
27 18 0.8
27 19 0.76
27 20 0.71
27 22 0.22
23 27 0.55
24 27 0.39
25 27 0.13
26 27 0.52
27 40 0.0053
28 2 0.12
3 28 0.07
4 28 0.07
28 5 0.18
28 7 0.16
28 8 0.14
28 9 0.12
10 28 0.49
11 28 0.46
28 12 0.09
28 13 0.15
14 28 0.07
15 28 0.16
16 28 0.12
28 18 0.2
28 20 0.16
23 28 0.16
24 28 0.45
25 28 0.07
28 26 0.56
28 27 0.16
28 40 1.0E-4
29 2 0.19
29 3 0.22
29 4 0.21
29 5 0.29
29 7 0.27
29 8 0.22
29 9 0.28
29 10 0.3
29 11 0.3
29 13 0.25
29 14 0.24
29 15 0.38
29 16 0.29
29 17 0.14
29 18 0.32
29 20 0.4
29 21 0.14
29 23 0.09
29 24 0.21
29 25 0.12
29 26 0.21
29 27 0.27
29 28 0.23
29 40 3.0E-4
30 1 0.32
30 2 0.76
3 30 0.1
4 30 0.29
30 5 0.65
30 6 0.45
30 7 0.72
30 8 0.9
30 9 0.85
10 30 0.34
11 30 0.36
30 12 0.26
30 13 0.45
14 30 0.21
15 30 0.57
16 30 0.79
30 17 0.39
30 18 0.76
30 19 0.63
30 20 0.72
30 21 0.26
30 22 0.18
23 30 0.46
24 30 0.47
25 30 0.11
26 30 0.62
30 27 0.72
28 30 0.07
29 30 0.22
30 40 0.0067
31 1 0.45
31 2 0.6
3 31 0.14
31 5 0.73
31 7 0.85
31 8 0.71
31 9 0.6
10 31 0.24
11 31 0.19
31 12 0.18
31 13 0.63
15 31 0.4
16 31 0.62
31 18 0.67
31 19 0.67
31 20 0.68
23 31 0.43
24 31 0.33
25 31 0.15
26 31 0.44
31 27 0.85
28 31 0.1
29 31 0.16
31 30 0.71
31 40 0.0048
2 32 0.27
4 32 0.3
32 6 0.71
8 32 0.32
9 32 0.27
10 32 0.11
11 32 0.14
14 32 0.33
15 32 0.18
16 32 0.28
32 17 0.41
21 32 0.41
24 32 0.15
26 32 0.2
30 32 0.32
40 32 0.0010
2 33 0.38
4 33 0.43
33 6 1.0
8 33 0.45
9 33 0.38
10 33 0.15
11 33 0.2
14 33 0.24
15 33 0.25
16 33 0.39
33 17 0.29
20 33 0.27
21 33 0.29
24 33 0.21
26 33 0.28
30 33 0.45
33 32 0.71
40 33 0.0018
34 1 0.5
2 34 0.4
3 34 0.16
5 34 0.61
7 34 0.57
8 34 0.47
9 34 0.4
10 34 0.21
11 34 0.21
34 13 0.35
15 34 0.36
16 34 0.42
18 34 0.6
19 34 0.25
34 20 0.57
23 34 0.36
24 34 0.29
25 34 0.17
26 34 0.39
27 34 0.57
28 34 0.22
29 34 0.18
30 34 0.47
31 34 0.67
40 34 0.0023
2 35 0.51
4 35 0.23
5 35 0.31
35 6 0.53
7 35 0.29
8 35 0.6
9 35 0.51
10 35 0.28
11 35 0.27
12 35 0.15
14 35 0.13
15 35 0.34
16 35 0.42
35 17 0.31
18 35 0.34
19 35 0.38
20 35 0.29
21 35 0.15
35 22 0.22
23 35 0.28
24 35 0.28
26 35 0.37
27 35 0.29
30 35 0.6
31 35 0.17
35 32 0.38
35 33 0.53
34 35 0.19
40 35 0.0024
2 36 0.46
4 36 0.35
36 6 0.82
8 36 0.55
9 36 0.46
10 36 0.18
11 36 0.24
14 36 0.19
15 36 0.31
16 36 0.32
36 17 0.47
18 36 0.17
20 36 0.22
21 36 0.24
23 36 0.14
24 36 0.26
26 36 0.34
30 36 0.55
36 32 0.58
36 33 0.82
36 35 0.65
40 36 0.0015
37 1 0.38
2 37 0.71
4 37 0.23
5 37 0.15
37 6 0.53
7 37 0.14
8 37 0.48
9 37 0.61
10 37 0.28
11 37 0.37
14 37 0.25
15 37 0.48
16 37 0.31
37 17 0.62
18 37 0.23
37 20 0.29
37 21 0.31
23 37 0.28
24 37 0.39
26 37 0.52
27 37 0.14
30 37 0.48
31 37 0.17
37 32 0.38
37 33 0.53
37 34 0.19
37 35 0.43
37 36 0.65
40 37 0.0017
38 1 0.33
38 2 0.45
3 38 0.32
4 38 0.2
38 5 0.54
38 7 0.63
38 8 0.53
38 9 0.45
10 38 0.32
11 38 0.28
38 12 0.14
38 13 0.47
14 38 0.22
15 38 0.42
16 38 0.65
38 18 0.5
38 19 0.5
38 20 0.5
38 22 0.19
23 38 0.4
24 38 0.39
25 38 0.33
26 38 0.33
38 27 0.63
28 38 0.07
29 38 0.12
38 30 0.53
38 31 0.6
38 34 0.5
38 35 0.25
38 37 0.13
38 40 0.0029
2 39 0.38
4 39 0.21
39 6 0.5
8 39 0.22
9 39 0.38
10 39 0.15
11 39 0.2
14 39 0.24
15 39 0.25
16 39 0.2
39 17 0.58
21 39 0.29
24 39 0.21
26 39 0.28
30 39 0.22
39 32 0.71
39 33 0.5
39 35 0.27
39 36 0.41
37 39 0.53
40 39 6.0E-4
