*Vertices  15
1 "光纤"
2 "传感器"
3 "PD"
4 "光纤耦合"
5 "LED"
6 "二极管"
7 "玻璃"
8 "塑料"
9 "光电转换器件"
10 "转换器"
11 "半导体"
12 "光电池"
13 "激光"
14 "透镜"
15 "聚光帽"
*Arcs
1 15 0.018
2 1 0.33
2 15 0.0082
3 1 0.58
3 2 0.58
3 15 0.0206
1 4 0.71
2 4 0.24
3 4 0.41
15 4 0.025
5 1 0.21
5 2 0.32
5 3 0.18
5 4 0.15
5 15 0.0015
6 1 0.21
6 2 0.09
6 3 0.16
6 4 0.2
6 5 0.75
6 15 0.0019
7 1 0.32
7 2 0.21
7 3 0.37
7 4 0.22
7 5 0.34
7 6 0.22
7 15 0.0072
8 1 0.38
8 2 0.25
8 3 0.44
8 4 0.27
8 5 0.28
8 6 0.37
8 7 0.48
8 15 0.0103
9 1 0.71
9 2 0.47
9 3 0.82
9 4 0.5
5 9 0.15
6 9 0.2
7 9 0.45
8 9 0.53
9 15 0.0288
10 1 0.38
10 2 0.38
10 3 0.44
10 4 0.27
5 10 0.28
6 10 0.21
7 10 0.24
8 10 0.43
10 9 0.53
10 15 0.0099
11 1 0.09
11 2 0.12
11 3 0.1
11 4 0.13
11 5 0.59
11 6 0.64
11 7 0.23
11 8 0.27
11 9 0.13
11 10 0.14
11 15 0.0021
12 1 0.5
12 2 0.5
12 3 0.58
12 4 0.35
5 12 0.21
6 12 0.21
7 12 0.32
8 12 0.38
12 9 0.71
10 12 0.38
11 12 0.18
12 15 0.0163
13 1 0.35
13 2 0.24
13 3 0.2
13 4 0.5
13 5 0.3
13 6 0.3
13 7 0.22
13 8 0.27
13 9 0.25
13 10 0.13
13 11 0.38
13 12 0.18
13 15 0.0077
14 1 0.32
14 2 0.11
14 3 0.18
14 4 0.45
14 5 0.34
14 6 0.36
14 7 0.2
14 8 0.48
14 9 0.22
14 10 0.24
14 11 0.23
14 12 0.32
14 13 0.34
14 15 0.0068
