*Vertices  24
1 "显示器"
2 "LED灯"
3 "荧光粉"
4 "开关"
5 "发光荧光材料"
6 "塑料光转换荧光粒料"
7 "助剂"
8 "LED"
9 "二极管"
10 "塑料"
11 "转换器"
12 "SiO2"
13 "半导体"
14 "Al2O3"
15 "客户"
16 "芯片"
17 "酸盐"
18 "硬脂酰胺"
19 "Li"
20 "液体石蜡"
21 "透镜"
22 "甲基"
23 "激发光"
24 "聚合物树脂"
*Arcs
1 24 0.0036
2 1 0.13
2 24 0.0010
3 1 0.24
3 2 0.17
3 24 0.0032
1 4 0.08
2 4 0.39
3 4 0.14
4 24 0.0013
5 1 0.23
5 2 0.27
5 3 0.57
5 4 0.13
5 24 0.0030
1 6 0.38
2 6 0.18
3 6 0.32
4 6 0.22
5 6 0.3
24 6 0.0209
1 7 0.27
2 7 0.13
3 7 0.45
4 7 0.15
5 7 0.43
7 6 0.71
24 7 0.0126
8 1 0.28
8 2 0.6
8 3 0.34
8 4 0.49
8 5 0.35
8 6 0.11
8 7 0.15
8 24 7.0E-4
9 1 0.11
9 2 0.3
9 3 0.36
9 4 0.31
9 5 0.43
9 6 0.14
9 7 0.2
9 8 0.75
9 24 9.0E-4
10 1 0.29
10 2 0.13
10 3 0.36
10 4 0.16
10 5 0.34
10 6 0.38
10 7 0.53
10 8 0.28
10 9 0.37
10 24 0.0042
1 11 0.29
2 11 0.13
3 11 0.12
4 11 0.25
5 11 0.11
11 6 0.38
11 7 0.27
8 11 0.28
9 11 0.21
10 11 0.43
11 24 0.0037
1 12 0.13
2 12 0.24
3 12 0.42
12 4 0.07
5 12 0.7
12 6 0.33
12 7 0.47
8 12 0.32
9 12 0.38
10 12 0.25
12 11 0.13
12 24 0.0033
13 1 0.14
13 2 0.29
13 3 0.34
13 4 0.12
13 5 0.43
13 6 0.18
13 7 0.13
13 8 0.59
13 9 0.64
13 10 0.27
13 11 0.14
13 12 0.42
13 24 0.0012
1 14 0.1
2 14 0.15
3 14 0.35
14 4 0.06
5 14 0.5
14 6 0.28
14 7 0.39
8 14 0.38
9 14 0.43
10 14 0.21
14 11 0.1
12 14 0.55
13 14 0.6
14 24 0.0024
1 15 0.22
2 15 0.2
3 15 0.18
4 15 0.25
5 15 0.17
15 6 0.58
15 7 0.41
8 15 0.18
9 15 0.08
10 15 0.22
11 15 0.22
12 15 0.19
13 15 0.21
14 15 0.16
15 24 0.0079
1 16 0.22
2 16 0.36
3 16 0.37
16 4 0.29
5 16 0.44
16 6 0.15
16 7 0.21
8 16 0.72
9 16 0.71
10 16 0.17
16 11 0.22
16 12 0.44
13 16 0.69
16 14 0.53
16 15 0.09
16 24 0.0010
1 17 0.15
2 17 0.14
3 17 0.52
17 4 0.09
5 17 0.62
17 6 0.41
17 7 0.58
8 17 0.26
9 17 0.29
10 17 0.31
17 11 0.15
17 12 0.54
13 17 0.29
17 14 0.34
17 15 0.24
17 16 0.36
17 24 0.0049
1 18 0.38
2 18 0.18
3 18 0.32
4 18 0.22
5 18 0.3
18 6 1.0
18 7 0.71
8 18 0.11
9 18 0.14
10 18 0.38
11 18 0.38
12 18 0.33
13 18 0.18
14 18 0.28
18 15 0.58
16 18 0.15
17 18 0.41
18 24 0.0209
1 19 0.13
2 19 0.29
3 19 0.42
19 4 0.15
5 19 0.4
19 6 0.33
19 7 0.47
8 19 0.32
9 19 0.28
10 19 0.25
19 11 0.25
19 12 0.33
13 19 0.3
19 14 0.28
19 15 0.19
19 16 0.34
19 17 0.54
19 18 0.33
19 24 0.0033
1 20 0.38
2 20 0.18
3 20 0.32
4 20 0.22
5 20 0.3
20 6 1.0
20 7 0.71
8 20 0.11
9 20 0.14
10 20 0.38
11 20 0.38
12 20 0.33
13 20 0.18
14 20 0.28
20 15 0.58
16 20 0.15
17 20 0.41
20 18 1.0
19 20 0.33
20 24 0.0209
21 1 0.24
21 2 0.28
21 3 0.3
21 4 0.07
21 5 0.29
21 6 0.32
21 7 0.45
21 8 0.34
21 9 0.36
21 10 0.48
21 11 0.24
21 12 0.21
21 13 0.23
21 14 0.18
21 15 0.18
21 16 0.19
21 17 0.26
21 18 0.32
21 19 0.32
21 20 0.32
21 24 0.0030
1 22 0.13
2 22 0.06
3 22 0.32
4 22 0.07
5 22 0.2
22 6 0.33
22 7 0.47
8 22 0.32
9 22 0.28
10 22 0.25
11 22 0.13
12 22 0.22
13 22 0.42
14 22 0.65
22 15 0.19
16 22 0.39
17 22 0.41
22 18 0.33
19 22 0.33
22 20 0.33
21 22 0.32
22 24 0.0032
1 23 0.14
2 23 0.13
3 23 0.48
23 4 0.08
5 23 0.57
23 6 0.38
23 7 0.53
8 23 0.28
9 23 0.32
10 23 0.43
23 11 0.29
23 12 0.5
13 23 0.2
23 14 0.21
23 15 0.22
23 16 0.28
23 17 0.62
23 18 0.38
23 19 0.5
23 20 0.38
21 23 0.36
23 22 0.25
23 24 0.0043
