*Vertices  15
1 "显示器"
2 "LED灯"
3 "单片机"
4 "发生器"
5 "开关"
6 "发光荧光材料"
7 "LED"
8 "二极管"
9 "三极管"
10 "芯片"
11 "电极"
12 "电阻"
13 "模拟音频"
14 "KVM"
15 "脉冲信号"
*Arcs
1 15 0.0161
2 1 0.13
2 15 0.0022
1 3 0.46
2 3 0.21
3 15 0.0251
2 4 0.31
3 4 0.17
15 4 0.0117
1 5 0.08
2 5 0.39
5 3 0.26
5 4 0.13
5 15 0.0024
6 1 0.23
6 2 0.27
6 3 0.09
6 4 0.17
6 5 0.13
6 15 0.0038
7 1 0.28
7 2 0.6
7 3 0.35
7 4 0.18
7 5 0.49
7 6 0.35
7 15 0.0049
8 1 0.11
8 2 0.3
8 3 0.13
8 4 0.08
8 5 0.31
8 6 0.43
8 7 0.75
8 15 0.0014
2 9 0.2
3 9 0.17
9 4 0.17
5 9 0.31
6 9 0.09
7 9 0.37
8 9 0.45
9 15 0.0037
1 10 0.22
2 10 0.36
10 3 0.36
10 4 0.09
10 5 0.29
6 10 0.44
7 10 0.72
8 10 0.71
10 9 0.3
10 15 0.0076
2 11 0.17
3 11 0.06
11 4 0.11
5 11 0.17
6 11 0.24
7 11 0.54
8 11 0.67
9 11 0.62
10 11 0.61
11 15 0.0021
1 12 0.08
2 12 0.35
3 12 0.2
12 4 0.13
5 12 0.48
6 12 0.07
7 12 0.49
8 12 0.46
12 9 0.76
10 12 0.45
12 11 0.56
12 15 0.0026
1 13 0.38
3 13 0.3
7 13 0.11
10 13 0.15
15 13 0.0638
1 14 0.38
3 14 0.3
7 14 0.11
10 14 0.15
14 13 1.0
15 14 0.0638
