*Vertices  32
1 "LED灯"
2 "容器"
3 "光膜"
4 "发生器"
5 "荧光粉"
6 "发光荧光材料"
7 "柔性高分子材料"
8 "助剂"
9 "变压器"
10 "LED"
11 "二极管"
12 "玻璃"
13 "塑料"
14 "稀释剂"
15 "荧光体"
16 "硅橡胶"
17 "SiO2"
18 "电路板"
19 "Al2O3"
20 "LED芯片"
21 "芯片"
22 "涂层"
23 "光触媒"
24 "酸盐"
25 "硅油"
26 "Li"
27 "离子"
28 "透镜"
29 "甲基"
30 "激发光"
31 "发光管"
32 "臭氧"
*Arcs
1 32 0.0013
32 2 0.0044
3 1 0.13
3 2 0.5
3 32 0.0046
1 4 0.31
32 4 0.0073
5 1 0.17
5 2 0.22
5 3 0.45
5 32 0.0014
6 1 0.27
6 2 0.21
6 3 0.43
6 4 0.17
6 5 0.57
6 32 0.0015
7 2 0.71
3 7 0.71
5 7 0.32
6 7 0.3
32 7 0.0080
1 8 0.13
8 2 0.5
3 8 0.5
5 8 0.45
6 8 0.43
8 7 0.71
32 8 0.0047
1 9 0.2
9 4 0.17
5 9 0.09
9 32 7.0E-4
10 1 0.6
10 2 0.15
10 3 0.15
10 4 0.18
10 5 0.34
10 6 0.35
10 7 0.11
10 8 0.15
10 9 0.37
10 32 0.0014
11 1 0.3
11 2 0.2
11 3 0.2
11 4 0.08
11 5 0.36
11 6 0.43
11 7 0.14
11 8 0.2
11 9 0.37
11 10 0.75
11 32 5.0E-4
12 1 0.28
12 3 0.22
12 4 0.37
12 5 0.2
12 6 0.19
12 9 0.09
12 10 0.34
12 11 0.22
12 32 0.0031
13 1 0.13
13 2 0.27
13 3 0.53
13 5 0.36
13 6 0.34
13 7 0.38
13 8 0.53
13 10 0.28
13 11 0.37
13 12 0.48
13 32 0.0017
14 2 0.71
3 14 0.71
5 14 0.32
6 14 0.3
14 7 1.0
14 8 0.71
10 14 0.11
11 14 0.14
13 14 0.38
32 14 0.0080
15 2 0.41
3 15 0.41
5 15 0.55
6 15 0.52
15 7 0.58
15 8 0.41
10 15 0.18
11 15 0.24
12 15 0.18
13 15 0.22
15 14 0.58
32 15 0.0032
16 2 0.71
3 16 0.71
5 16 0.32
6 16 0.3
16 7 1.0
16 8 0.71
10 16 0.11
11 16 0.14
13 16 0.38
16 14 1.0
16 15 0.58
32 16 0.0080
1 17 0.24
17 2 0.47
3 17 0.24
5 17 0.42
6 17 0.7
17 7 0.33
17 8 0.47
17 9 0.1
10 17 0.32
11 17 0.38
13 17 0.25
17 14 0.33
17 15 0.38
17 16 0.33
17 32 0.0014
18 1 0.43
18 3 0.29
18 4 0.24
18 5 0.13
18 6 0.12
18 9 0.12
18 10 0.26
18 11 0.06
18 12 0.39
18 13 0.15
18 32 0.0014
1 19 0.15
19 2 0.2
3 19 0.2
5 19 0.35
6 19 0.5
19 7 0.28
19 8 0.39
19 9 0.08
10 19 0.38
11 19 0.43
13 19 0.21
19 14 0.28
19 15 0.16
19 16 0.28
17 19 0.55
19 32 9.0E-4
1 20 0.26
20 2 0.34
3 20 0.17
5 20 0.23
6 20 0.15
20 7 0.24
20 8 0.17
20 9 0.14
10 20 0.44
11 20 0.48
12 20 0.15
13 20 0.18
20 14 0.24
20 15 0.28
20 16 0.24
17 20 0.24
19 20 0.47
20 32 7.0E-4
1 21 0.36
21 2 0.21
3 21 0.1
21 4 0.09
5 21 0.37
6 21 0.44
21 7 0.15
21 8 0.21
21 9 0.21
10 21 0.72
11 21 0.71
12 21 0.14
13 21 0.17
21 14 0.15
21 15 0.26
21 16 0.15
21 17 0.44
18 21 0.06
21 19 0.53
21 20 0.61
21 32 5.0E-4
1 22 0.18
22 4 0.29
5 22 0.16
6 22 0.15
22 9 0.14
10 22 0.21
11 22 0.14
12 22 0.16
17 22 0.17
18 22 0.2
22 19 0.14
21 22 0.07
22 32 0.0022
1 23 0.31
4 23 0.67
9 23 0.17
10 23 0.18
12 23 0.37
18 23 0.24
22 23 0.58
32 23 0.0075
1 24 0.14
24 2 0.29
3 24 0.29
5 24 0.52
6 24 0.62
24 7 0.41
24 8 0.58
10 24 0.26
11 24 0.29
12 24 0.13
13 24 0.31
24 14 0.41
24 15 0.47
24 16 0.41
24 17 0.54
24 19 0.34
24 20 0.2
24 21 0.36
24 22 0.2
24 32 0.0021
25 2 0.71
3 25 0.71
5 25 0.32
6 25 0.3
25 7 1.0
25 8 0.71
10 25 0.11
11 25 0.14
13 25 0.38
25 14 1.0
25 15 0.58
25 16 1.0
17 25 0.33
19 25 0.28
20 25 0.24
21 25 0.15
24 25 0.41
32 25 0.0080
1 26 0.29
26 2 0.24
3 26 0.24
5 26 0.42
6 26 0.4
26 7 0.33
26 8 0.47
10 26 0.32
11 26 0.28
12 26 0.11
13 26 0.25
26 14 0.33
26 15 0.38
26 16 0.33
26 17 0.33
18 26 0.14
26 19 0.28
26 20 0.32
26 21 0.34
26 24 0.54
26 25 0.33
26 32 0.0013
1 27 0.16
27 2 0.21
27 4 0.35
5 27 0.19
6 27 0.27
27 9 0.09
10 27 0.35
11 27 0.3
12 27 0.38
13 27 0.11
27 15 0.35
27 17 0.3
18 27 0.12
27 20 0.22
27 21 0.36
27 22 0.15
27 23 0.35
27 24 0.37
27 26 0.2
27 32 0.0029
28 1 0.28
28 2 0.22
28 3 0.45
28 5 0.3
28 6 0.29
28 7 0.32
28 8 0.45
28 10 0.34
28 11 0.36
28 12 0.2
28 13 0.48
28 14 0.32
28 15 0.18
28 16 0.32
28 17 0.21
28 18 0.13
28 19 0.18
28 20 0.23
28 21 0.19
28 24 0.26
28 25 0.32
28 26 0.32
28 27 0.1
28 32 0.0012
1 29 0.06
29 2 0.24
3 29 0.24
5 29 0.32
6 29 0.2
29 7 0.33
29 8 0.47
10 29 0.32
11 29 0.28
13 29 0.25
29 14 0.33
29 15 0.19
29 16 0.33
17 29 0.22
19 29 0.65
20 29 0.4
21 29 0.39
24 29 0.41
29 25 0.33
26 29 0.33
27 29 0.2
28 29 0.32
29 32 0.0012
1 30 0.13
30 2 0.27
3 30 0.27
5 30 0.48
6 30 0.57
30 7 0.38
30 8 0.53
10 30 0.28
11 30 0.32
12 30 0.24
13 30 0.43
30 14 0.38
30 15 0.65
30 16 0.38
30 17 0.5
30 19 0.21
30 20 0.18
30 21 0.28
30 24 0.62
30 25 0.38
30 26 0.5
30 27 0.34
28 30 0.36
30 29 0.25
30 32 0.0018
1 31 0.13
31 4 0.41
9 31 0.2
10 31 0.15
12 31 0.22
18 31 0.29
22 31 0.35
31 23 0.41
27 31 0.21
32 31 0.0033
