*Vertices  12
1 "LED显示屏"
2 "控制器"
3 "处理器"
4 "IP核"
5 "XYZ2xyz"
6 "XYZ2RGB"
7 "CIE"
8 "LED"
9 "二极管"
10 "基色"
11 "DMA"
12 "色域"
*Arcs
12 1 0.0344
2 1 0.57
2 12 0.0089
3 1 0.32
3 2 0.48
3 12 0.0058
1 4 0.5
2 4 0.38
3 4 0.32
12 4 0.0423
1 5 0.5
2 5 0.38
3 5 0.32
5 4 1.0
12 5 0.0423
1 6 0.5
2 6 0.38
3 6 0.32
6 4 1.0
6 5 1.0
12 6 0.0423
7 1 0.71
2 7 0.27
3 7 0.22
7 4 0.71
7 5 0.71
7 6 0.71
7 12 0.0576
8 1 0.21
8 2 0.28
8 3 0.34
8 4 0.11
8 5 0.11
8 6 0.11
8 7 0.15
8 12 0.0021
9 1 0.14
9 2 0.16
9 3 0.04
9 7 0.1
9 8 0.75
9 12 6.0E-4
10 1 0.5
10 2 0.19
3 10 0.16
10 4 0.5
10 5 0.5
10 6 0.5
10 7 0.71
8 10 0.21
9 10 0.14
10 12 0.0348
11 1 0.35
11 2 0.53
3 11 0.45
11 4 0.71
11 5 0.71
11 6 0.71
11 7 0.5
8 11 0.15
10 11 0.35
11 12 0.0246
