*Vertices  158
1 "LED显示屏"
2 "LCD显示屏"
3 "显示器"
4 "衬底"
5 "LED灯"
6 "电容"
7 "容器"
8 "光膜"
9 "传感器"
10 "控制器"
11 "处理器"
12 "单片机"
13 "发生器"
14 "荧光粉"
15 "反光杯"
16 "整流器"
17 "工质"
18 "开关"
19 "发光荧光材料"
20 "柔性高分子材料"
21 "GAN"
22 "塑料光转换荧光粒料"
23 "助剂"
24 "次氯酸钠溶液"
25 "保护层"
26 "离子络合"
27 "触发脉冲"
28 "聚合物树脂"
29 "蒸发皿"
30 "连接管"
31 "硼酸"
32 "蓝膜"
33 "变压器"
34 "触摸屏"
35 "蒸镀方法"
36 "校准方法"
37 "AuSn"
38 "Au5Sn"
39 "EP"
40 "LED外延片"
41 "外延片"
42 "外延"
43 "LED"
44 "二极管"
45 "稳压二极管"
46 "三极管"
47 "掩膜"
48 "玻璃"
49 "通道"
50 "LED光源"
51 "日光灯平面光源"
52 "塑料"
53 "腐蚀液"
54 "Au-Sn合金电镀液"
55 "电子元器件"
56 "转换器"
57 "铝基板"
58 "基板"
59 "导热板"
60 "缓冲层"
61 "晶体振荡器"
62 "探针"
63 "内量子效率"
64 "基座"
65 "稀释剂"
66 "电动机"
67 "散热片"
68 "散热器"
69 "光谱仪"
70 "发电机"
71 "荧光体"
72 "发光体"
73 "硅橡胶"
74 "透明胶"
75 "光刻胶"
76 "填充区域"
77 "SiO2"
78 "放大器"
79 "半导体"
80 "电路板"
81 "Al2O3"
82 "NH4H2PO4"
83 "GaAs"
84 "MQW"
85 "ESD"
86 "ITO"
87 "GPIO"
88 "硅氧磷灰石"
89 "键合"
90 "燃气涡轮"
91 "客户"
92 "焊盘"
93 "滑动变阻器"
94 "圆盘"
95 "荧光光谱"
96 "金属银纳米粒子"
97 "太阳能"
98 "锂电池"
99 "LED照明设备"
100 "LED芯片"
101 "金属层"
102 "涂层"
103 "电流扩展层"
104 "继电器"
105 "充电器"
106 "存储器"
107 "酸盐"
108 "硅油"
109 "SrCO3"
110 "Eu2O3"
111 "亚硫酸"
112 "硝酸"
113 "Eu2"
114 "去离子水"
115 "硬脂酰胺"
116 "Li"
117 "液体石蜡"
118 "电感"
119 "离子"
120 "耳机"
121 "电极"
122 "接触层"
123 "电阻"
124 "基色"
125 "Au-Sn合金"
126 "Au-30at.％Sn合金"
127 "脉冲信号"
128 "交通灯"
129 "丙酮"
130 "激光"
131 "真空吸盘"
132 "MOCVD"
133 "标准芯片工艺制作"
134 "湿法刻蚀"
135 "干法刻蚀"
136 "湿法腐蚀"
137 "空穴"
138 "玻璃体"
139 "检测仪"
140 "检测板"
141 "转动轴"
142 "光电耦合器"
143 "臭氧"
144 "屏幕"
145 "透镜"
146 "模拟音频"
147 "反射层"
148 "发光层"
149 "吸液芯"
150 "甲基"
151 "KVM"
152 "扬声器"
153 "激发光"
154 "晶体闸流管"
155 "络合剂"
156 "插座"
157 "电流阻挡层"
158 "芯片"
*Arcs
158 1 0.0
158 2 1.0E-4
3 1 0.19
3 158 2.0E-4
4 2 0.27
158 4 9.0E-4
5 3 0.13
5 4 0.05
5 158 4.0E-4
5 6 0.21
158 6 3.0E-4
7 4 0.19
158 7 1.0E-4
8 3 0.27
8 5 0.13
8 7 0.5
8 158 1.0E-4
3 9 0.38
158 9 0.0
10 1 0.57
3 10 0.14
6 10 0.11
158 10 0.0
11 1 0.32
11 3 0.36
11 5 0.17
11 6 0.1
11 8 0.22
11 9 0.21
11 10 0.48
11 158 0.0
12 1 0.15
3 12 0.46
5 12 0.21
12 6 0.18
12 9 0.2
12 10 0.11
11 12 0.29
158 12 3.0E-4
5 13 0.31
12 13 0.17
158 13 0.0
14 1 0.16
14 3 0.24
14 4 0.08
14 5 0.17
14 7 0.22
14 8 0.45
14 10 0.12
14 11 0.1
14 12 0.1
14 158 4.0E-4
5 15 0.18
158 15 0.0
16 4 0.11
5 16 0.14
6 16 0.37
158 16 2.0E-4
5 17 0.25
158 17 1.0E-4
18 1 0.11
3 18 0.08
5 18 0.39
18 6 0.46
18 9 0.07
18 10 0.25
11 18 0.28
18 12 0.26
18 13 0.13
14 18 0.14
18 16 0.18
158 18 3.0E-4
19 3 0.23
19 4 0.16
19 5 0.27
19 7 0.21
19 8 0.43
19 11 0.1
19 12 0.09
19 13 0.17
19 14 0.57
19 18 0.13
19 158 6.0E-4
20 7 0.71
8 20 0.71
14 20 0.32
19 20 0.3
158 20 1.0E-4
21 2 0.41
21 4 0.65
5 21 0.07
14 21 0.13
16 21 0.17
158 21 4.0E-4
3 22 0.38
5 22 0.18
14 22 0.32
18 22 0.22
19 22 0.3
158 22 1.0E-4
3 23 0.27
5 23 0.13
23 7 0.5
8 23 0.5
14 23 0.45
18 23 0.15
19 23 0.43
23 20 0.71
23 22 0.71
158 23 1.0E-4
4 24 0.38
158 24 1.0E-4
4 25 0.15
5 25 0.2
14 25 0.18
16 25 0.24
21 25 0.24
158 25 1.0E-4
158 26 1.0E-4
6 27 0.3
10 27 0.38
158 27 0.0
3 28 0.38
5 28 0.18
14 28 0.32
18 28 0.22
19 28 0.3
28 22 1.0
28 23 0.71
158 28 1.0E-4
5 29 0.18
17 29 0.71
158 29 1.0E-4
5 30 0.18
17 30 0.71
30 29 1.0
158 30 1.0E-4
5 31 0.13
14 31 0.22
19 31 0.43
158 31 1.0E-4
4 32 0.38
7 32 0.5
158 32 1.0E-4
33 1 0.14
3 33 0.11
33 4 0.08
5 33 0.2
6 33 0.44
33 9 0.1
33 10 0.11
12 33 0.09
33 13 0.17
14 33 0.09
33 16 0.59
18 33 0.25
33 21 0.12
33 25 0.17
158 33 2.0E-4
18 34 0.22
158 34 0.0
4 35 0.38
19 35 0.43
158 35 1.0E-4
158 36 0.0
37 26 1.0
158 37 1.0E-4
38 26 1.0
38 37 1.0
158 38 1.0E-4
39 4 0.15
5 39 0.2
39 6 0.17
39 7 0.2
39 10 0.11
11 39 0.18
39 12 0.09
14 39 0.46
39 16 0.12
39 18 0.19
19 39 0.35
39 24 0.2
39 25 0.17
39 31 0.41
39 32 0.2
39 33 0.08
158 39 5.0E-4
40 2 0.38
40 4 0.71
5 40 0.07
14 40 0.12
16 40 0.15
40 21 0.93
40 25 0.22
33 40 0.11
158 40 5.0E-4
41 2 0.32
41 4 0.85
5 41 0.06
14 41 0.1
16 41 0.13
19 41 0.19
41 21 0.77
41 24 0.22
41 25 0.18
33 41 0.09
41 35 0.45
39 41 0.09
41 40 0.84
158 41 7.0E-4
42 2 0.27
42 4 0.93
5 42 0.09
14 42 0.08
16 42 0.11
19 42 0.24
42 21 0.65
42 24 0.38
42 25 0.15
42 32 0.19
33 42 0.08
42 35 0.38
39 42 0.08
42 40 0.71
42 41 0.85
158 42 9.0E-4
43 1 0.21
43 2 0.11
43 3 0.28
43 4 0.4
43 5 0.6
43 6 0.35
43 7 0.15
43 8 0.15
43 9 0.32
43 10 0.28
43 11 0.34
43 12 0.35
43 13 0.18
43 14 0.34
43 15 0.11
43 16 0.26
43 17 0.15
43 18 0.49
43 19 0.35
43 20 0.11
43 21 0.26
43 22 0.11
43 23 0.15
43 24 0.15
43 25 0.18
43 26 0.11
43 27 0.11
43 28 0.11
43 29 0.11
43 30 0.11
43 31 0.15
43 32 0.15
43 33 0.37
43 34 0.11
43 35 0.15
43 36 0.11
43 37 0.11
43 38 0.11
43 39 0.37
43 40 0.28
43 41 0.34
43 42 0.4
43 158 0.0017
44 1 0.14
44 2 0.14
44 3 0.11
44 4 0.45
44 5 0.3
44 6 0.34
44 7 0.2
44 8 0.2
44 9 0.09
44 10 0.16
44 11 0.04
44 12 0.13
44 13 0.08
44 14 0.36
44 15 0.14
44 16 0.35
44 17 0.2
44 18 0.31
44 19 0.43
44 20 0.14
44 21 0.29
44 22 0.14
44 23 0.2
44 24 0.2
44 25 0.08
44 26 0.14
44 27 0.14
44 28 0.14
44 29 0.14
44 30 0.14
44 31 0.1
44 32 0.2
44 33 0.37
44 35 0.2
44 36 0.14
44 37 0.14
44 38 0.14
44 39 0.24
44 40 0.27
44 41 0.36
44 42 0.45
44 43 0.75
44 158 0.0016
5 45 0.18
6 45 0.3
16 45 0.41
18 45 0.22
33 45 0.29
39 45 0.29
43 45 0.11
44 45 0.14
158 45 1.0E-4
5 46 0.2
46 6 0.61
46 10 0.11
12 46 0.17
46 13 0.17
46 16 0.47
18 46 0.31
19 46 0.09
46 27 0.29
46 33 0.58
39 46 0.08
43 46 0.37
44 46 0.45
46 45 0.29
158 46 2.0E-4
4 47 0.27
5 47 0.18
16 47 0.41
21 47 0.41
25 47 0.58
33 47 0.29
40 47 0.38
41 47 0.32
42 47 0.27
43 47 0.11
44 47 0.14
158 47 1.0E-4
48 3 0.12
48 4 0.08
48 5 0.28
48 6 0.1
48 8 0.22
48 9 0.21
48 11 0.3
48 12 0.29
48 13 0.37
48 14 0.2
48 18 0.21
48 19 0.19
48 24 0.22
48 31 0.22
48 33 0.09
48 39 0.18
48 41 0.1
48 42 0.08
48 43 0.34
48 44 0.22
48 46 0.09
48 158 1.0E-4
3 49 0.15
49 4 0.22
5 49 0.22
49 9 0.14
12 49 0.12
49 17 0.29
49 21 0.33
49 29 0.41
49 30 0.41
49 40 0.31
49 41 0.26
49 42 0.22
43 49 0.26
44 49 0.23
158 49 2.0E-4
50 3 0.1
50 5 0.44
50 6 0.08
50 8 0.2
50 9 0.09
50 11 0.18
50 12 0.08
50 14 0.26
50 16 0.11
50 17 0.2
50 18 0.06
50 19 0.17
50 31 0.2
50 33 0.08
50 39 0.24
50 43 0.38
50 44 0.27
50 45 0.28
50 46 0.08
50 48 0.18
50 49 0.11
50 158 1.0E-4
14 51 0.32
51 25 0.58
39 51 0.29
43 51 0.11
158 51 0.0
52 3 0.29
52 4 0.1
52 5 0.13
52 7 0.27
52 8 0.53
52 9 0.25
52 10 0.14
52 11 0.12
52 14 0.36
52 18 0.16
52 19 0.34
52 20 0.38
52 22 0.38
52 23 0.53
52 24 0.27
52 28 0.38
52 39 0.11
52 41 0.12
52 42 0.1
52 43 0.28
52 44 0.37
52 48 0.48
52 50 0.1
52 158 1.0E-4
4 53 0.6
5 53 0.08
7 53 0.32
16 53 0.18
21 53 0.18
53 24 0.63
25 53 0.26
53 32 0.32
33 53 0.13
39 53 0.26
40 53 0.17
41 53 0.28
42 53 0.48
43 53 0.24
44 53 0.32
53 47 0.45
48 53 0.14
52 53 0.17
158 53 3.0E-4
54 26 1.0
54 37 1.0
54 38 1.0
43 54 0.11
44 54 0.14
158 54 1.0E-4
5 55 0.18
17 55 0.71
55 29 1.0
55 30 1.0
43 55 0.11
44 55 0.14
49 55 0.41
158 55 1.0E-4
3 56 0.29
5 56 0.13
6 56 0.23
56 9 0.38
56 10 0.29
11 56 0.12
12 56 0.11
14 56 0.12
18 56 0.25
19 56 0.11
56 22 0.38
56 23 0.27
56 27 0.38
56 28 0.38
33 56 0.11
39 56 0.11
43 56 0.28
44 56 0.21
46 56 0.11
48 56 0.24
52 56 0.43
158 56 1.0E-4
57 3 0.15
57 4 0.11
57 5 0.29
57 8 0.29
57 11 0.13
57 14 0.26
57 17 0.29
57 19 0.12
57 24 0.29
57 25 0.24
57 39 0.24
57 41 0.13
57 42 0.11
57 43 0.26
57 44 0.23
57 48 0.26
57 49 0.33
57 50 0.34
57 51 0.41
57 52 0.31
57 53 0.18
57 158 2.0E-4
5 58 0.25
17 58 0.5
58 29 0.71
58 30 0.71
43 58 0.15
44 58 0.1
49 58 0.29
50 58 0.2
58 55 0.71
158 58 0.0
5 59 0.25
59 15 0.71
43 59 0.15
44 59 0.1
59 49 0.29
50 59 0.2
57 59 0.29
158 59 0.0
60 2 0.35
60 4 0.76
14 60 0.11
19 60 0.21
60 21 0.72
60 35 0.5
60 40 0.8
60 41 0.89
60 42 0.76
43 60 0.3
44 60 0.3
60 49 0.29
158 60 5.0E-4
5 61 0.13
61 6 0.21
61 10 0.27
11 61 0.22
12 61 0.21
18 61 0.31
39 61 0.2
43 61 0.15
61 46 0.2
48 61 0.22
61 56 0.27
158 61 0.0
62 9 0.24
62 36 0.71
43 62 0.15
44 62 0.2
48 62 0.22
52 62 0.27
56 62 0.27
158 62 0.0
4 63 0.38
14 63 0.22
21 63 0.29
40 63 0.53
41 63 0.45
42 63 0.38
43 63 0.15
44 63 0.1
60 63 0.5
158 63 1.0E-4
5 64 0.25
17 64 0.5
64 29 0.71
64 30 0.71
43 64 0.15
44 64 0.2
49 64 0.58
64 55 0.71
57 64 0.29
58 64 0.5
158 64 1.0E-4
65 7 0.71
8 65 0.71
14 65 0.32
19 65 0.3
65 20 1.0
65 23 0.71
43 65 0.11
44 65 0.14
52 65 0.38
158 65 1.0E-4
5 66 0.13
9 66 0.24
12 66 0.21
14 66 0.22
39 66 0.2
43 66 0.15
50 66 0.2
158 66 0.0
5 67 0.47
67 15 0.38
67 17 0.53
67 29 0.38
67 30 0.38
43 67 0.28
44 67 0.27
67 49 0.46
50 67 0.42
67 55 0.38
57 67 0.46
67 58 0.53
67 59 0.53
67 64 0.53
158 67 1.0E-4
5 68 0.47
68 15 0.38
68 17 0.53
68 29 0.38
68 30 0.38
43 68 0.28
44 68 0.21
68 49 0.31
50 68 0.42
68 55 0.38
57 68 0.31
68 58 0.53
68 59 0.53
68 64 0.27
68 67 0.86
158 68 1.0E-4
5 69 0.13
19 69 0.21
69 31 0.5
69 39 0.2
43 69 0.15
44 69 0.1
158 69 0.0
1 70 0.25
3 70 0.19
5 70 0.18
9 70 0.17
10 70 0.19
12 70 0.15
14 70 0.16
18 70 0.22
33 70 0.29
43 70 0.21
44 70 0.14
50 70 0.14
56 70 0.19
67 70 0.19
68 70 0.19
158 70 0.0
71 7 0.41
8 71 0.41
14 71 0.55
19 71 0.52
71 20 0.58
71 23 0.41
31 71 0.41
39 71 0.33
43 71 0.18
44 71 0.24
48 71 0.18
50 71 0.16
52 71 0.22
71 65 0.58
158 71 2.0E-4
72 3 0.17
72 5 0.24
72 8 0.32
72 11 0.14
72 14 0.28
72 19 0.27
72 39 0.13
72 43 0.24
72 44 0.25
72 48 0.14
72 50 0.37
72 52 0.17
72 57 0.18
72 67 0.17
72 68 0.17
72 70 0.22
72 71 0.26
72 158 0.0
73 7 0.71
8 73 0.71
14 73 0.32
19 73 0.3
73 20 1.0
73 23 0.71
43 73 0.11
44 73 0.14
52 73 0.38
73 65 1.0
73 71 0.58
158 73 1.0E-4
14 74 0.32
74 25 0.58
39 74 0.29
43 74 0.11
74 51 1.0
57 74 0.41
158 74 0.0
4 75 0.46
5 75 0.1
16 75 0.24
21 75 0.24
75 24 0.41
25 75 0.33
33 75 0.17
39 75 0.17
40 75 0.22
41 75 0.37
42 75 0.46
43 75 0.18
44 75 0.24
75 47 0.58
48 75 0.18
52 75 0.22
53 75 0.77
57 75 0.24
158 75 2.0E-4
4 76 0.27
24 76 0.71
39 76 0.29
41 76 0.32
42 76 0.27
43 76 0.11
44 76 0.14
48 76 0.32
52 76 0.38
53 76 0.45
57 76 0.41
75 76 0.58
158 76 1.0E-4
3 77 0.13
77 4 0.27
5 77 0.24
77 7 0.47
8 77 0.24
14 77 0.42
77 16 0.14
77 18 0.07
19 77 0.7
77 20 0.33
77 21 0.14
77 22 0.33
77 23 0.47
77 25 0.19
77 28 0.33
77 31 0.24
77 32 0.24
77 33 0.1
77 35 0.24
77 39 0.38
77 40 0.13
77 41 0.21
77 42 0.27
43 77 0.32
44 77 0.38
77 47 0.33
52 77 0.25
77 53 0.3
77 56 0.13
77 60 0.12
77 65 0.33
77 69 0.24
77 71 0.38
72 77 0.15
77 73 0.33
77 75 0.19
158 77 6.0E-4
78 1 0.25
3 78 0.38
6 78 0.3
78 9 0.17
78 10 0.19
11 78 0.16
12 78 0.45
16 78 0.2
33 78 0.29
43 78 0.21
44 78 0.14
46 78 0.14
78 56 0.19
78 70 0.25
158 78 1.0E-4
79 2 0.18
79 3 0.14
79 4 0.67
79 5 0.29
79 6 0.11
79 7 0.13
79 8 0.13
79 9 0.12
79 11 0.11
79 12 0.05
79 14 0.34
79 15 0.18
79 16 0.15
79 17 0.13
79 18 0.12
79 19 0.43
79 21 0.44
79 22 0.18
79 23 0.13
79 24 0.25
79 25 0.1
79 26 0.18
79 28 0.18
79 31 0.13
79 32 0.25
79 33 0.1
79 34 0.18
79 35 0.25
79 36 0.18
79 37 0.18
79 38 0.18
79 39 0.31
79 40 0.48
79 41 0.57
79 42 0.67
79 43 0.59
79 44 0.64
79 45 0.18
79 46 0.05
79 47 0.18
79 48 0.23
79 49 0.15
79 50 0.3
79 52 0.27
79 53 0.4
79 54 0.18
79 56 0.14
79 57 0.22
79 58 0.13
79 59 0.13
79 60 0.51
79 62 0.13
79 63 0.25
79 67 0.2
79 68 0.27
79 71 0.21
79 72 0.16
79 75 0.31
79 76 0.18
79 77 0.42
79 78 0.09
79 158 0.0014
80 3 0.15
80 5 0.43
80 6 0.12
80 8 0.29
80 11 0.13
80 12 0.12
80 13 0.24
80 14 0.13
80 18 0.18
80 19 0.12
80 33 0.12
80 43 0.26
80 44 0.06
80 46 0.12
80 48 0.39
80 50 0.11
80 52 0.15
80 57 0.17
80 61 0.29
80 68 0.15
80 72 0.37
80 79 0.15
80 158 0.0
81 2 0.28
3 81 0.1
81 4 0.67
5 81 0.15
81 7 0.2
8 81 0.2
14 81 0.35
81 16 0.11
81 18 0.06
19 81 0.5
81 20 0.28
81 21 0.68
81 22 0.28
81 23 0.39
81 25 0.16
81 28 0.28
81 33 0.08
81 35 0.39
39 81 0.08
81 40 0.73
81 41 0.79
81 42 0.74
43 81 0.38
44 81 0.43
81 47 0.28
81 49 0.23
52 81 0.21
81 53 0.12
81 56 0.1
81 60 0.78
81 63 0.39
81 65 0.28
81 71 0.16
81 73 0.28
81 75 0.16
77 81 0.55
79 81 0.6
158 81 9.0E-4
14 82 0.32
19 82 0.3
39 82 0.29
43 82 0.11
44 82 0.14
71 82 0.58
72 82 0.45
77 82 0.33
79 82 0.18
158 82 1.0E-4
4 83 0.55
5 83 0.07
19 83 0.25
83 24 0.58
32 83 0.29
83 35 0.29
39 83 0.12
41 83 0.26
42 83 0.65
43 83 0.26
44 83 0.35
48 83 0.13
52 83 0.15
53 83 0.55
57 83 0.17
60 83 0.14
83 75 0.47
83 76 0.41
77 83 0.27
79 83 0.44
81 83 0.23
158 83 4.0E-4
84 2 0.3
84 4 0.64
5 84 0.16
6 84 0.09
14 84 0.19
16 84 0.25
18 84 0.07
19 84 0.18
84 21 0.74
84 24 0.21
84 25 0.17
31 84 0.21
33 84 0.17
39 84 0.26
84 40 0.8
84 41 0.76
84 42 0.73
43 84 0.35
44 84 0.38
84 45 0.3
46 84 0.09
84 47 0.3
48 84 0.19
84 49 0.25
50 84 0.17
52 84 0.11
84 53 0.27
57 84 0.12
84 60 0.64
84 63 0.43
71 84 0.17
84 75 0.35
84 76 0.3
77 84 0.2
79 84 0.6
81 84 0.67
84 83 0.25
158 84 8.0E-4
85 4 0.53
85 21 0.61
85 40 0.76
85 41 0.63
85 42 0.53
43 85 0.21
44 85 0.14
85 49 0.41
85 60 0.71
85 63 0.35
79 85 0.36
81 85 0.55
85 84 0.6
158 85 2.0E-4
86 2 0.38
4 86 0.61
5 86 0.13
14 86 0.12
16 86 0.15
19 86 0.23
21 86 0.62
86 25 0.22
33 86 0.11
86 35 0.27
40 86 0.71
41 86 0.72
42 86 0.71
43 86 0.28
44 86 0.27
86 47 0.38
86 53 0.17
60 86 0.67
86 63 0.53
86 75 0.22
77 86 0.25
79 86 0.48
81 86 0.73
86 83 0.15
84 86 0.68
85 86 0.38
158 86 5.0E-4
5 87 0.13
6 87 0.21
11 87 0.22
18 87 0.31
87 34 0.71
39 87 0.2
43 87 0.15
79 87 0.13
158 87 0.0
14 88 0.32
19 88 0.3
39 88 0.29
43 88 0.11
44 88 0.14
71 88 0.58
72 88 0.45
77 88 0.33
79 88 0.18
88 82 1.0
158 88 1.0E-4
4 89 0.22
5 89 0.07
6 89 0.12
89 9 0.14
12 89 0.12
14 89 0.13
19 89 0.25
89 24 0.29
89 25 0.24
89 35 0.29
39 89 0.12
41 89 0.13
42 89 0.33
43 89 0.26
44 89 0.29
48 89 0.13
89 51 0.41
52 89 0.15
89 53 0.18
56 89 0.15
57 89 0.17
60 89 0.14
89 62 0.29
89 74 0.41
77 89 0.27
78 89 0.2
79 89 0.29
81 89 0.23
89 83 0.5
84 89 0.12
86 89 0.15
158 89 3.0E-4
3 90 0.38
9 90 0.33
12 90 0.3
33 90 0.29
43 90 0.11
56 90 0.38
70 90 0.5
78 90 0.5
158 90 0.0
3 91 0.22
5 91 0.2
6 91 0.17
91 9 0.19
11 91 0.37
14 91 0.18
18 91 0.25
19 91 0.17
91 22 0.58
91 23 0.41
91 28 0.58
39 91 0.17
43 91 0.18
44 91 0.08
50 91 0.16
52 91 0.22
56 91 0.22
77 91 0.19
79 91 0.21
81 91 0.16
87 91 0.41
158 91 0.0
5 92 0.1
6 92 0.17
14 92 0.18
16 92 0.24
18 92 0.13
92 25 0.33
92 26 0.58
33 92 0.17
92 37 0.58
92 38 0.58
39 92 0.33
43 92 0.18
44 92 0.16
92 45 0.58
46 92 0.17
50 92 0.16
92 51 0.58
92 54 0.58
57 92 0.24
92 74 0.58
79 92 0.21
92 84 0.17
92 89 0.24
158 92 2.0E-4
6 93 0.3
18 93 0.22
33 93 0.29
43 93 0.11
44 93 0.14
46 93 0.29
158 93 0.0
5 94 0.18
12 94 0.3
14 94 0.32
39 94 0.29
43 94 0.11
50 94 0.28
66 94 0.71
158 94 0.0
5 95 0.13
19 95 0.21
95 31 0.5
95 39 0.2
43 95 0.15
44 95 0.1
95 69 1.0
95 77 0.24
158 95 0.0
14 96 0.32
19 96 0.3
31 96 0.71
39 96 0.29
43 96 0.11
44 96 0.14
48 96 0.32
50 96 0.28
71 96 0.58
79 96 0.18
84 96 0.3
158 96 1.0E-4
97 1 0.29
4 97 0.15
10 97 0.44
11 97 0.18
14 97 0.18
18 97 0.13
21 97 0.24
33 97 0.17
40 97 0.22
41 97 0.18
42 97 0.15
43 97 0.18
44 97 0.16
49 97 0.24
60 97 0.2
97 70 0.29
79 97 0.1
81 97 0.16
84 97 0.17
85 97 0.29
158 97 0.0
5 98 0.1
98 6 0.35
12 98 0.17
18 98 0.13
98 33 0.17
43 98 0.18
44 98 0.16
98 46 0.5
48 98 0.18
98 61 0.41
80 98 0.24
158 98 0.0
1 99 0.35
5 99 0.13
10 99 0.27
14 99 0.22
18 99 0.15
33 99 0.2
43 99 0.15
44 99 0.2
49 99 0.29
57 99 0.29
99 64 0.5
67 99 0.27
70 99 0.35
97 99 0.41
158 99 0.0
100 2 0.24
100 4 0.52
5 100 0.26
100 6 0.15
100 7 0.34
8 100 0.17
100 12 0.07
14 100 0.23
100 15 0.24
100 16 0.2
100 17 0.34
100 18 0.05
19 100 0.15
100 20 0.24
100 21 0.5
100 23 0.17
100 24 0.17
100 25 0.28
100 29 0.24
100 30 0.24
31 100 0.17
100 32 0.17
100 33 0.14
39 100 0.35
100 40 0.55
100 41 0.54
100 42 0.45
43 100 0.44
44 100 0.48
100 45 0.24
100 46 0.07
100 47 0.24
48 100 0.15
100 49 0.4
50 100 0.2
100 51 0.24
52 100 0.18
100 53 0.33
100 55 0.24
57 100 0.4
100 58 0.17
100 59 0.17
100 60 0.43
100 63 0.17
100 64 0.34
100 65 0.24
100 67 0.37
100 68 0.28
100 71 0.28
100 73 0.24
100 74 0.24
100 75 0.28
100 76 0.24
77 100 0.24
100 78 0.12
79 100 0.57
81 100 0.47
100 83 0.1
100 84 0.66
100 85 0.49
100 86 0.37
100 89 0.2
100 92 0.28
100 96 0.24
100 97 0.14
100 99 0.17
158 100 0.0011
5 101 0.18
19 101 0.3
42 101 0.27
43 101 0.11
44 101 0.14
77 101 0.33
79 101 0.18
81 101 0.28
83 101 0.41
84 101 0.3
86 101 0.38
89 101 0.41
158 101 0.0
5 102 0.18
102 13 0.29
14 102 0.16
19 102 0.15
102 25 0.29
102 33 0.14
39 102 0.14
43 102 0.21
44 102 0.14
48 102 0.16
50 102 0.14
72 102 0.22
77 102 0.17
79 102 0.09
80 102 0.2
102 81 0.14
158 102 0.0
4 103 0.55
5 103 0.14
7 103 0.29
16 103 0.17
19 103 0.12
21 103 0.17
103 24 0.58
25 103 0.24
103 32 0.58
33 103 0.12
39 103 0.24
40 103 0.15
41 103 0.26
42 103 0.55
43 103 0.26
44 103 0.35
103 47 0.41
48 103 0.13
52 103 0.15
103 53 0.73
57 103 0.17
103 75 0.47
103 76 0.41
77 103 0.41
79 103 0.44
81 103 0.23
103 83 0.67
84 103 0.37
86 103 0.31
89 103 0.33
100 103 0.3
103 101 0.41
158 103 4.0E-4
5 104 0.09
6 104 0.6
104 10 0.19
11 104 0.16
18 104 0.33
104 27 0.5
33 104 0.29
39 104 0.14
43 104 0.21
44 104 0.21
46 104 0.43
104 56 0.19
87 104 0.35
104 91 0.29
104 93 0.5
158 104 1.0E-4
6 105 0.13
105 10 0.17
11 105 0.14
105 16 0.37
105 33 0.39
43 105 0.24
44 105 0.25
46 105 0.52
105 97 0.26
98 105 0.52
158 105 0.0
3 106 0.38
106 9 0.5
106 10 0.19
11 106 0.47
12 106 0.15
18 106 0.11
33 106 0.14
39 106 0.14
43 106 0.21
50 106 0.14
56 106 0.38
61 106 0.35
106 70 0.25
78 106 0.25
79 106 0.09
106 90 0.5
91 106 0.29
158 106 0.0
3 107 0.15
5 107 0.14
107 7 0.29
8 107 0.29
14 107 0.52
107 18 0.09
19 107 0.62
107 20 0.41
107 22 0.41
107 23 0.58
107 26 0.41
107 28 0.41
107 31 0.58
107 37 0.41
107 38 0.41
107 39 0.35
43 107 0.26
44 107 0.29
48 107 0.13
50 107 0.11
52 107 0.31
107 54 0.41
107 56 0.15
107 65 0.41
107 69 0.29
107 71 0.47
107 73 0.41
107 77 0.54
79 107 0.29
107 81 0.34
107 84 0.12
107 91 0.24
107 92 0.24
107 95 0.29
107 96 0.41
107 100 0.2
107 102 0.2
107 158 4.0E-4
108 7 0.71
8 108 0.71
14 108 0.32
19 108 0.3
108 20 1.0
108 23 0.71
43 108 0.11
44 108 0.14
52 108 0.38
108 65 1.0
108 71 0.58
108 73 1.0
77 108 0.33
81 108 0.28
100 108 0.24
107 108 0.41
158 108 1.0E-4
5 109 0.13
14 109 0.22
19 109 0.43
109 31 0.5
109 39 0.41
43 109 0.15
44 109 0.1
109 69 0.5
109 71 0.41
72 109 0.32
109 77 0.47
79 109 0.13
109 82 0.71
109 88 0.71
109 95 0.5
109 107 0.29
109 158 1.0E-4
5 110 0.13
14 110 0.22
19 110 0.43
110 31 0.5
110 39 0.41
43 110 0.15
44 110 0.1
110 69 0.5
110 71 0.41
72 110 0.32
110 77 0.47
79 110 0.13
110 82 0.71
110 88 0.71
110 95 0.5
110 107 0.29
110 109 1.0
110 158 1.0E-4
111 26 1.0
111 37 1.0
111 38 1.0
43 111 0.11
44 111 0.14
111 54 1.0
79 111 0.18
111 92 0.58
107 111 0.41
158 111 1.0E-4
5 112 0.1
14 112 0.37
19 112 0.52
112 31 0.82
112 39 0.5
43 112 0.18
44 112 0.16
48 112 0.18
50 112 0.16
112 69 0.41
112 71 0.33
112 77 0.38
79 112 0.21
112 81 0.16
112 84 0.17
112 95 0.41
112 96 0.58
112 100 0.14
112 102 0.29
112 107 0.71
112 109 0.41
112 110 0.41
112 158 2.0E-4
5 113 0.09
14 113 0.47
19 113 0.6
113 31 0.71
113 39 0.58
43 113 0.21
44 113 0.21
48 113 0.16
50 113 0.14
113 69 0.35
113 71 0.58
72 113 0.22
113 77 0.5
79 113 0.27
113 81 0.14
113 82 0.5
113 84 0.15
113 88 0.5
113 95 0.35
113 96 0.5
113 100 0.12
113 102 0.25
113 107 0.61
113 109 0.71
113 110 0.71
113 112 0.87
113 158 2.0E-4
114 4 0.24
5 114 0.08
114 7 0.32
19 114 0.13
114 26 0.45
114 31 0.32
114 32 0.32
114 37 0.45
114 38 0.45
114 39 0.39
114 42 0.12
43 114 0.24
44 114 0.19
114 53 0.4
114 54 0.45
114 69 0.32
114 75 0.26
114 77 0.3
79 114 0.24
114 83 0.18
114 92 0.26
114 95 0.32
114 100 0.11
114 103 0.18
114 107 0.37
114 109 0.32
114 110 0.32
114 111 0.45
114 112 0.26
114 113 0.22
114 158 2.0E-4
3 115 0.38
5 115 0.18
14 115 0.32
18 115 0.22
19 115 0.3
115 22 1.0
115 23 0.71
115 28 1.0
43 115 0.11
44 115 0.14
52 115 0.38
56 115 0.38
77 115 0.33
79 115 0.18
81 115 0.28
115 91 0.58
107 115 0.41
158 115 1.0E-4
3 116 0.13
116 4 0.09
5 116 0.29
116 7 0.24
8 116 0.24
116 10 0.13
11 116 0.11
14 116 0.42
116 17 0.24
116 18 0.15
19 116 0.4
116 20 0.33
116 21 0.14
116 22 0.33
116 23 0.47
116 28 0.33
116 31 0.47
116 39 0.29
116 40 0.13
116 41 0.11
116 42 0.09
43 116 0.32
44 116 0.28
48 116 0.11
116 49 0.14
50 116 0.18
52 116 0.25
116 56 0.25
57 116 0.27
116 60 0.12
116 61 0.24
116 63 0.24
116 64 0.24
116 65 0.33
116 67 0.25
116 68 0.25
116 69 0.24
116 71 0.38
116 73 0.33
116 77 0.33
79 116 0.3
80 116 0.14
116 81 0.28
116 84 0.2
116 86 0.13
116 91 0.19
116 95 0.24
116 96 0.33
116 99 0.24
116 100 0.32
116 106 0.17
116 107 0.54
116 108 0.33
116 109 0.24
116 110 0.24
116 112 0.38
116 113 0.33
116 114 0.15
116 115 0.33
116 158 4.0E-4
3 117 0.38
5 117 0.18
14 117 0.32
18 117 0.22
19 117 0.3
117 22 1.0
117 23 0.71
117 28 1.0
43 117 0.11
44 117 0.14
52 117 0.38
56 117 0.38
77 117 0.33
79 117 0.18
81 117 0.28
117 91 0.58
107 117 0.41
117 115 1.0
116 117 0.33
158 117 1.0E-4
5 118 0.25
6 118 0.43
16 118 0.29
18 118 0.31
33 118 0.2
39 118 0.2
43 118 0.15
44 118 0.1
118 45 0.71
46 118 0.2
50 118 0.2
118 56 0.27
79 118 0.13
118 84 0.21
118 92 0.41
100 118 0.17
158 118 1.0E-4
119 4 0.32
5 119 0.16
119 7 0.21
119 13 0.35
14 119 0.19
19 119 0.27
119 24 0.43
119 26 0.3
119 31 0.43
119 32 0.21
119 33 0.09
119 37 0.3
119 38 0.3
119 39 0.52
119 41 0.1
119 42 0.24
43 119 0.35
44 119 0.3
48 119 0.38
50 119 0.08
52 119 0.11
119 53 0.54
119 54 0.3
57 119 0.12
119 69 0.21
119 71 0.35
72 119 0.13
119 75 0.35
119 76 0.3
119 77 0.3
79 119 0.38
80 119 0.12
119 82 0.3
119 83 0.37
119 84 0.18
119 88 0.3
119 89 0.12
119 92 0.17
119 95 0.21
119 96 0.3
119 100 0.22
119 102 0.15
119 103 0.37
119 107 0.37
119 109 0.43
119 110 0.43
119 111 0.3
119 112 0.35
119 113 0.45
119 114 0.67
119 116 0.2
119 158 4.0E-4
18 120 0.22
43 120 0.11
44 120 0.14
158 120 0.0
121 2 0.2
121 4 0.73
5 121 0.17
6 121 0.35
121 7 0.14
121 10 0.07
12 121 0.06
121 13 0.11
14 121 0.06
121 16 0.4
18 121 0.17
19 121 0.24
121 21 0.48
121 24 0.28
121 25 0.11
121 27 0.2
121 32 0.28
121 33 0.45
121 35 0.28
39 121 0.17
121 40 0.52
121 41 0.62
121 42 0.73
43 121 0.54
44 121 0.67
121 45 0.2
46 121 0.62
121 47 0.2
48 121 0.06
121 49 0.16
50 121 0.05
52 121 0.07
121 53 0.44
121 56 0.07
57 121 0.08
121 60 0.55
121 63 0.28
121 75 0.34
121 76 0.2
77 121 0.26
121 78 0.1
79 121 0.56
81 121 0.54
121 83 0.48
121 84 0.59
121 85 0.39
121 86 0.52
121 89 0.24
121 92 0.11
121 93 0.2
121 97 0.11
98 121 0.23
100 121 0.43
121 101 0.2
121 103 0.48
121 104 0.29
121 105 0.35
114 121 0.18
116 121 0.07
121 118 0.14
119 121 0.24
158 121 0.0011
122 2 0.38
122 4 0.71
5 122 0.07
14 122 0.12
16 122 0.15
122 21 0.93
122 25 0.22
33 122 0.11
122 40 1.0
122 41 0.84
122 42 0.71
43 122 0.28
44 122 0.27
122 47 0.38
122 49 0.31
122 53 0.17
122 60 0.8
122 63 0.53
122 75 0.22
77 122 0.13
79 122 0.48
81 122 0.73
122 84 0.8
122 85 0.76
122 86 0.71
122 97 0.22
100 122 0.55
122 103 0.15
116 122 0.13
121 122 0.52
158 122 5.0E-4
3 123 0.08
123 4 0.12
5 123 0.35
123 6 0.66
123 9 0.07
123 10 0.08
11 123 0.07
12 123 0.2
123 13 0.13
14 123 0.07
123 16 0.53
123 17 0.15
18 123 0.48
19 123 0.07
123 21 0.18
123 25 0.13
123 27 0.22
123 29 0.22
123 30 0.22
123 33 0.57
123 34 0.22
39 123 0.13
123 40 0.16
123 41 0.14
123 42 0.12
43 123 0.49
44 123 0.46
123 45 0.22
123 46 0.76
123 47 0.22
48 123 0.07
123 49 0.09
50 123 0.06
123 53 0.1
123 55 0.22
123 56 0.25
123 58 0.15
123 60 0.08
123 61 0.15
123 63 0.15
123 64 0.15
67 123 0.08
68 123 0.08
123 70 0.11
123 75 0.13
77 123 0.07
123 78 0.22
79 123 0.16
80 123 0.18
81 123 0.12
123 84 0.2
123 86 0.16
123 87 0.31
123 90 0.22
123 91 0.13
123 92 0.13
123 93 0.22
123 98 0.38
100 123 0.16
123 103 0.09
123 104 0.44
123 105 0.39
123 106 0.11
116 123 0.07
123 118 0.31
123 121 0.56
123 122 0.16
158 123 6.0E-4
124 1 0.5
5 124 0.09
124 10 0.19
11 124 0.16
14 124 0.16
19 124 0.3
124 31 0.71
124 39 0.29
43 124 0.21
44 124 0.14
48 124 0.16
50 124 0.14
124 69 0.35
124 71 0.29
124 77 0.17
79 124 0.09
124 84 0.15
124 95 0.35
124 96 0.5
124 100 0.12
124 107 0.41
124 109 0.35
124 110 0.35
124 112 0.58
124 113 0.5
124 114 0.22
124 116 0.33
124 119 0.3
124 158 1.0E-4
125 26 1.0
125 37 1.0
125 38 1.0
43 125 0.11
44 125 0.14
125 54 1.0
79 125 0.18
125 92 0.58
107 125 0.41
125 111 1.0
114 125 0.45
119 125 0.3
158 125 1.0E-4
126 26 1.0
126 37 1.0
126 38 1.0
43 126 0.11
44 126 0.14
126 54 1.0
79 126 0.18
126 92 0.58
107 126 0.41
126 111 1.0
114 126 0.45
119 126 0.3
126 125 1.0
158 126 1.0E-4
3 127 0.27
5 127 0.13
12 127 0.43
127 13 0.41
18 127 0.15
19 127 0.21
43 127 0.15
44 127 0.1
46 127 0.2
121 127 0.14
123 127 0.15
158 127 1.0E-4
12 128 0.3
43 128 0.11
44 128 0.14
158 128 0.0
129 4 0.27
5 129 0.09
129 7 0.35
19 129 0.15
129 24 0.35
129 31 0.35
129 32 0.35
129 39 0.58
129 41 0.16
129 42 0.13
43 129 0.21
44 129 0.14
48 129 0.16
52 129 0.19
129 53 0.45
57 129 0.2
129 69 0.35
129 75 0.29
129 76 0.5
129 77 0.33
79 129 0.18
129 83 0.2
129 84 0.15
129 95 0.35
129 100 0.24
129 103 0.41
129 107 0.2
129 109 0.35
129 110 0.35
129 112 0.29
129 113 0.25
129 114 0.67
129 116 0.17
129 119 0.6
129 121 0.2
129 124 0.25
129 158 2.0E-4
130 3 0.13
130 4 0.19
130 5 0.19
130 8 0.25
130 9 0.24
130 11 0.11
130 14 0.22
130 16 0.14
130 18 0.08
130 19 0.21
130 21 0.29
130 25 0.2
130 33 0.1
130 34 0.35
130 40 0.27
130 41 0.22
130 42 0.28
130 43 0.3
130 44 0.3
130 47 0.35
130 48 0.22
130 50 0.1
130 52 0.27
130 53 0.16
130 56 0.13
130 57 0.14
130 60 0.13
130 63 0.25
130 66 0.25
130 69 0.25
130 72 0.16
130 75 0.2
130 77 0.24
130 79 0.38
130 80 0.14
130 81 0.29
130 83 0.14
130 84 0.32
130 86 0.4
130 87 0.25
130 89 0.14
130 95 0.25
130 100 0.09
130 101 0.35
130 103 0.29
130 116 0.12
130 121 0.21
130 122 0.27
130 123 0.23
130 158 2.0E-4
4 131 0.27
131 24 0.71
42 131 0.27
43 131 0.11
44 131 0.14
53 131 0.45
79 131 0.18
83 131 0.41
89 131 0.41
103 131 0.41
119 131 0.3
121 131 0.2
158 131 1.0E-4
132 2 0.32
132 4 0.76
5 132 0.06
14 132 0.1
19 132 0.29
132 21 0.65
132 24 0.22
132 35 0.45
39 132 0.09
132 40 0.72
132 41 0.9
132 42 0.85
43 132 0.34
44 132 0.36
48 132 0.1
132 49 0.26
52 132 0.12
132 53 0.14
57 132 0.13
132 60 0.89
132 63 0.45
132 75 0.18
132 76 0.32
77 132 0.21
79 132 0.57
81 132 0.79
132 83 0.39
132 84 0.76
132 85 0.63
132 86 0.72
132 89 0.26
132 97 0.18
100 132 0.46
132 101 0.32
132 103 0.26
116 132 0.11
119 132 0.1
121 132 0.62
132 122 0.72
123 132 0.07
129 132 0.16
130 132 0.22
158 132 7.0E-4
133 2 0.45
133 4 0.6
14 133 0.14
133 21 0.73
133 40 0.85
133 41 0.71
133 42 0.6
43 133 0.24
44 133 0.19
133 49 0.18
133 60 0.79
133 63 0.63
79 133 0.4
81 133 0.62
133 84 0.67
133 85 0.67
133 86 0.68
100 133 0.43
116 133 0.15
121 133 0.44
133 122 0.85
123 133 0.1
130 133 0.16
133 132 0.71
158 133 3.0E-4
4 134 0.27
19 134 0.3
134 35 0.71
41 134 0.32
42 134 0.27
43 134 0.11
44 134 0.14
60 134 0.35
77 134 0.33
79 134 0.18
81 134 0.28
134 83 0.41
89 134 0.41
121 134 0.2
132 134 0.32
158 134 1.0E-4
4 135 0.38
19 135 0.43
135 35 1.0
41 135 0.45
42 135 0.38
43 135 0.15
44 135 0.2
60 135 0.5
77 135 0.24
79 135 0.25
81 135 0.39
135 83 0.29
86 135 0.27
89 135 0.29
121 135 0.28
132 135 0.45
135 134 0.71
158 135 1.0E-4
4 136 0.38
5 136 0.13
16 136 0.29
21 136 0.29
136 24 0.5
25 136 0.41
33 136 0.2
40 136 0.27
41 136 0.22
42 136 0.38
43 136 0.15
44 136 0.2
136 47 0.71
53 136 0.63
75 136 0.41
77 136 0.24
79 136 0.25
81 136 0.2
83 136 0.29
84 136 0.21
86 136 0.27
89 136 0.29
100 136 0.17
103 136 0.58
119 136 0.21
121 136 0.28
122 136 0.27
123 136 0.15
130 136 0.25
136 131 0.71
158 136 1.0E-4
137 2 0.5
4 137 0.4
5 137 0.09
6 137 0.15
14 137 0.16
16 137 0.2
18 137 0.11
21 137 0.61
33 137 0.14
39 137 0.14
40 137 0.57
41 137 0.47
42 137 0.4
43 137 0.21
44 137 0.21
137 45 0.5
46 137 0.14
50 137 0.14
60 137 0.53
137 63 0.35
79 137 0.36
81 137 0.42
84 137 0.6
85 137 0.25
137 86 0.57
92 137 0.29
100 137 0.36
116 137 0.17
118 137 0.35
121 137 0.39
122 137 0.57
123 137 0.22
130 137 0.18
132 137 0.47
133 137 0.67
158 137 3.0E-4
14 138 0.32
19 138 0.3
31 138 0.71
39 138 0.29
43 138 0.11
44 138 0.14
48 138 0.32
50 138 0.28
71 138 0.58
79 138 0.18
84 138 0.3
138 96 1.0
100 138 0.24
107 138 0.41
112 138 0.58
113 138 0.5
116 138 0.33
119 138 0.3
124 138 0.5
158 138 1.0E-4
3 139 0.27
9 139 0.47
11 139 0.22
12 139 0.21
33 139 0.2
43 139 0.15
50 139 0.2
56 139 0.27
139 70 0.35
78 139 0.35
79 139 0.13
139 90 0.71
91 139 0.41
106 139 0.71
123 139 0.15
158 139 0.0
3 140 0.27
9 140 0.47
12 140 0.21
33 140 0.2
43 140 0.15
56 140 0.27
140 66 0.5
140 70 0.35
78 140 0.35
140 90 0.71
106 140 0.35
123 140 0.15
130 140 0.25
139 140 0.5
158 140 0.0
5 141 0.18
43 141 0.11
44 141 0.14
49 141 0.41
57 141 0.41
141 64 0.71
67 141 0.38
99 141 0.71
100 141 0.24
116 141 0.33
158 141 0.0
6 142 0.3
10 142 0.38
142 27 1.0
43 142 0.11
44 142 0.14
46 142 0.29
56 142 0.38
104 142 0.5
121 142 0.2
123 142 0.22
158 142 0.0
5 143 0.2
143 7 0.41
8 143 0.41
143 13 0.67
14 143 0.18
19 143 0.17
143 20 0.58
143 23 0.41
33 143 0.17
43 143 0.18
44 143 0.08
48 143 0.37
52 143 0.22
143 65 0.58
143 71 0.33
143 73 0.58
77 143 0.19
80 143 0.24
81 143 0.16
100 143 0.14
102 143 0.29
107 143 0.24
143 108 0.58
116 143 0.19
119 143 0.35
158 143 0.0
4 144 0.51
144 9 0.13
18 144 0.16
19 144 0.23
21 144 0.31
144 24 0.27
144 35 0.53
39 144 0.11
40 144 0.29
41 144 0.6
42 144 0.51
43 144 0.28
44 144 0.27
48 144 0.12
49 144 0.15
52 144 0.14
53 144 0.17
57 144 0.15
60 144 0.53
144 75 0.22
144 76 0.38
77 144 0.13
79 144 0.34
81 144 0.42
144 83 0.31
84 144 0.34
85 144 0.38
86 144 0.29
89 144 0.15
144 97 0.22
100 144 0.28
103 144 0.15
119 144 0.11
121 144 0.37
122 144 0.29
129 144 0.19
132 144 0.6
133 144 0.17
144 134 0.38
144 135 0.53
137 144 0.19
158 144 3.0E-4
145 3 0.24
145 5 0.28
145 7 0.22
145 8 0.45
145 9 0.11
145 11 0.1
145 14 0.3
145 15 0.32
145 18 0.07
145 19 0.29
145 20 0.32
145 22 0.32
145 23 0.45
145 28 0.32
145 39 0.09
145 43 0.34
145 44 0.36
145 48 0.2
145 49 0.26
145 50 0.26
145 52 0.48
145 56 0.24
145 57 0.39
145 59 0.45
145 64 0.22
145 65 0.32
145 67 0.36
145 68 0.24
145 69 0.22
145 71 0.18
145 72 0.14
145 73 0.32
145 77 0.21
145 79 0.23
145 80 0.13
145 81 0.18
145 91 0.18
145 95 0.22
145 99 0.22
145 100 0.23
145 107 0.26
145 108 0.32
145 114 0.14
145 115 0.32
145 116 0.32
145 117 0.32
145 119 0.1
145 129 0.16
145 130 0.34
145 141 0.32
145 143 0.18
145 158 1.0E-4
3 146 0.38
12 146 0.3
43 146 0.11
127 146 0.71
158 146 1.0E-4
4 147 0.46
19 147 0.35
147 24 0.41
147 35 0.82
39 147 0.17
41 147 0.55
42 147 0.46
43 147 0.18
44 147 0.24
48 147 0.18
52 147 0.22
53 147 0.26
57 147 0.24
60 147 0.41
147 75 0.33
147 76 0.58
77 147 0.19
79 147 0.31
81 147 0.32
147 83 0.47
84 147 0.17
86 147 0.22
89 147 0.24
100 147 0.14
103 147 0.24
119 147 0.17
121 147 0.34
129 147 0.29
132 147 0.55
147 134 0.58
147 135 0.82
147 144 0.65
158 147 2.0E-4
148 2 0.38
4 148 0.71
7 148 0.27
19 148 0.23
21 148 0.15
148 24 0.53
148 32 0.53
148 35 0.53
39 148 0.22
40 148 0.14
41 148 0.48
42 148 0.61
43 148 0.28
44 148 0.37
48 148 0.12
52 148 0.14
148 53 0.51
57 148 0.15
60 148 0.4
148 75 0.22
148 76 0.38
77 148 0.25
79 148 0.48
81 148 0.31
148 83 0.62
84 148 0.23
148 86 0.29
148 89 0.31
100 148 0.28
148 103 0.62
114 148 0.17
119 148 0.34
121 148 0.52
122 148 0.14
129 148 0.38
148 131 0.38
132 148 0.48
133 148 0.17
148 134 0.38
148 135 0.53
148 136 0.27
148 137 0.19
148 144 0.43
148 147 0.65
158 148 5.0E-4
5 149 0.18
149 17 0.71
43 149 0.11
44 149 0.14
50 149 0.28
57 149 0.41
67 149 0.38
68 149 0.38
79 149 0.18
100 149 0.24
116 149 0.33
158 149 0.0
150 2 0.33
3 150 0.13
150 4 0.45
5 150 0.06
150 7 0.24
8 150 0.24
14 150 0.32
18 150 0.07
19 150 0.2
150 20 0.33
150 21 0.54
150 22 0.33
150 23 0.47
150 26 0.33
150 28 0.33
150 37 0.33
150 38 0.33
39 150 0.1
150 40 0.63
150 41 0.53
150 42 0.45
43 150 0.32
44 150 0.28
150 49 0.14
52 150 0.25
150 54 0.33
56 150 0.13
150 60 0.59
150 63 0.47
150 65 0.33
150 71 0.19
150 73 0.33
77 150 0.22
79 150 0.42
81 150 0.65
150 84 0.5
150 85 0.5
150 86 0.5
150 91 0.19
150 92 0.19
150 97 0.19
100 150 0.4
107 150 0.41
150 108 0.33
150 111 0.33
114 150 0.3
150 115 0.33
116 150 0.33
150 117 0.33
119 150 0.2
121 150 0.33
150 122 0.63
123 150 0.07
150 125 0.33
150 126 0.33
129 150 0.17
130 150 0.12
150 132 0.53
150 133 0.6
150 137 0.5
150 143 0.19
150 144 0.25
145 150 0.32
150 148 0.13
158 150 5.0E-4
3 151 0.38
12 151 0.3
43 151 0.11
127 151 0.71
151 146 1.0
158 151 1.0E-4
5 152 0.1
11 152 0.37
152 12 0.35
152 18 0.38
43 152 0.18
44 152 0.08
48 152 0.37
152 120 0.58
158 152 0.0
3 153 0.14
5 153 0.13
153 7 0.27
8 153 0.27
153 9 0.13
14 153 0.48
153 18 0.08
19 153 0.57
153 20 0.38
153 22 0.38
153 23 0.53
153 28 0.38
153 31 0.53
153 39 0.33
43 153 0.28
44 153 0.32
48 153 0.24
50 153 0.1
52 153 0.43
153 56 0.29
153 62 0.27
153 65 0.38
153 69 0.53
153 71 0.65
72 153 0.17
153 73 0.38
153 77 0.5
79 153 0.2
153 81 0.21
153 82 0.38
153 84 0.11
153 88 0.38
153 89 0.15
153 91 0.22
153 95 0.53
153 96 0.38
153 100 0.18
153 107 0.62
153 108 0.38
153 109 0.53
153 110 0.53
153 112 0.44
153 113 0.57
153 114 0.17
153 115 0.38
153 116 0.5
153 117 0.38
153 119 0.34
153 124 0.38
153 129 0.19
130 153 0.13
153 138 0.38
153 143 0.22
145 153 0.36
153 150 0.25
153 158 3.0E-4
6 154 0.35
16 154 0.47
18 154 0.25
33 154 0.33
43 154 0.18
44 154 0.24
46 154 0.33
154 104 0.29
105 154 0.26
121 154 0.23
123 154 0.38
158 154 0.0
155 26 1.0
155 37 1.0
155 38 1.0
43 155 0.11
44 155 0.14
155 54 1.0
79 155 0.18
155 92 0.58
107 155 0.41
155 111 1.0
114 155 0.45
119 155 0.3
155 125 1.0
155 126 1.0
155 150 0.33
158 155 1.0E-4
5 156 0.13
6 156 0.21
11 156 0.22
18 156 0.31
39 156 0.2
43 156 0.15
44 156 0.1
87 156 0.5
156 91 0.41
104 156 0.35
156 120 0.71
123 156 0.15
152 156 0.41
158 156 0.0
4 157 0.38
19 157 0.21
32 157 0.5
157 35 0.5
41 157 0.22
42 157 0.38
43 157 0.15
44 157 0.2
60 157 0.25
77 157 0.24
79 157 0.25
81 157 0.2
157 83 0.58
89 157 0.29
103 157 0.29
121 157 0.28
132 157 0.22
157 134 0.71
157 135 0.5
157 144 0.27
157 147 0.41
148 157 0.53
158 157 1.0E-4
