*Vertices  87
1 "LED显示屏"
2 "显示器"
3 "衬底"
4 "LED灯"
5 "容器"
6 "光膜"
7 "控制器"
8 "处理器"
9 "单片机"
10 "开关"
11 "发光荧光材料"
12 "柔性高分子材料"
13 "GAN"
14 "塑料光转换荧光粒料"
15 "助剂"
16 "保护层"
17 "聚合物树脂"
18 "硼酸"
19 "变压器"
20 "EP"
21 "LED外延片"
22 "外延片"
23 "外延"
24 "LED"
25 "二极管"
26 "玻璃"
27 "LED光源"
28 "日光灯平面光源"
29 "塑料"
30 "转换器"
31 "铝基板"
32 "缓冲层"
33 "内量子效率"
34 "稀释剂"
35 "电动机"
36 "发电机"
37 "荧光体"
38 "发光体"
39 "硅橡胶"
40 "透明胶"
41 "SiO2"
42 "半导体"
43 "电路板"
44 "Al2O3"
45 "NH4H2PO4"
46 "MQW"
47 "ITO"
48 "硅氧磷灰石"
49 "键合"
50 "客户"
51 "焊盘"
52 "圆盘"
53 "金属银纳米粒子"
54 "太阳能"
55 "风能"
56 "蓄电池"
57 "LED照明设备"
58 "蓄电设备"
59 "LED芯片"
60 "芯片"
61 "涂层"
62 "酸盐"
63 "硅油"
64 "SrCO3"
65 "Eu2O3"
66 "硝酸"
67 "Eu2"
68 "硬脂酰胺"
69 "Li"
70 "液体石蜡"
71 "离子"
72 "电极"
73 "接触层"
74 "电阻"
75 "基色"
76 "激光"
77 "MOCVD"
78 "标准芯片工艺制作"
79 "空穴"
80 "玻璃体"
81 "洗墙灯"
82 "射灯"
83 "臭氧"
84 "透镜"
85 "甲基"
86 "激发光"
87 "荧光粉"
*Arcs
87 1 2.0E-4
2 1 0.19
87 2 4.0E-4
87 3 1.0E-4
4 2 0.13
4 3 0.05
87 4 3.0E-4
5 3 0.19
87 5 4.0E-4
6 2 0.27
6 4 0.13
6 5 0.5
87 6 0.0012
7 1 0.57
2 7 0.14
87 7 1.0E-4
8 1 0.32
8 2 0.36
8 4 0.17
8 6 0.22
8 7 0.48
87 8 1.0E-4
9 1 0.15
2 9 0.46
4 9 0.21
9 7 0.11
8 9 0.29
87 9 1.0E-4
10 1 0.11
2 10 0.08
4 10 0.39
10 7 0.25
8 10 0.28
10 9 0.26
87 10 2.0E-4
11 2 0.23
11 3 0.16
11 4 0.27
11 5 0.21
11 6 0.43
11 8 0.1
11 9 0.09
11 10 0.13
11 87 0.0021
12 5 0.71
6 12 0.71
11 12 0.3
87 12 7.0E-4
13 3 0.65
4 13 0.07
87 13 1.0E-4
2 14 0.38
4 14 0.18
10 14 0.22
11 14 0.3
87 14 6.0E-4
2 15 0.27
4 15 0.13
15 5 0.5
6 15 0.5
10 15 0.15
11 15 0.43
15 12 0.71
15 14 0.71
87 15 0.0013
3 16 0.15
4 16 0.2
13 16 0.24
87 16 2.0E-4
2 17 0.38
4 17 0.18
10 17 0.22
11 17 0.3
17 14 1.0
17 15 0.71
87 17 6.0E-4
4 18 0.13
11 18 0.43
87 18 4.0E-4
19 1 0.14
2 19 0.11
19 3 0.08
4 19 0.2
19 7 0.11
9 19 0.09
10 19 0.25
19 13 0.12
19 16 0.17
87 19 1.0E-4
20 3 0.15
4 20 0.2
20 5 0.2
20 7 0.11
8 20 0.18
20 9 0.09
20 10 0.19
11 20 0.35
20 16 0.17
20 18 0.41
20 19 0.08
87 20 0.0014
21 3 0.71
4 21 0.07
21 13 0.93
21 16 0.22
19 21 0.11
87 21 1.0E-4
22 3 0.85
4 22 0.06
11 22 0.19
22 13 0.77
22 16 0.18
19 22 0.09
20 22 0.09
22 21 0.84
87 22 1.0E-4
23 3 0.93
4 23 0.09
11 23 0.24
23 13 0.65
23 16 0.15
19 23 0.08
20 23 0.08
23 21 0.71
23 22 0.85
87 23 1.0E-4
24 1 0.21
24 2 0.28
24 3 0.4
24 4 0.6
24 5 0.15
24 6 0.15
24 7 0.28
24 8 0.34
24 9 0.35
24 10 0.49
24 11 0.35
24 12 0.11
24 13 0.26
24 14 0.11
24 15 0.15
24 16 0.18
24 17 0.11
24 18 0.15
24 19 0.37
24 20 0.37
24 21 0.28
24 22 0.34
24 23 0.4
24 87 0.0011
25 1 0.14
25 2 0.11
25 3 0.45
25 4 0.3
25 5 0.2
25 6 0.2
25 7 0.16
25 8 0.04
25 9 0.13
25 10 0.31
25 11 0.43
25 12 0.14
25 13 0.29
25 14 0.14
25 15 0.2
25 16 0.08
25 17 0.14
25 18 0.1
25 19 0.37
25 20 0.24
25 21 0.27
25 22 0.36
25 23 0.45
25 24 0.75
25 87 0.0010
26 2 0.12
26 3 0.08
26 4 0.28
26 6 0.22
26 8 0.3
26 9 0.29
26 10 0.21
26 11 0.19
26 18 0.22
26 19 0.09
26 20 0.18
26 22 0.1
26 23 0.08
26 24 0.34
26 25 0.22
26 87 3.0E-4
27 2 0.1
27 4 0.44
27 6 0.2
27 8 0.18
27 9 0.08
27 10 0.06
27 11 0.17
27 18 0.2
27 19 0.08
27 20 0.24
27 24 0.38
27 25 0.27
27 26 0.18
27 87 5.0E-4
28 16 0.58
20 28 0.29
24 28 0.11
87 28 4.0E-4
29 2 0.29
29 3 0.1
29 4 0.13
29 5 0.27
29 6 0.53
29 7 0.14
29 8 0.12
29 10 0.16
29 11 0.34
29 12 0.38
29 14 0.38
29 15 0.53
29 17 0.38
29 20 0.11
29 22 0.12
29 23 0.1
29 24 0.28
29 25 0.37
29 26 0.48
29 27 0.1
29 87 9.0E-4
2 30 0.29
4 30 0.13
30 7 0.29
8 30 0.12
9 30 0.11
10 30 0.25
11 30 0.11
30 14 0.38
30 15 0.27
30 17 0.38
19 30 0.11
20 30 0.11
24 30 0.28
25 30 0.21
26 30 0.24
29 30 0.43
87 30 1.0E-4
31 2 0.15
31 3 0.11
31 4 0.29
31 6 0.29
31 8 0.13
31 11 0.12
31 16 0.24
31 20 0.24
31 22 0.13
31 23 0.11
31 24 0.26
31 25 0.23
31 26 0.26
31 27 0.34
31 28 0.41
31 29 0.31
31 87 4.0E-4
32 3 0.76
11 32 0.21
32 13 0.72
32 21 0.8
32 22 0.89
32 23 0.76
24 32 0.3
25 32 0.3
87 32 1.0E-4
3 33 0.38
13 33 0.29
21 33 0.53
22 33 0.45
23 33 0.38
24 33 0.15
25 33 0.1
32 33 0.5
87 33 2.0E-4
34 5 0.71
6 34 0.71
11 34 0.3
34 12 1.0
34 15 0.71
24 34 0.11
25 34 0.14
29 34 0.38
87 34 7.0E-4
4 35 0.13
9 35 0.21
20 35 0.2
24 35 0.15
27 35 0.2
87 35 2.0E-4
1 36 0.25
2 36 0.19
4 36 0.18
7 36 0.19
9 36 0.15
10 36 0.22
19 36 0.29
24 36 0.21
25 36 0.14
27 36 0.14
30 36 0.19
87 36 2.0E-4
37 5 0.41
6 37 0.41
11 37 0.52
37 12 0.58
37 15 0.41
18 37 0.41
20 37 0.33
24 37 0.18
25 37 0.24
26 37 0.18
27 37 0.16
29 37 0.22
37 34 0.58
87 37 0.0018
38 2 0.17
38 4 0.24
38 6 0.32
38 8 0.14
38 11 0.27
38 20 0.13
38 24 0.24
38 25 0.25
38 26 0.14
38 27 0.37
38 29 0.17
38 31 0.18
38 36 0.22
38 37 0.26
38 87 5.0E-4
39 5 0.71
6 39 0.71
11 39 0.3
39 12 1.0
39 15 0.71
24 39 0.11
25 39 0.14
29 39 0.38
39 34 1.0
39 37 0.58
87 39 7.0E-4
40 16 0.58
20 40 0.29
24 40 0.11
40 28 1.0
31 40 0.41
87 40 4.0E-4
2 41 0.13
41 3 0.27
4 41 0.24
41 5 0.47
6 41 0.24
41 10 0.07
11 41 0.7
41 12 0.33
41 13 0.14
41 14 0.33
41 15 0.47
41 16 0.19
41 17 0.33
41 18 0.24
41 19 0.1
41 20 0.38
41 21 0.13
41 22 0.21
41 23 0.27
24 41 0.32
25 41 0.38
29 41 0.25
41 30 0.13
41 32 0.12
41 34 0.33
41 37 0.38
38 41 0.15
41 39 0.33
87 41 0.0013
42 2 0.14
42 3 0.67
42 4 0.29
42 5 0.13
42 6 0.13
42 8 0.11
42 9 0.05
42 10 0.12
42 11 0.43
42 13 0.44
42 14 0.18
42 15 0.13
42 16 0.1
42 17 0.18
42 18 0.13
42 19 0.1
42 20 0.31
42 21 0.48
42 22 0.57
42 23 0.67
42 24 0.59
42 25 0.64
42 26 0.23
42 27 0.3
42 29 0.27
42 30 0.14
42 31 0.22
42 32 0.51
42 33 0.25
42 37 0.21
42 38 0.16
42 41 0.42
42 87 9.0E-4
43 2 0.15
43 4 0.43
43 6 0.29
43 8 0.13
43 9 0.12
43 10 0.18
43 11 0.12
43 19 0.12
43 24 0.26
43 25 0.06
43 26 0.39
43 27 0.11
43 29 0.15
43 31 0.17
43 38 0.37
43 42 0.15
43 87 1.0E-4
2 44 0.1
44 3 0.67
4 44 0.15
44 5 0.2
6 44 0.2
44 10 0.06
11 44 0.5
44 12 0.28
44 13 0.68
44 14 0.28
44 15 0.39
44 16 0.16
44 17 0.28
44 19 0.08
20 44 0.08
44 21 0.73
44 22 0.79
44 23 0.74
24 44 0.38
25 44 0.43
29 44 0.21
44 30 0.1
44 32 0.78
44 33 0.39
44 34 0.28
44 37 0.16
44 39 0.28
41 44 0.55
42 44 0.6
87 44 9.0E-4
11 45 0.3
20 45 0.29
24 45 0.11
25 45 0.14
37 45 0.58
38 45 0.45
41 45 0.33
42 45 0.18
87 45 5.0E-4
46 3 0.64
4 46 0.16
10 46 0.07
11 46 0.18
46 13 0.74
46 16 0.17
18 46 0.21
19 46 0.17
20 46 0.26
46 21 0.8
46 22 0.76
46 23 0.73
24 46 0.35
25 46 0.38
26 46 0.19
27 46 0.17
29 46 0.11
31 46 0.12
46 32 0.64
46 33 0.43
37 46 0.17
41 46 0.2
42 46 0.6
44 46 0.67
87 46 3.0E-4
3 47 0.61
4 47 0.13
11 47 0.23
13 47 0.62
47 16 0.22
19 47 0.11
21 47 0.71
22 47 0.72
23 47 0.71
24 47 0.28
25 47 0.27
32 47 0.67
47 33 0.53
41 47 0.25
42 47 0.48
44 47 0.73
46 47 0.68
87 47 1.0E-4
11 48 0.3
20 48 0.29
24 48 0.11
25 48 0.14
37 48 0.58
38 48 0.45
41 48 0.33
42 48 0.18
48 45 1.0
87 48 5.0E-4
3 49 0.22
4 49 0.07
9 49 0.12
11 49 0.25
49 16 0.24
20 49 0.12
22 49 0.13
23 49 0.33
24 49 0.26
25 49 0.29
26 49 0.13
49 28 0.41
29 49 0.15
30 49 0.15
31 49 0.17
32 49 0.14
49 40 0.41
41 49 0.27
42 49 0.29
44 49 0.23
46 49 0.12
47 49 0.15
87 49 1.0E-4
2 50 0.22
4 50 0.2
8 50 0.37
10 50 0.25
11 50 0.17
50 14 0.58
50 15 0.41
50 17 0.58
20 50 0.17
24 50 0.18
25 50 0.08
27 50 0.16
29 50 0.22
30 50 0.22
41 50 0.19
42 50 0.21
44 50 0.16
87 50 2.0E-4
4 51 0.1
10 51 0.13
51 16 0.33
19 51 0.17
20 51 0.33
24 51 0.18
25 51 0.16
27 51 0.16
51 28 0.58
31 51 0.24
51 40 0.58
42 51 0.21
51 46 0.17
51 49 0.24
87 51 2.0E-4
4 52 0.18
9 52 0.3
20 52 0.29
24 52 0.11
27 52 0.28
35 52 0.71
87 52 3.0E-4
11 53 0.3
18 53 0.71
20 53 0.29
24 53 0.11
25 53 0.14
26 53 0.32
27 53 0.28
37 53 0.58
42 53 0.18
46 53 0.3
87 53 5.0E-4
54 1 0.29
3 54 0.15
7 54 0.44
8 54 0.18
10 54 0.13
13 54 0.24
19 54 0.17
21 54 0.22
22 54 0.18
23 54 0.15
24 54 0.18
25 54 0.16
32 54 0.2
54 36 0.29
42 54 0.1
44 54 0.16
46 54 0.17
87 54 2.0E-4
1 55 0.5
7 55 0.38
10 55 0.22
19 55 0.29
24 55 0.11
25 55 0.14
36 55 0.5
54 55 0.58
87 55 4.0E-4
56 1 0.22
4 56 0.08
56 7 0.17
8 56 0.14
10 56 0.2
56 19 0.39
24 56 0.24
25 56 0.19
27 56 0.12
56 36 0.45
42 56 0.08
56 50 0.26
56 54 0.26
56 55 0.45
87 56 1.0E-4
1 57 0.35
4 57 0.13
7 57 0.27
10 57 0.15
19 57 0.2
24 57 0.15
25 57 0.2
31 57 0.29
36 57 0.35
54 57 0.41
57 55 0.71
56 57 0.32
87 57 3.0E-4
1 58 0.5
7 58 0.38
10 58 0.22
19 58 0.29
24 58 0.11
25 58 0.14
36 58 0.5
54 58 0.58
58 55 1.0
56 58 0.45
58 57 0.71
87 58 4.0E-4
59 3 0.52
4 59 0.26
59 5 0.34
6 59 0.17
59 9 0.07
59 10 0.05
11 59 0.15
59 12 0.24
59 13 0.5
59 15 0.17
59 16 0.28
18 59 0.17
59 19 0.14
20 59 0.35
59 21 0.55
59 22 0.54
59 23 0.45
24 59 0.44
25 59 0.48
26 59 0.15
27 59 0.2
59 28 0.24
29 59 0.18
31 59 0.4
59 32 0.43
59 33 0.17
59 34 0.24
59 37 0.28
59 39 0.24
59 40 0.24
41 59 0.24
42 59 0.57
44 59 0.47
59 46 0.66
59 47 0.37
59 49 0.2
59 51 0.28
59 53 0.24
59 54 0.14
59 57 0.17
87 59 6.0E-4
60 1 0.07
2 60 0.22
60 3 0.55
4 60 0.36
60 5 0.21
6 60 0.1
60 7 0.11
8 60 0.05
60 9 0.36
60 10 0.29
11 60 0.44
60 12 0.15
60 13 0.36
60 14 0.15
60 15 0.21
60 16 0.17
60 17 0.15
60 18 0.21
60 19 0.21
60 20 0.38
60 21 0.39
60 22 0.47
60 23 0.55
24 60 0.72
25 60 0.71
26 60 0.14
27 60 0.16
60 28 0.15
29 60 0.17
60 30 0.22
31 60 0.24
60 32 0.42
60 33 0.21
60 34 0.15
60 35 0.1
60 36 0.07
60 37 0.26
38 60 0.07
60 39 0.15
60 40 0.15
60 41 0.44
42 60 0.69
43 60 0.06
60 44 0.53
60 45 0.15
60 46 0.49
60 47 0.39
60 48 0.15
60 49 0.3
60 50 0.09
60 51 0.26
60 52 0.15
60 53 0.15
60 54 0.09
60 57 0.1
60 59 0.61
87 60 0.0012
4 61 0.18
11 61 0.15
61 16 0.29
61 19 0.14
20 61 0.14
24 61 0.21
25 61 0.14
26 61 0.16
27 61 0.14
38 61 0.22
41 61 0.17
42 61 0.09
43 61 0.2
61 44 0.14
60 61 0.07
87 61 1.0E-4
2 62 0.15
4 62 0.14
62 5 0.29
6 62 0.29
62 10 0.09
11 62 0.62
62 12 0.41
62 14 0.41
62 15 0.58
62 17 0.41
62 18 0.58
62 20 0.35
24 62 0.26
25 62 0.29
26 62 0.13
27 62 0.11
29 62 0.31
62 30 0.15
62 34 0.41
62 37 0.47
62 39 0.41
62 41 0.54
42 62 0.29
62 44 0.34
62 46 0.12
62 50 0.24
62 51 0.24
62 53 0.41
62 59 0.2
62 60 0.36
62 61 0.2
87 62 0.0018
63 5 0.71
6 63 0.71
11 63 0.3
63 12 1.0
63 15 0.71
24 63 0.11
25 63 0.14
29 63 0.38
63 34 1.0
63 37 0.58
63 39 1.0
41 63 0.33
44 63 0.28
59 63 0.24
60 63 0.15
62 63 0.41
87 63 7.0E-4
4 64 0.13
11 64 0.43
64 18 0.5
64 20 0.41
24 64 0.15
25 64 0.1
64 37 0.41
38 64 0.32
64 41 0.47
42 64 0.13
64 45 0.71
64 48 0.71
64 60 0.21
64 62 0.29
87 64 4.0E-4
4 65 0.13
11 65 0.43
65 18 0.5
65 20 0.41
24 65 0.15
25 65 0.1
65 37 0.41
38 65 0.32
65 41 0.47
42 65 0.13
65 45 0.71
65 48 0.71
65 60 0.21
65 62 0.29
65 64 1.0
87 65 4.0E-4
4 66 0.1
11 66 0.52
66 18 0.82
66 20 0.5
24 66 0.18
25 66 0.16
26 66 0.18
27 66 0.16
66 37 0.33
66 41 0.38
42 66 0.21
66 44 0.16
66 46 0.17
66 53 0.58
66 59 0.14
66 60 0.26
66 61 0.29
66 62 0.71
66 64 0.41
66 65 0.41
87 66 8.0E-4
4 67 0.09
11 67 0.6
67 18 0.71
67 20 0.58
24 67 0.21
25 67 0.21
26 67 0.16
27 67 0.14
67 37 0.58
38 67 0.22
67 41 0.5
42 67 0.27
67 44 0.14
67 45 0.5
67 46 0.15
67 48 0.5
67 53 0.5
67 59 0.12
67 60 0.29
67 61 0.25
67 62 0.61
67 64 0.71
67 65 0.71
67 66 0.87
87 67 0.0013
2 68 0.38
4 68 0.18
10 68 0.22
11 68 0.3
68 14 1.0
68 15 0.71
68 17 1.0
24 68 0.11
25 68 0.14
29 68 0.38
30 68 0.38
41 68 0.33
42 68 0.18
44 68 0.28
68 50 0.58
60 68 0.15
62 68 0.41
87 68 6.0E-4
2 69 0.13
69 3 0.09
4 69 0.29
69 5 0.24
6 69 0.24
69 7 0.13
8 69 0.11
69 10 0.15
11 69 0.4
69 12 0.33
69 13 0.14
69 14 0.33
69 15 0.47
69 17 0.33
69 18 0.47
69 20 0.29
69 21 0.13
69 22 0.11
69 23 0.09
24 69 0.32
25 69 0.28
26 69 0.11
27 69 0.18
29 69 0.25
69 30 0.25
31 69 0.27
69 32 0.12
69 33 0.24
69 34 0.33
69 37 0.38
69 39 0.33
69 41 0.33
42 69 0.3
43 69 0.14
69 44 0.28
69 46 0.2
69 47 0.13
69 50 0.19
69 53 0.33
69 57 0.24
69 59 0.32
69 60 0.34
69 62 0.54
69 63 0.33
69 64 0.24
69 65 0.24
69 66 0.38
69 67 0.33
69 68 0.33
87 69 0.0012
2 70 0.38
4 70 0.18
10 70 0.22
11 70 0.3
70 14 1.0
70 15 0.71
70 17 1.0
24 70 0.11
25 70 0.14
29 70 0.38
30 70 0.38
41 70 0.33
42 70 0.18
44 70 0.28
70 50 0.58
60 70 0.15
62 70 0.41
70 68 1.0
69 70 0.33
87 70 6.0E-4
71 3 0.32
4 71 0.16
71 5 0.21
11 71 0.27
71 18 0.43
71 19 0.09
71 20 0.52
71 22 0.1
71 23 0.24
24 71 0.35
25 71 0.3
26 71 0.38
27 71 0.08
29 71 0.11
31 71 0.12
71 37 0.35
38 71 0.13
71 41 0.3
42 71 0.38
43 71 0.12
71 45 0.3
71 46 0.18
71 48 0.3
71 49 0.12
71 51 0.17
71 53 0.3
71 59 0.22
71 60 0.36
71 61 0.15
71 62 0.37
71 64 0.43
71 65 0.43
71 66 0.35
71 67 0.45
71 69 0.2
87 71 4.0E-4
72 3 0.73
4 72 0.17
72 5 0.14
72 7 0.07
9 72 0.06
10 72 0.17
11 72 0.24
72 13 0.48
72 16 0.11
72 19 0.45
20 72 0.17
72 21 0.52
72 22 0.62
72 23 0.73
24 72 0.54
25 72 0.67
26 72 0.06
27 72 0.05
29 72 0.07
72 30 0.07
31 72 0.08
72 32 0.55
72 33 0.28
41 72 0.26
42 72 0.56
44 72 0.54
72 46 0.59
72 47 0.52
72 49 0.24
72 51 0.11
72 54 0.11
72 56 0.18
59 72 0.43
60 72 0.61
69 72 0.07
71 72 0.24
87 72 1.0E-4
73 3 0.71
4 73 0.07
73 13 0.93
73 16 0.22
19 73 0.11
73 21 1.0
73 22 0.84
73 23 0.71
24 73 0.28
25 73 0.27
73 32 0.8
73 33 0.53
41 73 0.13
42 73 0.48
44 73 0.73
73 46 0.8
73 47 0.71
73 54 0.22
59 73 0.55
60 73 0.39
69 73 0.13
72 73 0.52
87 73 1.0E-4
2 74 0.08
74 3 0.12
4 74 0.35
74 7 0.08
8 74 0.07
9 74 0.2
10 74 0.48
11 74 0.07
74 13 0.18
74 16 0.13
74 19 0.57
20 74 0.13
74 21 0.16
74 22 0.14
74 23 0.12
24 74 0.49
25 74 0.46
26 74 0.07
27 74 0.06
74 30 0.25
74 32 0.08
74 33 0.15
74 36 0.11
41 74 0.07
42 74 0.16
43 74 0.18
44 74 0.12
74 46 0.2
74 47 0.16
74 50 0.13
74 51 0.13
74 56 0.2
59 74 0.16
60 74 0.45
69 74 0.07
74 72 0.56
74 73 0.16
87 74 0.0
75 1 0.5
4 75 0.09
75 7 0.19
8 75 0.16
11 75 0.3
75 18 0.71
75 20 0.29
24 75 0.21
25 75 0.14
26 75 0.16
27 75 0.14
75 37 0.29
75 41 0.17
42 75 0.09
75 46 0.15
75 53 0.5
75 59 0.12
75 60 0.15
75 62 0.41
75 64 0.35
75 65 0.35
75 66 0.58
75 67 0.5
75 69 0.33
75 71 0.3
87 75 3.0E-4
76 2 0.13
76 3 0.19
76 4 0.19
76 6 0.25
76 8 0.11
76 10 0.08
76 11 0.21
76 13 0.29
76 16 0.2
76 19 0.1
76 21 0.27
76 22 0.22
76 23 0.28
76 24 0.3
76 25 0.3
76 26 0.22
76 27 0.1
76 29 0.27
76 30 0.13
76 31 0.14
76 32 0.13
76 33 0.25
76 35 0.25
76 38 0.16
76 41 0.24
76 42 0.38
76 43 0.14
76 44 0.29
76 46 0.32
76 47 0.4
76 49 0.14
76 59 0.09
76 60 0.21
76 69 0.12
76 72 0.21
76 73 0.27
76 74 0.23
76 87 3.0E-4
77 3 0.76
4 77 0.06
11 77 0.29
77 13 0.65
20 77 0.09
77 21 0.72
77 22 0.9
77 23 0.85
24 77 0.34
25 77 0.36
26 77 0.1
29 77 0.12
31 77 0.13
77 32 0.89
77 33 0.45
41 77 0.21
42 77 0.57
44 77 0.79
77 46 0.76
77 47 0.72
77 49 0.26
77 54 0.18
59 77 0.46
60 77 0.47
69 77 0.11
71 77 0.1
72 77 0.62
77 73 0.72
74 77 0.07
76 77 0.22
87 77 1.0E-4
78 3 0.6
78 13 0.73
78 21 0.85
78 22 0.71
78 23 0.6
24 78 0.24
25 78 0.19
78 32 0.79
78 33 0.63
42 78 0.4
44 78 0.62
78 46 0.67
78 47 0.68
59 78 0.43
60 78 0.33
69 78 0.15
72 78 0.44
78 73 0.85
74 78 0.1
76 78 0.16
78 77 0.71
87 78 1.0E-4
3 79 0.4
4 79 0.09
10 79 0.11
13 79 0.61
19 79 0.14
20 79 0.14
21 79 0.57
22 79 0.47
23 79 0.4
24 79 0.21
25 79 0.21
27 79 0.14
32 79 0.53
79 33 0.35
42 79 0.36
44 79 0.42
46 79 0.6
79 47 0.57
51 79 0.29
59 79 0.36
60 79 0.29
69 79 0.17
72 79 0.39
73 79 0.57
74 79 0.22
76 79 0.18
77 79 0.47
78 79 0.67
87 79 1.0E-4
11 80 0.3
18 80 0.71
20 80 0.29
24 80 0.11
25 80 0.14
26 80 0.32
27 80 0.28
37 80 0.58
42 80 0.18
46 80 0.3
80 53 1.0
59 80 0.24
60 80 0.15
62 80 0.41
66 80 0.58
67 80 0.5
69 80 0.33
71 80 0.3
75 80 0.5
87 80 5.0E-4
81 2 0.38
81 4 0.18
81 6 0.71
81 8 0.32
81 11 0.3
81 24 0.11
81 25 0.14
81 26 0.32
81 27 0.28
81 29 0.38
81 31 0.41
81 38 0.45
81 42 0.18
81 43 0.41
81 76 0.35
81 87 4.0E-4
82 2 0.27
82 4 0.25
82 6 0.5
82 8 0.22
82 11 0.21
82 24 0.15
82 25 0.1
82 26 0.22
82 27 0.39
82 29 0.27
82 31 0.29
82 38 0.32
82 42 0.25
82 43 0.29
82 76 0.25
82 81 0.71
82 87 2.0E-4
4 83 0.2
83 5 0.41
6 83 0.41
11 83 0.17
83 12 0.58
83 15 0.41
19 83 0.17
24 83 0.18
25 83 0.08
26 83 0.37
29 83 0.22
83 34 0.58
83 37 0.33
83 39 0.58
41 83 0.19
43 83 0.24
44 83 0.16
59 83 0.14
60 83 0.09
61 83 0.29
62 83 0.24
83 63 0.58
69 83 0.19
71 83 0.35
87 83 3.0E-4
84 2 0.24
84 4 0.28
84 5 0.22
84 6 0.45
84 8 0.1
84 10 0.07
84 11 0.29
84 12 0.32
84 14 0.32
84 15 0.45
84 17 0.32
84 20 0.09
84 24 0.34
84 25 0.36
84 26 0.2
84 27 0.26
84 29 0.48
84 30 0.24
84 31 0.39
84 34 0.32
84 37 0.18
84 38 0.14
84 39 0.32
84 41 0.21
84 42 0.23
84 43 0.13
84 44 0.18
84 50 0.18
84 57 0.22
84 59 0.23
84 60 0.19
84 62 0.26
84 63 0.32
84 68 0.32
84 69 0.32
84 70 0.32
84 71 0.1
84 76 0.34
84 81 0.32
84 82 0.22
84 83 0.18
84 87 7.0E-4
2 85 0.13
85 3 0.45
4 85 0.06
85 5 0.24
6 85 0.24
10 85 0.07
11 85 0.2
85 12 0.33
85 13 0.54
85 14 0.33
85 15 0.47
85 17 0.33
20 85 0.1
85 21 0.63
85 22 0.53
85 23 0.45
24 85 0.32
25 85 0.28
29 85 0.25
30 85 0.13
85 32 0.59
85 33 0.47
85 34 0.33
85 37 0.19
85 39 0.33
41 85 0.22
42 85 0.42
44 85 0.65
85 46 0.5
85 47 0.5
85 50 0.19
85 51 0.19
85 54 0.19
59 85 0.4
60 85 0.39
62 85 0.41
85 63 0.33
85 68 0.33
69 85 0.33
85 70 0.33
71 85 0.2
72 85 0.33
85 73 0.63
74 85 0.07
76 85 0.12
85 77 0.53
85 78 0.6
85 79 0.5
85 83 0.19
84 85 0.32
87 85 7.0E-4
2 86 0.14
4 86 0.13
86 5 0.27
6 86 0.27
86 10 0.08
11 86 0.57
86 12 0.38
86 14 0.38
86 15 0.53
86 17 0.38
86 18 0.53
86 20 0.33
24 86 0.28
25 86 0.32
26 86 0.24
27 86 0.1
29 86 0.43
86 30 0.29
86 34 0.38
86 37 0.65
38 86 0.17
86 39 0.38
86 41 0.5
42 86 0.2
86 44 0.21
86 45 0.38
86 46 0.11
86 48 0.38
86 49 0.15
86 50 0.22
86 53 0.38
86 59 0.18
86 60 0.28
86 62 0.62
86 63 0.38
86 64 0.53
86 65 0.53
86 66 0.44
86 67 0.57
86 68 0.38
86 69 0.5
86 70 0.38
86 71 0.34
86 75 0.38
76 86 0.13
86 80 0.38
86 83 0.22
84 86 0.36
86 85 0.25
87 86 0.0017
