*Vertices  40
1 "容器"
2 "光膜"
3 "荧光粉"
4 "发光荧光材料"
5 "柔性高分子材料"
6 "助剂"
7 "硼酸"
8 "EP"
9 "LED"
10 "二极管"
11 "玻璃"
12 "LED光源"
13 "塑料"
14 "稀释剂"
15 "发光体"
16 "硅橡胶"
17 "SiO2"
18 "半导体"
19 "Al2O3"
20 "NH4H2PO4"
21 "MQW"
22 "硅氧磷灰石"
23 "金属银纳米粒子"
24 "LED芯片"
25 "芯片"
26 "酸盐"
27 "硅油"
28 "SrCO3"
29 "Eu2O3"
30 "硝酸"
31 "Eu2"
32 "Li"
33 "离子"
34 "基色"
35 "玻璃体"
36 "臭氧"
37 "透镜"
38 "甲基"
39 "激发光"
40 "荧光体"
*Arcs
40 1 0.0020
2 1 0.5
2 40 0.0021
3 1 0.22
3 2 0.45
3 40 0.0039
4 1 0.21
4 2 0.43
4 3 0.57
4 40 0.0039
5 1 0.71
2 5 0.71
3 5 0.32
4 5 0.3
40 5 0.0036
6 1 0.5
2 6 0.5
3 6 0.45
4 6 0.43
6 5 0.71
40 6 0.0022
3 7 0.22
4 7 0.43
7 40 0.0022
8 1 0.2
3 8 0.46
4 8 0.35
8 7 0.41
8 40 0.0016
9 1 0.15
9 2 0.15
9 3 0.34
9 4 0.35
9 5 0.11
9 6 0.15
9 7 0.15
9 8 0.37
9 40 7.0E-4
10 1 0.2
10 2 0.2
10 3 0.36
10 4 0.43
10 5 0.14
10 6 0.2
10 7 0.1
10 8 0.24
10 9 0.75
10 40 0.0010
11 2 0.22
11 3 0.2
11 4 0.19
11 7 0.22
11 8 0.18
11 9 0.34
11 10 0.22
11 40 5.0E-4
12 2 0.2
12 3 0.26
12 4 0.17
12 7 0.2
12 8 0.24
12 9 0.38
12 10 0.27
12 11 0.18
12 40 3.0E-4
13 1 0.27
13 2 0.53
13 3 0.36
13 4 0.34
13 5 0.38
13 6 0.53
13 8 0.11
13 9 0.28
13 10 0.37
13 11 0.48
13 12 0.1
13 40 8.0E-4
14 1 0.71
2 14 0.71
3 14 0.32
4 14 0.3
14 5 1.0
14 6 0.71
9 14 0.11
10 14 0.14
13 14 0.38
40 14 0.0036
15 2 0.32
15 3 0.28
15 4 0.27
15 8 0.13
15 9 0.24
15 10 0.25
15 11 0.14
15 12 0.37
15 13 0.17
15 40 8.0E-4
16 1 0.71
2 16 0.71
3 16 0.32
4 16 0.3
16 5 1.0
16 6 0.71
9 16 0.11
10 16 0.14
13 16 0.38
16 14 1.0
16 40 0.0036
17 1 0.47
2 17 0.24
3 17 0.42
4 17 0.7
17 5 0.33
17 6 0.47
17 7 0.24
17 8 0.38
9 17 0.32
10 17 0.38
13 17 0.25
17 14 0.33
15 17 0.15
17 16 0.33
17 40 0.0024
18 1 0.13
18 2 0.13
18 3 0.34
18 4 0.43
18 6 0.13
18 7 0.13
18 8 0.31
18 9 0.59
18 10 0.64
18 11 0.23
18 12 0.3
18 13 0.27
18 15 0.16
18 17 0.42
18 40 8.0E-4
19 1 0.2
2 19 0.2
3 19 0.35
4 19 0.5
19 5 0.28
19 6 0.39
8 19 0.08
9 19 0.38
10 19 0.43
13 19 0.21
19 14 0.28
19 16 0.28
17 19 0.55
18 19 0.6
19 40 5.0E-4
3 20 0.32
4 20 0.3
8 20 0.29
9 20 0.11
10 20 0.14
15 20 0.45
17 20 0.33
18 20 0.18
40 20 0.0029
3 21 0.19
4 21 0.18
7 21 0.21
8 21 0.26
9 21 0.35
10 21 0.38
11 21 0.19
12 21 0.17
13 21 0.11
17 21 0.2
18 21 0.6
19 21 0.67
40 21 4.0E-4
3 22 0.32
4 22 0.3
8 22 0.29
9 22 0.11
10 22 0.14
15 22 0.45
17 22 0.33
18 22 0.18
22 20 1.0
40 22 0.0029
3 23 0.32
4 23 0.3
7 23 0.71
8 23 0.29
9 23 0.11
10 23 0.14
11 23 0.32
12 23 0.28
18 23 0.18
21 23 0.3
40 23 0.0028
24 1 0.34
2 24 0.17
3 24 0.23
4 24 0.15
24 5 0.24
24 6 0.17
7 24 0.17
8 24 0.35
9 24 0.44
10 24 0.48
11 24 0.15
12 24 0.2
13 24 0.18
24 14 0.24
24 16 0.24
17 24 0.24
18 24 0.57
19 24 0.47
24 21 0.66
24 23 0.24
24 40 0.0011
25 1 0.21
2 25 0.1
3 25 0.37
4 25 0.44
25 5 0.15
25 6 0.21
25 7 0.21
25 8 0.38
9 25 0.72
10 25 0.71
11 25 0.14
12 25 0.16
13 25 0.17
25 14 0.15
15 25 0.07
25 16 0.15
25 17 0.44
18 25 0.69
25 19 0.53
25 20 0.15
25 21 0.49
25 22 0.15
25 23 0.15
25 24 0.61
25 40 0.0012
26 1 0.29
2 26 0.29
3 26 0.52
4 26 0.62
26 5 0.41
26 6 0.58
26 7 0.58
26 8 0.35
9 26 0.26
10 26 0.29
11 26 0.13
12 26 0.11
13 26 0.31
26 14 0.41
26 16 0.41
26 17 0.54
18 26 0.29
26 19 0.34
26 21 0.12
26 23 0.41
26 24 0.2
26 25 0.36
26 40 0.0034
27 1 0.71
2 27 0.71
3 27 0.32
4 27 0.3
27 5 1.0
27 6 0.71
9 27 0.11
10 27 0.14
13 27 0.38
27 14 1.0
27 16 1.0
17 27 0.33
19 27 0.28
24 27 0.24
25 27 0.15
26 27 0.41
27 40 0.0036
3 28 0.22
4 28 0.43
28 7 0.5
28 8 0.41
9 28 0.15
10 28 0.1
15 28 0.32
28 17 0.47
18 28 0.13
28 20 0.71
28 22 0.71
28 25 0.21
28 26 0.29
28 40 0.0023
3 29 0.22
4 29 0.43
29 7 0.5
29 8 0.41
9 29 0.15
10 29 0.1
15 29 0.32
29 17 0.47
18 29 0.13
29 20 0.71
29 22 0.71
29 25 0.21
29 26 0.29
29 28 1.0
29 40 0.0023
3 30 0.37
4 30 0.52
30 7 0.82
30 8 0.5
9 30 0.18
10 30 0.16
11 30 0.18
12 30 0.16
30 17 0.38
18 30 0.21
30 19 0.16
30 21 0.17
30 23 0.58
30 24 0.14
30 25 0.26
30 26 0.71
30 28 0.41
30 29 0.41
30 40 0.0017
3 31 0.47
4 31 0.6
31 7 0.71
31 8 0.58
9 31 0.21
10 31 0.21
11 31 0.16
12 31 0.14
15 31 0.22
31 17 0.5
18 31 0.27
31 19 0.14
31 20 0.5
31 21 0.15
31 22 0.5
31 23 0.5
31 24 0.12
31 25 0.29
31 26 0.61
31 28 0.71
31 29 0.71
31 30 0.87
31 40 0.0042
32 1 0.24
2 32 0.24
3 32 0.42
4 32 0.4
32 5 0.33
32 6 0.47
32 7 0.47
32 8 0.29
9 32 0.32
10 32 0.28
11 32 0.11
12 32 0.18
13 32 0.25
32 14 0.33
32 16 0.33
32 17 0.33
18 32 0.3
32 19 0.28
32 21 0.2
32 23 0.33
32 24 0.32
32 25 0.34
32 26 0.54
32 27 0.33
32 28 0.24
32 29 0.24
32 30 0.38
32 31 0.33
32 40 0.0022
33 1 0.21
3 33 0.19
4 33 0.27
33 7 0.43
33 8 0.52
9 33 0.35
10 33 0.3
11 33 0.38
12 33 0.08
13 33 0.11
15 33 0.13
33 17 0.3
18 33 0.38
33 20 0.3
33 21 0.18
33 22 0.3
33 23 0.3
33 24 0.22
33 25 0.36
33 26 0.37
33 28 0.43
33 29 0.43
33 30 0.35
33 31 0.45
33 32 0.2
33 40 0.0017
3 34 0.16
4 34 0.3
34 7 0.71
34 8 0.29
9 34 0.21
10 34 0.14
11 34 0.16
12 34 0.14
34 17 0.17
18 34 0.09
34 21 0.15
34 23 0.5
34 24 0.12
34 25 0.15
34 26 0.41
34 28 0.35
34 29 0.35
34 30 0.58
34 31 0.5
34 32 0.33
34 33 0.3
34 40 0.0012
3 35 0.32
4 35 0.3
7 35 0.71
8 35 0.29
9 35 0.11
10 35 0.14
11 35 0.32
12 35 0.28
18 35 0.18
21 35 0.3
35 23 1.0
24 35 0.24
25 35 0.15
26 35 0.41
30 35 0.58
31 35 0.5
32 35 0.33
33 35 0.3
34 35 0.5
40 35 0.0028
36 1 0.41
2 36 0.41
3 36 0.18
4 36 0.17
36 5 0.58
36 6 0.41
9 36 0.18
10 36 0.08
11 36 0.37
13 36 0.22
36 14 0.58
36 16 0.58
17 36 0.19
19 36 0.16
24 36 0.14
25 36 0.09
26 36 0.24
36 27 0.58
32 36 0.19
33 36 0.35
36 40 0.0013
37 1 0.22
37 2 0.45
37 3 0.3
37 4 0.29
37 5 0.32
37 6 0.45
37 8 0.09
37 9 0.34
37 10 0.36
37 11 0.2
37 12 0.26
37 13 0.48
37 14 0.32
37 15 0.14
37 16 0.32
37 17 0.21
37 18 0.23
37 19 0.18
37 24 0.23
37 25 0.19
37 26 0.26
37 27 0.32
37 32 0.32
37 33 0.1
37 36 0.18
37 40 6.0E-4
38 1 0.24
2 38 0.24
3 38 0.32
4 38 0.2
38 5 0.33
38 6 0.47
8 38 0.1
9 38 0.32
10 38 0.28
13 38 0.25
38 14 0.33
38 16 0.33
17 38 0.22
18 38 0.42
19 38 0.65
38 21 0.5
24 38 0.4
25 38 0.39
26 38 0.41
38 27 0.33
32 38 0.33
33 38 0.2
38 36 0.19
37 38 0.32
38 40 6.0E-4
39 1 0.27
2 39 0.27
3 39 0.48
4 39 0.57
39 5 0.38
39 6 0.53
39 7 0.53
39 8 0.33
9 39 0.28
10 39 0.32
11 39 0.24
12 39 0.1
13 39 0.43
39 14 0.38
15 39 0.17
39 16 0.38
39 17 0.5
18 39 0.2
39 19 0.21
39 20 0.38
39 21 0.11
39 22 0.38
39 23 0.38
39 24 0.18
39 25 0.28
39 26 0.62
39 27 0.38
39 28 0.53
39 29 0.53
39 30 0.44
39 31 0.57
39 32 0.5
39 33 0.34
39 34 0.38
39 35 0.38
39 36 0.22
37 39 0.36
39 38 0.25
39 40 0.0054
