*Vertices  15
1 "LED灯"
2 "工质"
3 "连接管"
4 "LED"
5 "二极管"
6 "通道"
7 "电子元器件"
8 "基板"
9 "基座"
10 "散热片"
11 "散热器"
12 "LED芯片"
13 "芯片"
14 "电阻"
15 "蒸发皿"
*Arcs
1 15 0.0033
1 2 0.25
2 15 0.0297
1 3 0.18
2 3 0.71
3 15 0.0503
4 1 0.6
4 2 0.15
4 3 0.11
4 15 0.0014
5 1 0.3
5 2 0.2
5 3 0.14
5 4 0.75
5 15 0.0019
1 6 0.22
6 2 0.29
6 3 0.41
4 6 0.26
5 6 0.23
6 15 0.0118
1 7 0.18
2 7 0.71
7 3 1.0
4 7 0.11
5 7 0.14
6 7 0.41
7 15 0.0503
1 8 0.25
2 8 0.5
8 3 0.71
4 8 0.15
5 8 0.1
6 8 0.29
8 7 0.71
8 15 0.0291
1 9 0.25
2 9 0.5
9 3 0.71
4 9 0.15
5 9 0.2
6 9 0.58
9 7 0.71
8 9 0.5
9 15 0.0299
1 10 0.47
10 2 0.53
10 3 0.38
4 10 0.28
5 10 0.27
10 6 0.46
10 7 0.38
10 8 0.53
10 9 0.53
10 15 0.0128
1 11 0.47
11 2 0.53
11 3 0.38
4 11 0.28
5 11 0.21
11 6 0.31
11 7 0.38
11 8 0.53
11 9 0.27
11 10 0.86
11 15 0.0117
1 12 0.26
12 2 0.34
12 3 0.24
4 12 0.44
5 12 0.48
12 6 0.4
12 7 0.24
12 8 0.17
12 9 0.34
12 10 0.37
12 11 0.28
12 15 0.0049
1 13 0.36
13 2 0.21
13 3 0.15
4 13 0.72
5 13 0.71
13 6 0.24
13 7 0.15
13 8 0.1
13 9 0.21
13 10 0.22
13 11 0.17
13 12 0.61
13 15 0.0021
1 14 0.35
14 2 0.15
14 3 0.22
4 14 0.49
5 14 0.46
14 6 0.09
14 7 0.22
14 8 0.15
14 9 0.15
10 14 0.08
11 14 0.08
12 14 0.16
13 14 0.45
14 15 0.0031
