*Vertices  23
1 "衬底"
2 "发光荧光材料"
3 "外延片"
4 "外延"
5 "LED"
6 "二极管"
7 "缓冲层"
8 "SiO2"
9 "半导体"
10 "Al2O3"
11 "GaAs"
12 "ITO"
13 "键合"
14 "芯片"
15 "电极"
16 "MOCVD"
17 "湿法刻蚀"
18 "干法刻蚀"
19 "屏幕"
20 "反射层"
21 "发光层"
22 "电流阻挡层"
23 "蒸镀方法"
*Arcs
1 23 0.0053
2 1 0.16
2 23 0.0045
3 1 0.85
2 3 0.19
3 23 0.0064
4 1 0.93
2 4 0.24
4 3 0.85
4 23 0.0054
5 1 0.4
5 2 0.35
5 3 0.34
5 4 0.4
5 23 0.0011
6 1 0.45
6 2 0.43
6 3 0.36
6 4 0.45
6 5 0.75
6 23 0.0017
7 1 0.76
2 7 0.21
7 3 0.89
7 4 0.76
5 7 0.3
6 7 0.3
7 23 0.0069
8 1 0.27
2 8 0.7
8 3 0.21
8 4 0.27
5 8 0.32
6 8 0.38
8 7 0.12
8 23 0.0019
9 1 0.67
9 2 0.43
9 3 0.57
9 4 0.67
9 5 0.59
9 6 0.64
9 7 0.51
9 8 0.42
9 23 0.0027
10 1 0.67
2 10 0.5
10 3 0.79
10 4 0.74
5 10 0.38
6 10 0.43
10 7 0.78
8 10 0.55
9 10 0.6
10 23 0.0049
1 11 0.55
2 11 0.25
3 11 0.26
4 11 0.65
5 11 0.26
6 11 0.35
7 11 0.14
8 11 0.27
9 11 0.44
10 11 0.23
11 23 0.0033
1 12 0.61
2 12 0.23
3 12 0.72
4 12 0.71
5 12 0.28
6 12 0.27
7 12 0.67
8 12 0.25
9 12 0.48
10 12 0.73
12 11 0.15
12 23 0.0023
1 13 0.22
2 13 0.25
3 13 0.13
4 13 0.33
5 13 0.26
6 13 0.29
7 13 0.14
8 13 0.27
9 13 0.29
10 13 0.23
13 11 0.5
12 13 0.15
13 23 0.0025
14 1 0.55
2 14 0.44
14 3 0.47
14 4 0.55
5 14 0.72
6 14 0.71
14 7 0.42
14 8 0.44
9 14 0.69
14 10 0.53
14 11 0.36
14 12 0.39
14 13 0.3
14 23 0.0019
15 1 0.73
2 15 0.24
15 3 0.62
15 4 0.73
5 15 0.54
6 15 0.67
15 7 0.55
8 15 0.26
9 15 0.56
10 15 0.54
15 11 0.48
15 12 0.52
15 13 0.24
14 15 0.61
15 23 0.0031
16 1 0.76
2 16 0.29
16 3 0.9
16 4 0.85
5 16 0.34
6 16 0.36
16 7 0.89
8 16 0.21
9 16 0.57
10 16 0.79
16 11 0.39
16 12 0.72
16 13 0.26
14 16 0.47
15 16 0.62
16 23 0.0065
1 17 0.27
2 17 0.3
3 17 0.32
4 17 0.27
5 17 0.11
6 17 0.14
7 17 0.35
8 17 0.33
9 17 0.18
10 17 0.28
17 11 0.41
13 17 0.41
14 17 0.15
15 17 0.2
16 17 0.32
17 23 0.0108
1 18 0.38
2 18 0.43
3 18 0.45
4 18 0.38
5 18 0.15
6 18 0.2
7 18 0.5
8 18 0.24
9 18 0.25
10 18 0.39
18 11 0.29
12 18 0.27
13 18 0.29
14 18 0.21
15 18 0.28
16 18 0.45
18 17 0.71
18 23 0.0189
1 19 0.51
2 19 0.23
3 19 0.6
4 19 0.51
5 19 0.28
6 19 0.27
7 19 0.53
8 19 0.13
9 19 0.34
10 19 0.42
19 11 0.31
12 19 0.29
13 19 0.15
14 19 0.28
15 19 0.37
16 19 0.6
19 17 0.38
19 18 0.53
19 23 0.0073
1 20 0.46
2 20 0.35
3 20 0.55
4 20 0.46
5 20 0.18
6 20 0.24
7 20 0.41
8 20 0.19
9 20 0.31
10 20 0.32
20 11 0.47
12 20 0.22
13 20 0.24
14 20 0.26
15 20 0.34
16 20 0.55
20 17 0.58
20 18 0.82
20 19 0.65
20 23 0.0147
1 21 0.71
2 21 0.23
3 21 0.48
4 21 0.61
5 21 0.28
6 21 0.37
7 21 0.4
8 21 0.25
9 21 0.48
10 21 0.31
21 11 0.62
21 12 0.29
21 13 0.31
14 21 0.39
15 21 0.52
16 21 0.48
21 17 0.38
21 18 0.53
21 19 0.43
21 20 0.65
21 23 0.0078
1 22 0.38
2 22 0.21
3 22 0.22
4 22 0.38
5 22 0.15
6 22 0.2
7 22 0.25
8 22 0.24
9 22 0.25
10 22 0.2
22 11 0.58
13 22 0.29
14 22 0.21
15 22 0.28
16 22 0.22
22 17 0.71
22 18 0.5
22 19 0.27
22 20 0.41
21 22 0.53
22 23 0.0064
