*Vertices  13
1 "LED显示屏"
2 "控制器"
3 "荧光粉"
4 "开关"
5 "变压器"
6 "LED"
7 "二极管"
8 "发电机"
9 "太阳能"
10 "风能"
11 "蓄电池"
12 "LED照明设备"
13 "蓄电设备"
*Arcs
1 13 0.0179
2 1 0.57
2 13 0.0119
3 1 0.16
3 2 0.12
3 13 0.0075
4 1 0.11
4 2 0.25
3 4 0.14
4 13 0.0040
5 1 0.14
5 2 0.11
3 5 0.09
4 5 0.25
5 13 0.0069
6 1 0.21
6 2 0.28
6 3 0.34
6 4 0.49
6 5 0.37
6 13 0.0018
7 1 0.14
7 2 0.16
7 3 0.36
7 4 0.31
7 5 0.37
7 6 0.75
7 13 0.0022
1 8 0.25
2 8 0.19
3 8 0.16
4 8 0.22
5 8 0.29
6 8 0.21
7 8 0.14
8 13 0.0184
9 1 0.29
2 9 0.44
3 9 0.18
4 9 0.13
5 9 0.17
6 9 0.18
7 9 0.16
9 8 0.29
9 13 0.0238
1 10 0.5
2 10 0.38
3 10 0.32
4 10 0.22
5 10 0.29
6 10 0.11
7 10 0.14
8 10 0.5
9 10 0.58
13 10 0.0543
11 1 0.22
11 2 0.17
3 11 0.14
4 11 0.2
11 5 0.39
6 11 0.24
7 11 0.19
11 8 0.45
11 9 0.26
11 10 0.45
11 13 0.0152
1 12 0.35
2 12 0.27
3 12 0.22
4 12 0.15
5 12 0.2
6 12 0.15
7 12 0.2
8 12 0.35
9 12 0.41
12 10 0.71
11 12 0.32
13 12 0.033
