*Vertices  32
1 "LED显示屏"
2 "LED灯"
3 "探头"
4 "传感器"
5 "控制器"
6 "处理器"
7 "荧光粉"
8 "整流器"
9 "开关"
10 "变压器"
11 "稳压块"
12 "LED"
13 "二极管"
14 "三极管"
15 "联轴器"
16 "LED光源"
17 "发电机"
18 "半导体"
19 "客户"
20 "太阳能"
21 "风能"
22 "光电池"
23 "LED照明设备"
24 "蓄电设备"
25 "充电器"
26 "存储器"
27 "电极"
28 "电阻"
29 "检测仪"
30 "弹簧"
31 "晶体闸流管"
32 "蓄电池"
*Arcs
32 1 0.0019
2 32 6.0E-4
32 3 0.0017
4 3 0.38
32 4 7.0E-4
5 1 0.57
5 3 0.22
32 5 0.0015
6 1 0.32
6 2 0.17
6 3 0.37
6 4 0.21
6 5 0.48
6 32 7.0E-4
7 1 0.16
7 2 0.17
7 5 0.12
7 6 0.1
7 32 8.0E-4
2 8 0.14
32 8 0.0042
9 1 0.11
2 9 0.39
9 4 0.07
9 5 0.25
6 9 0.28
7 9 0.14
9 8 0.18
9 32 0.0024
10 1 0.14
2 10 0.2
10 4 0.1
10 5 0.11
7 10 0.09
10 8 0.59
9 10 0.25
32 10 0.0058
11 8 0.41
11 10 0.29
32 11 0.0037
12 1 0.21
12 2 0.6
12 3 0.18
12 4 0.32
12 5 0.28
12 6 0.34
12 7 0.34
12 8 0.26
12 9 0.49
12 10 0.37
12 11 0.11
12 32 0.0031
13 1 0.14
13 2 0.3
13 3 0.08
13 4 0.09
13 5 0.16
13 6 0.04
13 7 0.36
13 8 0.35
13 9 0.31
13 10 0.37
13 11 0.14
13 12 0.75
13 32 0.0019
2 14 0.2
14 5 0.11
14 8 0.47
9 14 0.31
14 10 0.58
14 11 0.29
12 14 0.37
13 14 0.45
14 32 0.0025
2 15 0.18
9 15 0.22
12 15 0.11
32 15 0.0063
16 2 0.44
16 3 0.16
16 4 0.09
16 6 0.18
16 7 0.26
16 8 0.11
16 9 0.06
16 10 0.08
16 12 0.38
16 13 0.27
16 14 0.08
16 32 4.0E-4
1 17 0.25
2 17 0.18
4 17 0.17
5 17 0.19
7 17 0.16
9 17 0.22
10 17 0.29
12 17 0.21
13 17 0.14
17 15 0.5
16 17 0.14
32 17 0.0090
18 2 0.29
18 3 0.1
18 4 0.12
18 6 0.11
18 7 0.34
18 8 0.15
18 9 0.12
18 10 0.1
18 12 0.59
18 13 0.64
18 14 0.05
18 16 0.3
18 32 3.0E-4
2 19 0.2
19 3 0.33
19 4 0.19
6 19 0.37
7 19 0.18
9 19 0.25
12 19 0.18
13 19 0.08
16 19 0.16
18 19 0.21
32 19 0.0014
20 1 0.29
3 20 0.33
5 20 0.44
6 20 0.18
7 20 0.18
9 20 0.13
10 20 0.17
12 20 0.18
13 20 0.16
20 17 0.29
18 20 0.1
32 20 0.0028
1 21 0.5
5 21 0.38
7 21 0.32
9 21 0.22
10 21 0.29
12 21 0.11
13 21 0.14
17 21 0.5
20 21 0.58
32 21 0.0059
22 3 0.58
22 4 0.5
6 22 0.16
12 22 0.21
13 22 0.21
16 22 0.28
18 22 0.18
19 22 0.29
32 22 0.0011
1 23 0.35
2 23 0.13
5 23 0.27
7 23 0.22
9 23 0.15
10 23 0.2
12 23 0.15
13 23 0.2
17 23 0.35
20 23 0.41
23 21 0.71
32 23 0.0035
1 24 0.5
5 24 0.38
7 24 0.32
9 24 0.22
10 24 0.29
12 24 0.11
13 24 0.14
17 24 0.5
20 24 0.58
24 21 1.0
24 23 0.71
32 24 0.0059
25 3 0.26
25 5 0.17
6 25 0.14
25 8 0.37
25 10 0.39
25 11 0.45
12 25 0.24
13 25 0.25
14 25 0.52
25 20 0.26
25 32 0.0045
26 3 0.29
26 4 0.5
26 5 0.19
6 26 0.47
9 26 0.11
10 26 0.14
12 26 0.21
16 26 0.14
26 17 0.25
18 26 0.09
19 26 0.29
26 22 0.25
32 26 0.0014
2 27 0.17
27 5 0.07
7 27 0.06
27 8 0.4
9 27 0.17
27 10 0.45
27 11 0.2
12 27 0.54
13 27 0.67
14 27 0.62
16 27 0.05
18 27 0.56
27 20 0.11
27 25 0.35
27 32 0.0014
2 28 0.35
28 4 0.07
28 5 0.08
6 28 0.07
7 28 0.07
28 8 0.53
9 28 0.48
28 10 0.57
28 11 0.22
12 28 0.49
13 28 0.46
28 14 0.76
16 28 0.06
28 17 0.11
18 28 0.16
28 19 0.13
28 25 0.39
28 26 0.11
28 27 0.56
28 32 0.0021
3 29 0.41
4 29 0.47
6 29 0.22
10 29 0.2
12 29 0.15
16 29 0.2
29 17 0.35
18 29 0.13
19 29 0.41
22 29 0.35
26 29 0.71
28 29 0.15
32 29 0.0023
2 30 0.18
9 30 0.22
12 30 0.11
30 15 1.0
30 17 0.5
32 30 0.0063
8 31 0.47
9 31 0.25
10 31 0.33
12 31 0.18
13 31 0.24
14 31 0.33
25 31 0.26
27 31 0.23
28 31 0.38
32 31 0.0015
