*Vertices  20
1 "衬底"
2 "容器"
3 "EP"
4 "外延"
5 "LED"
6 "二极管"
7 "腐蚀液"
8 "SiO2"
9 "半导体"
10 "GaAs"
11 "LED芯片"
12 "芯片"
13 "电流扩展层"
14 "去离子水"
15 "离子"
16 "电极"
17 "丙酮"
18 "发光层"
19 "电流阻挡层"
20 "蓝膜"
*Arcs
1 20 0.0082
2 1 0.19
2 20 0.0092
3 1 0.15
3 2 0.2
3 20 0.0023
4 1 0.93
3 4 0.08
4 20 0.0031
5 1 0.4
5 2 0.15
5 3 0.37
5 4 0.4
5 20 0.0018
6 1 0.45
6 2 0.2
6 3 0.24
6 4 0.45
6 5 0.75
6 20 0.0028
1 7 0.6
2 7 0.32
3 7 0.26
4 7 0.48
5 7 0.24
6 7 0.32
7 20 0.0059
8 1 0.27
8 2 0.47
8 3 0.38
8 4 0.27
5 8 0.32
6 8 0.38
8 7 0.3
8 20 0.0036
9 1 0.67
9 2 0.13
9 3 0.31
9 4 0.67
9 5 0.59
9 6 0.64
9 7 0.4
9 8 0.42
9 20 0.0042
1 10 0.55
3 10 0.12
4 10 0.65
5 10 0.26
6 10 0.35
7 10 0.55
8 10 0.27
9 10 0.44
20 10 0.0054
11 1 0.52
11 2 0.34
3 11 0.35
11 4 0.45
5 11 0.44
6 11 0.48
11 7 0.33
8 11 0.24
9 11 0.57
11 10 0.1
11 20 0.0020
12 1 0.55
12 2 0.21
12 3 0.38
12 4 0.55
5 12 0.72
6 12 0.71
12 7 0.33
12 8 0.44
9 12 0.69
12 10 0.36
12 11 0.61
12 20 0.0032
1 13 0.55
2 13 0.29
3 13 0.24
4 13 0.55
5 13 0.26
6 13 0.35
13 7 0.73
8 13 0.41
9 13 0.44
13 10 0.67
11 13 0.3
12 13 0.36
13 20 0.0149
14 1 0.24
14 2 0.32
14 3 0.39
14 4 0.12
5 14 0.24
6 14 0.19
14 7 0.4
14 8 0.3
9 14 0.24
14 10 0.18
14 11 0.11
14 12 0.26
14 13 0.18
14 20 0.0047
15 1 0.32
15 2 0.21
15 3 0.52
15 4 0.24
5 15 0.35
6 15 0.3
15 7 0.54
15 8 0.3
9 15 0.38
15 10 0.37
15 11 0.22
15 12 0.36
15 13 0.37
15 14 0.67
15 20 0.0030
16 1 0.73
16 2 0.14
3 16 0.17
16 4 0.73
5 16 0.54
6 16 0.67
16 7 0.44
8 16 0.26
9 16 0.56
16 10 0.48
11 16 0.43
12 16 0.61
16 13 0.48
14 16 0.18
15 16 0.24
16 20 0.0048
17 1 0.27
17 2 0.35
17 3 0.58
17 4 0.13
5 17 0.21
6 17 0.14
17 7 0.45
17 8 0.33
9 17 0.18
17 10 0.2
17 11 0.24
17 12 0.22
17 13 0.41
17 14 0.67
17 15 0.6
17 16 0.2
17 20 0.0059
1 18 0.71
2 18 0.27
3 18 0.22
4 18 0.61
5 18 0.28
6 18 0.37
18 7 0.51
8 18 0.25
9 18 0.48
18 10 0.62
11 18 0.28
12 18 0.39
18 13 0.62
14 18 0.17
15 18 0.34
16 18 0.52
17 18 0.38
18 20 0.0134
1 19 0.38
4 19 0.38
5 19 0.15
6 19 0.2
8 19 0.24
9 19 0.25
19 10 0.58
12 19 0.21
13 19 0.29
16 19 0.28
18 19 0.53
20 19 0.0091
