*Vertices  12
1 "LED灯"
2 "电容"
3 "处理器"
4 "开关"
5 "EP"
6 "LED"
7 "GPIO"
8 "客户"
9 "继电器"
10 "电阻"
11 "插座"
12 "蜂鸣器"
*Arcs
1 12 0.0040
1 2 0.21
2 12 0.0112
3 1 0.17
3 2 0.1
3 12 0.0108
1 4 0.39
4 2 0.46
3 4 0.28
4 12 0.0086
1 5 0.2
5 2 0.17
3 5 0.18
5 4 0.19
5 12 0.0087
6 1 0.6
6 2 0.35
6 3 0.34
6 4 0.49
6 5 0.37
6 12 0.0028
1 7 0.13
2 7 0.21
3 7 0.22
4 7 0.31
5 7 0.2
6 7 0.15
7 12 0.0428
1 8 0.2
2 8 0.17
3 8 0.37
4 8 0.25
5 8 0.17
6 8 0.18
7 8 0.41
8 12 0.0326
1 9 0.09
2 9 0.6
3 9 0.16
4 9 0.33
5 9 0.14
6 9 0.21
7 9 0.35
9 8 0.29
9 12 0.0251
1 10 0.35
10 2 0.66
3 10 0.07
4 10 0.48
5 10 0.13
6 10 0.49
10 7 0.31
10 8 0.13
10 9 0.44
10 12 0.0076
1 11 0.13
2 11 0.21
3 11 0.22
4 11 0.31
5 11 0.2
6 11 0.15
7 11 0.5
11 8 0.41
9 11 0.35
10 11 0.15
11 12 0.0426
