*Vertices  61
1 "LCD显示屏"
2 "LED灯"
3 "容器"
4 "荧光粉"
5 "整流器"
6 "发光荧光材料"
7 "GAN"
8 "次氯酸钠溶液"
9 "保护层"
10 "蓝膜"
11 "变压器"
12 "蒸镀方法"
13 "EP"
14 "LED外延片"
15 "外延片"
16 "外延"
17 "LED"
18 "二极管"
19 "掩膜"
20 "玻璃"
21 "通道"
22 "塑料"
23 "腐蚀液"
24 "铝基板"
25 "缓冲层"
26 "内量子效率"
27 "光刻胶"
28 "填充区域"
29 "SiO2"
30 "半导体"
31 "Al2O3"
32 "GaAs"
33 "MQW"
34 "ESD"
35 "ITO"
36 "键合"
37 "太阳能"
38 "LED芯片"
39 "芯片"
40 "电流扩展层"
41 "去离子水"
42 "Li"
43 "离子"
44 "电极"
45 "接触层"
46 "电阻"
47 "丙酮"
48 "激光"
49 "真空吸盘"
50 "MOCVD"
51 "标准芯片工艺制作"
52 "湿法刻蚀"
53 "干法刻蚀"
54 "湿法腐蚀"
55 "空穴"
56 "屏幕"
57 "反射层"
58 "发光层"
59 "甲基"
60 "电流阻挡层"
61 "衬底"
*Arcs
61 1 4.0E-4
2 61 1.0E-4
3 61 2.0E-4
4 2 0.17
4 3 0.22
4 61 1.0E-4
2 5 0.14
5 61 1.0E-4
6 2 0.27
6 3 0.21
6 4 0.57
6 61 3.0E-4
7 1 0.41
2 7 0.07
4 7 0.13
5 7 0.17
7 61 0.0023
61 8 8.0E-4
2 9 0.2
4 9 0.18
5 9 0.24
7 9 0.24
61 9 2.0E-4
3 10 0.5
61 10 5.0E-4
2 11 0.2
4 11 0.09
11 5 0.59
11 7 0.12
11 9 0.17
11 61 1.0E-4
6 12 0.43
61 12 8.0E-4
2 13 0.2
13 3 0.2
4 13 0.46
13 5 0.12
6 13 0.35
13 8 0.2
13 9 0.17
13 10 0.2
13 11 0.08
13 61 2.0E-4
14 1 0.38
2 14 0.07
4 14 0.12
5 14 0.15
14 7 0.93
14 9 0.22
11 14 0.11
14 61 0.0027
15 1 0.32
2 15 0.06
4 15 0.1
5 15 0.13
6 15 0.19
15 7 0.77
15 8 0.22
15 9 0.18
11 15 0.09
15 12 0.45
13 15 0.09
15 14 0.84
15 61 0.0041
16 1 0.27
2 16 0.09
4 16 0.08
5 16 0.11
6 16 0.24
16 7 0.65
16 8 0.38
16 9 0.15
16 10 0.19
11 16 0.08
16 12 0.38
13 16 0.08
16 14 0.71
16 15 0.85
16 61 0.0048
17 1 0.11
17 2 0.6
17 3 0.15
17 4 0.34
17 5 0.26
17 6 0.35
17 7 0.26
17 8 0.15
17 9 0.18
17 10 0.15
17 11 0.37
17 12 0.15
17 13 0.37
17 14 0.28
17 15 0.34
17 16 0.4
17 61 0.0011
18 1 0.14
18 2 0.3
18 3 0.2
18 4 0.36
18 5 0.35
18 6 0.43
18 7 0.29
18 8 0.2
18 9 0.08
18 10 0.2
18 11 0.37
18 12 0.2
18 13 0.24
18 14 0.27
18 15 0.36
18 16 0.45
18 17 0.75
18 61 0.0014
2 19 0.18
5 19 0.41
7 19 0.41
9 19 0.58
11 19 0.29
14 19 0.38
15 19 0.32
16 19 0.27
17 19 0.11
18 19 0.14
61 19 4.0E-4
20 2 0.28
20 4 0.2
20 6 0.19
20 8 0.22
20 11 0.09
20 13 0.18
20 15 0.1
20 16 0.08
20 17 0.34
20 18 0.22
20 61 1.0E-4
2 21 0.22
21 7 0.33
21 14 0.31
21 15 0.26
21 16 0.22
17 21 0.26
18 21 0.23
21 61 3.0E-4
22 2 0.13
22 3 0.27
22 4 0.36
22 6 0.34
22 8 0.27
22 13 0.11
22 15 0.12
22 16 0.1
22 17 0.28
22 18 0.37
22 20 0.48
22 61 1.0E-4
2 23 0.08
3 23 0.32
5 23 0.18
7 23 0.18
23 8 0.63
9 23 0.26
23 10 0.32
11 23 0.13
13 23 0.26
14 23 0.17
15 23 0.28
16 23 0.48
17 23 0.24
18 23 0.32
23 19 0.45
20 23 0.14
22 23 0.17
61 23 0.0018
24 2 0.29
24 4 0.26
24 6 0.12
24 8 0.29
24 9 0.24
24 13 0.24
24 15 0.13
24 16 0.11
24 17 0.26
24 18 0.23
24 20 0.26
24 21 0.33
24 22 0.31
24 23 0.18
24 61 1.0E-4
25 1 0.35
4 25 0.11
6 25 0.21
25 7 0.72
25 12 0.5
25 14 0.8
25 15 0.89
25 16 0.76
17 25 0.3
18 25 0.3
25 21 0.29
25 61 0.0031
4 26 0.22
7 26 0.29
14 26 0.53
15 26 0.45
16 26 0.38
17 26 0.15
18 26 0.1
25 26 0.5
61 26 7.0E-4
2 27 0.1
5 27 0.24
7 27 0.24
27 8 0.41
9 27 0.33
11 27 0.17
13 27 0.17
14 27 0.22
15 27 0.37
16 27 0.46
17 27 0.18
18 27 0.24
27 19 0.58
20 27 0.18
22 27 0.22
23 27 0.77
24 27 0.24
61 27 0.0011
8 28 0.71
13 28 0.29
15 28 0.32
16 28 0.27
17 28 0.11
18 28 0.14
20 28 0.32
22 28 0.38
23 28 0.45
24 28 0.41
27 28 0.58
61 28 4.0E-4
2 29 0.24
29 3 0.47
4 29 0.42
29 5 0.14
6 29 0.7
29 7 0.14
29 9 0.19
29 10 0.24
29 11 0.1
29 12 0.24
29 13 0.38
29 14 0.13
29 15 0.21
29 16 0.27
17 29 0.32
18 29 0.38
29 19 0.33
22 29 0.25
29 23 0.3
29 25 0.12
29 27 0.19
29 61 6.0E-4
30 1 0.18
30 2 0.29
30 3 0.13
30 4 0.34
30 5 0.15
30 6 0.43
30 7 0.44
30 8 0.25
30 9 0.1
30 10 0.25
30 11 0.1
30 12 0.25
30 13 0.31
30 14 0.48
30 15 0.57
30 16 0.67
30 17 0.59
30 18 0.64
30 19 0.18
30 20 0.23
30 21 0.15
30 22 0.27
30 23 0.4
30 24 0.22
30 25 0.51
30 26 0.25
30 27 0.31
30 28 0.18
30 29 0.42
30 61 0.0027
31 1 0.28
2 31 0.15
31 3 0.2
4 31 0.35
31 5 0.11
6 31 0.5
31 7 0.68
31 9 0.16
31 11 0.08
31 12 0.39
13 31 0.08
31 14 0.73
31 15 0.79
31 16 0.74
17 31 0.38
18 31 0.43
31 19 0.28
31 21 0.23
22 31 0.21
31 23 0.12
31 25 0.78
31 26 0.39
31 27 0.16
29 31 0.55
30 31 0.6
31 61 0.0028
2 32 0.07
6 32 0.25
32 8 0.58
10 32 0.29
32 12 0.29
13 32 0.12
15 32 0.26
16 32 0.65
17 32 0.26
18 32 0.35
20 32 0.13
22 32 0.15
23 32 0.55
24 32 0.17
25 32 0.14
32 27 0.47
32 28 0.41
29 32 0.27
30 32 0.44
31 32 0.23
61 32 0.0016
33 1 0.3
2 33 0.16
4 33 0.19
5 33 0.25
6 33 0.18
33 7 0.74
33 8 0.21
33 9 0.17
11 33 0.17
13 33 0.26
33 14 0.8
33 15 0.76
33 16 0.73
17 33 0.35
18 33 0.38
33 19 0.3
20 33 0.19
33 21 0.25
22 33 0.11
33 23 0.27
24 33 0.12
33 25 0.64
33 26 0.43
33 27 0.35
33 28 0.3
29 33 0.2
30 33 0.6
31 33 0.67
33 32 0.25
33 61 0.0026
34 7 0.61
34 14 0.76
34 15 0.63
34 16 0.53
17 34 0.21
18 34 0.14
34 21 0.41
34 25 0.71
34 26 0.35
30 34 0.36
31 34 0.55
34 33 0.6
34 61 0.0014
35 1 0.38
2 35 0.13
4 35 0.12
5 35 0.15
6 35 0.23
7 35 0.62
35 9 0.22
11 35 0.11
35 12 0.27
14 35 0.71
15 35 0.72
16 35 0.71
17 35 0.28
18 35 0.27
35 19 0.38
35 23 0.17
25 35 0.67
35 26 0.53
35 27 0.22
29 35 0.25
30 35 0.48
31 35 0.73
35 32 0.15
33 35 0.68
34 35 0.38
61 35 0.0022
2 36 0.07
4 36 0.13
6 36 0.25
36 8 0.29
36 9 0.24
36 12 0.29
13 36 0.12
15 36 0.13
16 36 0.33
17 36 0.26
18 36 0.29
20 36 0.13
22 36 0.15
36 23 0.18
24 36 0.17
25 36 0.14
29 36 0.27
30 36 0.29
31 36 0.23
36 32 0.5
33 36 0.12
35 36 0.15
61 36 4.0E-4
4 37 0.18
7 37 0.24
11 37 0.17
14 37 0.22
15 37 0.18
16 37 0.15
17 37 0.18
18 37 0.16
21 37 0.24
25 37 0.2
30 37 0.1
31 37 0.16
33 37 0.17
34 37 0.29
61 37 1.0E-4
38 1 0.24
2 38 0.26
38 3 0.34
4 38 0.23
38 5 0.2
6 38 0.15
38 7 0.5
38 8 0.17
38 9 0.28
38 10 0.17
38 11 0.14
13 38 0.35
38 14 0.55
38 15 0.54
38 16 0.45
17 38 0.44
18 38 0.48
38 19 0.24
20 38 0.15
38 21 0.4
22 38 0.18
38 23 0.33
24 38 0.4
38 25 0.43
38 26 0.17
38 27 0.28
38 28 0.24
29 38 0.24
30 38 0.57
31 38 0.47
38 32 0.1
38 33 0.66
38 34 0.49
38 35 0.37
38 36 0.2
38 37 0.14
38 61 0.0017
39 1 0.15
2 39 0.36
39 3 0.21
4 39 0.37
39 5 0.24
6 39 0.44
39 7 0.36
39 8 0.21
39 9 0.17
39 10 0.21
39 11 0.21
39 12 0.21
39 13 0.38
39 14 0.39
39 15 0.47
39 16 0.55
17 39 0.72
18 39 0.71
39 19 0.15
20 39 0.14
39 21 0.24
22 39 0.17
39 23 0.33
24 39 0.24
39 25 0.42
39 26 0.21
39 27 0.26
39 28 0.15
39 29 0.44
30 39 0.69
39 31 0.53
39 32 0.36
39 33 0.49
39 34 0.29
39 35 0.39
39 36 0.3
39 37 0.09
39 38 0.61
39 61 0.0020
2 40 0.14
3 40 0.29
5 40 0.17
6 40 0.12
7 40 0.17
40 8 0.58
9 40 0.24
40 10 0.58
11 40 0.12
13 40 0.24
14 40 0.15
15 40 0.26
16 40 0.55
17 40 0.26
18 40 0.35
40 19 0.41
20 40 0.13
22 40 0.15
40 23 0.73
24 40 0.17
40 27 0.47
40 28 0.41
29 40 0.41
30 40 0.44
31 40 0.23
40 32 0.67
33 40 0.37
35 40 0.31
36 40 0.33
38 40 0.3
39 40 0.36
61 40 0.0017
2 41 0.08
41 3 0.32
6 41 0.13
41 10 0.32
41 13 0.39
41 16 0.12
17 41 0.24
18 41 0.19
41 23 0.4
41 27 0.26
41 29 0.3
30 41 0.24
41 32 0.18
41 38 0.11
41 39 0.26
41 40 0.18
41 61 3.0E-4
2 42 0.29
42 3 0.24
4 42 0.42
6 42 0.4
42 7 0.14
42 13 0.29
42 14 0.13
42 15 0.11
42 16 0.09
17 42 0.32
18 42 0.28
20 42 0.11
42 21 0.14
22 42 0.25
24 42 0.27
42 25 0.12
42 26 0.24
42 29 0.33
30 42 0.3
42 31 0.28
42 33 0.2
42 35 0.13
42 38 0.32
42 39 0.34
42 41 0.15
42 61 1.0E-4
2 43 0.16
43 3 0.21
4 43 0.19
6 43 0.27
43 8 0.43
43 10 0.21
43 11 0.09
43 13 0.52
43 15 0.1
43 16 0.24
17 43 0.35
18 43 0.3
20 43 0.38
22 43 0.11
43 23 0.54
24 43 0.12
43 27 0.35
43 28 0.3
43 29 0.3
30 43 0.38
43 32 0.37
43 33 0.18
43 36 0.12
43 38 0.22
43 39 0.36
43 40 0.37
43 41 0.67
43 42 0.2
43 61 6.0E-4
44 1 0.2
2 44 0.17
44 3 0.14
4 44 0.06
44 5 0.4
6 44 0.24
44 7 0.48
44 8 0.28
44 9 0.11
44 10 0.28
44 11 0.45
44 12 0.28
13 44 0.17
44 14 0.52
44 15 0.62
44 16 0.73
17 44 0.54
18 44 0.67
44 19 0.2
20 44 0.06
44 21 0.16
22 44 0.07
44 23 0.44
24 44 0.08
44 25 0.55
44 26 0.28
44 27 0.34
44 28 0.2
29 44 0.26
30 44 0.56
31 44 0.54
44 32 0.48
44 33 0.59
44 34 0.39
44 35 0.52
44 36 0.24
44 37 0.11
38 44 0.43
39 44 0.61
44 40 0.48
41 44 0.18
42 44 0.07
43 44 0.24
44 61 0.0031
45 1 0.38
2 45 0.07
4 45 0.12
5 45 0.15
45 7 0.93
45 9 0.22
11 45 0.11
45 14 1.0
45 15 0.84
45 16 0.71
17 45 0.28
18 45 0.27
45 19 0.38
45 21 0.31
45 23 0.17
45 25 0.8
45 26 0.53
45 27 0.22
29 45 0.13
30 45 0.48
31 45 0.73
45 33 0.8
45 34 0.76
45 35 0.71
45 37 0.22
38 45 0.55
39 45 0.39
45 40 0.15
42 45 0.13
44 45 0.52
45 61 0.0027
2 46 0.35
4 46 0.07
46 5 0.53
6 46 0.07
46 7 0.18
46 9 0.13
46 11 0.57
13 46 0.13
46 14 0.16
46 15 0.14
46 16 0.12
17 46 0.49
18 46 0.46
46 19 0.22
20 46 0.07
46 21 0.09
46 23 0.1
46 25 0.08
46 26 0.15
46 27 0.13
29 46 0.07
30 46 0.16
31 46 0.12
46 33 0.2
46 35 0.16
38 46 0.16
39 46 0.45
46 40 0.09
42 46 0.07
46 44 0.56
46 45 0.16
46 61 1.0E-4
2 47 0.09
47 3 0.35
6 47 0.15
47 8 0.35
47 10 0.35
47 13 0.58
47 15 0.16
47 16 0.13
17 47 0.21
18 47 0.14
20 47 0.16
22 47 0.19
47 23 0.45
24 47 0.2
47 27 0.29
47 28 0.5
47 29 0.33
30 47 0.18
47 32 0.2
47 33 0.15
47 38 0.24
47 39 0.22
47 40 0.41
47 41 0.67
47 42 0.17
47 43 0.6
47 44 0.2
47 61 4.0E-4
48 2 0.19
48 4 0.22
48 5 0.14
48 6 0.21
48 7 0.29
48 9 0.2
48 11 0.1
48 14 0.27
48 15 0.22
48 16 0.28
48 17 0.3
48 18 0.3
48 19 0.35
48 20 0.22
48 22 0.27
48 23 0.16
48 24 0.14
48 25 0.13
48 26 0.25
48 27 0.2
48 29 0.24
48 30 0.38
48 31 0.29
48 32 0.14
48 33 0.32
48 35 0.4
48 36 0.14
48 38 0.09
48 39 0.21
48 40 0.29
48 42 0.12
48 44 0.21
48 45 0.27
48 46 0.23
48 61 3.0E-4
49 8 0.71
16 49 0.27
17 49 0.11
18 49 0.14
23 49 0.45
30 49 0.18
32 49 0.41
36 49 0.41
39 49 0.15
40 49 0.41
43 49 0.3
44 49 0.2
61 49 3.0E-4
50 1 0.32
2 50 0.06
4 50 0.1
6 50 0.29
50 7 0.65
50 8 0.22
50 12 0.45
13 50 0.09
50 14 0.72
50 15 0.9
50 16 0.85
17 50 0.34
18 50 0.36
20 50 0.1
50 21 0.26
22 50 0.12
50 23 0.14
24 50 0.13
50 25 0.89
50 26 0.45
50 27 0.18
50 28 0.32
29 50 0.21
30 50 0.57
31 50 0.79
50 32 0.39
50 33 0.76
50 34 0.63
50 35 0.72
50 36 0.26
50 37 0.18
38 50 0.46
39 50 0.47
50 40 0.26
42 50 0.11
43 50 0.1
44 50 0.62
50 45 0.72
46 50 0.07
47 50 0.16
48 50 0.22
50 61 0.0034
51 1 0.45
4 51 0.14
51 7 0.73
51 14 0.85
51 15 0.71
51 16 0.6
17 51 0.24
18 51 0.19
51 21 0.18
51 25 0.79
51 26 0.63
30 51 0.4
31 51 0.62
51 33 0.67
51 34 0.67
51 35 0.68
38 51 0.43
39 51 0.33
42 51 0.15
44 51 0.44
51 45 0.85
46 51 0.1
48 51 0.16
51 50 0.71
51 61 0.0019
6 52 0.3
52 12 0.71
15 52 0.32
16 52 0.27
17 52 0.11
18 52 0.14
25 52 0.35
29 52 0.33
30 52 0.18
31 52 0.28
52 32 0.41
36 52 0.41
39 52 0.15
44 52 0.2
50 52 0.32
61 52 5.0E-4
6 53 0.43
53 12 1.0
15 53 0.45
16 53 0.38
17 53 0.15
18 53 0.2
25 53 0.5
29 53 0.24
30 53 0.25
31 53 0.39
53 32 0.29
35 53 0.27
36 53 0.29
39 53 0.21
44 53 0.28
50 53 0.45
53 52 0.71
61 53 8.0E-4
2 54 0.13
5 54 0.29
7 54 0.29
54 8 0.5
9 54 0.41
11 54 0.2
14 54 0.27
15 54 0.22
16 54 0.38
17 54 0.15
18 54 0.2
54 19 0.71
23 54 0.63
27 54 0.41
29 54 0.24
30 54 0.25
31 54 0.2
32 54 0.29
33 54 0.21
35 54 0.27
36 54 0.29
38 54 0.17
39 54 0.21
40 54 0.58
43 54 0.21
44 54 0.28
45 54 0.27
46 54 0.15
48 54 0.25
54 49 0.71
61 54 8.0E-4
55 1 0.5
2 55 0.09
4 55 0.16
5 55 0.2
7 55 0.61
11 55 0.14
13 55 0.14
14 55 0.57
15 55 0.47
16 55 0.4
17 55 0.21
18 55 0.21
25 55 0.53
55 26 0.35
30 55 0.36
31 55 0.42
33 55 0.6
34 55 0.25
55 35 0.57
38 55 0.36
39 55 0.29
42 55 0.17
44 55 0.39
45 55 0.57
46 55 0.22
48 55 0.18
50 55 0.47
51 55 0.67
61 55 0.0010
6 56 0.23
7 56 0.31
56 8 0.27
56 12 0.53
13 56 0.11
14 56 0.29
15 56 0.6
16 56 0.51
17 56 0.28
18 56 0.27
20 56 0.12
21 56 0.15
22 56 0.14
23 56 0.17
24 56 0.15
25 56 0.53
56 27 0.22
56 28 0.38
29 56 0.13
30 56 0.34
31 56 0.42
56 32 0.31
33 56 0.34
34 56 0.38
35 56 0.29
36 56 0.15
56 37 0.22
38 56 0.28
39 56 0.28
40 56 0.15
43 56 0.11
44 56 0.37
45 56 0.29
47 56 0.19
50 56 0.6
51 56 0.17
56 52 0.38
56 53 0.53
55 56 0.19
61 56 0.0015
6 57 0.35
57 8 0.41
57 12 0.82
13 57 0.17
15 57 0.55
16 57 0.46
17 57 0.18
18 57 0.24
20 57 0.18
22 57 0.22
23 57 0.26
24 57 0.24
25 57 0.41
57 27 0.33
57 28 0.58
29 57 0.19
30 57 0.31
31 57 0.32
57 32 0.47
33 57 0.17
35 57 0.22
36 57 0.24
38 57 0.14
39 57 0.26
40 57 0.24
43 57 0.17
44 57 0.34
47 57 0.29
50 57 0.55
57 52 0.58
57 53 0.82
57 56 0.65
61 57 0.0013
58 1 0.38
3 58 0.27
6 58 0.23
7 58 0.15
58 8 0.53
58 10 0.53
58 12 0.53
13 58 0.22
14 58 0.14
15 58 0.48
16 58 0.61
17 58 0.28
18 58 0.37
20 58 0.12
22 58 0.14
58 23 0.51
24 58 0.15
25 58 0.4
58 27 0.22
58 28 0.38
29 58 0.25
30 58 0.48
31 58 0.31
58 32 0.62
33 58 0.23
58 35 0.29
58 36 0.31
38 58 0.28
39 58 0.39
58 40 0.62
41 58 0.17
43 58 0.34
44 58 0.52
45 58 0.14
47 58 0.38
58 49 0.38
50 58 0.48
51 58 0.17
58 52 0.38
58 53 0.53
58 54 0.27
58 55 0.19
58 56 0.43
58 57 0.65
61 58 0.0027
59 1 0.33
2 59 0.06
59 3 0.24
4 59 0.32
6 59 0.2
59 7 0.54
13 59 0.1
59 14 0.63
59 15 0.53
59 16 0.45
17 59 0.32
18 59 0.28
59 21 0.14
22 59 0.25
59 25 0.59
59 26 0.47
29 59 0.22
30 59 0.42
31 59 0.65
59 33 0.5
59 34 0.5
59 35 0.5
59 37 0.19
38 59 0.4
39 59 0.39
41 59 0.3
42 59 0.33
43 59 0.2
44 59 0.33
59 45 0.63
46 59 0.07
47 59 0.17
48 59 0.12
59 50 0.53
59 51 0.6
59 55 0.5
59 56 0.25
59 58 0.13
59 61 0.0012
6 60 0.21
10 60 0.5
60 12 0.5
15 60 0.22
16 60 0.38
17 60 0.15
18 60 0.2
25 60 0.25
29 60 0.24
30 60 0.25
31 60 0.2
60 32 0.58
36 60 0.29
39 60 0.21
40 60 0.29
44 60 0.28
50 60 0.22
60 52 0.71
60 53 0.5
60 56 0.27
60 57 0.41
58 60 0.53
61 60 7.0E-4
