*Vertices  12
1 "电容"
2 "控制器"
3 "LED"
4 "二极管"
5 "三极管"
6 "转换器"
7 "芯片"
8 "继电器"
9 "电极"
10 "电阻"
11 "光电耦合器"
12 "触发脉冲"
*Arcs
1 12 0.016
1 2 0.11
2 12 0.0196
3 1 0.35
3 2 0.28
3 12 0.0031
4 1 0.34
4 2 0.16
4 3 0.75
4 12 0.0043
5 1 0.61
5 2 0.11
3 5 0.37
4 5 0.45
5 12 0.0145
1 6 0.23
6 2 0.29
3 6 0.28
4 6 0.21
5 6 0.11
6 12 0.0201
7 1 0.36
7 2 0.11
3 7 0.72
4 7 0.71
7 5 0.3
7 6 0.22
7 12 0.0044
1 8 0.6
8 2 0.19
3 8 0.21
4 8 0.21
5 8 0.43
8 6 0.19
7 8 0.15
8 12 0.0348
1 9 0.35
9 2 0.07
3 9 0.54
4 9 0.67
5 9 0.62
9 6 0.07
7 9 0.61
9 8 0.29
9 12 0.0076
10 1 0.66
10 2 0.08
3 10 0.49
4 10 0.46
10 5 0.76
10 6 0.25
7 10 0.45
10 8 0.44
10 9 0.56
10 12 0.0101
1 11 0.3
2 11 0.38
3 11 0.11
4 11 0.14
5 11 0.29
6 11 0.38
7 11 0.15
8 11 0.5
9 11 0.2
10 11 0.22
11 12 0.0862
