*Vertices  13
1 "LED灯"
2 "LED"
3 "二极管"
4 "通道"
5 "铝基板"
6 "基座"
7 "散热片"
8 "LED照明设备"
9 "LED芯片"
10 "芯片"
11 "Li"
12 "透镜"
13 "转动轴"
*Arcs
1 13 0.0042
2 1 0.6
2 13 0.0022
3 1 0.3
3 2 0.75
3 13 0.0030
1 4 0.22
2 4 0.26
3 4 0.23
4 13 0.017
5 1 0.29
5 2 0.26
5 3 0.23
5 4 0.33
5 13 0.0157
1 6 0.25
2 6 0.15
3 6 0.2
4 6 0.58
5 6 0.29
13 6 0.0405
1 7 0.47
2 7 0.28
3 7 0.27
7 4 0.46
5 7 0.46
7 6 0.53
7 13 0.0153
1 8 0.13
2 8 0.15
3 8 0.2
4 8 0.29
5 8 0.29
8 6 0.5
7 8 0.27
8 13 0.0378
1 9 0.26
2 9 0.44
3 9 0.48
9 4 0.4
5 9 0.4
9 6 0.34
9 7 0.37
9 8 0.17
9 13 0.0071
1 10 0.36
2 10 0.72
3 10 0.71
10 4 0.24
5 10 0.24
10 6 0.21
10 7 0.22
10 8 0.1
10 9 0.61
10 13 0.0030
1 11 0.29
2 11 0.32
3 11 0.28
11 4 0.14
5 11 0.27
11 6 0.24
11 7 0.25
11 8 0.24
11 9 0.32
11 10 0.34
11 13 0.0102
12 1 0.28
12 2 0.34
12 3 0.36
12 4 0.26
12 5 0.39
12 6 0.22
12 7 0.36
12 8 0.22
12 9 0.23
12 10 0.19
12 11 0.32
12 13 0.01
