*Vertices  63
1 "显示器"
2 "LED灯"
3 "光纤"
4 "探头"
5 "电容"
6 "传感器"
7 "控制器"
8 "处理器"
9 "单片机"
10 "荧光粉"
11 "开关"
12 "发光荧光材料"
13 "塑料光转换荧光粒料"
14 "助剂"
15 "触发脉冲"
16 "PD"
17 "聚合物树脂"
18 "变压器"
19 "光纤耦合"
20 "EP"
21 "LED"
22 "二极管"
23 "三极管"
24 "模糊增强算法"
25 "玻璃"
26 "塑料"
27 "光电转换器件"
28 "晶体振荡器"
29 "探针"
30 "IP软核"
31 "滤光片"
32 "发电机"
33 "SiO2"
34 "放大器"
35 "半导体"
36 "Al2O3"
37 "键合"
38 "燃气涡轮"
39 "客户"
40 "光电池"
41 "芯片"
42 "继电器"
43 "存储器"
44 "酸盐"
45 "硬脂酰胺"
46 "Li"
47 "液体石蜡"
48 "电感"
49 "灰度"
50 "电极"
51 "边缘检测"
52 "电阻"
53 "激光"
54 "检测仪"
55 "检测板"
56 "光电耦合器"
57 "透镜"
58 "甲基"
59 "VGA"
60 "聚光帽"
61 "激发光"
62 "DMA"
63 "转换器"
*Arcs
1 63 0.0010
2 1 0.13
2 63 2.0E-4
63 3 0.0015
4 3 0.58
63 4 6.0E-4
2 5 0.21
5 63 6.0E-4
1 6 0.38
6 3 0.33
6 4 0.38
63 6 0.0017
1 7 0.14
7 3 0.19
7 4 0.22
5 7 0.11
63 7 0.0011
8 1 0.36
8 2 0.17
8 3 0.16
8 4 0.37
8 5 0.1
8 6 0.21
8 7 0.48
8 63 4.0E-4
1 9 0.46
2 9 0.21
9 5 0.18
9 6 0.2
9 7 0.11
8 9 0.29
9 63 2.0E-4
10 1 0.24
10 2 0.17
10 7 0.12
10 8 0.1
10 9 0.1
10 63 2.0E-4
1 11 0.08
2 11 0.39
11 5 0.46
11 6 0.07
11 7 0.25
8 11 0.28
11 9 0.26
10 11 0.14
11 63 8.0E-4
12 1 0.23
12 2 0.27
12 8 0.1
12 9 0.09
12 10 0.57
12 11 0.13
12 63 2.0E-4
1 13 0.38
2 13 0.18
10 13 0.32
11 13 0.22
12 13 0.3
63 13 0.0013
1 14 0.27
2 14 0.13
10 14 0.45
11 14 0.15
12 14 0.43
14 13 0.71
63 14 8.0E-4
5 15 0.3
7 15 0.38
63 15 0.0010
1 16 0.22
16 3 0.58
16 4 0.33
16 6 0.58
8 16 0.18
63 16 0.0018
1 17 0.38
2 17 0.18
10 17 0.32
11 17 0.22
12 17 0.3
17 13 1.0
17 14 0.71
63 17 0.0013
1 18 0.11
2 18 0.2
5 18 0.44
18 6 0.1
18 7 0.11
9 18 0.09
10 18 0.09
11 18 0.25
18 63 2.0E-4
3 19 0.71
6 19 0.24
16 19 0.41
63 19 8.0E-4
2 20 0.2
20 5 0.17
20 7 0.11
8 20 0.18
20 9 0.09
10 20 0.46
20 11 0.19
12 20 0.35
20 18 0.08
20 63 3.0E-4
21 1 0.28
21 2 0.6
21 3 0.21
21 4 0.18
21 5 0.35
21 6 0.32
21 7 0.28
21 8 0.34
21 9 0.35
21 10 0.34
21 11 0.49
21 12 0.35
21 13 0.11
21 14 0.15
21 15 0.11
21 16 0.18
21 17 0.11
21 18 0.37
21 19 0.15
21 20 0.37
21 63 0.0013
22 1 0.11
22 2 0.3
22 3 0.21
22 4 0.08
22 5 0.34
22 6 0.09
22 7 0.16
22 8 0.04
22 9 0.13
22 10 0.36
22 11 0.31
22 12 0.43
22 13 0.14
22 14 0.2
22 15 0.14
22 16 0.16
22 17 0.14
22 18 0.37
22 19 0.2
22 20 0.24
22 21 0.75
22 63 8.0E-4
2 23 0.2
23 5 0.61
23 7 0.11
9 23 0.17
11 23 0.31
12 23 0.09
23 15 0.29
23 18 0.58
20 23 0.08
21 23 0.37
22 23 0.45
23 63 2.0E-4
24 7 0.38
8 24 0.32
11 24 0.22
20 24 0.29
21 24 0.11
63 24 0.0016
25 1 0.12
25 2 0.28
25 3 0.32
25 4 0.18
25 5 0.1
25 6 0.21
25 8 0.3
25 9 0.29
25 10 0.2
25 11 0.21
25 12 0.19
25 16 0.37
25 18 0.09
25 19 0.22
25 20 0.18
25 21 0.34
25 22 0.22
25 23 0.09
25 63 7.0E-4
26 1 0.29
26 2 0.13
26 3 0.38
26 4 0.22
26 6 0.25
26 7 0.14
26 8 0.12
26 10 0.36
26 11 0.16
26 12 0.34
26 13 0.38
26 14 0.53
26 16 0.44
26 17 0.38
26 19 0.27
26 20 0.11
26 21 0.28
26 22 0.37
26 25 0.48
26 63 0.0019
27 3 0.71
27 4 0.41
27 6 0.47
27 16 0.82
27 19 0.5
21 27 0.15
22 27 0.2
25 27 0.45
26 27 0.53
63 27 0.0024
2 28 0.13
28 5 0.21
28 7 0.27
8 28 0.22
9 28 0.21
11 28 0.31
20 28 0.2
21 28 0.15
28 23 0.2
28 24 0.71
25 28 0.22
28 63 9.0E-4
29 3 0.35
29 4 0.41
29 6 0.24
29 16 0.41
21 29 0.15
22 29 0.2
25 29 0.22
26 29 0.27
29 27 0.5
63 29 6.0E-4
30 7 0.38
8 30 0.32
11 30 0.22
20 30 0.29
21 30 0.11
30 24 1.0
28 30 0.71
63 30 0.0016
31 3 0.71
31 4 0.41
31 6 0.24
31 16 0.41
31 19 0.5
21 31 0.15
22 31 0.2
25 31 0.22
26 31 0.27
31 27 0.5
31 29 0.5
63 31 8.0E-4
1 32 0.19
2 32 0.18
6 32 0.17
7 32 0.19
9 32 0.15
10 32 0.16
11 32 0.22
18 32 0.29
21 32 0.21
22 32 0.14
63 32 3.0E-4
1 33 0.13
2 33 0.24
10 33 0.42
33 11 0.07
12 33 0.7
33 13 0.33
33 14 0.47
33 17 0.33
33 18 0.1
33 20 0.38
21 33 0.32
22 33 0.38
26 33 0.25
33 63 2.0E-4
1 34 0.38
5 34 0.3
34 6 0.17
34 7 0.19
8 34 0.16
9 34 0.45
18 34 0.29
21 34 0.21
22 34 0.14
23 34 0.14
34 32 0.25
34 63 4.0E-4
35 1 0.14
35 2 0.29
35 3 0.09
35 4 0.1
35 5 0.11
35 6 0.12
35 8 0.11
35 9 0.05
35 10 0.34
35 11 0.12
35 12 0.43
35 13 0.18
35 14 0.13
35 16 0.1
35 17 0.18
35 18 0.1
35 19 0.13
35 20 0.31
35 21 0.59
35 22 0.64
35 23 0.05
35 25 0.23
35 26 0.27
35 27 0.13
35 29 0.13
35 33 0.42
35 34 0.09
35 63 4.0E-4
1 36 0.1
2 36 0.15
10 36 0.35
36 11 0.06
12 36 0.5
36 13 0.28
36 14 0.39
36 17 0.28
36 18 0.08
20 36 0.08
21 36 0.38
22 36 0.43
26 36 0.21
33 36 0.55
35 36 0.6
36 63 2.0E-4
2 37 0.07
37 3 0.2
37 4 0.24
5 37 0.12
37 6 0.14
9 37 0.12
10 37 0.13
12 37 0.25
37 16 0.24
20 37 0.12
21 37 0.26
22 37 0.29
25 37 0.13
26 37 0.15
37 27 0.29
37 29 0.29
37 31 0.29
33 37 0.27
34 37 0.2
35 37 0.29
36 37 0.23
63 37 3.0E-4
1 38 0.38
6 38 0.33
9 38 0.3
18 38 0.29
21 38 0.11
32 38 0.5
34 38 0.5
63 38 0.0010
1 39 0.22
2 39 0.2
39 4 0.33
5 39 0.17
39 6 0.19
8 39 0.37
10 39 0.18
11 39 0.25
12 39 0.17
39 13 0.58
39 14 0.41
39 17 0.58
20 39 0.17
21 39 0.18
22 39 0.08
26 39 0.22
33 39 0.19
35 39 0.21
36 39 0.16
63 39 7.0E-4
40 3 0.5
40 4 0.58
40 6 0.5
8 40 0.16
40 16 0.58
40 19 0.35
21 40 0.21
22 40 0.21
25 40 0.32
26 40 0.38
40 27 0.71
40 29 0.35
40 31 0.35
35 40 0.18
37 40 0.2
39 40 0.29
63 40 0.0015
1 41 0.22
2 41 0.36
41 5 0.36
41 6 0.05
41 7 0.11
8 41 0.05
41 9 0.36
10 41 0.37
41 11 0.29
12 41 0.44
41 13 0.15
41 14 0.21
41 15 0.15
41 17 0.15
41 18 0.21
41 20 0.38
21 41 0.72
22 41 0.71
41 23 0.3
25 41 0.14
26 41 0.17
41 28 0.1
41 29 0.1
41 32 0.07
41 33 0.44
41 34 0.29
35 41 0.69
41 36 0.53
41 37 0.3
41 38 0.15
41 39 0.09
41 63 7.0E-4
2 42 0.09
5 42 0.6
42 7 0.19
8 42 0.16
11 42 0.33
42 15 0.5
18 42 0.29
20 42 0.14
21 42 0.21
22 42 0.21
23 42 0.43
42 39 0.29
41 42 0.15
42 63 4.0E-4
1 43 0.38
43 4 0.29
43 6 0.5
43 7 0.19
8 43 0.47
9 43 0.15
11 43 0.11
43 16 0.29
18 43 0.14
20 43 0.14
21 43 0.21
43 24 0.5
28 43 0.35
43 30 0.5
43 32 0.25
34 43 0.25
35 43 0.09
43 38 0.5
39 43 0.29
43 40 0.25
41 43 0.07
63 43 0.0018
1 44 0.15
2 44 0.14
10 44 0.52
44 11 0.09
12 44 0.62
44 13 0.41
44 14 0.58
44 17 0.41
44 20 0.35
21 44 0.26
22 44 0.29
25 44 0.13
26 44 0.31
44 33 0.54
35 44 0.29
44 36 0.34
44 39 0.24
44 41 0.36
44 63 3.0E-4
1 45 0.38
2 45 0.18
10 45 0.32
11 45 0.22
12 45 0.3
45 13 1.0
45 14 0.71
45 17 1.0
21 45 0.11
22 45 0.14
26 45 0.38
33 45 0.33
35 45 0.18
36 45 0.28
45 39 0.58
41 45 0.15
44 45 0.41
63 45 0.0013
1 46 0.13
2 46 0.29
46 7 0.13
8 46 0.11
10 46 0.42
46 11 0.15
12 46 0.4
46 13 0.33
46 14 0.47
46 17 0.33
46 20 0.29
21 46 0.32
22 46 0.28
46 24 0.33
25 46 0.11
26 46 0.25
46 28 0.24
46 30 0.33
46 33 0.33
35 46 0.3
46 36 0.28
46 39 0.19
46 41 0.34
46 43 0.17
46 44 0.54
46 45 0.33
46 63 8.0E-4
1 47 0.38
2 47 0.18
10 47 0.32
11 47 0.22
12 47 0.3
47 13 1.0
47 14 0.71
47 17 1.0
21 47 0.11
22 47 0.14
26 47 0.38
33 47 0.33
35 47 0.18
36 47 0.28
47 39 0.58
41 47 0.15
44 47 0.41
47 45 1.0
46 47 0.33
63 47 0.0013
2 48 0.25
5 48 0.43
11 48 0.31
18 48 0.2
20 48 0.2
21 48 0.15
22 48 0.1
23 48 0.2
35 48 0.13
41 48 0.21
48 63 3.0E-4
49 7 0.38
8 49 0.32
11 49 0.22
20 49 0.29
21 49 0.11
49 24 1.0
28 49 0.71
49 30 1.0
49 43 0.5
46 49 0.33
63 49 0.0016
2 50 0.17
5 50 0.35
50 7 0.07
9 50 0.06
10 50 0.06
11 50 0.17
12 50 0.24
50 15 0.2
50 18 0.45
20 50 0.17
21 50 0.54
22 50 0.67
23 50 0.62
25 50 0.06
26 50 0.07
33 50 0.26
50 34 0.1
35 50 0.56
36 50 0.54
50 37 0.24
41 50 0.61
50 42 0.29
46 50 0.07
50 48 0.14
50 63 1.0E-4
51 7 0.38
8 51 0.32
11 51 0.22
20 51 0.29
21 51 0.11
51 24 1.0
28 51 0.71
51 30 1.0
51 43 0.5
46 51 0.33
51 49 1.0
63 51 0.0016
1 52 0.08
2 52 0.35
52 5 0.66
52 6 0.07
52 7 0.08
8 52 0.07
9 52 0.2
10 52 0.07
11 52 0.48
12 52 0.07
52 15 0.22
52 18 0.57
20 52 0.13
21 52 0.49
22 52 0.46
52 23 0.76
25 52 0.07
52 28 0.15
52 32 0.11
33 52 0.07
52 34 0.22
35 52 0.16
36 52 0.12
52 38 0.22
52 39 0.13
41 52 0.45
52 42 0.44
52 43 0.11
46 52 0.07
52 48 0.31
52 50 0.56
52 63 7.0E-4
53 1 0.13
53 2 0.19
53 3 0.35
53 6 0.24
53 8 0.11
53 10 0.22
53 11 0.08
53 12 0.21
53 16 0.2
53 18 0.1
53 19 0.5
53 21 0.3
53 22 0.3
53 25 0.22
53 26 0.27
53 27 0.25
53 31 0.25
53 33 0.24
53 35 0.38
53 36 0.29
53 37 0.14
53 40 0.18
53 41 0.21
53 46 0.12
53 50 0.21
53 52 0.23
53 63 3.0E-4
1 54 0.27
4 54 0.41
6 54 0.47
8 54 0.22
9 54 0.21
18 54 0.2
21 54 0.15
54 32 0.35
34 54 0.35
35 54 0.13
54 38 0.71
39 54 0.41
40 54 0.35
41 54 0.1
43 54 0.71
52 54 0.15
63 54 8.0E-4
1 55 0.27
6 55 0.47
9 55 0.21
18 55 0.2
21 55 0.15
55 32 0.35
34 55 0.35
55 38 0.71
41 55 0.1
43 55 0.35
52 55 0.15
53 55 0.25
54 55 0.5
63 55 6.0E-4
5 56 0.3
7 56 0.38
56 15 1.0
21 56 0.11
22 56 0.14
23 56 0.29
41 56 0.15
42 56 0.5
50 56 0.2
52 56 0.22
63 56 0.0010
57 1 0.24
57 2 0.28
57 3 0.32
57 6 0.11
57 8 0.1
57 10 0.3
57 11 0.07
57 12 0.29
57 13 0.32
57 14 0.45
57 16 0.18
57 17 0.32
57 19 0.45
57 20 0.09
57 21 0.34
57 22 0.36
57 25 0.2
57 26 0.48
57 27 0.22
57 31 0.22
57 33 0.21
57 35 0.23
57 36 0.18
57 39 0.18
57 40 0.32
57 41 0.19
57 44 0.26
57 45 0.32
57 46 0.32
57 47 0.32
57 53 0.34
57 63 8.0E-4
1 58 0.13
2 58 0.06
10 58 0.32
11 58 0.07
12 58 0.2
58 13 0.33
58 14 0.47
58 17 0.33
20 58 0.1
21 58 0.32
22 58 0.28
26 58 0.25
33 58 0.22
35 58 0.42
36 58 0.65
58 39 0.19
41 58 0.39
44 58 0.41
58 45 0.33
46 58 0.33
58 47 0.33
50 58 0.33
52 58 0.07
53 58 0.12
57 58 0.32
63 58 2.0E-4
59 7 0.38
8 59 0.32
11 59 0.22
20 59 0.29
21 59 0.11
59 24 1.0
28 59 0.71
59 30 1.0
59 43 0.5
46 59 0.33
59 49 1.0
59 51 1.0
63 59 0.0016
3 60 0.5
6 60 0.33
16 60 0.58
60 19 0.71
21 60 0.11
22 60 0.14
25 60 0.32
26 60 0.38
27 60 0.71
35 60 0.18
40 60 0.5
53 60 0.35
57 60 0.32
63 60 0.0011
1 61 0.14
2 61 0.13
61 3 0.38
61 4 0.22
61 6 0.13
10 61 0.48
61 11 0.08
12 61 0.57
61 13 0.38
61 14 0.53
61 16 0.22
61 17 0.38
61 19 0.27
61 20 0.33
21 61 0.28
22 61 0.32
25 61 0.24
26 61 0.43
61 27 0.27
61 29 0.27
61 31 0.53
61 33 0.5
35 61 0.2
61 36 0.21
61 37 0.15
61 39 0.22
61 40 0.19
61 41 0.28
61 44 0.62
61 45 0.38
61 46 0.5
61 47 0.38
53 61 0.13
57 61 0.36
61 58 0.25
61 63 0.0010
62 7 0.53
8 62 0.45
11 62 0.15
20 62 0.2
21 62 0.15
62 24 0.71
28 62 0.5
62 30 0.71
62 43 0.35
46 62 0.24
62 49 0.71
62 51 0.71
62 59 0.71
63 62 9.0E-4
