*Vertices  15
1 "控制器"
2 "处理器"
3 "开关"
4 "EP"
5 "LED"
6 "模糊增强算法"
7 "转换器"
8 "晶体振荡器"
9 "IP软核"
10 "存储器"
11 "Li"
12 "灰度"
13 "VGA"
14 "DMA"
15 "边缘检测"
*Arcs
15 1 0.0070
2 1 0.48
2 15 0.0053
3 1 0.25
2 3 0.28
3 15 0.0025
4 1 0.11
2 4 0.18
4 3 0.19
4 15 0.0038
5 1 0.28
5 2 0.34
5 3 0.49
5 4 0.37
5 15 9.0E-4
6 1 0.38
2 6 0.32
3 6 0.22
4 6 0.29
5 6 0.11
15 6 0.0382
7 1 0.29
2 7 0.12
3 7 0.25
4 7 0.11
5 7 0.28
7 6 0.38
7 15 0.0067
8 1 0.27
2 8 0.22
3 8 0.31
4 8 0.2
5 8 0.15
8 6 0.71
8 7 0.27
8 15 0.0209
9 1 0.38
2 9 0.32
3 9 0.22
4 9 0.29
5 9 0.11
9 6 1.0
7 9 0.38
8 9 0.71
15 9 0.0382
10 1 0.19
2 10 0.47
3 10 0.11
4 10 0.14
5 10 0.21
10 6 0.5
7 10 0.38
8 10 0.35
10 9 0.5
15 10 0.0111
11 1 0.13
2 11 0.11
11 3 0.15
11 4 0.29
5 11 0.32
11 6 0.33
11 7 0.25
11 8 0.24
11 9 0.33
11 10 0.17
11 15 0.0050
12 1 0.38
2 12 0.32
3 12 0.22
4 12 0.29
5 12 0.11
12 6 1.0
7 12 0.38
8 12 0.71
12 9 1.0
12 10 0.5
11 12 0.33
15 12 0.0382
13 1 0.38
2 13 0.32
3 13 0.22
4 13 0.29
5 13 0.11
13 6 1.0
7 13 0.38
8 13 0.71
13 9 1.0
13 10 0.5
11 13 0.33
13 12 1.0
13 15 0.0382
14 1 0.53
2 14 0.45
3 14 0.15
4 14 0.2
5 14 0.15
14 6 0.71
7 14 0.27
8 14 0.5
14 9 0.71
14 10 0.35
11 14 0.24
14 12 0.71
14 13 0.71
14 15 0.0216
