*Vertices  72
1 "显示器"
2 "LED灯"
3 "光纤"
4 "容器"
5 "光膜"
6 "传感器"
7 "处理器"
8 "波长检测器"
9 "荧光粉"
10 "反光杯"
11 "开关"
12 "发光荧光材料"
13 "柔性高分子材料"
14 "塑料光转换荧光粒料"
15 "助剂"
16 "PD"
17 "聚合物树脂"
18 "牙结石"
19 "光纤耦合"
20 "EP"
21 "LED"
22 "二极管"
23 "玻璃"
24 "通道"
25 "LED光源"
26 "塑料"
27 "光电转换器件"
28 "转换器"
29 "铝基板"
30 "导热板"
31 "基座"
32 "滤光片"
33 "稀释剂"
34 "散热片"
35 "散热器"
36 "光谱仪"
37 "液相色谱仪"
38 "荧光体"
39 "发光体"
40 "硅橡胶"
41 "密封胶"
42 "SiO2"
43 "半导体"
44 "电路板"
45 "Al2O3"
46 "客户"
47 "荧光光谱"
48 "光电池"
49 "LED照明设备"
50 "LED芯片"
51 "芯片"
52 "酸盐"
53 "硅油"
54 "去离子水"
55 "硬脂酰胺"
56 "Li"
57 "液体石蜡"
58 "离子"
59 "丙酮"
60 "激光"
61 "EP-CAB共聚物"
62 "洗墙灯"
63 "检测池"
64 "射灯"
65 "转动轴"
66 "臭氧"
67 "半透半反镜"
68 "甲基"
69 "CAB"
70 "聚光帽"
71 "激发光"
72 "透镜"
*Arcs
72 1 4.0E-4
2 1 0.13
72 2 8.0E-4
72 3 8.0E-4
72 4 4.0E-4
5 1 0.27
5 2 0.13
5 4 0.5
72 5 0.0014
1 6 0.38
6 3 0.33
72 6 2.0E-4
7 1 0.36
7 2 0.17
7 3 0.16
7 5 0.22
7 6 0.21
72 7 1.0E-4
72 8 9.0E-4
9 1 0.24
9 2 0.17
9 4 0.22
9 5 0.45
9 7 0.1
72 9 9.0E-4
2 10 0.18
72 10 5.0E-4
1 11 0.08
2 11 0.39
11 6 0.07
7 11 0.28
9 11 0.14
72 11 1.0E-4
12 1 0.23
12 2 0.27
12 4 0.21
12 5 0.43
12 7 0.1
12 9 0.57
12 11 0.13
72 12 8.0E-4
13 4 0.71
5 13 0.71
9 13 0.32
12 13 0.3
72 13 8.0E-4
1 14 0.38
2 14 0.18
9 14 0.32
11 14 0.22
12 14 0.3
72 14 7.0E-4
1 15 0.27
2 15 0.13
15 4 0.5
5 15 0.5
9 15 0.45
11 15 0.15
12 15 0.43
15 13 0.71
15 14 0.71
72 15 0.0016
1 16 0.22
16 3 0.58
16 6 0.58
7 16 0.18
72 16 3.0E-4
1 17 0.38
2 17 0.18
9 17 0.32
11 17 0.22
12 17 0.3
17 14 1.0
17 15 0.71
72 17 7.0E-4
3 18 0.5
72 18 5.0E-4
3 19 0.71
6 19 0.24
16 19 0.41
19 18 0.71
72 19 0.0012
2 20 0.2
20 4 0.2
7 20 0.18
9 20 0.46
20 11 0.19
12 20 0.35
72 20 2.0E-4
21 1 0.28
21 2 0.6
21 3 0.21
21 4 0.15
21 5 0.15
21 6 0.32
21 7 0.34
21 8 0.11
21 9 0.34
21 10 0.11
21 11 0.49
21 12 0.35
21 13 0.11
21 14 0.11
21 15 0.15
21 16 0.18
21 17 0.11
21 18 0.11
21 19 0.15
21 20 0.37
72 21 0.0014
22 1 0.11
22 2 0.3
22 3 0.21
22 4 0.2
22 5 0.2
22 6 0.09
22 7 0.04
22 8 0.14
22 9 0.36
22 10 0.14
22 11 0.31
22 12 0.43
22 13 0.14
22 14 0.14
22 15 0.2
22 16 0.16
22 17 0.14
22 18 0.14
22 19 0.2
22 20 0.24
22 21 0.75
72 22 0.0013
23 1 0.12
23 2 0.28
23 3 0.32
23 5 0.22
23 6 0.21
23 7 0.3
23 9 0.2
23 11 0.21
23 12 0.19
23 16 0.37
23 19 0.22
23 20 0.18
23 21 0.34
23 22 0.22
72 23 4.0E-4
1 24 0.15
2 24 0.22
24 6 0.14
21 24 0.26
22 24 0.23
72 24 5.0E-4
25 1 0.1
25 2 0.44
25 5 0.2
25 6 0.09
25 7 0.18
25 8 0.28
25 9 0.26
25 11 0.06
25 12 0.17
25 20 0.24
25 21 0.38
25 22 0.27
25 23 0.18
25 24 0.11
72 25 7.0E-4
26 1 0.29
26 2 0.13
26 3 0.38
26 4 0.27
26 5 0.53
26 6 0.25
26 7 0.12
26 9 0.36
26 11 0.16
26 12 0.34
26 13 0.38
26 14 0.38
26 15 0.53
26 16 0.44
26 17 0.38
26 19 0.27
26 20 0.11
26 21 0.28
26 22 0.37
26 23 0.48
26 25 0.1
72 26 0.0019
27 3 0.71
27 6 0.47
27 16 0.82
27 19 0.5
21 27 0.15
22 27 0.2
23 27 0.45
26 27 0.53
72 27 5.0E-4
1 28 0.29
2 28 0.13
28 3 0.38
28 6 0.38
7 28 0.12
9 28 0.12
11 28 0.25
12 28 0.11
28 14 0.38
28 15 0.27
28 16 0.44
28 17 0.38
28 19 0.27
20 28 0.11
21 28 0.28
22 28 0.21
23 28 0.24
26 28 0.43
28 27 0.53
72 28 5.0E-4
29 1 0.15
29 2 0.29
29 5 0.29
29 7 0.13
29 9 0.26
29 12 0.12
29 20 0.24
29 21 0.26
29 22 0.23
29 23 0.26
29 24 0.33
29 25 0.34
29 26 0.31
72 29 0.0011
2 30 0.25
30 10 0.71
21 30 0.15
22 30 0.1
30 24 0.29
25 30 0.2
29 30 0.29
72 30 0.0012
2 31 0.25
21 31 0.15
22 31 0.2
24 31 0.58
29 31 0.29
72 31 3.0E-4
32 3 0.71
32 6 0.24
32 16 0.41
32 18 0.71
32 19 0.5
21 32 0.15
22 32 0.2
23 32 0.22
26 32 0.27
32 27 0.5
28 32 0.27
72 32 4.0E-4
33 4 0.71
5 33 0.71
9 33 0.32
12 33 0.3
33 13 1.0
33 15 0.71
21 33 0.11
22 33 0.14
26 33 0.38
72 33 8.0E-4
2 34 0.47
34 10 0.38
21 34 0.28
22 34 0.27
34 24 0.46
25 34 0.42
29 34 0.46
34 30 0.53
34 31 0.53
72 34 0.0011
2 35 0.47
35 10 0.38
21 35 0.28
22 35 0.21
35 24 0.31
25 35 0.42
29 35 0.31
35 30 0.53
35 31 0.27
35 34 0.86
72 35 6.0E-4
2 36 0.13
36 3 0.35
12 36 0.21
36 18 0.71
36 19 0.5
36 20 0.2
21 36 0.15
22 36 0.1
36 32 0.5
72 36 4.0E-4
37 8 1.0
21 37 0.11
22 37 0.14
25 37 0.28
72 37 9.0E-4
38 4 0.41
5 38 0.41
9 38 0.55
12 38 0.52
38 13 0.58
38 15 0.41
20 38 0.33
21 38 0.18
22 38 0.24
23 38 0.18
25 38 0.16
26 38 0.22
38 33 0.58
72 38 4.0E-4
39 1 0.17
39 2 0.24
39 5 0.32
39 7 0.14
39 9 0.28
39 12 0.27
39 20 0.13
39 21 0.24
39 22 0.25
39 23 0.14
39 25 0.37
39 26 0.17
39 29 0.18
39 34 0.17
39 35 0.17
39 38 0.26
72 39 2.0E-4
40 4 0.71
5 40 0.71
9 40 0.32
12 40 0.3
40 13 1.0
40 15 0.71
21 40 0.11
22 40 0.14
26 40 0.38
40 33 1.0
40 38 0.58
72 40 8.0E-4
2 41 0.18
21 41 0.11
24 41 0.41
25 41 0.28
29 41 0.41
30 41 0.71
34 41 0.38
35 41 0.38
72 41 5.0E-4
1 42 0.13
2 42 0.24
42 4 0.47
5 42 0.24
9 42 0.42
42 11 0.07
12 42 0.7
42 13 0.33
42 14 0.33
42 15 0.47
42 17 0.33
42 20 0.38
21 42 0.32
22 42 0.38
26 42 0.25
42 28 0.13
42 33 0.33
42 36 0.24
42 38 0.38
39 42 0.15
42 40 0.33
72 42 5.0E-4
43 1 0.14
43 2 0.29
43 3 0.09
43 4 0.13
43 5 0.13
43 6 0.12
43 7 0.11
43 9 0.34
43 10 0.18
43 11 0.12
43 12 0.43
43 14 0.18
43 15 0.13
43 16 0.1
43 17 0.18
43 19 0.13
43 20 0.31
43 21 0.59
43 22 0.64
43 23 0.23
43 24 0.15
43 25 0.3
43 26 0.27
43 27 0.13
43 28 0.14
43 29 0.22
43 30 0.13
43 34 0.2
43 35 0.27
43 38 0.21
43 39 0.16
43 42 0.42
72 43 6.0E-4
44 1 0.15
44 2 0.43
44 5 0.29
44 7 0.13
44 9 0.13
44 11 0.18
44 12 0.12
44 21 0.26
44 22 0.06
44 23 0.39
44 25 0.11
44 26 0.15
44 29 0.17
44 35 0.15
44 39 0.37
44 43 0.15
72 44 1.0E-4
1 45 0.1
2 45 0.15
45 4 0.2
5 45 0.2
9 45 0.35
45 11 0.06
12 45 0.5
45 13 0.28
45 14 0.28
45 15 0.39
45 17 0.28
20 45 0.08
21 45 0.38
22 45 0.43
45 24 0.23
26 45 0.21
45 28 0.1
45 33 0.28
45 38 0.16
45 40 0.28
42 45 0.55
43 45 0.6
72 45 4.0E-4
1 46 0.22
2 46 0.2
46 6 0.19
7 46 0.37
9 46 0.18
11 46 0.25
12 46 0.17
46 14 0.58
46 15 0.41
46 17 0.58
20 46 0.17
21 46 0.18
22 46 0.08
25 46 0.16
26 46 0.22
28 46 0.22
42 46 0.19
43 46 0.21
45 46 0.16
72 46 3.0E-4
2 47 0.13
47 3 0.35
12 47 0.21
47 18 0.71
47 19 0.5
47 20 0.2
21 47 0.15
22 47 0.1
47 32 0.5
47 36 1.0
47 42 0.24
72 47 4.0E-4
48 3 0.5
48 6 0.5
7 48 0.16
48 8 0.5
48 16 0.58
48 19 0.35
21 48 0.21
22 48 0.21
23 48 0.32
25 48 0.28
26 48 0.38
48 27 0.71
28 48 0.38
48 32 0.35
48 37 0.5
43 48 0.18
46 48 0.29
72 48 0.0010
2 49 0.13
9 49 0.22
11 49 0.15
21 49 0.15
22 49 0.2
24 49 0.29
29 49 0.29
49 31 0.5
34 49 0.27
72 49 3.0E-4
2 50 0.26
50 4 0.34
5 50 0.17
9 50 0.23
50 10 0.24
50 11 0.05
12 50 0.15
50 13 0.24
50 15 0.17
20 50 0.35
21 50 0.44
22 50 0.48
23 50 0.15
50 24 0.4
25 50 0.2
26 50 0.18
29 50 0.4
50 30 0.17
50 31 0.34
50 33 0.24
50 34 0.37
50 35 0.28
50 38 0.28
50 40 0.24
42 50 0.24
43 50 0.57
45 50 0.47
50 49 0.17
72 50 6.0E-4
1 51 0.22
2 51 0.36
51 4 0.21
5 51 0.1
51 6 0.05
7 51 0.05
9 51 0.37
51 10 0.15
51 11 0.29
12 51 0.44
51 13 0.15
51 14 0.15
51 15 0.21
51 17 0.15
51 20 0.38
21 51 0.72
22 51 0.71
23 51 0.14
51 24 0.24
25 51 0.16
26 51 0.17
51 28 0.22
29 51 0.24
51 30 0.1
51 31 0.21
51 33 0.15
51 34 0.22
51 35 0.17
51 36 0.1
51 38 0.26
39 51 0.07
51 40 0.15
51 42 0.44
43 51 0.69
44 51 0.06
51 45 0.53
51 46 0.09
51 47 0.1
51 49 0.1
51 50 0.61
72 51 5.0E-4
1 52 0.15
2 52 0.14
52 4 0.29
5 52 0.29
9 52 0.52
52 11 0.09
12 52 0.62
52 13 0.41
52 14 0.41
52 15 0.58
52 17 0.41
52 20 0.35
21 52 0.26
22 52 0.29
23 52 0.13
25 52 0.11
26 52 0.31
52 28 0.15
52 33 0.41
52 36 0.29
52 38 0.47
52 40 0.41
52 42 0.54
43 52 0.29
52 45 0.34
52 46 0.24
52 47 0.29
52 50 0.2
52 51 0.36
72 52 7.0E-4
53 4 0.71
5 53 0.71
9 53 0.32
12 53 0.3
53 13 1.0
53 15 0.71
21 53 0.11
22 53 0.14
26 53 0.38
53 33 1.0
53 38 0.58
53 40 1.0
42 53 0.33
45 53 0.28
50 53 0.24
51 53 0.15
52 53 0.41
72 53 8.0E-4
2 54 0.08
54 4 0.32
12 54 0.13
54 20 0.39
21 54 0.24
22 54 0.19
54 36 0.32
54 42 0.3
43 54 0.24
54 47 0.32
54 50 0.11
54 51 0.26
54 52 0.37
72 54 2.0E-4
1 55 0.38
2 55 0.18
9 55 0.32
11 55 0.22
12 55 0.3
55 14 1.0
55 15 0.71
55 17 1.0
21 55 0.11
22 55 0.14
26 55 0.38
28 55 0.38
42 55 0.33
43 55 0.18
45 55 0.28
55 46 0.58
51 55 0.15
52 55 0.41
72 55 7.0E-4
1 56 0.13
2 56 0.29
56 4 0.24
5 56 0.24
7 56 0.11
9 56 0.42
56 11 0.15
12 56 0.4
56 13 0.33
56 14 0.33
56 15 0.47
56 17 0.33
56 20 0.29
21 56 0.32
22 56 0.28
23 56 0.11
56 24 0.14
25 56 0.18
26 56 0.25
56 28 0.25
29 56 0.27
56 31 0.24
56 33 0.33
56 34 0.25
56 35 0.25
56 36 0.24
56 38 0.38
56 40 0.33
56 42 0.33
43 56 0.3
44 56 0.14
56 45 0.28
56 46 0.19
56 47 0.24
56 49 0.24
56 50 0.32
56 51 0.34
56 52 0.54
56 53 0.33
56 54 0.15
56 55 0.33
72 56 0.0010
1 57 0.38
2 57 0.18
9 57 0.32
11 57 0.22
12 57 0.3
57 14 1.0
57 15 0.71
57 17 1.0
21 57 0.11
22 57 0.14
26 57 0.38
28 57 0.38
42 57 0.33
43 57 0.18
45 57 0.28
57 46 0.58
51 57 0.15
52 57 0.41
57 55 1.0
56 57 0.33
72 57 7.0E-4
2 58 0.16
58 4 0.21
9 58 0.19
12 58 0.27
58 20 0.52
21 58 0.35
22 58 0.3
23 58 0.38
25 58 0.08
26 58 0.11
29 58 0.12
58 36 0.21
58 38 0.35
39 58 0.13
58 42 0.3
43 58 0.38
44 58 0.12
58 47 0.21
58 50 0.22
58 51 0.36
58 52 0.37
58 54 0.67
58 56 0.2
72 58 2.0E-4
2 59 0.09
59 4 0.35
12 59 0.15
59 20 0.58
21 59 0.21
22 59 0.14
23 59 0.16
26 59 0.19
29 59 0.2
59 36 0.35
59 42 0.33
43 59 0.18
59 47 0.35
59 50 0.24
59 51 0.22
59 52 0.2
59 54 0.67
59 56 0.17
59 58 0.6
72 59 3.0E-4
60 1 0.13
60 2 0.19
60 3 0.35
60 5 0.25
60 6 0.24
60 7 0.11
60 9 0.22
60 11 0.08
60 12 0.21
60 16 0.2
60 18 0.35
60 19 0.5
60 21 0.3
60 22 0.3
60 23 0.22
60 25 0.1
60 26 0.27
60 27 0.25
60 28 0.13
60 29 0.14
60 32 0.25
60 36 0.25
60 39 0.16
60 42 0.24
60 43 0.38
60 44 0.14
60 45 0.29
60 47 0.25
60 48 0.18
60 50 0.09
60 51 0.21
60 56 0.12
72 60 8.0E-4
20 61 0.29
21 61 0.11
54 61 0.45
58 61 0.3
59 61 0.5
72 61 5.0E-4
62 1 0.38
62 2 0.18
62 5 0.71
62 7 0.32
62 9 0.32
62 12 0.3
62 21 0.11
62 22 0.14
62 23 0.32
62 25 0.28
62 26 0.38
62 29 0.41
62 39 0.45
62 43 0.18
62 44 0.41
62 60 0.35
72 62 5.0E-4
63 8 1.0
21 63 0.11
22 63 0.14
25 63 0.28
63 37 1.0
48 63 0.5
72 63 9.0E-4
64 1 0.27
64 2 0.25
64 5 0.5
64 7 0.22
64 9 0.22
64 12 0.21
64 21 0.15
64 22 0.1
64 23 0.22
64 25 0.39
64 26 0.27
64 29 0.29
64 34 0.27
64 35 0.27
64 39 0.32
64 43 0.25
64 44 0.29
64 60 0.25
64 62 0.71
72 64 3.0E-4
2 65 0.18
21 65 0.11
22 65 0.14
24 65 0.41
29 65 0.41
65 31 0.71
34 65 0.38
49 65 0.71
50 65 0.24
51 65 0.15
56 65 0.33
72 65 5.0E-4
2 66 0.2
66 4 0.41
5 66 0.41
9 66 0.18
12 66 0.17
66 13 0.58
66 15 0.41
21 66 0.18
22 66 0.08
23 66 0.37
26 66 0.22
66 33 0.58
66 38 0.33
66 40 0.58
42 66 0.19
44 66 0.24
45 66 0.16
50 66 0.14
51 66 0.09
52 66 0.24
66 53 0.58
56 66 0.19
58 66 0.35
72 66 3.0E-4
67 8 1.0
21 67 0.11
22 67 0.14
25 67 0.28
67 37 1.0
48 67 0.5
67 63 1.0
72 67 9.0E-4
1 68 0.13
2 68 0.06
68 4 0.24
5 68 0.24
9 68 0.32
11 68 0.07
12 68 0.2
68 13 0.33
68 14 0.33
68 15 0.47
68 17 0.33
20 68 0.1
21 68 0.32
22 68 0.28
68 24 0.14
26 68 0.25
28 68 0.13
68 33 0.33
68 38 0.19
68 40 0.33
42 68 0.22
43 68 0.42
45 68 0.65
68 46 0.19
50 68 0.4
51 68 0.39
52 68 0.41
68 53 0.33
54 68 0.3
68 55 0.33
56 68 0.33
68 57 0.33
58 68 0.2
59 68 0.17
60 68 0.12
68 61 0.33
68 66 0.19
72 68 9.0E-4
20 69 0.29
21 69 0.11
54 69 0.45
58 69 0.3
59 69 0.5
69 61 1.0
68 69 0.33
72 69 5.0E-4
3 70 0.5
6 70 0.33
16 70 0.58
70 19 0.71
21 70 0.11
22 70 0.14
23 70 0.32
26 70 0.38
27 70 0.71
28 70 0.38
43 70 0.18
48 70 0.5
60 70 0.35
72 70 6.0E-4
1 71 0.14
2 71 0.13
71 3 0.38
71 4 0.27
5 71 0.27
71 6 0.13
9 71 0.48
71 11 0.08
12 71 0.57
71 13 0.38
71 14 0.38
71 15 0.53
71 16 0.22
71 17 0.38
71 18 0.38
71 19 0.27
71 20 0.33
21 71 0.28
22 71 0.32
23 71 0.24
25 71 0.1
26 71 0.43
71 27 0.27
71 28 0.29
71 32 0.53
71 33 0.38
71 36 0.53
71 38 0.65
39 71 0.17
71 40 0.38
71 42 0.5
43 71 0.2
71 45 0.21
71 46 0.22
71 47 0.53
71 48 0.19
71 50 0.18
71 51 0.28
71 52 0.62
71 53 0.38
71 54 0.17
71 55 0.38
71 56 0.5
71 57 0.38
71 58 0.34
71 59 0.19
60 71 0.13
71 66 0.22
71 68 0.25
72 71 0.0013
