*Vertices  43
1 "显示器"
2 "衬底"
3 "LED灯"
4 "传感器"
5 "单片机"
6 "工质"
7 "GAN"
8 "蒸发皿"
9 "连接管"
10 "LED外延片"
11 "外延片"
12 "外延"
13 "LED"
14 "二极管"
15 "LED光源"
16 "电子元器件"
17 "铝基板"
18 "基板"
19 "导热板"
20 "缓冲层"
21 "基座"
22 "散热片"
23 "散热器"
24 "密封胶"
25 "半导体"
26 "Al2O3"
27 "MQW"
28 "ESD"
29 "太阳能"
30 "LED照明设备"
31 "LED芯片"
32 "芯片"
33 "Li"
34 "电极"
35 "接触层"
36 "电阻"
37 "MOCVD"
38 "标准芯片工艺制作"
39 "转动轴"
40 "屏幕"
41 "透镜"
42 "甲基"
43 "通道"
*Arcs
1 43 2.0E-4
43 2 0.0011
3 1 0.13
3 2 0.05
3 43 0.0015
1 4 0.38
43 4 2.0E-4
1 5 0.46
3 5 0.21
5 4 0.2
5 43 1.0E-4
3 6 0.25
43 6 0.0023
7 2 0.65
3 7 0.07
43 7 0.0018
3 8 0.18
6 8 0.71
43 8 0.0037
3 9 0.18
6 9 0.71
9 8 1.0
43 9 0.0037
10 2 0.71
3 10 0.07
10 7 0.93
43 10 0.0018
11 2 0.85
3 11 0.06
11 7 0.77
11 10 0.84
43 11 0.0015
12 2 0.93
3 12 0.09
12 7 0.65
12 10 0.71
12 11 0.85
43 12 0.0011
13 1 0.28
13 2 0.4
13 3 0.6
13 4 0.32
13 5 0.35
13 6 0.15
13 7 0.26
13 8 0.11
13 9 0.11
13 10 0.28
13 11 0.34
13 12 0.4
13 43 0.0018
14 1 0.11
14 2 0.45
14 3 0.3
14 4 0.09
14 5 0.13
14 6 0.2
14 7 0.29
14 8 0.14
14 9 0.14
14 10 0.27
14 11 0.36
14 12 0.45
14 13 0.75
14 43 0.0015
15 1 0.1
15 3 0.44
15 4 0.09
15 5 0.08
15 6 0.2
15 13 0.38
15 14 0.27
15 43 4.0E-4
3 16 0.18
6 16 0.71
16 8 1.0
16 9 1.0
13 16 0.11
14 16 0.14
43 16 0.0037
17 1 0.15
17 2 0.11
17 3 0.29
17 6 0.29
17 11 0.13
17 12 0.11
17 13 0.26
17 14 0.23
17 15 0.34
17 43 0.0023
3 18 0.25
6 18 0.5
18 8 0.71
18 9 0.71
13 18 0.15
14 18 0.1
15 18 0.2
18 16 0.71
43 18 0.0022
3 19 0.25
13 19 0.15
14 19 0.1
15 19 0.2
17 19 0.29
19 43 0.0015
20 2 0.76
20 7 0.72
20 10 0.8
20 11 0.89
20 12 0.76
13 20 0.3
14 20 0.3
20 43 0.0016
3 21 0.25
6 21 0.5
21 8 0.71
21 9 0.71
13 21 0.15
14 21 0.2
21 16 0.71
17 21 0.29
18 21 0.5
43 21 0.0064
3 22 0.47
22 6 0.53
22 8 0.38
22 9 0.38
13 22 0.28
14 22 0.27
15 22 0.42
22 16 0.38
17 22 0.46
22 18 0.53
22 19 0.53
22 21 0.53
22 43 0.0051
3 23 0.47
23 6 0.53
23 8 0.38
23 9 0.38
13 23 0.28
14 23 0.21
15 23 0.42
23 16 0.38
17 23 0.31
23 18 0.53
23 19 0.53
23 21 0.27
23 22 0.86
23 43 0.0028
3 24 0.18
13 24 0.11
15 24 0.28
17 24 0.41
19 24 0.71
22 24 0.38
23 24 0.38
43 24 0.0019
25 1 0.14
25 2 0.67
25 3 0.29
25 4 0.12
25 5 0.05
25 6 0.13
25 7 0.44
25 10 0.48
25 11 0.57
25 12 0.67
25 13 0.59
25 14 0.64
25 15 0.3
25 17 0.22
25 18 0.13
25 19 0.13
25 20 0.51
25 22 0.2
25 23 0.27
25 43 8.0E-4
1 26 0.1
26 2 0.67
3 26 0.15
26 7 0.68
26 10 0.73
26 11 0.79
26 12 0.74
13 26 0.38
14 26 0.43
26 20 0.78
25 26 0.6
26 43 0.0012
27 2 0.64
3 27 0.16
27 7 0.74
27 10 0.8
27 11 0.76
27 12 0.73
13 27 0.35
14 27 0.38
15 27 0.17
17 27 0.12
27 20 0.64
25 27 0.6
26 27 0.67
27 43 0.0013
28 2 0.53
28 7 0.61
28 10 0.76
28 11 0.63
28 12 0.53
13 28 0.21
14 28 0.14
28 20 0.71
25 28 0.36
26 28 0.55
28 27 0.6
28 43 0.0022
2 29 0.15
7 29 0.24
10 29 0.22
11 29 0.18
12 29 0.15
13 29 0.18
14 29 0.16
20 29 0.2
25 29 0.1
26 29 0.16
27 29 0.17
28 29 0.29
43 29 7.0E-4
3 30 0.13
13 30 0.15
14 30 0.2
17 30 0.29
30 21 0.5
22 30 0.27
29 30 0.41
43 30 0.0015
31 2 0.52
3 31 0.26
31 5 0.07
31 6 0.34
31 7 0.5
31 8 0.24
31 9 0.24
31 10 0.55
31 11 0.54
31 12 0.45
13 31 0.44
14 31 0.48
15 31 0.2
31 16 0.24
17 31 0.4
31 18 0.17
31 19 0.17
31 20 0.43
31 21 0.34
31 22 0.37
31 23 0.28
25 31 0.57
26 31 0.47
31 27 0.66
31 28 0.49
31 29 0.14
31 30 0.17
31 43 0.0037
1 32 0.22
32 2 0.55
3 32 0.36
32 4 0.05
32 5 0.36
32 6 0.21
32 7 0.36
32 8 0.15
32 9 0.15
32 10 0.39
32 11 0.47
32 12 0.55
13 32 0.72
14 32 0.71
15 32 0.16
32 16 0.15
17 32 0.24
32 18 0.1
32 19 0.1
32 20 0.42
32 21 0.21
32 22 0.22
32 23 0.17
25 32 0.69
32 26 0.53
32 27 0.49
32 28 0.29
32 29 0.09
32 30 0.1
32 31 0.61
32 43 0.0017
1 33 0.13
33 2 0.09
3 33 0.29
33 6 0.24
33 7 0.14
33 10 0.13
33 11 0.11
33 12 0.09
13 33 0.32
14 33 0.28
15 33 0.18
17 33 0.27
33 20 0.12
33 21 0.24
33 22 0.25
33 23 0.25
25 33 0.3
33 26 0.28
33 27 0.2
33 30 0.24
33 31 0.32
33 32 0.34
33 43 6.0E-4
34 2 0.73
3 34 0.17
5 34 0.06
34 7 0.48
34 10 0.52
34 11 0.62
34 12 0.73
13 34 0.54
14 34 0.67
15 34 0.05
17 34 0.08
34 20 0.55
25 34 0.56
26 34 0.54
34 27 0.59
34 28 0.39
34 29 0.11
31 34 0.43
32 34 0.61
33 34 0.07
34 43 7.0E-4
35 2 0.71
3 35 0.07
35 7 0.93
35 10 1.0
35 11 0.84
35 12 0.71
13 35 0.28
14 35 0.27
35 20 0.8
25 35 0.48
26 35 0.73
35 27 0.8
35 28 0.76
35 29 0.22
31 35 0.55
32 35 0.39
33 35 0.13
34 35 0.52
35 43 0.0018
1 36 0.08
36 2 0.12
3 36 0.35
36 4 0.07
5 36 0.2
36 6 0.15
36 7 0.18
36 8 0.22
36 9 0.22
36 10 0.16
36 11 0.14
36 12 0.12
13 36 0.49
14 36 0.46
15 36 0.06
36 16 0.22
36 18 0.15
36 20 0.08
36 21 0.15
22 36 0.08
23 36 0.08
25 36 0.16
26 36 0.12
36 27 0.2
31 36 0.16
32 36 0.45
33 36 0.07
36 34 0.56
36 35 0.16
36 43 3.0E-4
37 2 0.76
3 37 0.06
37 7 0.65
37 10 0.72
37 11 0.9
37 12 0.85
13 37 0.34
14 37 0.36
17 37 0.13
37 20 0.89
25 37 0.57
26 37 0.79
37 27 0.76
37 28 0.63
37 29 0.18
31 37 0.46
32 37 0.47
33 37 0.11
34 37 0.62
37 35 0.72
36 37 0.07
37 43 0.0014
38 2 0.6
38 7 0.73
38 10 0.85
38 11 0.71
38 12 0.6
13 38 0.24
14 38 0.19
38 20 0.79
25 38 0.4
26 38 0.62
38 27 0.67
38 28 0.67
31 38 0.43
32 38 0.33
33 38 0.15
34 38 0.44
38 35 0.85
36 38 0.1
38 37 0.71
38 43 8.0E-4
3 39 0.18
13 39 0.11
14 39 0.14
17 39 0.41
39 21 0.71
22 39 0.38
30 39 0.71
31 39 0.24
32 39 0.15
33 39 0.33
43 39 0.0022
2 40 0.51
40 4 0.13
7 40 0.31
10 40 0.29
11 40 0.6
12 40 0.51
13 40 0.28
14 40 0.27
17 40 0.15
20 40 0.53
25 40 0.34
26 40 0.42
27 40 0.34
28 40 0.38
40 29 0.22
31 40 0.28
32 40 0.28
34 40 0.37
35 40 0.29
37 40 0.6
38 40 0.17
43 40 5.0E-4
41 1 0.24
41 3 0.28
41 4 0.11
41 13 0.34
41 14 0.36
41 15 0.26
41 17 0.39
41 19 0.45
41 21 0.22
41 22 0.36
41 23 0.24
41 24 0.32
41 25 0.23
41 26 0.18
41 30 0.22
41 31 0.23
41 32 0.19
41 33 0.32
41 39 0.32
41 43 0.0015
1 42 0.13
42 2 0.45
3 42 0.06
42 7 0.54
42 10 0.63
42 11 0.53
42 12 0.45
13 42 0.32
14 42 0.28
42 20 0.59
25 42 0.42
26 42 0.65
42 27 0.5
42 28 0.5
42 29 0.19
31 42 0.4
32 42 0.39
33 42 0.33
34 42 0.33
42 35 0.63
36 42 0.07
42 37 0.53
42 38 0.6
42 40 0.25
41 42 0.32
42 43 6.0E-4
