*Vertices  60
1 "显示器"
2 "LED灯"
3 "容器"
4 "光膜"
5 "荧光粉"
6 "开关"
7 "发光荧光材料"
8 "柔性高分子材料"
9 "塑料光转换荧光粒料"
10 "助剂"
11 "离子络合"
12 "聚合物树脂"
13 "硼酸"
14 "AuSn"
15 "Au5Sn"
16 "EP"
17 "LED"
18 "二极管"
19 "玻璃"
20 "LED光源"
21 "塑料"
22 "Au-Sn合金电镀液"
23 "转换器"
24 "稀释剂"
25 "光谱仪"
26 "荧光体"
27 "硅橡胶"
28 "SiO2"
29 "半导体"
30 "Al2O3"
31 "MQW"
32 "客户"
33 "焊盘"
34 "荧光光谱"
35 "金属银纳米粒子"
36 "LED芯片"
37 "芯片"
38 "涂层"
39 "硅油"
40 "SrCO3"
41 "Eu2O3"
42 "亚硫酸"
43 "硝酸"
44 "Eu2"
45 "去离子水"
46 "硬脂酰胺"
47 "Li"
48 "液体石蜡"
49 "离子"
50 "基色"
51 "Au-Sn合金"
52 "Au-30at.％Sn合金"
53 "丙酮"
54 "玻璃体"
55 "臭氧"
56 "透镜"
57 "甲基"
58 "激发光"
59 "络合剂"
60 "酸盐"
*Arcs
1 60 2.0E-4
2 1 0.13
2 60 2.0E-4
60 3 6.0E-4
4 1 0.27
4 2 0.13
4 3 0.5
4 60 6.0E-4
5 1 0.24
5 2 0.17
5 3 0.22
5 4 0.45
5 60 0.0018
1 6 0.08
2 6 0.39
5 6 0.14
60 6 1.0E-4
7 1 0.23
7 2 0.27
7 3 0.21
7 4 0.43
7 5 0.57
7 6 0.13
7 60 0.0025
8 3 0.71
4 8 0.71
5 8 0.32
7 8 0.3
60 8 0.0011
1 9 0.38
2 9 0.18
5 9 0.32
6 9 0.22
7 9 0.3
60 9 0.0010
1 10 0.27
2 10 0.13
10 3 0.5
4 10 0.5
5 10 0.45
6 10 0.15
7 10 0.43
10 8 0.71
10 9 0.71
60 10 0.0021
60 11 0.0013
1 12 0.38
2 12 0.18
5 12 0.32
6 12 0.22
7 12 0.3
12 9 1.0
12 10 0.71
60 12 0.0010
2 13 0.13
5 13 0.22
7 13 0.43
60 13 0.0019
14 11 1.0
60 14 0.0013
15 11 1.0
15 14 1.0
60 15 0.0013
2 16 0.2
16 3 0.2
5 16 0.46
16 6 0.19
7 16 0.35
16 13 0.41
60 16 9.0E-4
17 1 0.28
17 2 0.6
17 3 0.15
17 4 0.15
17 5 0.34
17 6 0.49
17 7 0.35
17 8 0.11
17 9 0.11
17 10 0.15
17 11 0.11
17 12 0.11
17 13 0.15
17 14 0.11
17 15 0.11
17 16 0.37
17 60 7.0E-4
18 1 0.11
18 2 0.3
18 3 0.2
18 4 0.2
18 5 0.36
18 6 0.31
18 7 0.43
18 8 0.14
18 9 0.14
18 10 0.2
18 11 0.14
18 12 0.14
18 13 0.1
18 14 0.14
18 15 0.14
18 16 0.24
18 17 0.75
18 60 8.0E-4
19 1 0.12
19 2 0.28
19 4 0.22
19 5 0.2
19 6 0.21
19 7 0.19
19 13 0.22
19 16 0.18
19 17 0.34
19 18 0.22
19 60 2.0E-4
20 1 0.1
20 2 0.44
20 4 0.2
20 5 0.26
20 6 0.06
20 7 0.17
20 13 0.2
20 16 0.24
20 17 0.38
20 18 0.27
20 19 0.18
20 60 1.0E-4
21 1 0.29
21 2 0.13
21 3 0.27
21 4 0.53
21 5 0.36
21 6 0.16
21 7 0.34
21 8 0.38
21 9 0.38
21 10 0.53
21 12 0.38
21 16 0.11
21 17 0.28
21 18 0.37
21 19 0.48
21 20 0.1
21 60 8.0E-4
22 11 1.0
22 14 1.0
22 15 1.0
17 22 0.11
18 22 0.14
60 22 0.0013
1 23 0.29
2 23 0.13
5 23 0.12
6 23 0.25
7 23 0.11
23 9 0.38
23 10 0.27
23 12 0.38
16 23 0.11
17 23 0.28
18 23 0.21
19 23 0.24
21 23 0.43
60 23 2.0E-4
24 3 0.71
4 24 0.71
5 24 0.32
7 24 0.3
24 8 1.0
24 10 0.71
17 24 0.11
18 24 0.14
21 24 0.38
60 24 0.0011
2 25 0.13
7 25 0.21
25 13 0.5
25 16 0.2
17 25 0.15
18 25 0.1
60 25 5.0E-4
26 3 0.41
4 26 0.41
5 26 0.55
7 26 0.52
26 8 0.58
26 10 0.41
13 26 0.41
16 26 0.33
17 26 0.18
18 26 0.24
19 26 0.18
20 26 0.16
21 26 0.22
26 24 0.58
60 26 0.0017
27 3 0.71
4 27 0.71
5 27 0.32
7 27 0.3
27 8 1.0
27 10 0.71
17 27 0.11
18 27 0.14
21 27 0.38
27 24 1.0
27 26 0.58
60 27 0.0011
1 28 0.13
2 28 0.24
28 3 0.47
4 28 0.24
5 28 0.42
28 6 0.07
7 28 0.7
28 8 0.33
28 9 0.33
28 10 0.47
28 12 0.33
28 13 0.24
28 16 0.38
17 28 0.32
18 28 0.38
21 28 0.25
28 23 0.13
28 24 0.33
28 25 0.24
28 26 0.38
28 27 0.33
60 28 0.0019
29 1 0.14
29 2 0.29
29 3 0.13
29 4 0.13
29 5 0.34
29 6 0.12
29 7 0.43
29 9 0.18
29 10 0.13
29 11 0.18
29 12 0.18
29 13 0.13
29 14 0.18
29 15 0.18
29 16 0.31
29 17 0.59
29 18 0.64
29 19 0.23
29 20 0.3
29 21 0.27
29 22 0.18
29 23 0.14
29 26 0.21
29 28 0.42
29 60 8.0E-4
1 30 0.1
2 30 0.15
30 3 0.2
4 30 0.2
5 30 0.35
30 6 0.06
7 30 0.5
30 8 0.28
30 9 0.28
30 10 0.39
30 12 0.28
16 30 0.08
17 30 0.38
18 30 0.43
21 30 0.21
30 23 0.1
30 24 0.28
30 26 0.16
30 27 0.28
28 30 0.55
29 30 0.6
60 30 8.0E-4
2 31 0.16
5 31 0.19
6 31 0.07
7 31 0.18
13 31 0.21
16 31 0.26
17 31 0.35
18 31 0.38
19 31 0.19
20 31 0.17
21 31 0.11
26 31 0.17
28 31 0.2
29 31 0.6
30 31 0.67
60 31 2.0E-4
1 32 0.22
2 32 0.2
5 32 0.18
6 32 0.25
7 32 0.17
32 9 0.58
32 10 0.41
32 12 0.58
16 32 0.17
17 32 0.18
18 32 0.08
20 32 0.16
21 32 0.22
23 32 0.22
28 32 0.19
29 32 0.21
30 32 0.16
60 32 4.0E-4
2 33 0.1
5 33 0.18
6 33 0.13
33 11 0.58
33 14 0.58
33 15 0.58
16 33 0.33
17 33 0.18
18 33 0.16
20 33 0.16
33 22 0.58
29 33 0.21
33 31 0.17
60 33 5.0E-4
2 34 0.13
7 34 0.21
34 13 0.5
34 16 0.2
17 34 0.15
18 34 0.1
34 25 1.0
34 28 0.24
60 34 5.0E-4
5 35 0.32
7 35 0.3
13 35 0.71
16 35 0.29
17 35 0.11
18 35 0.14
19 35 0.32
20 35 0.28
26 35 0.58
29 35 0.18
31 35 0.3
60 35 9.0E-4
2 36 0.26
36 3 0.34
4 36 0.17
5 36 0.23
36 6 0.05
7 36 0.15
36 8 0.24
36 10 0.17
13 36 0.17
16 36 0.35
17 36 0.44
18 36 0.48
19 36 0.15
20 36 0.2
21 36 0.18
36 24 0.24
36 26 0.28
36 27 0.24
28 36 0.24
29 36 0.57
30 36 0.47
36 31 0.66
36 33 0.28
36 35 0.24
60 36 4.0E-4
1 37 0.22
2 37 0.36
37 3 0.21
4 37 0.1
5 37 0.37
37 6 0.29
7 37 0.44
37 8 0.15
37 9 0.15
37 10 0.21
37 11 0.15
37 12 0.15
37 13 0.21
37 14 0.15
37 15 0.15
37 16 0.38
17 37 0.72
18 37 0.71
19 37 0.14
20 37 0.16
21 37 0.17
37 22 0.15
37 23 0.22
37 24 0.15
37 25 0.1
37 26 0.26
37 27 0.15
37 28 0.44
29 37 0.69
37 30 0.53
37 31 0.49
37 32 0.09
37 33 0.26
37 34 0.1
37 35 0.15
37 36 0.61
60 37 0.0011
2 38 0.18
5 38 0.16
7 38 0.15
16 38 0.14
17 38 0.21
18 38 0.14
19 38 0.16
20 38 0.14
28 38 0.17
29 38 0.09
38 30 0.14
37 38 0.07
60 38 2.0E-4
39 3 0.71
4 39 0.71
5 39 0.32
7 39 0.3
39 8 1.0
39 10 0.71
17 39 0.11
18 39 0.14
21 39 0.38
39 24 1.0
39 26 0.58
39 27 1.0
28 39 0.33
30 39 0.28
36 39 0.24
37 39 0.15
60 39 0.0011
2 40 0.13
5 40 0.22
7 40 0.43
40 13 0.5
40 16 0.41
17 40 0.15
18 40 0.1
40 25 0.5
40 26 0.41
40 28 0.47
29 40 0.13
40 34 0.5
40 37 0.21
40 60 6.0E-4
2 41 0.13
5 41 0.22
7 41 0.43
41 13 0.5
41 16 0.41
17 41 0.15
18 41 0.1
41 25 0.5
41 26 0.41
41 28 0.47
29 41 0.13
41 34 0.5
41 37 0.21
41 40 1.0
41 60 6.0E-4
42 11 1.0
42 14 1.0
42 15 1.0
17 42 0.11
18 42 0.14
42 22 1.0
29 42 0.18
42 33 0.58
37 42 0.15
60 42 0.0013
2 43 0.1
5 43 0.37
7 43 0.52
43 13 0.82
43 16 0.5
17 43 0.18
18 43 0.16
19 43 0.18
20 43 0.16
43 25 0.41
43 26 0.33
43 28 0.38
29 43 0.21
43 30 0.16
43 31 0.17
43 34 0.41
43 35 0.58
43 36 0.14
43 37 0.26
43 38 0.29
43 40 0.41
43 41 0.41
43 60 0.0024
2 44 0.09
5 44 0.47
7 44 0.6
44 13 0.71
44 16 0.58
17 44 0.21
18 44 0.21
19 44 0.16
20 44 0.14
44 25 0.35
44 26 0.58
44 28 0.5
29 44 0.27
44 30 0.14
44 31 0.15
44 34 0.35
44 35 0.5
44 36 0.12
44 37 0.29
44 38 0.25
44 40 0.71
44 41 0.71
44 43 0.87
44 60 0.0021
2 45 0.08
45 3 0.32
7 45 0.13
45 11 0.45
45 13 0.32
45 14 0.45
45 15 0.45
45 16 0.39
17 45 0.24
18 45 0.19
45 22 0.45
45 25 0.32
45 28 0.3
29 45 0.24
45 33 0.26
45 34 0.32
45 36 0.11
45 37 0.26
45 40 0.32
45 41 0.32
45 42 0.45
45 43 0.26
45 44 0.22
45 60 0.0011
1 46 0.38
2 46 0.18
5 46 0.32
6 46 0.22
7 46 0.3
46 9 1.0
46 10 0.71
46 12 1.0
17 46 0.11
18 46 0.14
21 46 0.38
23 46 0.38
28 46 0.33
29 46 0.18
30 46 0.28
46 32 0.58
37 46 0.15
60 46 0.0010
1 47 0.13
2 47 0.29
47 3 0.24
4 47 0.24
5 47 0.42
47 6 0.15
7 47 0.4
47 8 0.33
47 9 0.33
47 10 0.47
47 12 0.33
47 13 0.47
47 16 0.29
17 47 0.32
18 47 0.28
19 47 0.11
20 47 0.18
21 47 0.25
47 23 0.25
47 24 0.33
47 25 0.24
47 26 0.38
47 27 0.33
47 28 0.33
29 47 0.3
47 30 0.28
47 31 0.2
47 32 0.19
47 34 0.24
47 35 0.33
47 36 0.32
47 37 0.34
47 39 0.33
47 40 0.24
47 41 0.24
47 43 0.38
47 44 0.33
47 45 0.15
47 46 0.33
47 60 0.0020
1 48 0.38
2 48 0.18
5 48 0.32
6 48 0.22
7 48 0.3
48 9 1.0
48 10 0.71
48 12 1.0
17 48 0.11
18 48 0.14
21 48 0.38
23 48 0.38
28 48 0.33
29 48 0.18
30 48 0.28
48 32 0.58
37 48 0.15
48 46 1.0
47 48 0.33
60 48 0.0010
2 49 0.16
49 3 0.21
5 49 0.19
7 49 0.27
49 11 0.3
49 13 0.43
49 14 0.3
49 15 0.3
49 16 0.52
17 49 0.35
18 49 0.3
19 49 0.38
20 49 0.08
21 49 0.11
49 22 0.3
49 25 0.21
49 26 0.35
49 28 0.3
29 49 0.38
49 31 0.18
49 33 0.17
49 34 0.21
49 35 0.3
49 36 0.22
49 37 0.36
49 38 0.15
49 40 0.43
49 41 0.43
49 42 0.3
49 43 0.35
49 44 0.45
49 45 0.67
49 47 0.2
49 60 0.0012
2 50 0.09
5 50 0.16
7 50 0.3
50 13 0.71
50 16 0.29
17 50 0.21
18 50 0.14
19 50 0.16
20 50 0.14
50 25 0.35
50 26 0.29
50 28 0.17
29 50 0.09
50 31 0.15
50 34 0.35
50 35 0.5
50 36 0.12
50 37 0.15
50 40 0.35
50 41 0.35
50 43 0.58
50 44 0.5
50 45 0.22
50 47 0.33
50 49 0.3
50 60 0.0010
51 11 1.0
51 14 1.0
51 15 1.0
17 51 0.11
18 51 0.14
51 22 1.0
29 51 0.18
51 33 0.58
37 51 0.15
51 42 1.0
45 51 0.45
49 51 0.3
60 51 0.0013
52 11 1.0
52 14 1.0
52 15 1.0
17 52 0.11
18 52 0.14
52 22 1.0
29 52 0.18
52 33 0.58
37 52 0.15
52 42 1.0
45 52 0.45
49 52 0.3
52 51 1.0
60 52 0.0013
2 53 0.09
53 3 0.35
7 53 0.15
53 13 0.35
53 16 0.58
17 53 0.21
18 53 0.14
19 53 0.16
21 53 0.19
53 25 0.35
53 28 0.33
29 53 0.18
53 31 0.15
53 34 0.35
53 36 0.24
53 37 0.22
53 40 0.35
53 41 0.35
53 43 0.29
53 44 0.25
53 45 0.67
53 47 0.17
53 49 0.6
53 50 0.25
53 60 3.0E-4
5 54 0.32
7 54 0.3
13 54 0.71
16 54 0.29
17 54 0.11
18 54 0.14
19 54 0.32
20 54 0.28
26 54 0.58
29 54 0.18
31 54 0.3
54 35 1.0
36 54 0.24
37 54 0.15
43 54 0.58
44 54 0.5
47 54 0.33
49 54 0.3
50 54 0.5
60 54 9.0E-4
2 55 0.2
55 3 0.41
4 55 0.41
5 55 0.18
7 55 0.17
55 8 0.58
55 10 0.41
17 55 0.18
18 55 0.08
19 55 0.37
21 55 0.22
55 24 0.58
55 26 0.33
55 27 0.58
28 55 0.19
30 55 0.16
36 55 0.14
37 55 0.09
38 55 0.29
55 39 0.58
47 55 0.19
49 55 0.35
60 55 4.0E-4
56 1 0.24
56 2 0.28
56 3 0.22
56 4 0.45
56 5 0.3
56 6 0.07
56 7 0.29
56 8 0.32
56 9 0.32
56 10 0.45
56 12 0.32
56 16 0.09
56 17 0.34
56 18 0.36
56 19 0.2
56 20 0.26
56 21 0.48
56 23 0.24
56 24 0.32
56 25 0.22
56 26 0.18
56 27 0.32
56 28 0.21
56 29 0.23
56 30 0.18
56 32 0.18
56 34 0.22
56 36 0.23
56 37 0.19
56 39 0.32
56 45 0.14
56 46 0.32
56 47 0.32
56 48 0.32
56 49 0.1
56 53 0.16
56 55 0.18
56 60 6.0E-4
1 57 0.13
2 57 0.06
57 3 0.24
4 57 0.24
5 57 0.32
6 57 0.07
7 57 0.2
57 8 0.33
57 9 0.33
57 10 0.47
57 11 0.33
57 12 0.33
57 14 0.33
57 15 0.33
16 57 0.1
17 57 0.32
18 57 0.28
21 57 0.25
57 22 0.33
23 57 0.13
57 24 0.33
57 26 0.19
57 27 0.33
28 57 0.22
29 57 0.42
30 57 0.65
57 31 0.5
57 32 0.19
57 33 0.19
36 57 0.4
37 57 0.39
57 39 0.33
57 42 0.33
45 57 0.3
57 46 0.33
47 57 0.33
57 48 0.33
49 57 0.2
57 51 0.33
57 52 0.33
53 57 0.17
57 55 0.19
56 57 0.32
60 57 0.0013
1 58 0.14
2 58 0.13
58 3 0.27
4 58 0.27
5 58 0.48
58 6 0.08
7 58 0.57
58 8 0.38
58 9 0.38
58 10 0.53
58 12 0.38
58 13 0.53
58 16 0.33
17 58 0.28
18 58 0.32
19 58 0.24
20 58 0.1
21 58 0.43
58 23 0.29
58 24 0.38
58 25 0.53
58 26 0.65
58 27 0.38
58 28 0.5
29 58 0.2
58 30 0.21
58 31 0.11
58 32 0.22
58 34 0.53
58 35 0.38
58 36 0.18
58 37 0.28
58 39 0.38
58 40 0.53
58 41 0.53
58 43 0.44
58 44 0.57
58 45 0.17
58 46 0.38
58 47 0.5
58 48 0.38
58 49 0.34
58 50 0.38
58 53 0.19
58 54 0.38
58 55 0.22
56 58 0.36
58 57 0.25
58 60 0.0028
59 11 1.0
59 14 1.0
59 15 1.0
17 59 0.11
18 59 0.14
59 22 1.0
29 59 0.18
59 33 0.58
37 59 0.15
59 42 1.0
45 59 0.45
49 59 0.3
59 51 1.0
59 52 1.0
59 57 0.33
60 59 0.0013
