*Vertices  18
1 "LED灯"
2 "发光荧光材料"
3 "外延"
4 "LED"
5 "二极管"
6 "SiO2"
7 "半导体"
8 "Al2O3"
9 "GaAs"
10 "MQW"
11 "ITO"
12 "键合"
13 "芯片"
14 "电流扩展层"
15 "电极"
16 "激光"
17 "MOCVD"
18 "金属层"
*Arcs
1 18 0.0021
2 1 0.27
2 18 0.0059
1 3 0.09
2 3 0.24
3 18 0.0068
4 1 0.6
4 2 0.35
4 3 0.4
4 18 0.0016
5 1 0.3
5 2 0.43
5 3 0.45
5 4 0.75
5 18 0.0023
1 6 0.24
2 6 0.7
6 3 0.27
4 6 0.32
5 6 0.38
6 18 0.0073
7 1 0.29
7 2 0.43
7 3 0.67
7 4 0.59
7 5 0.64
7 6 0.42
7 18 0.0037
1 8 0.15
2 8 0.5
8 3 0.74
4 8 0.38
5 8 0.43
6 8 0.55
7 8 0.6
8 18 0.0065
1 9 0.07
2 9 0.25
3 9 0.65
4 9 0.26
5 9 0.35
6 9 0.27
7 9 0.44
8 9 0.23
9 18 0.0106
1 10 0.16
2 10 0.18
10 3 0.73
4 10 0.35
5 10 0.38
6 10 0.2
7 10 0.6
8 10 0.67
10 9 0.25
10 18 0.0068
1 11 0.13
2 11 0.23
3 11 0.71
4 11 0.28
5 11 0.27
6 11 0.25
7 11 0.48
8 11 0.73
11 9 0.15
10 11 0.68
11 18 0.0095
1 12 0.07
2 12 0.25
3 12 0.33
4 12 0.26
5 12 0.29
6 12 0.27
7 12 0.29
8 12 0.23
12 9 0.5
10 12 0.12
11 12 0.15
12 18 0.0097
1 13 0.36
2 13 0.44
13 3 0.55
4 13 0.72
5 13 0.71
13 6 0.44
7 13 0.69
13 8 0.53
13 9 0.36
13 10 0.49
13 11 0.39
13 12 0.3
13 18 0.0027
1 14 0.14
2 14 0.12
3 14 0.55
4 14 0.26
5 14 0.35
6 14 0.41
7 14 0.44
8 14 0.23
14 9 0.67
10 14 0.37
11 14 0.31
12 14 0.33
13 14 0.36
14 18 0.0107
1 15 0.17
2 15 0.24
15 3 0.73
4 15 0.54
5 15 0.67
6 15 0.26
7 15 0.56
8 15 0.54
15 9 0.48
15 10 0.59
15 11 0.52
15 12 0.24
13 15 0.61
15 14 0.48
15 18 0.0040
16 1 0.19
16 2 0.21
16 3 0.28
16 4 0.3
16 5 0.3
16 6 0.24
16 7 0.38
16 8 0.29
16 9 0.14
16 10 0.32
16 11 0.4
16 12 0.14
16 13 0.21
16 14 0.29
16 15 0.21
16 18 0.0073
1 17 0.06
2 17 0.29
17 3 0.85
4 17 0.34
5 17 0.36
6 17 0.21
7 17 0.57
8 17 0.79
17 9 0.39
17 10 0.76
17 11 0.72
17 12 0.26
13 17 0.47
17 14 0.26
15 17 0.62
16 17 0.22
17 18 0.0077
