*Vertices  22
1 "荧光粉"
2 "发光荧光材料"
3 "硼酸"
4 "EP"
5 "LED"
6 "二极管"
7 "玻璃"
8 "LED光源"
9 "荧光体"
10 "半导体"
11 "MQW"
12 "LED芯片"
13 "芯片"
14 "酸盐"
15 "硝酸"
16 "Eu2"
17 "Li"
18 "离子"
19 "基色"
20 "玻璃体"
21 "激发光"
22 "金属银纳米粒子"
*Arcs
1 22 0.0040
2 1 0.57
2 22 0.0041
1 3 0.22
2 3 0.43
3 22 0.0151
1 4 0.46
2 4 0.35
4 3 0.41
4 22 0.0036
5 1 0.34
5 2 0.35
5 3 0.15
5 4 0.37
5 22 9.0E-4
6 1 0.36
6 2 0.43
6 3 0.1
6 4 0.24
6 5 0.75
6 22 0.0010
7 1 0.2
7 2 0.19
7 3 0.22
7 4 0.18
7 5 0.34
7 6 0.22
7 22 0.0030
8 1 0.26
8 2 0.17
8 3 0.2
8 4 0.24
8 5 0.38
8 6 0.27
8 7 0.18
8 22 0.0023
1 9 0.55
2 9 0.52
3 9 0.41
4 9 0.33
5 9 0.18
6 9 0.24
7 9 0.18
8 9 0.16
9 22 0.01
10 1 0.34
10 2 0.43
10 3 0.13
10 4 0.31
10 5 0.59
10 6 0.64
10 7 0.23
10 8 0.3
10 9 0.21
10 22 0.0015
1 11 0.19
2 11 0.18
3 11 0.21
4 11 0.26
5 11 0.35
6 11 0.38
7 11 0.19
8 11 0.17
9 11 0.17
10 11 0.6
11 22 0.0028
1 12 0.23
2 12 0.15
3 12 0.17
4 12 0.35
5 12 0.44
6 12 0.48
7 12 0.15
8 12 0.2
12 9 0.28
10 12 0.57
12 11 0.66
12 22 0.0020
1 13 0.37
2 13 0.44
13 3 0.21
13 4 0.38
5 13 0.72
6 13 0.71
7 13 0.14
8 13 0.16
13 9 0.26
10 13 0.69
13 11 0.49
13 12 0.61
13 22 0.0013
1 14 0.52
2 14 0.62
14 3 0.58
14 4 0.35
5 14 0.26
6 14 0.29
7 14 0.13
8 14 0.11
14 9 0.47
10 14 0.29
14 11 0.12
14 12 0.2
14 13 0.36
14 22 0.0067
1 15 0.37
2 15 0.52
15 3 0.82
15 4 0.5
5 15 0.18
6 15 0.16
7 15 0.18
8 15 0.16
15 9 0.33
10 15 0.21
15 11 0.17
15 12 0.14
15 13 0.26
15 14 0.71
15 22 0.0111
1 16 0.47
2 16 0.6
16 3 0.71
16 4 0.58
5 16 0.21
6 16 0.21
7 16 0.16
8 16 0.14
16 9 0.58
10 16 0.27
16 11 0.15
16 12 0.12
16 13 0.29
16 14 0.61
16 15 0.87
16 22 0.0092
1 17 0.42
2 17 0.4
17 3 0.47
17 4 0.29
5 17 0.32
6 17 0.28
7 17 0.11
8 17 0.18
17 9 0.38
10 17 0.3
17 11 0.2
17 12 0.32
17 13 0.34
17 14 0.54
17 15 0.38
17 16 0.33
17 22 0.0042
1 18 0.19
2 18 0.27
18 3 0.43
18 4 0.52
5 18 0.35
6 18 0.3
7 18 0.38
8 18 0.08
18 9 0.35
10 18 0.38
18 11 0.18
18 12 0.22
18 13 0.36
18 14 0.37
18 15 0.35
18 16 0.45
18 17 0.2
18 22 0.0036
1 19 0.16
2 19 0.3
19 3 0.71
19 4 0.29
5 19 0.21
6 19 0.14
7 19 0.16
8 19 0.14
19 9 0.29
10 19 0.09
19 11 0.15
19 12 0.12
19 13 0.15
19 14 0.41
19 15 0.58
19 16 0.5
19 17 0.33
19 18 0.3
19 22 0.0080
1 20 0.32
2 20 0.3
3 20 0.71
4 20 0.29
5 20 0.11
6 20 0.14
7 20 0.32
8 20 0.28
9 20 0.58
10 20 0.18
11 20 0.3
12 20 0.24
13 20 0.15
14 20 0.41
15 20 0.58
16 20 0.5
17 20 0.33
18 20 0.3
19 20 0.5
20 22 0.0226
1 21 0.48
2 21 0.57
21 3 0.53
21 4 0.33
5 21 0.28
6 21 0.32
7 21 0.24
8 21 0.1
21 9 0.65
10 21 0.2
21 11 0.11
21 12 0.18
21 13 0.28
21 14 0.62
21 15 0.44
21 16 0.57
21 17 0.5
21 18 0.34
21 19 0.38
21 20 0.38
21 22 0.0058
