*Vertices  55
1 "显示器"
2 "衬底"
3 "LED灯"
4 "光膜"
5 "处理器"
6 "荧光粉"
7 "工质"
8 "发光荧光材料"
9 "次氯酸钠溶液"
10 "保护层"
11 "EP"
12 "外延片"
13 "外延"
14 "LED"
15 "二极管"
16 "玻璃"
17 "通道"
18 "LED光源"
19 "日光灯平面光源"
20 "塑料"
21 "腐蚀液"
22 "导热板"
23 "基座"
24 "散热片"
25 "散热器"
26 "发光体"
27 "透明胶"
28 "光刻胶"
29 "密封胶"
30 "填充区域"
31 "半导体"
32 "电路板"
33 "GaAs"
34 "MQW"
35 "键合"
36 "焊盘"
37 "LED照明设备"
38 "LED芯片"
39 "芯片"
40 "电流扩展层"
41 "Li"
42 "离子"
43 "电极"
44 "丙酮"
45 "激光"
46 "MOCVD"
47 "洗墙灯"
48 "射灯"
49 "转动轴"
50 "屏幕"
51 "透镜"
52 "反射层"
53 "发光层"
54 "吸液芯"
55 "铝基板"
*Arcs
55 1 3.0E-4
55 2 3.0E-4
3 1 0.13
3 2 0.05
55 3 0.0016
4 1 0.27
4 3 0.13
55 4 0.0010
5 1 0.36
5 3 0.17
5 4 0.22
55 5 2.0E-4
6 1 0.24
6 2 0.08
6 3 0.17
6 4 0.45
6 5 0.1
55 6 0.0011
3 7 0.25
55 7 0.0011
8 1 0.23
8 2 0.16
8 3 0.27
8 4 0.43
8 5 0.1
8 6 0.57
55 8 3.0E-4
2 9 0.38
55 9 9.0E-4
2 10 0.15
3 10 0.2
6 10 0.18
55 10 9.0E-4
11 2 0.15
3 11 0.2
5 11 0.18
6 11 0.46
8 11 0.35
11 9 0.2
11 10 0.17
55 11 9.0E-4
12 2 0.85
3 12 0.06
6 12 0.1
8 12 0.19
12 9 0.22
12 10 0.18
11 12 0.09
55 12 4.0E-4
13 2 0.93
3 13 0.09
6 13 0.08
8 13 0.24
13 9 0.38
13 10 0.15
11 13 0.08
13 12 0.85
55 13 3.0E-4
14 1 0.28
14 2 0.4
14 3 0.6
14 4 0.15
14 5 0.34
14 6 0.34
14 7 0.15
14 8 0.35
14 9 0.15
14 10 0.18
14 11 0.37
14 12 0.34
14 13 0.4
55 14 0.0016
15 1 0.11
15 2 0.45
15 3 0.3
15 4 0.2
15 5 0.04
15 6 0.36
15 7 0.2
15 8 0.43
15 9 0.2
15 10 0.08
15 11 0.24
15 12 0.36
15 13 0.45
15 14 0.75
55 15 0.0012
16 1 0.12
16 2 0.08
16 3 0.28
16 4 0.22
16 5 0.3
16 6 0.2
16 8 0.19
16 9 0.22
16 11 0.18
16 12 0.1
16 13 0.08
16 14 0.34
16 15 0.22
55 16 8.0E-4
1 17 0.15
17 2 0.22
3 17 0.22
17 7 0.29
17 12 0.26
17 13 0.22
14 17 0.26
15 17 0.23
55 17 0.0016
18 1 0.1
18 3 0.44
18 4 0.2
18 5 0.18
18 6 0.26
18 7 0.2
18 8 0.17
18 11 0.24
18 14 0.38
18 15 0.27
18 16 0.18
18 17 0.11
55 18 0.0017
6 19 0.32
19 10 0.58
11 19 0.29
14 19 0.11
55 19 0.0017
20 1 0.29
20 2 0.1
20 3 0.13
20 4 0.53
20 5 0.12
20 6 0.36
20 8 0.34
20 9 0.27
20 11 0.11
20 12 0.12
20 13 0.1
20 14 0.28
20 15 0.37
20 16 0.48
20 18 0.1
55 20 0.0012
2 21 0.6
3 21 0.08
21 9 0.63
10 21 0.26
11 21 0.26
12 21 0.28
13 21 0.48
14 21 0.24
15 21 0.32
16 21 0.14
20 21 0.17
55 21 5.0E-4
3 22 0.25
14 22 0.15
15 22 0.1
22 17 0.29
18 22 0.2
55 22 0.0011
3 23 0.25
7 23 0.5
14 23 0.15
15 23 0.2
17 23 0.58
55 23 0.0012
3 24 0.47
24 7 0.53
14 24 0.28
15 24 0.27
24 17 0.46
18 24 0.42
24 22 0.53
24 23 0.53
55 24 0.0032
3 25 0.47
25 7 0.53
14 25 0.28
15 25 0.21
25 17 0.31
18 25 0.42
25 22 0.53
25 23 0.27
25 24 0.86
55 25 0.0017
26 1 0.17
26 3 0.24
26 4 0.32
26 5 0.14
26 6 0.28
26 8 0.27
26 11 0.13
26 14 0.24
26 15 0.25
26 16 0.14
26 18 0.37
26 20 0.17
26 24 0.17
26 25 0.17
26 55 4.0E-4
6 27 0.32
27 10 0.58
11 27 0.29
14 27 0.11
27 19 1.0
55 27 0.0017
2 28 0.46
3 28 0.1
28 9 0.41
10 28 0.33
11 28 0.17
12 28 0.37
13 28 0.46
14 28 0.18
15 28 0.24
16 28 0.18
20 28 0.22
21 28 0.77
55 28 7.0E-4
3 29 0.18
14 29 0.11
17 29 0.41
18 29 0.28
22 29 0.71
24 29 0.38
25 29 0.38
55 29 0.0014
2 30 0.27
9 30 0.71
11 30 0.29
12 30 0.32
13 30 0.27
14 30 0.11
15 30 0.14
16 30 0.32
20 30 0.38
21 30 0.45
28 30 0.58
55 30 0.0014
31 1 0.14
31 2 0.67
31 3 0.29
31 4 0.13
31 5 0.11
31 6 0.34
31 7 0.13
31 8 0.43
31 9 0.25
31 10 0.1
31 11 0.31
31 12 0.57
31 13 0.67
31 14 0.59
31 15 0.64
31 16 0.23
31 17 0.15
31 18 0.3
31 20 0.27
31 21 0.4
31 22 0.13
31 24 0.2
31 25 0.27
31 26 0.16
31 28 0.31
31 30 0.18
31 55 0.0011
32 1 0.15
32 3 0.43
32 4 0.29
32 5 0.13
32 6 0.13
32 8 0.12
32 14 0.26
32 15 0.06
32 16 0.39
32 18 0.11
32 20 0.15
32 25 0.15
32 26 0.37
32 31 0.15
32 55 4.0E-4
2 33 0.55
3 33 0.07
8 33 0.25
33 9 0.58
11 33 0.12
12 33 0.26
13 33 0.65
14 33 0.26
15 33 0.35
16 33 0.13
20 33 0.15
21 33 0.55
33 28 0.47
33 30 0.41
31 33 0.44
55 33 5.0E-4
34 2 0.64
3 34 0.16
6 34 0.19
8 34 0.18
34 9 0.21
34 10 0.17
11 34 0.26
34 12 0.76
34 13 0.73
14 34 0.35
15 34 0.38
16 34 0.19
34 17 0.25
18 34 0.17
20 34 0.11
34 21 0.27
34 28 0.35
34 30 0.3
31 34 0.6
34 33 0.25
55 34 3.0E-4
2 35 0.22
3 35 0.07
6 35 0.13
8 35 0.25
35 9 0.29
35 10 0.24
11 35 0.12
12 35 0.13
13 35 0.33
14 35 0.26
15 35 0.29
16 35 0.13
35 19 0.41
20 35 0.15
35 21 0.18
35 27 0.41
31 35 0.29
35 33 0.5
34 35 0.12
55 35 6.0E-4
3 36 0.1
6 36 0.18
36 10 0.33
11 36 0.33
14 36 0.18
15 36 0.16
18 36 0.16
36 19 0.58
36 27 0.58
31 36 0.21
36 34 0.17
36 35 0.24
55 36 8.0E-4
3 37 0.13
6 37 0.22
14 37 0.15
15 37 0.2
17 37 0.29
37 23 0.5
24 37 0.27
55 37 9.0E-4
38 2 0.52
3 38 0.26
4 38 0.17
6 38 0.23
38 7 0.34
8 38 0.15
38 9 0.17
38 10 0.28
11 38 0.35
38 12 0.54
38 13 0.45
14 38 0.44
15 38 0.48
16 38 0.15
38 17 0.4
18 38 0.2
38 19 0.24
20 38 0.18
38 21 0.33
38 22 0.17
38 23 0.34
38 24 0.37
38 25 0.28
38 27 0.24
38 28 0.28
38 30 0.24
31 38 0.57
38 33 0.1
38 34 0.66
38 35 0.2
38 36 0.28
38 37 0.17
55 38 0.0027
1 39 0.22
39 2 0.55
3 39 0.36
4 39 0.1
5 39 0.05
6 39 0.37
39 7 0.21
8 39 0.44
39 9 0.21
39 10 0.17
39 11 0.38
39 12 0.47
39 13 0.55
14 39 0.72
15 39 0.71
16 39 0.14
39 17 0.24
18 39 0.16
39 19 0.15
20 39 0.17
39 21 0.33
39 22 0.1
39 23 0.21
39 24 0.22
39 25 0.17
26 39 0.07
39 27 0.15
39 28 0.26
39 30 0.15
31 39 0.69
32 39 0.06
39 33 0.36
39 34 0.49
39 35 0.3
39 36 0.26
39 37 0.1
39 38 0.61
55 39 0.0013
2 40 0.55
3 40 0.14
8 40 0.12
40 9 0.58
10 40 0.24
11 40 0.24
12 40 0.26
13 40 0.55
14 40 0.26
15 40 0.35
16 40 0.13
20 40 0.15
40 21 0.73
40 28 0.47
40 30 0.41
31 40 0.44
40 33 0.67
34 40 0.37
35 40 0.33
38 40 0.3
39 40 0.36
55 40 5.0E-4
1 41 0.13
41 2 0.09
3 41 0.29
4 41 0.24
5 41 0.11
6 41 0.42
41 7 0.24
8 41 0.4
41 11 0.29
41 12 0.11
41 13 0.09
14 41 0.32
15 41 0.28
16 41 0.11
41 17 0.14
18 41 0.18
20 41 0.25
41 23 0.24
41 24 0.25
41 25 0.25
31 41 0.3
32 41 0.14
41 34 0.2
41 37 0.24
41 38 0.32
41 39 0.34
55 41 0.0011
42 2 0.32
3 42 0.16
6 42 0.19
8 42 0.27
42 9 0.43
42 11 0.52
42 12 0.1
42 13 0.24
14 42 0.35
15 42 0.3
16 42 0.38
18 42 0.08
20 42 0.11
42 21 0.54
26 42 0.13
42 28 0.35
42 30 0.3
31 42 0.38
32 42 0.12
42 33 0.37
42 34 0.18
42 35 0.12
42 36 0.17
42 38 0.22
42 39 0.36
42 40 0.37
42 41 0.2
55 42 3.0E-4
43 2 0.73
3 43 0.17
6 43 0.06
8 43 0.24
43 9 0.28
43 10 0.11
11 43 0.17
43 12 0.62
43 13 0.73
14 43 0.54
15 43 0.67
16 43 0.06
43 17 0.16
18 43 0.05
20 43 0.07
43 21 0.44
43 28 0.34
43 30 0.2
31 43 0.56
43 33 0.48
43 34 0.59
43 35 0.24
43 36 0.11
38 43 0.43
39 43 0.61
43 40 0.48
41 43 0.07
42 43 0.24
55 43 2.0E-4
44 2 0.27
3 44 0.09
8 44 0.15
44 9 0.35
44 11 0.58
44 12 0.16
44 13 0.13
14 44 0.21
15 44 0.14
16 44 0.16
20 44 0.19
44 21 0.45
44 28 0.29
44 30 0.5
31 44 0.18
44 33 0.2
44 34 0.15
44 38 0.24
44 39 0.22
44 40 0.41
44 41 0.17
44 42 0.6
44 43 0.2
55 44 5.0E-4
45 1 0.13
45 2 0.19
45 3 0.19
45 4 0.25
45 5 0.11
45 6 0.22
45 8 0.21
45 10 0.2
45 12 0.22
45 13 0.28
45 14 0.3
45 15 0.3
45 16 0.22
45 18 0.1
45 20 0.27
45 21 0.16
45 26 0.16
45 28 0.2
45 31 0.38
45 32 0.14
45 33 0.14
45 34 0.32
45 35 0.14
45 38 0.09
45 39 0.21
45 40 0.29
45 41 0.12
45 43 0.21
45 55 3.0E-4
46 2 0.76
3 46 0.06
6 46 0.1
8 46 0.29
46 9 0.22
11 46 0.09
46 12 0.9
46 13 0.85
14 46 0.34
15 46 0.36
16 46 0.1
46 17 0.26
20 46 0.12
46 21 0.14
46 28 0.18
46 30 0.32
31 46 0.57
46 33 0.39
46 34 0.76
46 35 0.26
38 46 0.46
39 46 0.47
46 40 0.26
41 46 0.11
42 46 0.1
43 46 0.62
44 46 0.16
45 46 0.22
55 46 3.0E-4
47 1 0.38
47 3 0.18
47 4 0.71
47 5 0.32
47 6 0.32
47 8 0.3
47 14 0.11
47 15 0.14
47 16 0.32
47 18 0.28
47 20 0.38
47 26 0.45
47 31 0.18
47 32 0.41
47 45 0.35
47 55 0.0015
48 1 0.27
48 3 0.25
48 4 0.5
48 5 0.22
48 6 0.22
48 8 0.21
48 14 0.15
48 15 0.1
48 16 0.22
48 18 0.39
48 20 0.27
48 24 0.27
48 25 0.27
48 26 0.32
48 31 0.25
48 32 0.29
48 45 0.25
48 47 0.71
48 55 0.0010
3 49 0.18
14 49 0.11
15 49 0.14
17 49 0.41
49 23 0.71
24 49 0.38
37 49 0.71
38 49 0.24
39 49 0.15
41 49 0.33
55 49 0.0014
2 50 0.51
8 50 0.23
50 9 0.27
11 50 0.11
12 50 0.6
13 50 0.51
14 50 0.28
15 50 0.27
16 50 0.12
17 50 0.15
20 50 0.14
21 50 0.17
50 28 0.22
50 30 0.38
31 50 0.34
50 33 0.31
34 50 0.34
35 50 0.15
38 50 0.28
39 50 0.28
40 50 0.15
42 50 0.11
43 50 0.37
44 50 0.19
46 50 0.6
55 50 3.0E-4
51 1 0.24
51 3 0.28
51 4 0.45
51 5 0.1
51 6 0.3
51 8 0.29
51 11 0.09
51 14 0.34
51 15 0.36
51 16 0.2
51 17 0.26
51 18 0.26
51 20 0.48
51 22 0.45
51 23 0.22
51 24 0.36
51 25 0.24
51 26 0.14
51 29 0.32
51 31 0.23
51 32 0.13
51 37 0.22
51 38 0.23
51 39 0.19
51 41 0.32
51 42 0.1
51 44 0.16
51 45 0.34
51 47 0.32
51 48 0.22
51 49 0.32
51 55 0.0022
2 52 0.46
8 52 0.35
52 9 0.41
11 52 0.17
12 52 0.55
13 52 0.46
14 52 0.18
15 52 0.24
16 52 0.18
20 52 0.22
21 52 0.26
52 28 0.33
52 30 0.58
31 52 0.31
52 33 0.47
34 52 0.17
35 52 0.24
38 52 0.14
39 52 0.26
40 52 0.24
42 52 0.17
43 52 0.34
44 52 0.29
46 52 0.55
52 50 0.65
55 52 7.0E-4
2 53 0.71
8 53 0.23
53 9 0.53
11 53 0.22
12 53 0.48
13 53 0.61
14 53 0.28
15 53 0.37
16 53 0.12
20 53 0.14
53 21 0.51
53 28 0.22
53 30 0.38
31 53 0.48
53 33 0.62
34 53 0.23
53 35 0.31
38 53 0.28
39 53 0.39
53 40 0.62
42 53 0.34
43 53 0.52
44 53 0.38
46 53 0.48
53 50 0.43
53 52 0.65
55 53 4.0E-4
3 54 0.18
54 7 0.71
14 54 0.11
15 54 0.14
18 54 0.28
24 54 0.38
25 54 0.38
31 54 0.18
38 54 0.24
39 54 0.15
41 54 0.33
55 54 0.0013
