*Vertices  16
1 "LED灯"
2 "电容"
3 "单片机"
4 "开关"
5 "变压器"
6 "LED"
7 "二极管"
8 "三极管"
9 "玻璃"
10 "晶体振荡器"
11 "电路板"
12 "芯片"
13 "充电器"
14 "电极"
15 "电阻"
16 "锂电池"
*Arcs
1 16 0.0018
1 2 0.21
16 2 0.0127
1 3 0.21
3 2 0.18
3 16 0.0030
1 4 0.39
4 2 0.46
4 3 0.26
4 16 0.0029
1 5 0.2
2 5 0.44
3 5 0.09
4 5 0.25
16 5 0.0048
6 1 0.6
6 2 0.35
6 3 0.35
6 4 0.49
6 5 0.37
6 16 0.0054
7 1 0.3
7 2 0.34
7 3 0.13
7 4 0.31
7 5 0.37
7 6 0.75
7 16 0.0041
1 8 0.2
8 2 0.61
3 8 0.17
4 8 0.31
8 5 0.58
6 8 0.37
7 8 0.45
16 8 0.0248
9 1 0.28
9 2 0.1
9 3 0.29
9 4 0.21
9 5 0.09
9 6 0.34
9 7 0.22
9 8 0.09
9 16 0.0033
1 10 0.13
10 2 0.21
3 10 0.21
4 10 0.31
6 10 0.15
10 8 0.2
9 10 0.22
16 10 0.0133
11 1 0.43
11 2 0.12
11 3 0.12
11 4 0.18
11 5 0.12
11 6 0.26
11 7 0.06
11 8 0.12
11 9 0.39
11 10 0.29
11 16 0.0052
1 12 0.36
12 2 0.36
12 3 0.36
12 4 0.29
12 5 0.21
6 12 0.72
7 12 0.71
12 8 0.3
9 12 0.14
12 10 0.1
11 12 0.06
12 16 0.0040
2 13 0.13
13 5 0.39
6 13 0.24
7 13 0.25
8 13 0.52
12 13 0.07
16 13 0.0213
1 14 0.17
2 14 0.35
3 14 0.06
4 14 0.17
14 5 0.45
6 14 0.54
7 14 0.67
8 14 0.62
9 14 0.06
12 14 0.61
14 13 0.35
16 14 0.0070
1 15 0.35
15 2 0.66
3 15 0.2
4 15 0.48
15 5 0.57
6 15 0.49
7 15 0.46
15 8 0.76
9 15 0.07
15 10 0.15
11 15 0.18
12 15 0.45
15 13 0.39
15 14 0.56
15 16 0.017
