*Vertices  56
1 "衬底"
2 "LED灯"
3 "光纤"
4 "探头"
5 "电容"
6 "传感器"
7 "单片机"
8 "荧光粉"
9 "发光荧光材料"
10 "次氯酸钠溶液"
11 "保护层"
12 "PD"
13 "蒸镀方法"
14 "EP"
15 "外延片"
16 "外延"
17 "LED"
18 "二极管"
19 "玻璃"
20 "日光灯平面光源"
21 "塑料"
22 "腐蚀液"
23 "光电转换器件"
24 "转换器"
25 "铝基板"
26 "缓冲层"
27 "探针"
28 "滤光片"
29 "透明胶"
30 "SiO2"
31 "放大器"
32 "半导体"
33 "Al2O3"
34 "GaAs"
35 "MQW"
36 "ITO"
37 "焊盘"
38 "光电池"
39 "LED芯片"
40 "芯片"
41 "金属层"
42 "电流扩展层"
43 "离子"
44 "电极"
45 "激光"
46 "真空吸盘"
47 "MOCVD"
48 "湿法刻蚀"
49 "干法刻蚀"
50 "湿法腐蚀"
51 "屏幕"
52 "反射层"
53 "发光层"
54 "激发光"
55 "电流阻挡层"
56 "键合"
*Arcs
1 56 0.0013
2 1 0.05
2 56 1.0E-4
56 3 7.0E-4
4 3 0.58
56 4 7.0E-4
2 5 0.21
5 56 1.0E-4
6 3 0.33
6 4 0.38
56 6 4.0E-4
2 7 0.21
7 5 0.18
7 6 0.2
7 56 1.0E-4
8 1 0.08
8 2 0.17
8 7 0.1
8 56 4.0E-4
9 1 0.16
9 2 0.27
9 7 0.09
9 8 0.57
9 56 0.0010
1 10 0.38
56 10 0.0012
1 11 0.15
2 11 0.2
8 11 0.18
56 11 0.0010
12 3 0.58
12 4 0.33
12 6 0.58
56 12 8.0E-4
1 13 0.38
9 13 0.43
56 13 0.0013
14 1 0.15
2 14 0.2
14 5 0.17
14 7 0.09
8 14 0.46
9 14 0.35
14 10 0.2
14 11 0.17
14 56 4.0E-4
15 1 0.85
2 15 0.06
8 15 0.1
9 15 0.19
15 10 0.22
15 11 0.18
15 13 0.45
14 15 0.09
15 56 7.0E-4
16 1 0.93
2 16 0.09
8 16 0.08
9 16 0.24
16 10 0.38
16 11 0.15
16 13 0.38
14 16 0.08
16 15 0.85
16 56 0.0022
17 1 0.4
17 2 0.6
17 3 0.21
17 4 0.18
17 5 0.35
17 6 0.32
17 7 0.35
17 8 0.34
17 9 0.35
17 10 0.15
17 11 0.18
17 12 0.18
17 13 0.15
17 14 0.37
17 15 0.34
17 16 0.4
17 56 0.0015
18 1 0.45
18 2 0.3
18 3 0.21
18 4 0.08
18 5 0.34
18 6 0.09
18 7 0.13
18 8 0.36
18 9 0.43
18 10 0.2
18 11 0.08
18 12 0.16
18 13 0.2
18 14 0.24
18 15 0.36
18 16 0.45
18 17 0.75
18 56 0.0017
19 1 0.08
19 2 0.28
19 3 0.32
19 4 0.18
19 5 0.1
19 6 0.21
19 7 0.29
19 8 0.2
19 9 0.19
19 10 0.22
19 12 0.37
19 14 0.18
19 15 0.1
19 16 0.08
19 17 0.34
19 18 0.22
19 56 4.0E-4
8 20 0.32
20 11 0.58
14 20 0.29
17 20 0.11
56 20 0.0018
21 1 0.1
21 2 0.13
21 3 0.38
21 4 0.22
21 6 0.25
21 8 0.36
21 9 0.34
21 10 0.27
21 12 0.44
21 14 0.11
21 15 0.12
21 16 0.1
21 17 0.28
21 18 0.37
21 19 0.48
21 56 5.0E-4
1 22 0.6
2 22 0.08
22 10 0.63
11 22 0.26
14 22 0.26
15 22 0.28
16 22 0.48
17 22 0.24
18 22 0.32
19 22 0.14
21 22 0.17
56 22 8.0E-4
23 3 0.71
23 4 0.41
23 6 0.47
23 12 0.82
17 23 0.15
18 23 0.2
19 23 0.45
21 23 0.53
56 23 0.0010
2 24 0.13
24 3 0.38
24 4 0.22
5 24 0.23
24 6 0.38
7 24 0.11
8 24 0.12
9 24 0.11
24 12 0.44
14 24 0.11
17 24 0.28
18 24 0.21
19 24 0.24
21 24 0.43
24 23 0.53
24 56 4.0E-4
25 1 0.11
25 2 0.29
25 8 0.26
25 9 0.12
25 10 0.29
25 11 0.24
25 14 0.24
25 15 0.13
25 16 0.11
25 17 0.26
25 18 0.23
25 19 0.26
25 20 0.41
25 21 0.31
25 22 0.18
25 56 6.0E-4
26 1 0.76
8 26 0.11
9 26 0.21
26 13 0.5
26 15 0.89
26 16 0.76
17 26 0.3
18 26 0.3
26 56 5.0E-4
27 3 0.35
27 4 0.41
27 6 0.24
27 12 0.41
17 27 0.15
18 27 0.2
19 27 0.22
21 27 0.27
27 23 0.5
24 27 0.27
56 27 8.0E-4
28 3 0.71
28 4 0.41
28 6 0.24
28 12 0.41
17 28 0.15
18 28 0.2
19 28 0.22
21 28 0.27
28 23 0.5
24 28 0.27
28 27 0.5
56 28 9.0E-4
8 29 0.32
29 11 0.58
14 29 0.29
17 29 0.11
29 20 1.0
25 29 0.41
56 29 0.0018
30 1 0.27
2 30 0.24
8 30 0.42
9 30 0.7
30 11 0.19
30 13 0.24
30 14 0.38
30 15 0.21
30 16 0.27
17 30 0.32
18 30 0.38
21 30 0.25
30 22 0.3
30 24 0.13
30 26 0.12
30 56 0.0012
5 31 0.3
31 6 0.17
7 31 0.45
17 31 0.21
18 31 0.14
31 24 0.19
31 56 3.0E-4
32 1 0.67
32 2 0.29
32 3 0.09
32 4 0.1
32 5 0.11
32 6 0.12
32 7 0.05
32 8 0.34
32 9 0.43
32 10 0.25
32 11 0.1
32 12 0.1
32 13 0.25
32 14 0.31
32 15 0.57
32 16 0.67
32 17 0.59
32 18 0.64
32 19 0.23
32 21 0.27
32 22 0.4
32 23 0.13
32 24 0.14
32 25 0.22
32 26 0.51
32 27 0.13
32 30 0.42
32 31 0.09
32 56 0.0018
33 1 0.67
2 33 0.15
8 33 0.35
9 33 0.5
33 11 0.16
33 13 0.39
14 33 0.08
33 15 0.79
33 16 0.74
17 33 0.38
18 33 0.43
21 33 0.21
33 22 0.12
33 24 0.1
33 26 0.78
30 33 0.55
32 33 0.6
33 56 0.0011
1 34 0.55
2 34 0.07
9 34 0.25
34 10 0.58
34 13 0.29
14 34 0.12
15 34 0.26
16 34 0.65
17 34 0.26
18 34 0.35
19 34 0.13
21 34 0.15
22 34 0.55
25 34 0.17
26 34 0.14
30 34 0.27
32 34 0.44
33 34 0.23
56 34 0.0034
35 1 0.64
2 35 0.16
5 35 0.09
8 35 0.19
9 35 0.18
35 10 0.21
35 11 0.17
14 35 0.26
35 15 0.76
35 16 0.73
17 35 0.35
18 35 0.38
19 35 0.19
21 35 0.11
35 22 0.27
25 35 0.12
35 26 0.64
30 35 0.2
32 35 0.6
33 35 0.67
35 34 0.25
35 56 5.0E-4
1 36 0.61
2 36 0.13
8 36 0.12
9 36 0.23
36 11 0.22
36 13 0.27
15 36 0.72
16 36 0.71
17 36 0.28
18 36 0.27
36 22 0.17
26 36 0.67
30 36 0.25
32 36 0.48
33 36 0.73
36 34 0.15
35 36 0.68
36 56 6.0E-4
2 37 0.1
5 37 0.17
8 37 0.18
37 11 0.33
14 37 0.33
17 37 0.18
18 37 0.16
37 20 0.58
25 37 0.24
37 29 0.58
32 37 0.21
37 35 0.17
37 56 9.0E-4
38 3 0.5
38 4 0.58
38 6 0.5
38 12 0.58
17 38 0.21
18 38 0.21
19 38 0.32
21 38 0.38
38 23 0.71
24 38 0.38
38 27 0.35
38 28 0.35
32 38 0.18
56 38 6.0E-4
39 1 0.52
2 39 0.26
39 5 0.15
39 7 0.07
8 39 0.23
9 39 0.15
39 10 0.17
39 11 0.28
14 39 0.35
39 15 0.54
39 16 0.45
17 39 0.44
18 39 0.48
19 39 0.15
39 20 0.24
21 39 0.18
39 22 0.33
25 39 0.4
39 26 0.43
39 29 0.24
30 39 0.24
39 31 0.12
32 39 0.57
33 39 0.47
39 34 0.1
39 35 0.66
39 36 0.37
39 37 0.28
39 56 8.0E-4
40 1 0.55
2 40 0.36
40 5 0.36
40 6 0.05
40 7 0.36
8 40 0.37
9 40 0.44
40 10 0.21
40 11 0.17
40 13 0.21
40 14 0.38
40 15 0.47
40 16 0.55
17 40 0.72
18 40 0.71
19 40 0.14
40 20 0.15
21 40 0.17
40 22 0.33
40 24 0.22
25 40 0.24
40 26 0.42
40 27 0.1
40 29 0.15
40 30 0.44
40 31 0.29
32 40 0.69
40 33 0.53
40 34 0.36
40 35 0.49
40 36 0.39
40 37 0.26
40 39 0.61
40 56 0.0019
2 41 0.18
9 41 0.3
16 41 0.27
17 41 0.11
18 41 0.14
30 41 0.33
32 41 0.18
33 41 0.28
34 41 0.41
35 41 0.3
36 41 0.38
40 41 0.15
56 41 0.0013
1 42 0.55
2 42 0.14
9 42 0.12
42 10 0.58
11 42 0.24
14 42 0.24
15 42 0.26
16 42 0.55
17 42 0.26
18 42 0.35
19 42 0.13
21 42 0.15
42 22 0.73
25 42 0.17
30 42 0.41
32 42 0.44
33 42 0.23
42 34 0.67
35 42 0.37
36 42 0.31
39 42 0.3
40 42 0.36
42 41 0.41
56 42 0.0018
43 1 0.32
2 43 0.16
8 43 0.19
9 43 0.27
43 10 0.43
43 14 0.52
43 15 0.1
43 16 0.24
17 43 0.35
18 43 0.3
19 43 0.38
21 43 0.11
43 22 0.54
25 43 0.12
43 30 0.3
32 43 0.38
43 34 0.37
43 35 0.18
43 37 0.17
43 39 0.22
43 40 0.36
43 42 0.37
43 56 4.0E-4
44 1 0.73
2 44 0.17
5 44 0.35
7 44 0.06
8 44 0.06
9 44 0.24
44 10 0.28
44 11 0.11
44 13 0.28
14 44 0.17
44 15 0.62
44 16 0.73
17 44 0.54
18 44 0.67
19 44 0.06
21 44 0.07
44 22 0.44
44 24 0.07
25 44 0.08
44 26 0.55
30 44 0.26
44 31 0.1
32 44 0.56
33 44 0.54
44 34 0.48
44 35 0.59
44 36 0.52
44 37 0.11
39 44 0.43
40 44 0.61
44 41 0.2
44 42 0.48
43 44 0.24
44 56 0.0013
45 1 0.19
45 2 0.19
45 3 0.35
45 6 0.24
45 8 0.22
45 9 0.21
45 11 0.2
45 12 0.2
45 15 0.22
45 16 0.28
45 17 0.3
45 18 0.3
45 19 0.22
45 21 0.27
45 22 0.16
45 23 0.25
45 24 0.13
45 25 0.14
45 26 0.13
45 28 0.25
45 30 0.24
45 32 0.38
45 33 0.29
45 34 0.14
45 35 0.32
45 36 0.4
45 38 0.18
45 39 0.09
45 40 0.21
45 41 0.35
45 42 0.29
45 44 0.21
45 56 5.0E-4
1 46 0.27
46 10 0.71
16 46 0.27
17 46 0.11
18 46 0.14
22 46 0.45
32 46 0.18
34 46 0.41
40 46 0.15
42 46 0.41
43 46 0.3
44 46 0.2
56 46 0.0015
47 1 0.76
2 47 0.06
8 47 0.1
9 47 0.29
47 10 0.22
47 13 0.45
14 47 0.09
47 15 0.9
47 16 0.85
17 47 0.34
18 47 0.36
19 47 0.1
21 47 0.12
47 22 0.14
25 47 0.13
47 26 0.89
30 47 0.21
32 47 0.57
33 47 0.79
47 34 0.39
47 35 0.76
47 36 0.72
39 47 0.46
40 47 0.47
47 41 0.32
47 42 0.26
43 47 0.1
44 47 0.62
45 47 0.22
47 56 0.0013
1 48 0.27
9 48 0.3
48 13 0.71
15 48 0.32
16 48 0.27
17 48 0.11
18 48 0.14
26 48 0.35
30 48 0.33
32 48 0.18
33 48 0.28
48 34 0.41
40 48 0.15
44 48 0.2
47 48 0.32
56 48 0.0018
1 49 0.38
9 49 0.43
49 13 1.0
15 49 0.45
16 49 0.38
17 49 0.15
18 49 0.2
26 49 0.5
30 49 0.24
32 49 0.25
33 49 0.39
49 34 0.29
36 49 0.27
40 49 0.21
44 49 0.28
47 49 0.45
49 48 0.71
56 49 0.0013
1 50 0.38
2 50 0.13
50 10 0.5
11 50 0.41
15 50 0.22
16 50 0.38
17 50 0.15
18 50 0.2
22 50 0.63
30 50 0.24
32 50 0.25
33 50 0.2
34 50 0.29
35 50 0.21
36 50 0.27
39 50 0.17
40 50 0.21
42 50 0.58
43 50 0.21
44 50 0.28
45 50 0.25
50 46 0.71
56 50 0.0011
1 51 0.51
51 6 0.13
9 51 0.23
51 10 0.27
51 13 0.53
14 51 0.11
15 51 0.6
16 51 0.51
17 51 0.28
18 51 0.27
19 51 0.12
21 51 0.14
22 51 0.17
25 51 0.15
26 51 0.53
30 51 0.13
32 51 0.34
33 51 0.42
51 34 0.31
35 51 0.34
36 51 0.29
39 51 0.28
40 51 0.28
42 51 0.15
43 51 0.11
44 51 0.37
47 51 0.6
51 48 0.38
51 49 0.53
56 51 6.0E-4
1 52 0.46
9 52 0.35
52 10 0.41
52 13 0.82
14 52 0.17
15 52 0.55
16 52 0.46
17 52 0.18
18 52 0.24
19 52 0.18
21 52 0.22
22 52 0.26
25 52 0.24
26 52 0.41
30 52 0.19
32 52 0.31
33 52 0.32
52 34 0.47
35 52 0.17
36 52 0.22
39 52 0.14
40 52 0.26
42 52 0.24
43 52 0.17
44 52 0.34
47 52 0.55
52 48 0.58
52 49 0.82
52 51 0.65
56 52 0.0012
1 53 0.71
9 53 0.23
53 10 0.53
53 13 0.53
14 53 0.22
15 53 0.48
16 53 0.61
17 53 0.28
18 53 0.37
19 53 0.12
21 53 0.14
53 22 0.51
25 53 0.15
26 53 0.4
30 53 0.25
32 53 0.48
33 53 0.31
53 34 0.62
35 53 0.23
53 36 0.29
39 53 0.28
40 53 0.39
53 42 0.62
43 53 0.34
44 53 0.52
53 46 0.38
47 53 0.48
53 48 0.38
53 49 0.53
53 50 0.27
53 51 0.43
53 52 0.65
53 56 0.0018
2 54 0.13
54 3 0.38
54 4 0.22
54 6 0.13
8 54 0.48
9 54 0.57
54 12 0.22
54 14 0.33
17 54 0.28
18 54 0.32
19 54 0.24
21 54 0.43
54 23 0.27
54 24 0.29
54 27 0.27
54 28 0.53
54 30 0.5
32 54 0.2
54 33 0.21
54 35 0.11
54 38 0.19
54 39 0.18
54 40 0.28
54 43 0.34
45 54 0.13
54 56 4.0E-4
1 55 0.38
9 55 0.21
55 13 0.5
15 55 0.22
16 55 0.38
17 55 0.15
18 55 0.2
26 55 0.25
30 55 0.24
32 55 0.25
33 55 0.2
55 34 0.58
40 55 0.21
42 55 0.29
44 55 0.28
47 55 0.22
55 48 0.71
55 49 0.5
55 51 0.27
55 52 0.41
53 55 0.53
56 55 0.0011
