1 0.01
2 0.05
3 0.05
4 0.01
5 0.09
6 0.1
7 0.01
8 0.45
9 0.01
10 0.04
11 0.02
12 0.02
13 0.13
14 0.04
15 0.02
16 0.14
17 0.09
18 0.08
19 0.1
20 0.02
21 0.01
22 0.01
23 0.01
24 0.01
25 0.01
26 0.06
27 0.01
28 0.01
29 0.0
30 0.01
31 0.01
32 0.06
33 0.02
34 0.29
35 0.0
36 0.08
37 0.01
38 0.01
39 0.04
40 0.0
41 0.0
42 0.01
43 0.01
44 0.01
45 0.01
46 0.02
47 0.01
48 0.01
49 0.01
50 0.01
51 0.01
52 0.01
53 0.03
54 0.01
55 0.01
56 0.01
57 0.01
58 0.01
59 0.01
60 0.01
61 0.01
62 0.01
63 0.02
64 0.01
65 0.01
66 0.01
67 0.01
68 0.01
69 0.01
70 0.01
71 0.01
72 0.01
73 0.12
74 0.02
75 0.01
76 0.01
77 0.0
78 0.01
79 0.01
80 0.01
81 0.01
82 0.01
83 0.01
84 0.01
85 0.01
86 0.01
87 0.01
88 0.01
89 0.01
90 0.01
91 0.01
92 0.01
93 0.01
94 0.01
95 0.02
96 0.08
97 0.04
98 0.07
99 0.1
100 1.0
101 0.02
102 0.52
103 0.01
104 0.04
105 0.1
106 0.01
107 0.01
108 0.01
109 0.01
110 0.01
111 0.01
112 0.01
113 0.01
114 0.01
115 0.01
116 0.15
117 0.01
118 0.01
119 0.01
120 0.06
121 0.02
122 0.01
123 0.13
124 0.01
125 0.02
126 0.1
127 0.03
128 0.01
129 0.01
130 0.01
131 0.01
132 0.06
133 0.06
134 0.04
135 0.01
136 0.01
137 0.04
138 0.02
139 0.01
140 0.01
141 0.01
142 0.01
143 0.01
144 0.02
145 0.01
146 0.01
147 0.01
148 0.03
149 0.01
150 0.01
151 0.01
152 0.02
153 0.01
154 0.02
155 0.09
156 0.1
157 0.01
158 0.01
159 0.01
160 0.01
161 0.02
162 0.01
163 0.02
164 0.04
165 0.01
166 0.02
167 0.01
168 0.02
169 0.02
170 0.01
171 0.01
172 0.07
173 0.03
174 0.25
175 0.13
176 0.09
177 0.01
178 0.05
179 0.07
180 0.01
181 0.03
182 0.06
183 0.02
184 0.01
185 0.04
186 0.01
187 0.03
188 0.01
189 0.02
190 0.01
191 0.01
192 0.02
193 0.01
194 0.01
195 0.01
196 0.01
197 0.01
198 0.01
199 0.01
200 0.05
201 0.03
202 0.01
203 0.08
204 0.02
205 0.03
206 0.02
207 0.02
208 0.01
209 0.01
210 0.01
211 0.11
212 0.38
213 0.03
214 0.02
215 0.04
216 0.01
217 0.03
218 0.03
219 0.01
220 0.05
221 0.01
222 0.03
223 0.05
224 0.01
225 0.01
226 0.01
227 0.01
228 0.02
229 0.02
230 0.03
231 0.01
232 0.1
233 0.01
234 0.04
235 0.01
236 0.1
237 0.01
238 0.01
239 0.2
240 0.04
241 0.02
242 0.01
243 0.01
244 0.0
245 0.01
246 0.01
247 0.01
248 0.21
249 0.03
250 0.01
251 0.01
252 0.01
253 0.01
254 0.02
255 0.01
256 0.01
257 0.01
258 0.02
259 0.01
260 0.01
261 0.01
262 0.01
263 0.03
264 0.08
265 0.01
266 0.01
267 0.01
268 0.01
269 0.06
270 0.03
271 0.02
272 0.03
273 0.01
274 0.04
275 0.01
276 0.01
277 0.01
278 0.01
279 0.01
280 0.01
281 0.01
282 0.03
283 0.01
284 0.02
285 0.01
286 0.01
287 0.01
288 0.01
289 0.03
290 0.01
291 0.08
292 0.01
293 0.01
294 0.01
295 0.01
296 0.01
297 0.09
298 0.01
299 0.01
300 0.01
301 0.01
302 0.01
303 0.01
304 0.01
305 0.04
306 0.04
307 0.01
308 0.06
309 0.01
310 0.01
311 0.01
312 0.02
313 0.01
314 0.01
315 0.01
316 0.01
317 0.01
318 0.01
319 0.01
320 0.02
321 0.01
322 0.01
323 0.02
324 0.01
325 0.01
326 0.01
327 0.01
328 0.05
329 0.05
330 0.01
331 0.01
332 0.01
333 0.02
334 0.01
335 0.01
336 0.01
337 0.01
338 0.02
339 0.03
340 0.01
