*Vertices  46
1 "衬底"
2 "滤波片"
3 "光纤"
4 "荧光粉"
5 "发光荧光材料"
6 "III-V族半导体材料"
7 "GAN"
8 "保护层"
9 "PD"
10 "活性层"
11 "外延片"
12 "外延"
13 "LED"
14 "二极管"
15 "玻璃"
16 "通道"
17 "LED光源"
18 "基板"
19 "滤光片"
20 "SiO2"
21 "半导体"
22 "GaAs"
23 "MQW"
24 "ITO"
25 "键合"
26 "光子晶体"
27 "LED芯片"
28 "芯片"
29 "金属层"
30 "电流扩展层"
31 "Li"
32 "离子"
33 "电极"
34 "电阻"
35 "基色"
36 "光子晶体谐振腔"
37 "激光"
38 "粘附层"
39 "MOCVD"
40 "湿法刻蚀"
41 "干法刻蚀"
42 "透镜"
43 "透明导电层"
44 "反射层"
45 "激发光"
46 "Al2O3"
*Arcs
1 46 0.0046
1 2 0.63
46 2 0.0031
1 3 0.52
3 2 0.82
3 46 0.0021
1 4 0.32
46 4 5.0E-4
1 5 0.26
5 4 0.41
46 5 5.0E-4
1 6 0.63
6 2 1.0
3 6 0.82
46 6 0.0031
1 7 0.63
7 2 1.0
3 7 0.82
7 6 1.0
46 7 0.0031
1 8 0.45
8 5 0.58
46 8 0.0012
1 9 0.63
9 2 1.0
3 9 0.82
9 6 1.0
9 7 1.0
46 9 0.0031
1 10 0.45
10 5 0.58
10 8 1.0
46 10 0.0012
11 1 0.77
11 2 0.82
11 3 0.67
11 6 0.82
11 7 0.82
11 9 0.82
11 46 0.0024
12 1 1.0
12 2 0.63
12 3 0.52
12 4 0.32
12 5 0.26
12 6 0.63
12 7 0.63
12 8 0.45
12 9 0.63
12 10 0.45
12 11 0.77
12 46 0.0046
13 1 0.23
13 2 0.14
13 3 0.18
13 4 0.14
13 5 0.18
13 6 0.14
13 7 0.14
13 8 0.1
13 9 0.14
13 10 0.1
13 11 0.18
13 12 0.23
13 46 3.0E-4
14 1 0.26
14 2 0.21
14 3 0.25
14 5 0.17
14 6 0.21
14 7 0.21
14 8 0.15
14 9 0.21
14 10 0.15
14 11 0.25
14 12 0.26
14 13 0.7
14 46 4.0E-4
1 15 0.22
15 2 0.34
3 15 0.28
15 6 0.34
15 7 0.34
15 9 0.34
11 15 0.28
12 15 0.22
13 15 0.42
14 15 0.32
15 46 4.0E-4
1 16 0.18
16 2 0.29
3 16 0.24
16 6 0.29
16 7 0.29
16 9 0.29
11 16 0.24
12 16 0.18
13 16 0.25
14 16 0.24
15 16 0.2
46 16 3.0E-4
1 17 0.27
17 2 0.43
17 3 0.35
17 4 0.21
17 5 0.17
17 6 0.43
17 7 0.43
17 9 0.43
11 17 0.35
12 17 0.27
13 17 0.34
14 17 0.31
17 15 0.29
17 16 0.25
17 46 7.0E-4
1 18 0.18
18 4 0.29
12 18 0.18
13 18 0.25
14 18 0.18
18 16 0.17
18 46 2.0E-4
1 19 0.52
19 2 0.82
3 19 0.67
19 6 0.82
19 7 0.82
19 9 0.82
11 19 0.67
12 19 0.52
13 19 0.18
14 19 0.25
15 19 0.28
19 16 0.24
17 19 0.52
19 46 0.0021
20 1 0.67
20 2 0.71
20 3 0.58
20 6 0.71
20 7 0.71
20 9 0.71
20 11 0.87
20 12 0.67
20 13 0.2
20 14 0.22
20 15 0.36
20 16 0.2
20 17 0.3
20 19 0.58
20 46 0.0019
21 1 0.58
21 2 0.37
21 3 0.3
21 4 0.37
21 5 0.45
21 6 0.37
21 7 0.37
21 8 0.26
21 9 0.37
21 10 0.26
21 11 0.45
21 12 0.58
21 13 0.39
21 14 0.45
21 15 0.25
21 16 0.21
21 17 0.31
21 18 0.11
21 19 0.3
21 20 0.39
21 46 0.0018
1 22 0.77
22 2 0.82
3 22 0.67
4 22 0.41
22 6 0.82
22 7 0.82
22 9 0.82
11 22 0.67
12 22 0.77
13 22 0.18
14 22 0.17
15 22 0.28
16 22 0.24
17 22 0.35
18 22 0.24
19 22 0.67
20 22 0.58
21 22 0.45
46 22 0.0041
1 23 0.63
23 2 1.0
3 23 0.82
23 6 1.0
23 7 1.0
23 9 1.0
11 23 0.82
12 23 0.63
13 23 0.14
14 23 0.21
15 23 0.34
16 23 0.29
17 23 0.43
19 23 0.82
20 23 0.71
21 23 0.37
22 23 0.82
46 23 0.0031
24 1 0.8
24 2 0.63
24 3 0.52
24 5 0.26
24 6 0.63
24 7 0.63
24 8 0.45
24 9 0.63
24 10 0.45
24 11 0.77
24 12 0.8
24 13 0.23
24 14 0.26
24 15 0.22
24 16 0.18
24 17 0.27
24 19 0.52
24 20 0.67
24 21 0.46
24 22 0.52
24 23 0.63
24 46 0.0030
1 25 0.45
4 25 0.71
12 25 0.45
13 25 0.1
18 25 0.41
21 25 0.26
25 22 0.58
46 25 9.0E-4
1 26 0.63
26 2 1.0
3 26 0.82
26 6 1.0
26 7 1.0
26 9 1.0
11 26 0.82
12 26 0.63
13 26 0.14
14 26 0.21
15 26 0.34
16 26 0.29
17 26 0.43
19 26 0.82
20 26 0.71
21 26 0.37
22 26 0.82
26 23 1.0
24 26 0.63
46 26 0.0031
27 1 0.45
27 4 0.71
27 5 0.29
27 11 0.29
27 12 0.45
27 13 0.2
27 14 0.07
27 16 0.2
27 17 0.15
27 18 0.41
27 20 0.25
27 21 0.39
27 22 0.29
27 24 0.22
27 25 0.5
27 46 4.0E-4
28 1 0.37
28 2 0.29
28 3 0.24
28 4 0.29
28 5 0.12
28 6 0.29
28 7 0.29
28 9 0.29
28 11 0.35
28 12 0.37
28 13 0.5
28 14 0.42
28 15 0.3
28 16 0.25
28 17 0.31
28 18 0.17
28 19 0.35
28 20 0.31
28 21 0.42
28 22 0.35
28 23 0.29
28 24 0.37
28 25 0.2
28 26 0.29
28 27 0.41
28 46 7.0E-4
29 1 0.89
29 2 0.71
29 3 0.58
29 5 0.29
29 6 0.71
29 7 0.71
29 8 0.5
29 9 0.71
29 10 0.5
29 11 0.87
29 12 0.89
29 13 0.2
29 14 0.29
29 15 0.24
29 16 0.2
29 17 0.3
29 19 0.58
29 20 0.75
29 21 0.52
29 22 0.58
29 23 0.71
29 24 0.89
29 26 0.71
29 27 0.25
29 28 0.31
29 46 0.0036
1 30 0.63
30 2 1.0
3 30 0.82
30 6 1.0
30 7 1.0
30 9 1.0
11 30 0.82
12 30 0.63
13 30 0.14
14 30 0.21
15 30 0.34
16 30 0.29
17 30 0.43
19 30 0.82
20 30 0.71
21 30 0.37
22 30 0.82
30 23 1.0
24 30 0.63
30 26 1.0
28 30 0.29
29 30 0.71
46 30 0.0031
1 31 0.3
31 2 0.47
3 31 0.38
5 31 0.19
31 6 0.47
31 7 0.47
31 9 0.47
11 31 0.38
12 31 0.3
13 31 0.3
14 31 0.44
15 31 0.32
31 16 0.27
17 31 0.3
19 31 0.38
20 31 0.33
21 31 0.52
31 22 0.38
31 23 0.47
24 31 0.3
31 26 0.47
28 31 0.27
29 31 0.33
31 30 0.47
46 31 8.0E-4
1 32 0.32
32 2 0.5
3 32 0.41
32 6 0.5
32 7 0.5
32 9 0.5
11 32 0.41
12 32 0.32
13 32 0.29
14 32 0.21
32 15 0.34
32 16 0.14
17 32 0.32
32 19 0.41
20 32 0.35
21 32 0.27
32 22 0.41
32 23 0.5
24 32 0.32
32 26 0.5
28 32 0.29
29 32 0.35
32 30 0.5
32 31 0.35
32 46 8.0E-4
33 1 0.67
33 2 0.43
33 3 0.35
33 4 0.21
33 5 0.17
33 6 0.43
33 7 0.43
33 8 0.3
33 9 0.43
33 10 0.3
33 11 0.52
33 12 0.67
33 13 0.34
33 14 0.4
33 15 0.22
33 16 0.25
33 17 0.18
33 18 0.12
33 19 0.35
33 20 0.45
33 21 0.54
33 22 0.52
33 23 0.43
33 24 0.67
33 25 0.3
33 26 0.43
33 27 0.3
33 28 0.49
33 29 0.6
33 30 0.43
33 31 0.2
33 32 0.21
33 46 0.0022
1 34 0.11
34 2 0.17
34 3 0.14
34 6 0.17
34 7 0.17
34 9 0.17
11 34 0.14
12 34 0.11
13 34 0.42
14 34 0.57
34 15 0.12
34 16 0.3
34 17 0.15
34 18 0.3
34 19 0.28
20 34 0.12
21 34 0.25
34 22 0.14
34 23 0.17
24 34 0.11
34 26 0.17
28 34 0.5
29 34 0.12
34 30 0.17
34 31 0.16
34 32 0.09
33 34 0.44
34 46 1.0E-4
1 35 0.32
35 4 0.5
12 35 0.32
13 35 0.14
15 35 0.17
18 35 0.29
20 35 0.35
21 35 0.18
35 22 0.41
35 25 0.71
27 35 0.35
28 35 0.14
33 35 0.21
46 35 5.0E-4
1 36 0.63
36 2 1.0
3 36 0.82
36 6 1.0
36 7 1.0
36 9 1.0
11 36 0.82
12 36 0.63
13 36 0.14
14 36 0.21
15 36 0.34
16 36 0.29
17 36 0.43
19 36 0.82
20 36 0.71
21 36 0.37
22 36 0.82
36 23 1.0
24 36 0.63
36 26 1.0
28 36 0.29
29 36 0.71
36 30 1.0
31 36 0.47
32 36 0.5
33 36 0.43
34 36 0.17
46 36 0.0031
1 37 0.73
37 2 0.58
3 37 0.47
37 4 0.29
37 5 0.24
37 6 0.58
37 7 0.58
37 8 0.41
37 9 0.58
37 10 0.41
11 37 0.47
12 37 0.73
13 37 0.25
14 37 0.18
15 37 0.2
37 16 0.17
17 37 0.25
18 37 0.17
19 37 0.47
20 37 0.41
21 37 0.42
37 22 0.71
37 23 0.58
24 37 0.55
37 25 0.41
37 26 0.58
27 37 0.2
28 37 0.33
29 37 0.61
37 30 0.58
37 31 0.27
32 37 0.29
33 37 0.49
34 37 0.1
37 35 0.29
37 36 0.58
37 46 0.0037
1 38 0.45
38 5 0.58
38 8 1.0
38 10 1.0
12 38 0.45
13 38 0.1
14 38 0.15
21 38 0.26
24 38 0.45
29 38 0.5
33 38 0.3
38 37 0.41
38 46 0.0012
1 39 0.63
39 2 1.0
3 39 0.82
39 6 1.0
39 7 1.0
39 9 1.0
11 39 0.82
12 39 0.63
13 39 0.14
14 39 0.21
15 39 0.34
16 39 0.29
17 39 0.43
19 39 0.82
20 39 0.71
21 39 0.37
22 39 0.82
39 23 1.0
24 39 0.63
39 26 1.0
28 39 0.29
29 39 0.71
39 30 1.0
31 39 0.47
32 39 0.5
33 39 0.43
34 39 0.17
39 36 1.0
37 39 0.58
46 39 0.0031
40 1 0.77
40 2 0.82
40 3 0.67
40 6 0.82
40 7 0.82
40 9 0.82
40 11 1.0
40 12 0.77
40 13 0.18
40 14 0.25
40 15 0.28
40 16 0.24
40 17 0.35
40 19 0.67
40 20 0.87
40 21 0.45
40 22 0.67
40 23 0.82
40 24 0.77
40 26 0.82
40 27 0.29
40 28 0.35
40 29 0.87
40 30 0.82
40 31 0.38
40 32 0.41
40 33 0.52
40 34 0.14
40 36 0.82
40 37 0.47
40 39 0.82
40 46 0.0024
1 41 0.77
41 2 0.82
3 41 0.67
4 41 0.41
41 6 0.82
41 7 0.82
41 9 0.82
11 41 0.67
12 41 0.77
13 41 0.18
14 41 0.17
15 41 0.28
16 41 0.24
17 41 0.35
18 41 0.24
19 41 0.67
20 41 0.58
21 41 0.45
41 22 1.0
41 23 0.82
24 41 0.52
41 25 0.58
41 26 0.82
27 41 0.29
28 41 0.35
29 41 0.58
41 30 0.82
31 41 0.38
32 41 0.41
33 41 0.52
34 41 0.14
35 41 0.41
41 36 0.82
37 41 0.71
41 39 0.82
40 41 0.67
46 41 0.0041
1 42 0.18
42 2 0.29
42 3 0.24
42 4 0.29
42 5 0.47
42 6 0.29
42 7 0.29
42 9 0.29
11 42 0.24
12 42 0.18
13 42 0.25
14 42 0.18
42 15 0.1
42 17 0.25
42 18 0.17
42 19 0.24
20 42 0.2
21 42 0.32
42 22 0.24
42 23 0.29
24 42 0.18
42 26 0.29
27 42 0.2
28 42 0.17
29 42 0.2
42 30 0.29
42 31 0.27
42 32 0.14
33 42 0.12
42 36 0.29
42 37 0.17
42 39 0.29
40 42 0.24
42 41 0.24
42 46 3.0E-4
1 43 0.45
43 5 0.58
43 8 1.0
43 10 1.0
12 43 0.45
13 43 0.1
14 43 0.15
21 43 0.26
24 43 0.45
29 43 0.5
33 43 0.3
43 37 0.41
43 38 1.0
43 46 0.0012
44 1 0.67
44 4 0.35
44 5 0.29
44 8 0.5
44 10 0.5
44 11 0.29
44 12 0.67
44 13 0.2
44 14 0.15
44 15 0.12
44 18 0.2
44 20 0.5
44 21 0.39
44 22 0.29
44 24 0.45
44 25 0.5
44 27 0.5
44 28 0.2
44 29 0.5
44 33 0.45
44 35 0.71
44 37 0.41
44 38 0.5
44 40 0.29
44 41 0.29
44 43 0.5
44 46 0.0014
1 45 0.63
45 2 1.0
3 45 0.82
45 6 1.0
45 7 1.0
45 9 1.0
11 45 0.82
12 45 0.63
13 45 0.14
14 45 0.21
15 45 0.34
16 45 0.29
17 45 0.43
19 45 0.82
20 45 0.71
21 45 0.37
22 45 0.82
45 23 1.0
24 45 0.63
45 26 1.0
28 45 0.29
29 45 0.71
45 30 1.0
31 45 0.47
32 45 0.5
33 45 0.43
34 45 0.17
45 36 1.0
37 45 0.58
45 39 1.0
40 45 0.82
41 45 0.82
42 45 0.29
46 45 0.0031
