*Vertices  15
1 "电容"
2 "传感器"
3 "单片机"
4 "开关"
5 "Zigbee"
6 "LED"
7 "二极管"
8 "转换器"
9 "晶体振荡器"
10 "芯片"
11 "Li"
12 "电阻"
13 "发射模块"
14 "插座"
15 "ESD"
*Arcs
1 15 0.0059
1 2 0.14
2 15 0.0050
1 3 0.2
2 3 0.35
3 15 0.0090
4 1 0.39
4 2 0.26
4 3 0.12
4 15 0.0026
1 5 0.28
2 5 0.25
3 5 0.35
4 5 0.17
15 5 0.0548
6 1 0.37
6 2 0.41
6 3 0.29
6 4 0.58
6 5 0.1
6 15 0.0013
7 1 0.45
7 2 0.29
7 3 0.21
7 4 0.58
7 5 0.15
7 6 0.7
7 15 0.0023
8 1 0.28
8 2 0.25
8 3 0.18
4 8 0.26
8 5 0.5
6 8 0.2
7 8 0.22
8 15 0.0171
1 9 0.28
2 9 0.25
3 9 0.35
4 9 0.17
9 5 1.0
6 9 0.1
7 9 0.15
8 9 0.5
15 9 0.0548
10 1 0.4
10 2 0.31
10 3 0.29
10 4 0.28
10 5 0.2
10 6 0.5
10 7 0.42
10 8 0.31
10 9 0.2
10 15 0.0034
1 11 0.09
2 11 0.08
3 11 0.12
4 11 0.12
11 5 0.33
6 11 0.3
7 11 0.44
8 11 0.17
11 9 0.33
10 11 0.27
11 15 0.0075
12 1 0.81
12 2 0.24
12 3 0.26
4 12 0.46
12 5 0.24
6 12 0.42
7 12 0.57
12 8 0.36
12 9 0.24
10 12 0.5
12 11 0.16
12 15 0.0048
1 13 0.28
2 13 0.25
3 13 0.35
4 13 0.17
13 5 1.0
6 13 0.1
7 13 0.15
8 13 0.5
13 9 1.0
10 13 0.2
11 13 0.33
12 13 0.24
13 15 0.0548
1 14 0.14
2 14 0.25
3 14 0.35
4 14 0.26
14 5 0.5
6 14 0.2
7 14 0.22
8 14 0.25
14 9 0.5
10 14 0.1
11 14 0.17
12 14 0.12
14 13 0.5
14 15 0.0166
