*Vertices  10
1 "LCD显示屏"
2 "显示器"
3 "控制器"
4 "显示技术"
5 "LED"
6 "液晶显示模块"
7 "电路板"
8 "SMT"
9 "芯片"
10 "FFC连接器"
*Arcs
1 10 0.0207
2 1 0.47
2 10 0.0204
1 3 0.34
2 3 0.32
3 10 0.0186
1 4 0.25
2 4 0.47
3 4 0.45
10 4 0.0563
5 1 0.29
5 2 0.3
5 3 0.32
5 4 0.14
5 10 0.0026
6 1 0.71
2 6 0.5
6 3 0.47
6 4 0.35
5 6 0.2
6 10 0.0385
7 1 0.25
2 7 0.31
7 3 0.15
7 4 0.17
5 7 0.43
7 6 0.24
7 10 0.0082
1 8 0.5
2 8 0.47
3 8 0.45
8 4 0.5
5 8 0.14
6 8 0.71
7 8 0.17
10 8 0.0594
9 1 0.36
9 2 0.34
9 3 0.39
9 4 0.29
9 5 0.5
9 6 0.41
9 7 0.38
9 8 0.29
9 10 0.0087
