*Vertices  11
1 "LCD显示屏"
2 "显示器"
3 "控制器"
4 "LED"
5 "液晶显示模块"
6 "加热片"
7 "SMT"
8 "ITO"
9 "芯片"
10 "电极"
11 "FPC连接器"
*Arcs
1 11 0.0167
2 1 0.47
2 11 0.0146
1 3 0.34
2 3 0.32
3 11 0.0136
4 1 0.29
4 2 0.3
4 3 0.32
4 11 0.0019
5 1 0.71
2 5 0.5
5 3 0.47
4 5 0.2
5 11 0.0316
1 6 0.35
2 6 0.33
3 6 0.32
4 6 0.1
5 6 0.5
11 6 0.0726
1 7 0.5
2 7 0.47
3 7 0.45
4 7 0.14
5 7 0.71
7 6 0.71
11 7 0.0504
8 1 0.16
8 2 0.15
8 3 0.14
8 4 0.23
8 5 0.22
8 6 0.45
8 7 0.32
8 11 0.0216
9 1 0.36
9 2 0.34
9 3 0.39
9 4 0.5
9 5 0.41
9 6 0.2
9 7 0.29
9 8 0.37
9 11 0.0065
10 1 0.11
10 2 0.1
10 3 0.19
10 4 0.34
10 5 0.15
10 6 0.3
10 7 0.21
10 8 0.67
10 9 0.49
10 11 0.0102
