*Vertices  41
1 "衬底"
2 "滤波片"
3 "光纤"
4 "荧光粉"
5 "III-V族半导体材料"
6 "GAN"
7 "PD"
8 "外延片"
9 "外延"
10 "LED"
11 "二极管"
12 "玻璃"
13 "通道"
14 "LED光源"
15 "基板"
16 "滤光片"
17 "SiO2"
18 "半导体"
19 "Al2O3"
20 "MQW"
21 "ITO"
22 "键合"
23 "光子晶体"
24 "LED芯片"
25 "芯片"
26 "金属层"
27 "电流扩展层"
28 "Li"
29 "离子"
30 "电极"
31 "电阻"
32 "基色"
33 "光子晶体谐振腔"
34 "激光"
35 "MOCVD"
36 "湿法刻蚀"
37 "干法刻蚀"
38 "透镜"
39 "反射层"
40 "激发光"
41 "GaAs"
*Arcs
1 41 0.0038
1 2 0.63
41 2 0.0042
1 3 0.52
3 2 0.82
3 41 0.0029
1 4 0.32
4 41 7.0E-4
1 5 0.63
5 2 1.0
3 5 0.82
41 5 0.0042
1 6 0.63
6 2 1.0
3 6 0.82
6 5 1.0
41 6 0.0042
1 7 0.63
7 2 1.0
3 7 0.82
7 5 1.0
7 6 1.0
41 7 0.0042
8 1 0.77
8 2 0.82
8 3 0.67
8 5 0.82
8 6 0.82
8 7 0.82
8 41 0.0032
9 1 1.0
9 2 0.63
9 3 0.52
9 4 0.32
9 5 0.63
9 6 0.63
9 7 0.63
9 8 0.77
9 41 0.0038
10 1 0.23
10 2 0.14
10 3 0.18
10 4 0.14
10 5 0.14
10 6 0.14
10 7 0.14
10 8 0.18
10 9 0.23
10 41 3.0E-4
11 1 0.26
11 2 0.21
11 3 0.25
11 5 0.21
11 6 0.21
11 7 0.21
11 8 0.25
11 9 0.26
11 10 0.7
11 41 3.0E-4
1 12 0.22
12 2 0.34
3 12 0.28
12 5 0.34
12 6 0.34
12 7 0.34
8 12 0.28
9 12 0.22
10 12 0.42
11 12 0.32
12 41 6.0E-4
1 13 0.18
13 2 0.29
3 13 0.24
13 5 0.29
13 6 0.29
13 7 0.29
8 13 0.24
9 13 0.18
10 13 0.25
11 13 0.24
12 13 0.2
13 41 4.0E-4
1 14 0.27
14 2 0.43
14 3 0.35
14 4 0.21
14 5 0.43
14 6 0.43
14 7 0.43
8 14 0.35
9 14 0.27
10 14 0.34
11 14 0.31
14 12 0.29
14 13 0.25
14 41 9.0E-4
1 15 0.18
15 4 0.29
9 15 0.18
10 15 0.25
11 15 0.18
15 13 0.17
15 41 3.0E-4
1 16 0.52
16 2 0.82
3 16 0.67
16 5 0.82
16 6 0.82
16 7 0.82
8 16 0.67
9 16 0.52
10 16 0.18
11 16 0.25
12 16 0.28
16 13 0.24
14 16 0.52
16 41 0.0029
17 1 0.67
17 2 0.71
17 3 0.58
17 5 0.71
17 6 0.71
17 7 0.71
17 8 0.87
17 9 0.67
17 10 0.2
17 11 0.22
17 12 0.36
17 13 0.2
17 14 0.3
17 16 0.58
17 41 0.0025
18 1 0.58
18 2 0.37
18 3 0.3
18 4 0.37
18 5 0.37
18 6 0.37
18 7 0.37
18 8 0.45
18 9 0.58
18 10 0.39
18 11 0.45
18 12 0.25
18 13 0.21
18 14 0.31
18 15 0.11
18 16 0.3
18 17 0.39
18 41 0.0015
1 19 0.89
19 2 0.71
3 19 0.58
19 4 0.35
19 5 0.71
19 6 0.71
19 7 0.71
8 19 0.58
9 19 0.89
10 19 0.2
11 19 0.22
12 19 0.24
19 13 0.2
14 19 0.3
15 19 0.2
16 19 0.58
17 19 0.5
18 19 0.52
19 41 0.0045
1 20 0.63
20 2 1.0
3 20 0.82
20 5 1.0
20 6 1.0
20 7 1.0
8 20 0.82
9 20 0.63
10 20 0.14
11 20 0.21
12 20 0.34
13 20 0.29
14 20 0.43
16 20 0.82
17 20 0.71
18 20 0.37
19 20 0.71
41 20 0.0042
21 1 0.8
21 2 0.63
21 3 0.52
21 5 0.63
21 6 0.63
21 7 0.63
21 8 0.77
21 9 0.8
21 10 0.23
21 11 0.26
21 12 0.22
21 13 0.18
21 14 0.27
21 16 0.52
21 17 0.67
21 18 0.46
21 19 0.67
21 20 0.63
21 41 0.0021
1 22 0.45
4 22 0.71
9 22 0.45
10 22 0.1
15 22 0.41
18 22 0.26
19 22 0.5
22 41 0.0012
1 23 0.63
23 2 1.0
3 23 0.82
23 5 1.0
23 6 1.0
23 7 1.0
8 23 0.82
9 23 0.63
10 23 0.14
11 23 0.21
12 23 0.34
13 23 0.29
14 23 0.43
16 23 0.82
17 23 0.71
18 23 0.37
19 23 0.71
23 20 1.0
21 23 0.63
41 23 0.0042
24 1 0.45
24 4 0.71
24 8 0.29
24 9 0.45
24 10 0.2
24 11 0.07
24 13 0.2
24 14 0.15
24 15 0.41
24 17 0.25
24 18 0.39
24 19 0.25
24 21 0.22
24 22 0.5
24 41 5.0E-4
25 1 0.37
25 2 0.29
25 3 0.24
25 4 0.29
25 5 0.29
25 6 0.29
25 7 0.29
25 8 0.35
25 9 0.37
25 10 0.5
25 11 0.42
25 12 0.3
25 13 0.25
25 14 0.31
25 15 0.17
25 16 0.35
25 17 0.31
25 18 0.42
25 19 0.31
25 20 0.29
25 21 0.37
25 22 0.2
25 23 0.29
25 24 0.41
25 41 9.0E-4
26 1 0.89
26 2 0.71
26 3 0.58
26 5 0.71
26 6 0.71
26 7 0.71
26 8 0.87
26 9 0.89
26 10 0.2
26 11 0.29
26 12 0.24
26 13 0.2
26 14 0.3
26 16 0.58
26 17 0.75
26 18 0.52
26 19 0.75
26 20 0.71
26 21 0.89
26 23 0.71
26 24 0.25
26 25 0.31
26 41 0.0026
1 27 0.63
27 2 1.0
3 27 0.82
27 5 1.0
27 6 1.0
27 7 1.0
8 27 0.82
9 27 0.63
10 27 0.14
11 27 0.21
12 27 0.34
13 27 0.29
14 27 0.43
16 27 0.82
17 27 0.71
18 27 0.37
19 27 0.71
27 20 1.0
21 27 0.63
27 23 1.0
25 27 0.29
26 27 0.71
41 27 0.0042
1 28 0.3
28 2 0.47
3 28 0.38
28 5 0.47
28 6 0.47
28 7 0.47
8 28 0.38
9 28 0.3
10 28 0.3
11 28 0.44
12 28 0.32
28 13 0.27
14 28 0.3
16 28 0.38
17 28 0.33
18 28 0.52
19 28 0.33
28 20 0.47
21 28 0.3
28 23 0.47
25 28 0.27
26 28 0.33
28 27 0.47
28 41 0.0010
1 29 0.32
29 2 0.5
3 29 0.41
29 5 0.5
29 6 0.5
29 7 0.5
8 29 0.41
9 29 0.32
10 29 0.29
11 29 0.21
29 12 0.34
29 13 0.14
14 29 0.32
29 16 0.41
17 29 0.35
18 29 0.27
29 19 0.35
29 20 0.5
21 29 0.32
29 23 0.5
25 29 0.29
26 29 0.35
29 27 0.5
29 28 0.35
29 41 0.0011
30 1 0.67
30 2 0.43
30 3 0.35
30 4 0.21
30 5 0.43
30 6 0.43
30 7 0.43
30 8 0.52
30 9 0.67
30 10 0.34
30 11 0.4
30 12 0.22
30 13 0.25
30 14 0.18
30 15 0.12
30 16 0.35
30 17 0.45
30 18 0.54
30 19 0.6
30 20 0.43
30 21 0.67
30 22 0.3
30 23 0.43
30 24 0.3
30 25 0.49
30 26 0.6
30 27 0.43
30 28 0.2
30 29 0.21
30 41 0.0019
1 31 0.11
31 2 0.17
31 3 0.14
31 5 0.17
31 6 0.17
31 7 0.17
8 31 0.14
9 31 0.11
10 31 0.42
11 31 0.57
31 12 0.12
31 13 0.3
31 14 0.15
31 15 0.3
31 16 0.28
17 31 0.12
18 31 0.25
31 19 0.12
31 20 0.17
21 31 0.11
31 23 0.17
25 31 0.5
26 31 0.12
31 27 0.17
31 28 0.16
31 29 0.09
30 31 0.44
31 41 2.0E-4
1 32 0.32
32 4 0.5
9 32 0.32
10 32 0.14
12 32 0.17
15 32 0.29
17 32 0.35
18 32 0.18
19 32 0.35
32 22 0.71
24 32 0.35
25 32 0.14
30 32 0.21
32 41 7.0E-4
1 33 0.63
33 2 1.0
3 33 0.82
33 5 1.0
33 6 1.0
33 7 1.0
8 33 0.82
9 33 0.63
10 33 0.14
11 33 0.21
12 33 0.34
13 33 0.29
14 33 0.43
16 33 0.82
17 33 0.71
18 33 0.37
19 33 0.71
33 20 1.0
21 33 0.63
33 23 1.0
25 33 0.29
26 33 0.71
33 27 1.0
28 33 0.47
29 33 0.5
30 33 0.43
31 33 0.17
41 33 0.0042
1 34 0.73
34 2 0.58
3 34 0.47
34 4 0.29
34 5 0.58
34 6 0.58
34 7 0.58
8 34 0.47
9 34 0.73
10 34 0.25
11 34 0.18
12 34 0.2
34 13 0.17
14 34 0.25
15 34 0.17
16 34 0.47
17 34 0.41
18 34 0.42
34 19 0.82
34 20 0.58
21 34 0.55
34 22 0.41
34 23 0.58
24 34 0.2
25 34 0.33
26 34 0.61
34 27 0.58
34 28 0.27
29 34 0.29
30 34 0.49
31 34 0.1
34 32 0.29
34 33 0.58
34 41 0.0030
1 35 0.63
35 2 1.0
3 35 0.82
35 5 1.0
35 6 1.0
35 7 1.0
8 35 0.82
9 35 0.63
10 35 0.14
11 35 0.21
12 35 0.34
13 35 0.29
14 35 0.43
16 35 0.82
17 35 0.71
18 35 0.37
19 35 0.71
35 20 1.0
21 35 0.63
35 23 1.0
25 35 0.29
26 35 0.71
35 27 1.0
28 35 0.47
29 35 0.5
30 35 0.43
31 35 0.17
35 33 1.0
34 35 0.58
41 35 0.0042
36 1 0.77
36 2 0.82
36 3 0.67
36 5 0.82
36 6 0.82
36 7 0.82
36 8 1.0
36 9 0.77
36 10 0.18
36 11 0.25
36 12 0.28
36 13 0.24
36 14 0.35
36 16 0.67
36 17 0.87
36 18 0.45
36 19 0.58
36 20 0.82
36 21 0.77
36 23 0.82
36 24 0.29
36 25 0.35
36 26 0.87
36 27 0.82
36 28 0.38
36 29 0.41
36 30 0.52
36 31 0.14
36 33 0.82
36 34 0.47
36 35 0.82
36 41 0.0032
1 37 0.77
37 2 0.82
3 37 0.67
4 37 0.41
37 5 0.82
37 6 0.82
37 7 0.82
8 37 0.67
9 37 0.77
10 37 0.18
11 37 0.17
12 37 0.28
13 37 0.24
14 37 0.35
15 37 0.24
16 37 0.67
17 37 0.58
18 37 0.45
19 37 0.87
37 20 0.82
21 37 0.52
37 22 0.58
37 23 0.82
24 37 0.29
25 37 0.35
26 37 0.58
37 27 0.82
28 37 0.38
29 37 0.41
30 37 0.52
31 37 0.14
32 37 0.41
37 33 0.82
34 37 0.71
37 35 0.82
36 37 0.67
37 41 0.0055
1 38 0.18
38 2 0.29
38 3 0.24
38 4 0.29
38 5 0.29
38 6 0.29
38 7 0.29
8 38 0.24
9 38 0.18
10 38 0.25
11 38 0.18
38 12 0.1
38 14 0.25
38 15 0.17
38 16 0.24
17 38 0.2
18 38 0.32
38 19 0.2
38 20 0.29
21 38 0.18
38 23 0.29
24 38 0.2
25 38 0.17
26 38 0.2
38 27 0.29
38 28 0.27
38 29 0.14
30 38 0.12
38 33 0.29
38 34 0.17
38 35 0.29
36 38 0.24
38 37 0.24
38 41 4.0E-4
39 1 0.67
39 4 0.35
39 8 0.29
39 9 0.67
39 10 0.2
39 11 0.15
39 12 0.12
39 15 0.2
39 17 0.5
39 18 0.39
39 19 0.5
39 21 0.45
39 22 0.5
39 24 0.5
39 25 0.2
39 26 0.5
39 30 0.45
39 32 0.71
39 34 0.41
39 36 0.29
39 37 0.29
39 41 6.0E-4
1 40 0.63
40 2 1.0
3 40 0.82
40 5 1.0
40 6 1.0
40 7 1.0
8 40 0.82
9 40 0.63
10 40 0.14
11 40 0.21
12 40 0.34
13 40 0.29
14 40 0.43
16 40 0.82
17 40 0.71
18 40 0.37
19 40 0.71
40 20 1.0
21 40 0.63
40 23 1.0
25 40 0.29
26 40 0.71
40 27 1.0
28 40 0.47
29 40 0.5
30 40 0.43
31 40 0.17
40 33 1.0
34 40 0.58
40 35 1.0
36 40 0.82
37 40 0.82
38 40 0.29
41 40 0.0042
