*Vertices  18
1 "LCD显示屏"
2 "显示器"
3 "单片机"
4 "开关"
5 "LED"
6 "液晶显示模块"
7 "二极管"
8 "三极管"
9 "接收管"
10 "LED光源"
11 "滤光片"
12 "电路板"
13 "摄像机"
14 "芯片"
15 "存储器"
16 "电阻"
17 "蜂鸣器"
18 "GPIO"
*Arcs
18 1 0.0066
2 1 0.47
2 18 0.0056
3 1 0.13
2 3 0.59
18 3 0.0054
4 1 0.18
4 2 0.06
4 3 0.12
4 18 0.0018
5 1 0.29
5 2 0.3
5 3 0.29
5 4 0.58
5 18 0.0013
6 1 0.71
2 6 0.5
6 3 0.18
4 6 0.17
5 6 0.2
18 6 0.0113
7 1 0.15
7 2 0.19
7 3 0.21
7 4 0.58
7 5 0.7
7 6 0.15
7 18 0.0019
8 1 0.13
8 2 0.13
8 3 0.13
4 8 0.46
5 8 0.27
8 6 0.19
7 8 0.39
8 18 0.0069
9 1 0.2
9 2 0.19
9 3 0.2
4 9 0.3
5 9 0.18
9 6 0.29
7 9 0.25
9 8 0.65
9 18 0.0145
10 1 0.11
10 2 0.2
10 3 0.11
4 10 0.05
5 10 0.34
10 6 0.15
7 10 0.31
8 10 0.11
9 10 0.17
10 18 0.0041
11 1 0.2
2 11 0.19
11 3 0.2
4 11 0.1
5 11 0.18
11 6 0.29
7 11 0.25
8 11 0.22
9 11 0.33
10 11 0.52
18 11 0.0139
12 1 0.25
2 12 0.31
12 3 0.17
4 12 0.12
5 12 0.43
12 6 0.24
7 12 0.24
8 12 0.27
9 12 0.27
10 12 0.21
12 11 0.14
18 12 0.0033
13 1 0.41
2 13 0.19
13 3 0.2
4 13 0.1
5 13 0.18
13 6 0.29
7 13 0.17
8 13 0.22
9 13 0.33
10 13 0.17
13 11 0.33
13 12 0.14
13 18 0.0133
14 1 0.36
14 2 0.34
14 3 0.29
14 4 0.28
14 5 0.5
14 6 0.41
14 7 0.42
14 8 0.39
14 9 0.35
14 10 0.31
14 11 0.35
14 12 0.38
14 13 0.12
14 18 0.0033
15 1 0.32
15 2 0.15
15 3 0.16
4 15 0.31
5 15 0.23
15 6 0.45
7 15 0.33
15 8 0.34
15 9 0.52
15 10 0.13
15 11 0.26
15 12 0.11
15 13 0.52
14 15 0.27
15 18 0.0101
16 1 0.26
16 2 0.08
16 3 0.26
4 16 0.46
5 16 0.42
16 6 0.24
7 16 0.57
16 8 0.64
16 9 0.42
16 10 0.15
16 11 0.28
16 12 0.17
16 13 0.14
14 16 0.5
16 15 0.33
16 18 0.0035
17 1 0.25
2 17 0.24
17 3 0.25
4 17 0.12
5 17 0.14
17 6 0.35
7 17 0.21
8 17 0.27
9 17 0.41
10 17 0.21
17 11 0.41
17 12 0.33
17 13 0.41
14 17 0.29
15 17 0.32
16 17 0.17
17 18 0.0186
