*Vertices  35
1 "衬底"
2 "滤波片"
3 "光纤"
4 "GAN"
5 "PD"
6 "外延片"
7 "外延"
8 "LED"
9 "二极管"
10 "玻璃"
11 "通道"
12 "LED光源"
13 "滤光片"
14 "SiO2"
15 "半导体"
16 "Al2O3"
17 "GaAs"
18 "MQW"
19 "ITO"
20 "光子晶体"
21 "芯片"
22 "金属层"
23 "电流扩展层"
24 "Li"
25 "离子"
26 "电极"
27 "电阻"
28 "光子晶体谐振腔"
29 "激光"
30 "MOCVD"
31 "湿法刻蚀"
32 "干法刻蚀"
33 "透镜"
34 "激发光"
35 "III-V族半导体材料"
*Arcs
1 35 0.0030
1 2 0.63
35 2 0.0059
1 3 0.52
3 2 0.82
3 35 0.0040
1 4 0.63
4 2 1.0
3 4 0.82
4 35 0.0059
1 5 0.63
5 2 1.0
3 5 0.82
5 4 1.0
5 35 0.0059
6 1 0.77
6 2 0.82
6 3 0.67
6 4 0.82
6 5 0.82
6 35 0.0044
7 1 1.0
7 2 0.63
7 3 0.52
7 4 0.63
7 5 0.63
7 6 0.77
7 35 0.0030
8 1 0.23
8 2 0.14
8 3 0.18
8 4 0.14
8 5 0.14
8 6 0.18
8 7 0.23
8 35 2.0E-4
9 1 0.26
9 2 0.21
9 3 0.25
9 4 0.21
9 5 0.21
9 6 0.25
9 7 0.26
9 8 0.7
9 35 4.0E-4
1 10 0.22
10 2 0.34
3 10 0.28
10 4 0.34
10 5 0.34
6 10 0.28
7 10 0.22
8 10 0.42
9 10 0.32
10 35 8.0E-4
1 11 0.18
11 2 0.29
3 11 0.24
11 4 0.29
11 5 0.29
6 11 0.24
7 11 0.18
8 11 0.25
9 11 0.24
10 11 0.2
11 35 5.0E-4
1 12 0.27
12 2 0.43
12 3 0.35
12 4 0.43
12 5 0.43
6 12 0.35
7 12 0.27
8 12 0.34
9 12 0.31
12 10 0.29
12 11 0.25
12 35 0.0012
1 13 0.52
13 2 0.82
3 13 0.67
13 4 0.82
13 5 0.82
6 13 0.67
7 13 0.52
8 13 0.18
9 13 0.25
10 13 0.28
13 11 0.24
12 13 0.52
13 35 0.0041
14 1 0.67
14 2 0.71
14 3 0.58
14 4 0.71
14 5 0.71
14 6 0.87
14 7 0.67
14 8 0.2
14 9 0.22
14 10 0.36
14 11 0.2
14 12 0.3
14 13 0.58
14 35 0.0033
15 1 0.58
15 2 0.37
15 3 0.3
15 4 0.37
15 5 0.37
15 6 0.45
15 7 0.58
15 8 0.39
15 9 0.45
15 10 0.25
15 11 0.21
15 12 0.31
15 13 0.3
15 14 0.39
15 35 0.0011
1 16 0.89
16 2 0.71
3 16 0.58
16 4 0.71
16 5 0.71
6 16 0.58
7 16 0.89
8 16 0.2
9 16 0.22
10 16 0.24
16 11 0.2
12 16 0.3
13 16 0.58
14 16 0.5
15 16 0.52
16 35 0.0034
1 17 0.77
17 2 0.82
3 17 0.67
17 4 0.82
17 5 0.82
6 17 0.67
7 17 0.77
8 17 0.18
9 17 0.17
10 17 0.28
11 17 0.24
12 17 0.35
13 17 0.67
14 17 0.58
15 17 0.45
16 17 0.87
17 35 0.0043
1 18 0.63
18 2 1.0
3 18 0.82
18 4 1.0
18 5 1.0
6 18 0.82
7 18 0.63
8 18 0.14
9 18 0.21
10 18 0.34
11 18 0.29
12 18 0.43
13 18 0.82
14 18 0.71
15 18 0.37
16 18 0.71
17 18 0.82
18 35 0.0059
19 1 0.8
19 2 0.63
19 3 0.52
19 4 0.63
19 5 0.63
19 6 0.77
19 7 0.8
19 8 0.23
19 9 0.26
19 10 0.22
19 11 0.18
19 12 0.27
19 13 0.52
19 14 0.67
19 15 0.46
19 16 0.67
19 17 0.52
19 18 0.63
19 35 0.0028
1 20 0.63
20 2 1.0
3 20 0.82
20 4 1.0
20 5 1.0
6 20 0.82
7 20 0.63
8 20 0.14
9 20 0.21
10 20 0.34
11 20 0.29
12 20 0.43
13 20 0.82
14 20 0.71
15 20 0.37
16 20 0.71
17 20 0.82
20 18 1.0
19 20 0.63
20 35 0.0059
21 1 0.37
21 2 0.29
21 3 0.24
21 4 0.29
21 5 0.29
21 6 0.35
21 7 0.37
21 8 0.5
21 9 0.42
21 10 0.3
21 11 0.25
21 12 0.31
21 13 0.35
21 14 0.31
21 15 0.42
21 16 0.31
21 17 0.35
21 18 0.29
21 19 0.37
21 20 0.29
21 35 7.0E-4
22 1 0.89
22 2 0.71
22 3 0.58
22 4 0.71
22 5 0.71
22 6 0.87
22 7 0.89
22 8 0.2
22 9 0.29
22 10 0.24
22 11 0.2
22 12 0.3
22 13 0.58
22 14 0.75
22 15 0.52
22 16 0.75
22 17 0.58
22 18 0.71
22 19 0.89
22 20 0.71
22 21 0.31
22 35 0.0035
1 23 0.63
23 2 1.0
3 23 0.82
23 4 1.0
23 5 1.0
6 23 0.82
7 23 0.63
8 23 0.14
9 23 0.21
10 23 0.34
11 23 0.29
12 23 0.43
13 23 0.82
14 23 0.71
15 23 0.37
16 23 0.71
17 23 0.82
23 18 1.0
19 23 0.63
23 20 1.0
21 23 0.29
22 23 0.71
23 35 0.0059
1 24 0.3
24 2 0.47
3 24 0.38
24 4 0.47
24 5 0.47
6 24 0.38
7 24 0.3
8 24 0.3
9 24 0.44
10 24 0.32
24 11 0.27
12 24 0.3
13 24 0.38
14 24 0.33
15 24 0.52
16 24 0.33
24 17 0.38
24 18 0.47
19 24 0.3
24 20 0.47
21 24 0.27
22 24 0.33
24 23 0.47
24 35 0.0014
1 25 0.32
25 2 0.5
3 25 0.41
25 4 0.5
25 5 0.5
6 25 0.41
7 25 0.32
8 25 0.29
9 25 0.21
25 10 0.34
25 11 0.14
12 25 0.32
25 13 0.41
14 25 0.35
15 25 0.27
25 16 0.35
25 17 0.41
25 18 0.5
19 25 0.32
25 20 0.5
21 25 0.29
22 25 0.35
25 23 0.5
25 24 0.35
25 35 0.0016
26 1 0.67
26 2 0.43
26 3 0.35
26 4 0.43
26 5 0.43
26 6 0.52
26 7 0.67
26 8 0.34
26 9 0.4
26 10 0.22
26 11 0.25
26 12 0.18
26 13 0.35
26 14 0.45
26 15 0.54
26 16 0.6
26 17 0.52
26 18 0.43
26 19 0.67
26 20 0.43
26 21 0.49
26 22 0.6
26 23 0.43
26 24 0.2
26 25 0.21
26 35 0.0015
1 27 0.11
27 2 0.17
27 3 0.14
27 4 0.17
27 5 0.17
6 27 0.14
7 27 0.11
8 27 0.42
9 27 0.57
27 10 0.12
27 11 0.3
27 12 0.15
27 13 0.28
14 27 0.12
15 27 0.25
27 16 0.12
27 17 0.14
27 18 0.17
19 27 0.11
27 20 0.17
21 27 0.5
22 27 0.12
27 23 0.17
27 24 0.16
27 25 0.09
26 27 0.44
27 35 2.0E-4
1 28 0.63
28 2 1.0
3 28 0.82
28 4 1.0
28 5 1.0
6 28 0.82
7 28 0.63
8 28 0.14
9 28 0.21
10 28 0.34
11 28 0.29
12 28 0.43
13 28 0.82
14 28 0.71
15 28 0.37
16 28 0.71
17 28 0.82
28 18 1.0
19 28 0.63
28 20 1.0
21 28 0.29
22 28 0.71
28 23 1.0
24 28 0.47
25 28 0.5
26 28 0.43
27 28 0.17
28 35 0.0059
1 29 0.73
29 2 0.58
3 29 0.47
29 4 0.58
29 5 0.58
6 29 0.47
7 29 0.73
8 29 0.25
9 29 0.18
10 29 0.2
29 11 0.17
12 29 0.25
13 29 0.47
14 29 0.41
15 29 0.42
29 16 0.82
29 17 0.71
29 18 0.58
19 29 0.55
29 20 0.58
21 29 0.33
22 29 0.61
29 23 0.58
29 24 0.27
25 29 0.29
26 29 0.49
27 29 0.1
29 28 0.58
29 35 0.0023
1 30 0.63
30 2 1.0
3 30 0.82
30 4 1.0
30 5 1.0
6 30 0.82
7 30 0.63
8 30 0.14
9 30 0.21
10 30 0.34
11 30 0.29
12 30 0.43
13 30 0.82
14 30 0.71
15 30 0.37
16 30 0.71
17 30 0.82
30 18 1.0
19 30 0.63
30 20 1.0
21 30 0.29
22 30 0.71
30 23 1.0
24 30 0.47
25 30 0.5
26 30 0.43
27 30 0.17
30 28 1.0
29 30 0.58
30 35 0.0059
31 1 0.77
31 2 0.82
31 3 0.67
31 4 0.82
31 5 0.82
31 6 1.0
31 7 0.77
31 8 0.18
31 9 0.25
31 10 0.28
31 11 0.24
31 12 0.35
31 13 0.67
31 14 0.87
31 15 0.45
31 16 0.58
31 17 0.67
31 18 0.82
31 19 0.77
31 20 0.82
31 21 0.35
31 22 0.87
31 23 0.82
31 24 0.38
31 25 0.41
31 26 0.52
31 27 0.14
31 28 0.82
31 29 0.47
31 30 0.82
31 35 0.0044
1 32 0.77
32 2 0.82
3 32 0.67
32 4 0.82
32 5 0.82
6 32 0.67
7 32 0.77
8 32 0.18
9 32 0.17
10 32 0.28
11 32 0.24
12 32 0.35
13 32 0.67
14 32 0.58
15 32 0.45
16 32 0.87
32 17 1.0
32 18 0.82
19 32 0.52
32 20 0.82
21 32 0.35
22 32 0.58
32 23 0.82
24 32 0.38
25 32 0.41
26 32 0.52
27 32 0.14
32 28 0.82
29 32 0.71
32 30 0.82
31 32 0.67
32 35 0.0043
1 33 0.18
33 2 0.29
33 3 0.24
33 4 0.29
33 5 0.29
6 33 0.24
7 33 0.18
8 33 0.25
9 33 0.18
33 10 0.1
33 12 0.25
33 13 0.24
14 33 0.2
15 33 0.32
33 16 0.2
33 17 0.24
33 18 0.29
19 33 0.18
33 20 0.29
21 33 0.17
22 33 0.2
33 23 0.29
33 24 0.27
33 25 0.14
26 33 0.12
33 28 0.29
33 29 0.17
33 30 0.29
31 33 0.24
33 32 0.24
33 35 5.0E-4
1 34 0.63
34 2 1.0
3 34 0.82
34 4 1.0
34 5 1.0
6 34 0.82
7 34 0.63
8 34 0.14
9 34 0.21
10 34 0.34
11 34 0.29
12 34 0.43
13 34 0.82
14 34 0.71
15 34 0.37
16 34 0.71
17 34 0.82
34 18 1.0
19 34 0.63
34 20 1.0
21 34 0.29
22 34 0.71
34 23 1.0
24 34 0.47
25 34 0.5
26 34 0.43
27 34 0.17
34 28 1.0
29 34 0.58
34 30 1.0
31 34 0.82
32 34 0.82
33 34 0.29
34 35 0.0059
