*Vertices  53
1 "LCD显示屏"
2 "显示器"
3 "衬底"
4 "滤波片"
5 "光纤"
6 "控制器"
7 "发光荧光材料"
8 "III-V族半导体材料"
9 "GAN"
10 "保护层"
11 "PD"
12 "活性层"
13 "LED外延片"
14 "外延片"
15 "外延"
16 "LED"
17 "液晶显示模块"
18 "二极管"
19 "玻璃"
20 "通道"
21 "LED光源"
22 "腐蚀液"
23 "滤光片"
24 "加热片"
25 "光刻胶"
26 "SiO2"
27 "半导体"
28 "Al2O3"
29 "GaAs"
30 "MQW"
31 "SMT"
32 "光子晶体"
33 "FPC连接器"
34 "LED芯片"
35 "芯片"
36 "金属层"
37 "电流扩展层"
38 "Li"
39 "离子"
40 "电极"
41 "电阻"
42 "光子晶体谐振腔"
43 "激光"
44 "粘附层"
45 "MOCVD"
46 "湿法刻蚀"
47 "干法刻蚀"
48 "屏幕"
49 "透镜"
50 "透明导电层"
51 "反射层"
52 "激发光"
53 "ITO"
*Arcs
53 1 2.0E-4
2 1 0.47
53 2 2.0E-4
53 3 0.0038
3 4 0.63
53 4 0.0024
3 5 0.52
5 4 0.82
53 5 0.0017
1 6 0.34
2 6 0.32
53 6 1.0E-4
3 7 0.26
53 7 4.0E-4
3 8 0.63
8 4 1.0
5 8 0.82
53 8 0.0024
3 9 0.63
9 4 1.0
5 9 0.82
9 8 1.0
53 9 0.0024
3 10 0.45
10 7 0.58
53 10 0.0010
3 11 0.63
11 4 1.0
5 11 0.82
11 8 1.0
11 9 1.0
53 11 0.0024
3 12 0.45
12 7 0.58
12 10 1.0
53 12 0.0010
13 3 0.45
53 13 9.0E-4
14 3 0.77
14 4 0.82
14 5 0.67
14 8 0.82
14 9 0.82
14 11 0.82
14 13 0.58
53 14 0.0034
15 3 1.0
15 4 0.63
15 5 0.52
15 7 0.26
15 8 0.63
15 9 0.63
15 10 0.45
15 11 0.63
15 12 0.45
15 13 0.45
15 14 0.77
53 15 0.0038
16 1 0.29
16 2 0.3
16 3 0.23
16 4 0.14
16 5 0.18
16 6 0.32
16 7 0.18
16 8 0.14
16 9 0.14
16 10 0.1
16 11 0.14
16 12 0.1
16 13 0.1
16 14 0.18
16 15 0.23
53 16 4.0E-4
17 1 0.71
2 17 0.5
17 6 0.47
16 17 0.2
53 17 3.0E-4
18 1 0.15
18 2 0.19
18 3 0.26
18 4 0.21
18 5 0.25
18 6 0.14
18 7 0.17
18 8 0.21
18 9 0.21
18 10 0.15
18 11 0.21
18 12 0.15
18 13 0.15
18 14 0.25
18 15 0.26
18 16 0.7
18 17 0.15
53 18 5.0E-4
19 2 0.24
3 19 0.22
19 4 0.34
5 19 0.28
19 8 0.34
19 9 0.34
19 11 0.34
14 19 0.28
15 19 0.22
16 19 0.42
18 19 0.32
53 19 3.0E-4
3 20 0.18
20 4 0.29
5 20 0.24
20 8 0.29
20 9 0.29
20 11 0.29
14 20 0.24
15 20 0.18
16 20 0.25
18 20 0.24
19 20 0.2
53 20 2.0E-4
21 1 0.11
21 2 0.2
3 21 0.27
21 4 0.43
21 5 0.35
21 7 0.17
21 8 0.43
21 9 0.43
21 11 0.43
14 21 0.35
15 21 0.27
16 21 0.34
21 17 0.15
18 21 0.31
21 19 0.29
21 20 0.25
53 21 5.0E-4
22 3 0.45
22 13 1.0
22 14 0.58
22 15 0.45
22 16 0.1
22 18 0.15
53 22 9.0E-4
23 1 0.2
2 23 0.19
3 23 0.52
23 4 0.82
5 23 0.67
23 8 0.82
23 9 0.82
23 11 0.82
14 23 0.67
15 23 0.52
16 23 0.18
23 17 0.29
18 23 0.25
19 23 0.28
23 20 0.24
21 23 0.52
53 23 0.0017
1 24 0.35
2 24 0.33
6 24 0.32
16 24 0.1
17 24 0.5
53 24 7.0E-4
25 3 0.45
25 13 1.0
25 14 0.58
25 15 0.45
25 16 0.1
25 18 0.15
25 22 1.0
53 25 9.0E-4
26 3 0.67
26 4 0.71
26 5 0.58
26 8 0.71
26 9 0.71
26 11 0.71
26 13 0.5
26 14 0.87
26 15 0.67
26 16 0.2
26 18 0.22
26 19 0.36
26 20 0.2
26 21 0.3
26 22 0.5
26 23 0.58
26 25 0.5
53 26 0.0026
27 2 0.09
27 3 0.58
27 4 0.37
27 5 0.3
27 7 0.45
27 8 0.37
27 9 0.37
27 10 0.26
27 11 0.37
27 12 0.26
27 13 0.26
27 14 0.45
27 15 0.58
27 16 0.39
27 18 0.45
27 19 0.25
27 20 0.21
27 21 0.31
27 22 0.26
27 23 0.3
27 25 0.26
27 26 0.39
53 27 0.0014
3 28 0.89
28 4 0.71
5 28 0.58
28 7 0.29
28 8 0.71
28 9 0.71
28 10 0.5
28 11 0.71
28 12 0.5
14 28 0.58
15 28 0.89
16 28 0.2
18 28 0.22
19 28 0.24
28 20 0.2
21 28 0.3
23 28 0.58
26 28 0.5
27 28 0.52
53 28 0.0029
3 29 0.77
29 4 0.82
5 29 0.67
29 8 0.82
29 9 0.82
29 11 0.82
14 29 0.67
15 29 0.77
16 29 0.18
18 29 0.17
19 29 0.28
20 29 0.24
21 29 0.35
23 29 0.67
26 29 0.58
27 29 0.45
28 29 0.87
53 29 0.0019
3 30 0.63
30 4 1.0
5 30 0.82
30 8 1.0
30 9 1.0
30 11 1.0
14 30 0.82
15 30 0.63
16 30 0.14
18 30 0.21
19 30 0.34
20 30 0.29
21 30 0.43
23 30 0.82
26 30 0.71
27 30 0.37
28 30 0.71
29 30 0.82
53 30 0.0024
1 31 0.5
2 31 0.47
6 31 0.45
16 31 0.14
17 31 0.71
31 24 0.71
53 31 5.0E-4
3 32 0.63
32 4 1.0
5 32 0.82
32 8 1.0
32 9 1.0
32 11 1.0
14 32 0.82
15 32 0.63
16 32 0.14
18 32 0.21
19 32 0.34
20 32 0.29
21 32 0.43
23 32 0.82
26 32 0.71
27 32 0.37
28 32 0.71
29 32 0.82
32 30 1.0
53 32 0.0024
1 33 0.35
2 33 0.33
6 33 0.32
16 33 0.1
17 33 0.5
33 24 1.0
33 31 0.71
53 33 7.0E-4
34 3 0.45
34 7 0.29
34 13 0.5
34 14 0.29
34 15 0.45
34 16 0.2
34 18 0.07
34 20 0.2
34 21 0.15
34 22 0.5
34 25 0.5
34 26 0.25
34 27 0.39
34 28 0.25
34 29 0.29
34 53 3.0E-4
35 1 0.36
35 2 0.34
35 3 0.37
35 4 0.29
35 5 0.24
35 6 0.39
35 7 0.12
35 8 0.29
35 9 0.29
35 11 0.29
35 13 0.2
35 14 0.35
35 15 0.37
35 16 0.5
35 17 0.41
35 18 0.42
35 19 0.3
35 20 0.25
35 21 0.31
35 22 0.2
35 23 0.35
35 24 0.2
35 25 0.2
35 26 0.31
35 27 0.42
35 28 0.31
35 29 0.35
35 30 0.29
35 31 0.29
35 32 0.29
35 33 0.2
35 34 0.41
35 53 0.0010
36 3 0.89
36 4 0.71
36 5 0.58
36 7 0.29
36 8 0.71
36 9 0.71
36 10 0.5
36 11 0.71
36 12 0.5
36 13 0.5
36 14 0.87
36 15 0.89
36 16 0.2
36 18 0.29
36 19 0.24
36 20 0.2
36 21 0.3
36 22 0.5
36 23 0.58
36 25 0.5
36 26 0.75
36 27 0.52
36 28 0.75
36 29 0.58
36 30 0.71
36 32 0.71
36 34 0.25
36 35 0.31
36 53 0.0044
3 37 0.63
37 4 1.0
5 37 0.82
37 8 1.0
37 9 1.0
37 11 1.0
14 37 0.82
15 37 0.63
16 37 0.14
18 37 0.21
19 37 0.34
20 37 0.29
21 37 0.43
23 37 0.82
26 37 0.71
27 37 0.37
28 37 0.71
29 37 0.82
37 30 1.0
37 32 1.0
35 37 0.29
36 37 0.71
53 37 0.0024
3 38 0.3
38 4 0.47
5 38 0.38
7 38 0.19
38 8 0.47
38 9 0.47
38 11 0.47
14 38 0.38
15 38 0.3
16 38 0.3
18 38 0.44
19 38 0.32
38 20 0.27
21 38 0.3
23 38 0.38
26 38 0.33
27 38 0.52
28 38 0.33
38 29 0.38
38 30 0.47
38 32 0.47
35 38 0.27
36 38 0.33
38 37 0.47
53 38 6.0E-4
39 1 0.25
39 2 0.12
3 39 0.32
39 4 0.5
5 39 0.41
39 8 0.5
39 9 0.5
39 11 0.5
14 39 0.41
15 39 0.32
16 39 0.29
18 39 0.21
39 19 0.34
39 20 0.14
21 39 0.32
39 23 0.41
26 39 0.35
27 39 0.27
39 28 0.35
39 29 0.41
39 30 0.5
39 32 0.5
35 39 0.29
36 39 0.35
39 37 0.5
39 38 0.35
53 39 7.0E-4
40 1 0.11
40 2 0.1
40 3 0.67
40 4 0.43
40 5 0.35
40 6 0.19
40 7 0.17
40 8 0.43
40 9 0.43
40 10 0.3
40 11 0.43
40 12 0.3
40 13 0.3
40 14 0.52
40 15 0.67
40 16 0.34
40 17 0.15
40 18 0.4
40 19 0.22
40 20 0.25
40 21 0.18
40 22 0.3
40 23 0.35
40 24 0.3
40 25 0.3
40 26 0.45
40 27 0.54
40 28 0.6
40 29 0.52
40 30 0.43
40 31 0.21
40 32 0.43
40 33 0.3
40 34 0.3
40 35 0.49
40 36 0.6
40 37 0.43
40 38 0.2
40 39 0.21
40 53 0.0027
41 1 0.26
41 2 0.08
3 41 0.11
41 4 0.17
41 5 0.14
41 6 0.23
41 8 0.17
41 9 0.17
41 11 0.17
14 41 0.14
15 41 0.11
16 41 0.42
41 17 0.24
18 41 0.57
41 19 0.12
41 20 0.3
41 21 0.15
41 23 0.28
26 41 0.12
27 41 0.25
41 28 0.12
41 29 0.14
41 30 0.17
41 32 0.17
35 41 0.5
36 41 0.12
41 37 0.17
41 38 0.16
41 39 0.09
40 41 0.44
53 41 1.0E-4
3 42 0.63
42 4 1.0
5 42 0.82
42 8 1.0
42 9 1.0
42 11 1.0
14 42 0.82
15 42 0.63
16 42 0.14
18 42 0.21
19 42 0.34
20 42 0.29
21 42 0.43
23 42 0.82
26 42 0.71
27 42 0.37
28 42 0.71
29 42 0.82
42 30 1.0
42 32 1.0
35 42 0.29
36 42 0.71
42 37 1.0
38 42 0.47
39 42 0.5
40 42 0.43
41 42 0.17
53 42 0.0024
1 43 0.14
2 43 0.27
3 43 0.73
43 4 0.58
5 43 0.47
43 6 0.13
43 7 0.24
43 8 0.58
43 9 0.58
43 10 0.41
43 11 0.58
43 12 0.41
14 43 0.47
15 43 0.73
16 43 0.25
18 43 0.18
19 43 0.2
43 20 0.17
21 43 0.25
23 43 0.47
26 43 0.41
27 43 0.42
43 28 0.82
43 29 0.71
43 30 0.58
43 32 0.58
34 43 0.2
35 43 0.33
36 43 0.61
43 37 0.58
43 38 0.27
39 43 0.29
40 43 0.49
41 43 0.1
43 42 0.58
53 43 0.0020
3 44 0.45
44 7 0.58
44 10 1.0
44 12 1.0
15 44 0.45
16 44 0.1
18 44 0.15
27 44 0.26
44 28 0.5
36 44 0.5
40 44 0.3
44 43 0.41
53 44 0.0010
3 45 0.63
45 4 1.0
5 45 0.82
45 8 1.0
45 9 1.0
45 11 1.0
14 45 0.82
15 45 0.63
16 45 0.14
18 45 0.21
19 45 0.34
20 45 0.29
21 45 0.43
23 45 0.82
26 45 0.71
27 45 0.37
28 45 0.71
29 45 0.82
45 30 1.0
45 32 1.0
35 45 0.29
36 45 0.71
45 37 1.0
38 45 0.47
39 45 0.5
40 45 0.43
41 45 0.17
45 42 1.0
43 45 0.58
53 45 0.0024
46 3 0.77
46 4 0.82
46 5 0.67
46 8 0.82
46 9 0.82
46 11 0.82
46 13 0.58
46 14 1.0
46 15 0.77
46 16 0.18
46 18 0.25
46 19 0.28
46 20 0.24
46 21 0.35
46 22 0.58
46 23 0.67
46 25 0.58
46 26 0.87
46 27 0.45
46 28 0.58
46 29 0.67
46 30 0.82
46 32 0.82
46 34 0.29
46 35 0.35
46 36 0.87
46 37 0.82
46 38 0.38
46 39 0.41
46 40 0.52
46 41 0.14
46 42 0.82
46 43 0.47
46 45 0.82
46 53 0.0034
3 47 0.77
47 4 0.82
5 47 0.67
47 8 0.82
47 9 0.82
47 11 0.82
14 47 0.67
15 47 0.77
16 47 0.18
18 47 0.17
19 47 0.28
20 47 0.24
21 47 0.35
23 47 0.67
26 47 0.58
27 47 0.45
28 47 0.87
47 29 1.0
47 30 0.82
47 32 0.82
34 47 0.29
35 47 0.35
36 47 0.58
47 37 0.82
38 47 0.38
39 47 0.41
40 47 0.52
41 47 0.14
47 42 0.82
43 47 0.71
47 45 0.82
46 47 0.67
53 47 0.0019
48 1 0.25
48 2 0.24
48 3 0.16
48 6 0.22
48 13 0.35
48 14 0.2
48 15 0.16
48 16 0.29
48 18 0.1
48 19 0.17
48 22 0.35
48 25 0.35
48 26 0.35
48 27 0.18
48 34 0.18
48 35 0.22
48 36 0.18
48 39 0.13
48 40 0.21
48 41 0.09
48 43 0.29
48 46 0.2
48 53 2.0E-4
3 49 0.18
49 4 0.29
49 5 0.24
49 7 0.47
49 8 0.29
49 9 0.29
49 11 0.29
14 49 0.24
15 49 0.18
16 49 0.25
18 49 0.18
49 19 0.1
49 21 0.25
49 23 0.24
26 49 0.2
27 49 0.32
49 28 0.2
49 29 0.24
49 30 0.29
49 32 0.29
34 49 0.2
35 49 0.17
36 49 0.2
49 37 0.29
49 38 0.27
49 39 0.14
40 49 0.12
49 42 0.29
49 43 0.17
49 45 0.29
46 49 0.24
49 47 0.24
53 49 2.0E-4
3 50 0.45
50 7 0.58
50 10 1.0
50 12 1.0
15 50 0.45
16 50 0.1
18 50 0.15
27 50 0.26
50 28 0.5
36 50 0.5
40 50 0.3
50 43 0.41
50 44 1.0
53 50 0.0010
51 3 0.67
51 7 0.29
51 10 0.5
51 12 0.5
51 13 0.5
51 14 0.29
51 15 0.67
51 16 0.2
51 18 0.15
51 19 0.12
51 22 0.5
51 25 0.5
51 26 0.5
51 27 0.39
51 28 0.5
51 29 0.29
51 34 0.5
51 35 0.2
51 36 0.5
51 40 0.45
51 43 0.41
51 44 0.5
51 46 0.29
51 47 0.29
51 48 0.35
51 50 0.5
51 53 0.0012
3 52 0.63
52 4 1.0
5 52 0.82
52 8 1.0
52 9 1.0
52 11 1.0
14 52 0.82
15 52 0.63
16 52 0.14
18 52 0.21
19 52 0.34
20 52 0.29
21 52 0.43
23 52 0.82
26 52 0.71
27 52 0.37
28 52 0.71
29 52 0.82
52 30 1.0
52 32 1.0
35 52 0.29
36 52 0.71
52 37 1.0
38 52 0.47
39 52 0.5
40 52 0.43
41 52 0.17
52 42 1.0
43 52 0.58
52 45 1.0
46 52 0.82
47 52 0.82
49 52 0.29
53 52 0.0024
