*Vertices  43
1 "LED显示屏"
2 "显示器"
3 "LED灯"
4 "光膜"
5 "传感器"
6 "控制器"
7 "处理器"
8 "单片机"
9 "开关"
10 "焊油墨"
11 "显示技术"
12 "定时器"
13 "LED"
14 "液晶显示模块"
15 "二极管"
16 "稳压二极管"
17 "三极管"
18 "接收管"
19 "LED光源"
20 "转换器"
21 "滤光片"
22 "加热片"
23 "电路板"
24 "SMT"
25 "ITO"
26 "GPIO"
27 "客户"
28 "摄像机"
29 "锂电池"
30 "FPC连接器"
31 "FFC连接器"
32 "芯片"
33 "继电器"
34 "存储器"
35 "离子"
36 "电极"
37 "电阻"
38 "激光"
39 "屏幕"
40 "读取器"
41 "信息卡"
42 "蜂鸣器"
43 "LCD显示屏"
*Arcs
43 1 8.0E-4
2 43 0.0051
3 1 0.06
3 2 0.05
3 43 2.0E-4
2 4 0.33
3 4 0.14
43 4 0.0018
5 2 0.17
3 5 0.21
5 43 0.0012
2 6 0.32
3 6 0.18
5 6 0.32
43 6 0.0031
2 7 0.15
3 7 0.13
5 7 0.56
6 7 0.42
43 7 9.0E-4
2 8 0.59
3 8 0.05
5 8 0.35
8 6 0.22
8 7 0.16
8 43 5.0E-4
9 2 0.06
9 3 0.37
9 5 0.26
9 6 0.22
9 7 0.16
9 8 0.12
9 43 9.0E-4
2 10 0.33
3 10 0.14
10 4 1.0
43 10 0.0018
2 11 0.47
5 11 0.18
6 11 0.45
7 11 0.32
8 11 0.25
43 11 0.0015
5 12 0.25
6 12 0.32
7 12 0.45
9 12 0.17
43 12 0.0023
13 1 0.25
13 2 0.3
13 3 0.73
13 4 0.1
13 5 0.41
13 6 0.32
13 7 0.23
13 8 0.29
13 9 0.58
13 10 0.1
13 11 0.14
13 12 0.1
13 43 0.0023
2 14 0.5
5 14 0.13
14 6 0.47
14 7 0.22
14 8 0.18
9 14 0.17
14 11 0.35
14 12 0.5
13 14 0.2
14 43 0.01
15 2 0.19
15 3 0.35
15 5 0.29
15 6 0.14
15 7 0.13
15 8 0.21
15 9 0.58
15 12 0.15
15 13 0.7
15 14 0.15
15 43 9.0E-4
3 16 0.23
5 16 0.1
16 6 0.26
16 7 0.18
9 16 0.21
16 12 0.41
13 16 0.25
16 14 0.2
15 16 0.36
16 43 5.0E-4
17 2 0.13
3 17 0.21
17 5 0.09
17 6 0.12
17 8 0.13
9 17 0.46
13 17 0.27
17 14 0.19
15 17 0.39
17 16 0.31
17 43 5.0E-4
18 2 0.19
3 18 0.16
18 5 0.14
18 8 0.2
9 18 0.3
13 18 0.18
18 14 0.29
15 18 0.25
18 17 0.65
18 43 0.0010
19 2 0.2
3 19 0.3
19 8 0.11
9 19 0.05
13 19 0.34
19 14 0.15
15 19 0.31
17 19 0.11
18 19 0.17
19 43 3.0E-4
20 1 0.2
3 20 0.07
20 5 0.25
20 6 0.16
20 7 0.22
20 8 0.18
9 20 0.26
20 12 0.5
13 20 0.2
20 14 0.25
15 20 0.22
20 16 0.2
20 17 0.19
20 18 0.29
20 43 0.0019
2 21 0.19
21 8 0.2
9 21 0.1
13 21 0.18
21 14 0.29
15 21 0.25
17 21 0.22
18 21 0.33
19 21 0.52
21 43 9.0E-4
2 22 0.33
6 22 0.32
13 22 0.1
14 22 0.5
43 22 0.0023
23 1 0.19
2 23 0.31
3 23 0.4
23 4 0.24
5 23 0.12
23 6 0.15
23 7 0.11
23 8 0.17
9 23 0.12
23 10 0.24
23 11 0.17
13 23 0.43
23 14 0.24
15 23 0.24
17 23 0.27
18 23 0.27
19 23 0.21
23 21 0.14
23 43 0.0017
2 24 0.47
6 24 0.45
24 11 0.5
13 24 0.14
14 24 0.71
24 22 0.71
23 24 0.17
43 24 0.0048
25 2 0.15
25 6 0.14
25 13 0.23
25 14 0.22
25 15 0.26
25 19 0.27
25 21 0.52
25 22 0.45
25 24 0.32
25 43 7.0E-4
2 26 0.33
26 8 0.35
9 26 0.17
13 26 0.1
26 14 0.5
15 26 0.15
17 26 0.38
18 26 0.58
19 26 0.3
26 21 0.58
26 23 0.24
26 43 0.0020
2 27 0.19
3 27 0.24
27 4 0.58
5 27 0.29
9 27 0.1
27 10 0.58
13 27 0.18
15 27 0.08
17 27 0.22
18 27 0.33
23 27 0.27
43 27 9.0E-4
28 1 0.24
2 28 0.19
5 28 0.14
28 8 0.2
9 28 0.1
13 28 0.18
28 14 0.29
15 28 0.17
17 28 0.22
18 28 0.33
19 28 0.17
28 21 0.33
28 23 0.14
28 26 0.58
28 43 0.0022
3 29 0.1
5 29 0.35
6 29 0.45
29 7 0.63
9 29 0.12
29 12 0.71
13 29 0.14
14 29 0.35
15 29 0.21
16 29 0.29
20 29 0.35
23 29 0.17
43 29 0.0015
2 30 0.33
6 30 0.32
13 30 0.1
14 30 0.5
30 22 1.0
30 24 0.71
25 30 0.45
43 30 0.0023
2 31 0.33
6 31 0.32
31 11 0.71
13 31 0.1
14 31 0.5
23 31 0.24
31 24 0.71
43 31 0.0019
32 1 0.08
32 2 0.34
32 3 0.26
32 5 0.31
32 6 0.39
32 7 0.27
32 8 0.29
32 9 0.28
32 11 0.29
32 12 0.2
32 13 0.5
32 14 0.41
32 15 0.42
32 16 0.17
32 17 0.39
32 18 0.35
32 19 0.31
32 20 0.31
32 21 0.35
32 22 0.2
32 23 0.38
32 24 0.29
32 25 0.37
32 26 0.2
32 27 0.12
32 28 0.12
32 29 0.29
32 30 0.2
32 31 0.2
32 43 0.0037
5 33 0.25
9 33 0.17
13 33 0.1
15 33 0.15
32 33 0.2
43 33 0.0010
34 2 0.15
3 34 0.06
34 5 0.22
34 6 0.14
34 7 0.2
34 8 0.16
9 34 0.31
34 12 0.45
13 34 0.23
34 14 0.45
15 34 0.33
34 16 0.18
34 17 0.34
34 18 0.52
34 19 0.13
34 20 0.45
34 21 0.26
34 23 0.11
34 26 0.45
34 28 0.52
34 29 0.32
32 34 0.27
34 43 0.0023
35 1 0.29
35 2 0.12
3 35 0.1
13 35 0.29
15 35 0.21
19 35 0.32
20 35 0.18
35 21 0.41
35 23 0.17
25 35 0.32
35 28 0.2
32 35 0.29
35 43 7.0E-4
36 2 0.1
36 3 0.17
36 5 0.08
36 6 0.19
36 9 0.26
36 13 0.34
36 14 0.15
36 15 0.4
36 16 0.25
36 17 0.57
36 18 0.35
36 19 0.18
36 20 0.15
36 21 0.35
36 22 0.3
36 23 0.07
36 24 0.21
36 25 0.67
36 27 0.17
36 30 0.3
36 32 0.49
36 34 0.13
36 35 0.21
36 43 5.0E-4
37 2 0.08
3 37 0.27
37 5 0.24
37 6 0.23
37 7 0.11
37 8 0.26
9 37 0.46
37 12 0.24
13 37 0.42
37 14 0.24
15 37 0.57
37 16 0.59
37 17 0.64
37 18 0.42
37 19 0.15
37 20 0.36
37 21 0.28
37 23 0.17
25 37 0.11
37 26 0.24
37 27 0.14
37 28 0.14
37 29 0.17
32 37 0.5
37 33 0.24
37 34 0.33
37 35 0.09
36 37 0.44
37 43 0.0018
2 38 0.27
3 38 0.06
38 4 0.41
5 38 0.1
38 6 0.13
38 7 0.18
8 38 0.14
38 10 0.41
38 11 0.29
13 38 0.25
15 38 0.18
19 38 0.25
21 38 0.47
23 38 0.1
25 38 0.55
38 27 0.24
32 38 0.33
35 38 0.29
36 38 0.49
37 38 0.1
43 38 6.0E-4
39 1 0.58
39 2 0.24
39 3 0.1
39 4 0.35
39 5 0.09
39 6 0.22
39 7 0.16
39 8 0.13
39 9 0.06
39 10 0.35
39 11 0.25
39 13 0.29
39 15 0.1
39 16 0.14
39 17 0.13
39 20 0.18
39 23 0.25
39 25 0.16
39 27 0.2
39 32 0.22
39 35 0.13
39 36 0.21
39 37 0.09
39 38 0.29
39 43 0.0012
5 40 0.25
6 40 0.32
7 40 0.45
9 40 0.17
40 12 1.0
13 40 0.1
14 40 0.5
15 40 0.15
16 40 0.41
20 40 0.5
29 40 0.71
32 40 0.2
34 40 0.45
37 40 0.24
43 40 0.0023
5 41 0.18
6 41 0.22
7 41 0.32
9 41 0.12
41 12 0.71
13 41 0.14
14 41 0.35
15 41 0.21
16 41 0.29
20 41 0.35
29 41 0.5
32 41 0.14
34 41 0.32
37 41 0.17
41 40 0.71
43 41 0.0013
2 42 0.24
3 42 0.1
5 42 0.18
42 6 0.22
42 7 0.32
42 8 0.25
9 42 0.12
13 42 0.14
42 14 0.35
15 42 0.21
17 42 0.27
18 42 0.41
19 42 0.21
42 21 0.41
42 23 0.33
42 26 0.71
42 28 0.41
42 29 0.5
32 42 0.29
34 42 0.32
37 42 0.17
42 43 0.0013
