*Vertices  231
1 "人体经络显示屏"
2 "LED显示屏"
3 "LCD显示屏"
4 "3D显示屏"
5 "显示器"
6 "衬底"
7 "LED灯罩"
8 "LED灯"
9 "滤波片"
10 "光纤"
11 "探头"
12 "连接带"
13 "电容"
14 "容器"
15 "光膜"
16 "传感器"
17 "控制器"
18 "处理器"
19 "单片机"
20 "发生器"
21 "叶片"
22 "折盒机"
23 "装盒机"
24 "荧光粉"
25 "聚光杯"
26 "验钞紫光灯"
27 "远光灯"
28 "整流器"
29 "工质"
30 "开关"
31 "发光荧光材料"
32 "III-V族半导体材料"
33 "GAN"
34 "FBG"
35 "保护层"
36 "热电分离"
37 "发光球"
38 "焊油墨"
39 "PD"
40 "引发剂"
41 "功率因数校正"
42 "连接管"
43 "模数转换集成块"
44 "充电台灯"
45 "硼酸"
46 "活性层"
47 "显示技术"
48 "握杆"
49 "组装线"
50 "装饰层"
51 "网孔板"
52 "变压器"
53 "定时器"
54 "Zigbee"
55 "太阳能吸收板"
56 "加湿器"
57 "阻燃塑料外壳"
58 "编解码方法"
59 "坐标方向校正方法"
60 "解调方法"
61 "发光板"
62 "EP"
63 "LED外延片"
64 "外延片"
65 "外延"
66 "液晶显示模块"
67 "二极管"
68 "整流二极管"
69 "稳压二极管"
70 "三极管"
71 "挂绳"
72 "扩散剂"
73 "听筒"
74 "GSM"
75 "教具"
76 "玻璃"
77 "雪糕板"
78 "香薰托盘"
79 "环形器"
80 "通道"
81 "接收管"
82 "LED灯具散热壳体"
83 "LED光源"
84 "电热丝"
85 "塑料"
86 "腐蚀液"
87 "缩水甘油"
88 "电子元器件"
89 "转换器"
90 "铝基板"
91 "基板"
92 "集热板"
93 "晶体振荡器"
94 "导热陶瓷"
95 "绝缘靴"
96 "弹性硅胶"
97 "基座"
98 "红外线发射管"
99 "照明扶钉器"
100 "滤光片"
101 "螺旋管"
102 "聚光玻璃罩"
103 "聚光碗"
104 "稀释剂"
105 "电动机"
106 "散热片"
107 "散热器"
108 "电加热器"
109 "干涉仪"
110 "直流电机"
111 "发光体"
112 "加热片"
113 "硅橡胶"
114 "光刻胶"
115 "密封胶"
116 "SiO2"
117 "放大器"
118 "半导体"
119 "电路板"
120 "Al2O3"
121 "GaAs"
122 "MQW"
123 "SMT"
124 "ESD"
125 "ITO"
126 "GPIO"
127 "键合"
128 "客户"
129 "滑动变阻器"
130 "介质箱"
131 "摄像机"
132 "含硅"
133 "光子晶体"
134 "码道"
135 "太阳能"
136 "太阳能电池板"
137 "蓄电池"
138 "充电电池"
139 "锂电池"
140 "LED照明设备"
141 "FPC连接器"
142 "FFC连接器"
143 "LED芯片"
144 "芯片"
145 "金属层"
146 "电流扩展层"
147 "电抗器"
148 "继电器"
149 "充电器"
150 "冷凝器"
151 "存储器"
152 "捕虫箱"
153 "光触媒"
154 "酸盐"
155 "Li"
156 "电感"
157 "离子"
158 "耳机"
159 "电极"
160 "磁铁"
161 "ARCTAN"
162 "冰柜"
163 "排水槽"
164 "MP4播放器"
165 "电阻"
166 "基色"
167 "发射模块"
168 "驱动模块"
169 "脉冲信号"
170 "交通灯"
171 "便携棋具"
172 "蒸发腔"
173 "散热腔"
174 "加热管"
175 "防护服"
176 "光子晶体谐振腔"
177 "基料"
178 "丙酮"
179 "激光"
180 "粘附层"
181 "超声波"
182 "SIM"
183 "MOCVD"
184 "湿法刻蚀"
185 "干法刻蚀"
186 "空穴"
187 "指南针"
188 "太阳能电子板"
189 "平面板"
190 "射灯"
191 "酯键"
192 "检测仪"
193 "臭氧仪"
194 "光电耦合器"
195 "臭氧"
196 "防滑垫"
197 "屏幕"
198 "读取器"
199 "瞄准镜"
200 "放大镜"
201 "透镜"
202 "舰船"
203 "同轴电缆"
204 "透明导电层"
205 "反射层"
206 "甲基"
207 "信息卡"
208 "防护罩"
209 "转子"
210 "弹簧"
211 "碳泡沫"
212 "芯线"
213 "电磁感应"
214 "发光笔套"
215 "蜂鸣器"
216 "滚轮按摩器"
217 "扬声器"
218 "绝对位置"
219 "电磁锁心"
220 "固定支架"
221 "激发光"
222 "发光管"
223 "提示仪"
224 "水平仪"
225 "晶体闸流管"
226 "信息存储卡"
227 "笔筒"
228 "导热柱"
229 "DMA"
230 "插座"
231 "LED"
*Arcs
231 1 0.0
231 2 1.0E-4
3 2 0.29
231 3 2.0E-4
2 4 0.41
231 4 0.0
5 3 0.47
231 5 3.0E-4
231 6 2.0E-4
231 7 0.0
8 2 0.06
8 3 0.05
8 5 0.05
8 7 0.2
231 8 0.0014
6 9 0.63
231 9 1.0E-4
6 10 0.52
10 9 0.82
231 10 1.0E-4
8 11 0.14
231 11 0.0
2 12 0.24
12 4 0.58
8 12 0.08
231 12 1.0E-4
8 13 0.35
231 13 4.0E-4
8 14 0.19
13 14 0.37
231 14 2.0E-4
3 15 0.35
5 15 0.33
8 15 0.14
231 15 0.0
16 3 0.18
16 5 0.17
8 16 0.21
16 10 0.14
16 12 0.14
13 16 0.14
231 16 5.0E-4
3 17 0.34
5 17 0.32
8 17 0.18
13 17 0.18
14 17 0.14
16 17 0.32
231 17 3.0E-4
3 18 0.16
5 18 0.15
8 18 0.13
18 12 0.26
16 18 0.56
17 18 0.42
231 18 2.0E-4
19 3 0.13
5 19 0.59
8 19 0.05
13 19 0.2
16 19 0.35
19 17 0.22
19 18 0.16
231 19 2.0E-4
8 20 0.14
231 20 0.0
21 2 0.58
8 21 0.1
231 21 0.0
8 22 0.14
16 22 0.25
231 22 0.0
8 23 0.1
16 23 0.18
23 22 0.71
231 23 1.0E-4
6 24 0.32
8 24 0.1
14 24 0.32
231 24 1.0E-4
8 25 0.2
13 25 0.39
231 25 1.0E-4
231 26 0.0
16 27 0.25
231 27 0.0
8 28 0.29
13 28 0.68
28 14 0.55
28 17 0.13
28 25 0.58
231 28 2.0E-4
8 29 0.14
13 29 0.28
231 29 0.0
30 1 0.17
30 3 0.18
30 5 0.06
30 8 0.37
30 13 0.39
30 14 0.31
30 16 0.26
30 17 0.22
30 18 0.16
30 19 0.12
30 26 0.17
30 28 0.21
231 30 0.0010
6 31 0.26
8 31 0.16
31 14 0.26
31 24 0.41
231 31 1.0E-4
6 32 0.63
32 9 1.0
10 32 0.82
231 32 1.0E-4
6 33 0.63
33 9 1.0
10 33 0.82
33 32 1.0
231 33 1.0E-4
34 10 0.58
34 16 0.25
231 34 0.0
6 35 0.45
35 31 0.58
231 35 0.0
8 36 0.2
13 36 0.2
36 29 0.71
231 36 1.0E-4
30 37 0.17
231 37 0.0
3 38 0.35
5 38 0.33
8 38 0.14
38 15 1.0
231 38 0.0
6 39 0.63
39 9 1.0
10 39 0.82
39 32 1.0
39 33 1.0
231 39 1.0E-4
40 5 0.24
231 40 1.0E-4
8 41 0.14
13 41 0.28
30 41 0.17
231 41 0.0
8 42 0.14
13 42 0.28
42 29 1.0
36 42 0.71
231 42 0.0
8 43 0.14
43 13 0.28
30 43 0.17
231 43 0.0
30 44 0.17
231 44 0.0
45 5 0.24
8 45 0.1
45 14 0.32
45 24 0.5
45 31 0.41
45 40 0.5
231 45 1.0E-4
6 46 0.45
46 31 0.58
46 35 1.0
231 46 0.0
3 47 0.25
5 47 0.47
16 47 0.18
17 47 0.45
18 47 0.32
19 47 0.25
231 47 1.0E-4
30 48 0.17
231 48 0.0
49 23 0.71
231 49 0.0
30 50 0.17
231 50 0.0
5 51 0.33
19 51 0.35
231 51 0.0
52 1 0.32
52 5 0.11
8 52 0.31
13 52 0.61
52 14 0.42
52 17 0.1
52 25 0.45
52 28 0.77
30 52 0.33
52 40 0.22
52 41 0.32
52 45 0.22
231 52 3.0E-4
3 53 0.35
16 53 0.25
17 53 0.32
18 53 0.45
30 53 0.17
231 53 0.0
13 54 0.28
16 54 0.25
19 54 0.35
30 54 0.17
231 54 0.0
8 55 0.14
30 55 0.17
231 55 0.0
8 56 0.14
56 11 1.0
231 56 0.0
8 57 0.14
30 57 0.17
52 57 0.32
231 57 0.0
16 58 0.25
231 58 0.0
16 59 0.25
231 59 0.0
60 10 0.58
60 16 0.25
60 34 1.0
231 60 0.0
61 7 0.41
8 61 0.16
13 61 0.32
14 61 0.26
17 61 0.18
28 61 0.24
30 61 0.2
61 41 0.58
52 61 0.37
231 61 1.0E-4
62 5 0.24
62 40 1.0
62 45 0.5
62 52 0.22
231 62 1.0E-4
63 6 0.45
231 63 0.0
64 6 0.77
64 9 0.82
64 10 0.67
64 32 0.82
64 33 0.82
64 39 0.82
64 63 0.58
231 64 1.0E-4
65 6 1.0
65 9 0.63
65 10 0.52
65 24 0.32
65 31 0.26
65 32 0.63
65 33 0.63
65 35 0.45
65 39 0.63
65 46 0.45
65 63 0.45
65 64 0.77
231 65 2.0E-4
66 3 0.71
5 66 0.5
16 66 0.13
66 17 0.47
66 18 0.22
66 19 0.18
30 66 0.17
66 47 0.35
66 53 0.5
231 66 1.0E-4
67 3 0.15
67 5 0.19
67 6 0.26
67 7 0.1
67 8 0.35
67 9 0.21
67 10 0.25
67 13 0.45
67 14 0.26
67 16 0.29
67 17 0.14
67 18 0.13
67 19 0.21
67 25 0.21
67 26 0.15
67 27 0.15
67 28 0.36
67 30 0.58
67 31 0.17
67 32 0.21
67 33 0.21
67 34 0.15
67 35 0.15
67 37 0.15
67 39 0.21
67 40 0.21
67 41 0.15
67 43 0.15
67 44 0.15
67 45 0.1
67 46 0.15
67 48 0.15
67 50 0.15
67 51 0.15
67 52 0.42
67 53 0.15
67 54 0.15
67 57 0.15
67 58 0.15
67 60 0.15
67 61 0.17
67 62 0.21
67 63 0.15
67 64 0.25
67 65 0.26
67 66 0.15
67 231 0.0015
8 68 0.14
13 68 0.28
30 68 0.17
68 41 1.0
52 68 0.32
61 68 0.58
67 68 0.15
231 68 0.0
69 3 0.14
8 69 0.23
13 69 0.57
69 14 0.18
16 69 0.1
69 17 0.26
69 18 0.18
69 25 0.58
69 28 0.67
30 69 0.21
69 41 0.41
52 69 0.65
69 53 0.41
69 61 0.47
69 66 0.2
67 69 0.36
69 68 0.41
231 69 2.0E-4
70 3 0.13
70 5 0.13
8 70 0.21
70 13 0.63
70 14 0.34
70 16 0.09
70 17 0.12
70 19 0.13
70 28 0.31
30 70 0.46
70 41 0.38
70 43 0.38
70 52 0.36
70 61 0.44
70 66 0.19
67 70 0.39
70 68 0.38
70 69 0.31
231 70 2.0E-4
67 71 0.15
231 71 0.0
8 72 0.2
14 72 0.32
72 24 0.5
31 72 0.82
45 72 0.5
67 72 0.1
231 72 0.0
2 73 0.41
73 4 1.0
73 12 0.58
231 73 0.0
13 74 0.28
17 74 0.32
19 74 0.35
231 74 0.0
8 75 0.14
75 17 0.32
30 75 0.17
231 75 0.0
76 2 0.3
76 5 0.24
6 76 0.22
8 76 0.27
76 9 0.34
10 76 0.28
13 76 0.07
16 76 0.06
76 19 0.17
76 21 0.34
30 76 0.17
76 32 0.34
76 33 0.34
76 39 0.34
76 40 0.34
76 45 0.17
76 50 0.24
76 51 0.24
76 52 0.08
76 55 0.24
76 62 0.34
64 76 0.28
65 76 0.22
67 76 0.32
70 76 0.09
231 76 5.0E-4
8 77 0.14
231 77 0.0
8 78 0.14
78 11 1.0
78 56 1.0
231 78 0.0
79 10 0.58
79 16 0.25
79 34 1.0
79 60 1.0
67 79 0.15
231 79 0.0
6 80 0.18
8 80 0.23
80 9 0.29
10 80 0.24
13 80 0.23
16 80 0.1
80 29 0.41
30 80 0.07
80 32 0.29
80 33 0.29
36 80 0.29
80 39 0.29
80 42 0.41
64 80 0.24
65 80 0.18
67 80 0.24
70 80 0.15
76 80 0.2
231 80 2.0E-4
81 3 0.2
81 5 0.19
8 81 0.16
81 13 0.32
81 16 0.14
81 19 0.2
30 81 0.3
81 43 0.58
81 66 0.29
67 81 0.25
81 70 0.65
81 76 0.14
81 80 0.24
231 81 1.0E-4
8 82 0.14
231 82 0.0
83 3 0.11
83 5 0.2
6 83 0.27
8 83 0.3
83 9 0.43
83 10 0.35
83 14 0.13
83 19 0.11
83 24 0.21
30 83 0.05
83 31 0.17
83 32 0.43
83 33 0.43
83 39 0.43
83 40 0.21
83 45 0.43
83 52 0.1
83 62 0.21
64 83 0.35
65 83 0.27
83 66 0.15
67 83 0.31
70 83 0.11
83 72 0.21
83 76 0.29
83 80 0.25
81 83 0.17
231 83 3.0E-4
8 84 0.16
14 84 0.26
84 20 0.58
30 84 0.1
67 84 0.08
76 84 0.14
231 84 1.0E-4
85 2 0.12
85 5 0.1
85 7 0.2
8 85 0.36
85 14 0.13
85 16 0.14
85 17 0.18
85 18 0.13
85 19 0.1
85 21 0.2
30 85 0.15
85 47 0.2
85 52 0.09
85 57 0.29
67 85 0.21
85 76 0.28
85 80 0.24
85 83 0.17
85 84 0.33
231 85 3.0E-4
86 6 0.45
86 63 1.0
86 64 0.58
86 65 0.45
86 67 0.15
86 231 0.0
87 5 0.24
87 40 1.0
87 45 0.5
87 52 0.22
87 62 1.0
67 87 0.21
87 76 0.34
83 87 0.21
231 87 1.0E-4
8 88 0.14
13 88 0.28
88 29 1.0
36 88 0.71
88 42 1.0
88 80 0.41
231 88 0.0
89 2 0.2
89 3 0.35
8 89 0.07
89 13 0.28
89 16 0.25
89 17 0.16
89 18 0.22
89 19 0.18
30 89 0.26
89 43 0.5
89 53 0.5
89 54 0.5
89 66 0.25
67 89 0.22
89 69 0.2
89 70 0.19
89 81 0.29
231 89 1.0E-4
7 90 0.32
8 90 0.31
13 90 0.12
30 90 0.16
90 41 0.45
52 90 0.28
90 57 0.45
61 90 0.26
67 90 0.26
90 68 0.45
69 90 0.18
70 90 0.17
80 90 0.18
85 90 0.39
231 90 1.0E-4
6 91 0.18
8 91 0.29
13 91 0.45
91 24 0.29
91 25 0.58
91 28 0.5
91 29 0.41
91 36 0.29
91 42 0.41
52 91 0.39
65 91 0.18
67 91 0.18
91 69 0.5
91 80 0.17
91 88 0.41
231 91 2.0E-4
8 92 0.14
91 92 0.41
231 92 0.0
13 93 0.28
16 93 0.25
19 93 0.35
30 93 0.17
93 54 1.0
67 93 0.15
89 93 0.5
231 93 0.0
8 94 0.14
67 94 0.15
80 94 0.41
85 94 0.29
94 90 0.45
231 94 0.0
12 95 0.58
16 95 0.25
18 95 0.45
231 95 0.0
30 96 0.17
96 48 1.0
67 96 0.15
231 96 0.0
8 97 0.2
14 97 0.32
97 24 0.5
31 97 0.41
45 97 0.5
67 97 0.1
72 97 0.5
80 97 0.29
83 97 0.21
85 97 0.2
97 90 0.32
97 94 0.71
231 97 1.0E-4
8 98 0.14
13 98 0.28
16 98 0.25
30 98 0.17
67 98 0.15
70 98 0.38
76 98 0.24
80 98 0.41
81 98 0.58
231 98 0.0
8 99 0.14
231 99 0.0
100 3 0.2
5 100 0.19
6 100 0.52
100 9 0.82
10 100 0.67
100 19 0.2
30 100 0.1
100 32 0.82
100 33 0.82
100 39 0.82
64 100 0.67
65 100 0.52
100 66 0.29
67 100 0.25
70 100 0.22
76 100 0.28
100 80 0.24
81 100 0.33
83 100 0.52
231 100 1.0E-4
8 101 0.14
67 101 0.15
83 101 0.3
231 101 0.0
30 102 0.17
102 50 1.0
67 102 0.15
76 102 0.24
231 102 0.0
8 103 0.2
13 103 0.39
103 25 1.0
103 28 0.58
52 103 0.45
67 103 0.21
103 69 0.58
103 91 0.58
231 103 1.0E-4
104 5 0.24
104 40 1.0
104 45 0.5
104 52 0.22
104 62 1.0
67 104 0.21
104 76 0.34
83 104 0.21
104 87 1.0
231 104 1.0E-4
5 105 0.33
16 105 0.25
17 105 0.32
18 105 0.45
19 105 0.35
47 105 0.71
85 105 0.29
231 105 0.0
106 8 0.4
106 13 0.09
106 29 0.32
106 30 0.11
106 36 0.22
106 42 0.32
106 50 0.32
67 106 0.18
106 76 0.15
106 80 0.26
106 83 0.48
106 85 0.18
106 88 0.32
106 90 0.14
106 91 0.26
106 92 0.32
106 101 0.32
106 102 0.32
231 106 2.0E-4
8 107 0.42
13 107 0.33
107 23 0.21
107 25 0.43
107 28 0.37
107 29 0.3
107 36 0.43
107 42 0.3
107 49 0.3
107 52 0.29
67 107 0.26
107 69 0.37
107 76 0.07
107 80 0.12
107 82 0.3
107 83 0.27
107 85 0.09
107 88 0.3
107 90 0.13
107 91 0.49
107 101 0.3
107 103 0.43
106 107 0.48
231 107 3.0E-4
14 108 0.45
30 108 0.17
67 108 0.15
108 84 0.58
85 108 0.29
231 108 0.0
109 10 0.58
109 16 0.25
109 34 1.0
109 60 1.0
67 109 0.15
109 79 1.0
231 109 0.0
8 110 0.14
110 17 0.32
30 110 0.17
110 75 1.0
231 110 0.0
8 111 0.2
13 111 0.2
16 111 0.18
30 111 0.25
67 111 0.21
70 111 0.27
76 111 0.17
111 80 0.29
81 111 0.41
111 98 0.71
231 111 0.0
3 112 0.35
5 112 0.33
17 112 0.32
66 112 0.5
231 112 0.0
113 5 0.24
8 113 0.1
113 14 0.32
113 24 0.5
113 31 0.41
113 40 0.5
113 45 1.0
113 52 0.22
113 62 0.5
67 113 0.1
113 72 0.5
113 76 0.17
83 113 0.43
113 87 0.5
113 97 0.5
113 104 0.5
231 113 1.0E-4
114 6 0.45
114 63 1.0
114 64 0.58
114 65 0.45
114 67 0.15
114 86 1.0
114 231 0.0
115 2 0.24
115 8 0.24
115 21 0.41
115 30 0.1
67 115 0.08
115 76 0.14
115 80 0.24
115 85 0.17
115 90 0.26
115 94 0.58
115 97 0.41
115 106 0.18
231 115 1.0E-4
116 2 0.2
116 6 0.67
116 9 0.71
116 10 0.58
116 21 0.35
116 32 0.71
116 33 0.71
116 39 0.71
116 63 0.5
116 64 0.87
116 65 0.67
116 67 0.22
116 76 0.36
116 80 0.2
116 83 0.3
116 85 0.14
116 86 0.5
116 100 0.58
116 114 0.5
116 231 1.0E-4
8 117 0.2
117 13 0.39
30 117 0.25
117 41 0.71
117 43 0.71
117 52 0.22
117 61 0.41
67 117 0.21
117 68 0.71
117 69 0.29
117 70 0.53
117 81 0.41
117 89 0.35
117 90 0.32
231 117 1.0E-4
118 2 0.11
118 5 0.09
118 6 0.58
118 7 0.18
118 8 0.33
118 9 0.37
118 10 0.3
118 13 0.21
118 14 0.35
118 21 0.18
118 24 0.37
118 28 0.21
118 30 0.18
118 31 0.45
118 32 0.37
118 33 0.37
118 35 0.26
118 39 0.37
118 40 0.18
118 43 0.26
118 45 0.37
118 46 0.26
118 52 0.33
118 57 0.26
118 62 0.18
118 63 0.26
118 64 0.45
118 65 0.58
118 67 0.45
118 70 0.2
118 72 0.37
118 76 0.25
118 80 0.21
118 81 0.15
118 83 0.31
118 85 0.22
118 86 0.26
118 87 0.18
118 89 0.13
118 90 0.35
118 91 0.11
118 94 0.26
118 97 0.37
118 100 0.3
118 104 0.18
118 113 0.37
118 114 0.26
118 115 0.3
118 116 0.39
118 117 0.18
118 231 5.0E-4
119 2 0.19
119 3 0.25
5 119 0.31
8 119 0.4
119 11 0.24
13 119 0.13
119 14 0.11
119 15 0.24
16 119 0.12
119 17 0.15
119 18 0.11
119 19 0.17
119 21 0.33
119 24 0.17
30 119 0.12
119 31 0.27
119 36 0.17
119 38 0.24
40 119 0.17
45 119 0.17
119 47 0.17
119 56 0.24
62 119 0.17
119 66 0.24
67 119 0.24
70 119 0.27
119 72 0.33
76 119 0.4
119 78 0.24
119 80 0.1
81 119 0.27
83 119 0.21
85 119 0.2
87 119 0.17
119 97 0.17
119 98 0.24
119 100 0.14
104 119 0.17
106 119 0.07
107 119 0.07
119 111 0.17
113 119 0.17
115 119 0.14
116 119 0.12
118 119 0.18
231 119 4.0E-4
6 120 0.89
120 9 0.71
10 120 0.58
120 24 0.35
120 31 0.29
120 32 0.71
120 33 0.71
120 35 0.5
120 39 0.71
120 46 0.5
64 120 0.58
65 120 0.89
67 120 0.22
76 120 0.24
120 80 0.2
83 120 0.3
91 120 0.2
100 120 0.58
116 120 0.5
118 120 0.52
231 120 1.0E-4
6 121 0.77
121 9 0.82
10 121 0.67
24 121 0.41
121 32 0.82
121 33 0.82
121 39 0.82
64 121 0.67
65 121 0.77
67 121 0.17
76 121 0.28
80 121 0.24
83 121 0.35
91 121 0.24
100 121 0.67
116 121 0.58
118 121 0.45
120 121 0.87
231 121 1.0E-4
6 122 0.63
122 9 1.0
10 122 0.82
122 32 1.0
122 33 1.0
122 39 1.0
64 122 0.82
65 122 0.63
67 122 0.21
76 122 0.34
80 122 0.29
83 122 0.43
100 122 0.82
116 122 0.71
118 122 0.37
120 122 0.71
121 122 0.82
231 122 1.0E-4
3 123 0.5
5 123 0.47
17 123 0.45
123 47 0.5
66 123 0.71
123 112 0.71
119 123 0.17
231 123 1.0E-4
13 124 0.28
16 124 0.25
19 124 0.35
30 124 0.17
124 54 1.0
67 124 0.15
89 124 0.5
124 93 1.0
231 124 0.0
125 3 0.16
125 5 0.15
125 6 0.8
125 9 0.63
125 10 0.52
125 17 0.14
125 31 0.26
125 32 0.63
125 33 0.63
125 35 0.45
125 39 0.63
125 46 0.45
125 63 0.45
125 64 0.77
125 65 0.8
125 66 0.22
125 67 0.26
125 76 0.22
125 80 0.18
125 83 0.27
125 86 0.45
125 100 0.52
125 112 0.45
125 114 0.45
125 116 0.67
125 118 0.46
125 120 0.67
125 121 0.52
125 122 0.63
125 123 0.32
125 231 2.0E-4
126 3 0.35
5 126 0.33
126 19 0.35
30 126 0.17
126 66 0.5
67 126 0.15
70 126 0.38
81 126 0.58
83 126 0.3
126 100 0.58
126 119 0.24
231 126 0.0
6 127 0.45
24 127 0.71
65 127 0.45
91 127 0.41
118 127 0.26
120 127 0.5
127 121 0.58
231 127 0.0
3 128 0.2
5 128 0.19
8 128 0.24
13 128 0.16
128 15 0.58
16 128 0.29
128 22 0.58
128 23 0.41
30 128 0.1
128 38 0.58
67 128 0.08
70 128 0.22
76 128 0.14
128 80 0.24
81 128 0.33
128 98 0.58
111 128 0.41
119 128 0.27
231 128 1.0E-4
14 129 0.45
30 129 0.17
67 129 0.15
129 84 0.58
85 129 0.29
129 108 1.0
231 129 0.0
8 130 0.14
67 130 0.15
83 130 0.3
130 101 1.0
106 130 0.32
107 130 0.3
231 130 0.0
131 2 0.24
131 3 0.41
5 131 0.19
16 131 0.14
131 19 0.2
131 27 0.58
30 131 0.1
131 66 0.29
67 131 0.17
70 131 0.22
81 131 0.33
83 131 0.17
131 100 0.33
131 119 0.14
131 126 0.58
231 131 1.0E-4
132 5 0.33
132 40 0.71
132 45 0.71
132 52 0.32
132 62 0.71
67 132 0.15
132 76 0.24
83 132 0.3
132 87 0.71
132 104 0.71
132 113 0.71
118 132 0.26
231 132 0.0
6 133 0.63
133 9 1.0
10 133 0.82
133 32 1.0
133 33 1.0
133 39 1.0
64 133 0.82
65 133 0.63
67 133 0.21
76 133 0.34
80 133 0.29
83 133 0.43
100 133 0.82
116 133 0.71
118 133 0.37
120 133 0.71
121 133 0.82
133 122 1.0
125 133 0.63
231 133 1.0E-4
16 134 0.25
134 58 1.0
67 134 0.15
231 134 0.0
2 135 0.15
8 135 0.21
135 12 0.22
13 135 0.1
135 17 0.12
30 135 0.2
135 55 0.38
67 135 0.11
70 135 0.14
135 71 0.38
135 75 0.38
76 135 0.18
135 110 0.38
119 135 0.09
231 135 2.0E-4
8 136 0.21
136 12 0.29
136 17 0.16
30 136 0.09
67 136 0.07
136 71 0.5
136 75 0.5
136 110 0.5
136 135 0.76
231 136 1.0E-4
137 2 0.13
8 137 0.31
137 12 0.18
13 137 0.18
137 14 0.28
137 17 0.1
28 137 0.26
30 137 0.33
137 44 0.32
52 137 0.2
137 55 0.32
67 137 0.18
70 137 0.12
137 71 0.32
137 75 0.32
76 137 0.15
137 110 0.32
118 137 0.16
137 135 0.72
137 136 0.63
231 137 3.0E-4
8 138 0.1
138 13 0.39
30 138 0.25
138 43 0.71
67 138 0.21
138 70 0.53
138 81 0.41
138 89 0.35
138 117 0.5
118 138 0.18
138 119 0.17
138 135 0.27
231 138 1.0E-4
3 139 0.25
8 139 0.1
16 139 0.35
17 139 0.45
139 18 0.63
30 139 0.12
139 53 0.71
66 139 0.35
67 139 0.21
69 139 0.29
89 139 0.35
119 139 0.17
231 139 1.0E-4
8 140 0.14
83 140 0.3
231 140 0.0
3 141 0.35
5 141 0.33
17 141 0.32
66 141 0.5
141 112 1.0
141 123 0.71
125 141 0.45
231 141 0.0
3 142 0.35
5 142 0.33
17 142 0.32
142 47 0.71
66 142 0.5
119 142 0.24
142 123 0.71
231 142 0.0
143 6 0.45
143 8 0.14
143 13 0.14
143 14 0.22
143 24 0.71
143 29 0.5
143 31 0.29
143 36 0.35
143 42 0.5
143 45 0.35
143 63 0.5
143 64 0.29
143 65 0.45
143 67 0.07
143 72 0.35
143 80 0.2
143 83 0.15
143 86 0.5
143 88 0.5
143 91 0.41
143 97 0.35
143 106 0.16
143 107 0.15
143 113 0.35
143 114 0.5
143 116 0.25
143 118 0.39
143 119 0.12
143 120 0.25
143 121 0.29
143 125 0.22
143 127 0.5
143 231 1.0E-4
144 2 0.08
144 3 0.36
144 5 0.34
144 6 0.37
144 8 0.26
144 9 0.29
144 10 0.24
144 13 0.4
144 14 0.09
144 16 0.31
144 17 0.39
144 18 0.27
144 19 0.29
144 21 0.14
144 24 0.29
144 29 0.2
144 30 0.28
144 31 0.12
144 32 0.29
144 33 0.29
144 36 0.14
144 39 0.29
144 40 0.29
144 41 0.2
144 42 0.2
144 43 0.2
144 45 0.29
144 47 0.29
144 52 0.13
144 53 0.2
144 54 0.2
144 61 0.12
144 62 0.29
144 63 0.2
144 64 0.35
144 65 0.37
144 66 0.41
144 67 0.42
144 68 0.2
144 69 0.17
144 70 0.39
144 72 0.14
144 74 0.2
144 76 0.3
144 80 0.25
144 81 0.35
144 83 0.31
144 85 0.06
144 86 0.2
144 87 0.29
144 88 0.2
144 89 0.31
144 90 0.18
144 91 0.17
144 93 0.2
144 97 0.14
144 98 0.2
144 100 0.35
144 104 0.29
144 105 0.2
144 106 0.13
144 107 0.12
144 111 0.14
144 112 0.2
144 113 0.29
144 114 0.2
144 115 0.12
144 116 0.31
144 117 0.29
144 118 0.42
144 119 0.38
144 120 0.31
144 121 0.35
144 122 0.29
144 123 0.29
144 124 0.2
144 125 0.37
144 126 0.2
144 127 0.2
144 128 0.12
144 131 0.12
144 132 0.2
144 133 0.29
144 135 0.08
144 138 0.29
144 139 0.29
144 141 0.2
144 142 0.2
144 143 0.41
144 231 8.0E-4
145 6 0.89
145 9 0.71
145 10 0.58
145 31 0.29
145 32 0.71
145 33 0.71
145 35 0.5
145 39 0.71
145 46 0.5
145 63 0.5
145 64 0.87
145 65 0.89
145 67 0.29
145 76 0.24
145 80 0.2
145 83 0.3
145 86 0.5
145 100 0.58
145 114 0.5
145 116 0.75
145 118 0.52
145 120 0.75
145 121 0.58
145 122 0.71
145 125 0.89
145 133 0.71
145 143 0.25
145 144 0.31
145 231 1.0E-4
6 146 0.63
146 9 1.0
10 146 0.82
146 32 1.0
146 33 1.0
146 39 1.0
64 146 0.82
65 146 0.63
67 146 0.21
76 146 0.34
80 146 0.29
83 146 0.43
100 146 0.82
116 146 0.71
118 146 0.37
120 146 0.71
121 146 0.82
146 122 1.0
125 146 0.63
146 133 1.0
144 146 0.29
145 146 0.71
231 146 1.0E-4
8 147 0.2
13 147 0.39
147 14 0.63
28 147 0.58
30 147 0.25
52 147 0.45
67 147 0.21
70 147 0.27
118 147 0.37
147 137 0.45
231 147 0.0
3 148 0.35
16 148 0.25
30 148 0.17
67 148 0.15
144 148 0.2
231 148 0.0
8 149 0.14
149 13 0.28
30 149 0.17
149 43 1.0
67 149 0.15
149 70 0.38
149 81 0.58
149 89 0.5
149 117 0.71
118 149 0.26
149 138 0.71
144 149 0.2
231 149 0.0
8 150 0.14
13 150 0.28
150 29 1.0
36 150 0.71
150 42 1.0
150 80 0.41
150 88 1.0
91 150 0.41
106 150 0.32
107 150 0.3
143 150 0.5
144 150 0.2
231 150 0.0
151 3 0.32
151 5 0.15
8 151 0.06
151 13 0.12
151 16 0.22
151 17 0.14
151 18 0.2
151 19 0.16
151 27 0.45
30 151 0.31
151 43 0.45
151 53 0.45
151 66 0.45
67 151 0.33
151 69 0.18
151 70 0.34
151 81 0.52
151 83 0.13
151 89 0.45
151 100 0.26
151 117 0.32
118 151 0.12
151 119 0.11
151 126 0.45
151 131 0.52
151 138 0.32
151 139 0.32
144 151 0.27
151 149 0.45
231 151 2.0E-4
8 152 0.14
152 77 1.0
231 152 0.0
8 153 0.2
153 11 0.71
153 56 0.71
153 78 0.71
83 153 0.21
106 153 0.22
119 153 0.33
231 153 0.0
154 5 0.19
8 154 0.08
154 14 0.26
154 24 0.41
154 31 0.33
154 40 0.82
154 45 0.82
154 52 0.18
154 62 0.82
67 154 0.17
154 72 0.41
154 76 0.28
83 154 0.35
154 87 0.82
154 97 0.41
154 104 0.82
154 113 0.82
118 154 0.3
154 119 0.27
154 132 0.58
143 154 0.29
144 154 0.35
231 154 1.0E-4
6 155 0.3
155 7 0.24
8 155 0.23
155 9 0.47
10 155 0.38
13 155 0.09
16 155 0.08
19 155 0.12
30 155 0.12
31 155 0.19
155 32 0.47
155 33 0.47
155 39 0.47
40 155 0.24
52 155 0.11
155 54 0.33
155 57 0.33
62 155 0.24
64 155 0.38
65 155 0.3
67 155 0.44
155 72 0.24
76 155 0.32
155 80 0.27
83 155 0.3
85 155 0.29
87 155 0.24
89 155 0.17
155 90 0.45
155 93 0.33
155 94 0.33
155 97 0.24
100 155 0.38
104 155 0.24
106 155 0.11
107 155 0.1
115 155 0.19
116 155 0.33
118 155 0.52
119 155 0.16
120 155 0.33
155 121 0.38
155 122 0.47
155 124 0.33
125 155 0.3
155 133 0.47
144 155 0.27
145 155 0.33
155 146 0.47
154 155 0.19
231 155 3.0E-4
8 156 0.25
156 13 0.62
156 14 0.6
156 17 0.14
156 28 0.55
30 156 0.39
156 41 0.45
156 43 0.45
156 52 0.57
156 61 0.52
67 156 0.33
156 68 0.45
156 69 0.37
156 70 0.68
156 81 0.26
156 89 0.22
156 90 0.2
156 117 0.63
118 156 0.35
156 137 0.28
156 138 0.32
144 156 0.18
156 147 0.63
156 149 0.45
156 151 0.2
231 156 2.0E-4
157 2 0.29
157 3 0.25
157 5 0.12
6 157 0.32
8 157 0.1
157 9 0.5
10 157 0.41
157 11 0.35
157 20 0.35
157 32 0.5
157 33 0.5
157 39 0.5
157 40 0.5
157 45 0.25
157 52 0.11
157 56 0.35
157 62 0.5
64 157 0.41
65 157 0.32
67 157 0.21
157 76 0.34
157 78 0.35
157 80 0.14
83 157 0.32
157 84 0.2
157 87 0.5
89 157 0.18
157 100 0.41
157 104 0.5
157 113 0.25
116 157 0.35
118 157 0.27
157 119 0.17
157 120 0.35
157 121 0.41
157 122 0.5
125 157 0.32
157 131 0.2
157 132 0.35
157 133 0.5
144 157 0.29
145 157 0.35
157 146 0.5
157 153 0.25
157 154 0.41
157 155 0.35
231 157 2.0E-4
2 158 0.41
158 4 1.0
158 12 0.58
158 73 1.0
231 158 0.0
159 3 0.11
159 5 0.1
159 6 0.67
159 8 0.17
159 9 0.43
159 10 0.35
159 13 0.42
159 14 0.27
159 16 0.08
159 17 0.19
159 24 0.21
159 28 0.25
159 30 0.26
159 31 0.17
159 32 0.43
159 33 0.43
159 35 0.3
159 39 0.43
159 41 0.3
159 43 0.3
159 46 0.3
159 52 0.29
159 61 0.35
159 63 0.3
159 64 0.52
159 65 0.67
159 66 0.15
159 67 0.4
159 68 0.3
159 69 0.25
159 70 0.57
159 76 0.22
159 80 0.25
159 81 0.35
159 83 0.18
159 86 0.3
159 89 0.15
159 90 0.13
159 91 0.12
159 98 0.3
159 100 0.35
159 111 0.21
159 112 0.3
159 114 0.3
159 116 0.45
159 117 0.43
159 118 0.54
159 119 0.07
159 120 0.6
159 121 0.52
159 122 0.43
159 123 0.21
159 125 0.67
159 127 0.3
159 128 0.17
159 133 0.43
159 137 0.1
159 138 0.21
159 141 0.3
159 143 0.3
159 144 0.49
159 145 0.6
159 146 0.43
159 147 0.21
159 149 0.3
159 151 0.13
159 155 0.2
159 156 0.54
159 157 0.21
159 231 4.0E-4
8 160 0.16
67 160 0.08
83 160 0.17
160 99 0.58
160 140 0.58
231 160 1.0E-4
161 10 0.58
161 16 0.25
161 34 1.0
161 60 1.0
67 161 0.15
161 79 1.0
161 109 1.0
231 161 0.0
8 162 0.14
76 162 0.24
84 162 0.58
85 162 0.29
231 162 0.0
8 163 0.14
80 163 0.41
83 163 0.3
85 163 0.29
106 163 0.32
231 163 0.0
2 164 0.41
164 4 1.0
164 12 0.58
164 73 1.0
164 158 1.0
231 164 0.0
165 3 0.26
165 5 0.08
6 165 0.11
8 165 0.27
165 9 0.17
165 10 0.14
165 13 0.81
165 14 0.33
165 16 0.24
165 17 0.23
165 18 0.11
165 19 0.26
165 25 0.34
165 28 0.59
30 165 0.46
165 32 0.17
165 33 0.17
165 39 0.17
165 41 0.24
165 43 0.24
165 52 0.54
165 53 0.24
165 54 0.24
165 61 0.28
64 165 0.14
65 165 0.11
165 66 0.24
67 165 0.57
165 68 0.24
165 69 0.59
165 70 0.64
165 74 0.24
165 76 0.12
165 80 0.3
165 81 0.42
165 83 0.15
165 89 0.36
165 90 0.11
165 91 0.3
165 93 0.24
165 98 0.24
165 100 0.28
165 103 0.34
165 107 0.22
165 111 0.17
116 165 0.12
165 117 0.34
118 165 0.25
165 119 0.17
165 120 0.12
165 121 0.14
165 122 0.17
165 124 0.24
125 165 0.11
165 126 0.24
165 128 0.14
165 131 0.14
165 133 0.17
165 135 0.09
165 137 0.15
165 138 0.34
165 139 0.17
144 165 0.5
145 165 0.12
165 146 0.17
165 147 0.34
165 148 0.24
165 149 0.24
165 151 0.33
165 155 0.16
165 156 0.54
165 157 0.09
159 165 0.44
231 165 6.0E-4
166 2 0.29
6 166 0.32
166 21 0.5
166 24 0.5
65 166 0.32
76 166 0.17
85 166 0.2
91 166 0.29
116 166 0.35
118 166 0.18
119 166 0.17
120 166 0.35
166 121 0.41
166 127 0.71
143 166 0.35
144 166 0.14
159 166 0.21
231 166 0.0
13 167 0.28
16 167 0.25
19 167 0.35
30 167 0.17
167 54 1.0
67 167 0.15
89 167 0.5
167 93 1.0
167 124 1.0
144 167 0.2
155 167 0.33
165 167 0.24
231 167 0.0
5 168 0.24
8 168 0.1
16 168 0.18
17 168 0.22
168 18 0.32
19 168 0.25
168 47 0.5
85 168 0.2
168 105 0.71
144 168 0.29
231 168 1.0E-4
8 169 0.1
169 13 0.2
169 16 0.18
30 169 0.12
169 43 0.71
169 58 0.71
67 169 0.21
169 70 0.27
169 81 0.41
169 89 0.35
169 117 0.5
118 169 0.18
169 134 0.71
169 138 0.5
144 169 0.14
169 149 0.71
169 151 0.32
169 156 0.32
159 169 0.21
169 165 0.17
231 169 1.0E-4
8 170 0.14
67 170 0.15
83 170 0.3
170 101 1.0
106 170 0.32
107 170 0.3
170 130 1.0
231 170 0.0
8 171 0.14
30 171 0.17
231 171 0.0
8 172 0.14
172 11 1.0
172 56 1.0
172 78 1.0
119 172 0.24
153 172 0.71
157 172 0.35
231 172 0.0
8 173 0.24
13 173 0.16
173 29 0.58
173 36 0.82
173 42 0.58
173 80 0.24
173 88 0.58
91 173 0.24
106 173 0.18
107 173 0.35
119 173 0.27
143 173 0.29
144 173 0.12
173 150 0.58
231 173 1.0E-4
8 174 0.1
14 174 0.32
30 174 0.25
174 55 0.71
67 174 0.1
76 174 0.17
174 84 0.41
85 174 0.2
174 108 0.71
174 129 0.71
135 174 0.27
137 174 0.22
231 174 1.0E-4
8 175 0.14
12 175 0.58
135 175 0.38
136 175 0.5
137 175 0.32
231 175 0.0
6 176 0.63
176 9 1.0
10 176 0.82
176 32 1.0
176 33 1.0
176 39 1.0
64 176 0.82
65 176 0.63
67 176 0.21
76 176 0.34
80 176 0.29
83 176 0.43
100 176 0.82
116 176 0.71
118 176 0.37
120 176 0.71
121 176 0.82
176 122 1.0
125 176 0.63
176 133 1.0
144 176 0.29
145 176 0.71
176 146 1.0
155 176 0.47
157 176 0.5
159 176 0.43
165 176 0.17
231 176 1.0E-4
8 177 0.14
177 82 1.0
107 177 0.3
231 177 0.0
178 5 0.24
178 40 1.0
178 45 0.5
178 52 0.22
178 62 1.0
67 178 0.21
178 76 0.34
83 178 0.21
178 87 1.0
178 104 1.0
178 113 0.5
118 178 0.18
178 119 0.17
178 132 0.71
144 178 0.29
178 154 0.82
178 155 0.24
178 157 0.5
231 178 1.0E-4
3 179 0.14
5 179 0.27
6 179 0.73
8 179 0.06
179 9 0.58
10 179 0.47
179 15 0.41
16 179 0.1
179 17 0.13
179 18 0.18
19 179 0.14
179 24 0.29
179 31 0.24
179 32 0.58
179 33 0.58
179 35 0.41
179 38 0.41
179 39 0.58
179 46 0.41
179 47 0.29
64 179 0.47
65 179 0.73
67 179 0.18
76 179 0.2
179 80 0.17
83 179 0.25
85 179 0.12
91 179 0.17
100 179 0.47
179 105 0.41
116 179 0.41
118 179 0.42
119 179 0.1
179 120 0.82
179 121 0.71
179 122 0.58
125 179 0.55
179 127 0.41
179 128 0.24
179 133 0.58
143 179 0.2
144 179 0.33
145 179 0.61
179 146 0.58
179 155 0.27
157 179 0.29
159 179 0.49
165 179 0.1
179 166 0.29
179 168 0.29
179 176 0.58
231 179 2.0E-4
6 180 0.45
180 31 0.58
180 35 1.0
180 46 1.0
65 180 0.45
67 180 0.15
118 180 0.26
180 120 0.5
125 180 0.45
145 180 0.5
159 180 0.3
180 179 0.41
231 180 0.0
8 181 0.14
181 13 0.28
30 181 0.17
181 43 1.0
67 181 0.15
181 70 0.38
181 81 0.58
181 89 0.5
181 117 0.71
118 181 0.26
181 138 0.71
144 181 0.2
181 149 1.0
181 151 0.45
181 156 0.45
159 181 0.3
181 165 0.24
181 169 0.71
231 181 0.0
13 182 0.28
17 182 0.32
19 182 0.35
182 74 1.0
144 182 0.2
165 182 0.24
231 182 0.0
6 183 0.63
183 9 1.0
10 183 0.82
183 32 1.0
183 33 1.0
183 39 1.0
64 183 0.82
65 183 0.63
67 183 0.21
76 183 0.34
80 183 0.29
83 183 0.43
100 183 0.82
116 183 0.71
118 183 0.37
120 183 0.71
121 183 0.82
183 122 1.0
125 183 0.63
183 133 1.0
144 183 0.29
145 183 0.71
183 146 1.0
155 183 0.47
157 183 0.5
159 183 0.43
165 183 0.17
183 176 1.0
179 183 0.58
231 183 1.0E-4
184 6 0.77
184 9 0.82
184 10 0.67
184 32 0.82
184 33 0.82
184 39 0.82
184 63 0.58
184 64 1.0
184 65 0.77
184 67 0.25
184 76 0.28
184 80 0.24
184 83 0.35
184 86 0.58
184 100 0.67
184 114 0.58
184 116 0.87
184 118 0.45
184 120 0.58
184 121 0.67
184 122 0.82
184 125 0.77
184 133 0.82
184 143 0.29
184 144 0.35
184 145 0.87
184 146 0.82
184 155 0.38
184 157 0.41
184 159 0.52
184 165 0.14
184 176 0.82
184 179 0.47
184 183 0.82
184 231 1.0E-4
6 185 0.77
185 9 0.82
10 185 0.67
24 185 0.41
185 32 0.82
185 33 0.82
185 39 0.82
64 185 0.67
65 185 0.77
67 185 0.17
76 185 0.28
80 185 0.24
83 185 0.35
91 185 0.24
100 185 0.67
116 185 0.58
118 185 0.45
120 185 0.87
185 121 1.0
185 122 0.82
125 185 0.52
185 127 0.58
185 133 0.82
143 185 0.29
144 185 0.35
145 185 0.58
185 146 0.82
155 185 0.38
157 185 0.41
159 185 0.52
165 185 0.14
166 185 0.41
185 176 0.82
179 185 0.71
185 183 0.82
184 185 0.67
231 185 1.0E-4
7 186 0.41
8 186 0.24
30 186 0.1
52 186 0.18
186 57 0.58
67 186 0.25
80 186 0.24
85 186 0.5
186 90 0.77
186 94 0.58
97 186 0.41
115 186 0.33
118 186 0.45
155 186 0.58
231 186 1.0E-4
30 187 0.17
67 187 0.15
231 187 0.0
2 188 0.41
76 188 0.24
135 188 0.38
137 188 0.32
231 188 0.0
5 189 0.33
19 189 0.35
67 189 0.15
76 189 0.24
119 189 0.24
231 189 0.0
190 7 0.35
8 190 0.28
13 190 0.28
16 190 0.13
190 25 0.35
190 28 0.2
30 190 0.09
52 190 0.16
67 190 0.29
190 69 0.2
70 190 0.19
76 190 0.12
190 80 0.41
81 190 0.29
85 190 0.29
190 90 0.45
190 91 0.2
190 94 0.5
190 97 0.35
190 98 0.5
190 103 0.35
107 190 0.15
190 111 0.35
115 190 0.29
118 190 0.26
190 119 0.12
190 128 0.29
144 190 0.1
190 155 0.33
159 190 0.15
165 190 0.24
190 186 0.58
231 190 1.0E-4
40 191 0.71
62 191 0.71
67 191 0.15
76 191 0.24
87 191 0.71
104 191 0.71
119 191 0.24
144 191 0.2
154 191 0.58
155 191 0.33
157 191 0.35
178 191 0.71
231 191 0.0
192 5 0.24
8 192 0.1
192 13 0.2
192 16 0.18
192 19 0.25
30 192 0.12
192 43 0.71
67 192 0.1
192 70 0.27
192 81 0.41
192 89 0.35
192 117 0.5
118 192 0.18
192 138 0.5
144 192 0.14
192 149 0.71
192 151 0.32
192 156 0.32
159 192 0.21
192 165 0.17
192 169 0.5
192 181 0.71
231 192 1.0E-4
8 193 0.14
193 20 1.0
84 193 0.58
157 193 0.35
231 193 0.0
13 194 0.28
14 194 0.45
17 194 0.32
28 194 0.41
30 194 0.17
52 194 0.32
61 194 0.58
67 194 0.15
69 194 0.41
70 194 0.38
156 194 0.45
159 194 0.3
165 194 0.24
231 194 0.0
8 195 0.24
14 195 0.26
195 20 0.58
195 24 0.41
31 195 0.33
45 195 0.41
72 195 0.41
76 195 0.14
83 195 0.17
84 195 0.67
85 195 0.17
195 97 0.41
113 195 0.41
118 195 0.15
119 195 0.14
143 195 0.29
144 195 0.12
154 195 0.33
157 195 0.2
195 162 0.58
195 193 0.58
231 195 1.0E-4
8 196 0.14
196 99 1.0
196 160 0.58
231 196 0.0
197 2 0.58
197 3 0.25
197 4 0.35
197 5 0.24
197 6 0.16
197 8 0.1
197 12 0.2
197 13 0.1
197 14 0.16
197 15 0.35
197 16 0.09
197 17 0.22
197 18 0.16
197 19 0.13
197 21 0.5
197 28 0.14
197 30 0.06
197 38 0.35
197 47 0.25
197 52 0.11
197 61 0.2
197 63 0.35
197 64 0.2
197 65 0.16
197 67 0.1
197 69 0.14
197 70 0.13
197 73 0.35
197 76 0.17
197 85 0.2
197 86 0.35
197 89 0.18
197 105 0.35
197 114 0.35
197 115 0.2
197 116 0.35
197 118 0.18
197 119 0.25
197 125 0.16
197 128 0.2
197 143 0.18
197 144 0.22
197 145 0.18
197 156 0.16
197 157 0.13
197 158 0.35
197 159 0.21
197 164 0.35
197 165 0.09
197 166 0.25
197 168 0.25
197 179 0.29
197 184 0.2
197 194 0.35
197 231 2.0E-4
3 198 0.35
16 198 0.25
17 198 0.32
18 198 0.45
30 198 0.17
198 53 1.0
66 198 0.5
67 198 0.15
69 198 0.41
89 198 0.5
139 198 0.71
144 198 0.2
151 198 0.45
165 198 0.24
231 198 0.0
5 199 0.33
16 199 0.25
19 199 0.35
192 199 0.71
231 199 0.0
30 200 0.17
200 48 1.0
67 200 0.15
200 96 1.0
231 200 0.0
6 201 0.18
201 8 0.23
201 9 0.29
201 10 0.24
201 14 0.18
201 16 0.1
201 24 0.29
201 27 0.41
201 30 0.07
201 31 0.47
201 32 0.29
201 33 0.29
201 39 0.29
201 45 0.29
64 201 0.24
65 201 0.18
67 201 0.18
201 72 0.58
201 76 0.1
201 83 0.25
201 91 0.17
201 92 0.41
201 97 0.29
201 100 0.24
201 106 0.26
201 113 0.29
201 115 0.24
116 201 0.2
118 201 0.32
201 119 0.19
201 120 0.2
201 121 0.24
201 122 0.29
125 201 0.18
201 131 0.24
201 133 0.29
143 201 0.2
144 201 0.17
145 201 0.2
201 146 0.29
201 151 0.18
201 154 0.24
201 155 0.27
201 157 0.14
159 201 0.12
201 176 0.29
201 179 0.17
201 183 0.29
184 201 0.24
201 185 0.24
201 195 0.24
231 201 2.0E-4
8 202 0.14
144 202 0.2
202 168 0.71
231 202 0.0
67 203 0.15
80 203 0.41
165 203 0.24
231 203 0.0
6 204 0.45
204 31 0.58
204 35 1.0
204 46 1.0
65 204 0.45
67 204 0.15
118 204 0.26
204 120 0.5
125 204 0.45
145 204 0.5
159 204 0.3
204 179 0.41
204 180 1.0
231 204 0.0
205 2 0.2
205 6 0.67
205 21 0.35
205 24 0.35
205 31 0.29
205 35 0.5
205 46 0.5
205 63 0.5
205 64 0.29
205 65 0.67
205 67 0.15
205 76 0.12
205 85 0.14
205 86 0.5
205 91 0.2
205 114 0.5
205 116 0.5
205 118 0.39
205 119 0.12
205 120 0.5
205 121 0.29
205 125 0.45
205 127 0.5
205 143 0.5
205 144 0.2
205 145 0.5
205 159 0.45
205 166 0.71
205 179 0.41
205 180 0.5
205 184 0.29
205 185 0.29
205 197 0.35
205 204 0.5
205 231 1.0E-4
206 5 0.19
8 206 0.08
206 14 0.26
206 24 0.41
206 31 0.33
206 40 0.82
206 45 0.82
206 52 0.18
206 62 0.82
67 206 0.17
206 72 0.41
206 76 0.28
83 206 0.35
206 87 0.82
206 97 0.41
206 104 0.82
206 113 0.82
118 206 0.3
206 119 0.27
206 132 0.58
143 206 0.29
144 206 0.35
206 154 1.0
206 155 0.19
206 157 0.41
206 178 0.82
206 191 0.58
206 195 0.33
201 206 0.24
231 206 1.0E-4
3 207 0.25
16 207 0.18
17 207 0.22
18 207 0.32
30 207 0.12
207 53 0.71
66 207 0.35
67 207 0.21
69 207 0.29
207 71 0.71
89 207 0.35
135 207 0.27
136 207 0.35
137 207 0.22
139 207 0.5
144 207 0.14
151 207 0.32
165 207 0.17
207 198 0.71
231 207 1.0E-4
67 208 0.15
208 71 1.0
135 208 0.38
136 208 0.5
137 208 0.32
207 208 0.71
231 208 0.0
8 209 0.14
209 17 0.32
30 209 0.17
209 75 1.0
209 110 1.0
209 135 0.38
209 136 0.5
137 209 0.32
231 209 0.0
8 210 0.08
30 210 0.2
210 37 0.58
67 210 0.17
210 99 0.58
210 160 0.33
210 196 0.58
231 210 1.0E-4
8 211 0.14
211 82 1.0
107 211 0.3
211 177 1.0
231 211 0.0
67 212 0.15
80 212 0.41
165 212 0.24
212 203 1.0
231 212 0.0
8 213 0.1
213 17 0.22
30 213 0.12
67 213 0.1
213 75 0.71
213 110 0.71
213 135 0.27
213 136 0.35
137 213 0.22
213 160 0.41
213 209 0.71
231 213 0.0
30 214 0.17
214 37 1.0
67 214 0.15
210 214 0.58
231 214 0.0
215 3 0.25
5 215 0.24
8 215 0.1
16 215 0.18
215 17 0.22
215 18 0.32
215 19 0.25
30 215 0.12
215 66 0.35
67 215 0.21
70 215 0.27
81 215 0.41
83 215 0.21
215 100 0.41
215 119 0.33
215 126 0.71
215 131 0.41
215 139 0.5
144 215 0.29
151 215 0.32
165 215 0.17
231 215 1.0E-4
216 26 1.0
30 216 0.17
67 216 0.15
231 216 0.0
8 217 0.14
217 13 0.28
30 217 0.17
217 43 1.0
67 217 0.15
217 70 0.38
217 81 0.58
217 89 0.5
217 117 0.71
118 217 0.26
217 138 0.71
144 217 0.2
217 149 1.0
217 151 0.45
217 156 0.45
159 217 0.3
217 165 0.24
217 169 0.71
217 181 1.0
217 192 0.71
231 217 0.0
16 218 0.25
218 58 1.0
67 218 0.15
218 134 1.0
169 218 0.71
231 218 0.0
8 219 0.14
16 219 0.25
18 219 0.45
30 219 0.17
231 219 0.0
2 220 0.41
8 220 0.14
21 220 0.71
76 220 0.24
115 220 0.58
118 220 0.26
119 220 0.24
144 220 0.2
197 220 0.35
231 220 0.0
6 221 0.63
221 9 1.0
10 221 0.82
221 32 1.0
221 33 1.0
221 39 1.0
64 221 0.82
65 221 0.63
67 221 0.21
76 221 0.34
80 221 0.29
83 221 0.43
100 221 0.82
116 221 0.71
118 221 0.37
120 221 0.71
121 221 0.82
221 122 1.0
125 221 0.63
221 133 1.0
144 221 0.29
145 221 0.71
221 146 1.0
155 221 0.47
157 221 0.5
159 221 0.43
165 221 0.17
221 176 1.0
179 221 0.58
221 183 1.0
184 221 0.82
185 221 0.82
201 221 0.29
231 221 1.0E-4
222 7 0.27
8 222 0.32
13 222 0.1
16 222 0.09
17 222 0.12
30 222 0.33
222 41 0.38
52 222 0.24
222 57 0.38
222 61 0.22
67 222 0.28
222 68 0.38
69 222 0.15
70 222 0.14
222 80 0.15
85 222 0.44
222 90 0.68
222 94 0.38
222 97 0.27
222 111 0.27
115 222 0.22
117 222 0.27
118 222 0.29
144 222 0.08
222 155 0.38
156 222 0.17
159 222 0.11
165 222 0.09
222 186 0.65
190 222 0.38
231 222 2.0E-4
8 223 0.14
223 13 0.28
30 223 0.17
223 43 1.0
67 223 0.15
223 70 0.38
223 81 0.58
223 89 0.5
223 117 0.71
118 223 0.26
223 138 0.71
144 223 0.2
223 149 1.0
223 151 0.45
223 156 0.45
159 223 0.3
223 165 0.24
223 169 0.71
223 181 1.0
223 192 0.71
223 217 1.0
231 223 0.0
16 224 0.25
224 59 1.0
231 224 0.0
8 225 0.14
13 225 0.28
14 225 0.45
28 225 0.41
30 225 0.17
52 225 0.32
67 225 0.15
70 225 0.38
118 225 0.26
137 225 0.32
147 225 0.71
156 225 0.45
159 225 0.3
165 225 0.24
231 225 0.0
8 226 0.14
16 226 0.25
18 226 0.45
30 226 0.17
226 219 1.0
231 226 0.0
30 227 0.17
67 227 0.15
227 210 0.58
231 227 0.0
8 228 0.14
67 228 0.15
80 228 0.41
85 228 0.29
228 90 0.45
228 94 1.0
97 228 0.71
115 228 0.58
118 228 0.26
155 228 0.33
228 186 0.58
190 228 0.5
222 228 0.38
231 228 0.0
229 5 0.33
229 40 0.71
229 45 0.71
229 52 0.32
229 62 0.71
67 229 0.15
229 76 0.24
83 229 0.3
229 87 0.71
229 104 0.71
229 113 0.71
118 229 0.26
229 132 1.0
144 229 0.2
229 154 0.58
229 157 0.35
229 178 0.71
229 206 0.58
231 229 0.0
8 230 0.07
13 230 0.14
16 230 0.25
19 230 0.35
30 230 0.26
230 44 0.5
230 50 0.5
230 54 0.5
67 230 0.22
76 230 0.12
89 230 0.25
230 93 0.5
230 102 0.5
106 230 0.16
230 124 0.5
137 230 0.16
144 230 0.1
155 230 0.17
165 230 0.12
230 167 0.5
231 230 1.0E-4
