*Vertices  77
1 "LCD显示屏"
2 "显示器"
3 "衬底"
4 "LED灯"
5 "滤波片"
6 "光纤"
7 "容器"
8 "单片机"
9 "荧光粉"
10 "开关"
11 "发光荧光材料"
12 "III-V族半导体材料"
13 "GAN"
14 "PD"
15 "引发剂"
16 "硼酸"
17 "变压器"
18 "EP"
19 "外延片"
20 "外延"
21 "LED"
22 "液晶显示模块"
23 "二极管"
24 "三极管"
25 "扩散剂"
26 "玻璃"
27 "通道"
28 "接收管"
29 "塑料"
30 "缩水甘油"
31 "基座"
32 "滤光片"
33 "螺旋管"
34 "稀释剂"
35 "散热片"
36 "散热器"
37 "硅橡胶"
38 "SiO2"
39 "半导体"
40 "电路板"
41 "Al2O3"
42 "GaAs"
43 "MQW"
44 "ITO"
45 "GPIO"
46 "介质箱"
47 "摄像机"
48 "含硅"
49 "光子晶体"
50 "LED照明设备"
51 "LED芯片"
52 "芯片"
53 "金属层"
54 "电流扩展层"
55 "存储器"
56 "光触媒"
57 "酸盐"
58 "Li"
59 "离子"
60 "电极"
61 "磁铁"
62 "排水槽"
63 "电阻"
64 "交通灯"
65 "光子晶体谐振腔"
66 "丙酮"
67 "激光"
68 "MOCVD"
69 "湿法刻蚀"
70 "干法刻蚀"
71 "臭氧"
72 "透镜"
73 "甲基"
74 "蜂鸣器"
75 "激发光"
76 "DMA"
77 "LED光源"
*Arcs
77 1 1.0E-4
2 1 0.47
77 2 3.0E-4
3 77 7.0E-4
4 1 0.05
4 2 0.05
4 77 7.0E-4
3 5 0.63
77 5 0.0014
3 6 0.52
6 5 0.82
77 6 9.0E-4
4 7 0.19
77 7 1.0E-4
8 1 0.13
2 8 0.59
4 8 0.05
77 8 1.0E-4
3 9 0.32
4 9 0.1
7 9 0.32
77 9 3.0E-4
10 1 0.18
10 2 0.06
10 4 0.37
10 7 0.31
10 8 0.12
10 77 0.0
3 11 0.26
4 11 0.16
11 7 0.26
11 9 0.41
77 11 2.0E-4
3 12 0.63
12 5 1.0
6 12 0.82
77 12 0.0014
3 13 0.63
13 5 1.0
6 13 0.82
13 12 1.0
77 13 0.0014
3 14 0.63
14 5 1.0
6 14 0.82
14 12 1.0
14 13 1.0
77 14 0.0014
15 2 0.24
77 15 4.0E-4
16 2 0.24
4 16 0.1
16 7 0.32
16 9 0.5
16 11 0.41
16 15 0.5
77 16 0.0010
17 2 0.11
4 17 0.31
17 7 0.42
10 17 0.33
17 15 0.22
17 16 0.22
77 17 1.0E-4
18 2 0.24
18 15 1.0
18 16 0.5
18 17 0.22
77 18 4.0E-4
19 3 0.77
19 5 0.82
19 6 0.67
19 12 0.82
19 13 0.82
19 14 0.82
19 77 0.0010
20 3 1.0
20 5 0.63
20 6 0.52
20 9 0.32
20 11 0.26
20 12 0.63
20 13 0.63
20 14 0.63
20 19 0.77
20 77 7.0E-4
21 1 0.29
21 2 0.3
21 3 0.23
21 4 0.73
21 5 0.14
21 6 0.18
21 7 0.23
21 8 0.29
21 9 0.14
21 10 0.58
21 11 0.18
21 12 0.14
21 13 0.14
21 14 0.14
21 15 0.14
21 16 0.14
21 17 0.32
21 18 0.14
21 19 0.18
21 20 0.23
21 77 0.0010
22 1 0.71
2 22 0.5
22 8 0.18
10 22 0.17
21 22 0.2
77 22 1.0E-4
23 1 0.15
23 2 0.19
23 3 0.26
23 4 0.35
23 5 0.21
23 6 0.25
23 7 0.26
23 8 0.21
23 10 0.58
23 11 0.17
23 12 0.21
23 13 0.21
23 14 0.21
23 15 0.21
23 16 0.1
23 17 0.42
23 18 0.21
23 19 0.25
23 20 0.26
23 21 0.7
23 22 0.15
23 77 8.0E-4
24 1 0.13
24 2 0.13
4 24 0.21
24 7 0.34
24 8 0.13
10 24 0.46
24 17 0.36
21 24 0.27
24 22 0.19
23 24 0.39
24 77 1.0E-4
4 25 0.2
7 25 0.32
25 9 0.5
11 25 0.82
16 25 0.5
21 25 0.14
23 25 0.1
77 25 3.0E-4
26 2 0.24
3 26 0.22
4 26 0.27
26 5 0.34
6 26 0.28
26 8 0.17
10 26 0.17
26 12 0.34
26 13 0.34
26 14 0.34
26 15 0.34
26 16 0.17
26 17 0.08
26 18 0.34
19 26 0.28
20 26 0.22
21 26 0.42
23 26 0.32
24 26 0.09
77 26 7.0E-4
3 27 0.18
4 27 0.23
27 5 0.29
6 27 0.24
10 27 0.07
27 12 0.29
27 13 0.29
27 14 0.29
19 27 0.24
20 27 0.18
21 27 0.25
23 27 0.24
24 27 0.15
26 27 0.2
77 27 5.0E-4
28 1 0.2
28 2 0.19
4 28 0.16
28 8 0.2
10 28 0.3
21 28 0.18
28 22 0.29
23 28 0.25
28 24 0.65
28 26 0.14
28 27 0.24
28 77 2.0E-4
29 2 0.1
4 29 0.36
29 7 0.13
29 8 0.1
10 29 0.15
29 17 0.09
21 29 0.35
23 29 0.21
29 26 0.28
29 27 0.24
29 77 2.0E-4
30 2 0.24
30 15 1.0
30 16 0.5
30 17 0.22
30 18 1.0
21 30 0.14
23 30 0.21
30 26 0.34
77 30 4.0E-4
4 31 0.2
7 31 0.32
31 9 0.5
11 31 0.41
16 31 0.5
21 31 0.14
23 31 0.1
25 31 0.5
27 31 0.29
29 31 0.2
77 31 3.0E-4
32 1 0.2
2 32 0.19
3 32 0.52
32 5 0.82
6 32 0.67
32 8 0.2
10 32 0.1
32 12 0.82
32 13 0.82
32 14 0.82
19 32 0.67
20 32 0.52
21 32 0.18
32 22 0.29
23 32 0.25
24 32 0.22
26 32 0.28
32 27 0.24
28 32 0.33
77 32 0.0017
4 33 0.14
21 33 0.1
23 33 0.15
77 33 6.0E-4
34 2 0.24
34 15 1.0
34 16 0.5
34 17 0.22
34 18 1.0
21 34 0.14
23 34 0.21
34 26 0.34
34 30 1.0
77 34 4.0E-4
35 4 0.4
35 10 0.11
21 35 0.32
23 35 0.18
35 26 0.15
35 27 0.26
35 29 0.18
35 33 0.32
35 77 0.0010
4 36 0.42
36 17 0.29
21 36 0.34
23 36 0.26
36 26 0.07
36 27 0.12
36 29 0.09
36 33 0.3
35 36 0.48
36 77 4.0E-4
37 2 0.24
4 37 0.1
37 7 0.32
37 9 0.5
37 11 0.41
37 15 0.5
37 16 1.0
37 17 0.22
37 18 0.5
21 37 0.14
23 37 0.1
37 25 0.5
37 26 0.17
37 30 0.5
37 31 0.5
37 34 0.5
77 37 0.0010
38 3 0.67
38 5 0.71
38 6 0.58
38 12 0.71
38 13 0.71
38 14 0.71
38 19 0.87
38 20 0.67
38 21 0.2
38 23 0.22
38 26 0.36
38 27 0.2
38 29 0.14
38 32 0.58
38 77 8.0E-4
39 2 0.09
39 3 0.58
39 4 0.33
39 5 0.37
39 6 0.3
39 7 0.35
39 9 0.37
39 10 0.18
39 11 0.45
39 12 0.37
39 13 0.37
39 14 0.37
39 15 0.18
39 16 0.37
39 17 0.33
39 18 0.18
39 19 0.45
39 20 0.58
39 21 0.39
39 23 0.45
39 24 0.2
39 25 0.37
39 26 0.25
39 27 0.21
39 28 0.15
39 29 0.22
39 30 0.18
39 31 0.37
39 32 0.3
39 34 0.18
39 37 0.37
39 38 0.39
39 77 9.0E-4
40 1 0.25
2 40 0.31
4 40 0.4
40 7 0.11
40 8 0.17
40 9 0.17
10 40 0.12
40 11 0.27
15 40 0.17
16 40 0.17
18 40 0.17
21 40 0.43
40 22 0.24
23 40 0.24
24 40 0.27
40 25 0.33
26 40 0.4
40 27 0.1
28 40 0.27
29 40 0.2
30 40 0.17
40 31 0.17
40 32 0.14
34 40 0.17
35 40 0.07
36 40 0.07
37 40 0.17
38 40 0.12
39 40 0.18
77 40 3.0E-4
3 41 0.89
41 5 0.71
6 41 0.58
41 9 0.35
41 11 0.29
41 12 0.71
41 13 0.71
41 14 0.71
19 41 0.58
20 41 0.89
21 41 0.2
23 41 0.22
26 41 0.24
41 27 0.2
32 41 0.58
38 41 0.5
39 41 0.52
77 41 8.0E-4
3 42 0.77
42 5 0.82
6 42 0.67
9 42 0.41
42 12 0.82
42 13 0.82
42 14 0.82
19 42 0.67
20 42 0.77
21 42 0.18
23 42 0.17
26 42 0.28
27 42 0.24
32 42 0.67
38 42 0.58
39 42 0.45
41 42 0.87
77 42 0.0010
3 43 0.63
43 5 1.0
6 43 0.82
43 12 1.0
43 13 1.0
43 14 1.0
19 43 0.82
20 43 0.63
21 43 0.14
23 43 0.21
26 43 0.34
27 43 0.29
32 43 0.82
38 43 0.71
39 43 0.37
41 43 0.71
42 43 0.82
77 43 0.0014
44 1 0.16
44 2 0.15
44 3 0.8
44 5 0.63
44 6 0.52
44 11 0.26
44 12 0.63
44 13 0.63
44 14 0.63
44 19 0.77
44 20 0.8
44 21 0.23
44 22 0.22
44 23 0.26
44 26 0.22
44 27 0.18
44 32 0.52
44 38 0.67
44 39 0.46
44 41 0.67
44 42 0.52
44 43 0.63
44 77 7.0E-4
45 1 0.35
2 45 0.33
45 8 0.35
10 45 0.17
21 45 0.1
45 22 0.5
23 45 0.15
24 45 0.38
28 45 0.58
45 32 0.58
45 40 0.24
77 45 4.0E-4
4 46 0.14
21 46 0.1
23 46 0.15
46 33 1.0
35 46 0.32
36 46 0.3
77 46 6.0E-4
47 1 0.41
2 47 0.19
47 8 0.2
10 47 0.1
21 47 0.18
47 22 0.29
23 47 0.17
24 47 0.22
28 47 0.33
47 32 0.33
47 40 0.14
47 45 0.58
77 47 1.0E-4
48 2 0.33
48 15 0.71
48 16 0.71
48 17 0.32
48 18 0.71
21 48 0.1
23 48 0.15
48 26 0.24
48 30 0.71
48 34 0.71
48 37 0.71
39 48 0.26
77 48 6.0E-4
3 49 0.63
49 5 1.0
6 49 0.82
49 12 1.0
49 13 1.0
49 14 1.0
19 49 0.82
20 49 0.63
21 49 0.14
23 49 0.21
26 49 0.34
27 49 0.29
32 49 0.82
38 49 0.71
39 49 0.37
41 49 0.71
42 49 0.82
49 43 1.0
44 49 0.63
77 49 0.0014
4 50 0.14
21 50 0.1
77 50 3.0E-4
51 3 0.45
51 4 0.14
51 7 0.22
51 9 0.71
51 11 0.29
51 16 0.35
51 19 0.29
51 20 0.45
51 21 0.2
51 23 0.07
51 25 0.35
51 27 0.2
51 31 0.35
51 35 0.16
51 36 0.15
51 37 0.35
51 38 0.25
51 39 0.39
51 40 0.12
51 41 0.25
51 42 0.29
51 44 0.22
51 77 2.0E-4
52 1 0.36
52 2 0.34
52 3 0.37
52 4 0.26
52 5 0.29
52 6 0.24
52 7 0.09
52 8 0.29
52 9 0.29
52 10 0.28
52 11 0.12
52 12 0.29
52 13 0.29
52 14 0.29
52 15 0.29
52 16 0.29
52 17 0.13
52 18 0.29
52 19 0.35
52 20 0.37
52 21 0.5
52 22 0.41
52 23 0.42
52 24 0.39
52 25 0.14
52 26 0.3
52 27 0.25
52 28 0.35
52 29 0.06
52 30 0.29
52 31 0.14
52 32 0.35
52 34 0.29
52 35 0.13
52 36 0.12
52 37 0.29
52 38 0.31
52 39 0.42
52 40 0.38
52 41 0.31
52 42 0.35
52 43 0.29
52 44 0.37
52 45 0.2
52 47 0.12
52 48 0.2
52 49 0.29
52 51 0.41
52 77 9.0E-4
53 3 0.89
53 5 0.71
53 6 0.58
53 11 0.29
53 12 0.71
53 13 0.71
53 14 0.71
53 19 0.87
53 20 0.89
53 21 0.2
53 23 0.29
53 26 0.24
53 27 0.2
53 32 0.58
53 38 0.75
53 39 0.52
53 41 0.75
53 42 0.58
53 43 0.71
53 44 0.89
53 49 0.71
53 51 0.25
53 52 0.31
53 77 8.0E-4
3 54 0.63
54 5 1.0
6 54 0.82
54 12 1.0
54 13 1.0
54 14 1.0
19 54 0.82
20 54 0.63
21 54 0.14
23 54 0.21
26 54 0.34
27 54 0.29
32 54 0.82
38 54 0.71
39 54 0.37
41 54 0.71
42 54 0.82
54 43 1.0
44 54 0.63
54 49 1.0
52 54 0.29
53 54 0.71
77 54 0.0014
55 1 0.32
55 2 0.15
4 55 0.06
55 8 0.16
10 55 0.31
21 55 0.23
55 22 0.45
23 55 0.33
55 24 0.34
55 28 0.52
55 32 0.26
39 55 0.12
55 40 0.11
55 45 0.45
55 47 0.52
52 55 0.27
55 77 1.0E-4
4 56 0.2
21 56 0.14
35 56 0.22
40 56 0.33
77 56 1.0E-4
57 2 0.19
4 57 0.08
57 7 0.26
57 9 0.41
57 11 0.33
57 15 0.82
57 16 0.82
57 17 0.18
57 18 0.82
21 57 0.18
23 57 0.17
57 25 0.41
57 26 0.28
57 30 0.82
57 31 0.41
57 34 0.82
57 37 0.82
39 57 0.3
57 40 0.27
57 48 0.58
51 57 0.29
52 57 0.35
77 57 9.0E-4
3 58 0.3
4 58 0.23
58 5 0.47
6 58 0.38
8 58 0.12
10 58 0.12
11 58 0.19
58 12 0.47
58 13 0.47
58 14 0.47
15 58 0.24
17 58 0.11
18 58 0.24
19 58 0.38
20 58 0.3
21 58 0.3
23 58 0.44
58 25 0.24
26 58 0.32
58 27 0.27
29 58 0.29
30 58 0.24
58 31 0.24
32 58 0.38
34 58 0.24
35 58 0.11
36 58 0.1
38 58 0.33
39 58 0.52
40 58 0.16
41 58 0.33
58 42 0.38
58 43 0.47
44 58 0.3
58 49 0.47
52 58 0.27
53 58 0.33
58 54 0.47
57 58 0.19
77 58 7.0E-4
59 1 0.25
59 2 0.12
3 59 0.32
4 59 0.1
59 5 0.5
6 59 0.41
59 12 0.5
59 13 0.5
59 14 0.5
59 15 0.5
59 16 0.25
59 17 0.11
59 18 0.5
19 59 0.41
20 59 0.32
21 59 0.29
23 59 0.21
59 26 0.34
59 27 0.14
59 30 0.5
59 32 0.41
59 34 0.5
59 37 0.25
38 59 0.35
39 59 0.27
59 40 0.17
59 41 0.35
59 42 0.41
59 43 0.5
44 59 0.32
59 47 0.2
59 48 0.35
59 49 0.5
52 59 0.29
53 59 0.35
59 54 0.5
59 56 0.25
59 57 0.41
59 58 0.35
77 59 9.0E-4
60 1 0.11
60 2 0.1
60 3 0.67
60 4 0.17
60 5 0.43
60 6 0.35
60 7 0.27
60 9 0.21
60 10 0.26
60 11 0.17
60 12 0.43
60 13 0.43
60 14 0.43
60 17 0.29
60 19 0.52
60 20 0.67
60 21 0.34
60 22 0.15
60 23 0.4
60 24 0.57
60 26 0.22
60 27 0.25
60 28 0.35
60 32 0.35
60 38 0.45
60 39 0.54
60 40 0.07
60 41 0.6
60 42 0.52
60 43 0.43
60 44 0.67
60 49 0.43
60 51 0.3
60 52 0.49
60 53 0.6
60 54 0.43
60 55 0.13
60 58 0.2
60 59 0.21
60 77 4.0E-4
4 61 0.16
21 61 0.18
23 61 0.08
61 50 0.58
77 61 2.0E-4
4 62 0.14
21 62 0.1
27 62 0.41
29 62 0.29
35 62 0.32
77 62 2.0E-4
63 1 0.26
63 2 0.08
3 63 0.11
4 63 0.27
63 5 0.17
63 6 0.14
63 7 0.33
63 8 0.26
10 63 0.46
63 12 0.17
63 13 0.17
63 14 0.17
63 17 0.54
19 63 0.14
20 63 0.11
21 63 0.42
63 22 0.24
23 63 0.57
63 24 0.64
63 26 0.12
63 27 0.3
63 28 0.42
63 32 0.28
63 36 0.22
38 63 0.12
39 63 0.25
63 40 0.17
63 41 0.12
63 42 0.14
63 43 0.17
44 63 0.11
63 45 0.24
63 47 0.14
63 49 0.17
52 63 0.5
53 63 0.12
63 54 0.17
63 55 0.33
63 58 0.16
63 59 0.09
60 63 0.44
63 77 2.0E-4
4 64 0.14
21 64 0.1
23 64 0.15
64 33 1.0
35 64 0.32
36 64 0.3
64 46 1.0
77 64 6.0E-4
3 65 0.63
65 5 1.0
6 65 0.82
65 12 1.0
65 13 1.0
65 14 1.0
19 65 0.82
20 65 0.63
21 65 0.14
23 65 0.21
26 65 0.34
27 65 0.29
32 65 0.82
38 65 0.71
39 65 0.37
41 65 0.71
42 65 0.82
65 43 1.0
44 65 0.63
65 49 1.0
52 65 0.29
53 65 0.71
65 54 1.0
58 65 0.47
59 65 0.5
60 65 0.43
63 65 0.17
77 65 0.0014
66 2 0.24
66 15 1.0
66 16 0.5
66 17 0.22
66 18 1.0
21 66 0.14
23 66 0.21
66 26 0.34
66 30 1.0
66 34 1.0
66 37 0.5
39 66 0.18
66 40 0.17
66 48 0.71
52 66 0.29
66 57 0.82
66 58 0.24
66 59 0.5
77 66 4.0E-4
1 67 0.14
2 67 0.27
3 67 0.73
4 67 0.06
67 5 0.58
6 67 0.47
8 67 0.14
67 9 0.29
67 11 0.24
67 12 0.58
67 13 0.58
67 14 0.58
19 67 0.47
20 67 0.73
21 67 0.25
23 67 0.18
26 67 0.2
67 27 0.17
29 67 0.12
32 67 0.47
38 67 0.41
39 67 0.42
40 67 0.1
67 41 0.82
67 42 0.71
67 43 0.58
44 67 0.55
67 49 0.58
51 67 0.2
52 67 0.33
53 67 0.61
67 54 0.58
67 58 0.27
59 67 0.29
60 67 0.49
63 67 0.1
67 65 0.58
77 67 6.0E-4
3 68 0.63
68 5 1.0
6 68 0.82
68 12 1.0
68 13 1.0
68 14 1.0
19 68 0.82
20 68 0.63
21 68 0.14
23 68 0.21
26 68 0.34
27 68 0.29
32 68 0.82
38 68 0.71
39 68 0.37
41 68 0.71
42 68 0.82
68 43 1.0
44 68 0.63
68 49 1.0
52 68 0.29
53 68 0.71
68 54 1.0
58 68 0.47
59 68 0.5
60 68 0.43
63 68 0.17
68 65 1.0
67 68 0.58
77 68 0.0014
69 3 0.77
69 5 0.82
69 6 0.67
69 12 0.82
69 13 0.82
69 14 0.82
69 19 1.0
69 20 0.77
69 21 0.18
69 23 0.25
69 26 0.28
69 27 0.24
69 32 0.67
69 38 0.87
69 39 0.45
69 41 0.58
69 42 0.67
69 43 0.82
69 44 0.77
69 49 0.82
69 51 0.29
69 52 0.35
69 53 0.87
69 54 0.82
69 58 0.38
69 59 0.41
69 60 0.52
69 63 0.14
69 65 0.82
69 67 0.47
69 68 0.82
69 77 0.0010
3 70 0.77
70 5 0.82
6 70 0.67
9 70 0.41
70 12 0.82
70 13 0.82
70 14 0.82
19 70 0.67
20 70 0.77
21 70 0.18
23 70 0.17
26 70 0.28
27 70 0.24
32 70 0.67
38 70 0.58
39 70 0.45
41 70 0.87
70 42 1.0
70 43 0.82
44 70 0.52
70 49 0.82
51 70 0.29
52 70 0.35
53 70 0.58
70 54 0.82
58 70 0.38
59 70 0.41
60 70 0.52
63 70 0.14
70 65 0.82
67 70 0.71
70 68 0.82
69 70 0.67
77 70 0.0010
4 71 0.24
7 71 0.26
71 9 0.41
11 71 0.33
16 71 0.41
21 71 0.18
25 71 0.41
26 71 0.14
29 71 0.17
71 31 0.41
37 71 0.41
39 71 0.15
40 71 0.14
51 71 0.29
52 71 0.12
57 71 0.33
59 71 0.2
77 71 2.0E-4
3 72 0.18
72 4 0.23
72 5 0.29
72 6 0.24
72 7 0.18
72 9 0.29
72 10 0.07
72 11 0.47
72 12 0.29
72 13 0.29
72 14 0.29
72 16 0.29
19 72 0.24
20 72 0.18
21 72 0.25
23 72 0.18
72 25 0.58
72 26 0.1
72 31 0.29
72 32 0.24
72 35 0.26
72 37 0.29
38 72 0.2
39 72 0.32
72 40 0.19
72 41 0.2
72 42 0.24
72 43 0.29
44 72 0.18
72 47 0.24
72 49 0.29
51 72 0.2
52 72 0.17
53 72 0.2
72 54 0.29
72 55 0.18
72 57 0.24
72 58 0.27
72 59 0.14
60 72 0.12
72 65 0.29
72 67 0.17
72 68 0.29
69 72 0.24
72 70 0.24
72 71 0.24
72 77 5.0E-4
73 2 0.19
4 73 0.08
73 7 0.26
73 9 0.41
73 11 0.33
73 15 0.82
73 16 0.82
73 17 0.18
73 18 0.82
21 73 0.18
23 73 0.17
73 25 0.41
73 26 0.28
73 30 0.82
73 31 0.41
73 34 0.82
73 37 0.82
39 73 0.3
73 40 0.27
73 48 0.58
51 73 0.29
52 73 0.35
73 57 1.0
73 58 0.19
73 59 0.41
73 66 0.82
73 71 0.33
72 73 0.24
77 73 9.0E-4
74 1 0.25
2 74 0.24
4 74 0.1
74 8 0.25
10 74 0.12
21 74 0.14
74 22 0.35
23 74 0.21
24 74 0.27
28 74 0.41
74 32 0.41
74 40 0.33
74 45 0.71
74 47 0.41
52 74 0.29
55 74 0.32
63 74 0.17
77 74 2.0E-4
3 75 0.63
75 5 1.0
6 75 0.82
75 12 1.0
75 13 1.0
75 14 1.0
19 75 0.82
20 75 0.63
21 75 0.14
23 75 0.21
26 75 0.34
27 75 0.29
32 75 0.82
38 75 0.71
39 75 0.37
41 75 0.71
42 75 0.82
75 43 1.0
44 75 0.63
75 49 1.0
52 75 0.29
53 75 0.71
75 54 1.0
58 75 0.47
59 75 0.5
60 75 0.43
63 75 0.17
75 65 1.0
67 75 0.58
75 68 1.0
69 75 0.82
70 75 0.82
72 75 0.29
77 75 0.0014
76 2 0.33
76 15 0.71
76 16 0.71
76 17 0.32
76 18 0.71
21 76 0.1
23 76 0.15
76 26 0.24
76 30 0.71
76 34 0.71
76 37 0.71
39 76 0.26
76 48 1.0
52 76 0.2
76 57 0.58
76 59 0.35
76 66 0.71
76 73 0.58
77 76 6.0E-4
