*Vertices  27
1 "LCD显示屏"
2 "3D显示屏"
3 "LED灯"
4 "连接带"
5 "叶片"
6 "LED"
7 "听筒"
8 "玻璃"
9 "塑料"
10 "转换器"
11 "密封胶"
12 "SiO2"
13 "半导体"
14 "电路板"
15 "摄像机"
16 "太阳能"
17 "蓄电池"
18 "芯片"
19 "离子"
20 "耳机"
21 "MP4播放器"
22 "基色"
23 "太阳能电子板"
24 "屏幕"
25 "反射层"
26 "固定支架"
27 "LED显示屏"
*Arcs
1 27 0.0021
27 2 0.0103
3 1 0.05
3 27 4.0E-4
4 2 0.58
3 4 0.08
27 4 0.0043
3 5 0.1
5 27 0.0108
6 1 0.29
6 2 0.1
6 3 0.73
6 4 0.18
6 5 0.14
6 27 0.0036
7 2 1.0
7 4 0.58
6 7 0.1
27 7 0.0103
3 8 0.27
8 5 0.34
6 8 0.42
8 27 0.0046
3 9 0.36
9 5 0.2
6 9 0.35
9 8 0.28
9 27 6.0E-4
10 1 0.35
3 10 0.07
6 10 0.2
10 27 0.0010
11 3 0.24
11 5 0.41
6 11 0.18
11 8 0.14
11 9 0.17
11 27 0.0028
12 5 0.35
12 6 0.2
12 8 0.36
12 9 0.14
12 27 0.0017
13 3 0.33
13 5 0.18
13 6 0.39
13 8 0.25
13 9 0.22
13 10 0.13
13 11 0.3
13 12 0.39
13 27 9.0E-4
14 1 0.25
3 14 0.4
14 5 0.33
6 14 0.43
8 14 0.4
9 14 0.2
11 14 0.14
12 14 0.12
13 14 0.18
14 27 0.0019
15 1 0.41
6 15 0.18
15 14 0.14
15 27 0.0013
3 16 0.21
16 4 0.22
6 16 0.27
8 16 0.18
14 16 0.09
27 16 0.0016
3 17 0.31
17 4 0.18
6 17 0.32
8 17 0.15
13 17 0.16
17 16 0.72
17 27 0.0012
18 1 0.36
18 3 0.26
18 5 0.14
18 6 0.5
18 8 0.3
18 9 0.06
18 10 0.31
18 11 0.12
18 12 0.31
18 13 0.42
18 14 0.38
18 15 0.12
18 16 0.08
18 27 7.0E-4
19 1 0.25
3 19 0.1
6 19 0.29
19 8 0.34
10 19 0.18
12 19 0.35
13 19 0.27
19 14 0.17
19 15 0.2
18 19 0.29
19 27 0.0021
20 2 1.0
20 4 0.58
6 20 0.1
20 7 1.0
27 20 0.0103
21 2 1.0
21 4 0.58
6 21 0.1
21 7 1.0
21 20 1.0
27 21 0.0103
22 5 0.5
6 22 0.14
8 22 0.17
9 22 0.2
12 22 0.35
13 22 0.18
14 22 0.17
18 22 0.14
22 27 0.0028
6 23 0.1
8 23 0.24
16 23 0.38
17 23 0.32
27 23 0.0035
24 1 0.25
24 2 0.35
24 3 0.1
24 4 0.2
24 5 0.5
24 6 0.29
24 7 0.35
24 8 0.17
24 9 0.2
24 10 0.18
24 11 0.2
24 12 0.35
24 13 0.18
24 14 0.25
24 18 0.22
24 19 0.13
24 20 0.35
24 21 0.35
24 22 0.25
24 27 0.0146
25 5 0.35
25 6 0.2
25 8 0.12
25 9 0.14
25 12 0.5
25 13 0.39
25 14 0.12
25 18 0.2
25 22 0.71
25 24 0.35
25 27 0.0017
3 26 0.14
5 26 0.71
6 26 0.1
8 26 0.24
11 26 0.58
13 26 0.26
14 26 0.24
18 26 0.2
24 26 0.35
27 26 0.0057
