*Vertices  131
1 "LED显示屏"
2 "LCD显示屏"
3 "显示器"
4 "LED灯罩"
5 "探头"
6 "连接带"
7 "电容"
8 "容器"
9 "光膜"
10 "传感器"
11 "控制器"
12 "处理器"
13 "单片机"
14 "发生器"
15 "叶片"
16 "折盒机"
17 "装盒机"
18 "荧光粉"
19 "聚光杯"
20 "整流器"
21 "工质"
22 "开关"
23 "发光荧光材料"
24 "热电分离"
25 "焊油墨"
26 "功率因数校正"
27 "连接管"
28 "模数转换集成块"
29 "硼酸"
30 "变压器"
31 "太阳能吸收板"
32 "加湿器"
33 "阻燃塑料外壳"
34 "发光板"
35 "LED"
36 "二极管"
37 "整流二极管"
38 "稳压二极管"
39 "三极管"
40 "扩散剂"
41 "教具"
42 "玻璃"
43 "雪糕板"
44 "香薰托盘"
45 "通道"
46 "接收管"
47 "LED灯具散热壳体"
48 "LED光源"
49 "电热丝"
50 "塑料"
51 "电子元器件"
52 "转换器"
53 "铝基板"
54 "基板"
55 "集热板"
56 "导热陶瓷"
57 "基座"
58 "红外线发射管"
59 "照明扶钉器"
60 "螺旋管"
61 "聚光碗"
62 "散热片"
63 "散热器"
64 "直流电机"
65 "发光体"
66 "硅橡胶"
67 "密封胶"
68 "放大器"
69 "半导体"
70 "电路板"
71 "客户"
72 "介质箱"
73 "太阳能"
74 "太阳能电池板"
75 "蓄电池"
76 "充电电池"
77 "锂电池"
78 "LED照明设备"
79 "LED芯片"
80 "芯片"
81 "电抗器"
82 "充电器"
83 "冷凝器"
84 "存储器"
85 "捕虫箱"
86 "光触媒"
87 "酸盐"
88 "Li"
89 "电感"
90 "离子"
91 "电极"
92 "磁铁"
93 "冰柜"
94 "排水槽"
95 "电阻"
96 "驱动模块"
97 "脉冲信号"
98 "交通灯"
99 "便携棋具"
100 "蒸发腔"
101 "散热腔"
102 "加热管"
103 "防护服"
104 "基料"
105 "激光"
106 "超声波"
107 "空穴"
108 "射灯"
109 "检测仪"
110 "臭氧仪"
111 "臭氧"
112 "防滑垫"
113 "屏幕"
114 "透镜"
115 "舰船"
116 "甲基"
117 "转子"
118 "弹簧"
119 "碳泡沫"
120 "电磁感应"
121 "蜂鸣器"
122 "扬声器"
123 "电磁锁心"
124 "固定支架"
125 "发光管"
126 "提示仪"
127 "晶体闸流管"
128 "信息存储卡"
129 "导热柱"
130 "插座"
131 "LED灯"
*Arcs
131 1 0.0
2 1 0.29
131 2 0.0
3 2 0.47
131 3 0.0
131 4 1.0E-4
131 5 1.0E-4
1 6 0.24
131 6 0.0
131 7 9.0E-4
7 8 0.37
131 8 3.0E-4
2 9 0.35
3 9 0.33
131 9 1.0E-4
10 2 0.18
10 3 0.17
10 6 0.14
7 10 0.14
131 10 3.0E-4
2 11 0.34
3 11 0.32
7 11 0.18
8 11 0.14
10 11 0.32
131 11 2.0E-4
2 12 0.16
3 12 0.15
12 6 0.26
10 12 0.56
11 12 0.42
131 12 1.0E-4
13 2 0.13
3 13 0.59
7 13 0.2
10 13 0.35
13 11 0.22
13 12 0.16
131 13 0.0
131 14 1.0E-4
15 1 0.58
131 15 1.0E-4
10 16 0.25
131 16 1.0E-4
10 17 0.18
17 16 0.71
131 17 1.0E-4
8 18 0.32
131 18 1.0E-4
7 19 0.39
131 19 2.0E-4
7 20 0.68
20 8 0.55
20 11 0.13
20 19 0.58
131 20 5.0E-4
7 21 0.28
131 21 2.0E-4
22 2 0.18
22 3 0.06
22 7 0.39
22 8 0.31
22 10 0.26
22 11 0.22
22 12 0.16
22 13 0.12
22 20 0.21
22 131 0.0010
23 8 0.26
23 18 0.41
131 23 1.0E-4
7 24 0.2
24 21 0.71
131 24 2.0E-4
2 25 0.35
3 25 0.33
25 9 1.0
131 25 1.0E-4
7 26 0.28
22 26 0.17
131 26 1.0E-4
7 27 0.28
27 21 1.0
24 27 0.71
131 27 2.0E-4
28 7 0.28
22 28 0.17
131 28 1.0E-4
29 3 0.24
29 8 0.32
29 18 0.5
29 23 0.41
131 29 1.0E-4
30 3 0.11
7 30 0.61
30 8 0.42
30 11 0.1
30 19 0.45
30 20 0.77
22 30 0.33
30 26 0.32
30 29 0.22
131 30 6.0E-4
22 31 0.17
131 31 1.0E-4
32 5 1.0
131 32 1.0E-4
22 33 0.17
30 33 0.32
131 33 1.0E-4
34 4 0.41
7 34 0.32
8 34 0.26
11 34 0.18
20 34 0.24
22 34 0.2
34 26 0.58
30 34 0.37
131 34 2.0E-4
35 1 0.25
35 2 0.29
35 3 0.3
35 4 0.14
35 5 0.1
35 6 0.18
35 7 0.37
35 8 0.23
35 9 0.1
35 10 0.41
35 11 0.32
35 12 0.23
35 13 0.29
35 14 0.1
35 15 0.14
35 16 0.1
35 17 0.14
35 18 0.14
35 19 0.14
35 20 0.25
35 21 0.1
35 22 0.58
35 23 0.18
35 24 0.14
35 25 0.1
35 26 0.1
35 27 0.1
35 28 0.1
35 29 0.14
35 30 0.32
35 31 0.1
35 32 0.1
35 33 0.1
35 34 0.18
35 131 0.0036
36 2 0.15
36 3 0.19
36 4 0.1
36 7 0.45
36 8 0.26
36 10 0.29
36 11 0.14
36 12 0.13
36 13 0.21
36 19 0.21
36 20 0.36
36 22 0.58
36 23 0.17
36 26 0.15
36 28 0.15
36 29 0.1
36 30 0.42
36 33 0.15
36 34 0.17
36 35 0.7
36 131 0.0010
7 37 0.28
22 37 0.17
37 26 1.0
30 37 0.32
34 37 0.58
35 37 0.1
36 37 0.15
131 37 1.0E-4
38 2 0.14
7 38 0.57
38 8 0.18
10 38 0.1
38 11 0.26
38 12 0.18
38 19 0.58
38 20 0.67
22 38 0.21
38 26 0.41
30 38 0.65
38 34 0.47
35 38 0.25
36 38 0.36
38 37 0.41
131 38 4.0E-4
39 2 0.13
39 3 0.13
39 7 0.63
39 8 0.34
39 10 0.09
39 11 0.12
39 13 0.13
39 20 0.31
22 39 0.46
39 26 0.38
39 28 0.38
39 30 0.36
39 34 0.44
35 39 0.27
36 39 0.39
39 37 0.38
39 38 0.31
131 39 4.0E-4
8 40 0.32
40 18 0.5
23 40 0.82
29 40 0.5
35 40 0.14
36 40 0.1
131 40 2.0E-4
41 11 0.32
22 41 0.17
35 41 0.1
131 41 1.0E-4
42 1 0.3
42 3 0.24
7 42 0.07
10 42 0.06
42 13 0.17
42 15 0.34
22 42 0.17
42 29 0.17
42 30 0.08
42 31 0.24
35 42 0.42
36 42 0.32
39 42 0.09
131 42 4.0E-4
35 43 0.1
131 43 1.0E-4
44 5 1.0
44 32 1.0
35 44 0.1
131 44 1.0E-4
7 45 0.23
10 45 0.1
45 21 0.41
22 45 0.07
24 45 0.29
45 27 0.41
35 45 0.25
36 45 0.24
39 45 0.15
42 45 0.2
131 45 5.0E-4
46 2 0.2
46 3 0.19
46 7 0.32
46 10 0.14
46 13 0.2
22 46 0.3
46 28 0.58
35 46 0.18
36 46 0.25
46 39 0.65
46 42 0.14
46 45 0.24
131 46 2.0E-4
35 47 0.1
131 47 1.0E-4
48 2 0.11
48 3 0.2
48 8 0.13
48 13 0.11
48 18 0.21
22 48 0.05
48 23 0.17
48 29 0.43
48 30 0.1
35 48 0.34
36 48 0.31
39 48 0.11
48 40 0.21
48 42 0.29
48 45 0.25
46 48 0.17
131 48 6.0E-4
8 49 0.26
49 14 0.58
22 49 0.1
35 49 0.18
36 49 0.08
42 49 0.14
131 49 2.0E-4
50 1 0.12
50 3 0.1
50 4 0.2
50 8 0.13
50 10 0.14
50 11 0.18
50 12 0.13
50 13 0.1
50 15 0.2
22 50 0.15
50 30 0.09
50 33 0.29
35 50 0.35
36 50 0.21
50 42 0.28
50 45 0.24
50 48 0.17
50 49 0.33
131 50 7.0E-4
7 51 0.28
51 21 1.0
24 51 0.71
51 27 1.0
35 51 0.1
51 45 0.41
131 51 2.0E-4
52 1 0.2
52 2 0.35
52 7 0.28
52 10 0.25
52 11 0.16
52 12 0.22
52 13 0.18
22 52 0.26
52 28 0.5
35 52 0.2
36 52 0.22
52 38 0.2
52 39 0.19
52 46 0.29
131 52 1.0E-4
4 53 0.32
7 53 0.12
22 53 0.16
53 26 0.45
30 53 0.28
53 33 0.45
34 53 0.26
35 53 0.23
36 53 0.26
53 37 0.45
38 53 0.18
39 53 0.17
45 53 0.18
50 53 0.39
131 53 6.0E-4
7 54 0.45
54 18 0.29
54 19 0.58
54 20 0.5
54 21 0.41
54 24 0.29
54 27 0.41
30 54 0.39
35 54 0.25
36 54 0.18
54 38 0.5
54 45 0.17
54 51 0.41
131 54 5.0E-4
35 55 0.1
54 55 0.41
131 55 1.0E-4
35 56 0.1
36 56 0.15
45 56 0.41
50 56 0.29
56 53 0.45
131 56 2.0E-4
8 57 0.32
57 18 0.5
23 57 0.41
29 57 0.5
35 57 0.14
36 57 0.1
40 57 0.5
45 57 0.29
48 57 0.21
50 57 0.2
57 53 0.32
57 56 0.71
131 57 3.0E-4
7 58 0.28
10 58 0.25
22 58 0.17
35 58 0.1
36 58 0.15
39 58 0.38
42 58 0.24
45 58 0.41
46 58 0.58
131 58 1.0E-4
35 59 0.1
131 59 1.0E-4
35 60 0.1
36 60 0.15
48 60 0.3
131 60 1.0E-4
7 61 0.39
61 19 1.0
61 20 0.58
30 61 0.45
35 61 0.14
36 61 0.21
61 38 0.58
61 54 0.58
131 61 2.0E-4
62 7 0.09
62 21 0.32
62 22 0.11
62 24 0.22
62 27 0.32
35 62 0.32
36 62 0.18
62 42 0.15
62 45 0.26
62 48 0.48
62 50 0.18
62 51 0.32
62 53 0.14
62 54 0.26
62 55 0.32
62 60 0.32
62 131 8.0E-4
7 63 0.33
63 17 0.21
63 19 0.43
63 20 0.37
63 21 0.3
63 24 0.43
63 27 0.3
63 30 0.29
35 63 0.34
36 63 0.26
63 38 0.37
63 42 0.07
63 45 0.12
63 47 0.3
63 48 0.27
63 50 0.09
63 51 0.3
63 53 0.13
63 54 0.49
63 60 0.3
63 61 0.43
62 63 0.48
131 63 9.0E-4
64 11 0.32
22 64 0.17
35 64 0.1
64 41 1.0
131 64 1.0E-4
7 65 0.2
10 65 0.18
22 65 0.25
35 65 0.14
36 65 0.21
39 65 0.27
42 65 0.17
65 45 0.29
46 65 0.41
65 58 0.71
131 65 2.0E-4
66 3 0.24
66 8 0.32
66 18 0.5
66 23 0.41
66 29 1.0
66 30 0.22
35 66 0.14
36 66 0.1
66 40 0.5
66 42 0.17
48 66 0.43
66 57 0.5
131 66 1.0E-4
67 1 0.24
67 15 0.41
67 22 0.1
35 67 0.18
36 67 0.08
67 42 0.14
67 45 0.24
67 50 0.17
67 53 0.26
67 56 0.58
67 57 0.41
67 62 0.18
67 131 3.0E-4
68 7 0.39
22 68 0.25
68 26 0.71
68 28 0.71
68 30 0.22
68 34 0.41
35 68 0.14
36 68 0.21
68 37 0.71
68 38 0.29
68 39 0.53
68 46 0.41
68 52 0.35
68 53 0.32
131 68 3.0E-4
69 1 0.11
69 3 0.09
69 4 0.18
69 7 0.21
69 8 0.35
69 15 0.18
69 18 0.37
69 20 0.21
69 22 0.18
69 23 0.45
69 28 0.26
69 29 0.37
69 30 0.33
69 33 0.26
69 35 0.39
69 36 0.45
69 39 0.2
69 40 0.37
69 42 0.25
69 45 0.21
69 46 0.15
69 48 0.31
69 50 0.22
69 52 0.13
69 53 0.35
69 54 0.11
69 56 0.26
69 57 0.37
69 66 0.37
69 67 0.3
69 68 0.18
69 131 8.0E-4
70 1 0.19
70 2 0.25
3 70 0.31
70 5 0.24
7 70 0.13
70 8 0.11
70 9 0.24
10 70 0.12
70 11 0.15
70 12 0.11
70 13 0.17
70 15 0.33
70 18 0.17
22 70 0.12
70 23 0.27
70 24 0.17
70 25 0.24
29 70 0.17
70 32 0.24
35 70 0.43
36 70 0.24
39 70 0.27
70 40 0.33
42 70 0.4
70 44 0.24
70 45 0.1
46 70 0.27
48 70 0.21
50 70 0.2
70 57 0.17
70 58 0.24
62 70 0.07
63 70 0.07
70 65 0.17
66 70 0.17
67 70 0.14
69 70 0.18
131 70 8.0E-4
2 71 0.2
3 71 0.19
7 71 0.16
71 9 0.58
10 71 0.29
71 16 0.58
71 17 0.41
22 71 0.1
71 25 0.58
35 71 0.18
36 71 0.08
39 71 0.22
42 71 0.14
71 45 0.24
46 71 0.33
71 58 0.58
65 71 0.41
70 71 0.27
131 71 3.0E-4
35 72 0.1
36 72 0.15
48 72 0.3
72 60 1.0
62 72 0.32
63 72 0.3
131 72 1.0E-4
1 73 0.15
73 6 0.22
7 73 0.1
73 11 0.12
22 73 0.2
73 31 0.38
35 73 0.27
36 73 0.11
39 73 0.14
73 41 0.38
42 73 0.18
73 64 0.38
70 73 0.09
131 73 3.0E-4
74 6 0.29
74 11 0.16
22 74 0.09
35 74 0.2
36 74 0.07
74 41 0.5
74 64 0.5
74 73 0.76
131 74 2.0E-4
75 1 0.13
75 6 0.18
7 75 0.18
75 8 0.28
75 11 0.1
20 75 0.26
22 75 0.33
30 75 0.2
75 31 0.32
35 75 0.32
36 75 0.18
39 75 0.12
75 41 0.32
42 75 0.15
75 64 0.32
69 75 0.16
75 73 0.72
75 74 0.63
131 75 5.0E-4
76 7 0.39
22 76 0.25
76 28 0.71
35 76 0.14
36 76 0.21
76 39 0.53
76 46 0.41
76 52 0.35
76 68 0.5
69 76 0.18
76 70 0.17
76 73 0.27
131 76 1.0E-4
2 77 0.25
10 77 0.35
11 77 0.45
77 12 0.63
22 77 0.12
35 77 0.14
36 77 0.21
38 77 0.29
52 77 0.35
70 77 0.17
131 77 0.0
35 78 0.1
48 78 0.3
131 78 1.0E-4
79 7 0.14
79 8 0.22
79 18 0.71
79 21 0.5
79 23 0.29
79 24 0.35
79 27 0.5
79 29 0.35
79 35 0.2
79 36 0.07
79 40 0.35
79 45 0.2
79 48 0.15
79 51 0.5
79 54 0.41
79 57 0.35
79 62 0.16
79 63 0.15
79 66 0.35
79 69 0.39
79 70 0.12
79 131 2.0E-4
80 1 0.08
80 2 0.36
80 3 0.34
80 7 0.4
80 8 0.09
80 10 0.31
80 11 0.39
80 12 0.27
80 13 0.29
80 15 0.14
80 18 0.29
80 21 0.2
80 22 0.28
80 23 0.12
80 24 0.14
80 26 0.2
80 27 0.2
80 28 0.2
80 29 0.29
80 30 0.13
80 34 0.12
80 35 0.5
80 36 0.42
80 37 0.2
80 38 0.17
80 39 0.39
80 40 0.14
80 42 0.3
80 45 0.25
80 46 0.35
80 48 0.31
80 50 0.06
80 51 0.2
80 52 0.31
80 53 0.18
80 54 0.17
80 57 0.14
80 58 0.2
80 62 0.13
80 63 0.12
80 65 0.14
80 66 0.29
80 67 0.12
80 68 0.29
80 69 0.42
80 70 0.38
80 71 0.12
80 73 0.08
80 76 0.29
80 77 0.29
80 79 0.41
80 131 6.0E-4
7 81 0.39
81 8 0.63
20 81 0.58
22 81 0.25
30 81 0.45
35 81 0.14
36 81 0.21
39 81 0.27
69 81 0.37
81 75 0.45
131 81 2.0E-4
82 7 0.28
22 82 0.17
82 28 1.0
35 82 0.1
36 82 0.15
82 39 0.38
82 46 0.58
82 52 0.5
82 68 0.71
69 82 0.26
82 76 0.71
80 82 0.2
131 82 1.0E-4
7 83 0.28
83 21 1.0
24 83 0.71
83 27 1.0
35 83 0.1
83 45 0.41
83 51 1.0
54 83 0.41
62 83 0.32
63 83 0.3
79 83 0.5
80 83 0.2
131 83 2.0E-4
84 2 0.32
84 3 0.15
84 7 0.12
84 10 0.22
84 11 0.14
84 12 0.2
84 13 0.16
22 84 0.31
84 28 0.45
35 84 0.23
36 84 0.33
84 38 0.18
84 39 0.34
84 46 0.52
84 48 0.13
84 52 0.45
84 68 0.32
69 84 0.12
84 70 0.11
84 76 0.32
84 77 0.32
80 84 0.27
84 82 0.45
131 84 1.0E-4
35 85 0.1
85 43 1.0
131 85 1.0E-4
86 5 0.71
86 32 0.71
35 86 0.14
86 44 0.71
48 86 0.21
62 86 0.22
70 86 0.33
131 86 2.0E-4
87 3 0.19
87 8 0.26
87 18 0.41
87 23 0.33
87 29 0.82
87 30 0.18
35 87 0.18
36 87 0.17
87 40 0.41
87 42 0.28
48 87 0.35
87 57 0.41
87 66 0.82
69 87 0.3
87 70 0.27
79 87 0.29
80 87 0.35
131 87 1.0E-4
88 4 0.24
7 88 0.09
10 88 0.08
13 88 0.12
22 88 0.12
23 88 0.19
30 88 0.11
88 33 0.33
35 88 0.3
36 88 0.44
88 40 0.24
42 88 0.32
88 45 0.27
48 88 0.3
50 88 0.29
52 88 0.17
88 53 0.45
88 56 0.33
88 57 0.24
62 88 0.11
63 88 0.1
67 88 0.19
69 88 0.52
70 88 0.16
80 88 0.27
87 88 0.19
131 88 4.0E-4
89 7 0.62
89 8 0.6
89 11 0.14
89 20 0.55
22 89 0.39
89 26 0.45
89 28 0.45
89 30 0.57
89 34 0.52
35 89 0.23
36 89 0.33
89 37 0.45
89 38 0.37
89 39 0.68
89 46 0.26
89 52 0.22
89 53 0.2
89 68 0.63
69 89 0.35
89 75 0.28
89 76 0.32
80 89 0.18
89 81 0.63
89 82 0.45
89 84 0.2
131 89 5.0E-4
90 1 0.29
90 2 0.25
90 3 0.12
90 5 0.35
90 14 0.35
90 29 0.25
90 30 0.11
90 32 0.35
35 90 0.29
36 90 0.21
90 42 0.34
90 44 0.35
90 45 0.14
48 90 0.32
90 49 0.2
52 90 0.18
90 66 0.25
69 90 0.27
90 70 0.17
80 90 0.29
90 86 0.25
90 87 0.41
90 88 0.35
131 90 1.0E-4
91 2 0.11
91 3 0.1
91 7 0.42
91 8 0.27
91 10 0.08
91 11 0.19
91 18 0.21
91 20 0.25
91 22 0.26
91 23 0.17
91 26 0.3
91 28 0.3
91 30 0.29
91 34 0.35
91 35 0.34
91 36 0.4
91 37 0.3
91 38 0.25
91 39 0.57
91 42 0.22
91 45 0.25
91 46 0.35
91 48 0.18
91 52 0.15
91 53 0.13
91 54 0.12
91 58 0.3
91 65 0.21
91 68 0.43
91 69 0.54
91 70 0.07
91 71 0.17
91 75 0.1
91 76 0.21
91 79 0.3
91 80 0.49
91 81 0.21
91 82 0.3
91 84 0.13
91 88 0.2
91 89 0.54
91 90 0.21
91 131 3.0E-4
35 92 0.18
36 92 0.08
48 92 0.17
92 59 0.58
92 78 0.58
131 92 2.0E-4
35 93 0.1
42 93 0.24
49 93 0.58
50 93 0.29
131 93 1.0E-4
35 94 0.1
45 94 0.41
48 94 0.3
50 94 0.29
62 94 0.32
131 94 1.0E-4
95 2 0.26
95 3 0.08
95 7 0.81
95 8 0.33
95 10 0.24
95 11 0.23
95 12 0.11
95 13 0.26
95 19 0.34
95 20 0.59
22 95 0.46
95 26 0.24
95 28 0.24
95 30 0.54
95 34 0.28
35 95 0.42
36 95 0.57
95 37 0.24
95 38 0.59
95 39 0.64
95 42 0.12
95 45 0.3
95 46 0.42
95 48 0.15
95 52 0.36
95 53 0.11
95 54 0.3
95 58 0.24
95 61 0.34
95 63 0.22
95 65 0.17
95 68 0.34
69 95 0.25
95 70 0.17
95 71 0.14
95 73 0.09
95 75 0.15
95 76 0.34
95 77 0.17
80 95 0.5
95 81 0.34
95 82 0.24
95 84 0.33
95 88 0.16
95 89 0.54
95 90 0.09
91 95 0.44
131 95 6.0E-4
3 96 0.24
10 96 0.18
11 96 0.22
96 12 0.32
13 96 0.25
35 96 0.14
50 96 0.2
80 96 0.29
131 96 1.0E-4
97 7 0.2
97 10 0.18
22 97 0.12
97 28 0.71
35 97 0.14
36 97 0.21
97 39 0.27
97 46 0.41
97 52 0.35
97 68 0.5
69 97 0.18
97 76 0.5
80 97 0.14
97 82 0.71
97 84 0.32
97 89 0.32
91 97 0.21
97 95 0.17
131 97 1.0E-4
35 98 0.1
36 98 0.15
48 98 0.3
98 60 1.0
62 98 0.32
63 98 0.3
98 72 1.0
131 98 1.0E-4
22 99 0.17
35 99 0.1
131 99 0.0
100 5 1.0
100 32 1.0
35 100 0.1
100 44 1.0
70 100 0.24
86 100 0.71
90 100 0.35
131 100 1.0E-4
7 101 0.16
101 21 0.58
101 24 0.82
101 27 0.58
35 101 0.18
101 45 0.24
101 51 0.58
54 101 0.24
62 101 0.18
63 101 0.35
70 101 0.27
79 101 0.29
80 101 0.12
101 83 0.58
131 101 3.0E-4
8 102 0.32
22 102 0.25
102 31 0.71
35 102 0.14
36 102 0.1
42 102 0.17
102 49 0.41
50 102 0.2
73 102 0.27
75 102 0.22
131 102 1.0E-4
6 103 0.58
35 103 0.1
73 103 0.38
74 103 0.5
75 103 0.32
131 103 1.0E-4
35 104 0.1
104 47 1.0
63 104 0.3
131 104 1.0E-4
2 105 0.14
3 105 0.27
105 9 0.41
10 105 0.1
105 11 0.13
105 12 0.18
13 105 0.14
105 18 0.29
105 23 0.24
105 25 0.41
35 105 0.25
36 105 0.18
42 105 0.2
105 45 0.17
48 105 0.25
50 105 0.12
54 105 0.17
69 105 0.42
70 105 0.1
105 71 0.24
79 105 0.2
80 105 0.33
105 88 0.27
90 105 0.29
91 105 0.49
95 105 0.1
105 96 0.29
131 105 1.0E-4
106 7 0.28
22 106 0.17
106 28 1.0
35 106 0.1
36 106 0.15
106 39 0.38
106 46 0.58
106 52 0.5
106 68 0.71
69 106 0.26
106 76 0.71
80 106 0.2
106 82 1.0
106 84 0.45
106 89 0.45
91 106 0.3
106 95 0.24
106 97 0.71
131 106 1.0E-4
4 107 0.41
22 107 0.1
30 107 0.18
107 33 0.58
35 107 0.18
36 107 0.25
45 107 0.24
50 107 0.5
107 53 0.77
107 56 0.58
57 107 0.41
67 107 0.33
69 107 0.45
88 107 0.58
131 107 4.0E-4
108 4 0.35
7 108 0.28
10 108 0.13
108 19 0.35
108 20 0.2
22 108 0.09
30 108 0.16
35 108 0.2
36 108 0.29
108 38 0.2
39 108 0.19
42 108 0.12
108 45 0.41
46 108 0.29
50 108 0.29
108 53 0.45
108 54 0.2
108 56 0.5
108 57 0.35
108 58 0.5
108 61 0.35
63 108 0.15
108 65 0.35
67 108 0.29
69 108 0.26
108 70 0.12
108 71 0.29
80 108 0.1
108 88 0.33
91 108 0.15
95 108 0.24
108 107 0.58
131 108 5.0E-4
109 3 0.24
109 7 0.2
109 10 0.18
109 13 0.25
22 109 0.12
109 28 0.71
35 109 0.14
36 109 0.1
109 39 0.27
109 46 0.41
109 52 0.35
109 68 0.5
69 109 0.18
109 76 0.5
80 109 0.14
109 82 0.71
109 84 0.32
109 89 0.32
91 109 0.21
109 95 0.17
109 97 0.5
109 106 0.71
131 109 1.0E-4
110 14 1.0
35 110 0.1
49 110 0.58
90 110 0.35
131 110 1.0E-4
8 111 0.26
111 14 0.58
111 18 0.41
23 111 0.33
29 111 0.41
35 111 0.18
40 111 0.41
42 111 0.14
48 111 0.17
49 111 0.67
50 111 0.17
111 57 0.41
66 111 0.41
69 111 0.15
70 111 0.14
79 111 0.29
80 111 0.12
87 111 0.33
90 111 0.2
111 93 0.58
111 110 0.58
131 111 4.0E-4
35 112 0.1
112 59 1.0
112 92 0.58
131 112 1.0E-4
113 1 0.58
113 2 0.25
113 3 0.24
113 6 0.2
113 7 0.1
113 8 0.16
113 9 0.35
113 10 0.09
113 11 0.22
113 12 0.16
113 13 0.13
113 15 0.5
113 20 0.14
113 22 0.06
113 25 0.35
113 30 0.11
113 34 0.2
113 35 0.29
113 36 0.1
113 38 0.14
113 39 0.13
113 42 0.17
113 50 0.2
113 52 0.18
113 67 0.2
113 69 0.18
113 70 0.25
113 71 0.2
113 79 0.18
113 80 0.22
113 89 0.16
113 90 0.13
113 91 0.21
113 95 0.09
113 96 0.25
113 105 0.29
113 131 1.0E-4
114 8 0.18
114 10 0.1
114 18 0.29
114 22 0.07
114 23 0.47
114 29 0.29
35 114 0.25
36 114 0.18
114 40 0.58
114 42 0.1
114 48 0.25
114 54 0.17
114 55 0.41
114 57 0.29
114 62 0.26
114 66 0.29
114 67 0.24
69 114 0.32
114 70 0.19
79 114 0.2
80 114 0.17
114 84 0.18
114 87 0.24
114 88 0.27
114 90 0.14
91 114 0.12
114 105 0.17
114 111 0.24
114 131 3.0E-4
35 115 0.1
80 115 0.2
115 96 0.71
131 115 0.0
116 3 0.19
116 8 0.26
116 18 0.41
116 23 0.33
116 29 0.82
116 30 0.18
35 116 0.18
36 116 0.17
116 40 0.41
116 42 0.28
48 116 0.35
116 57 0.41
116 66 0.82
69 116 0.3
116 70 0.27
79 116 0.29
80 116 0.35
116 87 1.0
116 88 0.19
116 90 0.41
116 111 0.33
114 116 0.24
131 116 1.0E-4
117 11 0.32
22 117 0.17
35 117 0.1
117 41 1.0
117 64 1.0
117 73 0.38
117 74 0.5
75 117 0.32
131 117 1.0E-4
22 118 0.2
35 118 0.18
36 118 0.17
118 59 0.58
118 92 0.33
118 112 0.58
131 118 1.0E-4
35 119 0.1
119 47 1.0
63 119 0.3
119 104 1.0
131 119 1.0E-4
120 11 0.22
22 120 0.12
35 120 0.14
36 120 0.1
120 41 0.71
120 64 0.71
120 73 0.27
120 74 0.35
75 120 0.22
120 92 0.41
120 117 0.71
131 120 1.0E-4
121 2 0.25
3 121 0.24
10 121 0.18
121 11 0.22
121 12 0.32
121 13 0.25
22 121 0.12
35 121 0.14
36 121 0.21
39 121 0.27
46 121 0.41
48 121 0.21
121 70 0.33
121 77 0.5
80 121 0.29
84 121 0.32
95 121 0.17
131 121 0.0
122 7 0.28
22 122 0.17
122 28 1.0
35 122 0.1
36 122 0.15
122 39 0.38
122 46 0.58
122 52 0.5
122 68 0.71
69 122 0.26
122 76 0.71
80 122 0.2
122 82 1.0
122 84 0.45
122 89 0.45
91 122 0.3
122 95 0.24
122 97 0.71
122 106 1.0
122 109 0.71
131 122 1.0E-4
10 123 0.25
12 123 0.45
22 123 0.17
35 123 0.1
131 123 1.0E-4
1 124 0.41
15 124 0.71
35 124 0.1
42 124 0.24
67 124 0.58
69 124 0.26
70 124 0.24
80 124 0.2
113 124 0.35
131 124 1.0E-4
125 4 0.27
7 125 0.1
10 125 0.09
11 125 0.12
22 125 0.33
125 26 0.38
30 125 0.24
125 33 0.38
125 34 0.22
35 125 0.27
36 125 0.28
125 37 0.38
38 125 0.15
39 125 0.14
125 45 0.15
50 125 0.44
125 53 0.68
125 56 0.38
125 57 0.27
125 65 0.27
67 125 0.22
68 125 0.27
69 125 0.29
80 125 0.08
125 88 0.38
89 125 0.17
91 125 0.11
95 125 0.09
125 107 0.65
108 125 0.38
131 125 6.0E-4
126 7 0.28
22 126 0.17
126 28 1.0
35 126 0.1
36 126 0.15
126 39 0.38
126 46 0.58
126 52 0.5
126 68 0.71
69 126 0.26
126 76 0.71
80 126 0.2
126 82 1.0
126 84 0.45
126 89 0.45
91 126 0.3
126 95 0.24
126 97 0.71
126 106 1.0
126 109 0.71
126 122 1.0
131 126 1.0E-4
7 127 0.28
8 127 0.45
20 127 0.41
22 127 0.17
30 127 0.32
35 127 0.1
36 127 0.15
39 127 0.38
69 127 0.26
75 127 0.32
81 127 0.71
89 127 0.45
91 127 0.3
95 127 0.24
131 127 1.0E-4
10 128 0.25
12 128 0.45
22 128 0.17
35 128 0.1
128 123 1.0
131 128 1.0E-4
35 129 0.1
36 129 0.15
45 129 0.41
50 129 0.29
129 53 0.45
129 56 1.0
57 129 0.71
67 129 0.58
69 129 0.26
88 129 0.33
129 107 0.58
108 129 0.5
125 129 0.38
131 129 2.0E-4
7 130 0.14
10 130 0.25
13 130 0.35
22 130 0.26
35 130 0.2
36 130 0.22
42 130 0.12
52 130 0.25
62 130 0.16
75 130 0.16
80 130 0.1
88 130 0.17
95 130 0.12
131 130 0.0
