*Vertices  12
1 "LED灯"
2 "发光板"
3 "LED"
4 "二极管"
5 "塑料"
6 "铝基板"
7 "半导体"
8 "Li"
9 "空穴"
10 "射灯"
11 "发光管"
12 "LED灯罩"
*Arcs
1 12 0.0090
1 2 0.16
2 12 0.023
3 1 0.73
3 2 0.18
3 12 0.0052
4 1 0.35
4 2 0.17
4 3 0.7
4 12 0.0035
1 5 0.36
3 5 0.35
4 5 0.21
5 12 0.0094
1 6 0.31
2 6 0.26
3 6 0.23
4 6 0.26
5 6 0.39
12 6 0.0234
7 1 0.33
7 3 0.39
7 4 0.45
7 5 0.22
7 6 0.35
7 12 0.0078
1 8 0.23
3 8 0.3
4 8 0.44
5 8 0.29
8 6 0.45
7 8 0.52
8 12 0.0131
1 9 0.24
3 9 0.18
4 9 0.25
5 9 0.5
9 6 0.77
7 9 0.45
8 9 0.58
12 9 0.0312
1 10 0.28
3 10 0.2
4 10 0.29
5 10 0.29
10 6 0.45
7 10 0.26
10 8 0.33
10 9 0.58
10 12 0.0225
1 11 0.32
11 2 0.22
3 11 0.27
4 11 0.28
5 11 0.44
11 6 0.68
7 11 0.29
11 8 0.38
11 9 0.65
10 11 0.38
11 12 0.0174
