*Vertices  49
1 "衬底"
2 "LED灯"
3 "电容"
4 "容器"
5 "荧光粉"
6 "工质"
7 "发光荧光材料"
8 "热电分离"
9 "连接管"
10 "硼酸"
11 "LED外延片"
12 "外延片"
13 "外延"
14 "LED"
15 "二极管"
16 "扩散剂"
17 "通道"
18 "LED光源"
19 "腐蚀液"
20 "电子元器件"
21 "基板"
22 "基座"
23 "散热片"
24 "散热器"
25 "硅橡胶"
26 "光刻胶"
27 "SiO2"
28 "半导体"
29 "电路板"
30 "Al2O3"
31 "GaAs"
32 "ITO"
33 "键合"
34 "芯片"
35 "金属层"
36 "冷凝器"
37 "酸盐"
38 "电极"
39 "基色"
40 "散热腔"
41 "激光"
42 "湿法刻蚀"
43 "干法刻蚀"
44 "臭氧"
45 "屏幕"
46 "透镜"
47 "反射层"
48 "甲基"
49 "LED芯片"
*Arcs
49 1 0.0025
49 2 4.0E-4
2 3 0.35
49 3 4.0E-4
2 4 0.19
3 4 0.37
49 4 5.0E-4
1 5 0.32
2 5 0.1
4 5 0.32
49 5 0.0040
2 6 0.14
3 6 0.28
49 6 0.0029
1 7 0.26
2 7 0.16
7 4 0.26
7 5 0.41
49 7 0.0010
2 8 0.2
3 8 0.2
8 6 0.71
49 8 0.0017
2 9 0.14
3 9 0.28
9 6 1.0
8 9 0.71
49 9 0.0029
2 10 0.1
10 4 0.32
10 5 0.5
10 7 0.41
49 10 0.0012
11 1 0.45
49 11 0.0021
12 1 0.77
12 11 0.58
49 12 0.0012
13 1 1.0
13 5 0.32
13 7 0.26
13 11 0.45
13 12 0.77
49 13 0.0025
14 1 0.23
14 2 0.73
14 3 0.37
14 4 0.23
14 5 0.14
14 6 0.1
14 7 0.18
14 8 0.14
14 9 0.1
14 10 0.14
14 11 0.1
14 12 0.18
14 13 0.23
49 14 8.0E-4
15 1 0.26
15 2 0.35
15 3 0.45
15 4 0.26
15 7 0.17
15 10 0.1
15 11 0.15
15 12 0.25
15 13 0.26
15 14 0.7
49 15 2.0E-4
2 16 0.2
4 16 0.32
16 5 0.5
7 16 0.82
10 16 0.5
14 16 0.14
15 16 0.1
49 16 0.0011
1 17 0.18
2 17 0.23
3 17 0.23
17 6 0.41
8 17 0.29
17 9 0.41
12 17 0.24
13 17 0.18
14 17 0.25
15 17 0.24
49 17 7.0E-4
1 18 0.27
2 18 0.3
18 4 0.13
18 5 0.21
18 7 0.17
18 10 0.43
12 18 0.35
13 18 0.27
14 18 0.34
15 18 0.31
18 16 0.21
18 17 0.25
49 18 4.0E-4
19 1 0.45
19 11 1.0
19 12 0.58
19 13 0.45
19 14 0.1
19 15 0.15
49 19 0.0021
2 20 0.14
3 20 0.28
20 6 1.0
8 20 0.71
20 9 1.0
14 20 0.1
20 17 0.41
49 20 0.0029
1 21 0.18
2 21 0.29
3 21 0.45
21 5 0.29
21 6 0.41
21 8 0.29
21 9 0.41
13 21 0.18
14 21 0.25
15 21 0.18
21 17 0.17
21 20 0.41
49 21 0.0019
2 22 0.2
4 22 0.32
22 5 0.5
7 22 0.41
10 22 0.5
14 22 0.14
15 22 0.1
16 22 0.5
17 22 0.29
18 22 0.21
49 22 0.0011
23 2 0.4
23 3 0.09
23 6 0.32
23 8 0.22
23 9 0.32
14 23 0.32
15 23 0.18
23 17 0.26
23 18 0.48
23 20 0.32
23 21 0.26
49 23 4.0E-4
2 24 0.42
3 24 0.33
24 6 0.3
24 8 0.43
24 9 0.3
14 24 0.34
15 24 0.26
24 17 0.12
24 18 0.27
24 20 0.3
24 21 0.49
23 24 0.48
49 24 4.0E-4
2 25 0.1
25 4 0.32
25 5 0.5
25 7 0.41
25 10 1.0
14 25 0.14
15 25 0.1
25 16 0.5
18 25 0.43
25 22 0.5
49 25 0.0012
26 1 0.45
26 11 1.0
26 12 0.58
26 13 0.45
26 14 0.1
26 15 0.15
26 19 1.0
49 26 0.0021
27 1 0.67
27 11 0.5
27 12 0.87
27 13 0.67
27 14 0.2
27 15 0.22
27 17 0.2
27 18 0.3
27 19 0.5
27 26 0.5
49 27 0.0010
28 1 0.58
28 2 0.33
28 3 0.21
28 4 0.35
28 5 0.37
28 7 0.45
28 10 0.37
28 11 0.26
28 12 0.45
28 13 0.58
28 14 0.39
28 15 0.45
28 16 0.37
28 17 0.21
28 18 0.31
28 19 0.26
28 21 0.11
28 22 0.37
28 25 0.37
28 26 0.26
28 27 0.39
49 28 0.0020
2 29 0.4
3 29 0.13
29 4 0.11
29 5 0.17
29 7 0.27
29 8 0.17
10 29 0.17
14 29 0.43
15 29 0.24
29 16 0.33
29 17 0.1
18 29 0.21
29 22 0.17
23 29 0.07
24 29 0.07
25 29 0.17
27 29 0.12
28 29 0.18
49 29 3.0E-4
1 30 0.89
30 5 0.35
30 7 0.29
12 30 0.58
13 30 0.89
14 30 0.2
15 30 0.22
30 17 0.2
18 30 0.3
21 30 0.2
27 30 0.5
28 30 0.52
49 30 0.0010
1 31 0.77
5 31 0.41
12 31 0.67
13 31 0.77
14 31 0.18
15 31 0.17
17 31 0.24
18 31 0.35
21 31 0.24
27 31 0.58
28 31 0.45
30 31 0.87
49 31 0.0011
32 1 0.8
32 7 0.26
32 11 0.45
32 12 0.77
32 13 0.8
32 14 0.23
32 15 0.26
32 17 0.18
32 18 0.27
32 19 0.45
32 26 0.45
32 27 0.67
32 28 0.46
32 30 0.67
32 31 0.52
49 32 8.0E-4
1 33 0.45
5 33 0.71
13 33 0.45
14 33 0.1
21 33 0.41
28 33 0.26
30 33 0.5
33 31 0.58
49 33 0.0019
34 1 0.37
34 2 0.26
34 3 0.4
34 4 0.09
34 5 0.29
34 6 0.2
34 7 0.12
34 8 0.14
34 9 0.2
34 10 0.29
34 11 0.2
34 12 0.35
34 13 0.37
34 14 0.5
34 15 0.42
34 16 0.14
34 17 0.25
34 18 0.31
34 19 0.2
34 20 0.2
34 21 0.17
34 22 0.14
34 23 0.13
34 24 0.12
34 25 0.29
34 26 0.2
34 27 0.31
34 28 0.42
34 29 0.38
34 30 0.31
34 31 0.35
34 32 0.37
34 33 0.2
34 49 0.0021
35 1 0.89
35 7 0.29
35 11 0.5
35 12 0.87
35 13 0.89
35 14 0.2
35 15 0.29
35 17 0.2
35 18 0.3
35 19 0.5
35 26 0.5
35 27 0.75
35 28 0.52
35 30 0.75
35 31 0.58
35 32 0.89
35 34 0.31
35 49 0.0010
2 36 0.14
3 36 0.28
36 6 1.0
8 36 0.71
36 9 1.0
14 36 0.1
36 17 0.41
36 20 1.0
21 36 0.41
23 36 0.32
24 36 0.3
34 36 0.2
49 36 0.0029
2 37 0.08
37 4 0.26
37 5 0.41
37 7 0.33
37 10 0.82
14 37 0.18
15 37 0.17
37 16 0.41
18 37 0.35
37 22 0.41
37 25 0.82
28 37 0.3
37 29 0.27
34 37 0.35
49 37 9.0E-4
38 1 0.67
38 2 0.17
38 3 0.42
38 4 0.27
38 5 0.21
38 7 0.17
38 11 0.3
38 12 0.52
38 13 0.67
38 14 0.34
38 15 0.4
38 17 0.25
38 18 0.18
38 19 0.3
38 21 0.12
38 26 0.3
38 27 0.45
38 28 0.54
38 29 0.07
38 30 0.6
38 31 0.52
38 32 0.67
38 33 0.3
38 34 0.49
38 35 0.6
38 49 0.0012
1 39 0.32
39 5 0.5
13 39 0.32
14 39 0.14
21 39 0.29
27 39 0.35
28 39 0.18
29 39 0.17
30 39 0.35
39 31 0.41
39 33 0.71
34 39 0.14
38 39 0.21
49 39 0.0011
2 40 0.24
3 40 0.16
40 6 0.58
40 8 0.82
40 9 0.58
14 40 0.18
40 17 0.24
40 20 0.58
21 40 0.24
23 40 0.18
24 40 0.35
29 40 0.27
34 40 0.12
40 36 0.58
49 40 0.0012
1 41 0.73
2 41 0.06
41 5 0.29
41 7 0.24
12 41 0.47
13 41 0.73
14 41 0.25
15 41 0.18
41 17 0.17
18 41 0.25
21 41 0.17
27 41 0.41
28 41 0.42
29 41 0.1
41 30 0.82
41 31 0.71
32 41 0.55
41 33 0.41
34 41 0.33
35 41 0.61
38 41 0.49
41 39 0.29
49 41 7.0E-4
42 1 0.77
42 11 0.58
42 12 1.0
42 13 0.77
42 14 0.18
42 15 0.25
42 17 0.24
42 18 0.35
42 19 0.58
42 26 0.58
42 27 0.87
42 28 0.45
42 30 0.58
42 31 0.67
42 32 0.77
42 34 0.35
42 35 0.87
42 38 0.52
42 41 0.47
42 49 0.0012
1 43 0.77
5 43 0.41
12 43 0.67
13 43 0.77
14 43 0.18
15 43 0.17
17 43 0.24
18 43 0.35
21 43 0.24
27 43 0.58
28 43 0.45
30 43 0.87
43 31 1.0
32 43 0.52
43 33 0.58
34 43 0.35
35 43 0.58
38 43 0.52
39 43 0.41
41 43 0.71
42 43 0.67
49 43 0.0011
2 44 0.24
4 44 0.26
44 5 0.41
7 44 0.33
10 44 0.41
14 44 0.18
16 44 0.41
18 44 0.17
44 22 0.41
25 44 0.41
28 44 0.15
29 44 0.14
34 44 0.12
37 44 0.33
49 44 7.0E-4
45 1 0.16
45 2 0.1
45 3 0.1
45 4 0.16
45 11 0.35
45 12 0.2
45 13 0.16
45 14 0.29
45 15 0.1
45 19 0.35
45 26 0.35
45 27 0.35
45 28 0.18
45 29 0.25
45 32 0.16
45 34 0.22
45 35 0.18
45 38 0.21
45 39 0.25
45 41 0.29
45 42 0.2
45 49 4.0E-4
1 46 0.18
46 2 0.23
46 4 0.18
46 5 0.29
46 7 0.47
46 10 0.29
12 46 0.24
13 46 0.18
14 46 0.25
15 46 0.18
46 16 0.58
46 18 0.25
46 21 0.17
46 22 0.29
46 23 0.26
46 25 0.29
27 46 0.2
28 46 0.32
46 29 0.19
46 30 0.2
46 31 0.24
32 46 0.18
34 46 0.17
35 46 0.2
46 37 0.24
38 46 0.12
46 41 0.17
42 46 0.24
46 43 0.24
46 44 0.24
49 46 6.0E-4
47 1 0.67
47 5 0.35
47 7 0.29
47 11 0.5
47 12 0.29
47 13 0.67
47 14 0.2
47 15 0.15
47 19 0.5
47 21 0.2
47 26 0.5
47 27 0.5
47 28 0.39
47 29 0.12
47 30 0.5
47 31 0.29
47 32 0.45
47 33 0.5
47 34 0.2
47 35 0.5
47 38 0.45
47 39 0.71
47 41 0.41
47 42 0.29
47 43 0.29
47 45 0.35
47 49 0.0026
2 48 0.08
48 4 0.26
48 5 0.41
48 7 0.33
48 10 0.82
14 48 0.18
15 48 0.17
48 16 0.41
18 48 0.35
48 22 0.41
48 25 0.82
28 48 0.3
48 29 0.27
34 48 0.35
48 37 1.0
48 44 0.33
46 48 0.24
49 48 9.0E-4
