*Vertices  71
1 "衬底"
2 "LED灯罩"
3 "LED灯"
4 "滤波片"
5 "光纤"
6 "电容"
7 "传感器"
8 "单片机"
9 "开关"
10 "发光荧光材料"
11 "III-V族半导体材料"
12 "GAN"
13 "PD"
14 "引发剂"
15 "变压器"
16 "Zigbee"
17 "阻燃塑料外壳"
18 "EP"
19 "外延片"
20 "外延"
21 "LED"
22 "二极管"
23 "扩散剂"
24 "玻璃"
25 "通道"
26 "LED光源"
27 "塑料"
28 "缩水甘油"
29 "转换器"
30 "铝基板"
31 "晶体振荡器"
32 "导热陶瓷"
33 "基座"
34 "滤光片"
35 "稀释剂"
36 "散热片"
37 "散热器"
38 "密封胶"
39 "SiO2"
40 "半导体"
41 "电路板"
42 "Al2O3"
43 "GaAs"
44 "MQW"
45 "ESD"
46 "ITO"
47 "光子晶体"
48 "芯片"
49 "金属层"
50 "电流扩展层"
51 "酸盐"
52 "离子"
53 "电极"
54 "电阻"
55 "发射模块"
56 "光子晶体谐振腔"
57 "丙酮"
58 "激光"
59 "MOCVD"
60 "湿法刻蚀"
61 "干法刻蚀"
62 "空穴"
63 "射灯"
64 "酯键"
65 "透镜"
66 "甲基"
67 "激发光"
68 "发光管"
69 "导热柱"
70 "插座"
71 "Li"
*Arcs
1 71 8.0E-4
71 2 2.0E-4
3 2 0.2
3 71 4.0E-4
1 4 0.63
71 4 0.0016
1 5 0.52
5 4 0.82
5 71 0.0011
3 6 0.35
6 71 1.0E-4
3 7 0.21
7 5 0.14
6 7 0.14
7 71 1.0E-4
3 8 0.05
6 8 0.2
7 8 0.35
8 71 1.0E-4
9 3 0.37
9 6 0.39
9 7 0.26
9 8 0.12
9 71 2.0E-4
1 10 0.26
3 10 0.16
10 71 2.0E-4
1 11 0.63
11 4 1.0
5 11 0.82
71 11 0.0016
1 12 0.63
12 4 1.0
5 12 0.82
12 11 1.0
71 12 0.0016
1 13 0.63
13 4 1.0
5 13 0.82
13 11 1.0
13 12 1.0
71 13 0.0016
14 71 4.0E-4
3 15 0.31
6 15 0.61
9 15 0.33
15 14 0.22
15 71 1.0E-4
6 16 0.28
7 16 0.25
8 16 0.35
9 16 0.17
71 16 6.0E-4
3 17 0.14
9 17 0.17
15 17 0.32
71 17 4.0E-4
18 14 1.0
18 15 0.22
18 71 4.0E-4
19 1 0.77
19 4 0.82
19 5 0.67
19 11 0.82
19 12 0.82
19 13 0.82
19 71 0.0012
20 1 1.0
20 4 0.63
20 5 0.52
20 10 0.26
20 11 0.63
20 12 0.63
20 13 0.63
20 19 0.77
20 71 8.0E-4
21 1 0.23
21 2 0.14
21 3 0.73
21 4 0.14
21 5 0.18
21 6 0.37
21 7 0.41
21 8 0.29
21 9 0.58
21 10 0.18
21 11 0.14
21 12 0.14
21 13 0.14
21 14 0.14
21 15 0.32
21 16 0.1
21 17 0.1
21 18 0.14
21 19 0.18
21 20 0.23
21 71 8.0E-4
22 1 0.26
22 2 0.1
22 3 0.35
22 4 0.21
22 5 0.25
22 6 0.45
22 7 0.29
22 8 0.21
22 9 0.58
22 10 0.17
22 11 0.21
22 12 0.21
22 13 0.21
22 14 0.21
22 15 0.42
22 16 0.15
22 17 0.15
22 18 0.21
22 19 0.25
22 20 0.26
22 21 0.7
22 71 0.0013
3 23 0.2
10 23 0.82
21 23 0.14
22 23 0.1
71 23 2.0E-4
1 24 0.22
3 24 0.27
24 4 0.34
5 24 0.28
6 24 0.07
7 24 0.06
24 8 0.17
9 24 0.17
24 11 0.34
24 12 0.34
24 13 0.34
24 14 0.34
24 15 0.08
24 18 0.34
19 24 0.28
20 24 0.22
21 24 0.42
22 24 0.32
24 71 7.0E-4
1 25 0.18
3 25 0.23
25 4 0.29
5 25 0.24
6 25 0.23
7 25 0.1
9 25 0.07
25 11 0.29
25 12 0.29
25 13 0.29
19 25 0.24
20 25 0.18
21 25 0.25
22 25 0.24
24 25 0.2
71 25 6.0E-4
1 26 0.27
3 26 0.3
26 4 0.43
26 5 0.35
26 8 0.11
9 26 0.05
26 10 0.17
26 11 0.43
26 12 0.43
26 13 0.43
26 14 0.21
26 15 0.1
26 18 0.21
19 26 0.35
20 26 0.27
21 26 0.34
22 26 0.31
26 23 0.21
26 24 0.29
26 25 0.25
26 71 7.0E-4
27 2 0.2
3 27 0.36
27 7 0.14
27 8 0.1
9 27 0.15
27 15 0.09
27 17 0.29
21 27 0.35
22 27 0.21
27 24 0.28
27 25 0.24
27 26 0.17
27 71 6.0E-4
28 14 1.0
28 15 0.22
28 18 1.0
21 28 0.14
22 28 0.21
28 24 0.34
26 28 0.21
28 71 4.0E-4
3 29 0.07
29 6 0.28
29 7 0.25
29 8 0.18
9 29 0.26
29 16 0.5
21 29 0.2
22 29 0.22
29 71 2.0E-4
2 30 0.32
3 30 0.31
6 30 0.12
9 30 0.16
15 30 0.28
30 17 0.45
21 30 0.23
22 30 0.26
25 30 0.18
27 30 0.39
71 30 0.0012
6 31 0.28
7 31 0.25
8 31 0.35
9 31 0.17
31 16 1.0
21 31 0.1
22 31 0.15
29 31 0.5
71 31 6.0E-4
3 32 0.14
21 32 0.1
22 32 0.15
25 32 0.41
27 32 0.29
32 30 0.45
71 32 6.0E-4
3 33 0.2
10 33 0.41
21 33 0.14
22 33 0.1
23 33 0.5
25 33 0.29
26 33 0.21
27 33 0.2
33 30 0.32
33 32 0.71
71 33 5.0E-4
1 34 0.52
34 4 0.82
5 34 0.67
34 8 0.2
9 34 0.1
34 11 0.82
34 12 0.82
34 13 0.82
19 34 0.67
20 34 0.52
21 34 0.18
22 34 0.25
24 34 0.28
34 25 0.24
26 34 0.52
34 71 0.0011
35 14 1.0
35 15 0.22
35 18 1.0
21 35 0.14
22 35 0.21
35 24 0.34
26 35 0.21
35 28 1.0
35 71 4.0E-4
36 3 0.4
36 6 0.09
36 9 0.11
21 36 0.32
22 36 0.18
36 24 0.15
36 25 0.26
36 26 0.48
36 27 0.18
36 30 0.14
36 71 1.0E-4
3 37 0.42
6 37 0.33
37 15 0.29
21 37 0.34
22 37 0.26
37 24 0.07
37 25 0.12
37 26 0.27
37 27 0.09
37 30 0.13
36 37 0.48
37 71 0.0
38 3 0.24
38 9 0.1
21 38 0.18
22 38 0.08
38 24 0.14
38 25 0.24
38 27 0.17
38 30 0.26
38 32 0.58
38 33 0.41
38 36 0.18
38 71 3.0E-4
39 1 0.67
39 4 0.71
39 5 0.58
39 11 0.71
39 12 0.71
39 13 0.71
39 19 0.87
39 20 0.67
39 21 0.2
39 22 0.22
39 24 0.36
39 25 0.2
39 26 0.3
39 27 0.14
39 34 0.58
39 71 9.0E-4
40 1 0.58
40 2 0.18
40 3 0.33
40 4 0.37
40 5 0.3
40 6 0.21
40 9 0.18
40 10 0.45
40 11 0.37
40 12 0.37
40 13 0.37
40 14 0.18
40 15 0.33
40 17 0.26
40 18 0.18
40 19 0.45
40 20 0.58
40 21 0.39
40 22 0.45
40 23 0.37
40 24 0.25
40 25 0.21
40 26 0.31
40 27 0.22
40 28 0.18
40 29 0.13
40 30 0.35
40 32 0.26
40 33 0.37
40 34 0.3
40 35 0.18
40 38 0.3
40 39 0.39
40 71 0.0020
3 41 0.4
6 41 0.13
7 41 0.12
41 8 0.17
9 41 0.12
41 10 0.27
14 41 0.17
18 41 0.17
21 41 0.43
22 41 0.24
41 23 0.33
24 41 0.4
41 25 0.1
26 41 0.21
27 41 0.2
28 41 0.17
41 33 0.17
41 34 0.14
35 41 0.17
36 41 0.07
37 41 0.07
38 41 0.14
39 41 0.12
40 41 0.18
41 71 2.0E-4
1 42 0.89
42 4 0.71
5 42 0.58
42 10 0.29
42 11 0.71
42 12 0.71
42 13 0.71
19 42 0.58
20 42 0.89
21 42 0.2
22 42 0.22
24 42 0.24
42 25 0.2
26 42 0.3
34 42 0.58
39 42 0.5
40 42 0.52
42 71 9.0E-4
1 43 0.77
43 4 0.82
5 43 0.67
43 11 0.82
43 12 0.82
43 13 0.82
19 43 0.67
20 43 0.77
21 43 0.18
22 43 0.17
24 43 0.28
25 43 0.24
26 43 0.35
34 43 0.67
39 43 0.58
40 43 0.45
42 43 0.87
71 43 0.0011
1 44 0.63
44 4 1.0
5 44 0.82
44 11 1.0
44 12 1.0
44 13 1.0
19 44 0.82
20 44 0.63
21 44 0.14
22 44 0.21
24 44 0.34
25 44 0.29
26 44 0.43
34 44 0.82
39 44 0.71
40 44 0.37
42 44 0.71
43 44 0.82
71 44 0.0016
6 45 0.28
7 45 0.25
8 45 0.35
9 45 0.17
45 16 1.0
21 45 0.1
22 45 0.15
29 45 0.5
45 31 1.0
71 45 6.0E-4
46 1 0.8
46 4 0.63
46 5 0.52
46 10 0.26
46 11 0.63
46 12 0.63
46 13 0.63
46 19 0.77
46 20 0.8
46 21 0.23
46 22 0.26
46 24 0.22
46 25 0.18
46 26 0.27
46 34 0.52
46 39 0.67
46 40 0.46
46 42 0.67
46 43 0.52
46 44 0.63
46 71 8.0E-4
1 47 0.63
47 4 1.0
5 47 0.82
47 11 1.0
47 12 1.0
47 13 1.0
19 47 0.82
20 47 0.63
21 47 0.14
22 47 0.21
24 47 0.34
25 47 0.29
26 47 0.43
34 47 0.82
39 47 0.71
40 47 0.37
42 47 0.71
43 47 0.82
47 44 1.0
46 47 0.63
71 47 0.0016
48 1 0.37
48 3 0.26
48 4 0.29
48 5 0.24
48 6 0.4
48 7 0.31
48 8 0.29
48 9 0.28
48 10 0.12
48 11 0.29
48 12 0.29
48 13 0.29
48 14 0.29
48 15 0.13
48 16 0.2
48 18 0.29
48 19 0.35
48 20 0.37
48 21 0.5
48 22 0.42
48 23 0.14
48 24 0.3
48 25 0.25
48 26 0.31
48 27 0.06
48 28 0.29
48 29 0.31
48 30 0.18
48 31 0.2
48 33 0.14
48 34 0.35
48 35 0.29
48 36 0.13
48 37 0.12
48 38 0.12
48 39 0.31
48 40 0.42
48 41 0.38
48 42 0.31
48 43 0.35
48 44 0.29
48 45 0.2
48 46 0.37
48 47 0.29
48 71 8.0E-4
49 1 0.89
49 4 0.71
49 5 0.58
49 10 0.29
49 11 0.71
49 12 0.71
49 13 0.71
49 19 0.87
49 20 0.89
49 21 0.2
49 22 0.29
49 24 0.24
49 25 0.2
49 26 0.3
49 34 0.58
49 39 0.75
49 40 0.52
49 42 0.75
49 43 0.58
49 44 0.71
49 46 0.89
49 47 0.71
49 48 0.31
49 71 9.0E-4
1 50 0.63
50 4 1.0
5 50 0.82
50 11 1.0
50 12 1.0
50 13 1.0
19 50 0.82
20 50 0.63
21 50 0.14
22 50 0.21
24 50 0.34
25 50 0.29
26 50 0.43
34 50 0.82
39 50 0.71
40 50 0.37
42 50 0.71
43 50 0.82
50 44 1.0
46 50 0.63
50 47 1.0
48 50 0.29
49 50 0.71
71 50 0.0016
3 51 0.08
51 10 0.33
51 14 0.82
51 15 0.18
51 18 0.82
21 51 0.18
22 51 0.17
51 23 0.41
51 24 0.28
26 51 0.35
51 28 0.82
51 33 0.41
51 35 0.82
40 51 0.3
51 41 0.27
48 51 0.35
51 71 3.0E-4
1 52 0.32
3 52 0.1
52 4 0.5
5 52 0.41
52 11 0.5
52 12 0.5
52 13 0.5
52 14 0.5
52 15 0.11
52 18 0.5
19 52 0.41
20 52 0.32
21 52 0.29
22 52 0.21
52 24 0.34
52 25 0.14
26 52 0.32
52 28 0.5
29 52 0.18
52 34 0.41
52 35 0.5
39 52 0.35
40 52 0.27
52 41 0.17
52 42 0.35
52 43 0.41
52 44 0.5
46 52 0.32
52 47 0.5
48 52 0.29
49 52 0.35
52 50 0.5
52 51 0.41
52 71 9.0E-4
53 1 0.67
53 3 0.17
53 4 0.43
53 5 0.35
53 6 0.42
53 7 0.08
53 9 0.26
53 10 0.17
53 11 0.43
53 12 0.43
53 13 0.43
53 15 0.29
53 19 0.52
53 20 0.67
53 21 0.34
53 22 0.4
53 24 0.22
53 25 0.25
53 26 0.18
53 29 0.15
53 30 0.13
53 34 0.35
53 39 0.45
53 40 0.54
53 41 0.07
53 42 0.6
53 43 0.52
53 44 0.43
53 46 0.67
53 47 0.43
53 48 0.49
53 49 0.6
53 50 0.43
53 52 0.21
53 71 5.0E-4
1 54 0.11
3 54 0.27
54 4 0.17
54 5 0.14
54 6 0.81
54 7 0.24
54 8 0.26
9 54 0.46
54 11 0.17
54 12 0.17
54 13 0.17
54 15 0.54
54 16 0.24
19 54 0.14
20 54 0.11
21 54 0.42
22 54 0.57
54 24 0.12
54 25 0.3
54 26 0.15
54 29 0.36
54 30 0.11
54 31 0.24
54 34 0.28
54 37 0.22
39 54 0.12
40 54 0.25
54 41 0.17
54 42 0.12
54 43 0.14
54 44 0.17
54 45 0.24
46 54 0.11
54 47 0.17
48 54 0.5
49 54 0.12
54 50 0.17
54 52 0.09
53 54 0.44
54 71 3.0E-4
6 55 0.28
7 55 0.25
8 55 0.35
9 55 0.17
55 16 1.0
21 55 0.1
22 55 0.15
29 55 0.5
55 31 1.0
55 45 1.0
48 55 0.2
54 55 0.24
71 55 6.0E-4
1 56 0.63
56 4 1.0
5 56 0.82
56 11 1.0
56 12 1.0
56 13 1.0
19 56 0.82
20 56 0.63
21 56 0.14
22 56 0.21
24 56 0.34
25 56 0.29
26 56 0.43
34 56 0.82
39 56 0.71
40 56 0.37
42 56 0.71
43 56 0.82
56 44 1.0
46 56 0.63
56 47 1.0
48 56 0.29
49 56 0.71
56 50 1.0
52 56 0.5
53 56 0.43
54 56 0.17
71 56 0.0016
57 14 1.0
57 15 0.22
57 18 1.0
21 57 0.14
22 57 0.21
57 24 0.34
26 57 0.21
57 28 1.0
57 35 1.0
40 57 0.18
57 41 0.17
48 57 0.29
57 51 0.82
57 52 0.5
57 71 4.0E-4
1 58 0.73
3 58 0.06
58 4 0.58
5 58 0.47
7 58 0.1
8 58 0.14
58 10 0.24
58 11 0.58
58 12 0.58
58 13 0.58
19 58 0.47
20 58 0.73
21 58 0.25
22 58 0.18
24 58 0.2
58 25 0.17
26 58 0.25
27 58 0.12
34 58 0.47
39 58 0.41
40 58 0.42
41 58 0.1
58 42 0.82
58 43 0.71
58 44 0.58
46 58 0.55
58 47 0.58
48 58 0.33
49 58 0.61
58 50 0.58
52 58 0.29
53 58 0.49
54 58 0.1
58 56 0.58
58 71 7.0E-4
1 59 0.63
59 4 1.0
5 59 0.82
59 11 1.0
59 12 1.0
59 13 1.0
19 59 0.82
20 59 0.63
21 59 0.14
22 59 0.21
24 59 0.34
25 59 0.29
26 59 0.43
34 59 0.82
39 59 0.71
40 59 0.37
42 59 0.71
43 59 0.82
59 44 1.0
46 59 0.63
59 47 1.0
48 59 0.29
49 59 0.71
59 50 1.0
52 59 0.5
53 59 0.43
54 59 0.17
59 56 1.0
58 59 0.58
71 59 0.0016
60 1 0.77
60 4 0.82
60 5 0.67
60 11 0.82
60 12 0.82
60 13 0.82
60 19 1.0
60 20 0.77
60 21 0.18
60 22 0.25
60 24 0.28
60 25 0.24
60 26 0.35
60 34 0.67
60 39 0.87
60 40 0.45
60 42 0.58
60 43 0.67
60 44 0.82
60 46 0.77
60 47 0.82
60 48 0.35
60 49 0.87
60 50 0.82
60 52 0.41
60 53 0.52
60 54 0.14
60 56 0.82
60 58 0.47
60 59 0.82
60 71 0.0012
1 61 0.77
61 4 0.82
5 61 0.67
61 11 0.82
61 12 0.82
61 13 0.82
19 61 0.67
20 61 0.77
21 61 0.18
22 61 0.17
24 61 0.28
25 61 0.24
26 61 0.35
34 61 0.67
39 61 0.58
40 61 0.45
42 61 0.87
61 43 1.0
61 44 0.82
46 61 0.52
61 47 0.82
48 61 0.35
49 61 0.58
61 50 0.82
52 61 0.41
53 61 0.52
54 61 0.14
61 56 0.82
58 61 0.71
61 59 0.82
60 61 0.67
71 61 0.0011
2 62 0.41
3 62 0.24
9 62 0.1
15 62 0.18
62 17 0.58
21 62 0.18
22 62 0.25
25 62 0.24
27 62 0.5
62 30 0.77
62 32 0.58
33 62 0.41
38 62 0.33
40 62 0.45
71 62 0.0017
63 2 0.35
3 63 0.28
6 63 0.28
7 63 0.13
9 63 0.09
15 63 0.16
21 63 0.2
22 63 0.29
24 63 0.12
63 25 0.41
27 63 0.29
63 30 0.45
63 32 0.5
63 33 0.35
37 63 0.15
38 63 0.29
40 63 0.26
63 41 0.12
48 63 0.1
53 63 0.15
54 63 0.24
63 62 0.58
63 71 7.0E-4
14 64 0.71
18 64 0.71
21 64 0.1
22 64 0.15
24 64 0.24
28 64 0.71
35 64 0.71
41 64 0.24
48 64 0.2
51 64 0.58
52 64 0.35
57 64 0.71
71 64 4.0E-4
1 65 0.18
65 3 0.23
65 4 0.29
65 5 0.24
65 7 0.1
65 9 0.07
65 10 0.47
65 11 0.29
65 12 0.29
65 13 0.29
19 65 0.24
20 65 0.18
21 65 0.25
22 65 0.18
65 23 0.58
65 24 0.1
65 26 0.25
65 33 0.29
65 34 0.24
65 36 0.26
65 38 0.24
39 65 0.2
40 65 0.32
65 41 0.19
65 42 0.2
65 43 0.24
65 44 0.29
46 65 0.18
65 47 0.29
48 65 0.17
49 65 0.2
65 50 0.29
65 51 0.24
65 52 0.14
53 65 0.12
65 56 0.29
65 58 0.17
65 59 0.29
60 65 0.24
65 61 0.24
65 71 4.0E-4
3 66 0.08
66 10 0.33
66 14 0.82
66 15 0.18
66 18 0.82
21 66 0.18
22 66 0.17
66 23 0.41
66 24 0.28
26 66 0.35
66 28 0.82
66 33 0.41
66 35 0.82
40 66 0.3
66 41 0.27
48 66 0.35
66 51 1.0
66 52 0.41
66 57 0.82
66 64 0.58
65 66 0.24
66 71 3.0E-4
1 67 0.63
67 4 1.0
5 67 0.82
67 11 1.0
67 12 1.0
67 13 1.0
19 67 0.82
20 67 0.63
21 67 0.14
22 67 0.21
24 67 0.34
25 67 0.29
26 67 0.43
34 67 0.82
39 67 0.71
40 67 0.37
42 67 0.71
43 67 0.82
67 44 1.0
46 67 0.63
67 47 1.0
48 67 0.29
49 67 0.71
67 50 1.0
52 67 0.5
53 67 0.43
54 67 0.17
67 56 1.0
58 67 0.58
67 59 1.0
60 67 0.82
61 67 0.82
65 67 0.29
71 67 0.0016
68 2 0.27
3 68 0.32
6 68 0.1
7 68 0.09
9 68 0.33
15 68 0.24
68 17 0.38
21 68 0.27
22 68 0.28
68 25 0.15
27 68 0.44
68 30 0.68
68 32 0.38
68 33 0.27
38 68 0.22
40 68 0.29
48 68 0.08
53 68 0.11
54 68 0.09
68 62 0.65
63 68 0.38
68 71 9.0E-4
3 69 0.14
21 69 0.1
22 69 0.15
25 69 0.41
27 69 0.29
69 30 0.45
69 32 1.0
33 69 0.71
38 69 0.58
40 69 0.26
69 62 0.58
63 69 0.5
68 69 0.38
71 69 6.0E-4
3 70 0.07
6 70 0.14
7 70 0.25
8 70 0.35
9 70 0.26
70 16 0.5
21 70 0.2
22 70 0.22
24 70 0.12
29 70 0.25
70 31 0.5
36 70 0.16
70 45 0.5
48 70 0.1
54 70 0.12
70 55 0.5
71 70 2.0E-4
