*Vertices  46
1 "LED显示屏"
2 "衬底"
3 "滤波片"
4 "光纤"
5 "叶片"
6 "III-V族半导体材料"
7 "GAN"
8 "PD"
9 "LED外延片"
10 "外延片"
11 "外延"
12 "LED"
13 "二极管"
14 "玻璃"
15 "通道"
16 "LED光源"
17 "塑料"
18 "腐蚀液"
19 "滤光片"
20 "光刻胶"
21 "半导体"
22 "电路板"
23 "Al2O3"
24 "GaAs"
25 "MQW"
26 "ITO"
27 "光子晶体"
28 "LED芯片"
29 "芯片"
30 "金属层"
31 "电流扩展层"
32 "Li"
33 "离子"
34 "电极"
35 "电阻"
36 "基色"
37 "光子晶体谐振腔"
38 "激光"
39 "MOCVD"
40 "湿法刻蚀"
41 "干法刻蚀"
42 "屏幕"
43 "透镜"
44 "反射层"
45 "激发光"
46 "SiO2"
*Arcs
46 1 2.0E-4
46 2 0.0034
2 3 0.63
46 3 0.0034
2 4 0.52
4 3 0.82
46 4 0.0023
5 1 0.58
46 5 4.0E-4
2 6 0.63
6 3 1.0
4 6 0.82
46 6 0.0034
2 7 0.63
7 3 1.0
4 7 0.82
7 6 1.0
46 7 0.0034
2 8 0.63
8 3 1.0
4 8 0.82
8 6 1.0
8 7 1.0
46 8 0.0034
9 2 0.45
46 9 0.0012
10 2 0.77
10 3 0.82
10 4 0.67
10 6 0.82
10 7 0.82
10 8 0.82
10 9 0.58
46 10 0.0048
11 2 1.0
11 3 0.63
11 4 0.52
11 6 0.63
11 7 0.63
11 8 0.63
11 9 0.45
11 10 0.77
46 11 0.0034
12 1 0.25
12 2 0.23
12 3 0.14
12 4 0.18
12 5 0.14
12 6 0.14
12 7 0.14
12 8 0.14
12 9 0.1
12 10 0.18
12 11 0.23
46 12 4.0E-4
13 2 0.26
13 3 0.21
13 4 0.25
13 6 0.21
13 7 0.21
13 8 0.21
13 9 0.15
13 10 0.25
13 11 0.26
13 12 0.7
46 13 4.0E-4
14 1 0.3
2 14 0.22
14 3 0.34
4 14 0.28
14 5 0.34
14 6 0.34
14 7 0.34
14 8 0.34
10 14 0.28
11 14 0.22
12 14 0.42
13 14 0.32
46 14 8.0E-4
2 15 0.18
15 3 0.29
4 15 0.24
15 6 0.29
15 7 0.29
15 8 0.29
10 15 0.24
11 15 0.18
12 15 0.25
13 15 0.24
14 15 0.2
46 15 3.0E-4
2 16 0.27
16 3 0.43
16 4 0.35
16 6 0.43
16 7 0.43
16 8 0.43
10 16 0.35
11 16 0.27
12 16 0.34
13 16 0.31
16 14 0.29
16 15 0.25
46 16 7.0E-4
17 1 0.12
17 5 0.2
12 17 0.35
13 17 0.21
17 14 0.28
17 15 0.24
17 16 0.17
46 17 1.0E-4
18 2 0.45
18 9 1.0
18 10 0.58
18 11 0.45
18 12 0.1
18 13 0.15
46 18 0.0012
2 19 0.52
19 3 0.82
4 19 0.67
19 6 0.82
19 7 0.82
19 8 0.82
10 19 0.67
11 19 0.52
12 19 0.18
13 19 0.25
14 19 0.28
19 15 0.24
16 19 0.52
46 19 0.0024
20 2 0.45
20 9 1.0
20 10 0.58
20 11 0.45
20 12 0.1
20 13 0.15
20 18 1.0
46 20 0.0012
21 1 0.11
21 2 0.58
21 3 0.37
21 4 0.3
21 5 0.18
21 6 0.37
21 7 0.37
21 8 0.37
21 9 0.26
21 10 0.45
21 11 0.58
21 12 0.39
21 13 0.45
21 14 0.25
21 15 0.21
21 16 0.31
21 17 0.22
21 18 0.26
21 19 0.3
21 20 0.26
21 46 0.0014
22 1 0.19
22 5 0.33
12 22 0.43
13 22 0.24
14 22 0.4
22 15 0.1
16 22 0.21
17 22 0.2
22 19 0.14
21 22 0.18
46 22 1.0E-4
2 23 0.89
23 3 0.71
4 23 0.58
23 6 0.71
23 7 0.71
23 8 0.71
10 23 0.58
11 23 0.89
12 23 0.2
13 23 0.22
14 23 0.24
23 15 0.2
16 23 0.3
19 23 0.58
21 23 0.52
46 23 0.0022
2 24 0.77
24 3 0.82
4 24 0.67
24 6 0.82
24 7 0.82
24 8 0.82
10 24 0.67
11 24 0.77
12 24 0.18
13 24 0.17
14 24 0.28
15 24 0.24
16 24 0.35
19 24 0.67
21 24 0.45
23 24 0.87
46 24 0.0027
2 25 0.63
25 3 1.0
4 25 0.82
25 6 1.0
25 7 1.0
25 8 1.0
10 25 0.82
11 25 0.63
12 25 0.14
13 25 0.21
14 25 0.34
15 25 0.29
16 25 0.43
19 25 0.82
21 25 0.37
23 25 0.71
24 25 0.82
46 25 0.0034
26 2 0.8
26 3 0.63
26 4 0.52
26 6 0.63
26 7 0.63
26 8 0.63
26 9 0.45
26 10 0.77
26 11 0.8
26 12 0.23
26 13 0.26
26 14 0.22
26 15 0.18
26 16 0.27
26 18 0.45
26 19 0.52
26 20 0.45
26 21 0.46
26 23 0.67
26 24 0.52
26 25 0.63
26 46 0.0031
2 27 0.63
27 3 1.0
4 27 0.82
27 6 1.0
27 7 1.0
27 8 1.0
10 27 0.82
11 27 0.63
12 27 0.14
13 27 0.21
14 27 0.34
15 27 0.29
16 27 0.43
19 27 0.82
21 27 0.37
23 27 0.71
24 27 0.82
27 25 1.0
26 27 0.63
46 27 0.0034
28 2 0.45
28 9 0.5
28 10 0.29
28 11 0.45
28 12 0.2
28 13 0.07
28 15 0.2
28 16 0.15
28 18 0.5
28 20 0.5
28 21 0.39
28 22 0.12
28 23 0.25
28 24 0.29
28 26 0.22
28 46 5.0E-4
29 1 0.08
29 2 0.37
29 3 0.29
29 4 0.24
29 5 0.14
29 6 0.29
29 7 0.29
29 8 0.29
29 9 0.2
29 10 0.35
29 11 0.37
29 12 0.5
29 13 0.42
29 14 0.3
29 15 0.25
29 16 0.31
29 17 0.06
29 18 0.2
29 19 0.35
29 20 0.2
29 21 0.42
29 22 0.38
29 23 0.31
29 24 0.35
29 25 0.29
29 26 0.37
29 27 0.29
29 28 0.41
29 46 8.0E-4
30 2 0.89
30 3 0.71
30 4 0.58
30 6 0.71
30 7 0.71
30 8 0.71
30 9 0.5
30 10 0.87
30 11 0.89
30 12 0.2
30 13 0.29
30 14 0.24
30 15 0.2
30 16 0.3
30 18 0.5
30 19 0.58
30 20 0.5
30 21 0.52
30 23 0.75
30 24 0.58
30 25 0.71
30 26 0.89
30 27 0.71
30 28 0.25
30 29 0.31
30 46 0.0039
2 31 0.63
31 3 1.0
4 31 0.82
31 6 1.0
31 7 1.0
31 8 1.0
10 31 0.82
11 31 0.63
12 31 0.14
13 31 0.21
14 31 0.34
15 31 0.29
16 31 0.43
19 31 0.82
21 31 0.37
23 31 0.71
24 31 0.82
31 25 1.0
26 31 0.63
31 27 1.0
29 31 0.29
30 31 0.71
46 31 0.0034
2 32 0.3
32 3 0.47
4 32 0.38
32 6 0.47
32 7 0.47
32 8 0.47
10 32 0.38
11 32 0.3
12 32 0.3
13 32 0.44
14 32 0.32
32 15 0.27
16 32 0.3
17 32 0.29
19 32 0.38
21 32 0.52
22 32 0.16
23 32 0.33
32 24 0.38
32 25 0.47
26 32 0.3
32 27 0.47
29 32 0.27
30 32 0.33
32 31 0.47
46 32 8.0E-4
33 1 0.29
2 33 0.32
33 3 0.5
4 33 0.41
33 6 0.5
33 7 0.5
33 8 0.5
10 33 0.41
11 33 0.32
12 33 0.29
13 33 0.21
33 14 0.34
33 15 0.14
16 33 0.32
33 19 0.41
21 33 0.27
33 22 0.17
33 23 0.35
33 24 0.41
33 25 0.5
26 33 0.32
33 27 0.5
29 33 0.29
30 33 0.35
33 31 0.5
33 32 0.35
46 33 9.0E-4
34 2 0.67
34 3 0.43
34 4 0.35
34 6 0.43
34 7 0.43
34 8 0.43
34 9 0.3
34 10 0.52
34 11 0.67
34 12 0.34
34 13 0.4
34 14 0.22
34 15 0.25
34 16 0.18
34 18 0.3
34 19 0.35
34 20 0.3
34 21 0.54
34 22 0.07
34 23 0.6
34 24 0.52
34 25 0.43
34 26 0.67
34 27 0.43
34 28 0.3
34 29 0.49
34 30 0.6
34 31 0.43
34 32 0.2
34 33 0.21
34 46 0.0017
2 35 0.11
35 3 0.17
35 4 0.14
35 6 0.17
35 7 0.17
35 8 0.17
10 35 0.14
11 35 0.11
12 35 0.42
13 35 0.57
35 14 0.12
35 15 0.3
35 16 0.15
35 19 0.28
21 35 0.25
35 22 0.17
35 23 0.12
35 24 0.14
35 25 0.17
26 35 0.11
35 27 0.17
29 35 0.5
30 35 0.12
35 31 0.17
35 32 0.16
35 33 0.09
34 35 0.44
46 35 1.0E-4
36 1 0.29
2 36 0.32
36 5 0.5
11 36 0.32
12 36 0.14
14 36 0.17
17 36 0.2
21 36 0.18
22 36 0.17
23 36 0.35
36 24 0.41
28 36 0.35
29 36 0.14
34 36 0.21
46 36 5.0E-4
2 37 0.63
37 3 1.0
4 37 0.82
37 6 1.0
37 7 1.0
37 8 1.0
10 37 0.82
11 37 0.63
12 37 0.14
13 37 0.21
14 37 0.34
15 37 0.29
16 37 0.43
19 37 0.82
21 37 0.37
23 37 0.71
24 37 0.82
37 25 1.0
26 37 0.63
37 27 1.0
29 37 0.29
30 37 0.71
37 31 1.0
32 37 0.47
33 37 0.5
34 37 0.43
35 37 0.17
46 37 0.0034
2 38 0.73
38 3 0.58
4 38 0.47
38 6 0.58
38 7 0.58
38 8 0.58
10 38 0.47
11 38 0.73
12 38 0.25
13 38 0.18
14 38 0.2
38 15 0.17
16 38 0.25
17 38 0.12
19 38 0.47
21 38 0.42
22 38 0.1
38 23 0.82
38 24 0.71
38 25 0.58
26 38 0.55
38 27 0.58
28 38 0.2
29 38 0.33
30 38 0.61
38 31 0.58
38 32 0.27
33 38 0.29
34 38 0.49
35 38 0.1
38 36 0.29
38 37 0.58
46 38 0.0015
2 39 0.63
39 3 1.0
4 39 0.82
39 6 1.0
39 7 1.0
39 8 1.0
10 39 0.82
11 39 0.63
12 39 0.14
13 39 0.21
14 39 0.34
15 39 0.29
16 39 0.43
19 39 0.82
21 39 0.37
23 39 0.71
24 39 0.82
39 25 1.0
26 39 0.63
39 27 1.0
29 39 0.29
30 39 0.71
39 31 1.0
32 39 0.47
33 39 0.5
34 39 0.43
35 39 0.17
39 37 1.0
38 39 0.58
46 39 0.0034
40 2 0.77
40 3 0.82
40 4 0.67
40 6 0.82
40 7 0.82
40 8 0.82
40 9 0.58
40 10 1.0
40 11 0.77
40 12 0.18
40 13 0.25
40 14 0.28
40 15 0.24
40 16 0.35
40 18 0.58
40 19 0.67
40 20 0.58
40 21 0.45
40 23 0.58
40 24 0.67
40 25 0.82
40 26 0.77
40 27 0.82
40 28 0.29
40 29 0.35
40 30 0.87
40 31 0.82
40 32 0.38
40 33 0.41
40 34 0.52
40 35 0.14
40 37 0.82
40 38 0.47
40 39 0.82
40 46 0.0048
2 41 0.77
41 3 0.82
4 41 0.67
41 6 0.82
41 7 0.82
41 8 0.82
10 41 0.67
11 41 0.77
12 41 0.18
13 41 0.17
14 41 0.28
15 41 0.24
16 41 0.35
19 41 0.67
21 41 0.45
23 41 0.87
41 24 1.0
41 25 0.82
26 41 0.52
41 27 0.82
28 41 0.29
29 41 0.35
30 41 0.58
41 31 0.82
32 41 0.38
33 41 0.41
34 41 0.52
35 41 0.14
36 41 0.41
41 37 0.82
38 41 0.71
41 39 0.82
40 41 0.67
46 41 0.0027
42 1 0.58
42 2 0.16
42 5 0.5
42 9 0.35
42 10 0.2
42 11 0.16
42 12 0.29
42 13 0.1
42 14 0.17
42 17 0.2
42 18 0.35
42 20 0.35
42 21 0.18
42 22 0.25
42 26 0.16
42 28 0.18
42 29 0.22
42 30 0.18
42 33 0.13
42 34 0.21
42 35 0.09
42 36 0.25
42 38 0.29
42 40 0.2
42 46 6.0E-4
2 43 0.18
43 3 0.29
43 4 0.24
43 6 0.29
43 7 0.29
43 8 0.29
10 43 0.24
11 43 0.18
12 43 0.25
13 43 0.18
43 14 0.1
43 16 0.25
43 19 0.24
21 43 0.32
43 22 0.19
43 23 0.2
43 24 0.24
43 25 0.29
26 43 0.18
43 27 0.29
28 43 0.2
29 43 0.17
30 43 0.2
43 31 0.29
43 32 0.27
43 33 0.14
34 43 0.12
43 37 0.29
43 38 0.17
43 39 0.29
40 43 0.24
43 41 0.24
46 43 3.0E-4
44 1 0.2
44 2 0.67
44 5 0.35
44 9 0.5
44 10 0.29
44 11 0.67
44 12 0.2
44 13 0.15
44 14 0.12
44 17 0.14
44 18 0.5
44 20 0.5
44 21 0.39
44 22 0.12
44 23 0.5
44 24 0.29
44 26 0.45
44 28 0.5
44 29 0.2
44 30 0.5
44 34 0.45
44 36 0.71
44 38 0.41
44 40 0.29
44 41 0.29
44 42 0.35
44 46 0.0014
2 45 0.63
45 3 1.0
4 45 0.82
45 6 1.0
45 7 1.0
45 8 1.0
10 45 0.82
11 45 0.63
12 45 0.14
13 45 0.21
14 45 0.34
15 45 0.29
16 45 0.43
19 45 0.82
21 45 0.37
23 45 0.71
24 45 0.82
45 25 1.0
26 45 0.63
45 27 1.0
29 45 0.29
30 45 0.71
45 31 1.0
32 45 0.47
33 45 0.5
34 45 0.43
35 45 0.17
45 37 1.0
38 45 0.58
45 39 1.0
40 45 0.82
41 45 0.82
43 45 0.29
46 45 0.0034
