*Vertices  14
1 "LCD显示屏"
2 "显示器"
3 "控制器"
4 "显示技术"
5 "LED"
6 "液晶显示模块"
7 "加热片"
8 "电路板"
9 "ITO"
10 "FPC连接器"
11 "FFC连接器"
12 "芯片"
13 "电极"
14 "SMT"
*Arcs
1 14 0.0181
2 1 0.47
2 14 0.0167
1 3 0.34
2 3 0.32
3 14 0.0151
1 4 0.25
2 4 0.47
3 4 0.45
14 4 0.0148
5 1 0.29
5 2 0.3
5 3 0.32
5 4 0.14
5 14 0.0021
6 1 0.71
2 6 0.5
6 3 0.47
6 4 0.35
5 6 0.2
6 14 0.0339
1 7 0.35
2 7 0.33
3 7 0.32
5 7 0.1
6 7 0.5
14 7 0.0264
8 1 0.25
2 8 0.31
8 3 0.15
8 4 0.17
5 8 0.43
8 6 0.24
8 14 0.0023
9 1 0.16
9 2 0.15
9 3 0.14
9 5 0.23
9 6 0.22
9 7 0.45
9 14 0.0075
1 10 0.35
2 10 0.33
3 10 0.32
5 10 0.1
6 10 0.5
10 7 1.0
9 10 0.45
10 14 0.0264
1 11 0.35
2 11 0.33
3 11 0.32
11 4 0.71
5 11 0.1
6 11 0.5
8 11 0.24
11 14 0.0205
12 1 0.36
12 2 0.34
12 3 0.39
12 4 0.29
12 5 0.5
12 6 0.41
12 7 0.2
12 8 0.38
12 9 0.37
12 10 0.2
12 11 0.2
12 14 0.0073
13 1 0.11
13 2 0.1
13 3 0.19
13 5 0.34
13 6 0.15
13 7 0.3
13 8 0.07
13 9 0.67
13 10 0.3
13 12 0.49
13 14 0.0035
