*Vertices  15
1 "电容"
2 "传感器"
3 "单片机"
4 "开关"
5 "LED"
6 "二极管"
7 "转换器"
8 "晶体振荡器"
9 "ESD"
10 "芯片"
11 "Li"
12 "电阻"
13 "发射模块"
14 "插座"
15 "Zigbee"
*Arcs
1 15 0.0059
1 2 0.14
2 15 0.0050
1 3 0.2
2 3 0.35
3 15 0.0090
4 1 0.39
4 2 0.26
4 3 0.12
4 15 0.0026
5 1 0.37
5 2 0.41
5 3 0.29
5 4 0.58
5 15 0.0013
6 1 0.45
6 2 0.29
6 3 0.21
6 4 0.58
6 5 0.7
6 15 0.0023
7 1 0.28
7 2 0.25
7 3 0.18
4 7 0.26
5 7 0.2
6 7 0.22
7 15 0.0171
1 8 0.28
2 8 0.25
3 8 0.35
4 8 0.17
5 8 0.1
6 8 0.15
7 8 0.5
8 15 0.0548
1 9 0.28
2 9 0.25
3 9 0.35
4 9 0.17
5 9 0.1
6 9 0.15
7 9 0.5
9 8 1.0
9 15 0.0548
10 1 0.4
10 2 0.31
10 3 0.29
10 4 0.28
10 5 0.5
10 6 0.42
10 7 0.31
10 8 0.2
10 9 0.2
10 15 0.0034
1 11 0.09
2 11 0.08
3 11 0.12
4 11 0.12
5 11 0.3
6 11 0.44
7 11 0.17
11 8 0.33
11 9 0.33
10 11 0.27
11 15 0.0075
12 1 0.81
12 2 0.24
12 3 0.26
4 12 0.46
5 12 0.42
6 12 0.57
12 7 0.36
12 8 0.24
12 9 0.24
10 12 0.5
12 11 0.16
12 15 0.0048
1 13 0.28
2 13 0.25
3 13 0.35
4 13 0.17
5 13 0.1
6 13 0.15
7 13 0.5
13 8 1.0
13 9 1.0
10 13 0.2
11 13 0.33
12 13 0.24
13 15 0.0548
1 14 0.14
2 14 0.25
3 14 0.35
4 14 0.26
5 14 0.2
6 14 0.22
7 14 0.25
14 8 0.5
14 9 0.5
10 14 0.1
11 14 0.17
12 14 0.12
14 13 0.5
14 15 0.0166
