*Vertices  56
1 "LCD显示屏"
2 "显示器"
3 "LED灯"
4 "电容"
5 "容器"
6 "传感器"
7 "控制器"
8 "单片机"
9 "整流器"
10 "开关"
11 "功率因数校正"
12 "模数转换集成块"
13 "变压器"
14 "发光板"
15 "LED"
16 "液晶显示模块"
17 "二极管"
18 "整流二极管"
19 "稳压二极管"
20 "玻璃"
21 "通道"
22 "接收管"
23 "LED光源"
24 "转换器"
25 "铝基板"
26 "红外线发射管"
27 "滤光片"
28 "发光体"
29 "放大器"
30 "半导体"
31 "电路板"
32 "GPIO"
33 "客户"
34 "摄像机"
35 "太阳能"
36 "蓄电池"
37 "充电电池"
38 "芯片"
39 "电抗器"
40 "充电器"
41 "存储器"
42 "电感"
43 "电极"
44 "电阻"
45 "脉冲信号"
46 "超声波"
47 "射灯"
48 "检测仪"
49 "光电耦合器"
50 "屏幕"
51 "蜂鸣器"
52 "扬声器"
53 "发光管"
54 "提示仪"
55 "晶体闸流管"
56 "三极管"
*Arcs
56 1 2.0E-4
2 1 0.47
56 2 2.0E-4
3 1 0.05
3 2 0.05
3 56 8.0E-4
3 4 0.35
56 4 0.0040
3 5 0.19
4 5 0.37
56 5 0.0011
6 1 0.18
6 2 0.17
3 6 0.21
4 6 0.14
56 6 2.0E-4
1 7 0.34
2 7 0.32
3 7 0.18
4 7 0.18
5 7 0.14
6 7 0.32
56 7 2.0E-4
8 1 0.13
2 8 0.59
3 8 0.05
4 8 0.2
6 8 0.35
8 7 0.22
56 8 2.0E-4
3 9 0.29
4 9 0.68
9 5 0.55
9 7 0.13
56 9 0.0011
10 1 0.18
10 2 0.06
10 3 0.37
10 4 0.39
10 5 0.31
10 6 0.26
10 7 0.22
10 8 0.12
10 9 0.21
10 56 0.0022
3 11 0.14
4 11 0.28
10 11 0.17
56 11 0.0012
3 12 0.14
12 4 0.28
10 12 0.17
56 12 0.0018
13 2 0.11
3 13 0.31
4 13 0.61
13 5 0.42
13 7 0.1
13 9 0.77
10 13 0.33
13 11 0.32
56 13 0.0015
3 14 0.16
4 14 0.32
5 14 0.26
7 14 0.18
9 14 0.24
10 14 0.2
14 11 0.58
13 14 0.37
56 14 0.0016
15 1 0.29
15 2 0.3
15 3 0.73
15 4 0.37
15 5 0.23
15 6 0.41
15 7 0.32
15 8 0.29
15 9 0.25
15 10 0.58
15 11 0.1
15 12 0.1
15 13 0.32
15 14 0.18
15 56 0.0012
16 1 0.71
2 16 0.5
6 16 0.13
16 7 0.47
16 8 0.18
10 16 0.17
15 16 0.2
56 16 4.0E-4
17 1 0.15
17 2 0.19
17 3 0.35
17 4 0.45
17 5 0.26
17 6 0.29
17 7 0.14
17 8 0.21
17 9 0.36
17 10 0.58
17 11 0.15
17 12 0.15
17 13 0.42
17 14 0.17
17 15 0.7
17 16 0.15
17 56 0.0019
3 18 0.14
4 18 0.28
10 18 0.17
18 11 1.0
13 18 0.32
14 18 0.58
15 18 0.1
17 18 0.15
56 18 0.0012
19 1 0.14
3 19 0.23
4 19 0.57
19 5 0.18
6 19 0.1
19 7 0.26
19 9 0.67
10 19 0.21
19 11 0.41
13 19 0.65
19 14 0.47
15 19 0.25
19 16 0.2
17 19 0.36
19 18 0.41
56 19 0.0011
20 2 0.24
3 20 0.27
4 20 0.07
6 20 0.06
20 8 0.17
10 20 0.17
20 13 0.08
15 20 0.42
17 20 0.32
56 20 1.0E-4
3 21 0.23
4 21 0.23
6 21 0.1
10 21 0.07
15 21 0.25
17 21 0.24
20 21 0.2
56 21 2.0E-4
22 1 0.2
22 2 0.19
3 22 0.16
22 4 0.32
22 6 0.14
22 8 0.2
10 22 0.3
22 12 0.58
15 22 0.18
22 16 0.29
17 22 0.25
22 20 0.14
22 21 0.24
22 56 0.0039
23 1 0.11
23 2 0.2
3 23 0.3
23 5 0.13
23 8 0.11
10 23 0.05
23 13 0.1
15 23 0.34
23 16 0.15
17 23 0.31
23 20 0.29
23 21 0.25
22 23 0.17
56 23 1.0E-4
24 1 0.35
3 24 0.07
24 4 0.28
24 6 0.25
24 7 0.16
24 8 0.18
10 24 0.26
24 12 0.5
15 24 0.2
24 16 0.25
17 24 0.22
24 19 0.2
24 22 0.29
24 56 6.0E-4
3 25 0.31
4 25 0.12
10 25 0.16
25 11 0.45
13 25 0.28
14 25 0.26
15 25 0.23
17 25 0.26
25 18 0.45
19 25 0.18
21 25 0.18
56 25 4.0E-4
3 26 0.14
4 26 0.28
6 26 0.25
10 26 0.17
15 26 0.1
17 26 0.15
20 26 0.24
21 26 0.41
22 26 0.58
56 26 9.0E-4
27 1 0.2
2 27 0.19
27 8 0.2
10 27 0.1
15 27 0.18
27 16 0.29
17 27 0.25
20 27 0.28
27 21 0.24
22 27 0.33
23 27 0.52
56 27 4.0E-4
3 28 0.2
4 28 0.2
6 28 0.18
10 28 0.25
15 28 0.14
17 28 0.21
20 28 0.17
28 21 0.29
22 28 0.41
28 26 0.71
56 28 6.0E-4
3 29 0.2
29 4 0.39
10 29 0.25
29 11 0.71
29 12 0.71
29 13 0.22
29 14 0.41
15 29 0.14
17 29 0.21
29 18 0.71
29 19 0.29
29 22 0.41
29 24 0.35
29 25 0.32
29 56 0.0031
30 2 0.09
30 3 0.33
30 4 0.21
30 5 0.35
30 9 0.21
30 10 0.18
30 12 0.26
30 13 0.33
30 15 0.39
30 17 0.45
30 20 0.25
30 21 0.21
30 22 0.15
30 23 0.31
30 24 0.13
30 25 0.35
30 27 0.3
30 29 0.18
30 56 7.0E-4
31 1 0.25
2 31 0.31
3 31 0.4
4 31 0.13
31 5 0.11
6 31 0.12
31 7 0.15
31 8 0.17
10 31 0.12
15 31 0.43
31 16 0.24
17 31 0.24
20 31 0.4
31 21 0.1
22 31 0.27
23 31 0.21
31 26 0.24
31 27 0.14
31 28 0.17
30 31 0.18
56 31 6.0E-4
32 1 0.35
2 32 0.33
32 8 0.35
10 32 0.17
15 32 0.1
32 16 0.5
17 32 0.15
22 32 0.58
23 32 0.3
32 27 0.58
32 31 0.24
56 32 9.0E-4
1 33 0.2
2 33 0.19
3 33 0.24
4 33 0.16
6 33 0.29
10 33 0.1
15 33 0.18
17 33 0.08
20 33 0.14
33 21 0.24
22 33 0.33
33 26 0.58
28 33 0.41
31 33 0.27
56 33 4.0E-4
34 1 0.41
2 34 0.19
6 34 0.14
34 8 0.2
10 34 0.1
15 34 0.18
34 16 0.29
17 34 0.17
22 34 0.33
23 34 0.17
34 27 0.33
34 31 0.14
34 32 0.58
56 34 4.0E-4
3 35 0.21
4 35 0.1
35 7 0.12
10 35 0.2
15 35 0.27
17 35 0.11
20 35 0.18
31 35 0.09
56 35 1.0E-4
3 36 0.31
4 36 0.18
36 5 0.28
36 7 0.1
9 36 0.26
10 36 0.33
13 36 0.2
15 36 0.32
17 36 0.18
20 36 0.15
30 36 0.16
36 35 0.72
56 36 2.0E-4
3 37 0.1
37 4 0.39
10 37 0.25
37 12 0.71
15 37 0.14
17 37 0.21
37 22 0.41
37 24 0.35
37 29 0.5
30 37 0.18
37 31 0.17
37 35 0.27
37 56 0.0022
38 1 0.36
38 2 0.34
38 3 0.26
38 4 0.4
38 5 0.09
38 6 0.31
38 7 0.39
38 8 0.29
38 10 0.28
38 11 0.2
38 12 0.2
38 13 0.13
38 14 0.12
38 15 0.5
38 16 0.41
38 17 0.42
38 18 0.2
38 19 0.17
38 20 0.3
38 21 0.25
38 22 0.35
38 23 0.31
38 24 0.31
38 25 0.18
38 26 0.2
38 27 0.35
38 28 0.14
38 29 0.29
38 30 0.42
38 31 0.38
38 32 0.2
38 33 0.12
38 34 0.12
38 35 0.08
38 37 0.29
38 56 0.0017
3 39 0.2
4 39 0.39
39 5 0.63
9 39 0.58
10 39 0.25
13 39 0.45
15 39 0.14
17 39 0.21
30 39 0.37
39 36 0.45
56 39 7.0E-4
3 40 0.14
40 4 0.28
10 40 0.17
40 12 1.0
15 40 0.1
17 40 0.15
40 22 0.58
40 24 0.5
40 29 0.71
30 40 0.26
40 37 0.71
38 40 0.2
40 56 0.0018
41 1 0.32
41 2 0.15
3 41 0.06
41 4 0.12
41 6 0.22
41 7 0.14
41 8 0.16
10 41 0.31
41 12 0.45
15 41 0.23
41 16 0.45
17 41 0.33
41 19 0.18
41 22 0.52
41 23 0.13
41 24 0.45
41 27 0.26
41 29 0.32
30 41 0.12
41 31 0.11
41 32 0.45
41 34 0.52
41 37 0.32
38 41 0.27
41 40 0.45
41 56 0.0014
3 42 0.25
42 4 0.62
42 5 0.6
42 7 0.14
42 9 0.55
10 42 0.39
42 11 0.45
42 12 0.45
42 13 0.57
42 14 0.52
15 42 0.23
17 42 0.33
42 18 0.45
42 19 0.37
42 22 0.26
42 24 0.22
42 25 0.2
42 29 0.63
30 42 0.35
42 36 0.28
42 37 0.32
38 42 0.18
42 39 0.63
42 40 0.45
42 41 0.2
42 56 0.0047
43 1 0.11
43 2 0.1
43 3 0.17
43 4 0.42
43 5 0.27
43 6 0.08
43 7 0.19
43 9 0.25
43 10 0.26
43 11 0.3
43 12 0.3
43 13 0.29
43 14 0.35
43 15 0.34
43 16 0.15
43 17 0.4
43 18 0.3
43 19 0.25
43 20 0.22
43 21 0.25
43 22 0.35
43 23 0.18
43 24 0.15
43 25 0.13
43 26 0.3
43 27 0.35
43 28 0.21
43 29 0.43
43 30 0.54
43 31 0.07
43 33 0.17
43 36 0.1
43 37 0.21
43 38 0.49
43 39 0.21
43 40 0.3
43 41 0.13
43 42 0.54
43 56 0.0033
44 1 0.26
44 2 0.08
3 44 0.27
44 4 0.81
44 5 0.33
44 6 0.24
44 7 0.23
44 8 0.26
44 9 0.59
10 44 0.46
44 11 0.24
44 12 0.24
44 13 0.54
44 14 0.28
15 44 0.42
44 16 0.24
17 44 0.57
44 18 0.24
44 19 0.59
44 20 0.12
44 21 0.3
44 22 0.42
44 23 0.15
44 24 0.36
44 25 0.11
44 26 0.24
44 27 0.28
44 28 0.17
44 29 0.34
30 44 0.25
44 31 0.17
44 32 0.24
44 33 0.14
44 34 0.14
44 35 0.09
44 36 0.15
44 37 0.34
38 44 0.5
44 39 0.34
44 40 0.24
44 41 0.33
44 42 0.54
43 44 0.44
44 56 0.0042
3 45 0.1
45 4 0.2
45 6 0.18
10 45 0.12
45 12 0.71
15 45 0.14
17 45 0.21
45 22 0.41
45 24 0.35
45 29 0.5
30 45 0.18
45 37 0.5
38 45 0.14
45 40 0.71
45 41 0.32
45 42 0.32
43 45 0.21
45 44 0.17
45 56 0.0010
3 46 0.14
46 4 0.28
10 46 0.17
46 12 1.0
15 46 0.1
17 46 0.15
46 22 0.58
46 24 0.5
46 29 0.71
30 46 0.26
46 37 0.71
38 46 0.2
46 40 1.0
46 41 0.45
46 42 0.45
43 46 0.3
46 44 0.24
46 45 0.71
46 56 0.0018
3 47 0.28
4 47 0.28
6 47 0.13
47 9 0.2
10 47 0.09
13 47 0.16
15 47 0.2
17 47 0.29
47 19 0.2
20 47 0.12
47 21 0.41
22 47 0.29
47 25 0.45
47 26 0.5
47 28 0.35
30 47 0.26
47 31 0.12
47 33 0.29
38 47 0.1
43 47 0.15
44 47 0.24
56 47 4.0E-4
48 2 0.24
3 48 0.1
48 4 0.2
48 6 0.18
48 8 0.25
10 48 0.12
48 12 0.71
15 48 0.14
17 48 0.1
48 22 0.41
48 24 0.35
48 29 0.5
30 48 0.18
48 37 0.5
38 48 0.14
48 40 0.71
48 41 0.32
48 42 0.32
43 48 0.21
48 44 0.17
48 45 0.5
48 46 0.71
48 56 0.0010
4 49 0.28
5 49 0.45
7 49 0.32
9 49 0.41
10 49 0.17
13 49 0.32
14 49 0.58
15 49 0.1
17 49 0.15
19 49 0.41
42 49 0.45
43 49 0.3
44 49 0.24
56 49 9.0E-4
50 1 0.25
50 2 0.24
50 3 0.1
50 4 0.1
50 5 0.16
50 6 0.09
50 7 0.22
50 8 0.13
50 9 0.14
50 10 0.06
50 13 0.11
50 14 0.2
50 15 0.29
50 17 0.1
50 19 0.14
50 20 0.17
50 24 0.18
50 30 0.18
50 31 0.25
50 33 0.2
50 38 0.22
50 42 0.16
50 43 0.21
50 44 0.09
50 49 0.35
50 56 2.0E-4
51 1 0.25
2 51 0.24
3 51 0.1
6 51 0.18
51 7 0.22
51 8 0.25
10 51 0.12
15 51 0.14
51 16 0.35
17 51 0.21
22 51 0.41
23 51 0.21
51 27 0.41
51 31 0.33
51 32 0.71
51 34 0.41
38 51 0.29
41 51 0.32
44 51 0.17
56 51 6.0E-4
3 52 0.14
52 4 0.28
10 52 0.17
52 12 1.0
15 52 0.1
17 52 0.15
52 22 0.58
52 24 0.5
52 29 0.71
30 52 0.26
52 37 0.71
38 52 0.2
52 40 1.0
52 41 0.45
52 42 0.45
43 52 0.3
52 44 0.24
52 45 0.71
52 46 1.0
52 48 0.71
52 56 0.0018
3 53 0.32
4 53 0.1
6 53 0.09
7 53 0.12
10 53 0.33
53 11 0.38
13 53 0.24
53 14 0.22
15 53 0.27
17 53 0.28
53 18 0.38
19 53 0.15
53 21 0.15
53 25 0.68
53 28 0.27
29 53 0.27
30 53 0.29
38 53 0.08
42 53 0.17
43 53 0.11
44 53 0.09
47 53 0.38
56 53 3.0E-4
3 54 0.14
54 4 0.28
10 54 0.17
54 12 1.0
15 54 0.1
17 54 0.15
54 22 0.58
54 24 0.5
54 29 0.71
30 54 0.26
54 37 0.71
38 54 0.2
54 40 1.0
54 41 0.45
54 42 0.45
43 54 0.3
54 44 0.24
54 45 0.71
54 46 1.0
54 48 0.71
54 52 1.0
54 56 0.0018
3 55 0.14
4 55 0.28
5 55 0.45
9 55 0.41
10 55 0.17
13 55 0.32
15 55 0.1
17 55 0.15
30 55 0.26
36 55 0.32
39 55 0.71
42 55 0.45
43 55 0.3
44 55 0.24
56 55 9.0E-4
