*Vertices  69
1 "LCD显示屏"
2 "显示器"
3 "LED灯"
4 "光纤"
5 "连接带"
6 "电容"
7 "控制器"
8 "处理器"
9 "单片机"
10 "折盒机"
11 "装盒机"
12 "远光灯"
13 "开关"
14 "FBG"
15 "显示技术"
16 "定时器"
17 "Zigbee"
18 "编解码方法"
19 "坐标方向校正方法"
20 "解调方法"
21 "LED"
22 "液晶显示模块"
23 "二极管"
24 "稳压二极管"
25 "三极管"
26 "玻璃"
27 "环形器"
28 "通道"
29 "接收管"
30 "塑料"
31 "转换器"
32 "晶体振荡器"
33 "绝缘靴"
34 "红外线发射管"
35 "电动机"
36 "干涉仪"
37 "发光体"
38 "电路板"
39 "ESD"
40 "客户"
41 "摄像机"
42 "码道"
43 "锂电池"
44 "芯片"
45 "继电器"
46 "存储器"
47 "Li"
48 "电极"
49 "ARCTAN"
50 "电阻"
51 "发射模块"
52 "驱动模块"
53 "脉冲信号"
54 "激光"
55 "射灯"
56 "检测仪"
57 "屏幕"
58 "读取器"
59 "瞄准镜"
60 "透镜"
61 "信息卡"
62 "蜂鸣器"
63 "绝对位置"
64 "电磁锁心"
65 "发光管"
66 "水平仪"
67 "信息存储卡"
68 "插座"
69 "传感器"
*Arcs
69 1 7.0E-4
2 1 0.47
69 2 6.0E-4
3 1 0.05
3 2 0.05
3 69 7.0E-4
69 4 4.0E-4
3 5 0.08
69 5 3.0E-4
3 6 0.35
6 69 4.0E-4
1 7 0.34
2 7 0.32
3 7 0.18
6 7 0.18
69 7 0.0012
1 8 0.16
2 8 0.15
3 8 0.13
8 5 0.26
7 8 0.42
69 8 0.0042
9 1 0.13
2 9 0.59
3 9 0.05
6 9 0.2
9 7 0.22
9 8 0.16
69 9 0.0016
3 10 0.14
69 10 5.0E-4
3 11 0.1
11 10 0.71
69 11 4.0E-4
69 12 4.0E-4
13 1 0.18
13 2 0.06
13 3 0.37
13 6 0.39
13 7 0.22
13 8 0.16
13 9 0.12
13 69 0.0012
14 4 0.58
14 69 0.0010
1 15 0.25
2 15 0.47
7 15 0.45
8 15 0.32
9 15 0.25
69 15 4.0E-4
1 16 0.35
7 16 0.32
8 16 0.45
13 16 0.17
69 16 8.0E-4
6 17 0.28
9 17 0.35
13 17 0.17
69 17 9.0E-4
69 18 8.0E-4
69 19 9.0E-4
20 4 0.58
20 14 1.0
20 69 0.0010
21 1 0.29
21 2 0.3
21 3 0.73
21 4 0.18
21 5 0.18
21 6 0.37
21 7 0.32
21 8 0.23
21 9 0.29
21 10 0.1
21 11 0.14
21 12 0.1
21 13 0.58
21 14 0.1
21 15 0.14
21 16 0.1
21 17 0.1
21 18 0.1
21 19 0.1
21 20 0.1
21 69 0.0032
22 1 0.71
2 22 0.5
22 7 0.47
22 8 0.22
22 9 0.18
13 22 0.17
22 15 0.35
22 16 0.5
21 22 0.2
69 22 4.0E-4
23 1 0.15
23 2 0.19
23 3 0.35
23 4 0.25
23 6 0.45
23 7 0.14
23 8 0.13
23 9 0.21
23 12 0.15
23 13 0.58
23 14 0.15
23 16 0.15
23 17 0.15
23 18 0.15
23 20 0.15
23 21 0.7
23 22 0.15
23 69 0.0017
24 1 0.14
3 24 0.23
6 24 0.57
24 7 0.26
24 8 0.18
13 24 0.21
24 16 0.41
21 24 0.25
24 22 0.2
23 24 0.36
69 24 2.0E-4
25 1 0.13
25 2 0.13
3 25 0.21
25 6 0.63
25 7 0.12
25 9 0.13
13 25 0.46
21 25 0.27
25 22 0.19
23 25 0.39
25 24 0.31
25 69 2.0E-4
26 2 0.24
3 26 0.27
4 26 0.28
6 26 0.07
26 9 0.17
13 26 0.17
21 26 0.42
23 26 0.32
25 26 0.09
69 26 1.0E-4
27 4 0.58
27 14 1.0
27 20 1.0
21 27 0.1
23 27 0.15
27 69 0.0010
3 28 0.23
4 28 0.24
6 28 0.23
13 28 0.07
21 28 0.25
23 28 0.24
25 28 0.15
26 28 0.2
69 28 1.0E-4
29 1 0.2
29 2 0.19
3 29 0.16
29 6 0.32
29 9 0.2
13 29 0.3
21 29 0.18
29 22 0.29
23 29 0.25
29 25 0.65
29 26 0.14
29 28 0.24
29 69 4.0E-4
30 2 0.1
3 30 0.36
30 7 0.18
30 8 0.13
30 9 0.1
13 30 0.15
30 15 0.2
21 30 0.35
23 30 0.21
30 26 0.28
30 28 0.24
30 69 2.0E-4
31 1 0.35
3 31 0.07
31 6 0.28
31 7 0.16
31 8 0.22
31 9 0.18
13 31 0.26
31 16 0.5
31 17 0.5
21 31 0.2
31 22 0.25
23 31 0.22
31 24 0.2
31 25 0.19
31 29 0.29
31 69 0.0011
6 32 0.28
9 32 0.35
13 32 0.17
32 17 1.0
21 32 0.1
23 32 0.15
31 32 0.5
69 32 9.0E-4
5 33 0.58
8 33 0.45
21 33 0.1
69 33 4.0E-4
3 34 0.14
6 34 0.28
13 34 0.17
21 34 0.1
23 34 0.15
25 34 0.38
26 34 0.24
28 34 0.41
29 34 0.58
69 34 5.0E-4
2 35 0.33
7 35 0.32
8 35 0.45
9 35 0.35
15 35 0.71
21 35 0.1
30 35 0.29
69 35 6.0E-4
36 4 0.58
36 14 1.0
36 20 1.0
21 36 0.1
23 36 0.15
36 27 1.0
36 69 0.0010
3 37 0.2
6 37 0.2
13 37 0.25
21 37 0.14
23 37 0.21
25 37 0.27
26 37 0.17
37 28 0.29
29 37 0.41
37 34 0.71
69 37 3.0E-4
38 1 0.25
2 38 0.31
3 38 0.4
6 38 0.13
38 7 0.15
38 8 0.11
38 9 0.17
13 38 0.12
38 15 0.17
21 38 0.43
38 22 0.24
23 38 0.24
25 38 0.27
26 38 0.4
38 28 0.1
29 38 0.27
30 38 0.2
38 34 0.24
38 37 0.17
69 38 3.0E-4
6 39 0.28
9 39 0.35
13 39 0.17
39 17 1.0
21 39 0.1
23 39 0.15
31 39 0.5
39 32 1.0
69 39 9.0E-4
1 40 0.2
2 40 0.19
3 40 0.24
6 40 0.16
40 10 0.58
40 11 0.41
13 40 0.1
21 40 0.18
23 40 0.08
25 40 0.22
26 40 0.14
40 28 0.24
29 40 0.33
40 34 0.58
37 40 0.41
38 40 0.27
69 40 0.0011
41 1 0.41
2 41 0.19
41 9 0.2
41 12 0.58
13 41 0.1
21 41 0.18
41 22 0.29
23 41 0.17
25 41 0.22
29 41 0.33
41 38 0.14
69 41 3.0E-4
42 18 1.0
21 42 0.1
23 42 0.15
69 42 8.0E-4
1 43 0.25
3 43 0.1
7 43 0.45
43 8 0.63
13 43 0.12
43 16 0.71
21 43 0.14
22 43 0.35
23 43 0.21
24 43 0.29
31 43 0.35
38 43 0.17
69 43 0.0013
44 1 0.36
44 2 0.34
44 3 0.26
44 4 0.24
44 6 0.4
44 7 0.39
44 8 0.27
44 9 0.29
44 13 0.28
44 15 0.29
44 16 0.2
44 17 0.2
44 21 0.5
44 22 0.41
44 23 0.42
44 24 0.17
44 25 0.39
44 26 0.3
44 28 0.25
44 29 0.35
44 30 0.06
44 31 0.31
44 32 0.2
44 34 0.2
44 35 0.2
44 37 0.14
44 38 0.38
44 39 0.2
44 40 0.12
44 41 0.12
44 43 0.29
44 69 0.0017
1 45 0.35
13 45 0.17
21 45 0.1
23 45 0.15
44 45 0.2
69 45 3.0E-4
46 1 0.32
46 2 0.15
3 46 0.06
46 6 0.12
46 7 0.14
46 8 0.2
46 9 0.16
46 12 0.45
13 46 0.31
46 16 0.45
21 46 0.23
46 22 0.45
23 46 0.33
46 24 0.18
46 25 0.34
46 29 0.52
46 31 0.45
46 38 0.11
46 41 0.52
46 43 0.32
44 46 0.27
46 69 9.0E-4
3 47 0.23
4 47 0.38
6 47 0.09
9 47 0.12
13 47 0.12
47 17 0.33
21 47 0.3
23 47 0.44
26 47 0.32
47 28 0.27
30 47 0.29
31 47 0.17
47 32 0.33
38 47 0.16
47 39 0.33
44 47 0.27
69 47 2.0E-4
48 1 0.11
48 2 0.1
48 3 0.17
48 4 0.35
48 6 0.42
48 7 0.19
48 13 0.26
48 21 0.34
48 22 0.15
48 23 0.4
48 24 0.25
48 25 0.57
48 26 0.22
48 28 0.25
48 29 0.35
48 31 0.15
48 34 0.3
48 37 0.21
48 38 0.07
48 40 0.17
48 44 0.49
48 46 0.13
48 47 0.2
48 69 2.0E-4
49 4 0.58
49 14 1.0
49 20 1.0
21 49 0.1
23 49 0.15
49 27 1.0
49 36 1.0
49 69 0.0010
50 1 0.26
50 2 0.08
3 50 0.27
50 4 0.14
50 6 0.81
50 7 0.23
50 8 0.11
50 9 0.26
13 50 0.46
50 16 0.24
50 17 0.24
21 50 0.42
50 22 0.24
23 50 0.57
50 24 0.59
50 25 0.64
50 26 0.12
50 28 0.3
50 29 0.42
50 31 0.36
50 32 0.24
50 34 0.24
50 37 0.17
50 38 0.17
50 39 0.24
50 40 0.14
50 41 0.14
50 43 0.17
44 50 0.5
50 45 0.24
50 46 0.33
50 47 0.16
48 50 0.44
50 69 0.0011
6 51 0.28
9 51 0.35
13 51 0.17
51 17 1.0
21 51 0.1
23 51 0.15
31 51 0.5
51 32 1.0
51 39 1.0
44 51 0.2
47 51 0.33
50 51 0.24
69 51 9.0E-4
2 52 0.24
3 52 0.1
7 52 0.22
52 8 0.32
9 52 0.25
52 15 0.5
21 52 0.14
30 52 0.2
52 35 0.71
44 52 0.29
69 52 4.0E-4
3 53 0.1
53 6 0.2
13 53 0.12
53 18 0.71
21 53 0.14
23 53 0.21
53 25 0.27
53 29 0.41
53 31 0.35
53 42 0.71
44 53 0.14
53 46 0.32
48 53 0.21
53 50 0.17
53 69 7.0E-4
1 54 0.14
2 54 0.27
3 54 0.06
4 54 0.47
54 7 0.13
54 8 0.18
9 54 0.14
54 15 0.29
21 54 0.25
23 54 0.18
26 54 0.2
54 28 0.17
30 54 0.12
54 35 0.41
38 54 0.1
54 40 0.24
44 54 0.33
54 47 0.27
48 54 0.49
50 54 0.1
54 52 0.29
69 54 2.0E-4
3 55 0.28
6 55 0.28
13 55 0.09
21 55 0.2
23 55 0.29
55 24 0.2
25 55 0.19
26 55 0.12
55 28 0.41
29 55 0.29
30 55 0.29
55 34 0.5
55 37 0.35
55 38 0.12
55 40 0.29
44 55 0.1
55 47 0.33
48 55 0.15
50 55 0.24
69 55 2.0E-4
56 2 0.24
3 56 0.1
56 6 0.2
56 9 0.25
13 56 0.12
21 56 0.14
23 56 0.1
56 25 0.27
56 29 0.41
56 31 0.35
44 56 0.14
56 46 0.32
48 56 0.21
56 50 0.17
56 53 0.5
56 69 5.0E-4
57 1 0.25
57 2 0.24
57 3 0.1
57 5 0.2
57 6 0.1
57 7 0.22
57 8 0.16
57 9 0.13
57 13 0.06
57 15 0.25
57 21 0.29
57 23 0.1
57 24 0.14
57 25 0.13
57 26 0.17
57 30 0.2
57 31 0.18
57 35 0.35
57 38 0.25
57 40 0.2
57 44 0.22
57 48 0.21
57 50 0.09
57 52 0.25
57 54 0.29
57 69 2.0E-4
1 58 0.35
7 58 0.32
8 58 0.45
13 58 0.17
58 16 1.0
21 58 0.1
22 58 0.5
23 58 0.15
24 58 0.41
31 58 0.5
43 58 0.71
44 58 0.2
46 58 0.45
50 58 0.24
69 58 8.0E-4
2 59 0.33
9 59 0.35
21 59 0.1
56 59 0.71
69 59 4.0E-4
60 3 0.23
60 4 0.24
60 12 0.41
60 13 0.07
21 60 0.25
23 60 0.18
60 26 0.1
60 38 0.19
60 41 0.24
44 60 0.17
60 46 0.18
60 47 0.27
48 60 0.12
60 54 0.17
60 69 1.0E-4
1 61 0.25
7 61 0.22
8 61 0.32
13 61 0.12
61 16 0.71
21 61 0.14
22 61 0.35
23 61 0.21
24 61 0.29
31 61 0.35
43 61 0.5
44 61 0.14
46 61 0.32
50 61 0.17
61 58 0.71
69 61 5.0E-4
62 1 0.25
2 62 0.24
3 62 0.1
62 7 0.22
62 8 0.32
62 9 0.25
13 62 0.12
21 62 0.14
62 22 0.35
23 62 0.21
25 62 0.27
29 62 0.41
62 38 0.33
62 41 0.41
62 43 0.5
44 62 0.29
46 62 0.32
50 62 0.17
69 62 4.0E-4
63 18 1.0
21 63 0.1
23 63 0.15
63 42 1.0
53 63 0.71
69 63 8.0E-4
3 64 0.14
8 64 0.45
13 64 0.17
21 64 0.1
69 64 8.0E-4
3 65 0.32
6 65 0.1
7 65 0.12
13 65 0.33
21 65 0.27
23 65 0.28
24 65 0.15
25 65 0.14
65 28 0.15
30 65 0.44
65 37 0.27
44 65 0.08
65 47 0.38
48 65 0.11
50 65 0.09
55 65 0.38
69 65 1.0E-4
66 19 1.0
21 66 0.1
69 66 9.0E-4
3 67 0.14
8 67 0.45
13 67 0.17
21 67 0.1
67 64 1.0
69 67 8.0E-4
3 68 0.07
6 68 0.14
9 68 0.35
13 68 0.26
68 17 0.5
21 68 0.2
23 68 0.22
26 68 0.12
31 68 0.25
68 32 0.5
68 39 0.5
44 68 0.1
47 68 0.17
50 68 0.12
68 51 0.5
69 68 6.0E-4
