*Vertices  16
1 "衬底"
2 "发光荧光材料"
3 "活性层"
4 "外延"
5 "LED"
6 "二极管"
7 "半导体"
8 "Al2O3"
9 "ITO"
10 "金属层"
11 "电极"
12 "激光"
13 "粘附层"
14 "透明导电层"
15 "反射层"
16 "保护层"
*Arcs
1 16 0.0099
1 2 0.26
16 2 0.0125
1 3 0.45
3 2 0.58
3 16 0.0321
4 1 1.0
4 2 0.26
4 3 0.45
4 16 0.0099
5 1 0.23
5 2 0.18
5 3 0.1
5 4 0.23
5 16 6.0E-4
6 1 0.26
6 2 0.17
6 3 0.15
6 4 0.26
6 5 0.7
6 16 0.0012
7 1 0.58
7 2 0.45
7 3 0.26
7 4 0.58
7 5 0.39
7 6 0.45
7 16 0.0037
1 8 0.89
8 2 0.29
8 3 0.5
4 8 0.89
5 8 0.2
6 8 0.22
7 8 0.52
8 16 0.0114
9 1 0.8
9 2 0.26
9 3 0.45
9 4 0.8
9 5 0.23
9 6 0.26
9 7 0.46
9 8 0.67
9 16 0.0094
10 1 0.89
10 2 0.29
10 3 0.5
10 4 0.89
10 5 0.2
10 6 0.29
10 7 0.52
10 8 0.75
10 9 0.89
10 16 0.0114
11 1 0.67
11 2 0.17
11 3 0.3
11 4 0.67
11 5 0.34
11 6 0.4
11 7 0.54
11 8 0.6
11 9 0.67
11 10 0.6
11 16 0.0046
1 12 0.73
12 2 0.24
12 3 0.41
4 12 0.73
5 12 0.25
6 12 0.18
7 12 0.42
12 8 0.82
9 12 0.55
10 12 0.61
11 12 0.49
12 16 0.0078
1 13 0.45
13 2 0.58
13 3 1.0
4 13 0.45
5 13 0.1
6 13 0.15
7 13 0.26
13 8 0.5
9 13 0.45
10 13 0.5
11 13 0.3
13 12 0.41
13 16 0.0321
1 14 0.45
14 2 0.58
14 3 1.0
4 14 0.45
5 14 0.1
6 14 0.15
7 14 0.26
14 8 0.5
9 14 0.45
10 14 0.5
11 14 0.3
14 12 0.41
14 13 1.0
14 16 0.0321
15 1 0.67
15 2 0.29
15 3 0.5
15 4 0.67
15 5 0.2
15 6 0.15
15 7 0.39
15 8 0.5
15 9 0.45
15 10 0.5
15 11 0.45
15 12 0.41
15 13 0.5
15 14 0.5
15 16 0.0104
