*Vertices  22
1 "LCD显示屏"
2 "传感器"
3 "控制器"
4 "处理器"
5 "开关"
6 "定时器"
7 "LED"
8 "液晶显示模块"
9 "二极管"
10 "稳压二极管"
11 "挂绳"
12 "转换器"
13 "太阳能"
14 "太阳能电池板"
15 "蓄电池"
16 "锂电池"
17 "芯片"
18 "存储器"
19 "电阻"
20 "读取器"
21 "防护罩"
22 "信息卡"
*Arcs
1 22 0.0032
2 1 0.18
2 22 0.0019
1 3 0.34
2 3 0.32
3 22 0.0031
1 4 0.16
2 4 0.56
3 4 0.42
4 22 0.0050
5 1 0.18
5 2 0.26
5 3 0.22
5 4 0.16
5 22 0.0011
1 6 0.35
2 6 0.25
3 6 0.32
4 6 0.45
5 6 0.17
22 6 0.0176
7 1 0.29
7 2 0.41
7 3 0.32
7 4 0.23
7 5 0.58
7 6 0.1
7 22 0.0018
8 1 0.71
2 8 0.13
8 3 0.47
8 4 0.22
5 8 0.17
8 6 0.5
7 8 0.2
8 22 0.0057
9 1 0.15
9 2 0.29
9 3 0.14
9 4 0.13
9 5 0.58
9 6 0.15
9 7 0.7
9 8 0.15
9 22 0.0029
10 1 0.14
2 10 0.1
10 3 0.26
10 4 0.18
5 10 0.21
10 6 0.41
7 10 0.25
10 8 0.2
9 10 0.36
10 22 0.0037
7 11 0.1
9 11 0.15
22 11 0.0185
12 1 0.35
12 2 0.25
12 3 0.16
12 4 0.22
5 12 0.26
12 6 0.5
7 12 0.2
12 8 0.25
9 12 0.22
12 10 0.2
12 22 0.0055
13 3 0.12
5 13 0.2
7 13 0.27
9 13 0.11
13 11 0.38
13 22 0.0049
14 3 0.16
5 14 0.09
7 14 0.2
9 14 0.07
14 11 0.5
14 13 0.76
14 22 0.0074
15 3 0.1
5 15 0.33
7 15 0.32
9 15 0.18
15 11 0.32
15 13 0.72
15 14 0.63
15 22 0.0036
1 16 0.25
2 16 0.35
3 16 0.45
16 4 0.63
5 16 0.12
16 6 0.71
7 16 0.14
8 16 0.35
9 16 0.21
10 16 0.29
12 16 0.35
16 22 0.0103
17 1 0.36
17 2 0.31
17 3 0.39
17 4 0.27
17 5 0.28
17 6 0.2
17 7 0.5
17 8 0.41
17 9 0.42
17 10 0.17
17 12 0.31
17 13 0.08
17 16 0.29
17 22 0.0015
18 1 0.32
18 2 0.22
18 3 0.14
18 4 0.2
5 18 0.31
18 6 0.45
7 18 0.23
18 8 0.45
9 18 0.33
18 10 0.18
18 12 0.45
18 16 0.32
17 18 0.27
18 22 0.0048
19 1 0.26
19 2 0.24
19 3 0.23
19 4 0.11
5 19 0.46
19 6 0.24
7 19 0.42
19 8 0.24
9 19 0.57
19 10 0.59
19 12 0.36
19 13 0.09
19 15 0.15
19 16 0.17
17 19 0.5
19 18 0.33
19 22 0.0018
1 20 0.35
2 20 0.25
3 20 0.32
4 20 0.45
5 20 0.17
20 6 1.0
7 20 0.1
8 20 0.5
9 20 0.15
10 20 0.41
12 20 0.5
16 20 0.71
17 20 0.2
18 20 0.45
19 20 0.24
22 20 0.0176
7 21 0.1
9 21 0.15
21 11 1.0
13 21 0.38
14 21 0.5
15 21 0.32
22 21 0.0185
