*Vertices  23
1 "LED灯"
2 "电容"
3 "开关"
4 "模数转换集成块"
5 "LED"
6 "二极管"
7 "三极管"
8 "接收管"
9 "转换器"
10 "放大器"
11 "半导体"
12 "充电电池"
13 "芯片"
14 "存储器"
15 "电感"
16 "电极"
17 "电阻"
18 "脉冲信号"
19 "超声波"
20 "检测仪"
21 "扬声器"
22 "提示仪"
23 "充电器"
*Arcs
1 23 6.0E-4
1 2 0.35
23 2 0.0025
3 1 0.37
3 2 0.39
3 23 0.0011
1 4 0.14
4 2 0.28
3 4 0.17
23 4 0.0201
5 1 0.73
5 2 0.37
5 3 0.58
5 4 0.1
5 23 5.0E-4
6 1 0.35
6 2 0.45
6 3 0.58
6 4 0.15
6 5 0.7
6 23 9.0E-4
1 7 0.21
7 2 0.63
3 7 0.46
7 4 0.38
5 7 0.27
6 7 0.39
23 7 0.0043
1 8 0.16
8 2 0.32
3 8 0.3
8 4 0.58
5 8 0.18
6 8 0.25
8 7 0.65
23 8 0.0078
1 9 0.07
9 2 0.28
3 9 0.26
9 4 0.5
5 9 0.2
6 9 0.22
9 7 0.19
9 8 0.29
23 9 0.0057
1 10 0.2
10 2 0.39
3 10 0.25
10 4 0.71
5 10 0.14
6 10 0.21
10 7 0.53
10 8 0.41
10 9 0.35
23 10 0.0112
11 1 0.33
11 2 0.21
11 3 0.18
11 4 0.26
11 5 0.39
11 6 0.45
11 7 0.2
11 8 0.15
11 9 0.13
11 10 0.18
11 23 0.0017
1 12 0.1
12 2 0.39
3 12 0.25
12 4 0.71
5 12 0.14
6 12 0.21
12 7 0.53
12 8 0.41
12 9 0.35
12 10 0.5
11 12 0.18
23 12 0.0108
13 1 0.26
13 2 0.4
13 3 0.28
13 4 0.2
13 5 0.5
13 6 0.42
13 7 0.39
13 8 0.35
13 9 0.31
13 10 0.29
13 11 0.42
13 12 0.29
13 23 0.0014
1 14 0.06
14 2 0.12
3 14 0.31
14 4 0.45
5 14 0.23
6 14 0.33
14 7 0.34
14 8 0.52
14 9 0.45
14 10 0.32
11 14 0.12
14 12 0.32
13 14 0.27
14 23 0.0048
1 15 0.25
15 2 0.62
3 15 0.39
15 4 0.45
5 15 0.23
6 15 0.33
15 7 0.68
15 8 0.26
15 9 0.22
15 10 0.63
11 15 0.35
15 12 0.32
13 15 0.18
15 14 0.2
15 23 0.0051
16 1 0.17
16 2 0.42
16 3 0.26
16 4 0.3
16 5 0.34
16 6 0.4
16 7 0.57
16 8 0.35
16 9 0.15
16 10 0.43
16 11 0.54
16 12 0.21
16 13 0.49
16 14 0.13
16 15 0.54
16 23 0.0025
1 17 0.27
17 2 0.81
3 17 0.46
17 4 0.24
5 17 0.42
6 17 0.57
17 7 0.64
17 8 0.42
17 9 0.36
17 10 0.34
11 17 0.25
17 12 0.34
13 17 0.5
17 14 0.33
17 15 0.54
16 17 0.44
17 23 0.0021
1 18 0.1
18 2 0.2
3 18 0.12
18 4 0.71
5 18 0.14
6 18 0.21
18 7 0.27
18 8 0.41
18 9 0.35
18 10 0.5
11 18 0.18
18 12 0.5
13 18 0.14
18 14 0.32
18 15 0.32
16 18 0.21
18 17 0.17
18 23 0.0107
1 19 0.14
19 2 0.28
3 19 0.17
19 4 1.0
5 19 0.1
6 19 0.15
19 7 0.38
19 8 0.58
19 9 0.5
19 10 0.71
11 19 0.26
19 12 0.71
13 19 0.2
19 14 0.45
19 15 0.45
16 19 0.3
19 17 0.24
19 18 0.71
19 23 0.0201
1 20 0.1
20 2 0.2
3 20 0.12
20 4 0.71
5 20 0.14
6 20 0.1
20 7 0.27
20 8 0.41
20 9 0.35
20 10 0.5
11 20 0.18
20 12 0.5
13 20 0.14
20 14 0.32
20 15 0.32
16 20 0.21
20 17 0.17
20 18 0.5
20 19 0.71
20 23 0.0106
1 21 0.14
21 2 0.28
3 21 0.17
21 4 1.0
5 21 0.1
6 21 0.15
21 7 0.38
21 8 0.58
21 9 0.5
21 10 0.71
11 21 0.26
21 12 0.71
13 21 0.2
21 14 0.45
21 15 0.45
16 21 0.3
21 17 0.24
21 18 0.71
21 19 1.0
21 20 0.71
21 23 0.0201
1 22 0.14
22 2 0.28
3 22 0.17
22 4 1.0
5 22 0.1
6 22 0.15
22 7 0.38
22 8 0.58
22 9 0.5
22 10 0.71
11 22 0.26
22 12 0.71
13 22 0.2
22 14 0.45
22 15 0.45
16 22 0.3
22 17 0.24
22 18 0.71
22 19 1.0
22 20 0.71
22 21 1.0
22 23 0.0201
