*Vertices  25
1 "LED灯"
2 "电容"
3 "开关"
4 "模数转换集成块"
5 "LED"
6 "二极管"
7 "三极管"
8 "接收管"
9 "转换器"
10 "放大器"
11 "半导体"
12 "电路板"
13 "太阳能"
14 "芯片"
15 "充电器"
16 "存储器"
17 "电感"
18 "电极"
19 "电阻"
20 "脉冲信号"
21 "超声波"
22 "检测仪"
23 "扬声器"
24 "提示仪"
25 "充电电池"
*Arcs
1 25 5.0E-4
1 2 0.35
25 2 0.0040
3 1 0.37
3 2 0.39
3 25 0.0018
1 4 0.14
4 2 0.28
3 4 0.17
25 4 0.0145
5 1 0.73
5 2 0.37
5 3 0.58
5 4 0.1
5 25 8.0E-4
6 1 0.35
6 2 0.45
6 3 0.58
6 4 0.15
6 5 0.7
6 25 0.0015
1 7 0.21
7 2 0.63
3 7 0.46
7 4 0.38
5 7 0.27
6 7 0.39
25 7 0.0070
1 8 0.16
8 2 0.32
3 8 0.3
8 4 0.58
5 8 0.18
6 8 0.25
8 7 0.65
25 8 0.0059
1 9 0.07
9 2 0.28
3 9 0.26
9 4 0.5
5 9 0.2
6 9 0.22
9 7 0.19
9 8 0.29
25 9 0.0041
1 10 0.2
10 2 0.39
3 10 0.25
10 4 0.71
5 10 0.14
6 10 0.21
10 7 0.53
10 8 0.41
10 9 0.35
25 10 0.0082
11 1 0.33
11 2 0.21
11 3 0.18
11 4 0.26
11 5 0.39
11 6 0.45
11 7 0.2
11 8 0.15
11 9 0.13
11 10 0.18
11 25 0.0013
1 12 0.4
2 12 0.13
3 12 0.12
5 12 0.43
6 12 0.24
7 12 0.27
8 12 0.27
11 12 0.18
25 12 5.0E-4
1 13 0.21
2 13 0.1
3 13 0.2
5 13 0.27
6 13 0.11
7 13 0.14
12 13 0.09
25 13 9.0E-4
14 1 0.26
14 2 0.4
14 3 0.28
14 4 0.2
14 5 0.5
14 6 0.42
14 7 0.39
14 8 0.35
14 9 0.31
14 10 0.29
14 11 0.42
14 12 0.38
14 13 0.08
14 25 0.0023
1 15 0.14
15 2 0.28
3 15 0.17
15 4 1.0
5 15 0.1
6 15 0.15
15 7 0.38
15 8 0.58
15 9 0.5
15 10 0.71
11 15 0.26
14 15 0.2
15 25 0.0145
1 16 0.06
16 2 0.12
3 16 0.31
16 4 0.45
5 16 0.23
6 16 0.33
16 7 0.34
16 8 0.52
16 9 0.45
16 10 0.32
11 16 0.12
16 12 0.11
14 16 0.27
16 15 0.45
16 25 0.0036
1 17 0.25
17 2 0.62
3 17 0.39
17 4 0.45
5 17 0.23
6 17 0.33
17 7 0.68
17 8 0.26
17 9 0.22
17 10 0.63
11 17 0.35
14 17 0.18
17 15 0.45
17 16 0.2
17 25 0.0039
18 1 0.17
18 2 0.42
18 3 0.26
18 4 0.3
18 5 0.34
18 6 0.4
18 7 0.57
18 8 0.35
18 9 0.15
18 10 0.43
18 11 0.54
18 12 0.07
18 14 0.49
18 15 0.3
18 16 0.13
18 17 0.54
18 25 0.0020
1 19 0.27
19 2 0.81
3 19 0.46
19 4 0.24
5 19 0.42
6 19 0.57
19 7 0.64
19 8 0.42
19 9 0.36
19 10 0.34
11 19 0.25
19 12 0.17
19 13 0.09
14 19 0.5
19 15 0.24
19 16 0.33
19 17 0.54
18 19 0.44
19 25 0.0034
1 20 0.1
20 2 0.2
3 20 0.12
20 4 0.71
5 20 0.14
6 20 0.21
20 7 0.27
20 8 0.41
20 9 0.35
20 10 0.5
11 20 0.18
14 20 0.14
20 15 0.71
20 16 0.32
20 17 0.32
18 20 0.21
20 19 0.17
20 25 0.0076
1 21 0.14
21 2 0.28
3 21 0.17
21 4 1.0
5 21 0.1
6 21 0.15
21 7 0.38
21 8 0.58
21 9 0.5
21 10 0.71
11 21 0.26
14 21 0.2
21 15 1.0
21 16 0.45
21 17 0.45
18 21 0.3
21 19 0.24
21 20 0.71
21 25 0.0145
1 22 0.1
22 2 0.2
3 22 0.12
22 4 0.71
5 22 0.14
6 22 0.1
22 7 0.27
22 8 0.41
22 9 0.35
22 10 0.5
11 22 0.18
14 22 0.14
22 15 0.71
22 16 0.32
22 17 0.32
18 22 0.21
22 19 0.17
22 20 0.5
22 21 0.71
22 25 0.0076
1 23 0.14
23 2 0.28
3 23 0.17
23 4 1.0
5 23 0.1
6 23 0.15
23 7 0.38
23 8 0.58
23 9 0.5
23 10 0.71
11 23 0.26
14 23 0.2
23 15 1.0
23 16 0.45
23 17 0.45
18 23 0.3
23 19 0.24
23 20 0.71
23 21 1.0
23 22 0.71
23 25 0.0145
1 24 0.14
24 2 0.28
3 24 0.17
24 4 1.0
5 24 0.1
6 24 0.15
24 7 0.38
24 8 0.58
24 9 0.5
24 10 0.71
11 24 0.26
14 24 0.2
24 15 1.0
24 16 0.45
24 17 0.45
18 24 0.3
24 19 0.24
24 20 0.71
24 21 1.0
24 22 0.71
24 23 1.0
24 25 0.0145
