*Vertices  16
1 "电容"
2 "容器"
3 "控制器"
4 "整流器"
5 "开关"
6 "变压器"
7 "发光板"
8 "LED"
9 "二极管"
10 "稳压二极管"
11 "三极管"
12 "电感"
13 "电极"
14 "电阻"
15 "屏幕"
16 "光电耦合器"
*Arcs
1 16 0.0080
1 2 0.37
2 16 0.0129
1 3 0.18
2 3 0.14
3 16 0.0059
1 4 0.68
4 2 0.55
4 3 0.13
4 16 0.0122
5 1 0.39
5 2 0.31
5 3 0.22
5 4 0.21
5 16 0.0029
1 6 0.61
6 2 0.42
6 3 0.1
6 4 0.77
5 6 0.33
6 16 0.0092
1 7 0.32
2 7 0.26
3 7 0.18
4 7 0.24
5 7 0.2
6 7 0.37
7 16 0.0188
8 1 0.37
8 2 0.23
8 3 0.32
8 4 0.25
8 5 0.58
8 6 0.32
8 7 0.18
8 16 0.0016
9 1 0.45
9 2 0.26
9 3 0.14
9 4 0.36
9 5 0.58
9 6 0.42
9 7 0.17
9 8 0.7
9 16 0.0027
1 10 0.57
10 2 0.18
10 3 0.26
10 4 0.67
5 10 0.21
6 10 0.65
10 7 0.47
8 10 0.25
9 10 0.36
10 16 0.0123
11 1 0.63
11 2 0.34
11 3 0.12
11 4 0.31
5 11 0.46
11 6 0.36
11 7 0.44
8 11 0.27
9 11 0.39
11 10 0.31
11 16 0.0109
12 1 0.62
12 2 0.6
12 3 0.14
12 4 0.55
5 12 0.39
12 6 0.57
12 7 0.52
8 12 0.23
9 12 0.33
12 10 0.37
12 11 0.68
12 16 0.0154
13 1 0.42
13 2 0.27
13 3 0.19
13 4 0.25
13 5 0.26
13 6 0.29
13 7 0.35
13 8 0.34
13 9 0.4
13 10 0.25
13 11 0.57
13 12 0.54
13 16 0.0072
14 1 0.81
14 2 0.33
14 3 0.23
14 4 0.59
5 14 0.46
14 6 0.54
14 7 0.28
8 14 0.42
9 14 0.57
14 10 0.59
14 11 0.64
14 12 0.54
13 14 0.44
14 16 0.0064
15 1 0.1
15 2 0.16
15 3 0.22
15 4 0.14
15 5 0.06
15 6 0.11
15 7 0.2
15 8 0.29
15 9 0.1
15 10 0.14
15 11 0.13
15 12 0.16
15 13 0.21
15 14 0.09
15 16 0.0068
