*Vertices  41
1 "衬底"
2 "滤波片"
3 "传感器"
4 "III-V族半导体材料"
5 "GAN"
6 "FBG"
7 "PD"
8 "解调方法"
9 "外延片"
10 "外延"
11 "LED"
12 "二极管"
13 "玻璃"
14 "环形器"
15 "通道"
16 "LED光源"
17 "滤光片"
18 "干涉仪"
19 "SiO2"
20 "半导体"
21 "Al2O3"
22 "GaAs"
23 "MQW"
24 "ITO"
25 "光子晶体"
26 "芯片"
27 "金属层"
28 "电流扩展层"
29 "Li"
30 "离子"
31 "电极"
32 "ARCTAN"
33 "电阻"
34 "光子晶体谐振腔"
35 "激光"
36 "MOCVD"
37 "湿法刻蚀"
38 "干法刻蚀"
39 "透镜"
40 "激发光"
41 "光纤"
*Arcs
1 41 0.0022
1 2 0.63
41 2 0.0043
3 41 2.0E-4
1 4 0.63
4 2 1.0
41 4 0.0043
1 5 0.63
5 2 1.0
5 4 1.0
41 5 0.0043
6 3 0.25
6 41 0.0023
1 7 0.63
7 2 1.0
7 4 1.0
7 5 1.0
41 7 0.0043
8 3 0.25
8 6 1.0
8 41 0.0023
9 1 0.77
9 2 0.82
9 4 0.82
9 5 0.82
9 7 0.82
9 41 0.0032
10 1 1.0
10 2 0.63
10 4 0.63
10 5 0.63
10 7 0.63
10 9 0.77
10 41 0.0022
11 1 0.23
11 2 0.14
11 3 0.41
11 4 0.14
11 5 0.14
11 6 0.1
11 7 0.14
11 8 0.1
11 9 0.18
11 10 0.23
11 41 3.0E-4
12 1 0.26
12 2 0.21
12 3 0.29
12 4 0.21
12 5 0.21
12 6 0.15
12 7 0.21
12 8 0.15
12 9 0.25
12 10 0.26
12 11 0.7
12 41 6.0E-4
1 13 0.22
13 2 0.34
3 13 0.06
13 4 0.34
13 5 0.34
13 7 0.34
9 13 0.28
10 13 0.22
11 13 0.42
12 13 0.32
41 13 6.0E-4
14 3 0.25
14 6 1.0
14 8 1.0
11 14 0.1
12 14 0.15
14 41 0.0023
1 15 0.18
15 2 0.29
3 15 0.1
15 4 0.29
15 5 0.29
15 7 0.29
9 15 0.24
10 15 0.18
11 15 0.25
12 15 0.24
13 15 0.2
41 15 4.0E-4
1 16 0.27
16 2 0.43
16 4 0.43
16 5 0.43
16 7 0.43
9 16 0.35
10 16 0.27
11 16 0.34
12 16 0.31
16 13 0.29
16 15 0.25
16 41 9.0E-4
1 17 0.52
17 2 0.82
17 4 0.82
17 5 0.82
17 7 0.82
9 17 0.67
10 17 0.52
11 17 0.18
12 17 0.25
13 17 0.28
17 15 0.24
16 17 0.52
41 17 0.0030
18 3 0.25
18 6 1.0
18 8 1.0
11 18 0.1
12 18 0.15
18 14 1.0
18 41 0.0023
19 1 0.67
19 2 0.71
19 4 0.71
19 5 0.71
19 7 0.71
19 9 0.87
19 10 0.67
19 11 0.2
19 12 0.22
19 13 0.36
19 15 0.2
19 16 0.3
19 17 0.58
19 41 0.0024
20 1 0.58
20 2 0.37
20 4 0.37
20 5 0.37
20 7 0.37
20 9 0.45
20 10 0.58
20 11 0.39
20 12 0.45
20 13 0.25
20 15 0.21
20 16 0.31
20 17 0.3
20 19 0.39
20 41 8.0E-4
1 21 0.89
21 2 0.71
21 4 0.71
21 5 0.71
21 7 0.71
9 21 0.58
10 21 0.89
11 21 0.2
12 21 0.22
13 21 0.24
21 15 0.2
16 21 0.3
17 21 0.58
19 21 0.5
20 21 0.52
41 21 0.0025
1 22 0.77
22 2 0.82
22 4 0.82
22 5 0.82
22 7 0.82
9 22 0.67
10 22 0.77
11 22 0.18
12 22 0.17
13 22 0.28
15 22 0.24
16 22 0.35
17 22 0.67
19 22 0.58
20 22 0.45
21 22 0.87
41 22 0.0031
1 23 0.63
23 2 1.0
23 4 1.0
23 5 1.0
23 7 1.0
9 23 0.82
10 23 0.63
11 23 0.14
12 23 0.21
13 23 0.34
15 23 0.29
16 23 0.43
17 23 0.82
19 23 0.71
20 23 0.37
21 23 0.71
22 23 0.82
41 23 0.0043
24 1 0.8
24 2 0.63
24 4 0.63
24 5 0.63
24 7 0.63
24 9 0.77
24 10 0.8
24 11 0.23
24 12 0.26
24 13 0.22
24 15 0.18
24 16 0.27
24 17 0.52
24 19 0.67
24 20 0.46
24 21 0.67
24 22 0.52
24 23 0.63
24 41 0.0021
1 25 0.63
25 2 1.0
25 4 1.0
25 5 1.0
25 7 1.0
9 25 0.82
10 25 0.63
11 25 0.14
12 25 0.21
13 25 0.34
15 25 0.29
16 25 0.43
17 25 0.82
19 25 0.71
20 25 0.37
21 25 0.71
22 25 0.82
25 23 1.0
24 25 0.63
41 25 0.0043
26 1 0.37
26 2 0.29
26 3 0.31
26 4 0.29
26 5 0.29
26 7 0.29
26 9 0.35
26 10 0.37
26 11 0.5
26 12 0.42
26 13 0.3
26 15 0.25
26 16 0.31
26 17 0.35
26 19 0.31
26 20 0.42
26 21 0.31
26 22 0.35
26 23 0.29
26 24 0.37
26 25 0.29
26 41 5.0E-4
27 1 0.89
27 2 0.71
27 4 0.71
27 5 0.71
27 7 0.71
27 9 0.87
27 10 0.89
27 11 0.2
27 12 0.29
27 13 0.24
27 15 0.2
27 16 0.3
27 17 0.58
27 19 0.75
27 20 0.52
27 21 0.75
27 22 0.58
27 23 0.71
27 24 0.89
27 25 0.71
27 26 0.31
27 41 0.0025
1 28 0.63
28 2 1.0
28 4 1.0
28 5 1.0
28 7 1.0
9 28 0.82
10 28 0.63
11 28 0.14
12 28 0.21
13 28 0.34
15 28 0.29
16 28 0.43
17 28 0.82
19 28 0.71
20 28 0.37
21 28 0.71
22 28 0.82
28 23 1.0
24 28 0.63
28 25 1.0
26 28 0.29
27 28 0.71
41 28 0.0043
1 29 0.3
29 2 0.47
3 29 0.08
29 4 0.47
29 5 0.47
29 7 0.47
9 29 0.38
10 29 0.3
11 29 0.3
12 29 0.44
13 29 0.32
29 15 0.27
16 29 0.3
17 29 0.38
19 29 0.33
20 29 0.52
21 29 0.33
29 22 0.38
29 23 0.47
24 29 0.3
29 25 0.47
26 29 0.27
27 29 0.33
29 28 0.47
41 29 0.0010
1 30 0.32
30 2 0.5
30 4 0.5
30 5 0.5
30 7 0.5
9 30 0.41
10 30 0.32
11 30 0.29
12 30 0.21
30 13 0.34
30 15 0.14
16 30 0.32
30 17 0.41
19 30 0.35
20 30 0.27
30 21 0.35
30 22 0.41
30 23 0.5
24 30 0.32
30 25 0.5
26 30 0.29
27 30 0.35
30 28 0.5
30 29 0.35
41 30 0.0012
31 1 0.67
31 2 0.43
31 3 0.08
31 4 0.43
31 5 0.43
31 7 0.43
31 9 0.52
31 10 0.67
31 11 0.34
31 12 0.4
31 13 0.22
31 15 0.25
31 16 0.18
31 17 0.35
31 19 0.45
31 20 0.54
31 21 0.6
31 22 0.52
31 23 0.43
31 24 0.67
31 25 0.43
31 26 0.49
31 27 0.6
31 28 0.43
31 29 0.2
31 30 0.21
31 41 0.0011
32 3 0.25
32 6 1.0
32 8 1.0
11 32 0.1
12 32 0.15
32 14 1.0
32 18 1.0
32 41 0.0023
1 33 0.11
33 2 0.17
33 3 0.24
33 4 0.17
33 5 0.17
33 7 0.17
9 33 0.14
10 33 0.11
11 33 0.42
12 33 0.57
33 13 0.12
33 15 0.3
33 16 0.15
33 17 0.28
19 33 0.12
20 33 0.25
33 21 0.12
33 22 0.14
33 23 0.17
24 33 0.11
33 25 0.17
26 33 0.5
27 33 0.12
33 28 0.17
33 29 0.16
33 30 0.09
31 33 0.44
33 41 2.0E-4
1 34 0.63
34 2 1.0
34 4 1.0
34 5 1.0
34 7 1.0
9 34 0.82
10 34 0.63
11 34 0.14
12 34 0.21
13 34 0.34
15 34 0.29
16 34 0.43
17 34 0.82
19 34 0.71
20 34 0.37
21 34 0.71
22 34 0.82
34 23 1.0
24 34 0.63
34 25 1.0
26 34 0.29
27 34 0.71
34 28 1.0
29 34 0.47
30 34 0.5
31 34 0.43
33 34 0.17
41 34 0.0043
1 35 0.73
35 2 0.58
3 35 0.1
35 4 0.58
35 5 0.58
35 7 0.58
9 35 0.47
10 35 0.73
11 35 0.25
12 35 0.18
13 35 0.2
35 15 0.17
16 35 0.25
17 35 0.47
19 35 0.41
20 35 0.42
35 21 0.82
35 22 0.71
35 23 0.58
24 35 0.55
35 25 0.58
26 35 0.33
27 35 0.61
35 28 0.58
35 29 0.27
30 35 0.29
31 35 0.49
33 35 0.1
35 34 0.58
41 35 0.0017
1 36 0.63
36 2 1.0
36 4 1.0
36 5 1.0
36 7 1.0
9 36 0.82
10 36 0.63
11 36 0.14
12 36 0.21
13 36 0.34
15 36 0.29
16 36 0.43
17 36 0.82
19 36 0.71
20 36 0.37
21 36 0.71
22 36 0.82
36 23 1.0
24 36 0.63
36 25 1.0
26 36 0.29
27 36 0.71
36 28 1.0
29 36 0.47
30 36 0.5
31 36 0.43
33 36 0.17
36 34 1.0
35 36 0.58
41 36 0.0043
37 1 0.77
37 2 0.82
37 4 0.82
37 5 0.82
37 7 0.82
37 9 1.0
37 10 0.77
37 11 0.18
37 12 0.25
37 13 0.28
37 15 0.24
37 16 0.35
37 17 0.67
37 19 0.87
37 20 0.45
37 21 0.58
37 22 0.67
37 23 0.82
37 24 0.77
37 25 0.82
37 26 0.35
37 27 0.87
37 28 0.82
37 29 0.38
37 30 0.41
37 31 0.52
37 33 0.14
37 34 0.82
37 35 0.47
37 36 0.82
37 41 0.0032
1 38 0.77
38 2 0.82
38 4 0.82
38 5 0.82
38 7 0.82
9 38 0.67
10 38 0.77
11 38 0.18
12 38 0.17
13 38 0.28
15 38 0.24
16 38 0.35
17 38 0.67
19 38 0.58
20 38 0.45
21 38 0.87
38 22 1.0
38 23 0.82
24 38 0.52
38 25 0.82
26 38 0.35
27 38 0.58
38 28 0.82
29 38 0.38
30 38 0.41
31 38 0.52
33 38 0.14
38 34 0.82
35 38 0.71
38 36 0.82
37 38 0.67
41 38 0.0031
1 39 0.18
39 2 0.29
39 3 0.1
39 4 0.29
39 5 0.29
39 7 0.29
9 39 0.24
10 39 0.18
11 39 0.25
12 39 0.18
39 13 0.1
39 16 0.25
39 17 0.24
19 39 0.2
20 39 0.32
39 21 0.2
39 22 0.24
39 23 0.29
24 39 0.18
39 25 0.29
26 39 0.17
27 39 0.2
39 28 0.29
39 29 0.27
39 30 0.14
31 39 0.12
39 34 0.29
39 35 0.17
39 36 0.29
37 39 0.24
39 38 0.24
39 41 4.0E-4
1 40 0.63
40 2 1.0
40 4 1.0
40 5 1.0
40 7 1.0
9 40 0.82
10 40 0.63
11 40 0.14
12 40 0.21
13 40 0.34
15 40 0.29
16 40 0.43
17 40 0.82
19 40 0.71
20 40 0.37
21 40 0.71
22 40 0.82
40 23 1.0
24 40 0.63
40 25 1.0
26 40 0.29
27 40 0.71
40 28 1.0
29 40 0.47
30 40 0.5
31 40 0.43
33 40 0.17
40 34 1.0
35 40 0.58
40 36 1.0
37 40 0.82
38 40 0.82
39 40 0.29
41 40 0.0043
