*Vertices  10
1 "LCD显示屏"
2 "显示器"
3 "LED灯"
4 "焊油墨"
5 "LED"
6 "电路板"
7 "客户"
8 "激光"
9 "屏幕"
10 "光膜"
*Arcs
1 10 0.0197
2 1 0.47
2 10 0.0181
3 1 0.05
3 2 0.05
3 10 0.0038
1 4 0.35
2 4 0.33
3 4 0.14
4 10 0.0967
5 1 0.29
5 2 0.3
5 3 0.73
5 4 0.1
5 10 0.0027
6 1 0.25
2 6 0.31
3 6 0.4
6 4 0.24
5 6 0.43
6 10 0.0105
1 7 0.2
2 7 0.19
3 7 0.24
7 4 0.58
5 7 0.18
6 7 0.27
7 10 0.0486
1 8 0.14
2 8 0.27
3 8 0.06
8 4 0.41
5 8 0.25
6 8 0.1
8 7 0.24
8 10 0.0263
9 1 0.25
9 2 0.24
9 3 0.1
9 4 0.35
9 5 0.29
9 6 0.25
9 7 0.2
9 8 0.29
9 10 0.0196
