*Vertices  11
1 "LED灯"
2 "探头"
3 "加湿器"
4 "LED"
5 "香薰托盘"
6 "LED光源"
7 "散热片"
8 "电路板"
9 "离子"
10 "蒸发腔"
11 "光触媒"
*Arcs
1 11 0.0056
1 2 0.14
11 2 0.0806
1 3 0.14
3 2 1.0
11 3 0.0806
4 1 0.73
4 2 0.1
4 3 0.1
4 11 0.0031
1 5 0.14
5 2 1.0
5 3 1.0
4 5 0.1
11 5 0.0806
1 6 0.3
4 6 0.34
6 11 0.0031
7 1 0.4
4 7 0.32
7 6 0.48
7 11 0.0030
1 8 0.4
8 2 0.24
8 3 0.24
4 8 0.43
8 5 0.24
6 8 0.21
7 8 0.07
8 11 0.0137
1 9 0.1
9 2 0.35
9 3 0.35
4 9 0.29
9 5 0.35
6 9 0.32
9 8 0.17
9 11 0.013
1 10 0.14
10 2 1.0
10 3 1.0
4 10 0.1
10 5 1.0
8 10 0.24
9 10 0.35
11 10 0.0806
