*Vertices  15
1 "LED灯"
2 "电容"
3 "工质"
4 "热电分离"
5 "连接管"
6 "LED"
7 "通道"
8 "电子元器件"
9 "基板"
10 "散热片"
11 "散热器"
12 "LED芯片"
13 "芯片"
14 "散热腔"
15 "冷凝器"
*Arcs
1 15 0.0020
1 2 0.35
2 15 0.0049
1 3 0.14
2 3 0.28
15 3 0.0467
1 4 0.2
2 4 0.2
4 3 0.71
4 15 0.0279
1 5 0.14
2 5 0.28
5 3 1.0
4 5 0.71
15 5 0.0467
6 1 0.73
6 2 0.37
6 3 0.1
6 4 0.14
6 5 0.1
6 15 0.0012
1 7 0.23
2 7 0.23
7 3 0.41
4 7 0.29
7 5 0.41
6 7 0.25
15 7 0.0096
1 8 0.14
2 8 0.28
8 3 1.0
4 8 0.71
8 5 1.0
6 8 0.1
8 7 0.41
15 8 0.0467
1 9 0.29
2 9 0.45
9 3 0.41
9 4 0.29
9 5 0.41
6 9 0.25
9 7 0.17
9 8 0.41
9 15 0.0101
10 1 0.4
10 2 0.09
10 3 0.32
10 4 0.22
10 5 0.32
6 10 0.32
10 7 0.26
10 8 0.32
10 9 0.26
10 15 0.0061
1 11 0.42
2 11 0.33
11 3 0.3
11 4 0.43
11 5 0.3
6 11 0.34
11 7 0.12
11 8 0.3
11 9 0.49
10 11 0.48
11 15 0.0067
12 1 0.14
12 2 0.14
12 3 0.5
12 4 0.35
12 5 0.5
12 6 0.2
12 7 0.2
12 8 0.5
12 9 0.41
12 10 0.16
12 11 0.15
12 15 0.0141
13 1 0.26
13 2 0.4
13 3 0.2
13 4 0.14
13 5 0.2
13 6 0.5
13 7 0.25
13 8 0.2
13 9 0.17
13 10 0.13
13 11 0.12
13 12 0.41
13 15 0.0027
1 14 0.24
2 14 0.16
14 3 0.58
14 4 0.82
14 5 0.58
6 14 0.18
14 7 0.24
14 8 0.58
9 14 0.24
10 14 0.18
11 14 0.35
12 14 0.29
13 14 0.12
14 15 0.0196
