*Vertices  14
1 "LED灯"
2 "容器"
3 "开关"
4 "太阳能吸收板"
5 "LED"
6 "二极管"
7 "玻璃"
8 "电热丝"
9 "塑料"
10 "电加热器"
11 "滑动变阻器"
12 "太阳能"
13 "蓄电池"
14 "加热管"
*Arcs
1 14 0.0021
1 2 0.19
2 14 0.0157
3 1 0.37
3 2 0.31
3 14 0.0095
1 4 0.14
3 4 0.17
14 4 0.0292
5 1 0.73
5 2 0.23
5 3 0.58
5 4 0.1
5 14 0.0041
6 1 0.35
6 2 0.26
6 3 0.58
6 5 0.7
6 14 0.0022
1 7 0.27
3 7 0.17
7 4 0.24
5 7 0.42
6 7 0.32
7 14 0.0044
1 8 0.16
2 8 0.26
3 8 0.1
5 8 0.18
6 8 0.08
7 8 0.14
14 8 0.0239
1 9 0.36
9 2 0.13
3 9 0.15
5 9 0.35
6 9 0.21
9 7 0.28
9 8 0.33
9 14 0.0068
2 10 0.45
3 10 0.17
5 10 0.1
6 10 0.15
10 8 0.58
9 10 0.29
14 10 0.0517
2 11 0.45
3 11 0.17
5 11 0.1
6 11 0.15
11 8 0.58
9 11 0.29
11 10 1.0
14 11 0.0517
1 12 0.21
3 12 0.2
12 4 0.38
5 12 0.27
6 12 0.11
7 12 0.18
12 14 0.0097
1 13 0.31
13 2 0.28
3 13 0.33
13 4 0.32
5 13 0.32
6 13 0.18
7 13 0.15
13 12 0.72
13 14 0.0075
