*Vertices  102
1 "LED显示屏"
2 "显示器"
3 "衬底"
4 "LED灯罩"
5 "LED灯"
6 "滤波片"
7 "光纤"
8 "电容"
9 "容器"
10 "叶片"
11 "荧光粉"
12 "整流器"
13 "开关"
14 "发光荧光材料"
15 "III-V族半导体材料"
16 "GAN"
17 "保护层"
18 "PD"
19 "引发剂"
20 "模数转换集成块"
21 "硼酸"
22 "活性层"
23 "变压器"
24 "阻燃塑料外壳"
25 "EP"
26 "LED外延片"
27 "外延片"
28 "外延"
29 "LED"
30 "二极管"
31 "三极管"
32 "扩散剂"
33 "玻璃"
34 "通道"
35 "接收管"
36 "LED光源"
37 "塑料"
38 "腐蚀液"
39 "缩水甘油"
40 "转换器"
41 "铝基板"
42 "基板"
43 "导热陶瓷"
44 "基座"
45 "滤光片"
46 "稀释剂"
47 "硅橡胶"
48 "光刻胶"
49 "密封胶"
50 "SiO2"
51 "放大器"
52 "电路板"
53 "Al2O3"
54 "GaAs"
55 "MQW"
56 "ITO"
57 "键合"
58 "含硅"
59 "光子晶体"
60 "蓄电池"
61 "充电电池"
62 "LED芯片"
63 "芯片"
64 "金属层"
65 "电流扩展层"
66 "电抗器"
67 "充电器"
68 "存储器"
69 "酸盐"
70 "Li"
71 "电感"
72 "离子"
73 "电极"
74 "电阻"
75 "基色"
76 "脉冲信号"
77 "光子晶体谐振腔"
78 "丙酮"
79 "激光"
80 "粘附层"
81 "超声波"
82 "MOCVD"
83 "湿法刻蚀"
84 "干法刻蚀"
85 "空穴"
86 "射灯"
87 "检测仪"
88 "臭氧"
89 "屏幕"
90 "透镜"
91 "透明导电层"
92 "反射层"
93 "甲基"
94 "扬声器"
95 "固定支架"
96 "激发光"
97 "发光管"
98 "提示仪"
99 "晶体闸流管"
100 "导热柱"
101 "DMA"
102 "半导体"
*Arcs
102 1 1.0E-4
102 2 0.0
102 3 0.0013
102 4 1.0E-4
5 1 0.06
5 2 0.05
5 4 0.2
102 5 4.0E-4
3 6 0.63
102 6 6.0E-4
3 7 0.52
7 6 0.82
102 7 4.0E-4
5 8 0.35
102 8 2.0E-4
5 9 0.19
8 9 0.37
102 9 4.0E-4
10 1 0.58
5 10 0.1
102 10 1.0E-4
3 11 0.32
5 11 0.1
9 11 0.32
102 11 4.0E-4
5 12 0.29
8 12 0.68
12 9 0.55
102 12 1.0E-4
13 2 0.06
13 5 0.37
13 8 0.39
13 9 0.31
13 12 0.21
102 13 2.0E-4
3 14 0.26
5 14 0.16
14 9 0.26
14 11 0.41
102 14 6.0E-4
3 15 0.63
15 6 1.0
7 15 0.82
102 15 6.0E-4
3 16 0.63
16 6 1.0
7 16 0.82
16 15 1.0
102 16 6.0E-4
3 17 0.45
17 14 0.58
102 17 2.0E-4
3 18 0.63
18 6 1.0
7 18 0.82
18 15 1.0
18 16 1.0
102 18 6.0E-4
19 2 0.24
102 19 2.0E-4
5 20 0.14
20 8 0.28
13 20 0.17
102 20 2.0E-4
21 2 0.24
5 21 0.1
21 9 0.32
21 11 0.5
21 14 0.41
21 19 0.5
102 21 5.0E-4
3 22 0.45
22 14 0.58
22 17 1.0
102 22 2.0E-4
23 2 0.11
5 23 0.31
8 23 0.61
23 9 0.42
23 12 0.77
13 23 0.33
23 19 0.22
23 21 0.22
102 23 4.0E-4
5 24 0.14
13 24 0.17
23 24 0.32
102 24 1.0E-4
25 2 0.24
25 19 1.0
25 21 0.5
25 23 0.22
102 25 2.0E-4
26 3 0.45
102 26 2.0E-4
27 3 0.77
27 6 0.82
27 7 0.67
27 15 0.82
27 16 0.82
27 18 0.82
27 26 0.58
102 27 8.0E-4
28 3 1.0
28 6 0.63
28 7 0.52
28 11 0.32
28 14 0.26
28 15 0.63
28 16 0.63
28 17 0.45
28 18 0.63
28 22 0.45
28 26 0.45
28 27 0.77
102 28 0.0013
29 1 0.25
29 2 0.3
29 3 0.23
29 4 0.14
29 5 0.73
29 6 0.14
29 7 0.18
29 8 0.37
29 9 0.23
29 10 0.14
29 11 0.14
29 12 0.25
29 13 0.58
29 14 0.18
29 15 0.14
29 16 0.14
29 17 0.1
29 18 0.14
29 19 0.14
29 20 0.1
29 21 0.14
29 22 0.1
29 23 0.32
29 24 0.1
29 25 0.14
29 26 0.1
29 27 0.18
29 28 0.23
102 29 7.0E-4
30 2 0.19
30 3 0.26
30 4 0.1
30 5 0.35
30 6 0.21
30 7 0.25
30 8 0.45
30 9 0.26
30 12 0.36
30 13 0.58
30 14 0.17
30 15 0.21
30 16 0.21
30 17 0.15
30 18 0.21
30 19 0.21
30 20 0.15
30 21 0.1
30 22 0.15
30 23 0.42
30 24 0.15
30 25 0.21
30 26 0.15
30 27 0.25
30 28 0.26
30 29 0.7
102 30 9.0E-4
31 2 0.13
5 31 0.21
31 8 0.63
31 9 0.34
31 12 0.31
13 31 0.46
31 20 0.38
31 23 0.36
29 31 0.27
30 31 0.39
102 31 2.0E-4
5 32 0.2
9 32 0.32
32 11 0.5
14 32 0.82
21 32 0.5
29 32 0.14
30 32 0.1
102 32 3.0E-4
33 1 0.3
33 2 0.24
3 33 0.22
5 33 0.27
33 6 0.34
7 33 0.28
8 33 0.07
33 10 0.34
13 33 0.17
33 15 0.34
33 16 0.34
33 18 0.34
33 19 0.34
33 21 0.17
33 23 0.08
33 25 0.34
27 33 0.28
28 33 0.22
29 33 0.42
30 33 0.32
31 33 0.09
102 33 3.0E-4
3 34 0.18
5 34 0.23
34 6 0.29
7 34 0.24
8 34 0.23
13 34 0.07
34 15 0.29
34 16 0.29
34 18 0.29
27 34 0.24
28 34 0.18
29 34 0.25
30 34 0.24
31 34 0.15
33 34 0.2
102 34 2.0E-4
35 2 0.19
5 35 0.16
35 8 0.32
13 35 0.3
35 20 0.58
29 35 0.18
30 35 0.25
35 31 0.65
35 33 0.14
35 34 0.24
102 35 1.0E-4
36 2 0.2
3 36 0.27
5 36 0.3
36 6 0.43
36 7 0.35
36 9 0.13
36 11 0.21
13 36 0.05
36 14 0.17
36 15 0.43
36 16 0.43
36 18 0.43
36 19 0.21
36 21 0.43
36 23 0.1
36 25 0.21
27 36 0.35
28 36 0.27
29 36 0.34
30 36 0.31
31 36 0.11
36 32 0.21
36 33 0.29
36 34 0.25
35 36 0.17
102 36 4.0E-4
37 1 0.12
37 2 0.1
37 4 0.2
5 37 0.36
37 9 0.13
37 10 0.2
13 37 0.15
37 23 0.09
37 24 0.29
29 37 0.35
30 37 0.21
37 33 0.28
37 34 0.24
37 36 0.17
102 37 2.0E-4
38 3 0.45
38 26 1.0
38 27 0.58
38 28 0.45
38 29 0.1
38 30 0.15
102 38 2.0E-4
39 2 0.24
39 19 1.0
39 21 0.5
39 23 0.22
39 25 1.0
29 39 0.14
30 39 0.21
39 33 0.34
36 39 0.21
102 39 2.0E-4
40 1 0.2
5 40 0.07
40 8 0.28
13 40 0.26
40 20 0.5
29 40 0.2
30 40 0.22
40 31 0.19
40 35 0.29
102 40 1.0E-4
4 41 0.32
5 41 0.31
8 41 0.12
13 41 0.16
23 41 0.28
41 24 0.45
29 41 0.23
30 41 0.26
31 41 0.17
34 41 0.18
37 41 0.39
102 41 4.0E-4
3 42 0.18
5 42 0.29
8 42 0.45
42 11 0.29
42 12 0.5
23 42 0.39
28 42 0.18
29 42 0.25
30 42 0.18
42 34 0.17
102 42 1.0E-4
5 43 0.14
29 43 0.1
30 43 0.15
34 43 0.41
37 43 0.29
43 41 0.45
102 43 2.0E-4
5 44 0.2
9 44 0.32
44 11 0.5
14 44 0.41
21 44 0.5
29 44 0.14
30 44 0.1
32 44 0.5
34 44 0.29
36 44 0.21
37 44 0.2
44 41 0.32
44 43 0.71
102 44 5.0E-4
2 45 0.19
3 45 0.52
45 6 0.82
7 45 0.67
13 45 0.1
45 15 0.82
45 16 0.82
45 18 0.82
27 45 0.67
28 45 0.52
29 45 0.18
30 45 0.25
31 45 0.22
33 45 0.28
45 34 0.24
35 45 0.33
36 45 0.52
102 45 4.0E-4
46 2 0.24
46 19 1.0
46 21 0.5
46 23 0.22
46 25 1.0
29 46 0.14
30 46 0.21
46 33 0.34
36 46 0.21
46 39 1.0
102 46 2.0E-4
47 2 0.24
5 47 0.1
47 9 0.32
47 11 0.5
47 14 0.41
47 19 0.5
47 21 1.0
47 23 0.22
47 25 0.5
29 47 0.14
30 47 0.1
47 32 0.5
47 33 0.17
36 47 0.43
47 39 0.5
47 44 0.5
47 46 0.5
102 47 5.0E-4
48 3 0.45
48 26 1.0
48 27 0.58
48 28 0.45
48 29 0.1
48 30 0.15
48 38 1.0
102 48 2.0E-4
49 1 0.24
49 5 0.24
49 10 0.41
49 13 0.1
29 49 0.18
30 49 0.08
49 33 0.14
49 34 0.24
49 37 0.17
49 41 0.26
49 43 0.58
49 44 0.41
102 49 3.0E-4
50 1 0.2
50 3 0.67
50 6 0.71
50 7 0.58
50 10 0.35
50 15 0.71
50 16 0.71
50 18 0.71
50 26 0.5
50 27 0.87
50 28 0.67
50 29 0.2
50 30 0.22
50 33 0.36
50 34 0.2
50 36 0.3
50 37 0.14
50 38 0.5
50 45 0.58
50 48 0.5
102 50 7.0E-4
5 51 0.2
51 8 0.39
13 51 0.25
51 20 0.71
51 23 0.22
29 51 0.14
30 51 0.21
51 31 0.53
51 35 0.41
51 40 0.35
51 41 0.32
102 51 2.0E-4
52 1 0.19
2 52 0.31
5 52 0.4
8 52 0.13
52 9 0.11
52 10 0.33
52 11 0.17
13 52 0.12
52 14 0.27
19 52 0.17
21 52 0.17
25 52 0.17
29 52 0.43
30 52 0.24
31 52 0.27
52 32 0.33
33 52 0.4
52 34 0.1
35 52 0.27
36 52 0.21
37 52 0.2
39 52 0.17
52 44 0.17
52 45 0.14
46 52 0.17
47 52 0.17
49 52 0.14
50 52 0.12
102 52 2.0E-4
3 53 0.89
53 6 0.71
7 53 0.58
53 11 0.35
53 14 0.29
53 15 0.71
53 16 0.71
53 17 0.5
53 18 0.71
53 22 0.5
27 53 0.58
28 53 0.89
29 53 0.2
30 53 0.22
33 53 0.24
53 34 0.2
36 53 0.3
42 53 0.2
45 53 0.58
50 53 0.5
102 53 0.0011
3 54 0.77
54 6 0.82
7 54 0.67
11 54 0.41
54 15 0.82
54 16 0.82
54 18 0.82
27 54 0.67
28 54 0.77
29 54 0.18
30 54 0.17
33 54 0.28
34 54 0.24
36 54 0.35
42 54 0.24
45 54 0.67
50 54 0.58
53 54 0.87
102 54 8.0E-4
3 55 0.63
55 6 1.0
7 55 0.82
55 15 1.0
55 16 1.0
55 18 1.0
27 55 0.82
28 55 0.63
29 55 0.14
30 55 0.21
33 55 0.34
34 55 0.29
36 55 0.43
45 55 0.82
50 55 0.71
53 55 0.71
54 55 0.82
102 55 6.0E-4
56 2 0.15
56 3 0.8
56 6 0.63
56 7 0.52
56 14 0.26
56 15 0.63
56 16 0.63
56 17 0.45
56 18 0.63
56 22 0.45
56 26 0.45
56 27 0.77
56 28 0.8
56 29 0.23
56 30 0.26
56 33 0.22
56 34 0.18
56 36 0.27
56 38 0.45
56 45 0.52
56 48 0.45
56 50 0.67
56 53 0.67
56 54 0.52
56 55 0.63
56 102 9.0E-4
3 57 0.45
11 57 0.71
28 57 0.45
29 57 0.1
42 57 0.41
53 57 0.5
57 54 0.58
102 57 2.0E-4
58 2 0.33
58 19 0.71
58 21 0.71
58 23 0.32
58 25 0.71
29 58 0.1
30 58 0.15
58 33 0.24
36 58 0.3
58 39 0.71
58 46 0.71
58 47 0.71
102 58 2.0E-4
3 59 0.63
59 6 1.0
7 59 0.82
59 15 1.0
59 16 1.0
59 18 1.0
27 59 0.82
28 59 0.63
29 59 0.14
30 59 0.21
33 59 0.34
34 59 0.29
36 59 0.43
45 59 0.82
50 59 0.71
53 59 0.71
54 59 0.82
59 55 1.0
56 59 0.63
102 59 6.0E-4
60 1 0.13
5 60 0.31
8 60 0.18
60 9 0.28
12 60 0.26
13 60 0.33
23 60 0.2
29 60 0.32
30 60 0.18
31 60 0.12
33 60 0.15
102 60 1.0E-4
5 61 0.1
61 8 0.39
13 61 0.25
61 20 0.71
29 61 0.14
30 61 0.21
61 31 0.53
61 35 0.41
61 40 0.35
61 51 0.5
61 52 0.17
102 61 1.0E-4
62 3 0.45
62 5 0.14
62 8 0.14
62 9 0.22
62 11 0.71
62 14 0.29
62 21 0.35
62 26 0.5
62 27 0.29
62 28 0.45
62 29 0.2
62 30 0.07
62 32 0.35
62 34 0.2
62 36 0.15
62 38 0.5
62 42 0.41
62 44 0.35
62 47 0.35
62 48 0.5
62 50 0.25
62 52 0.12
62 53 0.25
62 54 0.29
62 56 0.22
62 57 0.5
62 102 5.0E-4
63 1 0.08
63 2 0.34
63 3 0.37
63 5 0.26
63 6 0.29
63 7 0.24
63 8 0.4
63 9 0.09
63 10 0.14
63 11 0.29
63 13 0.28
63 14 0.12
63 15 0.29
63 16 0.29
63 18 0.29
63 19 0.29
63 20 0.2
63 21 0.29
63 23 0.13
63 25 0.29
63 26 0.2
63 27 0.35
63 28 0.37
63 29 0.5
63 30 0.42
63 31 0.39
63 32 0.14
63 33 0.3
63 34 0.25
63 35 0.35
63 36 0.31
63 37 0.06
63 38 0.2
63 39 0.29
63 40 0.31
63 41 0.18
63 42 0.17
63 44 0.14
63 45 0.35
63 46 0.29
63 47 0.29
63 48 0.2
63 49 0.12
63 50 0.31
63 51 0.29
63 52 0.38
63 53 0.31
63 54 0.35
63 55 0.29
63 56 0.37
63 57 0.2
63 58 0.2
63 59 0.29
63 61 0.29
63 62 0.41
63 102 8.0E-4
64 3 0.89
64 6 0.71
64 7 0.58
64 14 0.29
64 15 0.71
64 16 0.71
64 17 0.5
64 18 0.71
64 22 0.5
64 26 0.5
64 27 0.87
64 28 0.89
64 29 0.2
64 30 0.29
64 33 0.24
64 34 0.2
64 36 0.3
64 38 0.5
64 45 0.58
64 48 0.5
64 50 0.75
64 53 0.75
64 54 0.58
64 55 0.71
64 56 0.89
64 59 0.71
64 62 0.25
64 63 0.31
64 102 0.0011
3 65 0.63
65 6 1.0
7 65 0.82
65 15 1.0
65 16 1.0
65 18 1.0
27 65 0.82
28 65 0.63
29 65 0.14
30 65 0.21
33 65 0.34
34 65 0.29
36 65 0.43
45 65 0.82
50 65 0.71
53 65 0.71
54 65 0.82
65 55 1.0
56 65 0.63
65 59 1.0
63 65 0.29
64 65 0.71
102 65 6.0E-4
5 66 0.2
8 66 0.39
66 9 0.63
12 66 0.58
13 66 0.25
23 66 0.45
29 66 0.14
30 66 0.21
31 66 0.27
66 60 0.45
102 66 3.0E-4
5 67 0.14
67 8 0.28
13 67 0.17
67 20 1.0
29 67 0.1
30 67 0.15
67 31 0.38
67 35 0.58
67 40 0.5
67 51 0.71
67 61 0.71
63 67 0.2
102 67 2.0E-4
68 2 0.15
5 68 0.06
68 8 0.12
13 68 0.31
68 20 0.45
29 68 0.23
30 68 0.33
68 31 0.34
68 35 0.52
68 36 0.13
68 40 0.45
68 45 0.26
68 51 0.32
68 52 0.11
68 61 0.32
63 68 0.27
68 67 0.45
102 68 1.0E-4
69 2 0.19
5 69 0.08
69 9 0.26
69 11 0.41
69 14 0.33
69 19 0.82
69 21 0.82
69 23 0.18
69 25 0.82
29 69 0.18
30 69 0.17
69 32 0.41
69 33 0.28
36 69 0.35
69 39 0.82
69 44 0.41
69 46 0.82
69 47 0.82
69 52 0.27
69 58 0.58
62 69 0.29
63 69 0.35
102 69 4.0E-4
3 70 0.3
70 4 0.24
5 70 0.23
70 6 0.47
7 70 0.38
8 70 0.09
13 70 0.12
14 70 0.19
70 15 0.47
70 16 0.47
70 18 0.47
19 70 0.24
23 70 0.11
70 24 0.33
25 70 0.24
27 70 0.38
28 70 0.3
29 70 0.3
30 70 0.44
70 32 0.24
33 70 0.32
70 34 0.27
36 70 0.3
37 70 0.29
39 70 0.24
40 70 0.17
70 41 0.45
70 43 0.33
70 44 0.24
45 70 0.38
46 70 0.24
49 70 0.19
50 70 0.33
52 70 0.16
53 70 0.33
70 54 0.38
70 55 0.47
56 70 0.3
70 59 0.47
63 70 0.27
64 70 0.33
70 65 0.47
69 70 0.19
102 70 0.0010
5 71 0.25
71 8 0.62
71 9 0.6
71 12 0.55
13 71 0.39
71 20 0.45
71 23 0.57
29 71 0.23
30 71 0.33
71 31 0.68
71 35 0.26
71 40 0.22
71 41 0.2
71 51 0.63
71 60 0.28
71 61 0.32
63 71 0.18
71 66 0.63
71 67 0.45
71 68 0.2
102 71 4.0E-4
72 1 0.29
72 2 0.12
3 72 0.32
5 72 0.1
72 6 0.5
7 72 0.41
72 15 0.5
72 16 0.5
72 18 0.5
72 19 0.5
72 21 0.25
72 23 0.11
72 25 0.5
27 72 0.41
28 72 0.32
29 72 0.29
30 72 0.21
72 33 0.34
72 34 0.14
36 72 0.32
72 39 0.5
40 72 0.18
72 45 0.41
72 46 0.5
72 47 0.25
50 72 0.35
72 52 0.17
72 53 0.35
72 54 0.41
72 55 0.5
56 72 0.32
72 58 0.35
72 59 0.5
63 72 0.29
64 72 0.35
72 65 0.5
72 69 0.41
72 70 0.35
102 72 4.0E-4
73 2 0.1
73 3 0.67
73 5 0.17
73 6 0.43
73 7 0.35
73 8 0.42
73 9 0.27
73 11 0.21
73 12 0.25
73 13 0.26
73 14 0.17
73 15 0.43
73 16 0.43
73 17 0.3
73 18 0.43
73 20 0.3
73 22 0.3
73 23 0.29
73 26 0.3
73 27 0.52
73 28 0.67
73 29 0.34
73 30 0.4
73 31 0.57
73 33 0.22
73 34 0.25
73 35 0.35
73 36 0.18
73 38 0.3
73 40 0.15
73 41 0.13
73 42 0.12
73 45 0.35
73 48 0.3
73 50 0.45
73 51 0.43
73 52 0.07
73 53 0.6
73 54 0.52
73 55 0.43
73 56 0.67
73 57 0.3
73 59 0.43
73 60 0.1
73 61 0.21
73 62 0.3
73 63 0.49
73 64 0.6
73 65 0.43
73 66 0.21
73 67 0.3
73 68 0.13
73 70 0.2
73 71 0.54
73 72 0.21
73 102 0.0012
74 2 0.08
3 74 0.11
5 74 0.27
74 6 0.17
74 7 0.14
74 8 0.81
74 9 0.33
74 12 0.59
13 74 0.46
74 15 0.17
74 16 0.17
74 18 0.17
74 20 0.24
74 23 0.54
27 74 0.14
28 74 0.11
29 74 0.42
30 74 0.57
74 31 0.64
74 33 0.12
74 34 0.3
74 35 0.42
74 36 0.15
74 40 0.36
74 41 0.11
74 42 0.3
74 45 0.28
50 74 0.12
74 51 0.34
74 52 0.17
74 53 0.12
74 54 0.14
74 55 0.17
56 74 0.11
74 59 0.17
74 60 0.15
74 61 0.34
63 74 0.5
64 74 0.12
74 65 0.17
74 66 0.34
74 67 0.24
74 68 0.33
74 70 0.16
74 71 0.54
74 72 0.09
73 74 0.44
102 74 3.0E-4
75 1 0.29
3 75 0.32
75 10 0.5
75 11 0.5
28 75 0.32
29 75 0.14
33 75 0.17
37 75 0.2
42 75 0.29
50 75 0.35
52 75 0.17
53 75 0.35
75 54 0.41
75 57 0.71
62 75 0.35
63 75 0.14
73 75 0.21
102 75 1.0E-4
5 76 0.1
76 8 0.2
13 76 0.12
76 20 0.71
29 76 0.14
30 76 0.21
76 31 0.27
76 35 0.41
76 40 0.35
76 51 0.5
76 61 0.5
63 76 0.14
76 67 0.71
76 68 0.32
76 71 0.32
73 76 0.21
76 74 0.17
102 76 1.0E-4
3 77 0.63
77 6 1.0
7 77 0.82
77 15 1.0
77 16 1.0
77 18 1.0
27 77 0.82
28 77 0.63
29 77 0.14
30 77 0.21
33 77 0.34
34 77 0.29
36 77 0.43
45 77 0.82
50 77 0.71
53 77 0.71
54 77 0.82
77 55 1.0
56 77 0.63
77 59 1.0
63 77 0.29
64 77 0.71
77 65 1.0
70 77 0.47
72 77 0.5
73 77 0.43
74 77 0.17
102 77 6.0E-4
78 2 0.24
78 19 1.0
78 21 0.5
78 23 0.22
78 25 1.0
29 78 0.14
30 78 0.21
78 33 0.34
36 78 0.21
78 39 1.0
78 46 1.0
78 47 0.5
78 52 0.17
78 58 0.71
63 78 0.29
78 69 0.82
78 70 0.24
78 72 0.5
102 78 2.0E-4
2 79 0.27
3 79 0.73
5 79 0.06
79 6 0.58
7 79 0.47
79 11 0.29
79 14 0.24
79 15 0.58
79 16 0.58
79 17 0.41
79 18 0.58
79 22 0.41
27 79 0.47
28 79 0.73
29 79 0.25
30 79 0.18
33 79 0.2
79 34 0.17
36 79 0.25
37 79 0.12
42 79 0.17
45 79 0.47
50 79 0.41
52 79 0.1
79 53 0.82
79 54 0.71
79 55 0.58
56 79 0.55
79 57 0.41
79 59 0.58
62 79 0.2
63 79 0.33
64 79 0.61
79 65 0.58
79 70 0.27
72 79 0.29
73 79 0.49
74 79 0.1
79 75 0.29
79 77 0.58
102 79 7.0E-4
3 80 0.45
80 14 0.58
80 17 1.0
80 22 1.0
28 80 0.45
29 80 0.1
30 80 0.15
80 53 0.5
56 80 0.45
64 80 0.5
73 80 0.3
80 79 0.41
102 80 2.0E-4
5 81 0.14
81 8 0.28
13 81 0.17
81 20 1.0
29 81 0.1
30 81 0.15
81 31 0.38
81 35 0.58
81 40 0.5
81 51 0.71
81 61 0.71
63 81 0.2
81 67 1.0
81 68 0.45
81 71 0.45
73 81 0.3
81 74 0.24
81 76 0.71
102 81 2.0E-4
3 82 0.63
82 6 1.0
7 82 0.82
82 15 1.0
82 16 1.0
82 18 1.0
27 82 0.82
28 82 0.63
29 82 0.14
30 82 0.21
33 82 0.34
34 82 0.29
36 82 0.43
45 82 0.82
50 82 0.71
53 82 0.71
54 82 0.82
82 55 1.0
56 82 0.63
82 59 1.0
63 82 0.29
64 82 0.71
82 65 1.0
70 82 0.47
72 82 0.5
73 82 0.43
74 82 0.17
82 77 1.0
79 82 0.58
102 82 6.0E-4
83 3 0.77
83 6 0.82
83 7 0.67
83 15 0.82
83 16 0.82
83 18 0.82
83 26 0.58
83 27 1.0
83 28 0.77
83 29 0.18
83 30 0.25
83 33 0.28
83 34 0.24
83 36 0.35
83 38 0.58
83 45 0.67
83 48 0.58
83 50 0.87
83 53 0.58
83 54 0.67
83 55 0.82
83 56 0.77
83 59 0.82
83 62 0.29
83 63 0.35
83 64 0.87
83 65 0.82
83 70 0.38
83 72 0.41
83 73 0.52
83 74 0.14
83 77 0.82
83 79 0.47
83 82 0.82
83 102 8.0E-4
3 84 0.77
84 6 0.82
7 84 0.67
11 84 0.41
84 15 0.82
84 16 0.82
84 18 0.82
27 84 0.67
28 84 0.77
29 84 0.18
30 84 0.17
33 84 0.28
34 84 0.24
36 84 0.35
42 84 0.24
45 84 0.67
50 84 0.58
53 84 0.87
84 54 1.0
84 55 0.82
56 84 0.52
84 57 0.58
84 59 0.82
62 84 0.29
63 84 0.35
64 84 0.58
84 65 0.82
70 84 0.38
72 84 0.41
73 84 0.52
74 84 0.14
75 84 0.41
84 77 0.82
79 84 0.71
84 82 0.82
83 84 0.67
102 84 8.0E-4
4 85 0.41
5 85 0.24
13 85 0.1
23 85 0.18
85 24 0.58
29 85 0.18
30 85 0.25
34 85 0.24
37 85 0.5
85 41 0.77
85 43 0.58
44 85 0.41
49 85 0.33
70 85 0.58
102 85 6.0E-4
86 4 0.35
5 86 0.28
8 86 0.28
86 12 0.2
13 86 0.09
23 86 0.16
29 86 0.2
30 86 0.29
31 86 0.19
33 86 0.12
86 34 0.41
35 86 0.29
37 86 0.29
86 41 0.45
86 42 0.2
86 43 0.5
86 44 0.35
49 86 0.29
86 52 0.12
63 86 0.1
86 70 0.33
73 86 0.15
74 86 0.24
86 85 0.58
102 86 2.0E-4
87 2 0.24
5 87 0.1
87 8 0.2
13 87 0.12
87 20 0.71
29 87 0.14
30 87 0.1
87 31 0.27
87 35 0.41
87 40 0.35
87 51 0.5
87 61 0.5
63 87 0.14
87 67 0.71
87 68 0.32
87 71 0.32
73 87 0.21
87 74 0.17
87 76 0.5
87 81 0.71
102 87 1.0E-4
5 88 0.24
9 88 0.26
88 11 0.41
14 88 0.33
21 88 0.41
29 88 0.18
32 88 0.41
33 88 0.14
36 88 0.17
37 88 0.17
88 44 0.41
47 88 0.41
52 88 0.14
62 88 0.29
63 88 0.12
69 88 0.33
72 88 0.2
102 88 1.0E-4
89 1 0.58
89 2 0.24
89 3 0.16
89 5 0.1
89 8 0.1
89 9 0.16
89 10 0.5
89 12 0.14
89 13 0.06
89 23 0.11
89 26 0.35
89 27 0.2
89 28 0.16
89 29 0.29
89 30 0.1
89 31 0.13
89 33 0.17
89 37 0.2
89 38 0.35
89 40 0.18
89 48 0.35
89 49 0.2
89 50 0.35
89 52 0.25
89 56 0.16
89 62 0.18
89 63 0.22
89 64 0.18
89 71 0.16
89 72 0.13
89 73 0.21
89 74 0.09
89 75 0.25
89 79 0.29
89 83 0.2
89 102 2.0E-4
3 90 0.18
90 5 0.23
90 6 0.29
90 7 0.24
90 9 0.18
90 11 0.29
90 13 0.07
90 14 0.47
90 15 0.29
90 16 0.29
90 18 0.29
90 21 0.29
27 90 0.24
28 90 0.18
29 90 0.25
30 90 0.18
90 32 0.58
90 33 0.1
90 36 0.25
90 42 0.17
90 44 0.29
90 45 0.24
90 47 0.29
90 49 0.24
50 90 0.2
90 52 0.19
90 53 0.2
90 54 0.24
90 55 0.29
56 90 0.18
90 59 0.29
62 90 0.2
63 90 0.17
64 90 0.2
90 65 0.29
90 68 0.18
90 69 0.24
90 70 0.27
90 72 0.14
73 90 0.12
90 77 0.29
90 79 0.17
90 82 0.29
83 90 0.24
90 84 0.24
90 88 0.24
102 90 4.0E-4
3 91 0.45
91 14 0.58
91 17 1.0
91 22 1.0
28 91 0.45
29 91 0.1
30 91 0.15
91 53 0.5
56 91 0.45
64 91 0.5
73 91 0.3
91 79 0.41
91 80 1.0
102 91 2.0E-4
92 1 0.2
92 3 0.67
92 10 0.35
92 11 0.35
92 14 0.29
92 17 0.5
92 22 0.5
92 26 0.5
92 27 0.29
92 28 0.67
92 29 0.2
92 30 0.15
92 33 0.12
92 37 0.14
92 38 0.5
92 42 0.2
92 48 0.5
92 50 0.5
92 52 0.12
92 53 0.5
92 54 0.29
92 56 0.45
92 57 0.5
92 62 0.5
92 63 0.2
92 64 0.5
92 73 0.45
92 75 0.71
92 79 0.41
92 80 0.5
92 83 0.29
92 84 0.29
92 89 0.35
92 91 0.5
92 102 6.0E-4
93 2 0.19
5 93 0.08
93 9 0.26
93 11 0.41
93 14 0.33
93 19 0.82
93 21 0.82
93 23 0.18
93 25 0.82
29 93 0.18
30 93 0.17
93 32 0.41
93 33 0.28
36 93 0.35
93 39 0.82
93 44 0.41
93 46 0.82
93 47 0.82
93 52 0.27
93 58 0.58
62 93 0.29
63 93 0.35
93 69 1.0
93 70 0.19
93 72 0.41
93 78 0.82
93 88 0.33
90 93 0.24
102 93 4.0E-4
5 94 0.14
94 8 0.28
13 94 0.17
94 20 1.0
29 94 0.1
30 94 0.15
94 31 0.38
94 35 0.58
94 40 0.5
94 51 0.71
94 61 0.71
63 94 0.2
94 67 1.0
94 68 0.45
94 71 0.45
73 94 0.3
94 74 0.24
94 76 0.71
94 81 1.0
94 87 0.71
102 94 2.0E-4
1 95 0.41
5 95 0.14
10 95 0.71
29 95 0.1
33 95 0.24
49 95 0.58
52 95 0.24
63 95 0.2
89 95 0.35
102 95 1.0E-4
3 96 0.63
96 6 1.0
7 96 0.82
96 15 1.0
96 16 1.0
96 18 1.0
27 96 0.82
28 96 0.63
29 96 0.14
30 96 0.21
33 96 0.34
34 96 0.29
36 96 0.43
45 96 0.82
50 96 0.71
53 96 0.71
54 96 0.82
96 55 1.0
56 96 0.63
96 59 1.0
63 96 0.29
64 96 0.71
96 65 1.0
70 96 0.47
72 96 0.5
73 96 0.43
74 96 0.17
96 77 1.0
79 96 0.58
96 82 1.0
83 96 0.82
84 96 0.82
90 96 0.29
102 96 6.0E-4
97 4 0.27
5 97 0.32
8 97 0.1
13 97 0.33
23 97 0.24
97 24 0.38
29 97 0.27
30 97 0.28
31 97 0.14
97 34 0.15
37 97 0.44
97 41 0.68
97 43 0.38
97 44 0.27
49 97 0.22
51 97 0.27
63 97 0.08
97 70 0.38
71 97 0.17
73 97 0.11
74 97 0.09
97 85 0.65
86 97 0.38
102 97 3.0E-4
5 98 0.14
98 8 0.28
13 98 0.17
98 20 1.0
29 98 0.1
30 98 0.15
98 31 0.38
98 35 0.58
98 40 0.5
98 51 0.71
98 61 0.71
63 98 0.2
98 67 1.0
98 68 0.45
98 71 0.45
73 98 0.3
98 74 0.24
98 76 0.71
98 81 1.0
98 87 0.71
98 94 1.0
102 98 2.0E-4
5 99 0.14
8 99 0.28
9 99 0.45
12 99 0.41
13 99 0.17
23 99 0.32
29 99 0.1
30 99 0.15
31 99 0.38
60 99 0.32
66 99 0.71
71 99 0.45
73 99 0.3
74 99 0.24
102 99 2.0E-4
5 100 0.14
29 100 0.1
30 100 0.15
34 100 0.41
37 100 0.29
100 41 0.45
100 43 1.0
44 100 0.71
49 100 0.58
70 100 0.33
100 85 0.58
86 100 0.5
97 100 0.38
102 100 2.0E-4
101 2 0.33
101 19 0.71
101 21 0.71
101 23 0.32
101 25 0.71
29 101 0.1
30 101 0.15
101 33 0.24
36 101 0.3
101 39 0.71
101 46 0.71
101 47 0.71
101 58 1.0
63 101 0.2
101 69 0.58
101 72 0.35
101 78 0.71
101 93 0.58
102 101 2.0E-4
