*Vertices  43
1 "LCD显示屏"
2 "显示器"
3 "LED灯"
4 "电容"
5 "传感器"
6 "控制器"
7 "处理器"
8 "开关"
9 "显示技术"
10 "网孔板"
11 "Zigbee"
12 "LED"
13 "液晶显示模块"
14 "二极管"
15 "三极管"
16 "GSM"
17 "玻璃"
18 "接收管"
19 "LED光源"
20 "塑料"
21 "转换器"
22 "晶体振荡器"
23 "滤光片"
24 "电动机"
25 "电路板"
26 "ESD"
27 "GPIO"
28 "摄像机"
29 "芯片"
30 "存储器"
31 "Li"
32 "电阻"
33 "发射模块"
34 "驱动模块"
35 "激光"
36 "SIM"
37 "平面板"
38 "检测仪"
39 "屏幕"
40 "瞄准镜"
41 "蜂鸣器"
42 "插座"
43 "单片机"
*Arcs
43 1 6.0E-4
2 1 0.47
2 43 0.0093
3 1 0.05
3 2 0.05
3 43 1.0E-4
3 4 0.35
4 43 0.0015
5 1 0.18
5 2 0.17
3 5 0.21
4 5 0.14
5 43 0.0032
1 6 0.34
2 6 0.32
3 6 0.18
4 6 0.18
5 6 0.32
43 6 0.0018
1 7 0.16
2 7 0.15
3 7 0.13
5 7 0.56
6 7 0.42
43 7 8.0E-4
8 1 0.18
8 2 0.06
8 3 0.37
8 4 0.39
8 5 0.26
8 6 0.22
8 7 0.16
8 43 6.0E-4
1 9 0.25
2 9 0.47
5 9 0.18
6 9 0.45
7 9 0.32
43 9 0.0015
2 10 0.33
43 10 0.0013
4 11 0.28
5 11 0.25
8 11 0.17
43 11 0.0032
12 1 0.29
12 2 0.3
12 3 0.73
12 4 0.37
12 5 0.41
12 6 0.32
12 7 0.23
12 8 0.58
12 9 0.14
12 10 0.1
12 11 0.1
12 43 0.0030
13 1 0.71
2 13 0.5
5 13 0.13
13 6 0.47
13 7 0.22
8 13 0.17
13 9 0.35
12 13 0.2
13 43 0.0010
14 1 0.15
14 2 0.19
14 3 0.35
14 4 0.45
14 5 0.29
14 6 0.14
14 7 0.13
14 8 0.58
14 10 0.15
14 11 0.15
14 12 0.7
14 13 0.15
14 43 0.0019
15 1 0.13
15 2 0.13
3 15 0.21
15 4 0.63
15 5 0.09
15 6 0.12
8 15 0.46
12 15 0.27
15 13 0.19
14 15 0.39
15 43 5.0E-4
4 16 0.28
6 16 0.32
12 16 0.1
43 16 0.0024
17 2 0.24
3 17 0.27
4 17 0.07
5 17 0.06
8 17 0.17
17 10 0.24
12 17 0.42
14 17 0.32
15 17 0.09
17 43 0.0012
18 1 0.2
18 2 0.19
3 18 0.16
18 4 0.32
18 5 0.14
8 18 0.3
12 18 0.18
18 13 0.29
14 18 0.25
18 15 0.65
18 17 0.14
18 43 0.0010
19 1 0.11
19 2 0.2
3 19 0.3
8 19 0.05
12 19 0.34
19 13 0.15
14 19 0.31
15 19 0.11
19 17 0.29
18 19 0.17
19 43 3.0E-4
20 2 0.1
3 20 0.36
20 5 0.14
20 6 0.18
20 7 0.13
8 20 0.15
20 9 0.2
12 20 0.35
14 20 0.21
20 17 0.28
20 19 0.17
20 43 3.0E-4
21 1 0.35
3 21 0.07
21 4 0.28
21 5 0.25
21 6 0.16
21 7 0.22
8 21 0.26
21 11 0.5
12 21 0.2
21 13 0.25
14 21 0.22
21 15 0.19
21 18 0.29
21 43 0.0013
4 22 0.28
5 22 0.25
8 22 0.17
22 11 1.0
12 22 0.1
14 22 0.15
21 22 0.5
43 22 0.0032
23 1 0.2
2 23 0.19
8 23 0.1
12 23 0.18
23 13 0.29
14 23 0.25
15 23 0.22
17 23 0.28
18 23 0.33
19 23 0.52
23 43 9.0E-4
2 24 0.33
5 24 0.25
6 24 0.32
7 24 0.45
9 24 0.71
12 24 0.1
20 24 0.29
43 24 0.0021
25 1 0.25
2 25 0.31
3 25 0.4
4 25 0.13
5 25 0.12
25 6 0.15
25 7 0.11
8 25 0.12
25 9 0.17
12 25 0.43
25 13 0.24
14 25 0.24
15 25 0.27
17 25 0.4
18 25 0.27
19 25 0.21
20 25 0.2
25 23 0.14
25 43 0.0010
4 26 0.28
5 26 0.25
8 26 0.17
26 11 1.0
12 26 0.1
14 26 0.15
21 26 0.5
26 22 1.0
43 26 0.0032
27 1 0.35
2 27 0.33
8 27 0.17
12 27 0.1
27 13 0.5
14 27 0.15
15 27 0.38
18 27 0.58
19 27 0.3
27 23 0.58
27 25 0.24
27 43 0.0020
28 1 0.41
2 28 0.19
5 28 0.14
8 28 0.1
12 28 0.18
28 13 0.29
14 28 0.17
15 28 0.22
18 28 0.33
19 28 0.17
28 23 0.33
28 25 0.14
28 27 0.58
28 43 8.0E-4
29 1 0.36
29 2 0.34
29 3 0.26
29 4 0.4
29 5 0.31
29 6 0.39
29 7 0.27
29 8 0.28
29 9 0.29
29 11 0.2
29 12 0.5
29 13 0.41
29 14 0.42
29 15 0.39
29 16 0.2
29 17 0.3
29 18 0.35
29 19 0.31
29 20 0.06
29 21 0.31
29 22 0.2
29 23 0.35
29 24 0.2
29 25 0.38
29 26 0.2
29 27 0.2
29 28 0.12
29 43 0.0031
30 1 0.32
30 2 0.15
3 30 0.06
30 4 0.12
30 5 0.22
30 6 0.14
30 7 0.2
8 30 0.31
12 30 0.23
30 13 0.45
14 30 0.33
30 15 0.34
30 18 0.52
30 19 0.13
30 21 0.45
30 23 0.26
30 25 0.11
30 27 0.45
30 28 0.52
29 30 0.27
30 43 8.0E-4
3 31 0.23
4 31 0.09
5 31 0.08
8 31 0.12
31 11 0.33
12 31 0.3
14 31 0.44
17 31 0.32
19 31 0.3
20 31 0.29
21 31 0.17
31 22 0.33
23 31 0.38
25 31 0.16
31 26 0.33
29 31 0.27
43 31 5.0E-4
32 1 0.26
32 2 0.08
3 32 0.27
32 4 0.81
32 5 0.24
32 6 0.23
32 7 0.11
8 32 0.46
32 11 0.24
12 32 0.42
32 13 0.24
14 32 0.57
32 15 0.64
32 16 0.24
32 17 0.12
32 18 0.42
32 19 0.15
32 21 0.36
32 22 0.24
32 23 0.28
32 25 0.17
32 26 0.24
32 27 0.24
32 28 0.14
29 32 0.5
32 30 0.33
32 31 0.16
32 43 0.0023
4 33 0.28
5 33 0.25
8 33 0.17
33 11 1.0
12 33 0.1
14 33 0.15
21 33 0.5
33 22 1.0
33 26 1.0
29 33 0.2
31 33 0.33
32 33 0.24
43 33 0.0032
2 34 0.24
3 34 0.1
5 34 0.18
6 34 0.22
34 7 0.32
34 9 0.5
12 34 0.14
20 34 0.2
34 24 0.71
29 34 0.29
43 34 0.0012
1 35 0.14
2 35 0.27
3 35 0.06
5 35 0.1
35 6 0.13
35 7 0.18
35 9 0.29
12 35 0.25
14 35 0.18
17 35 0.2
19 35 0.25
20 35 0.12
23 35 0.47
35 24 0.41
25 35 0.1
29 35 0.33
35 31 0.27
32 35 0.1
35 34 0.29
43 35 6.0E-4
4 36 0.28
6 36 0.32
12 36 0.1
36 16 1.0
29 36 0.2
32 36 0.24
43 36 0.0024
2 37 0.33
12 37 0.1
14 37 0.15
17 37 0.24
25 37 0.24
43 37 0.0013
38 2 0.24
3 38 0.1
38 4 0.2
38 5 0.18
8 38 0.12
12 38 0.14
14 38 0.1
38 15 0.27
38 18 0.41
38 21 0.35
29 38 0.14
38 30 0.32
38 32 0.17
38 43 0.0018
39 1 0.25
39 2 0.24
39 3 0.1
39 4 0.1
39 5 0.09
39 6 0.22
39 7 0.16
39 8 0.06
39 9 0.25
39 12 0.29
39 14 0.1
39 15 0.13
39 17 0.17
39 20 0.2
39 21 0.18
39 24 0.35
39 25 0.25
39 29 0.22
39 32 0.09
39 34 0.25
39 35 0.29
39 43 5.0E-4
2 40 0.33
5 40 0.25
12 40 0.1
38 40 0.71
43 40 0.0014
41 1 0.25
2 41 0.24
3 41 0.1
5 41 0.18
41 6 0.22
41 7 0.32
8 41 0.12
12 41 0.14
41 13 0.35
14 41 0.21
15 41 0.27
18 41 0.41
19 41 0.21
41 23 0.41
41 25 0.33
41 27 0.71
41 28 0.41
29 41 0.29
30 41 0.32
32 41 0.17
41 43 0.0013
3 42 0.07
4 42 0.14
5 42 0.25
8 42 0.26
42 11 0.5
12 42 0.2
14 42 0.22
17 42 0.12
21 42 0.25
42 22 0.5
42 26 0.5
29 42 0.1
31 42 0.17
32 42 0.12
42 33 0.5
43 42 0.0022
