*Vertices  36
1 "LED显示屏"
2 "衬底"
3 "叶片"
4 "荧光粉"
5 "发光荧光材料"
6 "保护层"
7 "活性层"
8 "LED外延片"
9 "外延片"
10 "外延"
11 "LED"
12 "二极管"
13 "玻璃"
14 "塑料"
15 "腐蚀液"
16 "基板"
17 "光刻胶"
18 "SiO2"
19 "半导体"
20 "电路板"
21 "Al2O3"
22 "GaAs"
23 "ITO"
24 "键合"
25 "LED芯片"
26 "芯片"
27 "金属层"
28 "电极"
29 "基色"
30 "激光"
31 "粘附层"
32 "湿法刻蚀"
33 "干法刻蚀"
34 "屏幕"
35 "透明导电层"
36 "反射层"
*Arcs
36 1 5.0E-4
36 2 0.0071
3 1 0.58
36 3 0.0011
2 4 0.32
36 4 0.0016
2 5 0.26
5 4 0.41
36 5 0.0014
2 6 0.45
6 5 0.58
36 6 0.0033
2 7 0.45
7 5 0.58
7 6 1.0
36 7 0.0033
8 2 0.45
36 8 0.0029
9 2 0.77
9 8 0.58
36 9 0.0018
10 2 1.0
10 4 0.32
10 5 0.26
10 6 0.45
10 7 0.45
10 8 0.45
10 9 0.77
36 10 0.0071
11 1 0.25
11 2 0.23
11 3 0.14
11 4 0.14
11 5 0.18
11 6 0.1
11 7 0.1
11 8 0.1
11 9 0.18
11 10 0.23
36 11 8.0E-4
12 2 0.26
12 5 0.17
12 6 0.15
12 7 0.15
12 8 0.15
12 9 0.25
12 10 0.26
12 11 0.7
36 12 5.0E-4
13 1 0.3
2 13 0.22
13 3 0.34
9 13 0.28
10 13 0.22
11 13 0.42
12 13 0.32
36 13 3.0E-4
14 1 0.12
14 3 0.2
11 14 0.35
12 14 0.21
14 13 0.28
36 14 2.0E-4
15 2 0.45
15 8 1.0
15 9 0.58
15 10 0.45
15 11 0.1
15 12 0.15
36 15 0.0029
2 16 0.18
16 4 0.29
10 16 0.18
11 16 0.25
12 16 0.18
36 16 5.0E-4
17 2 0.45
17 8 1.0
17 9 0.58
17 10 0.45
17 11 0.1
17 12 0.15
17 15 1.0
36 17 0.0029
18 1 0.2
18 2 0.67
18 3 0.35
18 8 0.5
18 9 0.87
18 10 0.67
18 11 0.2
18 12 0.22
18 13 0.36
18 14 0.14
18 15 0.5
18 17 0.5
36 18 0.0036
19 1 0.11
19 2 0.58
19 3 0.18
19 4 0.37
19 5 0.45
19 6 0.26
19 7 0.26
19 8 0.26
19 9 0.45
19 10 0.58
19 11 0.39
19 12 0.45
19 13 0.25
19 14 0.22
19 15 0.26
19 16 0.11
19 17 0.26
19 18 0.39
36 19 0.0029
20 1 0.19
20 3 0.33
20 4 0.17
20 5 0.27
11 20 0.43
12 20 0.24
13 20 0.4
14 20 0.2
18 20 0.12
19 20 0.18
36 20 2.0E-4
2 21 0.89
21 4 0.35
21 5 0.29
21 6 0.5
21 7 0.5
9 21 0.58
10 21 0.89
11 21 0.2
12 21 0.22
13 21 0.24
16 21 0.2
18 21 0.5
19 21 0.52
36 21 0.0043
2 22 0.77
4 22 0.41
9 22 0.67
10 22 0.77
11 22 0.18
12 22 0.17
13 22 0.28
16 22 0.24
18 22 0.58
19 22 0.45
21 22 0.87
36 22 0.0017
23 2 0.8
23 5 0.26
23 6 0.45
23 7 0.45
23 8 0.45
23 9 0.77
23 10 0.8
23 11 0.23
23 12 0.26
23 13 0.22
23 15 0.45
23 17 0.45
23 18 0.67
23 19 0.46
23 21 0.67
23 22 0.52
36 23 0.0037
2 24 0.45
4 24 0.71
10 24 0.45
11 24 0.1
16 24 0.41
19 24 0.26
21 24 0.5
24 22 0.58
36 24 0.0025
25 2 0.45
25 4 0.71
25 5 0.29
25 8 0.5
25 9 0.29
25 10 0.45
25 11 0.2
25 12 0.07
25 15 0.5
25 16 0.41
25 17 0.5
25 18 0.25
25 19 0.39
25 20 0.12
25 21 0.25
25 22 0.29
25 23 0.22
25 24 0.5
36 25 0.0034
26 1 0.08
26 2 0.37
26 3 0.14
26 4 0.29
26 5 0.12
26 8 0.2
26 9 0.35
26 10 0.37
26 11 0.5
26 12 0.42
26 13 0.3
26 14 0.06
26 15 0.2
26 16 0.17
26 17 0.2
26 18 0.31
26 19 0.42
26 20 0.38
26 21 0.31
26 22 0.35
26 23 0.37
26 24 0.2
26 25 0.41
36 26 9.0E-4
27 2 0.89
27 5 0.29
27 6 0.5
27 7 0.5
27 8 0.5
27 9 0.87
27 10 0.89
27 11 0.2
27 12 0.29
27 13 0.24
27 15 0.5
27 17 0.5
27 18 0.75
27 19 0.52
27 21 0.75
27 22 0.58
27 23 0.89
27 25 0.25
27 26 0.31
36 27 0.0045
28 2 0.67
28 4 0.21
28 5 0.17
28 6 0.3
28 7 0.3
28 8 0.3
28 9 0.52
28 10 0.67
28 11 0.34
28 12 0.4
28 13 0.22
28 15 0.3
28 16 0.12
28 17 0.3
28 18 0.45
28 19 0.54
28 20 0.07
28 21 0.6
28 22 0.52
28 23 0.67
28 24 0.3
28 25 0.3
28 26 0.49
28 27 0.6
36 28 0.0034
29 1 0.29
2 29 0.32
29 3 0.5
29 4 0.5
10 29 0.32
11 29 0.14
13 29 0.17
14 29 0.2
16 29 0.29
18 29 0.35
19 29 0.18
20 29 0.17
21 29 0.35
29 22 0.41
29 24 0.71
25 29 0.35
26 29 0.14
28 29 0.21
36 29 0.0045
2 30 0.73
30 4 0.29
30 5 0.24
30 6 0.41
30 7 0.41
9 30 0.47
10 30 0.73
11 30 0.25
12 30 0.18
13 30 0.2
14 30 0.12
16 30 0.17
18 30 0.41
19 30 0.42
20 30 0.1
30 21 0.82
30 22 0.71
23 30 0.55
30 24 0.41
25 30 0.2
26 30 0.33
27 30 0.61
28 30 0.49
30 29 0.29
36 30 0.0030
2 31 0.45
31 5 0.58
31 6 1.0
31 7 1.0
10 31 0.45
11 31 0.1
12 31 0.15
19 31 0.26
31 21 0.5
23 31 0.45
27 31 0.5
28 31 0.3
31 30 0.41
36 31 0.0033
32 2 0.77
32 8 0.58
32 9 1.0
32 10 0.77
32 11 0.18
32 12 0.25
32 13 0.28
32 15 0.58
32 17 0.58
32 18 0.87
32 19 0.45
32 21 0.58
32 22 0.67
32 23 0.77
32 25 0.29
32 26 0.35
32 27 0.87
32 28 0.52
32 30 0.47
36 32 0.0018
2 33 0.77
4 33 0.41
9 33 0.67
10 33 0.77
11 33 0.18
12 33 0.17
13 33 0.28
16 33 0.24
18 33 0.58
19 33 0.45
21 33 0.87
33 22 1.0
23 33 0.52
33 24 0.58
25 33 0.29
26 33 0.35
27 33 0.58
28 33 0.52
29 33 0.41
30 33 0.71
32 33 0.67
36 33 0.0017
34 1 0.58
34 2 0.16
34 3 0.5
34 8 0.35
34 9 0.2
34 10 0.16
34 11 0.29
34 12 0.1
34 13 0.17
34 14 0.2
34 15 0.35
34 17 0.35
34 18 0.35
34 19 0.18
34 20 0.25
34 23 0.16
34 25 0.18
34 26 0.22
34 27 0.18
34 28 0.21
34 29 0.25
34 30 0.29
34 32 0.2
36 34 0.0016
2 35 0.45
35 5 0.58
35 6 1.0
35 7 1.0
10 35 0.45
11 35 0.1
12 35 0.15
19 35 0.26
35 21 0.5
23 35 0.45
27 35 0.5
28 35 0.3
35 30 0.41
35 31 1.0
36 35 0.0033
