*Vertices  33
1 "LED灯罩"
2 "LED灯"
3 "电容"
4 "传感器"
5 "控制器"
6 "开关"
7 "功率因数校正"
8 "变压器"
9 "阻燃塑料外壳"
10 "发光板"
11 "LED"
12 "二极管"
13 "整流二极管"
14 "稳压二极管"
15 "三极管"
16 "通道"
17 "塑料"
18 "铝基板"
19 "导热陶瓷"
20 "基座"
21 "发光体"
22 "密封胶"
23 "放大器"
24 "半导体"
25 "芯片"
26 "Li"
27 "电感"
28 "电极"
29 "电阻"
30 "空穴"
31 "射灯"
32 "导热柱"
33 "发光管"
*Arcs
33 1 0.0018
2 1 0.2
2 33 0.0037
2 3 0.35
3 33 8.0E-4
2 4 0.21
3 4 0.14
4 33 2.0E-4
2 5 0.18
3 5 0.18
4 5 0.32
5 33 3.0E-4
6 2 0.37
6 3 0.39
6 4 0.26
6 5 0.22
6 33 0.0028
2 7 0.14
3 7 0.28
6 7 0.17
33 7 0.0036
2 8 0.31
3 8 0.61
8 5 0.1
6 8 0.33
8 7 0.32
8 33 0.0023
2 9 0.14
6 9 0.17
8 9 0.32
33 9 0.0031
10 1 0.41
2 10 0.16
3 10 0.32
5 10 0.18
6 10 0.2
10 7 0.58
8 10 0.37
33 10 0.0020
11 1 0.14
11 2 0.73
11 3 0.37
11 4 0.41
11 5 0.32
11 6 0.58
11 7 0.1
11 8 0.32
11 9 0.1
11 10 0.18
11 33 0.0027
12 1 0.1
12 2 0.35
12 3 0.45
12 4 0.29
12 5 0.14
12 6 0.58
12 7 0.15
12 8 0.42
12 9 0.15
12 10 0.17
12 11 0.7
12 33 0.0031
2 13 0.14
3 13 0.28
6 13 0.17
13 7 1.0
8 13 0.32
10 13 0.58
11 13 0.1
12 13 0.15
33 13 0.0036
2 14 0.23
3 14 0.57
4 14 0.1
14 5 0.26
6 14 0.21
14 7 0.41
8 14 0.65
14 10 0.47
11 14 0.25
12 14 0.36
14 13 0.41
14 33 0.0010
2 15 0.21
15 3 0.63
15 4 0.09
15 5 0.12
6 15 0.46
15 7 0.38
15 8 0.36
15 10 0.44
11 15 0.27
12 15 0.39
15 13 0.38
15 14 0.31
15 33 0.0011
2 16 0.23
3 16 0.23
4 16 0.1
6 16 0.07
11 16 0.25
12 16 0.24
15 16 0.15
33 16 0.0013
17 1 0.2
2 17 0.36
17 4 0.14
17 5 0.18
6 17 0.15
17 8 0.09
17 9 0.29
11 17 0.35
12 17 0.21
17 16 0.24
17 33 0.0054
1 18 0.32
2 18 0.31
3 18 0.12
6 18 0.16
18 7 0.45
8 18 0.28
18 9 0.45
10 18 0.26
11 18 0.23
12 18 0.26
18 13 0.45
14 18 0.18
15 18 0.17
16 18 0.18
17 18 0.39
33 18 0.0139
2 19 0.14
11 19 0.1
12 19 0.15
16 19 0.41
17 19 0.29
19 18 0.45
33 19 0.0048
2 20 0.2
11 20 0.14
12 20 0.1
16 20 0.29
17 20 0.2
20 18 0.32
20 19 0.71
33 20 0.0028
2 21 0.2
3 21 0.2
4 21 0.18
6 21 0.25
11 21 0.14
12 21 0.21
15 21 0.27
21 16 0.29
33 21 0.0012
22 2 0.24
22 6 0.1
11 22 0.18
12 22 0.08
22 16 0.24
22 17 0.17
22 18 0.26
22 19 0.58
22 20 0.41
22 33 0.0019
2 23 0.2
23 3 0.39
6 23 0.25
23 7 0.71
23 8 0.22
23 10 0.41
11 23 0.14
12 23 0.21
23 13 0.71
23 14 0.29
23 15 0.53
23 18 0.32
23 33 0.0023
24 1 0.18
24 2 0.33
24 3 0.21
24 6 0.18
24 8 0.33
24 9 0.26
24 11 0.39
24 12 0.45
24 15 0.2
24 16 0.21
24 17 0.22
24 18 0.35
24 19 0.26
24 20 0.37
24 22 0.3
24 23 0.18
24 33 0.0034
25 2 0.26
25 3 0.4
25 4 0.31
25 5 0.39
25 6 0.28
25 7 0.2
25 8 0.13
25 10 0.12
25 11 0.5
25 12 0.42
25 13 0.2
25 14 0.17
25 15 0.39
25 16 0.25
25 17 0.06
25 18 0.18
25 20 0.14
25 21 0.14
25 22 0.12
25 23 0.29
25 24 0.42
25 33 5.0E-4
26 1 0.24
2 26 0.23
3 26 0.09
4 26 0.08
6 26 0.12
8 26 0.11
26 9 0.33
11 26 0.3
12 26 0.44
26 16 0.27
17 26 0.29
26 18 0.45
26 19 0.33
26 20 0.24
22 26 0.19
24 26 0.52
25 26 0.27
33 26 0.0050
2 27 0.25
27 3 0.62
27 5 0.14
6 27 0.39
27 7 0.45
27 8 0.57
27 10 0.52
11 27 0.23
12 27 0.33
27 13 0.45
27 14 0.37
27 15 0.68
27 18 0.2
27 23 0.63
24 27 0.35
25 27 0.18
27 33 0.0012
28 2 0.17
28 3 0.42
28 4 0.08
28 5 0.19
28 6 0.26
28 7 0.3
28 8 0.29
28 10 0.35
28 11 0.34
28 12 0.4
28 13 0.3
28 14 0.25
28 15 0.57
28 16 0.25
28 18 0.13
28 21 0.21
28 23 0.43
28 24 0.54
28 25 0.49
28 26 0.2
28 27 0.54
28 33 7.0E-4
2 29 0.27
29 3 0.81
29 4 0.24
29 5 0.23
6 29 0.46
29 7 0.24
29 8 0.54
29 10 0.28
11 29 0.42
12 29 0.57
29 13 0.24
29 14 0.59
29 15 0.64
29 16 0.3
29 18 0.11
29 21 0.17
29 23 0.34
24 29 0.25
25 29 0.5
29 26 0.16
29 27 0.54
28 29 0.44
29 33 7.0E-4
1 30 0.41
2 30 0.24
6 30 0.1
8 30 0.18
30 9 0.58
11 30 0.18
12 30 0.25
16 30 0.24
17 30 0.5
30 18 0.77
30 19 0.58
20 30 0.41
22 30 0.33
24 30 0.45
26 30 0.58
33 30 0.0122
31 1 0.35
2 31 0.28
3 31 0.28
4 31 0.13
6 31 0.09
8 31 0.16
11 31 0.2
12 31 0.29
31 14 0.2
15 31 0.19
31 16 0.41
17 31 0.29
31 18 0.45
31 19 0.5
31 20 0.35
31 21 0.35
22 31 0.29
24 31 0.26
25 31 0.1
31 26 0.33
28 31 0.15
29 31 0.24
31 30 0.58
31 33 0.0052
2 32 0.14
11 32 0.1
12 32 0.15
16 32 0.41
17 32 0.29
32 18 0.45
32 19 1.0
20 32 0.71
22 32 0.58
24 32 0.26
26 32 0.33
32 30 0.58
31 32 0.5
33 32 0.0048
