*Vertices  24
1 "LED灯罩"
2 "LED灯"
3 "电容"
4 "容器"
5 "控制器"
6 "整流器"
7 "开关"
8 "功率因数校正"
9 "变压器"
10 "LED"
11 "二极管"
12 "整流二极管"
13 "稳压二极管"
14 "三极管"
15 "铝基板"
16 "放大器"
17 "芯片"
18 "电感"
19 "电极"
20 "电阻"
21 "光电耦合器"
22 "屏幕"
23 "发光管"
24 "发光板"
*Arcs
24 1 0.0033
2 1 0.2
2 24 0.0017
2 3 0.35
3 24 0.0055
2 4 0.19
3 4 0.37
4 24 0.0028
2 5 0.18
3 5 0.18
4 5 0.14
5 24 0.0013
2 6 0.29
3 6 0.68
6 4 0.55
6 5 0.13
6 24 0.0029
7 2 0.37
7 3 0.39
7 4 0.31
7 5 0.22
7 6 0.21
7 24 0.0022
2 8 0.14
3 8 0.28
7 8 0.17
24 8 0.0109
2 9 0.31
3 9 0.61
9 4 0.42
9 5 0.1
9 6 0.77
7 9 0.33
9 8 0.32
9 24 0.0065
10 1 0.14
10 2 0.73
10 3 0.37
10 4 0.23
10 5 0.32
10 6 0.25
10 7 0.58
10 8 0.1
10 9 0.32
10 24 0.0020
11 1 0.1
11 2 0.35
11 3 0.45
11 4 0.26
11 5 0.14
11 6 0.36
11 7 0.58
11 8 0.15
11 9 0.42
11 10 0.7
11 24 0.0021
2 12 0.14
3 12 0.28
7 12 0.17
12 8 1.0
9 12 0.32
10 12 0.1
11 12 0.15
24 12 0.0109
2 13 0.23
3 13 0.57
13 4 0.18
13 5 0.26
13 6 0.67
7 13 0.21
13 8 0.41
9 13 0.65
10 13 0.25
11 13 0.36
13 12 0.41
13 24 0.0088
2 14 0.21
14 3 0.63
14 4 0.34
14 5 0.12
14 6 0.31
7 14 0.46
14 8 0.38
14 9 0.36
10 14 0.27
11 14 0.39
14 12 0.38
14 13 0.31
14 24 0.0082
1 15 0.32
2 15 0.31
3 15 0.12
7 15 0.16
15 8 0.45
9 15 0.28
10 15 0.23
11 15 0.26
15 12 0.45
13 15 0.18
14 15 0.17
24 15 0.0037
2 16 0.2
16 3 0.39
7 16 0.25
16 8 0.71
16 9 0.22
10 16 0.14
11 16 0.21
16 12 0.71
16 13 0.29
16 14 0.53
16 15 0.32
16 24 0.0071
17 2 0.26
17 3 0.4
17 4 0.09
17 5 0.39
17 7 0.28
17 8 0.2
17 9 0.13
17 10 0.5
17 11 0.42
17 12 0.2
17 13 0.17
17 14 0.39
17 15 0.18
17 16 0.29
17 24 0.0010
2 18 0.25
18 3 0.62
18 4 0.6
18 5 0.14
18 6 0.55
7 18 0.39
18 8 0.45
18 9 0.57
10 18 0.23
11 18 0.33
18 12 0.45
18 13 0.37
18 14 0.68
18 15 0.2
18 16 0.63
17 18 0.18
18 24 0.0113
19 2 0.17
19 3 0.42
19 4 0.27
19 5 0.19
19 6 0.25
19 7 0.26
19 8 0.3
19 9 0.29
19 10 0.34
19 11 0.4
19 12 0.3
19 13 0.25
19 14 0.57
19 15 0.13
19 16 0.43
19 17 0.49
19 18 0.54
19 24 0.0054
2 20 0.27
20 3 0.81
20 4 0.33
20 5 0.23
20 6 0.59
7 20 0.46
20 8 0.24
20 9 0.54
10 20 0.42
11 20 0.57
20 12 0.24
20 13 0.59
20 14 0.64
20 15 0.11
20 16 0.34
17 20 0.5
20 18 0.54
19 20 0.44
20 24 0.0044
3 21 0.28
4 21 0.45
5 21 0.32
6 21 0.41
7 21 0.17
9 21 0.32
10 21 0.1
11 21 0.15
13 21 0.41
14 21 0.38
18 21 0.45
19 21 0.3
20 21 0.24
24 21 0.0081
22 2 0.1
22 3 0.1
22 4 0.16
22 5 0.22
22 6 0.14
22 7 0.06
22 9 0.11
22 10 0.29
22 11 0.1
22 13 0.14
22 14 0.13
22 17 0.22
22 18 0.16
22 19 0.21
22 20 0.09
22 21 0.35
22 24 0.0014
23 1 0.27
2 23 0.32
3 23 0.1
5 23 0.12
7 23 0.33
23 8 0.38
9 23 0.24
10 23 0.27
11 23 0.28
23 12 0.38
13 23 0.15
14 23 0.14
23 15 0.68
16 23 0.27
17 23 0.08
18 23 0.17
19 23 0.11
20 23 0.09
23 24 0.0027
