*Vertices  15
1 "电容"
2 "传感器"
3 "单片机"
4 "开关"
5 "Zigbee"
6 "LED"
7 "二极管"
8 "转换器"
9 "晶体振荡器"
10 "ESD"
11 "芯片"
12 "Li"
13 "电阻"
14 "插座"
15 "发射模块"
*Arcs
1 15 0.0059
1 2 0.14
2 15 0.0050
1 3 0.2
2 3 0.35
3 15 0.0090
4 1 0.39
4 2 0.26
4 3 0.12
4 15 0.0026
1 5 0.28
2 5 0.25
3 5 0.35
4 5 0.17
15 5 0.0548
6 1 0.37
6 2 0.41
6 3 0.29
6 4 0.58
6 5 0.1
6 15 0.0013
7 1 0.45
7 2 0.29
7 3 0.21
7 4 0.58
7 5 0.15
7 6 0.7
7 15 0.0023
8 1 0.28
8 2 0.25
8 3 0.18
4 8 0.26
8 5 0.5
6 8 0.2
7 8 0.22
8 15 0.0171
1 9 0.28
2 9 0.25
3 9 0.35
4 9 0.17
9 5 1.0
6 9 0.1
7 9 0.15
8 9 0.5
15 9 0.0548
1 10 0.28
2 10 0.25
3 10 0.35
4 10 0.17
10 5 1.0
6 10 0.1
7 10 0.15
8 10 0.5
10 9 1.0
15 10 0.0548
11 1 0.4
11 2 0.31
11 3 0.29
11 4 0.28
11 5 0.2
11 6 0.5
11 7 0.42
11 8 0.31
11 9 0.2
11 10 0.2
11 15 0.0034
1 12 0.09
2 12 0.08
3 12 0.12
4 12 0.12
12 5 0.33
6 12 0.3
7 12 0.44
8 12 0.17
12 9 0.33
12 10 0.33
11 12 0.27
12 15 0.0075
13 1 0.81
13 2 0.24
13 3 0.26
4 13 0.46
13 5 0.24
6 13 0.42
7 13 0.57
13 8 0.36
13 9 0.24
13 10 0.24
11 13 0.5
13 12 0.16
13 15 0.0048
1 14 0.14
2 14 0.25
3 14 0.35
4 14 0.26
14 5 0.5
6 14 0.2
7 14 0.22
8 14 0.25
14 9 0.5
14 10 0.5
11 14 0.1
12 14 0.17
13 14 0.12
14 15 0.0166
