*Vertices  19
1 "LED灯"
2 "电容"
3 "传感器"
4 "开关"
5 "LED"
6 "二极管"
7 "三极管"
8 "玻璃"
9 "通道"
10 "接收管"
11 "红外线发射管"
12 "电路板"
13 "客户"
14 "芯片"
15 "电极"
16 "电阻"
17 "射灯"
18 "发光管"
19 "发光体"
*Arcs
1 19 0.0037
1 2 0.35
2 19 0.0042
1 3 0.21
2 3 0.14
3 19 0.0030
4 1 0.37
4 2 0.39
4 3 0.26
4 19 0.0049
5 1 0.73
5 2 0.37
5 3 0.41
5 4 0.58
5 19 0.0025
6 1 0.35
6 2 0.45
6 3 0.29
6 4 0.58
6 5 0.7
6 19 0.0042
1 7 0.21
7 2 0.63
7 3 0.09
4 7 0.46
5 7 0.27
6 7 0.39
7 19 0.0070
1 8 0.27
2 8 0.07
3 8 0.06
4 8 0.17
5 8 0.42
6 8 0.32
7 8 0.09
8 19 0.0026
1 9 0.23
2 9 0.23
3 9 0.1
4 9 0.07
5 9 0.25
6 9 0.24
7 9 0.15
8 9 0.2
19 9 0.0072
1 10 0.16
10 2 0.32
10 3 0.14
4 10 0.3
5 10 0.18
6 10 0.25
10 7 0.65
10 8 0.14
10 9 0.24
10 19 0.0136
1 11 0.14
2 11 0.28
3 11 0.25
4 11 0.17
5 11 0.1
6 11 0.15
7 11 0.38
8 11 0.24
9 11 0.41
10 11 0.58
19 11 0.0292
1 12 0.4
2 12 0.13
3 12 0.12
4 12 0.12
5 12 0.43
6 12 0.24
7 12 0.27
8 12 0.4
12 9 0.1
10 12 0.27
12 11 0.24
12 19 0.0028
1 13 0.24
2 13 0.16
3 13 0.29
4 13 0.1
5 13 0.18
6 13 0.08
7 13 0.22
8 13 0.14
13 9 0.24
10 13 0.33
13 11 0.58
12 13 0.27
19 13 0.0124
14 1 0.26
14 2 0.4
14 3 0.31
14 4 0.28
14 5 0.5
14 6 0.42
14 7 0.39
14 8 0.3
14 9 0.25
14 10 0.35
14 11 0.2
14 12 0.38
14 13 0.12
14 19 0.0024
15 1 0.17
15 2 0.42
15 3 0.08
15 4 0.26
15 5 0.34
15 6 0.4
15 7 0.57
15 8 0.22
15 9 0.25
15 10 0.35
15 11 0.3
15 12 0.07
15 13 0.17
15 14 0.49
15 19 0.0043
1 16 0.27
16 2 0.81
16 3 0.24
4 16 0.46
5 16 0.42
6 16 0.57
16 7 0.64
16 8 0.12
16 9 0.3
16 10 0.42
16 11 0.24
16 12 0.17
16 13 0.14
14 16 0.5
15 16 0.44
16 19 0.0035
1 17 0.28
2 17 0.28
3 17 0.13
4 17 0.09
5 17 0.2
6 17 0.29
7 17 0.19
8 17 0.12
17 9 0.41
10 17 0.29
17 11 0.5
17 12 0.12
17 13 0.29
14 17 0.1
15 17 0.15
16 17 0.24
17 19 0.0101
1 18 0.32
2 18 0.1
3 18 0.09
4 18 0.33
5 18 0.27
6 18 0.28
7 18 0.14
18 9 0.15
14 18 0.08
15 18 0.11
16 18 0.09
17 18 0.38
18 19 0.0040
