*Vertices  32
1 "衬底"
2 "LED灯"
3 "容器"
4 "荧光粉"
5 "保护层"
6 "硼酸"
7 "活性层"
8 "外延"
9 "LED"
10 "二极管"
11 "扩散剂"
12 "LED光源"
13 "基座"
14 "硅橡胶"
15 "半导体"
16 "电路板"
17 "Al2O3"
18 "ITO"
19 "LED芯片"
20 "芯片"
21 "金属层"
22 "酸盐"
23 "Li"
24 "电极"
25 "激光"
26 "粘附层"
27 "臭氧"
28 "透镜"
29 "透明导电层"
30 "反射层"
31 "甲基"
32 "发光荧光材料"
*Arcs
1 32 0.0023
2 32 6.0E-4
2 3 0.19
32 3 0.0014
1 4 0.32
2 4 0.1
3 4 0.32
32 4 0.0035
1 5 0.45
5 32 0.0066
2 6 0.1
6 3 0.32
6 4 0.5
6 32 0.0036
1 7 0.45
7 5 1.0
7 32 0.0066
8 1 1.0
8 4 0.32
8 5 0.45
8 7 0.45
8 32 0.0023
9 1 0.23
9 2 0.73
9 3 0.23
9 4 0.14
9 5 0.1
9 6 0.14
9 7 0.1
9 8 0.23
9 32 0.0010
10 1 0.26
10 2 0.35
10 3 0.26
10 5 0.15
10 6 0.1
10 7 0.15
10 8 0.26
10 9 0.7
10 32 8.0E-4
2 11 0.2
3 11 0.32
11 4 0.5
6 11 0.5
9 11 0.14
10 11 0.1
32 11 0.0087
1 12 0.27
2 12 0.3
12 3 0.13
12 4 0.21
12 6 0.43
8 12 0.27
9 12 0.34
10 12 0.31
12 11 0.21
12 32 9.0E-4
2 13 0.2
3 13 0.32
13 4 0.5
6 13 0.5
9 13 0.14
10 13 0.1
11 13 0.5
12 13 0.21
32 13 0.0032
2 14 0.1
14 3 0.32
14 4 0.5
14 6 1.0
9 14 0.14
10 14 0.1
14 11 0.5
12 14 0.43
14 13 0.5
14 32 0.0036
15 1 0.58
15 2 0.33
15 3 0.35
15 4 0.37
15 5 0.26
15 6 0.37
15 7 0.26
15 8 0.58
15 9 0.39
15 10 0.45
15 11 0.37
15 12 0.31
15 13 0.37
15 14 0.37
15 32 0.0049
2 16 0.4
16 3 0.11
16 4 0.17
6 16 0.17
9 16 0.43
10 16 0.24
16 11 0.33
12 16 0.21
16 13 0.17
14 16 0.17
15 16 0.18
16 32 0.0013
1 17 0.89
17 4 0.35
17 5 0.5
17 7 0.5
8 17 0.89
9 17 0.2
10 17 0.22
12 17 0.3
15 17 0.52
17 32 0.0026
18 1 0.8
18 5 0.45
18 7 0.45
18 8 0.8
18 9 0.23
18 10 0.26
18 12 0.27
18 15 0.46
18 17 0.67
18 32 0.0020
19 1 0.45
19 2 0.14
19 3 0.22
19 4 0.71
19 6 0.35
19 8 0.45
19 9 0.2
19 10 0.07
19 11 0.35
19 12 0.15
19 13 0.35
19 14 0.35
19 15 0.39
19 16 0.12
19 17 0.25
19 18 0.22
19 32 0.0021
20 1 0.37
20 2 0.26
20 3 0.09
20 4 0.29
20 6 0.29
20 8 0.37
20 9 0.5
20 10 0.42
20 11 0.14
20 12 0.31
20 13 0.14
20 14 0.29
20 15 0.42
20 16 0.38
20 17 0.31
20 18 0.37
20 19 0.41
20 32 6.0E-4
21 1 0.89
21 5 0.5
21 7 0.5
21 8 0.89
21 9 0.2
21 10 0.29
21 12 0.3
21 15 0.52
21 17 0.75
21 18 0.89
21 19 0.25
21 20 0.31
21 32 0.0025
2 22 0.08
22 3 0.26
22 4 0.41
22 6 0.82
9 22 0.18
10 22 0.17
22 11 0.41
12 22 0.35
22 13 0.41
22 14 0.82
15 22 0.3
22 16 0.27
19 22 0.29
20 22 0.35
22 32 0.0026
1 23 0.3
2 23 0.23
8 23 0.3
9 23 0.3
10 23 0.44
23 11 0.24
12 23 0.3
23 13 0.24
15 23 0.52
16 23 0.16
17 23 0.33
18 23 0.3
20 23 0.27
21 23 0.33
22 23 0.19
32 23 7.0E-4
24 1 0.67
24 2 0.17
24 3 0.27
24 4 0.21
24 5 0.3
24 7 0.3
24 8 0.67
24 9 0.34
24 10 0.4
24 12 0.18
24 15 0.54
24 16 0.07
24 17 0.6
24 18 0.67
24 19 0.3
24 20 0.49
24 21 0.6
24 23 0.2
24 32 0.0011
1 25 0.73
2 25 0.06
25 4 0.29
25 5 0.41
25 7 0.41
8 25 0.73
9 25 0.25
10 25 0.18
12 25 0.25
15 25 0.42
16 25 0.1
25 17 0.82
18 25 0.55
19 25 0.2
20 25 0.33
21 25 0.61
25 23 0.27
24 25 0.49
25 32 0.0018
1 26 0.45
26 5 1.0
26 7 1.0
8 26 0.45
9 26 0.1
10 26 0.15
15 26 0.26
26 17 0.5
18 26 0.45
21 26 0.5
24 26 0.3
26 25 0.41
26 32 0.0066
2 27 0.24
3 27 0.26
27 4 0.41
6 27 0.41
9 27 0.18
11 27 0.41
12 27 0.17
27 13 0.41
14 27 0.41
15 27 0.15
16 27 0.14
19 27 0.29
20 27 0.12
22 27 0.33
32 27 0.0021
1 28 0.18
28 2 0.23
28 3 0.18
28 4 0.29
28 6 0.29
8 28 0.18
9 28 0.25
10 28 0.18
28 11 0.58
28 12 0.25
28 13 0.29
28 14 0.29
15 28 0.32
28 16 0.19
28 17 0.2
18 28 0.18
19 28 0.2
20 28 0.17
21 28 0.2
28 22 0.24
28 23 0.27
24 28 0.12
28 25 0.17
28 27 0.24
28 32 0.0037
1 29 0.45
29 5 1.0
29 7 1.0
8 29 0.45
9 29 0.1
10 29 0.15
15 29 0.26
29 17 0.5
18 29 0.45
21 29 0.5
24 29 0.3
29 25 0.41
29 26 1.0
29 32 0.0066
30 1 0.67
30 4 0.35
30 5 0.5
30 7 0.5
30 8 0.67
30 9 0.2
30 10 0.15
30 15 0.39
30 16 0.12
30 17 0.5
30 18 0.45
30 19 0.5
30 20 0.2
30 21 0.5
30 24 0.45
30 25 0.41
30 26 0.5
30 29 0.5
30 32 0.0024
2 31 0.08
31 3 0.26
31 4 0.41
31 6 0.82
9 31 0.18
10 31 0.17
31 11 0.41
12 31 0.35
31 13 0.41
31 14 0.82
15 31 0.3
31 16 0.27
19 31 0.29
20 31 0.35
31 22 1.0
31 23 0.19
31 27 0.33
28 31 0.24
31 32 0.0026
