*Vertices  52
1 "人体经络显示屏"
2 "显示器"
3 "LED灯"
4 "电容"
5 "容器"
6 "控制器"
7 "聚光杯"
8 "整流器"
9 "开关"
10 "引发剂"
11 "功率因数校正"
12 "硼酸"
13 "阻燃塑料外壳"
14 "发光板"
15 "EP"
16 "LED"
17 "二极管"
18 "整流二极管"
19 "稳压二极管"
20 "三极管"
21 "玻璃"
22 "LED光源"
23 "塑料"
24 "缩水甘油"
25 "铝基板"
26 "基板"
27 "聚光碗"
28 "稀释剂"
29 "散热器"
30 "硅橡胶"
31 "放大器"
32 "半导体"
33 "含硅"
34 "蓄电池"
35 "芯片"
36 "电抗器"
37 "酸盐"
38 "Li"
39 "电感"
40 "离子"
41 "电极"
42 "电阻"
43 "丙酮"
44 "空穴"
45 "射灯"
46 "光电耦合器"
47 "屏幕"
48 "甲基"
49 "发光管"
50 "晶体闸流管"
51 "DMA"
52 "变压器"
*Arcs
52 1 5.0E-4
52 2 2.0E-4
3 2 0.05
3 52 0.0015
3 4 0.35
4 52 0.0046
3 5 0.19
4 5 0.37
52 5 0.0021
2 6 0.32
3 6 0.18
4 6 0.18
5 6 0.14
52 6 2.0E-4
3 7 0.2
4 7 0.39
52 7 0.0020
3 8 0.29
4 8 0.68
8 5 0.55
8 6 0.13
8 7 0.58
52 8 0.0060
9 1 0.17
9 2 0.06
9 3 0.37
9 4 0.39
9 5 0.31
9 6 0.22
9 8 0.21
9 52 0.0019
10 2 0.24
52 10 7.0E-4
3 11 0.14
4 11 0.28
9 11 0.17
52 11 0.0011
12 2 0.24
3 12 0.1
12 5 0.32
12 10 0.5
52 12 6.0E-4
3 13 0.14
9 13 0.17
52 13 6.0E-4
3 14 0.16
4 14 0.32
5 14 0.26
6 14 0.18
8 14 0.24
9 14 0.2
14 11 0.58
52 14 0.0016
15 2 0.24
15 10 1.0
15 12 0.5
15 52 7.0E-4
16 1 0.1
16 2 0.3
16 3 0.73
16 4 0.37
16 5 0.23
16 6 0.32
16 7 0.14
16 8 0.25
16 9 0.58
16 10 0.14
16 11 0.1
16 12 0.14
16 13 0.1
16 14 0.18
16 15 0.14
16 52 0.0019
17 2 0.19
17 3 0.35
17 4 0.45
17 5 0.26
17 6 0.14
17 7 0.21
17 8 0.36
17 9 0.58
17 10 0.21
17 11 0.15
17 12 0.1
17 13 0.15
17 14 0.17
17 15 0.21
17 16 0.7
17 52 0.0026
3 18 0.14
4 18 0.28
9 18 0.17
18 11 1.0
14 18 0.58
16 18 0.1
17 18 0.15
52 18 0.0011
3 19 0.23
4 19 0.57
19 5 0.18
19 6 0.26
19 7 0.58
19 8 0.67
9 19 0.21
19 11 0.41
19 14 0.47
16 19 0.25
17 19 0.36
19 18 0.41
52 19 0.0046
20 2 0.13
3 20 0.21
20 4 0.63
20 5 0.34
20 6 0.12
20 8 0.31
9 20 0.46
20 11 0.38
20 14 0.44
16 20 0.27
17 20 0.39
20 18 0.38
20 19 0.31
20 52 0.0019
21 2 0.24
3 21 0.27
4 21 0.07
9 21 0.17
21 10 0.34
21 12 0.17
21 15 0.34
16 21 0.42
17 21 0.32
20 21 0.09
21 52 2.0E-4
22 2 0.2
3 22 0.3
22 5 0.13
9 22 0.05
22 10 0.21
22 12 0.43
22 15 0.21
16 22 0.34
17 22 0.31
20 22 0.11
22 21 0.29
22 52 2.0E-4
23 2 0.1
3 23 0.36
23 5 0.13
23 6 0.18
9 23 0.15
23 13 0.29
16 23 0.35
17 23 0.21
23 21 0.28
23 22 0.17
23 52 2.0E-4
24 2 0.24
24 10 1.0
24 12 0.5
24 15 1.0
16 24 0.14
17 24 0.21
24 21 0.34
22 24 0.21
24 52 7.0E-4
3 25 0.31
4 25 0.12
9 25 0.16
25 11 0.45
25 13 0.45
14 25 0.26
16 25 0.23
17 25 0.26
25 18 0.45
19 25 0.18
20 25 0.17
23 25 0.39
52 25 0.0011
3 26 0.29
4 26 0.45
26 7 0.58
26 8 0.5
16 26 0.25
17 26 0.18
26 19 0.5
52 26 0.0016
3 27 0.2
4 27 0.39
27 7 1.0
27 8 0.58
16 27 0.14
17 27 0.21
27 19 0.58
27 26 0.58
52 27 0.0020
28 2 0.24
28 10 1.0
28 12 0.5
28 15 1.0
16 28 0.14
17 28 0.21
28 21 0.34
22 28 0.21
28 24 1.0
28 52 7.0E-4
3 29 0.42
4 29 0.33
29 7 0.43
29 8 0.37
16 29 0.34
17 29 0.26
29 19 0.37
29 21 0.07
29 22 0.27
29 23 0.09
29 25 0.13
29 26 0.49
29 27 0.43
29 52 0.0010
30 2 0.24
3 30 0.1
30 5 0.32
30 10 0.5
30 12 1.0
30 15 0.5
16 30 0.14
17 30 0.1
30 21 0.17
22 30 0.43
30 24 0.5
30 28 0.5
30 52 6.0E-4
3 31 0.2
31 4 0.39
9 31 0.25
31 11 0.71
31 14 0.41
16 31 0.14
17 31 0.21
31 18 0.71
31 19 0.29
31 20 0.53
31 25 0.32
31 52 8.0E-4
32 2 0.09
32 3 0.33
32 4 0.21
32 5 0.35
32 8 0.21
32 9 0.18
32 10 0.18
32 12 0.37
32 13 0.26
32 15 0.18
32 16 0.39
32 17 0.45
32 20 0.2
32 21 0.25
32 22 0.31
32 23 0.22
32 24 0.18
32 25 0.35
32 26 0.11
32 28 0.18
32 30 0.37
32 31 0.18
32 52 0.0016
33 2 0.33
33 10 0.71
33 12 0.71
33 15 0.71
16 33 0.1
17 33 0.15
33 21 0.24
22 33 0.3
33 24 0.71
33 28 0.71
33 30 0.71
32 33 0.26
33 52 0.0010
3 34 0.31
4 34 0.18
34 5 0.28
34 6 0.1
8 34 0.26
9 34 0.33
16 34 0.32
17 34 0.18
20 34 0.12
21 34 0.15
32 34 0.16
52 34 5.0E-4
35 2 0.34
35 3 0.26
35 4 0.4
35 5 0.09
35 6 0.39
35 9 0.28
35 10 0.29
35 11 0.2
35 12 0.29
35 14 0.12
35 15 0.29
35 16 0.5
35 17 0.42
35 18 0.2
35 19 0.17
35 20 0.39
35 21 0.3
35 22 0.31
35 23 0.06
35 24 0.29
35 25 0.18
35 26 0.17
35 28 0.29
35 29 0.12
35 30 0.29
35 31 0.29
35 32 0.42
35 33 0.2
35 52 5.0E-4
3 36 0.2
4 36 0.39
36 5 0.63
8 36 0.58
9 36 0.25
16 36 0.14
17 36 0.21
20 36 0.27
32 36 0.37
36 34 0.45
52 36 0.0018
37 2 0.19
3 37 0.08
37 5 0.26
37 10 0.82
37 12 0.82
37 15 0.82
16 37 0.18
17 37 0.17
37 21 0.28
22 37 0.35
37 24 0.82
37 28 0.82
37 30 0.82
32 37 0.3
37 33 0.58
35 37 0.35
37 52 6.0E-4
3 38 0.23
4 38 0.09
9 38 0.12
10 38 0.24
38 13 0.33
15 38 0.24
16 38 0.3
17 38 0.44
21 38 0.32
22 38 0.3
23 38 0.29
24 38 0.24
38 25 0.45
28 38 0.24
29 38 0.1
32 38 0.52
35 38 0.27
37 38 0.19
52 38 3.0E-4
3 39 0.25
39 4 0.62
39 5 0.6
39 6 0.14
39 8 0.55
9 39 0.39
39 11 0.45
39 14 0.52
16 39 0.23
17 39 0.33
39 18 0.45
39 19 0.37
39 20 0.68
39 25 0.2
39 31 0.63
32 39 0.35
39 34 0.28
35 39 0.18
39 36 0.63
39 52 0.0039
40 2 0.12
3 40 0.1
40 10 0.5
40 12 0.25
40 15 0.5
16 40 0.29
17 40 0.21
40 21 0.34
22 40 0.32
40 24 0.5
40 28 0.5
40 30 0.25
32 40 0.27
40 33 0.35
35 40 0.29
40 37 0.41
40 38 0.35
40 52 2.0E-4
41 2 0.1
41 3 0.17
41 4 0.42
41 5 0.27
41 6 0.19
41 8 0.25
41 9 0.26
41 11 0.3
41 14 0.35
41 16 0.34
41 17 0.4
41 18 0.3
41 19 0.25
41 20 0.57
41 21 0.22
41 22 0.18
41 25 0.13
41 26 0.12
41 31 0.43
41 32 0.54
41 34 0.1
41 35 0.49
41 36 0.21
41 38 0.2
41 39 0.54
41 40 0.21
41 52 0.0013
42 2 0.08
3 42 0.27
42 4 0.81
42 5 0.33
42 6 0.23
42 7 0.34
42 8 0.59
9 42 0.46
42 11 0.24
42 14 0.28
16 42 0.42
17 42 0.57
42 18 0.24
42 19 0.59
42 20 0.64
42 21 0.12
42 22 0.15
42 25 0.11
42 26 0.3
42 27 0.34
42 29 0.22
42 31 0.34
32 42 0.25
42 34 0.15
35 42 0.5
42 36 0.34
42 38 0.16
42 39 0.54
42 40 0.09
41 42 0.44
42 52 0.0037
43 2 0.24
43 10 1.0
43 12 0.5
43 15 1.0
16 43 0.14
17 43 0.21
43 21 0.34
22 43 0.21
43 24 1.0
43 28 1.0
43 30 0.5
32 43 0.18
43 33 0.71
35 43 0.29
43 37 0.82
43 38 0.24
43 40 0.5
43 52 7.0E-4
3 44 0.24
9 44 0.1
44 13 0.58
16 44 0.18
17 44 0.25
23 44 0.5
44 25 0.77
32 44 0.45
38 44 0.58
52 44 4.0E-4
3 45 0.28
4 45 0.28
45 7 0.35
45 8 0.2
9 45 0.09
16 45 0.2
17 45 0.29
45 19 0.2
20 45 0.19
21 45 0.12
23 45 0.29
45 25 0.45
45 26 0.2
45 27 0.35
29 45 0.15
32 45 0.26
35 45 0.1
45 38 0.33
41 45 0.15
42 45 0.24
45 44 0.58
52 45 5.0E-4
4 46 0.28
5 46 0.45
6 46 0.32
8 46 0.41
9 46 0.17
14 46 0.58
16 46 0.1
17 46 0.15
19 46 0.41
20 46 0.38
39 46 0.45
41 46 0.3
42 46 0.24
52 46 0.0010
47 2 0.24
47 3 0.1
47 4 0.1
47 5 0.16
47 6 0.22
47 8 0.14
47 9 0.06
47 14 0.2
47 16 0.29
47 17 0.1
47 19 0.14
47 20 0.13
47 21 0.17
47 23 0.2
47 32 0.18
47 35 0.22
47 39 0.16
47 40 0.13
47 41 0.21
47 42 0.09
47 46 0.35
47 52 2.0E-4
48 2 0.19
3 48 0.08
48 5 0.26
48 10 0.82
48 12 0.82
48 15 0.82
16 48 0.18
17 48 0.17
48 21 0.28
22 48 0.35
48 24 0.82
48 28 0.82
48 30 0.82
32 48 0.3
48 33 0.58
35 48 0.35
48 37 1.0
48 38 0.19
48 40 0.41
48 43 0.82
48 52 6.0E-4
3 49 0.32
4 49 0.1
6 49 0.12
9 49 0.33
49 11 0.38
49 13 0.38
49 14 0.22
16 49 0.27
17 49 0.28
49 18 0.38
19 49 0.15
20 49 0.14
23 49 0.44
49 25 0.68
31 49 0.27
32 49 0.29
35 49 0.08
49 38 0.38
39 49 0.17
41 49 0.11
42 49 0.09
49 44 0.65
45 49 0.38
52 49 8.0E-4
3 50 0.14
4 50 0.28
5 50 0.45
8 50 0.41
9 50 0.17
16 50 0.1
17 50 0.15
20 50 0.38
32 50 0.26
34 50 0.32
36 50 0.71
39 50 0.45
41 50 0.3
42 50 0.24
52 50 0.0010
51 2 0.33
51 10 0.71
51 12 0.71
51 15 0.71
16 51 0.1
17 51 0.15
51 21 0.24
22 51 0.3
51 24 0.71
51 28 0.71
51 30 0.71
32 51 0.26
51 33 1.0
35 51 0.2
51 37 0.58
51 40 0.35
51 43 0.71
51 48 0.58
51 52 0.0010
