*Vertices  15
1 "LEDœ‘ æ∆¡"
2 "LEDµ∆"
3 "LED"
4 "≤£¡ß"
5 "À‹¡œ"
6 "√‹∑‚Ω∫"
7 "SiO2"
8 "∞ÎµºÃÂ"
9 "µÁ¬∑∞Â"
10 "–æ∆¨"
11 "ª˘…´"
12 "∆¡ƒª"
13 "∑¥…‰≤„"
14 "πÃ∂®÷ßº‹"
15 "“∂∆¨"
*Arcs
15 1 0.0241
2 1 0.06
2 15 0.0014
3 1 0.25
3 2 0.73
3 15 0.0027
4 1 0.3
2 4 0.27
3 4 0.42
4 15 0.0096
5 1 0.12
2 5 0.36
3 5 0.35
5 4 0.28
5 15 0.0029
6 1 0.24
6 2 0.24
3 6 0.18
6 4 0.14
6 5 0.17
6 15 0.0143
7 1 0.2
7 3 0.2
7 4 0.36
7 5 0.14
7 15 0.0080
8 1 0.11
8 2 0.33
8 3 0.39
8 4 0.25
8 5 0.22
8 6 0.3
8 7 0.39
8 15 0.0043
9 1 0.19
2 9 0.4
3 9 0.43
4 9 0.4
5 9 0.2
6 9 0.14
7 9 0.12
8 9 0.18
9 15 0.0087
10 1 0.08
10 2 0.26
10 3 0.5
10 4 0.3
10 5 0.06
10 6 0.12
10 7 0.31
10 8 0.42
10 9 0.38
10 15 0.0026
11 1 0.29
3 11 0.14
4 11 0.17
5 11 0.2
7 11 0.35
8 11 0.18
9 11 0.17
10 11 0.14
11 15 0.0139
12 1 0.58
12 2 0.1
12 3 0.29
12 4 0.17
12 5 0.2
12 6 0.2
12 7 0.35
12 8 0.18
12 9 0.25
12 10 0.22
12 11 0.25
12 15 0.02
13 1 0.2
13 3 0.2
13 4 0.12
13 5 0.14
13 7 0.5
13 8 0.39
13 9 0.12
13 10 0.2
13 11 0.71
13 12 0.35
13 15 0.0086
1 14 0.41
2 14 0.14
3 14 0.1
4 14 0.24
6 14 0.58
8 14 0.26
9 14 0.24
10 14 0.2
12 14 0.35
15 14 0.0278
