*Vertices  11
1 "LEDœ‘ æ∆¡"
2 "LEDµ∆"
3 "“∂∆¨"
4 "LED"
5 "≤£¡ß"
6 "√‹∑‚Ω∫"
7 "∞ÎµºÃÂ"
8 "µÁ¬∑∞Â"
9 "–æ∆¨"
10 "∆¡ƒª"
11 "πÃ∂®÷ßº‹"
*Arcs
1 11 0.0281
2 1 0.06
2 11 0.0038
3 1 0.58
2 3 0.1
3 11 0.0622
4 1 0.25
4 2 0.73
4 3 0.14
4 11 0.0031
5 1 0.3
2 5 0.27
5 3 0.34
4 5 0.42
5 11 0.0109
6 1 0.24
6 2 0.24
6 3 0.41
4 6 0.18
6 5 0.14
6 11 0.0428
7 1 0.11
7 2 0.33
7 3 0.18
7 4 0.39
7 5 0.25
7 6 0.3
7 11 0.0108
8 1 0.19
2 8 0.4
8 3 0.33
4 8 0.43
5 8 0.4
6 8 0.14
7 8 0.18
8 11 0.0105
9 1 0.08
9 2 0.26
9 3 0.14
9 4 0.5
9 5 0.3
9 6 0.12
9 7 0.42
9 8 0.38
9 11 0.0064
10 1 0.58
10 2 0.1
10 3 0.5
10 4 0.29
10 5 0.17
10 6 0.2
10 7 0.18
10 8 0.25
10 9 0.22
10 11 0.0225
