*Vertices  29
1 "LED灯"
2 "容器"
3 "荧光粉"
4 "发光荧光材料"
5 "硼酸"
6 "LED"
7 "二极管"
8 "扩散剂"
9 "通道"
10 "LED光源"
11 "塑料"
12 "铝基板"
13 "导热陶瓷"
14 "硅橡胶"
15 "密封胶"
16 "半导体"
17 "电路板"
18 "LED芯片"
19 "芯片"
20 "酸盐"
21 "Li"
22 "空穴"
23 "射灯"
24 "臭氧"
25 "透镜"
26 "甲基"
27 "发光管"
28 "导热柱"
29 "基座"
*Arcs
1 29 0.0015
1 2 0.19
2 29 0.0020
1 3 0.1
2 3 0.32
29 3 0.0048
1 4 0.16
4 2 0.26
4 3 0.41
4 29 0.0037
1 5 0.1
5 2 0.32
5 3 0.5
5 4 0.41
5 29 0.0054
6 1 0.73
6 2 0.23
6 3 0.14
6 4 0.18
6 5 0.14
6 29 0.0010
7 1 0.35
7 2 0.26
7 4 0.17
7 5 0.1
7 6 0.7
7 29 7.0E-4
1 8 0.2
2 8 0.32
8 3 0.5
4 8 0.82
5 8 0.5
6 8 0.14
7 8 0.1
8 29 0.0049
1 9 0.23
6 9 0.25
7 9 0.24
9 29 0.0022
1 10 0.3
10 2 0.13
10 3 0.21
10 4 0.17
10 5 0.43
6 10 0.34
7 10 0.31
10 8 0.21
10 9 0.25
10 29 0.0012
1 11 0.36
11 2 0.13
6 11 0.35
7 11 0.21
11 9 0.24
11 10 0.17
11 29 0.0015
1 12 0.31
6 12 0.23
7 12 0.26
9 12 0.18
11 12 0.39
29 12 0.0031
1 13 0.14
6 13 0.1
7 13 0.15
9 13 0.41
11 13 0.29
13 12 0.45
29 13 0.0096
1 14 0.1
14 2 0.32
14 3 0.5
14 4 0.41
14 5 1.0
6 14 0.14
7 14 0.1
14 8 0.5
10 14 0.43
14 29 0.0054
15 1 0.24
6 15 0.18
7 15 0.08
15 9 0.24
15 11 0.17
15 12 0.26
15 13 0.58
15 29 0.0039
16 1 0.33
16 2 0.35
16 3 0.37
16 4 0.45
16 5 0.37
16 6 0.39
16 7 0.45
16 8 0.37
16 9 0.21
16 10 0.31
16 11 0.22
16 12 0.35
16 13 0.26
16 14 0.37
16 15 0.3
16 29 0.0047
1 17 0.4
17 2 0.11
17 3 0.17
17 4 0.27
5 17 0.17
6 17 0.43
7 17 0.24
17 8 0.33
17 9 0.1
10 17 0.21
11 17 0.2
14 17 0.17
15 17 0.14
16 17 0.18
17 29 9.0E-4
18 1 0.14
18 2 0.22
18 3 0.71
18 4 0.29
18 5 0.35
18 6 0.2
18 7 0.07
18 8 0.35
18 9 0.2
18 10 0.15
18 14 0.35
18 16 0.39
18 17 0.12
18 29 0.0026
19 1 0.26
19 2 0.09
19 3 0.29
19 4 0.12
19 5 0.29
19 6 0.5
19 7 0.42
19 8 0.14
19 9 0.25
19 10 0.31
19 11 0.06
19 12 0.18
19 14 0.29
19 15 0.12
19 16 0.42
19 17 0.38
19 18 0.41
19 29 8.0E-4
1 20 0.08
20 2 0.26
20 3 0.41
20 4 0.33
20 5 0.82
6 20 0.18
7 20 0.17
20 8 0.41
10 20 0.35
20 14 0.82
16 20 0.3
20 17 0.27
18 20 0.29
19 20 0.35
20 29 0.0040
1 21 0.23
4 21 0.19
6 21 0.3
7 21 0.44
21 8 0.24
21 9 0.27
10 21 0.3
11 21 0.29
21 12 0.45
21 13 0.33
15 21 0.19
16 21 0.52
17 21 0.16
19 21 0.27
20 21 0.19
21 29 0.0023
1 22 0.24
6 22 0.18
7 22 0.25
9 22 0.24
11 22 0.5
22 12 0.77
22 13 0.58
15 22 0.33
16 22 0.45
21 22 0.58
29 22 0.0046
1 23 0.28
6 23 0.2
7 23 0.29
23 9 0.41
11 23 0.29
23 12 0.45
23 13 0.5
15 23 0.29
16 23 0.26
23 17 0.12
19 23 0.1
23 21 0.33
23 22 0.58
23 29 0.0034
1 24 0.24
2 24 0.26
24 3 0.41
4 24 0.33
5 24 0.41
6 24 0.18
8 24 0.41
10 24 0.17
11 24 0.17
14 24 0.41
16 24 0.15
17 24 0.14
18 24 0.29
19 24 0.12
20 24 0.33
24 29 0.0032
25 1 0.23
25 2 0.18
25 3 0.29
25 4 0.47
25 5 0.29
6 25 0.25
7 25 0.18
25 8 0.58
25 10 0.25
25 14 0.29
25 15 0.24
16 25 0.32
25 17 0.19
18 25 0.2
19 25 0.17
25 20 0.24
25 21 0.27
25 24 0.24
25 29 0.0021
1 26 0.08
26 2 0.26
26 3 0.41
26 4 0.33
26 5 0.82
6 26 0.18
7 26 0.17
26 8 0.41
10 26 0.35
26 14 0.82
16 26 0.3
26 17 0.27
18 26 0.29
19 26 0.35
26 20 1.0
26 21 0.19
26 24 0.33
25 26 0.24
26 29 0.0040
1 27 0.32
6 27 0.27
7 27 0.28
27 9 0.15
11 27 0.44
27 12 0.68
27 13 0.38
15 27 0.22
16 27 0.29
19 27 0.08
27 21 0.38
27 22 0.65
23 27 0.38
27 29 0.0023
1 28 0.14
6 28 0.1
7 28 0.15
9 28 0.41
11 28 0.29
28 12 0.45
28 13 1.0
15 28 0.58
16 28 0.26
21 28 0.33
28 22 0.58
23 28 0.5
27 28 0.38
29 28 0.0096
