*Vertices  37
1 "衬底"
2 "LED灯"
3 "电容"
4 "荧光粉"
5 "聚光杯"
6 "整流器"
7 "工质"
8 "热电分离"
9 "连接管"
10 "变压器"
11 "外延"
12 "LED"
13 "二极管"
14 "稳压二极管"
15 "通道"
16 "电子元器件"
17 "集热板"
18 "聚光碗"
19 "散热片"
20 "散热器"
21 "半导体"
22 "Al2O3"
23 "GaAs"
24 "键合"
25 "LED芯片"
26 "芯片"
27 "冷凝器"
28 "电极"
29 "电阻"
30 "基色"
31 "散热腔"
32 "激光"
33 "干法刻蚀"
34 "射灯"
35 "透镜"
36 "反射层"
37 "基板"
*Arcs
1 37 7.0E-4
2 37 0.0023
2 3 0.35
3 37 0.0045
1 4 0.32
2 4 0.1
37 4 0.0013
2 5 0.2
3 5 0.39
37 5 0.0052
2 6 0.29
3 6 0.68
6 5 0.58
37 6 0.0043
2 7 0.14
3 7 0.28
37 7 0.0040
2 8 0.2
3 8 0.2
8 7 0.71
37 8 0.0024
2 9 0.14
3 9 0.28
9 7 1.0
8 9 0.71
37 9 0.0040
2 10 0.31
3 10 0.61
10 5 0.45
10 6 0.77
10 37 0.0030
11 1 1.0
11 4 0.32
11 37 7.0E-4
12 1 0.23
12 2 0.73
12 3 0.37
12 4 0.14
12 5 0.14
12 6 0.25
12 7 0.1
12 8 0.14
12 9 0.1
12 10 0.32
12 11 0.23
12 37 0.0019
13 1 0.26
13 2 0.35
13 3 0.45
13 5 0.21
13 6 0.36
13 10 0.42
13 11 0.26
13 12 0.7
13 37 0.0010
2 14 0.23
3 14 0.57
14 5 0.58
14 6 0.67
10 14 0.65
12 14 0.25
13 14 0.36
37 14 0.0043
1 15 0.18
2 15 0.23
3 15 0.23
15 7 0.41
8 15 0.29
15 9 0.41
11 15 0.18
12 15 0.25
13 15 0.24
37 15 0.0010
2 16 0.14
3 16 0.28
16 7 1.0
8 16 0.71
16 9 1.0
12 16 0.1
16 15 0.41
37 16 0.0040
2 17 0.14
12 17 0.1
37 17 0.0015
2 18 0.2
3 18 0.39
18 5 1.0
18 6 0.58
10 18 0.45
12 18 0.14
13 18 0.21
18 14 0.58
18 37 0.0052
19 2 0.4
19 3 0.09
19 7 0.32
19 8 0.22
19 9 0.32
12 19 0.32
13 19 0.18
19 15 0.26
19 16 0.32
19 17 0.32
19 37 0.0020
2 20 0.42
3 20 0.33
20 5 0.43
20 6 0.37
20 7 0.3
20 8 0.43
20 9 0.3
20 10 0.29
12 20 0.34
13 20 0.26
20 14 0.37
20 15 0.12
20 16 0.3
20 18 0.43
19 20 0.48
20 37 0.0049
21 1 0.58
21 2 0.33
21 3 0.21
21 4 0.37
21 6 0.21
21 10 0.33
21 11 0.58
21 12 0.39
21 13 0.45
21 15 0.21
21 37 5.0E-4
1 22 0.89
22 4 0.35
11 22 0.89
12 22 0.2
13 22 0.22
22 15 0.2
21 22 0.52
37 22 8.0E-4
1 23 0.77
4 23 0.41
11 23 0.77
12 23 0.18
13 23 0.17
15 23 0.24
21 23 0.45
22 23 0.87
37 23 0.0011
1 24 0.45
4 24 0.71
11 24 0.45
12 24 0.1
21 24 0.26
22 24 0.5
24 23 0.58
37 24 0.0021
25 1 0.45
25 2 0.14
25 3 0.14
25 4 0.71
25 7 0.5
25 8 0.35
25 9 0.5
25 11 0.45
25 12 0.2
25 13 0.07
25 15 0.2
25 16 0.5
25 19 0.16
25 20 0.15
25 21 0.39
25 22 0.25
25 23 0.29
25 24 0.5
25 37 0.0037
26 1 0.37
26 2 0.26
26 3 0.4
26 4 0.29
26 7 0.2
26 8 0.14
26 9 0.2
26 10 0.13
26 11 0.37
26 12 0.5
26 13 0.42
26 14 0.17
26 15 0.25
26 16 0.2
26 19 0.13
26 20 0.12
26 21 0.42
26 22 0.31
26 23 0.35
26 24 0.2
26 25 0.41
26 37 9.0E-4
2 27 0.14
3 27 0.28
27 7 1.0
8 27 0.71
27 9 1.0
12 27 0.1
27 15 0.41
27 16 1.0
19 27 0.32
20 27 0.3
25 27 0.5
26 27 0.2
37 27 0.0040
28 1 0.67
28 2 0.17
28 3 0.42
28 4 0.21
28 6 0.25
28 10 0.29
28 11 0.67
28 12 0.34
28 13 0.4
28 14 0.25
28 15 0.25
28 21 0.54
28 22 0.6
28 23 0.52
28 24 0.3
28 25 0.3
28 26 0.49
28 37 5.0E-4
1 29 0.11
2 29 0.27
29 3 0.81
29 5 0.34
29 6 0.59
29 10 0.54
11 29 0.11
12 29 0.42
13 29 0.57
29 14 0.59
29 15 0.3
29 18 0.34
29 20 0.22
21 29 0.25
29 22 0.12
29 23 0.14
26 29 0.5
28 29 0.44
29 37 0.0020
1 30 0.32
30 4 0.5
11 30 0.32
12 30 0.14
21 30 0.18
22 30 0.35
30 23 0.41
30 24 0.71
25 30 0.35
26 30 0.14
28 30 0.21
37 30 0.0012
2 31 0.24
3 31 0.16
31 7 0.58
31 8 0.82
31 9 0.58
12 31 0.18
31 15 0.24
31 16 0.58
19 31 0.18
20 31 0.35
25 31 0.29
26 31 0.12
31 27 0.58
37 31 0.0017
1 32 0.73
2 32 0.06
32 4 0.29
11 32 0.73
12 32 0.25
13 32 0.18
32 15 0.17
21 32 0.42
32 22 0.82
32 23 0.71
32 24 0.41
25 32 0.2
26 32 0.33
28 32 0.49
29 32 0.1
32 30 0.29
37 32 6.0E-4
1 33 0.77
4 33 0.41
11 33 0.77
12 33 0.18
13 33 0.17
15 33 0.24
21 33 0.45
22 33 0.87
33 23 1.0
33 24 0.58
25 33 0.29
26 33 0.35
28 33 0.52
29 33 0.14
30 33 0.41
32 33 0.71
37 33 0.0011
2 34 0.28
3 34 0.28
34 5 0.35
34 6 0.2
10 34 0.16
12 34 0.2
13 34 0.29
34 14 0.2
34 15 0.41
34 18 0.35
20 34 0.15
21 34 0.26
26 34 0.1
28 34 0.15
29 34 0.24
34 37 9.0E-4
1 35 0.18
35 2 0.23
35 4 0.29
11 35 0.18
12 35 0.25
13 35 0.18
35 17 0.41
35 19 0.26
21 35 0.32
35 22 0.2
35 23 0.24
25 35 0.2
26 35 0.17
28 35 0.12
35 32 0.17
35 33 0.24
35 37 9.0E-4
36 1 0.67
36 4 0.35
36 11 0.67
36 12 0.2
36 13 0.15
36 21 0.39
36 22 0.5
36 23 0.29
36 24 0.5
36 25 0.5
36 26 0.2
36 28 0.45
36 30 0.71
36 32 0.41
36 33 0.29
36 37 8.0E-4
