*Vertices  23
1 "LED显示屏"
2 "衬底"
3 "叶片"
4 "荧光粉"
5 "外延"
6 "LED"
7 "玻璃"
8 "塑料"
9 "基板"
10 "SiO2"
11 "半导体"
12 "电路板"
13 "Al2O3"
14 "GaAs"
15 "键合"
16 "LED芯片"
17 "芯片"
18 "电极"
19 "激光"
20 "干法刻蚀"
21 "屏幕"
22 "反射层"
23 "基色"
*Arcs
23 1 0.0028
2 23 0.0052
3 1 0.58
23 3 0.0061
2 4 0.32
23 4 0.0082
5 2 1.0
5 4 0.32
5 23 0.0052
6 1 0.25
6 2 0.23
6 3 0.14
6 4 0.14
6 5 0.23
6 23 0.0012
7 1 0.3
2 7 0.22
7 3 0.34
5 7 0.22
6 7 0.42
7 23 0.0014
8 1 0.12
8 3 0.2
6 8 0.35
8 7 0.28
8 23 0.0012
2 9 0.18
9 4 0.29
5 9 0.18
6 9 0.25
9 23 0.0029
10 1 0.2
10 2 0.67
10 3 0.35
10 5 0.67
10 6 0.2
10 7 0.36
10 8 0.14
10 23 0.0047
11 1 0.11
11 2 0.58
11 3 0.18
11 4 0.37
11 5 0.58
11 6 0.39
11 7 0.25
11 8 0.22
11 9 0.11
11 10 0.39
11 23 0.0023
12 1 0.19
12 3 0.33
12 4 0.17
6 12 0.43
7 12 0.4
8 12 0.2
10 12 0.12
11 12 0.18
12 23 0.0012
2 13 0.89
13 4 0.35
5 13 0.89
6 13 0.2
7 13 0.24
9 13 0.2
10 13 0.5
11 13 0.52
13 23 0.0056
2 14 0.77
4 14 0.41
5 14 0.77
6 14 0.18
7 14 0.28
9 14 0.24
10 14 0.58
11 14 0.45
13 14 0.87
23 14 0.0068
2 15 0.45
4 15 0.71
5 15 0.45
6 15 0.1
9 15 0.41
11 15 0.26
13 15 0.5
15 14 0.58
23 15 0.0135
16 2 0.45
16 4 0.71
16 5 0.45
16 6 0.2
16 9 0.41
16 10 0.25
16 11 0.39
16 12 0.12
16 13 0.25
16 14 0.29
16 15 0.5
16 23 0.0051
17 1 0.08
17 2 0.37
17 3 0.14
17 4 0.29
17 5 0.37
17 6 0.5
17 7 0.3
17 8 0.06
17 9 0.17
17 10 0.31
17 11 0.42
17 12 0.38
17 13 0.31
17 14 0.35
17 15 0.2
17 16 0.41
17 23 0.0014
18 2 0.67
18 4 0.21
18 5 0.67
18 6 0.34
18 7 0.22
18 9 0.12
18 10 0.45
18 11 0.54
18 12 0.07
18 13 0.6
18 14 0.52
18 15 0.3
18 16 0.3
18 17 0.49
18 23 0.0024
2 19 0.73
19 4 0.29
5 19 0.73
6 19 0.25
7 19 0.2
8 19 0.12
9 19 0.17
10 19 0.41
11 19 0.42
12 19 0.1
19 13 0.82
19 14 0.71
19 15 0.41
16 19 0.2
17 19 0.33
18 19 0.49
19 23 0.0040
2 20 0.77
4 20 0.41
5 20 0.77
6 20 0.18
7 20 0.28
9 20 0.24
10 20 0.58
11 20 0.45
13 20 0.87
20 14 1.0
20 15 0.58
16 20 0.29
17 20 0.35
18 20 0.52
19 20 0.71
23 20 0.0068
21 1 0.58
21 2 0.16
21 3 0.5
21 5 0.16
21 6 0.29
21 7 0.17
21 8 0.2
21 10 0.35
21 11 0.18
21 12 0.25
21 16 0.18
21 17 0.22
21 18 0.21
21 19 0.29
21 23 0.0026
22 1 0.2
22 2 0.67
22 3 0.35
22 4 0.35
22 5 0.67
22 6 0.2
22 7 0.12
22 8 0.14
22 9 0.2
22 10 0.5
22 11 0.39
22 12 0.12
22 13 0.5
22 14 0.29
22 15 0.5
22 16 0.5
22 17 0.2
22 18 0.45
22 19 0.41
22 20 0.29
22 21 0.35
22 23 0.0156
