*Vertices  48
1 "LED显示屏"
2 "显示器"
3 "LED灯罩"
4 "LED灯"
5 "容器"
6 "传感器"
7 "控制器"
8 "处理器"
9 "单片机"
10 "叶片"
11 "开关"
12 "显示技术"
13 "变压器"
14 "阻燃塑料外壳"
15 "LED"
16 "二极管"
17 "玻璃"
18 "通道"
19 "LED光源"
20 "电热丝"
21 "铝基板"
22 "导热陶瓷"
23 "基座"
24 "电动机"
25 "散热片"
26 "散热器"
27 "电加热器"
28 "密封胶"
29 "SiO2"
30 "半导体"
31 "电路板"
32 "滑动变阻器"
33 "芯片"
34 "Li"
35 "冰柜"
36 "排水槽"
37 "基色"
38 "驱动模块"
39 "加热管"
40 "激光"
41 "空穴"
42 "射灯"
43 "臭氧"
44 "屏幕"
45 "反射层"
46 "发光管"
47 "导热柱"
48 "塑料"
*Arcs
48 1 3.0E-4
48 2 3.0E-4
48 3 7.0E-4
4 1 0.06
4 2 0.05
4 3 0.2
4 48 0.0033
4 5 0.19
48 5 7.0E-4
6 2 0.17
4 6 0.21
48 6 4.0E-4
2 7 0.32
4 7 0.18
5 7 0.14
6 7 0.32
48 7 6.0E-4
2 8 0.15
4 8 0.13
6 8 0.56
7 8 0.42
48 8 4.0E-4
2 9 0.59
4 9 0.05
6 9 0.35
9 7 0.22
9 8 0.16
48 9 3.0E-4
10 1 0.58
4 10 0.1
48 10 6.0E-4
11 2 0.06
11 4 0.37
11 5 0.31
11 6 0.26
11 7 0.22
11 8 0.16
11 9 0.12
11 48 8.0E-4
2 12 0.47
6 12 0.18
7 12 0.45
8 12 0.32
9 12 0.25
48 12 8.0E-4
13 2 0.11
4 13 0.31
13 5 0.42
13 7 0.1
11 13 0.33
48 13 3.0E-4
4 14 0.14
11 14 0.17
13 14 0.32
48 14 0.0013
15 1 0.25
15 2 0.3
15 3 0.14
15 4 0.73
15 5 0.23
15 6 0.41
15 7 0.32
15 8 0.23
15 9 0.29
15 10 0.14
15 11 0.58
15 12 0.14
15 13 0.32
15 14 0.1
15 48 0.0035
16 2 0.19
16 3 0.1
16 4 0.35
16 5 0.26
16 6 0.29
16 7 0.14
16 8 0.13
16 9 0.21
16 11 0.58
16 13 0.42
16 14 0.15
16 15 0.7
16 48 0.0015
17 1 0.3
17 2 0.24
4 17 0.27
6 17 0.06
17 9 0.17
17 10 0.34
11 17 0.17
17 13 0.08
15 17 0.42
16 17 0.32
48 17 0.0016
4 18 0.23
6 18 0.1
11 18 0.07
15 18 0.25
16 18 0.24
17 18 0.2
48 18 0.0018
19 2 0.2
4 19 0.3
19 5 0.13
19 9 0.11
11 19 0.05
19 13 0.1
15 19 0.34
16 19 0.31
19 17 0.29
19 18 0.25
48 19 7.0E-4
4 20 0.16
5 20 0.26
11 20 0.1
15 20 0.18
16 20 0.08
17 20 0.14
48 20 0.0029
3 21 0.32
4 21 0.31
11 21 0.16
13 21 0.28
21 14 0.45
15 21 0.23
16 21 0.26
18 21 0.18
48 21 0.0037
4 22 0.14
15 22 0.1
16 22 0.15
18 22 0.41
22 21 0.45
48 22 0.0021
4 23 0.2
5 23 0.32
15 23 0.14
16 23 0.1
18 23 0.29
19 23 0.21
23 21 0.32
23 22 0.71
48 23 0.0013
2 24 0.33
6 24 0.25
7 24 0.32
8 24 0.45
9 24 0.35
12 24 0.71
15 24 0.1
48 24 0.0013
25 4 0.4
25 11 0.11
15 25 0.32
16 25 0.18
25 17 0.15
25 18 0.26
25 19 0.48
25 21 0.14
25 48 7.0E-4
4 26 0.42
26 13 0.29
15 26 0.34
16 26 0.26
26 17 0.07
26 18 0.12
26 19 0.27
26 21 0.13
25 26 0.48
26 48 2.0E-4
5 27 0.45
11 27 0.17
15 27 0.1
16 27 0.15
27 20 0.58
48 27 0.0019
28 1 0.24
28 4 0.24
28 10 0.41
28 11 0.1
15 28 0.18
16 28 0.08
28 17 0.14
28 18 0.24
28 21 0.26
28 22 0.58
28 23 0.41
28 25 0.18
28 48 0.0010
29 1 0.2
29 10 0.35
29 15 0.2
29 16 0.22
29 17 0.36
29 18 0.2
29 19 0.3
29 48 4.0E-4
30 1 0.11
30 2 0.09
30 3 0.18
30 4 0.33
30 5 0.35
30 10 0.18
30 11 0.18
30 13 0.33
30 14 0.26
30 15 0.39
30 16 0.45
30 17 0.25
30 18 0.21
30 19 0.31
30 21 0.35
30 22 0.26
30 23 0.37
30 28 0.3
30 29 0.39
30 48 0.0017
31 1 0.19
2 31 0.31
4 31 0.4
31 5 0.11
6 31 0.12
31 7 0.15
31 8 0.11
31 9 0.17
31 10 0.33
11 31 0.12
31 12 0.17
15 31 0.43
16 31 0.24
17 31 0.4
31 18 0.1
19 31 0.21
31 23 0.17
25 31 0.07
26 31 0.07
28 31 0.14
29 31 0.12
30 31 0.18
48 31 8.0E-4
5 32 0.45
11 32 0.17
15 32 0.1
16 32 0.15
32 20 0.58
32 27 1.0
48 32 0.0019
33 1 0.08
33 2 0.34
33 4 0.26
33 5 0.09
33 6 0.31
33 7 0.39
33 8 0.27
33 9 0.29
33 10 0.14
33 11 0.28
33 12 0.29
33 13 0.13
33 15 0.5
33 16 0.42
33 17 0.3
33 18 0.25
33 19 0.31
33 21 0.18
33 23 0.14
33 24 0.2
33 25 0.13
33 26 0.12
33 28 0.12
33 29 0.31
33 30 0.42
33 31 0.38
33 48 4.0E-4
34 3 0.24
4 34 0.23
6 34 0.08
9 34 0.12
11 34 0.12
13 34 0.11
34 14 0.33
15 34 0.3
16 34 0.44
17 34 0.32
34 18 0.27
19 34 0.3
34 21 0.45
34 22 0.33
34 23 0.24
25 34 0.11
26 34 0.1
28 34 0.19
29 34 0.33
30 34 0.52
31 34 0.16
33 34 0.27
48 34 0.0023
4 35 0.14
15 35 0.1
17 35 0.24
20 35 0.58
48 35 0.0011
4 36 0.14
15 36 0.1
18 36 0.41
19 36 0.3
25 36 0.32
48 36 9.0E-4
37 1 0.29
37 10 0.5
15 37 0.14
17 37 0.17
29 37 0.35
30 37 0.18
31 37 0.17
33 37 0.14
48 37 6.0E-4
2 38 0.24
4 38 0.1
6 38 0.18
7 38 0.22
38 8 0.32
9 38 0.25
38 12 0.5
15 38 0.14
38 24 0.71
33 38 0.29
48 38 8.0E-4
4 39 0.1
5 39 0.32
11 39 0.25
15 39 0.14
16 39 0.1
17 39 0.17
39 20 0.41
39 27 0.71
39 32 0.71
48 39 0.0012
2 40 0.27
4 40 0.06
6 40 0.1
40 7 0.13
40 8 0.18
9 40 0.14
40 12 0.29
15 40 0.25
16 40 0.18
17 40 0.2
40 18 0.17
19 40 0.25
40 24 0.41
29 40 0.41
30 40 0.42
31 40 0.1
33 40 0.33
40 34 0.27
40 37 0.29
40 38 0.29
48 40 4.0E-4
3 41 0.41
4 41 0.24
11 41 0.1
13 41 0.18
41 14 0.58
15 41 0.18
16 41 0.25
18 41 0.24
41 21 0.77
41 22 0.58
23 41 0.41
28 41 0.33
30 41 0.45
34 41 0.58
48 41 0.0053
42 3 0.35
4 42 0.28
6 42 0.13
11 42 0.09
13 42 0.16
15 42 0.2
16 42 0.29
17 42 0.12
42 18 0.41
42 21 0.45
42 22 0.5
42 23 0.35
26 42 0.15
28 42 0.29
30 42 0.26
42 31 0.12
33 42 0.1
42 34 0.33
42 41 0.58
48 42 0.0021
4 43 0.24
5 43 0.26
15 43 0.18
17 43 0.14
19 43 0.17
20 43 0.67
43 23 0.41
30 43 0.15
31 43 0.14
33 43 0.12
43 35 0.58
48 43 0.0010
44 1 0.58
44 2 0.24
44 4 0.1
44 5 0.16
44 6 0.09
44 7 0.22
44 8 0.16
44 9 0.13
44 10 0.5
44 11 0.06
44 12 0.25
44 13 0.11
44 15 0.29
44 16 0.1
44 17 0.17
44 24 0.35
44 28 0.2
44 29 0.35
44 30 0.18
44 31 0.25
44 33 0.22
44 37 0.25
44 38 0.25
44 40 0.29
44 48 9.0E-4
45 1 0.2
45 10 0.35
45 15 0.2
45 16 0.15
45 17 0.12
45 29 0.5
45 30 0.39
45 31 0.12
45 33 0.2
45 37 0.71
45 40 0.41
45 44 0.35
45 48 4.0E-4
46 3 0.27
4 46 0.32
6 46 0.09
7 46 0.12
11 46 0.33
13 46 0.24
46 14 0.38
15 46 0.27
16 46 0.28
46 18 0.15
46 21 0.68
46 22 0.38
46 23 0.27
28 46 0.22
30 46 0.29
33 46 0.08
46 34 0.38
46 41 0.65
42 46 0.38
48 46 0.0039
4 47 0.14
15 47 0.1
16 47 0.15
18 47 0.41
47 21 0.45
47 22 1.0
23 47 0.71
28 47 0.58
30 47 0.26
34 47 0.33
47 41 0.58
42 47 0.5
46 47 0.38
48 47 0.0021
