*Vertices  32
1 "LCD显示屏"
2 "显示器"
3 "LED灯"
4 "连接带"
5 "传感器"
6 "控制器"
7 "单片机"
8 "开关"
9 "显示技术"
10 "定时器"
11 "LED"
12 "液晶显示模块"
13 "二极管"
14 "稳压二极管"
15 "塑料"
16 "转换器"
17 "绝缘靴"
18 "电动机"
19 "电路板"
20 "锂电池"
21 "芯片"
22 "存储器"
23 "电阻"
24 "驱动模块"
25 "激光"
26 "屏幕"
27 "读取器"
28 "信息卡"
29 "蜂鸣器"
30 "电磁锁心"
31 "信息存储卡"
32 "处理器"
*Arcs
1 32 0.0015
2 1 0.47
2 32 0.0012
3 1 0.05
3 2 0.05
3 32 9.0E-4
3 4 0.08
32 4 0.0027
5 1 0.18
5 2 0.17
3 5 0.21
5 4 0.14
5 32 0.0114
1 6 0.34
2 6 0.32
3 6 0.18
5 6 0.32
6 32 0.0057
7 1 0.13
2 7 0.59
3 7 0.05
5 7 0.35
7 6 0.22
7 32 0.0011
8 1 0.18
8 2 0.06
8 3 0.37
8 5 0.26
8 6 0.22
8 7 0.12
8 32 0.0014
1 9 0.25
2 9 0.47
5 9 0.18
6 9 0.45
7 9 0.25
32 9 0.0030
1 10 0.35
5 10 0.25
6 10 0.32
8 10 0.17
32 10 0.0060
11 1 0.29
11 2 0.3
11 3 0.73
11 4 0.18
11 5 0.41
11 6 0.32
11 7 0.29
11 8 0.58
11 9 0.14
11 10 0.1
11 32 0.0028
12 1 0.71
2 12 0.5
5 12 0.13
12 6 0.47
12 7 0.18
8 12 0.17
12 9 0.35
12 10 0.5
11 12 0.2
12 32 0.0025
13 1 0.15
13 2 0.19
13 3 0.35
13 5 0.29
13 6 0.14
13 7 0.21
13 8 0.58
13 10 0.15
13 11 0.7
13 12 0.15
13 32 8.0E-4
14 1 0.14
3 14 0.23
5 14 0.1
14 6 0.26
8 14 0.21
14 10 0.41
11 14 0.25
14 12 0.2
13 14 0.36
14 32 0.0013
15 2 0.1
3 15 0.36
15 5 0.14
15 6 0.18
15 7 0.1
8 15 0.15
15 9 0.2
11 15 0.35
13 15 0.21
15 32 6.0E-4
16 1 0.35
3 16 0.07
16 5 0.25
16 6 0.16
16 7 0.18
8 16 0.26
16 10 0.5
11 16 0.2
16 12 0.25
13 16 0.22
16 14 0.2
16 32 0.0020
4 17 0.58
5 17 0.25
11 17 0.1
32 17 0.0031
2 18 0.33
5 18 0.25
6 18 0.32
7 18 0.35
9 18 0.71
11 18 0.1
15 18 0.29
32 18 0.0044
19 1 0.25
2 19 0.31
3 19 0.4
5 19 0.12
19 6 0.15
19 7 0.17
8 19 0.12
19 9 0.17
11 19 0.43
19 12 0.24
13 19 0.24
15 19 0.2
19 32 5.0E-4
1 20 0.25
3 20 0.1
5 20 0.35
6 20 0.45
8 20 0.12
20 10 0.71
11 20 0.14
12 20 0.35
13 20 0.21
14 20 0.29
16 20 0.35
19 20 0.17
20 32 0.0091
21 1 0.36
21 2 0.34
21 3 0.26
21 5 0.31
21 6 0.39
21 7 0.29
21 8 0.28
21 9 0.29
21 10 0.2
21 11 0.5
21 12 0.41
21 13 0.42
21 14 0.17
21 15 0.06
21 16 0.31
21 18 0.2
21 19 0.38
21 20 0.29
21 32 0.0030
22 1 0.32
22 2 0.15
3 22 0.06
22 5 0.22
22 6 0.14
22 7 0.16
8 22 0.31
22 10 0.45
11 22 0.23
22 12 0.45
13 22 0.33
22 14 0.18
22 16 0.45
22 19 0.11
22 20 0.32
21 22 0.27
22 32 0.0018
23 1 0.26
23 2 0.08
3 23 0.27
23 5 0.24
23 6 0.23
23 7 0.26
8 23 0.46
23 10 0.24
11 23 0.42
23 12 0.24
13 23 0.57
23 14 0.59
23 16 0.36
23 19 0.17
23 20 0.17
21 23 0.5
23 22 0.33
23 32 8.0E-4
2 24 0.24
3 24 0.1
5 24 0.18
6 24 0.22
7 24 0.25
24 9 0.5
11 24 0.14
15 24 0.2
24 18 0.71
21 24 0.29
24 32 0.0026
1 25 0.14
2 25 0.27
3 25 0.06
5 25 0.1
25 6 0.13
7 25 0.14
25 9 0.29
11 25 0.25
13 25 0.18
15 25 0.12
25 18 0.41
19 25 0.1
21 25 0.33
23 25 0.1
25 24 0.29
25 32 0.0011
26 1 0.25
26 2 0.24
26 3 0.1
26 4 0.2
26 5 0.09
26 6 0.22
26 7 0.13
26 8 0.06
26 9 0.25
26 11 0.29
26 13 0.1
26 14 0.14
26 15 0.2
26 16 0.18
26 18 0.35
26 19 0.25
26 21 0.22
26 23 0.09
26 24 0.25
26 25 0.29
26 32 0.0010
1 27 0.35
5 27 0.25
6 27 0.32
8 27 0.17
27 10 1.0
11 27 0.1
12 27 0.5
13 27 0.15
14 27 0.41
16 27 0.5
20 27 0.71
21 27 0.2
22 27 0.45
23 27 0.24
32 27 0.0060
1 28 0.25
5 28 0.18
6 28 0.22
8 28 0.12
28 10 0.71
11 28 0.14
12 28 0.35
13 28 0.21
14 28 0.29
16 28 0.35
20 28 0.5
21 28 0.14
22 28 0.32
23 28 0.17
28 27 0.71
32 28 0.0034
29 1 0.25
2 29 0.24
3 29 0.1
5 29 0.18
29 6 0.22
29 7 0.25
8 29 0.12
11 29 0.14
29 12 0.35
13 29 0.21
29 19 0.33
29 20 0.5
21 29 0.29
22 29 0.32
23 29 0.17
29 32 0.0022
3 30 0.14
5 30 0.25
8 30 0.17
11 30 0.1
32 30 0.0060
3 31 0.14
5 31 0.25
8 31 0.17
11 31 0.1
31 30 1.0
32 31 0.0060
