*Vertices  41
1 "衬底"
2 "滤波片"
3 "光纤"
4 "III-V族半导体材料"
5 "GAN"
6 "PD"
7 "LED外延片"
8 "外延"
9 "LED"
10 "二极管"
11 "玻璃"
12 "通道"
13 "LED光源"
14 "腐蚀液"
15 "滤光片"
16 "光刻胶"
17 "SiO2"
18 "半导体"
19 "Al2O3"
20 "GaAs"
21 "MQW"
22 "ITO"
23 "光子晶体"
24 "LED芯片"
25 "芯片"
26 "金属层"
27 "电流扩展层"
28 "Li"
29 "离子"
30 "电极"
31 "电阻"
32 "光子晶体谐振腔"
33 "激光"
34 "MOCVD"
35 "湿法刻蚀"
36 "干法刻蚀"
37 "屏幕"
38 "透镜"
39 "反射层"
40 "激发光"
41 "外延片"
*Arcs
41 1 0.0038
1 2 0.63
41 2 0.0041
1 3 0.52
3 2 0.82
41 3 0.0028
1 4 0.63
4 2 1.0
3 4 0.82
41 4 0.0041
1 5 0.63
5 2 1.0
3 5 0.82
5 4 1.0
41 5 0.0041
1 6 0.63
6 2 1.0
3 6 0.82
6 4 1.0
6 5 1.0
41 6 0.0041
7 1 0.45
41 7 0.0014
8 1 1.0
8 2 0.63
8 3 0.52
8 4 0.63
8 5 0.63
8 6 0.63
8 7 0.45
8 41 0.0038
9 1 0.23
9 2 0.14
9 3 0.18
9 4 0.14
9 5 0.14
9 6 0.14
9 7 0.1
9 8 0.23
9 41 3.0E-4
10 1 0.26
10 2 0.21
10 3 0.25
10 4 0.21
10 5 0.21
10 6 0.21
10 7 0.15
10 8 0.26
10 9 0.7
10 41 5.0E-4
1 11 0.22
11 2 0.34
3 11 0.28
11 4 0.34
11 5 0.34
11 6 0.34
8 11 0.22
9 11 0.42
10 11 0.32
41 11 5.0E-4
1 12 0.18
12 2 0.29
3 12 0.24
12 4 0.29
12 5 0.29
12 6 0.29
8 12 0.18
9 12 0.25
10 12 0.24
11 12 0.2
41 12 4.0E-4
1 13 0.27
13 2 0.43
13 3 0.35
13 4 0.43
13 5 0.43
13 6 0.43
8 13 0.27
9 13 0.34
10 13 0.31
13 11 0.29
13 12 0.25
41 13 8.0E-4
14 1 0.45
14 7 1.0
14 8 0.45
14 9 0.1
14 10 0.15
14 41 0.0014
1 15 0.52
15 2 0.82
3 15 0.67
15 4 0.82
15 5 0.82
15 6 0.82
8 15 0.52
9 15 0.18
10 15 0.25
11 15 0.28
15 12 0.24
13 15 0.52
41 15 0.0028
16 1 0.45
16 7 1.0
16 8 0.45
16 9 0.1
16 10 0.15
16 14 1.0
16 41 0.0014
17 1 0.67
17 2 0.71
17 3 0.58
17 4 0.71
17 5 0.71
17 6 0.71
17 7 0.5
17 8 0.67
17 9 0.2
17 10 0.22
17 11 0.36
17 12 0.2
17 13 0.3
17 14 0.5
17 15 0.58
17 16 0.5
17 41 0.0043
18 1 0.58
18 2 0.37
18 3 0.3
18 4 0.37
18 5 0.37
18 6 0.37
18 7 0.26
18 8 0.58
18 9 0.39
18 10 0.45
18 11 0.25
18 12 0.21
18 13 0.31
18 14 0.26
18 15 0.3
18 16 0.26
18 17 0.39
18 41 0.0014
1 19 0.89
19 2 0.71
3 19 0.58
19 4 0.71
19 5 0.71
19 6 0.71
8 19 0.89
9 19 0.2
10 19 0.22
11 19 0.24
19 12 0.2
13 19 0.3
15 19 0.58
17 19 0.5
18 19 0.52
41 19 0.0025
1 20 0.77
20 2 0.82
3 20 0.67
20 4 0.82
20 5 0.82
20 6 0.82
8 20 0.77
9 20 0.18
10 20 0.17
11 20 0.28
12 20 0.24
13 20 0.35
15 20 0.67
17 20 0.58
18 20 0.45
19 20 0.87
41 20 0.0030
1 21 0.63
21 2 1.0
3 21 0.82
21 4 1.0
21 5 1.0
21 6 1.0
8 21 0.63
9 21 0.14
10 21 0.21
11 21 0.34
12 21 0.29
13 21 0.43
15 21 0.82
17 21 0.71
18 21 0.37
19 21 0.71
20 21 0.82
41 21 0.0041
22 1 0.8
22 2 0.63
22 3 0.52
22 4 0.63
22 5 0.63
22 6 0.63
22 7 0.45
22 8 0.8
22 9 0.23
22 10 0.26
22 11 0.22
22 12 0.18
22 13 0.27
22 14 0.45
22 15 0.52
22 16 0.45
22 17 0.67
22 18 0.46
22 19 0.67
22 20 0.52
22 21 0.63
22 41 0.0036
1 23 0.63
23 2 1.0
3 23 0.82
23 4 1.0
23 5 1.0
23 6 1.0
8 23 0.63
9 23 0.14
10 23 0.21
11 23 0.34
12 23 0.29
13 23 0.43
15 23 0.82
17 23 0.71
18 23 0.37
19 23 0.71
20 23 0.82
23 21 1.0
22 23 0.63
41 23 0.0041
24 1 0.45
24 7 0.5
24 8 0.45
24 9 0.2
24 10 0.07
24 12 0.2
24 13 0.15
24 14 0.5
24 16 0.5
24 17 0.25
24 18 0.39
24 19 0.25
24 20 0.29
24 22 0.22
24 41 5.0E-4
25 1 0.37
25 2 0.29
25 3 0.24
25 4 0.29
25 5 0.29
25 6 0.29
25 7 0.2
25 8 0.37
25 9 0.5
25 10 0.42
25 11 0.3
25 12 0.25
25 13 0.31
25 14 0.2
25 15 0.35
25 16 0.2
25 17 0.31
25 18 0.42
25 19 0.31
25 20 0.35
25 21 0.29
25 22 0.37
25 23 0.29
25 24 0.41
25 41 9.0E-4
26 1 0.89
26 2 0.71
26 3 0.58
26 4 0.71
26 5 0.71
26 6 0.71
26 7 0.5
26 8 0.89
26 9 0.2
26 10 0.29
26 11 0.24
26 12 0.2
26 13 0.3
26 14 0.5
26 15 0.58
26 16 0.5
26 17 0.75
26 18 0.52
26 19 0.75
26 20 0.58
26 21 0.71
26 22 0.89
26 23 0.71
26 24 0.25
26 25 0.31
26 41 0.0045
1 27 0.63
27 2 1.0
3 27 0.82
27 4 1.0
27 5 1.0
27 6 1.0
8 27 0.63
9 27 0.14
10 27 0.21
11 27 0.34
12 27 0.29
13 27 0.43
15 27 0.82
17 27 0.71
18 27 0.37
19 27 0.71
20 27 0.82
27 21 1.0
22 27 0.63
27 23 1.0
25 27 0.29
26 27 0.71
41 27 0.0041
1 28 0.3
28 2 0.47
3 28 0.38
28 4 0.47
28 5 0.47
28 6 0.47
8 28 0.3
9 28 0.3
10 28 0.44
11 28 0.32
28 12 0.27
13 28 0.3
15 28 0.38
17 28 0.33
18 28 0.52
19 28 0.33
28 20 0.38
28 21 0.47
22 28 0.3
28 23 0.47
25 28 0.27
26 28 0.33
28 27 0.47
41 28 0.0010
1 29 0.32
29 2 0.5
3 29 0.41
29 4 0.5
29 5 0.5
29 6 0.5
8 29 0.32
9 29 0.29
10 29 0.21
29 11 0.34
29 12 0.14
13 29 0.32
29 15 0.41
17 29 0.35
18 29 0.27
29 19 0.35
29 20 0.41
29 21 0.5
22 29 0.32
29 23 0.5
25 29 0.29
26 29 0.35
29 27 0.5
29 28 0.35
41 29 0.0011
30 1 0.67
30 2 0.43
30 3 0.35
30 4 0.43
30 5 0.43
30 6 0.43
30 7 0.3
30 8 0.67
30 9 0.34
30 10 0.4
30 11 0.22
30 12 0.25
30 13 0.18
30 14 0.3
30 15 0.35
30 16 0.3
30 17 0.45
30 18 0.54
30 19 0.6
30 20 0.52
30 21 0.43
30 22 0.67
30 23 0.43
30 24 0.3
30 25 0.49
30 26 0.6
30 27 0.43
30 28 0.2
30 29 0.21
30 41 0.0019
1 31 0.11
31 2 0.17
31 3 0.14
31 4 0.17
31 5 0.17
31 6 0.17
8 31 0.11
9 31 0.42
10 31 0.57
31 11 0.12
31 12 0.3
31 13 0.15
31 15 0.28
17 31 0.12
18 31 0.25
31 19 0.12
31 20 0.14
31 21 0.17
22 31 0.11
31 23 0.17
25 31 0.5
26 31 0.12
31 27 0.17
31 28 0.16
31 29 0.09
30 31 0.44
41 31 2.0E-4
1 32 0.63
32 2 1.0
3 32 0.82
32 4 1.0
32 5 1.0
32 6 1.0
8 32 0.63
9 32 0.14
10 32 0.21
11 32 0.34
12 32 0.29
13 32 0.43
15 32 0.82
17 32 0.71
18 32 0.37
19 32 0.71
20 32 0.82
32 21 1.0
22 32 0.63
32 23 1.0
25 32 0.29
26 32 0.71
32 27 1.0
28 32 0.47
29 32 0.5
30 32 0.43
31 32 0.17
41 32 0.0041
1 33 0.73
33 2 0.58
3 33 0.47
33 4 0.58
33 5 0.58
33 6 0.58
8 33 0.73
9 33 0.25
10 33 0.18
11 33 0.2
33 12 0.17
13 33 0.25
15 33 0.47
17 33 0.41
18 33 0.42
33 19 0.82
33 20 0.71
33 21 0.58
22 33 0.55
33 23 0.58
24 33 0.2
25 33 0.33
26 33 0.61
33 27 0.58
33 28 0.27
29 33 0.29
30 33 0.49
31 33 0.1
33 32 0.58
41 33 0.0017
1 34 0.63
34 2 1.0
3 34 0.82
34 4 1.0
34 5 1.0
34 6 1.0
8 34 0.63
9 34 0.14
10 34 0.21
11 34 0.34
12 34 0.29
13 34 0.43
15 34 0.82
17 34 0.71
18 34 0.37
19 34 0.71
20 34 0.82
34 21 1.0
22 34 0.63
34 23 1.0
25 34 0.29
26 34 0.71
34 27 1.0
28 34 0.47
29 34 0.5
30 34 0.43
31 34 0.17
34 32 1.0
33 34 0.58
41 34 0.0041
35 1 0.77
35 2 0.82
35 3 0.67
35 4 0.82
35 5 0.82
35 6 0.82
35 7 0.58
35 8 0.77
35 9 0.18
35 10 0.25
35 11 0.28
35 12 0.24
35 13 0.35
35 14 0.58
35 15 0.67
35 16 0.58
35 17 0.87
35 18 0.45
35 19 0.58
35 20 0.67
35 21 0.82
35 22 0.77
35 23 0.82
35 24 0.29
35 25 0.35
35 26 0.87
35 27 0.82
35 28 0.38
35 29 0.41
35 30 0.52
35 31 0.14
35 32 0.82
35 33 0.47
35 34 0.82
35 41 0.0056
1 36 0.77
36 2 0.82
3 36 0.67
36 4 0.82
36 5 0.82
36 6 0.82
8 36 0.77
9 36 0.18
10 36 0.17
11 36 0.28
12 36 0.24
13 36 0.35
15 36 0.67
17 36 0.58
18 36 0.45
19 36 0.87
36 20 1.0
36 21 0.82
22 36 0.52
36 23 0.82
24 36 0.29
25 36 0.35
26 36 0.58
36 27 0.82
28 36 0.38
29 36 0.41
30 36 0.52
31 36 0.14
36 32 0.82
33 36 0.71
36 34 0.82
35 36 0.67
41 36 0.0030
37 1 0.16
37 7 0.35
37 8 0.16
37 9 0.29
37 10 0.1
37 11 0.17
37 14 0.35
37 16 0.35
37 17 0.35
37 18 0.18
37 22 0.16
37 24 0.18
37 25 0.22
37 26 0.18
37 29 0.13
37 30 0.21
37 31 0.09
37 33 0.29
37 35 0.2
37 41 2.0E-4
1 38 0.18
38 2 0.29
38 3 0.24
38 4 0.29
38 5 0.29
38 6 0.29
8 38 0.18
9 38 0.25
10 38 0.18
38 11 0.1
38 13 0.25
38 15 0.24
17 38 0.2
18 38 0.32
38 19 0.2
38 20 0.24
38 21 0.29
22 38 0.18
38 23 0.29
24 38 0.2
25 38 0.17
26 38 0.2
38 27 0.29
38 28 0.27
38 29 0.14
30 38 0.12
38 32 0.29
38 33 0.17
38 34 0.29
35 38 0.24
38 36 0.24
41 38 4.0E-4
39 1 0.67
39 7 0.5
39 8 0.67
39 9 0.2
39 10 0.15
39 11 0.12
39 14 0.5
39 16 0.5
39 17 0.5
39 18 0.39
39 19 0.5
39 20 0.29
39 22 0.45
39 24 0.5
39 25 0.2
39 26 0.5
39 30 0.45
39 33 0.41
39 35 0.29
39 36 0.29
39 37 0.35
39 41 6.0E-4
1 40 0.63
40 2 1.0
3 40 0.82
40 4 1.0
40 5 1.0
40 6 1.0
8 40 0.63
9 40 0.14
10 40 0.21
11 40 0.34
12 40 0.29
13 40 0.43
15 40 0.82
17 40 0.71
18 40 0.37
19 40 0.71
20 40 0.82
40 21 1.0
22 40 0.63
40 23 1.0
25 40 0.29
26 40 0.71
40 27 1.0
28 40 0.47
29 40 0.5
30 40 0.43
31 40 0.17
40 32 1.0
33 40 0.58
40 34 1.0
35 40 0.82
36 40 0.82
38 40 0.29
41 40 0.0041
