*Vertices  50
1 "衬底"
2 "滤波片"
3 "光纤"
4 "荧光粉"
5 "发光荧光材料"
6 "III-V族半导体材料"
7 "GAN"
8 "保护层"
9 "PD"
10 "活性层"
11 "LED外延片"
12 "外延片"
13 "LED"
14 "二极管"
15 "玻璃"
16 "通道"
17 "LED光源"
18 "腐蚀液"
19 "基板"
20 "滤光片"
21 "光刻胶"
22 "SiO2"
23 "半导体"
24 "Al2O3"
25 "GaAs"
26 "MQW"
27 "ITO"
28 "键合"
29 "光子晶体"
30 "LED芯片"
31 "芯片"
32 "金属层"
33 "电流扩展层"
34 "Li"
35 "离子"
36 "电极"
37 "电阻"
38 "基色"
39 "光子晶体谐振腔"
40 "激光"
41 "粘附层"
42 "MOCVD"
43 "湿法刻蚀"
44 "干法刻蚀"
45 "屏幕"
46 "透镜"
47 "透明导电层"
48 "反射层"
49 "激发光"
50 "外延"
*Arcs
50 1 0.0051
1 2 0.63
50 2 0.0024
1 3 0.52
3 2 0.82
50 3 0.0016
1 4 0.32
50 4 4.0E-4
1 5 0.26
5 4 0.41
50 5 4.0E-4
1 6 0.63
6 2 1.0
3 6 0.82
50 6 0.0024
1 7 0.63
7 2 1.0
3 7 0.82
7 6 1.0
50 7 0.0024
1 8 0.45
8 5 0.58
50 8 9.0E-4
1 9 0.63
9 2 1.0
3 9 0.82
9 6 1.0
9 7 1.0
50 9 0.0024
1 10 0.45
10 5 0.58
10 8 1.0
50 10 9.0E-4
11 1 0.45
50 11 8.0E-4
12 1 0.77
12 2 0.82
12 3 0.67
12 6 0.82
12 7 0.82
12 9 0.82
12 11 0.58
50 12 0.0033
13 1 0.23
13 2 0.14
13 3 0.18
13 4 0.14
13 5 0.18
13 6 0.14
13 7 0.14
13 8 0.1
13 9 0.14
13 10 0.1
13 11 0.1
13 12 0.18
13 50 4.0E-4
14 1 0.26
14 2 0.21
14 3 0.25
14 5 0.17
14 6 0.21
14 7 0.21
14 8 0.15
14 9 0.21
14 10 0.15
14 11 0.15
14 12 0.25
14 13 0.7
14 50 5.0E-4
1 15 0.22
15 2 0.34
3 15 0.28
15 6 0.34
15 7 0.34
15 9 0.34
12 15 0.28
13 15 0.42
14 15 0.32
50 15 3.0E-4
1 16 0.18
16 2 0.29
3 16 0.24
16 6 0.29
16 7 0.29
16 9 0.29
12 16 0.24
13 16 0.25
14 16 0.24
15 16 0.2
50 16 2.0E-4
1 17 0.27
17 2 0.43
17 3 0.35
17 4 0.21
17 5 0.17
17 6 0.43
17 7 0.43
17 9 0.43
12 17 0.35
13 17 0.34
14 17 0.31
17 15 0.29
17 16 0.25
50 17 5.0E-4
18 1 0.45
18 11 1.0
18 12 0.58
18 13 0.1
18 14 0.15
18 50 8.0E-4
1 19 0.18
19 4 0.29
13 19 0.25
14 19 0.18
19 16 0.17
50 19 1.0E-4
1 20 0.52
20 2 0.82
3 20 0.67
20 6 0.82
20 7 0.82
20 9 0.82
12 20 0.67
13 20 0.18
14 20 0.25
15 20 0.28
20 16 0.24
17 20 0.52
50 20 0.0017
21 1 0.45
21 11 1.0
21 12 0.58
21 13 0.1
21 14 0.15
21 18 1.0
21 50 8.0E-4
22 1 0.67
22 2 0.71
22 3 0.58
22 6 0.71
22 7 0.71
22 9 0.71
22 11 0.5
22 12 0.87
22 13 0.2
22 14 0.22
22 15 0.36
22 16 0.2
22 17 0.3
22 18 0.5
22 20 0.58
22 21 0.5
22 50 0.0026
23 1 0.58
23 2 0.37
23 3 0.3
23 4 0.37
23 5 0.45
23 6 0.37
23 7 0.37
23 8 0.26
23 9 0.37
23 10 0.26
23 11 0.26
23 12 0.45
23 13 0.39
23 14 0.45
23 15 0.25
23 16 0.21
23 17 0.31
23 18 0.26
23 19 0.11
23 20 0.3
23 21 0.26
23 22 0.39
23 50 0.0019
1 24 0.89
24 2 0.71
3 24 0.58
24 4 0.35
24 5 0.29
24 6 0.71
24 7 0.71
24 8 0.5
24 9 0.71
24 10 0.5
12 24 0.58
13 24 0.2
14 24 0.22
15 24 0.24
24 16 0.2
17 24 0.3
19 24 0.2
20 24 0.58
22 24 0.5
23 24 0.52
50 24 0.0041
1 25 0.77
25 2 0.82
3 25 0.67
4 25 0.41
25 6 0.82
25 7 0.82
25 9 0.82
12 25 0.67
13 25 0.18
14 25 0.17
15 25 0.28
16 25 0.24
17 25 0.35
19 25 0.24
20 25 0.67
22 25 0.58
23 25 0.45
24 25 0.87
50 25 0.0031
1 26 0.63
26 2 1.0
3 26 0.82
26 6 1.0
26 7 1.0
26 9 1.0
12 26 0.82
13 26 0.14
14 26 0.21
15 26 0.34
16 26 0.29
17 26 0.43
20 26 0.82
22 26 0.71
23 26 0.37
24 26 0.71
25 26 0.82
50 26 0.0024
27 1 0.8
27 2 0.63
27 3 0.52
27 5 0.26
27 6 0.63
27 7 0.63
27 8 0.45
27 9 0.63
27 10 0.45
27 11 0.45
27 12 0.77
27 13 0.23
27 14 0.26
27 15 0.22
27 16 0.18
27 17 0.27
27 18 0.45
27 20 0.52
27 21 0.45
27 22 0.67
27 23 0.46
27 24 0.67
27 25 0.52
27 26 0.63
27 50 0.0035
1 28 0.45
4 28 0.71
13 28 0.1
19 28 0.41
23 28 0.26
24 28 0.5
28 25 0.58
50 28 7.0E-4
1 29 0.63
29 2 1.0
3 29 0.82
29 6 1.0
29 7 1.0
29 9 1.0
12 29 0.82
13 29 0.14
14 29 0.21
15 29 0.34
16 29 0.29
17 29 0.43
20 29 0.82
22 29 0.71
23 29 0.37
24 29 0.71
25 29 0.82
29 26 1.0
27 29 0.63
50 29 0.0024
30 1 0.45
30 4 0.71
30 5 0.29
30 11 0.5
30 12 0.29
30 13 0.2
30 14 0.07
30 16 0.2
30 17 0.15
30 18 0.5
30 19 0.41
30 21 0.5
30 22 0.25
30 23 0.39
30 24 0.25
30 25 0.29
30 27 0.22
30 28 0.5
30 50 9.0E-4
31 1 0.37
31 2 0.29
31 3 0.24
31 4 0.29
31 5 0.12
31 6 0.29
31 7 0.29
31 9 0.29
31 11 0.2
31 12 0.35
31 13 0.5
31 14 0.42
31 15 0.3
31 16 0.25
31 17 0.31
31 18 0.2
31 19 0.17
31 20 0.35
31 21 0.2
31 22 0.31
31 23 0.42
31 24 0.31
31 25 0.35
31 26 0.29
31 27 0.37
31 28 0.2
31 29 0.29
31 30 0.41
31 50 8.0E-4
32 1 0.89
32 2 0.71
32 3 0.58
32 5 0.29
32 6 0.71
32 7 0.71
32 8 0.5
32 9 0.71
32 10 0.5
32 11 0.5
32 12 0.87
32 13 0.2
32 14 0.29
32 15 0.24
32 16 0.2
32 17 0.3
32 18 0.5
32 20 0.58
32 21 0.5
32 22 0.75
32 23 0.52
32 24 0.75
32 25 0.58
32 26 0.71
32 27 0.89
32 29 0.71
32 30 0.25
32 31 0.31
32 50 0.0043
1 33 0.63
33 2 1.0
3 33 0.82
33 6 1.0
33 7 1.0
33 9 1.0
12 33 0.82
13 33 0.14
14 33 0.21
15 33 0.34
16 33 0.29
17 33 0.43
20 33 0.82
22 33 0.71
23 33 0.37
24 33 0.71
25 33 0.82
33 26 1.0
27 33 0.63
33 29 1.0
31 33 0.29
32 33 0.71
50 33 0.0024
1 34 0.3
34 2 0.47
3 34 0.38
5 34 0.19
34 6 0.47
34 7 0.47
34 9 0.47
12 34 0.38
13 34 0.3
14 34 0.44
15 34 0.32
34 16 0.27
17 34 0.3
20 34 0.38
22 34 0.33
23 34 0.52
24 34 0.33
34 25 0.38
34 26 0.47
27 34 0.3
34 29 0.47
31 34 0.27
32 34 0.33
34 33 0.47
50 34 6.0E-4
1 35 0.32
35 2 0.5
3 35 0.41
35 6 0.5
35 7 0.5
35 9 0.5
12 35 0.41
13 35 0.29
14 35 0.21
35 15 0.34
35 16 0.14
17 35 0.32
35 20 0.41
22 35 0.35
23 35 0.27
35 24 0.35
35 25 0.41
35 26 0.5
27 35 0.32
35 29 0.5
31 35 0.29
32 35 0.35
35 33 0.5
35 34 0.35
50 35 7.0E-4
36 1 0.67
36 2 0.43
36 3 0.35
36 4 0.21
36 5 0.17
36 6 0.43
36 7 0.43
36 8 0.3
36 9 0.43
36 10 0.3
36 11 0.3
36 12 0.52
36 13 0.34
36 14 0.4
36 15 0.22
36 16 0.25
36 17 0.18
36 18 0.3
36 19 0.12
36 20 0.35
36 21 0.3
36 22 0.45
36 23 0.54
36 24 0.6
36 25 0.52
36 26 0.43
36 27 0.67
36 28 0.3
36 29 0.43
36 30 0.3
36 31 0.49
36 32 0.6
36 33 0.43
36 34 0.2
36 35 0.21
36 50 0.0024
1 37 0.11
37 2 0.17
37 3 0.14
37 6 0.17
37 7 0.17
37 9 0.17
12 37 0.14
13 37 0.42
14 37 0.57
37 15 0.12
37 16 0.3
37 17 0.15
37 19 0.3
37 20 0.28
22 37 0.12
23 37 0.25
37 24 0.12
37 25 0.14
37 26 0.17
27 37 0.11
37 29 0.17
31 37 0.5
32 37 0.12
37 33 0.17
37 34 0.16
37 35 0.09
36 37 0.44
50 37 1.0E-4
1 38 0.32
38 4 0.5
13 38 0.14
15 38 0.17
19 38 0.29
22 38 0.35
23 38 0.18
24 38 0.35
38 25 0.41
38 28 0.71
30 38 0.35
31 38 0.14
36 38 0.21
50 38 4.0E-4
1 39 0.63
39 2 1.0
3 39 0.82
39 6 1.0
39 7 1.0
39 9 1.0
12 39 0.82
13 39 0.14
14 39 0.21
15 39 0.34
16 39 0.29
17 39 0.43
20 39 0.82
22 39 0.71
23 39 0.37
24 39 0.71
25 39 0.82
39 26 1.0
27 39 0.63
39 29 1.0
31 39 0.29
32 39 0.71
39 33 1.0
34 39 0.47
35 39 0.5
36 39 0.43
37 39 0.17
50 39 0.0024
1 40 0.73
40 2 0.58
3 40 0.47
40 4 0.29
40 5 0.24
40 6 0.58
40 7 0.58
40 8 0.41
40 9 0.58
40 10 0.41
12 40 0.47
13 40 0.25
14 40 0.18
15 40 0.2
40 16 0.17
17 40 0.25
19 40 0.17
20 40 0.47
22 40 0.41
23 40 0.42
40 24 0.82
40 25 0.71
40 26 0.58
27 40 0.55
40 28 0.41
40 29 0.58
30 40 0.2
31 40 0.33
32 40 0.61
40 33 0.58
40 34 0.27
35 40 0.29
36 40 0.49
37 40 0.1
40 38 0.29
40 39 0.58
50 40 0.0028
1 41 0.45
41 5 0.58
41 8 1.0
41 10 1.0
13 41 0.1
14 41 0.15
23 41 0.26
41 24 0.5
27 41 0.45
32 41 0.5
36 41 0.3
41 40 0.41
50 41 9.0E-4
1 42 0.63
42 2 1.0
3 42 0.82
42 6 1.0
42 7 1.0
42 9 1.0
12 42 0.82
13 42 0.14
14 42 0.21
15 42 0.34
16 42 0.29
17 42 0.43
20 42 0.82
22 42 0.71
23 42 0.37
24 42 0.71
25 42 0.82
42 26 1.0
27 42 0.63
42 29 1.0
31 42 0.29
32 42 0.71
42 33 1.0
34 42 0.47
35 42 0.5
36 42 0.43
37 42 0.17
42 39 1.0
40 42 0.58
50 42 0.0024
43 1 0.77
43 2 0.82
43 3 0.67
43 6 0.82
43 7 0.82
43 9 0.82
43 11 0.58
43 12 1.0
43 13 0.18
43 14 0.25
43 15 0.28
43 16 0.24
43 17 0.35
43 18 0.58
43 20 0.67
43 21 0.58
43 22 0.87
43 23 0.45
43 24 0.58
43 25 0.67
43 26 0.82
43 27 0.77
43 29 0.82
43 30 0.29
43 31 0.35
43 32 0.87
43 33 0.82
43 34 0.38
43 35 0.41
43 36 0.52
43 37 0.14
43 39 0.82
43 40 0.47
43 42 0.82
43 50 0.0033
1 44 0.77
44 2 0.82
3 44 0.67
4 44 0.41
44 6 0.82
44 7 0.82
44 9 0.82
12 44 0.67
13 44 0.18
14 44 0.17
15 44 0.28
16 44 0.24
17 44 0.35
19 44 0.24
20 44 0.67
22 44 0.58
23 44 0.45
24 44 0.87
44 25 1.0
44 26 0.82
27 44 0.52
44 28 0.58
44 29 0.82
30 44 0.29
31 44 0.35
32 44 0.58
44 33 0.82
34 44 0.38
35 44 0.41
36 44 0.52
37 44 0.14
38 44 0.41
44 39 0.82
40 44 0.71
44 42 0.82
43 44 0.67
50 44 0.0031
45 1 0.16
45 11 0.35
45 12 0.2
45 13 0.29
45 14 0.1
45 15 0.17
45 18 0.35
45 21 0.35
45 22 0.35
45 23 0.18
45 27 0.16
45 30 0.18
45 31 0.22
45 32 0.18
45 35 0.13
45 36 0.21
45 37 0.09
45 38 0.25
45 40 0.29
45 43 0.2
45 50 2.0E-4
1 46 0.18
46 2 0.29
46 3 0.24
46 4 0.29
46 5 0.47
46 6 0.29
46 7 0.29
46 9 0.29
12 46 0.24
13 46 0.25
14 46 0.18
46 15 0.1
46 17 0.25
46 19 0.17
46 20 0.24
22 46 0.2
23 46 0.32
46 24 0.2
46 25 0.24
46 26 0.29
27 46 0.18
46 29 0.29
30 46 0.2
31 46 0.17
32 46 0.2
46 33 0.29
46 34 0.27
46 35 0.14
36 46 0.12
46 39 0.29
46 40 0.17
46 42 0.29
43 46 0.24
46 44 0.24
50 46 3.0E-4
1 47 0.45
47 5 0.58
47 8 1.0
47 10 1.0
13 47 0.1
14 47 0.15
23 47 0.26
47 24 0.5
27 47 0.45
32 47 0.5
36 47 0.3
47 40 0.41
47 41 1.0
50 47 9.0E-4
48 1 0.67
48 4 0.35
48 5 0.29
48 8 0.5
48 10 0.5
48 11 0.5
48 12 0.29
48 13 0.2
48 14 0.15
48 15 0.12
48 18 0.5
48 19 0.2
48 21 0.5
48 22 0.5
48 23 0.39
48 24 0.5
48 25 0.29
48 27 0.45
48 28 0.5
48 30 0.5
48 31 0.2
48 32 0.5
48 36 0.45
48 38 0.71
48 40 0.41
48 41 0.5
48 43 0.29
48 44 0.29
48 45 0.35
48 47 0.5
48 50 0.0021
1 49 0.63
49 2 1.0
3 49 0.82
49 6 1.0
49 7 1.0
49 9 1.0
12 49 0.82
13 49 0.14
14 49 0.21
15 49 0.34
16 49 0.29
17 49 0.43
20 49 0.82
22 49 0.71
23 49 0.37
24 49 0.71
25 49 0.82
49 26 1.0
27 49 0.63
49 29 1.0
31 49 0.29
32 49 0.71
49 33 1.0
34 49 0.47
35 49 0.5
36 49 0.43
37 49 0.17
49 39 1.0
40 49 0.58
49 42 1.0
43 49 0.82
44 49 0.82
46 49 0.29
50 49 0.0024
