*Vertices  17
1 "LED灯"
2 "连接带"
3 "控制器"
4 "开关"
5 "LED"
6 "二极管"
7 "挂绳"
8 "教具"
9 "直流电机"
10 "太阳能"
11 "蓄电池"
12 "防护服"
13 "信息卡"
14 "防护罩"
15 "转子"
16 "电磁感应"
17 "太阳能电池板"
*Arcs
1 17 0.0034
1 2 0.08
17 2 0.0059
1 3 0.18
17 3 0.0027
4 1 0.37
4 3 0.22
4 17 0.0012
5 1 0.73
5 2 0.18
5 3 0.32
5 4 0.58
5 17 0.0039
6 1 0.35
6 3 0.14
6 4 0.58
6 5 0.7
6 17 8.0E-4
5 7 0.1
6 7 0.15
17 7 0.0152
1 8 0.14
8 3 0.32
4 8 0.17
5 8 0.1
17 8 0.0191
1 9 0.14
9 3 0.32
4 9 0.17
5 9 0.1
9 8 1.0
17 9 0.0191
1 10 0.21
10 2 0.22
10 3 0.12
4 10 0.2
5 10 0.27
6 10 0.11
10 7 0.38
10 8 0.38
10 9 0.38
17 10 0.0386
1 11 0.31
11 2 0.18
11 3 0.1
4 11 0.33
5 11 0.32
6 11 0.18
11 7 0.32
11 8 0.32
11 9 0.32
11 10 0.72
11 17 0.0286
1 12 0.14
2 12 0.58
5 12 0.1
10 12 0.38
11 12 0.32
17 12 0.0094
3 13 0.22
4 13 0.12
5 13 0.14
6 13 0.21
13 7 0.71
10 13 0.27
11 13 0.22
17 13 0.0103
5 14 0.1
6 14 0.15
14 7 1.0
10 14 0.38
11 14 0.32
13 14 0.71
17 14 0.0152
1 15 0.14
15 3 0.32
4 15 0.17
5 15 0.1
15 8 1.0
15 9 1.0
15 10 0.38
11 15 0.32
15 17 0.0191
1 16 0.1
16 3 0.22
4 16 0.12
5 16 0.14
6 16 0.1
16 8 0.71
16 9 0.71
16 10 0.27
11 16 0.22
16 15 0.71
16 17 0.0105
