*Vertices  28
1 "LED显示屏"
2 "LED灯"
3 "连接带"
4 "电容"
5 "控制器"
6 "开关"
7 "太阳能吸收板"
8 "LED"
9 "二极管"
10 "三极管"
11 "挂绳"
12 "教具"
13 "玻璃"
14 "直流电机"
15 "电路板"
16 "太阳能电池板"
17 "蓄电池"
18 "充电电池"
19 "芯片"
20 "电阻"
21 "加热管"
22 "防护服"
23 "太阳能电子板"
24 "信息卡"
25 "防护罩"
26 "转子"
27 "电磁感应"
28 "太阳能"
*Arcs
1 28 0.0014
2 1 0.06
2 28 0.0026
1 3 0.24
2 3 0.08
28 3 0.0026
2 4 0.35
4 28 4.0E-4
2 5 0.18
4 5 0.18
28 5 0.0012
6 2 0.37
6 4 0.39
6 5 0.22
6 28 0.0024
2 7 0.14
6 7 0.17
28 7 0.0036
8 1 0.25
8 2 0.73
8 3 0.18
8 4 0.37
8 5 0.32
8 6 0.58
8 7 0.1
8 28 0.0044
9 2 0.35
9 4 0.45
9 5 0.14
9 6 0.58
9 8 0.7
9 28 9.0E-4
2 10 0.21
10 4 0.63
10 5 0.12
6 10 0.46
8 10 0.27
9 10 0.39
10 28 6.0E-4
8 11 0.1
9 11 0.15
28 11 0.0066
2 12 0.14
12 5 0.32
6 12 0.17
8 12 0.1
28 12 0.0082
13 1 0.3
2 13 0.27
4 13 0.07
6 13 0.17
13 7 0.24
8 13 0.42
9 13 0.32
10 13 0.09
13 28 0.0019
2 14 0.14
14 5 0.32
6 14 0.17
8 14 0.1
14 12 1.0
28 14 0.0082
15 1 0.19
2 15 0.4
4 15 0.13
15 5 0.15
6 15 0.12
8 15 0.43
9 15 0.24
10 15 0.27
13 15 0.4
15 28 2.0E-4
2 16 0.21
16 3 0.29
16 5 0.16
6 16 0.09
8 16 0.2
9 16 0.07
16 11 0.5
16 12 0.5
16 14 0.5
16 28 0.0252
17 1 0.13
2 17 0.31
17 3 0.18
4 17 0.18
17 5 0.1
6 17 0.33
17 7 0.32
8 17 0.32
9 17 0.18
10 17 0.12
17 11 0.32
17 12 0.32
13 17 0.15
17 14 0.32
17 16 0.63
17 28 0.026
2 18 0.1
18 4 0.39
6 18 0.25
8 18 0.14
9 18 0.21
18 10 0.53
18 15 0.17
18 28 0.0014
19 1 0.08
19 2 0.26
19 4 0.4
19 5 0.39
19 6 0.28
19 8 0.5
19 9 0.42
19 10 0.39
19 13 0.3
19 15 0.38
19 18 0.29
19 28 3.0E-4
2 20 0.27
20 4 0.81
20 5 0.23
6 20 0.46
8 20 0.42
9 20 0.57
20 10 0.64
20 13 0.12
20 15 0.17
20 17 0.15
20 18 0.34
19 20 0.5
20 28 4.0E-4
2 21 0.1
6 21 0.25
21 7 0.71
8 21 0.14
9 21 0.1
13 21 0.17
17 21 0.22
28 21 0.0032
2 22 0.14
3 22 0.58
8 22 0.1
16 22 0.5
17 22 0.32
28 22 0.0043
1 23 0.41
8 23 0.1
13 23 0.24
17 23 0.32
28 23 0.0030
5 24 0.22
6 24 0.12
8 24 0.14
9 24 0.21
24 11 0.71
16 24 0.35
17 24 0.22
19 24 0.14
20 24 0.17
28 24 0.0045
8 25 0.1
9 25 0.15
25 11 1.0
16 25 0.5
17 25 0.32
24 25 0.71
28 25 0.0066
2 26 0.14
26 5 0.32
6 26 0.17
8 26 0.1
26 12 1.0
26 14 1.0
26 16 0.5
17 26 0.32
26 28 0.0082
2 27 0.1
27 5 0.22
6 27 0.12
8 27 0.14
9 27 0.1
27 12 0.71
27 14 0.71
27 16 0.35
17 27 0.22
27 26 0.71
27 28 0.0046
