*Vertices  43
1 "LCD显示屏"
2 "显示器"
3 "LED灯"
4 "电容"
5 "传感器"
6 "控制器"
7 "处理器"
8 "单片机"
9 "远光灯"
10 "开关"
11 "模数转换集成块"
12 "定时器"
13 "LED"
14 "液晶显示模块"
15 "二极管"
16 "稳压二极管"
17 "三极管"
18 "接收管"
19 "LED光源"
20 "转换器"
21 "滤光片"
22 "放大器"
23 "半导体"
24 "电路板"
25 "GPIO"
26 "摄像机"
27 "充电电池"
28 "锂电池"
29 "芯片"
30 "充电器"
31 "电感"
32 "电极"
33 "电阻"
34 "脉冲信号"
35 "超声波"
36 "检测仪"
37 "读取器"
38 "透镜"
39 "信息卡"
40 "蜂鸣器"
41 "扬声器"
42 "提示仪"
43 "存储器"
*Arcs
43 1 0.0019
2 1 0.47
43 2 5.0E-4
3 1 0.05
3 2 0.05
3 43 2.0E-4
3 4 0.35
43 4 6.0E-4
5 1 0.18
5 2 0.17
3 5 0.21
4 5 0.14
43 5 0.0012
1 6 0.34
2 6 0.32
3 6 0.18
4 6 0.18
5 6 0.32
43 6 6.0E-4
1 7 0.16
2 7 0.15
3 7 0.13
5 7 0.56
6 7 0.42
43 7 9.0E-4
8 1 0.13
2 8 0.59
3 8 0.05
4 8 0.2
5 8 0.35
8 6 0.22
8 7 0.16
43 8 5.0E-4
5 9 0.25
43 9 0.0016
10 1 0.18
10 2 0.06
10 3 0.37
10 4 0.39
10 5 0.26
10 6 0.22
10 7 0.16
10 8 0.12
10 43 0.0017
3 11 0.14
11 4 0.28
10 11 0.17
43 11 0.0036
1 12 0.35
5 12 0.25
6 12 0.32
7 12 0.45
10 12 0.17
43 12 0.0027
13 1 0.29
13 2 0.3
13 3 0.73
13 4 0.37
13 5 0.41
13 6 0.32
13 7 0.23
13 8 0.29
13 9 0.1
13 10 0.58
13 11 0.1
13 12 0.1
13 43 0.0013
14 1 0.71
2 14 0.5
5 14 0.13
14 6 0.47
14 7 0.22
14 8 0.18
10 14 0.17
14 12 0.5
13 14 0.2
43 14 0.0032
15 1 0.15
15 2 0.19
15 3 0.35
15 4 0.45
15 5 0.29
15 6 0.14
15 7 0.13
15 8 0.21
15 9 0.15
15 10 0.58
15 11 0.15
15 12 0.15
15 13 0.7
15 14 0.15
15 43 0.0022
16 1 0.14
3 16 0.23
4 16 0.57
5 16 0.1
16 6 0.26
16 7 0.18
10 16 0.21
16 12 0.41
13 16 0.25
16 14 0.2
15 16 0.36
43 16 7.0E-4
17 1 0.13
17 2 0.13
3 17 0.21
17 4 0.63
17 5 0.09
17 6 0.12
17 8 0.13
10 17 0.46
17 11 0.38
13 17 0.27
17 14 0.19
15 17 0.39
17 16 0.31
43 17 0.0024
18 1 0.2
18 2 0.19
3 18 0.16
18 4 0.32
18 5 0.14
18 8 0.2
10 18 0.3
18 11 0.58
13 18 0.18
18 14 0.29
15 18 0.25
18 17 0.65
43 18 0.0046
19 1 0.11
19 2 0.2
3 19 0.3
19 8 0.11
10 19 0.05
13 19 0.34
19 14 0.15
15 19 0.31
17 19 0.11
18 19 0.17
43 19 3.0E-4
20 1 0.35
3 20 0.07
20 4 0.28
20 5 0.25
20 6 0.16
20 7 0.22
20 8 0.18
10 20 0.26
20 11 0.5
20 12 0.5
13 20 0.2
20 14 0.25
15 20 0.22
20 16 0.2
20 17 0.19
20 18 0.29
43 20 0.0037
21 1 0.2
2 21 0.19
21 8 0.2
10 21 0.1
13 21 0.18
21 14 0.29
15 21 0.25
17 21 0.22
18 21 0.33
19 21 0.52
43 21 0.0011
3 22 0.2
22 4 0.39
10 22 0.25
22 11 0.71
13 22 0.14
15 22 0.21
22 16 0.29
22 17 0.53
22 18 0.41
22 20 0.35
43 22 0.0021
23 2 0.09
23 3 0.33
23 4 0.21
23 10 0.18
23 11 0.26
23 13 0.39
23 15 0.45
23 17 0.2
23 18 0.15
23 19 0.31
23 20 0.13
23 21 0.3
23 22 0.18
23 43 4.0E-4
24 1 0.25
2 24 0.31
3 24 0.4
4 24 0.13
5 24 0.12
24 6 0.15
24 7 0.11
24 8 0.17
10 24 0.12
13 24 0.43
24 14 0.24
15 24 0.24
17 24 0.27
18 24 0.27
19 24 0.21
24 21 0.14
23 24 0.18
43 24 3.0E-4
25 1 0.35
2 25 0.33
25 8 0.35
10 25 0.17
13 25 0.1
25 14 0.5
15 25 0.15
17 25 0.38
18 25 0.58
19 25 0.3
25 21 0.58
25 24 0.24
43 25 0.0024
26 1 0.41
2 26 0.19
5 26 0.14
26 8 0.2
26 9 0.58
10 26 0.1
13 26 0.18
26 14 0.29
15 26 0.17
17 26 0.22
18 26 0.33
19 26 0.17
26 21 0.33
26 24 0.14
26 25 0.58
43 26 0.0038
3 27 0.1
27 4 0.39
10 27 0.25
27 11 0.71
13 27 0.14
15 27 0.21
27 17 0.53
27 18 0.41
27 20 0.35
27 22 0.5
23 27 0.18
27 24 0.17
43 27 0.0020
1 28 0.25
3 28 0.1
5 28 0.35
6 28 0.45
28 7 0.63
10 28 0.12
28 12 0.71
13 28 0.14
14 28 0.35
15 28 0.21
16 28 0.29
20 28 0.35
24 28 0.17
43 28 0.0018
29 1 0.36
29 2 0.34
29 3 0.26
29 4 0.4
29 5 0.31
29 6 0.39
29 7 0.27
29 8 0.29
29 10 0.28
29 11 0.2
29 12 0.2
29 13 0.5
29 14 0.41
29 15 0.42
29 16 0.17
29 17 0.39
29 18 0.35
29 19 0.31
29 20 0.31
29 21 0.35
29 22 0.29
29 23 0.42
29 24 0.38
29 25 0.2
29 26 0.12
29 27 0.29
29 28 0.29
29 43 0.0019
3 30 0.14
30 4 0.28
10 30 0.17
30 11 1.0
13 30 0.1
15 30 0.15
30 17 0.38
30 18 0.58
30 20 0.5
30 22 0.71
23 30 0.26
30 27 0.71
29 30 0.2
43 30 0.0036
3 31 0.25
31 4 0.62
31 6 0.14
10 31 0.39
31 11 0.45
13 31 0.23
15 31 0.33
31 16 0.37
31 17 0.68
31 18 0.26
31 20 0.22
31 22 0.63
23 31 0.35
31 27 0.32
29 31 0.18
31 30 0.45
31 43 0.0010
32 1 0.11
32 2 0.1
32 3 0.17
32 4 0.42
32 5 0.08
32 6 0.19
32 10 0.26
32 11 0.3
32 13 0.34
32 14 0.15
32 15 0.4
32 16 0.25
32 17 0.57
32 18 0.35
32 19 0.18
32 20 0.15
32 21 0.35
32 22 0.43
32 23 0.54
32 24 0.07
32 27 0.21
32 29 0.49
32 30 0.3
32 31 0.54
32 43 6.0E-4
33 1 0.26
33 2 0.08
3 33 0.27
33 4 0.81
33 5 0.24
33 6 0.23
33 7 0.11
33 8 0.26
10 33 0.46
33 11 0.24
33 12 0.24
13 33 0.42
33 14 0.24
15 33 0.57
33 16 0.59
33 17 0.64
33 18 0.42
33 19 0.15
33 20 0.36
33 21 0.28
33 22 0.34
23 33 0.25
33 24 0.17
33 25 0.24
33 26 0.14
33 27 0.34
33 28 0.17
29 33 0.5
33 30 0.24
33 31 0.54
32 33 0.44
33 43 0.0024
3 34 0.1
34 4 0.2
34 5 0.18
10 34 0.12
34 11 0.71
13 34 0.14
15 34 0.21
34 17 0.27
34 18 0.41
34 20 0.35
34 22 0.5
23 34 0.18
34 27 0.5
29 34 0.14
34 30 0.71
34 31 0.32
32 34 0.21
34 33 0.17
34 43 0.0020
3 35 0.14
35 4 0.28
10 35 0.17
35 11 1.0
13 35 0.1
15 35 0.15
35 17 0.38
35 18 0.58
35 20 0.5
35 22 0.71
23 35 0.26
35 27 0.71
29 35 0.2
35 30 1.0
35 31 0.45
32 35 0.3
35 33 0.24
35 34 0.71
35 43 0.0036
36 2 0.24
3 36 0.1
36 4 0.2
36 5 0.18
36 8 0.25
10 36 0.12
36 11 0.71
13 36 0.14
15 36 0.1
36 17 0.27
36 18 0.41
36 20 0.35
36 22 0.5
23 36 0.18
36 27 0.5
29 36 0.14
36 30 0.71
36 31 0.32
32 36 0.21
36 33 0.17
36 34 0.5
36 35 0.71
36 43 0.0020
1 37 0.35
5 37 0.25
6 37 0.32
7 37 0.45
10 37 0.17
37 12 1.0
13 37 0.1
14 37 0.5
15 37 0.15
16 37 0.41
20 37 0.5
28 37 0.71
29 37 0.2
33 37 0.24
43 37 0.0027
38 3 0.23
38 5 0.1
38 9 0.41
38 10 0.07
13 38 0.25
15 38 0.18
38 19 0.25
38 21 0.24
23 38 0.32
38 24 0.19
38 26 0.24
29 38 0.17
32 38 0.12
38 43 6.0E-4
1 39 0.25
5 39 0.18
6 39 0.22
7 39 0.32
10 39 0.12
39 12 0.71
13 39 0.14
14 39 0.35
15 39 0.21
16 39 0.29
20 39 0.35
28 39 0.5
29 39 0.14
33 39 0.17
39 37 0.71
43 39 0.0015
40 1 0.25
2 40 0.24
3 40 0.1
5 40 0.18
40 6 0.22
40 7 0.32
40 8 0.25
10 40 0.12
13 40 0.14
40 14 0.35
15 40 0.21
17 40 0.27
18 40 0.41
19 40 0.21
40 21 0.41
40 24 0.33
40 25 0.71
40 26 0.41
40 28 0.5
29 40 0.29
33 40 0.17
43 40 0.0016
3 41 0.14
41 4 0.28
10 41 0.17
41 11 1.0
13 41 0.1
15 41 0.15
41 17 0.38
41 18 0.58
41 20 0.5
41 22 0.71
23 41 0.26
41 27 0.71
29 41 0.2
41 30 1.0
41 31 0.45
32 41 0.3
41 33 0.24
41 34 0.71
41 35 1.0
41 36 0.71
41 43 0.0036
3 42 0.14
42 4 0.28
10 42 0.17
42 11 1.0
13 42 0.1
15 42 0.15
42 17 0.38
42 18 0.58
42 20 0.5
42 22 0.71
23 42 0.26
42 27 0.71
29 42 0.2
42 30 1.0
42 31 0.45
32 42 0.3
42 33 0.24
42 34 0.71
42 35 1.0
42 36 0.71
42 41 1.0
42 43 0.0036
