*Vertices  17
1 "LCD显示屏"
2 "传感器"
3 "控制器"
4 "处理器"
5 "开关"
6 "LED"
7 "液晶显示模块"
8 "二极管"
9 "稳压二极管"
10 "转换器"
11 "锂电池"
12 "芯片"
13 "存储器"
14 "电阻"
15 "读取器"
16 "信息卡"
17 "定时器"
*Arcs
1 17 0.0070
2 1 0.18
2 17 0.0042
1 3 0.34
2 3 0.32
3 17 0.0065
1 4 0.16
2 4 0.56
3 4 0.42
4 17 0.0109
5 1 0.18
5 2 0.26
5 3 0.22
5 4 0.16
5 17 0.0020
6 1 0.29
6 2 0.41
6 3 0.32
6 4 0.23
6 5 0.58
6 17 0.0012
7 1 0.71
2 7 0.13
7 3 0.47
7 4 0.22
5 7 0.17
6 7 0.2
7 17 0.0128
8 1 0.15
8 2 0.29
8 3 0.14
8 4 0.13
8 5 0.58
8 6 0.7
8 7 0.15
8 17 0.0020
9 1 0.14
2 9 0.1
9 3 0.26
9 4 0.18
5 9 0.21
6 9 0.25
9 7 0.2
8 9 0.36
9 17 0.0082
10 1 0.35
10 2 0.25
10 3 0.16
10 4 0.22
5 10 0.26
6 10 0.2
10 7 0.25
8 10 0.22
10 9 0.2
10 17 0.0123
1 11 0.25
2 11 0.35
3 11 0.45
11 4 0.63
5 11 0.12
6 11 0.14
7 11 0.35
8 11 0.21
9 11 0.29
10 11 0.35
11 17 0.0227
12 1 0.36
12 2 0.31
12 3 0.39
12 4 0.27
12 5 0.28
12 6 0.5
12 7 0.41
12 8 0.42
12 9 0.17
12 10 0.31
12 11 0.29
12 17 0.0033
13 1 0.32
13 2 0.22
13 3 0.14
13 4 0.2
5 13 0.31
6 13 0.23
13 7 0.45
8 13 0.33
13 9 0.18
13 10 0.45
13 11 0.32
12 13 0.27
13 17 0.0104
14 1 0.26
14 2 0.24
14 3 0.23
14 4 0.11
5 14 0.46
6 14 0.42
14 7 0.24
8 14 0.57
14 9 0.59
14 10 0.36
14 11 0.17
12 14 0.5
14 13 0.33
14 17 0.0038
1 15 0.35
2 15 0.25
3 15 0.32
4 15 0.45
5 15 0.17
6 15 0.1
7 15 0.5
8 15 0.15
9 15 0.41
10 15 0.5
11 15 0.71
12 15 0.2
13 15 0.45
14 15 0.24
15 17 0.038
1 16 0.25
2 16 0.18
3 16 0.22
4 16 0.32
5 16 0.12
6 16 0.14
7 16 0.35
8 16 0.21
9 16 0.29
10 16 0.35
11 16 0.5
12 16 0.14
13 16 0.32
14 16 0.17
16 15 0.71
16 17 0.0218
