*Vertices  26
1 "LCD显示屏"
2 "显示器"
3 "LED灯"
4 "电容"
5 "光膜"
6 "传感器"
7 "折盒机"
8 "装盒机"
9 "开关"
10 "焊油墨"
11 "LED"
12 "二极管"
13 "三极管"
14 "玻璃"
15 "通道"
16 "接收管"
17 "红外线发射管"
18 "发光体"
19 "电路板"
20 "芯片"
21 "电极"
22 "电阻"
23 "激光"
24 "射灯"
25 "屏幕"
26 "客户"
*Arcs
1 26 0.0025
2 1 0.47
2 26 0.0023
3 1 0.05
3 2 0.05
3 26 0.0038
3 4 0.35
4 26 0.0014
1 5 0.35
2 5 0.33
3 5 0.14
26 5 0.0124
6 1 0.18
6 2 0.17
3 6 0.21
4 6 0.14
6 26 0.0047
3 7 0.14
6 7 0.25
26 7 0.0103
3 8 0.1
6 8 0.18
8 7 0.71
26 8 0.0087
9 1 0.18
9 2 0.06
9 3 0.37
9 4 0.39
9 6 0.26
9 26 7.0E-4
1 10 0.35
2 10 0.33
3 10 0.14
10 5 1.0
26 10 0.0124
11 1 0.29
11 2 0.3
11 3 0.73
11 4 0.37
11 5 0.1
11 6 0.41
11 7 0.1
11 8 0.14
11 9 0.58
11 10 0.1
11 26 0.0028
12 1 0.15
12 2 0.19
12 3 0.35
12 4 0.45
12 6 0.29
12 9 0.58
12 11 0.7
12 26 7.0E-4
13 1 0.13
13 2 0.13
3 13 0.21
13 4 0.63
13 6 0.09
9 13 0.46
11 13 0.27
12 13 0.39
13 26 0.0024
14 2 0.24
3 14 0.27
4 14 0.07
6 14 0.06
9 14 0.17
11 14 0.42
12 14 0.32
13 14 0.09
14 26 0.0010
3 15 0.23
4 15 0.23
6 15 0.1
9 15 0.07
11 15 0.25
12 15 0.24
13 15 0.15
14 15 0.2
26 15 0.0025
16 1 0.2
16 2 0.19
3 16 0.16
16 4 0.32
16 6 0.14
9 16 0.3
11 16 0.18
12 16 0.25
16 13 0.65
16 14 0.14
16 15 0.24
16 26 0.0047
3 17 0.14
4 17 0.28
6 17 0.25
9 17 0.17
11 17 0.1
12 17 0.15
13 17 0.38
14 17 0.24
15 17 0.41
16 17 0.58
26 17 0.0102
3 18 0.2
4 18 0.2
6 18 0.18
9 18 0.25
11 18 0.14
12 18 0.21
13 18 0.27
14 18 0.17
18 15 0.29
16 18 0.41
18 17 0.71
18 26 0.0058
19 1 0.25
2 19 0.31
3 19 0.4
4 19 0.13
19 5 0.24
6 19 0.12
9 19 0.12
19 10 0.24
11 19 0.43
12 19 0.24
13 19 0.27
14 19 0.4
19 15 0.1
16 19 0.27
19 17 0.24
19 18 0.17
19 26 0.0039
20 1 0.36
20 2 0.34
20 3 0.26
20 4 0.4
20 6 0.31
20 9 0.28
20 11 0.5
20 12 0.42
20 13 0.39
20 14 0.3
20 15 0.25
20 16 0.35
20 17 0.2
20 18 0.14
20 19 0.38
20 26 0.0010
21 1 0.11
21 2 0.1
21 3 0.17
21 4 0.42
21 6 0.08
21 9 0.26
21 11 0.34
21 12 0.4
21 13 0.57
21 14 0.22
21 15 0.25
21 16 0.35
21 17 0.3
21 18 0.21
21 19 0.07
21 20 0.49
21 26 0.0015
22 1 0.26
22 2 0.08
3 22 0.27
22 4 0.81
22 6 0.24
9 22 0.46
11 22 0.42
12 22 0.57
22 13 0.64
22 14 0.12
22 15 0.3
22 16 0.42
22 17 0.24
22 18 0.17
22 19 0.17
20 22 0.5
21 22 0.44
22 26 0.0013
1 23 0.14
2 23 0.27
3 23 0.06
23 5 0.41
6 23 0.1
23 10 0.41
11 23 0.25
12 23 0.18
14 23 0.2
23 15 0.17
19 23 0.1
20 23 0.33
21 23 0.49
22 23 0.1
23 26 0.0033
3 24 0.28
4 24 0.28
6 24 0.13
9 24 0.09
11 24 0.2
12 24 0.29
13 24 0.19
14 24 0.12
24 15 0.41
16 24 0.29
24 17 0.5
24 18 0.35
24 19 0.12
20 24 0.1
21 24 0.15
22 24 0.24
24 26 0.0034
25 1 0.25
25 2 0.24
25 3 0.1
25 4 0.1
25 5 0.35
25 6 0.09
25 9 0.06
25 10 0.35
25 11 0.29
25 12 0.1
25 13 0.13
25 14 0.17
25 19 0.25
25 20 0.22
25 21 0.21
25 22 0.09
25 23 0.29
25 26 0.0024
