*Vertices  40
1 "LED灯"
2 "电容"
3 "控制器"
4 "荧光粉"
5 "整流器"
6 "开关"
7 "发光荧光材料"
8 "硼酸"
9 "变压器"
10 "发光板"
11 "LED"
12 "二极管"
13 "稳压二极管"
14 "三极管"
15 "扩散剂"
16 "LED光源"
17 "电热丝"
18 "塑料"
19 "基座"
20 "电加热器"
21 "硅橡胶"
22 "半导体"
23 "电路板"
24 "滑动变阻器"
25 "蓄电池"
26 "LED芯片"
27 "芯片"
28 "电抗器"
29 "酸盐"
30 "电感"
31 "电极"
32 "电阻"
33 "加热管"
34 "光电耦合器"
35 "臭氧"
36 "屏幕"
37 "透镜"
38 "甲基"
39 "晶体闸流管"
40 "容器"
*Arcs
1 40 0.0011
1 2 0.35
2 40 0.0028
1 3 0.18
2 3 0.18
40 3 4.0E-4
1 4 0.1
40 4 0.0015
1 5 0.29
2 5 0.68
5 3 0.13
5 40 0.0047
6 1 0.37
6 2 0.39
6 3 0.22
6 5 0.21
6 40 0.0021
1 7 0.16
7 4 0.41
7 40 0.0011
1 8 0.1
8 4 0.5
8 7 0.41
8 40 0.0017
1 9 0.31
2 9 0.61
9 3 0.1
9 5 0.77
6 9 0.33
9 8 0.22
9 40 0.0035
1 10 0.16
2 10 0.32
3 10 0.18
5 10 0.24
6 10 0.2
9 10 0.37
40 10 0.0012
11 1 0.73
11 2 0.37
11 3 0.32
11 4 0.14
11 5 0.25
11 6 0.58
11 7 0.18
11 8 0.14
11 9 0.32
11 10 0.18
11 40 0.0016
12 1 0.35
12 2 0.45
12 3 0.14
12 5 0.36
12 6 0.58
12 7 0.17
12 8 0.1
12 9 0.42
12 10 0.17
12 11 0.7
12 40 0.0019
1 13 0.23
2 13 0.57
13 3 0.26
13 5 0.67
6 13 0.21
9 13 0.65
13 10 0.47
11 13 0.25
12 13 0.36
13 40 9.0E-4
1 14 0.21
14 2 0.63
14 3 0.12
14 5 0.31
6 14 0.46
14 9 0.36
14 10 0.44
11 14 0.27
12 14 0.39
14 13 0.31
14 40 0.0023
1 15 0.2
15 4 0.5
7 15 0.82
8 15 0.5
11 15 0.14
12 15 0.1
40 15 0.0015
1 16 0.3
16 4 0.21
6 16 0.05
16 7 0.17
16 8 0.43
16 9 0.1
11 16 0.34
12 16 0.31
14 16 0.11
16 15 0.21
16 40 4.0E-4
1 17 0.16
6 17 0.1
11 17 0.18
12 17 0.08
40 17 0.0016
1 18 0.36
18 3 0.18
6 18 0.15
18 9 0.09
11 18 0.35
12 18 0.21
18 16 0.17
18 17 0.33
18 40 5.0E-4
1 19 0.2
19 4 0.5
7 19 0.41
8 19 0.5
11 19 0.14
12 19 0.1
15 19 0.5
16 19 0.21
18 19 0.2
40 19 0.0014
6 20 0.17
11 20 0.1
12 20 0.15
20 17 0.58
18 20 0.29
40 20 0.0032
1 21 0.1
21 4 0.5
21 7 0.41
21 8 1.0
21 9 0.22
11 21 0.14
12 21 0.1
21 15 0.5
16 21 0.43
21 19 0.5
21 40 0.0017
22 1 0.33
22 2 0.21
22 4 0.37
22 5 0.21
22 6 0.18
22 7 0.45
22 8 0.37
22 9 0.33
22 11 0.39
22 12 0.45
22 14 0.2
22 15 0.37
22 16 0.31
22 18 0.22
22 19 0.37
22 21 0.37
22 40 0.0025
1 23 0.4
2 23 0.13
23 3 0.15
23 4 0.17
6 23 0.12
23 7 0.27
8 23 0.17
11 23 0.43
12 23 0.24
14 23 0.27
23 15 0.33
16 23 0.21
18 23 0.2
23 19 0.17
21 23 0.17
22 23 0.18
23 40 3.0E-4
6 24 0.17
11 24 0.1
12 24 0.15
24 17 0.58
18 24 0.29
24 20 1.0
40 24 0.0032
1 25 0.31
2 25 0.18
25 3 0.1
5 25 0.26
6 25 0.33
9 25 0.2
11 25 0.32
12 25 0.18
14 25 0.12
22 25 0.16
25 40 0.0013
26 1 0.14
26 2 0.14
26 4 0.71
26 7 0.29
26 8 0.35
26 11 0.2
26 12 0.07
26 15 0.35
26 16 0.15
26 19 0.35
26 21 0.35
26 22 0.39
26 23 0.12
26 40 8.0E-4
27 1 0.26
27 2 0.4
27 3 0.39
27 4 0.29
27 6 0.28
27 7 0.12
27 8 0.29
27 9 0.13
27 10 0.12
27 11 0.5
27 12 0.42
27 13 0.17
27 14 0.39
27 15 0.14
27 16 0.31
27 18 0.06
27 19 0.14
27 21 0.29
27 22 0.42
27 23 0.38
27 26 0.41
27 40 4.0E-4
1 28 0.2
2 28 0.39
5 28 0.58
6 28 0.25
9 28 0.45
11 28 0.14
12 28 0.21
14 28 0.27
22 28 0.37
28 25 0.45
28 40 0.0048
1 29 0.08
29 4 0.41
29 7 0.33
29 8 0.82
29 9 0.18
11 29 0.18
12 29 0.17
29 15 0.41
16 29 0.35
29 19 0.41
29 21 0.82
22 29 0.3
29 23 0.27
26 29 0.29
27 29 0.35
29 40 0.0012
1 30 0.25
30 2 0.62
30 3 0.14
30 5 0.55
6 30 0.39
30 9 0.57
30 10 0.52
11 30 0.23
12 30 0.33
30 13 0.37
30 14 0.68
22 30 0.35
30 25 0.28
27 30 0.18
30 28 0.63
30 40 0.0057
31 1 0.17
31 2 0.42
31 3 0.19
31 4 0.21
31 5 0.25
31 6 0.26
31 7 0.17
31 9 0.29
31 10 0.35
31 11 0.34
31 12 0.4
31 13 0.25
31 14 0.57
31 16 0.18
31 22 0.54
31 23 0.07
31 25 0.1
31 26 0.3
31 27 0.49
31 28 0.21
31 30 0.54
31 40 0.0017
1 32 0.27
32 2 0.81
32 3 0.23
32 5 0.59
6 32 0.46
32 9 0.54
32 10 0.28
11 32 0.42
12 32 0.57
32 13 0.59
32 14 0.64
32 16 0.15
22 32 0.25
32 23 0.17
32 25 0.15
27 32 0.5
32 28 0.34
32 30 0.54
31 32 0.44
32 40 0.0023
1 33 0.1
6 33 0.25
11 33 0.14
12 33 0.1
33 17 0.41
18 33 0.2
33 20 0.71
33 24 0.71
25 33 0.22
40 33 0.0021
2 34 0.28
3 34 0.32
5 34 0.41
6 34 0.17
9 34 0.32
10 34 0.58
11 34 0.1
12 34 0.15
13 34 0.41
14 34 0.38
30 34 0.45
31 34 0.3
32 34 0.24
40 34 0.0022
1 35 0.24
35 4 0.41
7 35 0.33
8 35 0.41
11 35 0.18
15 35 0.41
16 35 0.17
17 35 0.67
18 35 0.17
35 19 0.41
21 35 0.41
22 35 0.15
23 35 0.14
26 35 0.29
27 35 0.12
29 35 0.33
40 35 0.0011
36 1 0.1
36 2 0.1
36 3 0.22
36 5 0.14
36 6 0.06
36 9 0.11
36 10 0.2
36 11 0.29
36 12 0.1
36 13 0.14
36 14 0.13
36 18 0.2
36 22 0.18
36 23 0.25
36 26 0.18
36 27 0.22
36 30 0.16
36 31 0.21
36 32 0.09
36 34 0.35
36 40 4.0E-4
37 1 0.23
37 4 0.29
37 6 0.07
37 7 0.47
37 8 0.29
11 37 0.25
12 37 0.18
37 15 0.58
37 16 0.25
37 19 0.29
37 21 0.29
22 37 0.32
37 23 0.19
26 37 0.2
27 37 0.17
37 29 0.24
31 37 0.12
37 35 0.24
37 40 6.0E-4
1 38 0.08
38 4 0.41
38 7 0.33
38 8 0.82
38 9 0.18
11 38 0.18
12 38 0.17
38 15 0.41
16 38 0.35
38 19 0.41
38 21 0.82
22 38 0.3
38 23 0.27
26 38 0.29
27 38 0.35
38 29 1.0
38 35 0.33
37 38 0.24
38 40 0.0012
1 39 0.14
2 39 0.28
5 39 0.41
6 39 0.17
9 39 0.32
11 39 0.1
12 39 0.15
14 39 0.38
22 39 0.26
25 39 0.32
28 39 0.71
30 39 0.45
31 39 0.3
32 39 0.24
40 39 0.0027
