*Vertices  25
1 "LED显示屏"
2 "LED灯"
3 "叶片"
4 "开关"
5 "LED"
6 "二极管"
7 "玻璃"
8 "通道"
9 "塑料"
10 "铝基板"
11 "导热陶瓷"
12 "基座"
13 "散热片"
14 "半导体"
15 "电路板"
16 "芯片"
17 "Li"
18 "空穴"
19 "射灯"
20 "屏幕"
21 "透镜"
22 "固定支架"
23 "发光管"
24 "导热柱"
25 "密封胶"
*Arcs
25 1 0.0035
2 1 0.06
25 2 0.0037
3 1 0.58
2 3 0.1
25 3 0.0081
4 2 0.37
25 4 5.0E-4
5 1 0.25
5 2 0.73
5 3 0.14
5 4 0.58
5 25 0.0025
6 2 0.35
6 4 0.58
6 5 0.7
6 25 8.0E-4
7 1 0.3
2 7 0.27
7 3 0.34
4 7 0.17
5 7 0.42
6 7 0.32
25 7 0.0016
2 8 0.23
4 8 0.07
5 8 0.25
6 8 0.24
7 8 0.2
25 8 0.0036
9 1 0.12
2 9 0.36
9 3 0.2
4 9 0.15
5 9 0.35
6 9 0.21
9 7 0.28
9 8 0.24
25 9 0.0027
2 10 0.31
4 10 0.16
5 10 0.23
6 10 0.26
8 10 0.18
9 10 0.39
25 10 0.0049
2 11 0.14
5 11 0.1
6 11 0.15
8 11 0.41
9 11 0.29
11 10 0.45
25 11 0.0151
2 12 0.2
5 12 0.14
6 12 0.1
8 12 0.29
9 12 0.2
12 10 0.32
12 11 0.71
25 12 0.0092
13 2 0.4
13 4 0.11
5 13 0.32
6 13 0.18
13 7 0.15
13 8 0.26
13 9 0.18
13 10 0.14
25 13 0.0010
14 1 0.11
14 2 0.33
14 3 0.18
14 4 0.18
14 5 0.39
14 6 0.45
14 7 0.25
14 8 0.21
14 9 0.22
14 10 0.35
14 11 0.26
14 12 0.37
14 25 0.0063
15 1 0.19
2 15 0.4
15 3 0.33
4 15 0.12
5 15 0.43
6 15 0.24
7 15 0.4
15 8 0.1
9 15 0.2
15 12 0.17
13 15 0.07
14 15 0.18
25 15 0.0016
16 1 0.08
16 2 0.26
16 3 0.14
16 4 0.28
16 5 0.5
16 6 0.42
16 7 0.3
16 8 0.25
16 9 0.06
16 10 0.18
16 12 0.14
16 13 0.13
16 14 0.42
16 15 0.38
16 25 0.0012
2 17 0.23
4 17 0.12
5 17 0.3
6 17 0.44
7 17 0.32
17 8 0.27
9 17 0.29
17 10 0.45
17 11 0.33
17 12 0.24
13 17 0.11
14 17 0.52
15 17 0.16
16 17 0.27
25 17 0.0030
2 18 0.24
4 18 0.1
5 18 0.18
6 18 0.25
8 18 0.24
9 18 0.5
18 10 0.77
18 11 0.58
12 18 0.41
14 18 0.45
17 18 0.58
25 18 0.0071
2 19 0.28
4 19 0.09
5 19 0.2
6 19 0.29
7 19 0.12
19 8 0.41
9 19 0.29
19 10 0.45
19 11 0.5
19 12 0.35
14 19 0.26
19 15 0.12
16 19 0.1
19 17 0.33
19 18 0.58
25 19 0.0054
20 1 0.58
20 2 0.1
20 3 0.5
20 4 0.06
20 5 0.29
20 6 0.1
20 7 0.17
20 9 0.2
20 14 0.18
20 15 0.25
20 16 0.22
20 25 0.0028
21 2 0.23
21 4 0.07
5 21 0.25
6 21 0.18
21 7 0.1
21 12 0.29
21 13 0.26
14 21 0.32
21 15 0.19
16 21 0.17
21 17 0.27
21 25 0.0018
1 22 0.41
2 22 0.14
3 22 0.71
5 22 0.1
7 22 0.24
14 22 0.26
15 22 0.24
16 22 0.2
20 22 0.35
25 22 0.0108
2 23 0.32
4 23 0.33
5 23 0.27
6 23 0.28
23 8 0.15
9 23 0.44
23 10 0.68
23 11 0.38
23 12 0.27
14 23 0.29
16 23 0.08
23 17 0.38
23 18 0.65
19 23 0.38
25 23 0.0036
2 24 0.14
5 24 0.1
6 24 0.15
8 24 0.41
9 24 0.29
24 10 0.45
24 11 1.0
12 24 0.71
14 24 0.26
17 24 0.33
24 18 0.58
19 24 0.5
23 24 0.38
25 24 0.0151
