*Vertices  15
1 "LED灯"
2 "LED"
3 "二极管"
4 "通道"
5 "塑料"
6 "铝基板"
7 "基座"
8 "密封胶"
9 "半导体"
10 "Li"
11 "空穴"
12 "射灯"
13 "发光管"
14 "导热柱"
15 "导热陶瓷"
*Arcs
1 15 0.0024
2 1 0.73
2 15 0.0014
3 1 0.35
3 2 0.7
3 15 0.0022
1 4 0.23
2 4 0.25
3 4 0.24
4 15 0.0101
1 5 0.36
2 5 0.35
3 5 0.21
5 4 0.24
5 15 0.0065
1 6 0.31
2 6 0.23
3 6 0.26
4 6 0.18
5 6 0.39
15 6 0.0147
1 7 0.2
2 7 0.14
3 7 0.1
4 7 0.29
5 7 0.2
7 6 0.32
7 15 0.0269
8 1 0.24
2 8 0.18
3 8 0.08
8 4 0.24
8 5 0.17
8 6 0.26
8 7 0.41
8 15 0.018
9 1 0.33
9 2 0.39
9 3 0.45
9 4 0.21
9 5 0.22
9 6 0.35
9 7 0.37
9 8 0.3
9 15 0.0061
1 10 0.23
2 10 0.3
3 10 0.44
10 4 0.27
5 10 0.29
10 6 0.45
10 7 0.24
8 10 0.19
9 10 0.52
10 15 0.0085
1 11 0.24
2 11 0.18
3 11 0.25
4 11 0.24
5 11 0.5
11 6 0.77
7 11 0.41
8 11 0.33
9 11 0.45
10 11 0.58
11 15 0.0217
1 12 0.28
2 12 0.2
3 12 0.29
12 4 0.41
5 12 0.29
12 6 0.45
12 7 0.35
8 12 0.29
9 12 0.26
12 10 0.33
12 11 0.58
12 15 0.0161
1 13 0.32
2 13 0.27
3 13 0.28
13 4 0.15
5 13 0.44
13 6 0.68
13 7 0.27
8 13 0.22
9 13 0.29
13 10 0.38
13 11 0.65
12 13 0.38
13 15 0.0109
1 14 0.14
2 14 0.1
3 14 0.15
4 14 0.41
5 14 0.29
14 6 0.45
7 14 0.71
8 14 0.58
9 14 0.26
10 14 0.33
14 11 0.58
12 14 0.5
13 14 0.38
14 15 0.0443
