*Vertices  15
1 "LED灯"
2 "LED"
3 "二极管"
4 "通道"
5 "塑料"
6 "铝基板"
7 "导热陶瓷"
8 "基座"
9 "密封胶"
10 "半导体"
11 "Li"
12 "空穴"
13 "射灯"
14 "发光管"
15 "导热柱"
*Arcs
1 15 0.0024
2 1 0.73
2 15 0.0014
3 1 0.35
3 2 0.7
3 15 0.0022
1 4 0.23
2 4 0.25
3 4 0.24
4 15 0.0101
1 5 0.36
2 5 0.35
3 5 0.21
5 4 0.24
5 15 0.0065
1 6 0.31
2 6 0.23
3 6 0.26
4 6 0.18
5 6 0.39
15 6 0.0147
1 7 0.14
2 7 0.1
3 7 0.15
4 7 0.41
5 7 0.29
7 6 0.45
15 7 0.0443
1 8 0.2
2 8 0.14
3 8 0.1
4 8 0.29
5 8 0.2
8 6 0.32
8 7 0.71
8 15 0.0269
9 1 0.24
2 9 0.18
3 9 0.08
9 4 0.24
9 5 0.17
9 6 0.26
9 7 0.58
9 8 0.41
9 15 0.018
10 1 0.33
10 2 0.39
10 3 0.45
10 4 0.21
10 5 0.22
10 6 0.35
10 7 0.26
10 8 0.37
10 9 0.3
10 15 0.0061
1 11 0.23
2 11 0.3
3 11 0.44
11 4 0.27
5 11 0.29
11 6 0.45
11 7 0.33
11 8 0.24
9 11 0.19
10 11 0.52
11 15 0.0085
1 12 0.24
2 12 0.18
3 12 0.25
4 12 0.24
5 12 0.5
12 6 0.77
12 7 0.58
8 12 0.41
9 12 0.33
10 12 0.45
11 12 0.58
15 12 0.0217
1 13 0.28
2 13 0.2
3 13 0.29
13 4 0.41
5 13 0.29
13 6 0.45
13 7 0.5
13 8 0.35
9 13 0.29
10 13 0.26
13 11 0.33
13 12 0.58
13 15 0.0161
1 14 0.32
2 14 0.27
3 14 0.28
14 4 0.15
5 14 0.44
14 6 0.68
14 7 0.38
14 8 0.27
9 14 0.22
10 14 0.29
14 11 0.38
14 12 0.65
13 14 0.38
14 15 0.0109
