*Vertices  36
1 "LED灯罩"
2 "LED灯"
3 "电容"
4 "传感器"
5 "聚光杯"
6 "整流器"
7 "开关"
8 "变压器"
9 "LED"
10 "二极管"
11 "稳压二极管"
12 "三极管"
13 "玻璃"
14 "通道"
15 "接收管"
16 "塑料"
17 "铝基板"
18 "基板"
19 "导热陶瓷"
20 "基座"
21 "红外线发射管"
22 "聚光碗"
23 "散热器"
24 "发光体"
25 "密封胶"
26 "半导体"
27 "电路板"
28 "客户"
29 "芯片"
30 "Li"
31 "电极"
32 "电阻"
33 "空穴"
34 "发光管"
35 "导热柱"
36 "射灯"
*Arcs
36 1 0.0018
2 1 0.2
2 36 0.0029
2 3 0.35
3 36 0.0023
2 4 0.21
3 4 0.14
4 36 5.0E-4
2 5 0.2
3 5 0.39
36 5 0.0023
2 6 0.29
3 6 0.68
6 5 0.58
36 6 0.0012
7 2 0.37
7 3 0.39
7 4 0.26
7 6 0.21
7 36 5.0E-4
2 8 0.31
3 8 0.61
8 5 0.45
8 6 0.77
7 8 0.33
8 36 0.0011
9 1 0.14
9 2 0.73
9 3 0.37
9 4 0.41
9 5 0.14
9 6 0.25
9 7 0.58
9 8 0.32
9 36 0.0018
10 1 0.1
10 2 0.35
10 3 0.45
10 4 0.29
10 5 0.21
10 6 0.36
10 7 0.58
10 8 0.42
10 9 0.7
10 36 0.0028
2 11 0.23
3 11 0.57
4 11 0.1
11 5 0.58
11 6 0.67
7 11 0.21
8 11 0.65
9 11 0.25
10 11 0.36
36 11 0.0013
2 12 0.21
12 3 0.63
12 4 0.09
12 6 0.31
7 12 0.46
12 8 0.36
9 12 0.27
10 12 0.39
12 11 0.31
12 36 0.0011
2 13 0.27
3 13 0.07
4 13 0.06
7 13 0.17
13 8 0.08
9 13 0.42
10 13 0.32
12 13 0.09
13 36 4.0E-4
2 14 0.23
3 14 0.23
4 14 0.1
7 14 0.07
9 14 0.25
10 14 0.24
12 14 0.15
13 14 0.2
36 14 0.0042
2 15 0.16
15 3 0.32
15 4 0.14
7 15 0.3
9 15 0.18
10 15 0.25
15 12 0.65
15 13 0.14
15 14 0.24
15 36 0.0018
16 1 0.2
2 16 0.36
16 4 0.14
7 16 0.15
16 8 0.09
9 16 0.35
10 16 0.21
16 13 0.28
16 14 0.24
16 36 0.0024
1 17 0.32
2 17 0.31
3 17 0.12
7 17 0.16
8 17 0.28
9 17 0.23
10 17 0.26
11 17 0.18
12 17 0.17
14 17 0.18
16 17 0.39
36 17 0.0053
2 18 0.29
3 18 0.45
18 5 0.58
18 6 0.5
8 18 0.39
9 18 0.25
10 18 0.18
18 11 0.5
18 14 0.17
36 18 0.0011
2 19 0.14
9 19 0.1
10 19 0.15
14 19 0.41
16 19 0.29
19 17 0.45
36 19 0.0057
2 20 0.2
9 20 0.14
10 20 0.1
14 20 0.29
16 20 0.2
20 17 0.32
20 19 0.71
36 20 0.0033
2 21 0.14
3 21 0.28
4 21 0.25
7 21 0.17
9 21 0.1
10 21 0.15
12 21 0.38
13 21 0.24
14 21 0.41
15 21 0.58
36 21 0.0039
2 22 0.2
3 22 0.39
22 5 1.0
22 6 0.58
8 22 0.45
9 22 0.14
10 22 0.21
22 11 0.58
22 18 0.58
36 22 0.0023
2 23 0.42
3 23 0.33
23 5 0.43
23 6 0.37
23 8 0.29
9 23 0.34
10 23 0.26
23 11 0.37
23 13 0.07
23 14 0.12
23 16 0.09
23 17 0.13
23 18 0.49
23 22 0.43
23 36 7.0E-4
2 24 0.2
3 24 0.2
4 24 0.18
7 24 0.25
9 24 0.14
10 24 0.21
12 24 0.27
13 24 0.17
24 14 0.29
15 24 0.41
24 21 0.71
36 24 0.0023
25 2 0.24
25 7 0.1
9 25 0.18
10 25 0.08
25 13 0.14
25 14 0.24
25 16 0.17
25 17 0.26
25 19 0.58
25 20 0.41
25 36 0.0023
26 1 0.18
26 2 0.33
26 3 0.21
26 6 0.21
26 7 0.18
26 8 0.33
26 9 0.39
26 10 0.45
26 12 0.2
26 13 0.25
26 14 0.21
26 15 0.15
26 16 0.22
26 17 0.35
26 18 0.11
26 19 0.26
26 20 0.37
26 25 0.3
26 36 0.0023
2 27 0.4
3 27 0.13
4 27 0.12
7 27 0.12
9 27 0.43
10 27 0.24
12 27 0.27
13 27 0.4
27 14 0.1
15 27 0.27
16 27 0.2
27 20 0.17
27 21 0.24
23 27 0.07
27 24 0.17
25 27 0.14
26 27 0.18
36 27 5.0E-4
2 28 0.24
3 28 0.16
4 28 0.29
7 28 0.1
9 28 0.18
10 28 0.08
12 28 0.22
13 28 0.14
28 14 0.24
15 28 0.33
28 21 0.58
24 28 0.41
27 28 0.27
36 28 0.0017
29 2 0.26
29 3 0.4
29 4 0.31
29 7 0.28
29 8 0.13
29 9 0.5
29 10 0.42
29 11 0.17
29 12 0.39
29 13 0.3
29 14 0.25
29 15 0.35
29 16 0.06
29 17 0.18
29 18 0.17
29 20 0.14
29 21 0.2
29 23 0.12
29 24 0.14
29 25 0.12
29 26 0.42
29 27 0.38
29 28 0.12
29 36 5.0E-4
30 1 0.24
2 30 0.23
3 30 0.09
4 30 0.08
7 30 0.12
8 30 0.11
9 30 0.3
10 30 0.44
13 30 0.32
30 14 0.27
16 30 0.29
30 17 0.45
30 19 0.33
30 20 0.24
23 30 0.1
25 30 0.19
26 30 0.52
27 30 0.16
29 30 0.27
36 30 0.0031
31 2 0.17
31 3 0.42
31 4 0.08
31 6 0.25
31 7 0.26
31 8 0.29
31 9 0.34
31 10 0.4
31 11 0.25
31 12 0.57
31 13 0.22
31 14 0.25
31 15 0.35
31 17 0.13
31 18 0.12
31 21 0.3
31 24 0.21
31 26 0.54
31 27 0.07
31 28 0.17
31 29 0.49
31 30 0.2
31 36 8.0E-4
2 32 0.27
32 3 0.81
32 4 0.24
32 5 0.34
32 6 0.59
7 32 0.46
32 8 0.54
9 32 0.42
10 32 0.57
32 11 0.59
32 12 0.64
32 13 0.12
32 14 0.3
32 15 0.42
32 17 0.11
32 18 0.3
32 21 0.24
32 22 0.34
32 23 0.22
32 24 0.17
26 32 0.25
32 27 0.17
32 28 0.14
29 32 0.5
32 30 0.16
31 32 0.44
32 36 0.0019
1 33 0.41
2 33 0.24
7 33 0.1
8 33 0.18
9 33 0.18
10 33 0.25
14 33 0.24
16 33 0.5
33 17 0.77
33 19 0.58
20 33 0.41
25 33 0.33
26 33 0.45
30 33 0.58
36 33 0.0076
34 1 0.27
2 34 0.32
3 34 0.1
4 34 0.09
7 34 0.33
8 34 0.24
9 34 0.27
10 34 0.28
11 34 0.15
12 34 0.14
34 14 0.15
16 34 0.44
34 17 0.68
34 19 0.38
34 20 0.27
34 24 0.27
25 34 0.22
26 34 0.29
29 34 0.08
34 30 0.38
31 34 0.11
32 34 0.09
34 33 0.65
36 34 0.0042
2 35 0.14
9 35 0.1
10 35 0.15
14 35 0.41
16 35 0.29
35 17 0.45
35 19 1.0
20 35 0.71
25 35 0.58
26 35 0.26
30 35 0.33
35 33 0.58
34 35 0.38
36 35 0.0057
