*Vertices  58
1 "LED显示屏"
2 "LCD显示屏"
3 "3D显示屏"
4 "显示器"
5 "衬底"
6 "LED灯"
7 "连接带"
8 "电容"
9 "容器"
10 "光膜"
11 "传感器"
12 "控制器"
13 "处理器"
14 "单片机"
15 "叶片"
16 "整流器"
17 "开关"
18 "焊油墨"
19 "显示技术"
20 "变压器"
21 "发光板"
22 "LED外延片"
23 "外延片"
24 "外延"
25 "LED"
26 "二极管"
27 "稳压二极管"
28 "三极管"
29 "听筒"
30 "玻璃"
31 "塑料"
32 "腐蚀液"
33 "转换器"
34 "电动机"
35 "光刻胶"
36 "密封胶"
37 "SiO2"
38 "半导体"
39 "电路板"
40 "ITO"
41 "客户"
42 "LED芯片"
43 "芯片"
44 "金属层"
45 "电感"
46 "离子"
47 "耳机"
48 "电极"
49 "MP4播放器"
50 "电阻"
51 "基色"
52 "驱动模块"
53 "激光"
54 "湿法刻蚀"
55 "光电耦合器"
56 "反射层"
57 "固定支架"
58 "屏幕"
*Arcs
58 1 0.0043
2 1 0.29
58 2 9.0E-4
1 3 0.41
58 3 0.0023
4 2 0.47
58 4 0.0010
58 5 6.0E-4
6 1 0.06
6 2 0.05
6 4 0.05
58 6 3.0E-4
1 7 0.24
7 3 0.58
6 7 0.08
58 7 0.0010
6 8 0.35
58 8 2.0E-4
6 9 0.19
8 9 0.37
58 9 3.0E-4
2 10 0.35
4 10 0.33
6 10 0.14
58 10 0.0014
11 2 0.18
11 4 0.17
6 11 0.21
11 7 0.14
8 11 0.14
58 11 2.0E-4
2 12 0.34
4 12 0.32
6 12 0.18
8 12 0.18
9 12 0.14
11 12 0.32
58 12 7.0E-4
2 13 0.16
4 13 0.15
6 13 0.13
13 7 0.26
11 13 0.56
12 13 0.42
58 13 4.0E-4
14 2 0.13
4 14 0.59
6 14 0.05
8 14 0.2
11 14 0.35
14 12 0.22
14 13 0.16
58 14 3.0E-4
15 1 0.58
6 15 0.1
58 15 0.0027
6 16 0.29
8 16 0.68
16 9 0.55
16 12 0.13
58 16 3.0E-4
17 2 0.18
17 4 0.06
17 6 0.37
17 8 0.39
17 9 0.31
17 11 0.26
17 12 0.22
17 13 0.16
17 14 0.12
17 16 0.21
58 17 1.0E-4
2 18 0.35
4 18 0.33
6 18 0.14
18 10 1.0
58 18 0.0014
2 19 0.25
4 19 0.47
11 19 0.18
12 19 0.45
13 19 0.32
14 19 0.25
58 19 8.0E-4
20 4 0.11
6 20 0.31
8 20 0.61
20 9 0.42
20 12 0.1
20 16 0.77
17 20 0.33
58 20 2.0E-4
6 21 0.16
8 21 0.32
9 21 0.26
12 21 0.18
16 21 0.24
17 21 0.2
20 21 0.37
58 21 4.0E-4
22 5 0.45
58 22 0.0014
23 5 0.77
23 22 0.58
58 23 7.0E-4
24 5 1.0
24 22 0.45
24 23 0.77
58 24 6.0E-4
25 1 0.25
25 2 0.29
25 3 0.1
25 4 0.3
25 5 0.23
25 6 0.73
25 7 0.18
25 8 0.37
25 9 0.23
25 10 0.1
25 11 0.41
25 12 0.32
25 13 0.23
25 14 0.29
25 15 0.14
25 16 0.25
25 17 0.58
25 18 0.1
25 19 0.14
25 20 0.32
25 21 0.18
25 22 0.1
25 23 0.18
25 24 0.23
58 25 0.0018
26 2 0.15
26 4 0.19
26 5 0.26
26 6 0.35
26 8 0.45
26 9 0.26
26 11 0.29
26 12 0.14
26 13 0.13
26 14 0.21
26 16 0.36
26 17 0.58
26 20 0.42
26 21 0.17
26 22 0.15
26 23 0.25
26 24 0.26
26 25 0.7
58 26 3.0E-4
27 2 0.14
6 27 0.23
8 27 0.57
27 9 0.18
11 27 0.1
27 12 0.26
27 13 0.18
27 16 0.67
17 27 0.21
20 27 0.65
27 21 0.47
25 27 0.25
26 27 0.36
58 27 3.0E-4
28 2 0.13
28 4 0.13
6 28 0.21
28 8 0.63
28 9 0.34
28 11 0.09
28 12 0.12
28 14 0.13
28 16 0.31
17 28 0.46
28 20 0.36
28 21 0.44
25 28 0.27
26 28 0.39
28 27 0.31
58 28 3.0E-4
1 29 0.41
29 3 1.0
29 7 0.58
25 29 0.1
58 29 0.0023
30 1 0.3
30 4 0.24
5 30 0.22
6 30 0.27
8 30 0.07
11 30 0.06
30 14 0.17
30 15 0.34
17 30 0.17
30 20 0.08
23 30 0.28
24 30 0.22
25 30 0.42
26 30 0.32
28 30 0.09
58 30 6.0E-4
31 1 0.12
31 4 0.1
6 31 0.36
31 9 0.13
31 11 0.14
31 12 0.18
31 13 0.13
31 14 0.1
31 15 0.2
17 31 0.15
31 19 0.2
31 20 0.09
25 31 0.35
26 31 0.21
31 30 0.28
58 31 6.0E-4
32 5 0.45
32 22 1.0
32 23 0.58
32 24 0.45
32 25 0.1
32 26 0.15
58 32 0.0014
33 1 0.2
33 2 0.35
6 33 0.07
33 8 0.28
33 11 0.25
33 12 0.16
33 13 0.22
33 14 0.18
17 33 0.26
25 33 0.2
26 33 0.22
33 27 0.2
33 28 0.19
58 33 3.0E-4
4 34 0.33
11 34 0.25
12 34 0.32
13 34 0.45
14 34 0.35
19 34 0.71
25 34 0.1
31 34 0.29
58 34 0.0012
35 5 0.45
35 22 1.0
35 23 0.58
35 24 0.45
35 25 0.1
35 26 0.15
35 32 1.0
58 35 0.0014
36 1 0.24
36 6 0.24
36 15 0.41
36 17 0.1
25 36 0.18
26 36 0.08
36 30 0.14
36 31 0.17
58 36 6.0E-4
37 1 0.2
37 5 0.67
37 15 0.35
37 22 0.5
37 23 0.87
37 24 0.67
37 25 0.2
37 26 0.22
37 30 0.36
37 31 0.14
37 32 0.5
37 35 0.5
58 37 0.0018
38 1 0.11
38 4 0.09
38 5 0.58
38 6 0.33
38 8 0.21
38 9 0.35
38 15 0.18
38 16 0.21
38 17 0.18
38 20 0.33
38 22 0.26
38 23 0.45
38 24 0.58
38 25 0.39
38 26 0.45
38 28 0.2
38 30 0.25
38 31 0.22
38 32 0.26
38 33 0.13
38 35 0.26
38 36 0.3
38 37 0.39
58 38 8.0E-4
39 1 0.19
39 2 0.25
4 39 0.31
6 39 0.4
8 39 0.13
39 9 0.11
39 10 0.24
11 39 0.12
39 12 0.15
39 13 0.11
39 14 0.17
39 15 0.33
17 39 0.12
39 18 0.24
39 19 0.17
25 39 0.43
26 39 0.24
28 39 0.27
30 39 0.4
31 39 0.2
36 39 0.14
37 39 0.12
38 39 0.18
58 39 0.0011
40 2 0.16
40 4 0.15
40 5 0.8
40 12 0.14
40 22 0.45
40 23 0.77
40 24 0.8
40 25 0.23
40 26 0.26
40 30 0.22
40 32 0.45
40 35 0.45
40 37 0.67
40 38 0.46
58 40 5.0E-4
2 41 0.2
4 41 0.19
6 41 0.24
8 41 0.16
41 10 0.58
11 41 0.29
17 41 0.1
41 18 0.58
25 41 0.18
26 41 0.08
28 41 0.22
30 41 0.14
39 41 0.27
58 41 7.0E-4
42 5 0.45
42 6 0.14
42 8 0.14
42 9 0.22
42 22 0.5
42 23 0.29
42 24 0.45
42 25 0.2
42 26 0.07
42 32 0.5
42 35 0.5
42 37 0.25
42 38 0.39
42 39 0.12
42 40 0.22
58 42 5.0E-4
43 1 0.08
43 2 0.36
43 4 0.34
43 5 0.37
43 6 0.26
43 8 0.4
43 9 0.09
43 11 0.31
43 12 0.39
43 13 0.27
43 14 0.29
43 15 0.14
43 17 0.28
43 19 0.29
43 20 0.13
43 21 0.12
43 22 0.2
43 23 0.35
43 24 0.37
43 25 0.5
43 26 0.42
43 27 0.17
43 28 0.39
43 30 0.3
43 31 0.06
43 32 0.2
43 33 0.31
43 34 0.2
43 35 0.2
43 36 0.12
43 37 0.31
43 38 0.42
43 39 0.38
43 40 0.37
43 41 0.12
43 42 0.41
58 43 0.0012
44 5 0.89
44 22 0.5
44 23 0.87
44 24 0.89
44 25 0.2
44 26 0.29
44 30 0.24
44 32 0.5
44 35 0.5
44 37 0.75
44 38 0.52
44 40 0.89
44 42 0.25
44 43 0.31
58 44 6.0E-4
6 45 0.25
45 8 0.62
45 9 0.6
45 12 0.14
45 16 0.55
17 45 0.39
45 20 0.57
45 21 0.52
25 45 0.23
26 45 0.33
45 27 0.37
45 28 0.68
45 33 0.22
38 45 0.35
43 45 0.18
58 45 4.0E-4
46 1 0.29
46 2 0.25
46 4 0.12
5 46 0.32
6 46 0.1
46 20 0.11
23 46 0.41
24 46 0.32
25 46 0.29
26 46 0.21
46 30 0.34
33 46 0.18
37 46 0.35
38 46 0.27
46 39 0.17
40 46 0.32
43 46 0.29
44 46 0.35
58 46 2.0E-4
1 47 0.41
47 3 1.0
47 7 0.58
25 47 0.1
47 29 1.0
58 47 0.0023
48 2 0.11
48 4 0.1
48 5 0.67
48 6 0.17
48 8 0.42
48 9 0.27
48 11 0.08
48 12 0.19
48 16 0.25
48 17 0.26
48 20 0.29
48 21 0.35
48 22 0.3
48 23 0.52
48 24 0.67
48 25 0.34
48 26 0.4
48 27 0.25
48 28 0.57
48 30 0.22
48 32 0.3
48 33 0.15
48 35 0.3
48 37 0.45
48 38 0.54
48 39 0.07
48 40 0.67
48 41 0.17
48 42 0.3
48 43 0.49
48 44 0.6
48 45 0.54
48 46 0.21
58 48 9.0E-4
1 49 0.41
49 3 1.0
49 7 0.58
25 49 0.1
49 29 1.0
49 47 1.0
58 49 0.0023
50 2 0.26
50 4 0.08
5 50 0.11
6 50 0.27
50 8 0.81
50 9 0.33
50 11 0.24
50 12 0.23
50 13 0.11
50 14 0.26
50 16 0.59
17 50 0.46
50 20 0.54
50 21 0.28
23 50 0.14
24 50 0.11
25 50 0.42
26 50 0.57
50 27 0.59
50 28 0.64
50 30 0.12
50 33 0.36
37 50 0.12
38 50 0.25
50 39 0.17
40 50 0.11
50 41 0.14
43 50 0.5
44 50 0.12
50 45 0.54
50 46 0.09
48 50 0.44
58 50 2.0E-4
51 1 0.29
5 51 0.32
51 15 0.5
24 51 0.32
25 51 0.14
30 51 0.17
31 51 0.2
37 51 0.35
38 51 0.18
39 51 0.17
42 51 0.35
43 51 0.14
48 51 0.21
58 51 8.0E-4
4 52 0.24
6 52 0.1
11 52 0.18
12 52 0.22
52 13 0.32
14 52 0.25
52 19 0.5
25 52 0.14
31 52 0.2
52 34 0.71
43 52 0.29
58 52 7.0E-4
2 53 0.14
4 53 0.27
5 53 0.73
6 53 0.06
53 10 0.41
11 53 0.1
53 12 0.13
53 13 0.18
14 53 0.14
53 18 0.41
53 19 0.29
23 53 0.47
24 53 0.73
25 53 0.25
26 53 0.18
30 53 0.2
31 53 0.12
53 34 0.41
37 53 0.41
38 53 0.42
39 53 0.1
40 53 0.55
53 41 0.24
42 53 0.2
43 53 0.33
44 53 0.61
46 53 0.29
48 53 0.49
50 53 0.1
53 51 0.29
53 52 0.29
58 53 0.0016
54 5 0.77
54 22 0.58
54 23 1.0
54 24 0.77
54 25 0.18
54 26 0.25
54 30 0.28
54 32 0.58
54 35 0.58
54 37 0.87
54 38 0.45
54 40 0.77
54 42 0.29
54 43 0.35
54 44 0.87
54 46 0.41
54 48 0.52
54 50 0.14
54 53 0.47
58 54 7.0E-4
8 55 0.28
9 55 0.45
12 55 0.32
16 55 0.41
17 55 0.17
20 55 0.32
21 55 0.58
25 55 0.1
26 55 0.15
27 55 0.41
28 55 0.38
45 55 0.45
48 55 0.3
50 55 0.24
58 55 9.0E-4
56 1 0.2
56 5 0.67
56 15 0.35
56 22 0.5
56 23 0.29
56 24 0.67
56 25 0.2
56 26 0.15
56 30 0.12
56 31 0.14
56 32 0.5
56 35 0.5
56 37 0.5
56 38 0.39
56 39 0.12
56 40 0.45
56 42 0.5
56 43 0.2
56 44 0.5
56 48 0.45
56 51 0.71
56 53 0.41
56 54 0.29
56 58 0.0017
1 57 0.41
6 57 0.14
15 57 0.71
25 57 0.1
30 57 0.24
36 57 0.58
38 57 0.26
39 57 0.24
43 57 0.2
58 57 0.0013
