*Vertices  41
1 "衬底"
2 "滤波片"
3 "光纤"
4 "荧光粉"
5 "III-V族半导体材料"
6 "GAN"
7 "PD"
8 "外延片"
9 "外延"
10 "LED"
11 "二极管"
12 "玻璃"
13 "通道"
14 "LED光源"
15 "基板"
16 "滤光片"
17 "SiO2"
18 "半导体"
19 "Al2O3"
20 "GaAs"
21 "MQW"
22 "ITO"
23 "键合"
24 "光子晶体"
25 "LED芯片"
26 "芯片"
27 "金属层"
28 "电流扩展层"
29 "Li"
30 "离子"
31 "电极"
32 "电阻"
33 "基色"
34 "光子晶体谐振腔"
35 "激光"
36 "MOCVD"
37 "湿法刻蚀"
38 "透镜"
39 "反射层"
40 "激发光"
41 "干法刻蚀"
*Arcs
1 41 0.0038
1 2 0.63
41 2 0.0042
1 3 0.52
3 2 0.82
3 41 0.0029
1 4 0.32
4 41 7.0E-4
1 5 0.63
5 2 1.0
3 5 0.82
41 5 0.0042
1 6 0.63
6 2 1.0
3 6 0.82
6 5 1.0
41 6 0.0042
1 7 0.63
7 2 1.0
3 7 0.82
7 5 1.0
7 6 1.0
41 7 0.0042
8 1 0.77
8 2 0.82
8 3 0.67
8 5 0.82
8 6 0.82
8 7 0.82
8 41 0.0032
9 1 1.0
9 2 0.63
9 3 0.52
9 4 0.32
9 5 0.63
9 6 0.63
9 7 0.63
9 8 0.77
9 41 0.0038
10 1 0.23
10 2 0.14
10 3 0.18
10 4 0.14
10 5 0.14
10 6 0.14
10 7 0.14
10 8 0.18
10 9 0.23
10 41 3.0E-4
11 1 0.26
11 2 0.21
11 3 0.25
11 5 0.21
11 6 0.21
11 7 0.21
11 8 0.25
11 9 0.26
11 10 0.7
11 41 3.0E-4
1 12 0.22
12 2 0.34
3 12 0.28
12 5 0.34
12 6 0.34
12 7 0.34
8 12 0.28
9 12 0.22
10 12 0.42
11 12 0.32
12 41 6.0E-4
1 13 0.18
13 2 0.29
3 13 0.24
13 5 0.29
13 6 0.29
13 7 0.29
8 13 0.24
9 13 0.18
10 13 0.25
11 13 0.24
12 13 0.2
13 41 4.0E-4
1 14 0.27
14 2 0.43
14 3 0.35
14 4 0.21
14 5 0.43
14 6 0.43
14 7 0.43
8 14 0.35
9 14 0.27
10 14 0.34
11 14 0.31
14 12 0.29
14 13 0.25
14 41 9.0E-4
1 15 0.18
15 4 0.29
9 15 0.18
10 15 0.25
11 15 0.18
15 13 0.17
15 41 3.0E-4
1 16 0.52
16 2 0.82
3 16 0.67
16 5 0.82
16 6 0.82
16 7 0.82
8 16 0.67
9 16 0.52
10 16 0.18
11 16 0.25
12 16 0.28
16 13 0.24
14 16 0.52
16 41 0.0029
17 1 0.67
17 2 0.71
17 3 0.58
17 5 0.71
17 6 0.71
17 7 0.71
17 8 0.87
17 9 0.67
17 10 0.2
17 11 0.22
17 12 0.36
17 13 0.2
17 14 0.3
17 16 0.58
17 41 0.0025
18 1 0.58
18 2 0.37
18 3 0.3
18 4 0.37
18 5 0.37
18 6 0.37
18 7 0.37
18 8 0.45
18 9 0.58
18 10 0.39
18 11 0.45
18 12 0.25
18 13 0.21
18 14 0.31
18 15 0.11
18 16 0.3
18 17 0.39
18 41 0.0015
1 19 0.89
19 2 0.71
3 19 0.58
19 4 0.35
19 5 0.71
19 6 0.71
19 7 0.71
8 19 0.58
9 19 0.89
10 19 0.2
11 19 0.22
12 19 0.24
19 13 0.2
14 19 0.3
15 19 0.2
16 19 0.58
17 19 0.5
18 19 0.52
19 41 0.0045
1 20 0.77
20 2 0.82
3 20 0.67
4 20 0.41
20 5 0.82
20 6 0.82
20 7 0.82
8 20 0.67
9 20 0.77
10 20 0.18
11 20 0.17
12 20 0.28
13 20 0.24
14 20 0.35
15 20 0.24
16 20 0.67
17 20 0.58
18 20 0.45
19 20 0.87
41 20 0.0055
1 21 0.63
21 2 1.0
3 21 0.82
21 5 1.0
21 6 1.0
21 7 1.0
8 21 0.82
9 21 0.63
10 21 0.14
11 21 0.21
12 21 0.34
13 21 0.29
14 21 0.43
16 21 0.82
17 21 0.71
18 21 0.37
19 21 0.71
20 21 0.82
41 21 0.0042
22 1 0.8
22 2 0.63
22 3 0.52
22 5 0.63
22 6 0.63
22 7 0.63
22 8 0.77
22 9 0.8
22 10 0.23
22 11 0.26
22 12 0.22
22 13 0.18
22 14 0.27
22 16 0.52
22 17 0.67
22 18 0.46
22 19 0.67
22 20 0.52
22 21 0.63
22 41 0.0021
1 23 0.45
4 23 0.71
9 23 0.45
10 23 0.1
15 23 0.41
18 23 0.26
19 23 0.5
23 20 0.58
41 23 0.0012
1 24 0.63
24 2 1.0
3 24 0.82
24 5 1.0
24 6 1.0
24 7 1.0
8 24 0.82
9 24 0.63
10 24 0.14
11 24 0.21
12 24 0.34
13 24 0.29
14 24 0.43
16 24 0.82
17 24 0.71
18 24 0.37
19 24 0.71
20 24 0.82
24 21 1.0
22 24 0.63
41 24 0.0042
25 1 0.45
25 4 0.71
25 8 0.29
25 9 0.45
25 10 0.2
25 11 0.07
25 13 0.2
25 14 0.15
25 15 0.41
25 17 0.25
25 18 0.39
25 19 0.25
25 20 0.29
25 22 0.22
25 23 0.5
25 41 5.0E-4
26 1 0.37
26 2 0.29
26 3 0.24
26 4 0.29
26 5 0.29
26 6 0.29
26 7 0.29
26 8 0.35
26 9 0.37
26 10 0.5
26 11 0.42
26 12 0.3
26 13 0.25
26 14 0.31
26 15 0.17
26 16 0.35
26 17 0.31
26 18 0.42
26 19 0.31
26 20 0.35
26 21 0.29
26 22 0.37
26 23 0.2
26 24 0.29
26 25 0.41
26 41 9.0E-4
27 1 0.89
27 2 0.71
27 3 0.58
27 5 0.71
27 6 0.71
27 7 0.71
27 8 0.87
27 9 0.89
27 10 0.2
27 11 0.29
27 12 0.24
27 13 0.2
27 14 0.3
27 16 0.58
27 17 0.75
27 18 0.52
27 19 0.75
27 20 0.58
27 21 0.71
27 22 0.89
27 24 0.71
27 25 0.25
27 26 0.31
27 41 0.0026
1 28 0.63
28 2 1.0
3 28 0.82
28 5 1.0
28 6 1.0
28 7 1.0
8 28 0.82
9 28 0.63
10 28 0.14
11 28 0.21
12 28 0.34
13 28 0.29
14 28 0.43
16 28 0.82
17 28 0.71
18 28 0.37
19 28 0.71
20 28 0.82
28 21 1.0
22 28 0.63
28 24 1.0
26 28 0.29
27 28 0.71
41 28 0.0042
1 29 0.3
29 2 0.47
3 29 0.38
29 5 0.47
29 6 0.47
29 7 0.47
8 29 0.38
9 29 0.3
10 29 0.3
11 29 0.44
12 29 0.32
29 13 0.27
14 29 0.3
16 29 0.38
17 29 0.33
18 29 0.52
19 29 0.33
29 20 0.38
29 21 0.47
22 29 0.3
29 24 0.47
26 29 0.27
27 29 0.33
29 28 0.47
29 41 0.0010
1 30 0.32
30 2 0.5
3 30 0.41
30 5 0.5
30 6 0.5
30 7 0.5
8 30 0.41
9 30 0.32
10 30 0.29
11 30 0.21
30 12 0.34
30 13 0.14
14 30 0.32
30 16 0.41
17 30 0.35
18 30 0.27
30 19 0.35
30 20 0.41
30 21 0.5
22 30 0.32
30 24 0.5
26 30 0.29
27 30 0.35
30 28 0.5
30 29 0.35
30 41 0.0011
31 1 0.67
31 2 0.43
31 3 0.35
31 4 0.21
31 5 0.43
31 6 0.43
31 7 0.43
31 8 0.52
31 9 0.67
31 10 0.34
31 11 0.4
31 12 0.22
31 13 0.25
31 14 0.18
31 15 0.12
31 16 0.35
31 17 0.45
31 18 0.54
31 19 0.6
31 20 0.52
31 21 0.43
31 22 0.67
31 23 0.3
31 24 0.43
31 25 0.3
31 26 0.49
31 27 0.6
31 28 0.43
31 29 0.2
31 30 0.21
31 41 0.0019
1 32 0.11
32 2 0.17
32 3 0.14
32 5 0.17
32 6 0.17
32 7 0.17
8 32 0.14
9 32 0.11
10 32 0.42
11 32 0.57
32 12 0.12
32 13 0.3
32 14 0.15
32 15 0.3
32 16 0.28
17 32 0.12
18 32 0.25
32 19 0.12
32 20 0.14
32 21 0.17
22 32 0.11
32 24 0.17
26 32 0.5
27 32 0.12
32 28 0.17
32 29 0.16
32 30 0.09
31 32 0.44
32 41 2.0E-4
1 33 0.32
33 4 0.5
9 33 0.32
10 33 0.14
12 33 0.17
15 33 0.29
17 33 0.35
18 33 0.18
19 33 0.35
33 20 0.41
33 23 0.71
25 33 0.35
26 33 0.14
31 33 0.21
33 41 7.0E-4
1 34 0.63
34 2 1.0
3 34 0.82
34 5 1.0
34 6 1.0
34 7 1.0
8 34 0.82
9 34 0.63
10 34 0.14
11 34 0.21
12 34 0.34
13 34 0.29
14 34 0.43
16 34 0.82
17 34 0.71
18 34 0.37
19 34 0.71
20 34 0.82
34 21 1.0
22 34 0.63
34 24 1.0
26 34 0.29
27 34 0.71
34 28 1.0
29 34 0.47
30 34 0.5
31 34 0.43
32 34 0.17
41 34 0.0042
1 35 0.73
35 2 0.58
3 35 0.47
35 4 0.29
35 5 0.58
35 6 0.58
35 7 0.58
8 35 0.47
9 35 0.73
10 35 0.25
11 35 0.18
12 35 0.2
35 13 0.17
14 35 0.25
15 35 0.17
16 35 0.47
17 35 0.41
18 35 0.42
35 19 0.82
35 20 0.71
35 21 0.58
22 35 0.55
35 23 0.41
35 24 0.58
25 35 0.2
26 35 0.33
27 35 0.61
35 28 0.58
35 29 0.27
30 35 0.29
31 35 0.49
32 35 0.1
35 33 0.29
35 34 0.58
35 41 0.0030
1 36 0.63
36 2 1.0
3 36 0.82
36 5 1.0
36 6 1.0
36 7 1.0
8 36 0.82
9 36 0.63
10 36 0.14
11 36 0.21
12 36 0.34
13 36 0.29
14 36 0.43
16 36 0.82
17 36 0.71
18 36 0.37
19 36 0.71
20 36 0.82
36 21 1.0
22 36 0.63
36 24 1.0
26 36 0.29
27 36 0.71
36 28 1.0
29 36 0.47
30 36 0.5
31 36 0.43
32 36 0.17
36 34 1.0
35 36 0.58
41 36 0.0042
37 1 0.77
37 2 0.82
37 3 0.67
37 5 0.82
37 6 0.82
37 7 0.82
37 8 1.0
37 9 0.77
37 10 0.18
37 11 0.25
37 12 0.28
37 13 0.24
37 14 0.35
37 16 0.67
37 17 0.87
37 18 0.45
37 19 0.58
37 20 0.67
37 21 0.82
37 22 0.77
37 24 0.82
37 25 0.29
37 26 0.35
37 27 0.87
37 28 0.82
37 29 0.38
37 30 0.41
37 31 0.52
37 32 0.14
37 34 0.82
37 35 0.47
37 36 0.82
37 41 0.0032
1 38 0.18
38 2 0.29
38 3 0.24
38 4 0.29
38 5 0.29
38 6 0.29
38 7 0.29
8 38 0.24
9 38 0.18
10 38 0.25
11 38 0.18
38 12 0.1
38 14 0.25
38 15 0.17
38 16 0.24
17 38 0.2
18 38 0.32
38 19 0.2
38 20 0.24
38 21 0.29
22 38 0.18
38 24 0.29
25 38 0.2
26 38 0.17
27 38 0.2
38 28 0.29
38 29 0.27
38 30 0.14
31 38 0.12
38 34 0.29
38 35 0.17
38 36 0.29
37 38 0.24
38 41 4.0E-4
39 1 0.67
39 4 0.35
39 8 0.29
39 9 0.67
39 10 0.2
39 11 0.15
39 12 0.12
39 15 0.2
39 17 0.5
39 18 0.39
39 19 0.5
39 20 0.29
39 22 0.45
39 23 0.5
39 25 0.5
39 26 0.2
39 27 0.5
39 31 0.45
39 33 0.71
39 35 0.41
39 37 0.29
39 41 6.0E-4
1 40 0.63
40 2 1.0
3 40 0.82
40 5 1.0
40 6 1.0
40 7 1.0
8 40 0.82
9 40 0.63
10 40 0.14
11 40 0.21
12 40 0.34
13 40 0.29
14 40 0.43
16 40 0.82
17 40 0.71
18 40 0.37
19 40 0.71
20 40 0.82
40 21 1.0
22 40 0.63
40 24 1.0
26 40 0.29
27 40 0.71
40 28 1.0
29 40 0.47
30 40 0.5
31 40 0.43
32 40 0.17
40 34 1.0
35 40 0.58
40 36 1.0
37 40 0.82
38 40 0.29
41 40 0.0042
