*Vertices  101
1 "人体经络显示屏"
2 "LCD显示屏"
3 "显示器"
4 "LED灯"
5 "电容"
6 "容器"
7 "传感器"
8 "控制器"
9 "处理器"
10 "单片机"
11 "验钞紫光灯"
12 "整流器"
13 "发光球"
14 "功率因数校正"
15 "模数转换集成块"
16 "充电台灯"
17 "握杆"
18 "装饰层"
19 "变压器"
20 "定时器"
21 "Zigbee"
22 "太阳能吸收板"
23 "阻燃塑料外壳"
24 "发光板"
25 "LED"
26 "液晶显示模块"
27 "二极管"
28 "整流二极管"
29 "稳压二极管"
30 "三极管"
31 "教具"
32 "玻璃"
33 "通道"
34 "接收管"
35 "LED光源"
36 "电热丝"
37 "塑料"
38 "转换器"
39 "铝基板"
40 "晶体振荡器"
41 "弹性硅胶"
42 "红外线发射管"
43 "滤光片"
44 "聚光玻璃罩"
45 "散热片"
46 "电加热器"
47 "直流电机"
48 "发光体"
49 "密封胶"
50 "放大器"
51 "半导体"
52 "电路板"
53 "ESD"
54 "GPIO"
55 "客户"
56 "滑动变阻器"
57 "摄像机"
58 "太阳能"
59 "太阳能电池板"
60 "蓄电池"
61 "充电电池"
62 "锂电池"
63 "芯片"
64 "电抗器"
65 "继电器"
66 "充电器"
67 "存储器"
68 "Li"
69 "电感"
70 "电极"
71 "电阻"
72 "发射模块"
73 "脉冲信号"
74 "便携棋具"
75 "加热管"
76 "超声波"
77 "空穴"
78 "指南针"
79 "射灯"
80 "检测仪"
81 "光电耦合器"
82 "屏幕"
83 "读取器"
84 "放大镜"
85 "透镜"
86 "信息卡"
87 "转子"
88 "弹簧"
89 "电磁感应"
90 "发光笔套"
91 "蜂鸣器"
92 "滚轮按摩器"
93 "扬声器"
94 "电磁锁心"
95 "发光管"
96 "提示仪"
97 "晶体闸流管"
98 "信息存储卡"
99 "笔筒"
100 "插座"
101 "开关"
*Arcs
101 1 1.0E-4
101 2 3.0E-4
3 2 0.47
101 3 1.0E-4
4 2 0.05
4 3 0.05
101 4 0.0014
4 5 0.35
101 5 0.0014
4 6 0.19
5 6 0.37
101 6 8.0E-4
7 2 0.18
7 3 0.17
4 7 0.21
5 7 0.14
101 7 7.0E-4
2 8 0.34
3 8 0.32
4 8 0.18
5 8 0.18
6 8 0.14
7 8 0.32
101 8 4.0E-4
2 9 0.16
3 9 0.15
4 9 0.13
7 9 0.56
8 9 0.42
101 9 3.0E-4
10 2 0.13
3 10 0.59
4 10 0.05
5 10 0.2
7 10 0.35
10 8 0.22
10 9 0.16
101 10 2.0E-4
101 11 2.0E-4
4 12 0.29
5 12 0.68
12 6 0.55
12 8 0.13
101 12 4.0E-4
101 13 2.0E-4
4 14 0.14
5 14 0.28
101 14 2.0E-4
4 15 0.14
15 5 0.28
101 15 3.0E-4
101 16 1.0E-4
101 17 3.0E-4
101 18 2.0E-4
19 1 0.32
19 3 0.11
4 19 0.31
5 19 0.61
19 6 0.42
19 8 0.1
19 12 0.77
19 14 0.32
101 19 0.0011
2 20 0.35
7 20 0.25
8 20 0.32
9 20 0.45
101 20 2.0E-4
5 21 0.28
7 21 0.25
10 21 0.35
101 21 3.0E-4
4 22 0.14
101 22 2.0E-4
4 23 0.14
19 23 0.32
101 23 1.0E-4
4 24 0.16
5 24 0.32
6 24 0.26
8 24 0.18
12 24 0.24
24 14 0.58
19 24 0.37
101 24 3.0E-4
25 1 0.1
25 2 0.29
25 3 0.3
25 4 0.73
25 5 0.37
25 6 0.23
25 7 0.41
25 8 0.32
25 9 0.23
25 10 0.29
25 11 0.1
25 12 0.25
25 13 0.1
25 14 0.1
25 15 0.1
25 16 0.1
25 17 0.1
25 18 0.1
25 19 0.32
25 20 0.1
25 21 0.1
25 22 0.1
25 23 0.1
25 24 0.18
25 101 0.0036
26 2 0.71
3 26 0.5
7 26 0.13
26 8 0.47
26 9 0.22
26 10 0.18
26 20 0.5
25 26 0.2
101 26 3.0E-4
27 2 0.15
27 3 0.19
27 4 0.35
27 5 0.45
27 6 0.26
27 7 0.29
27 8 0.14
27 9 0.13
27 10 0.21
27 11 0.15
27 12 0.36
27 13 0.15
27 14 0.15
27 15 0.15
27 16 0.15
27 17 0.15
27 18 0.15
27 19 0.42
27 20 0.15
27 21 0.15
27 23 0.15
27 24 0.17
27 25 0.7
27 26 0.15
27 101 0.0036
4 28 0.14
5 28 0.28
28 14 1.0
19 28 0.32
24 28 0.58
25 28 0.1
27 28 0.15
101 28 2.0E-4
29 2 0.14
4 29 0.23
5 29 0.57
29 6 0.18
7 29 0.1
29 8 0.26
29 9 0.18
29 12 0.67
29 14 0.41
19 29 0.65
29 20 0.41
29 24 0.47
25 29 0.25
29 26 0.2
27 29 0.36
29 28 0.41
101 29 5.0E-4
30 2 0.13
30 3 0.13
4 30 0.21
30 5 0.63
30 6 0.34
30 7 0.09
30 8 0.12
30 10 0.13
30 12 0.31
30 14 0.38
30 15 0.38
30 19 0.36
30 24 0.44
25 30 0.27
30 26 0.19
27 30 0.39
30 28 0.38
30 29 0.31
101 30 0.0017
4 31 0.14
31 8 0.32
25 31 0.1
101 31 2.0E-4
32 3 0.24
4 32 0.27
5 32 0.07
7 32 0.06
32 10 0.17
32 18 0.24
32 19 0.08
32 22 0.24
25 32 0.42
27 32 0.32
30 32 0.09
101 32 3.0E-4
4 33 0.23
5 33 0.23
7 33 0.1
25 33 0.25
27 33 0.24
30 33 0.15
32 33 0.2
101 33 1.0E-4
34 2 0.2
34 3 0.19
4 34 0.16
34 5 0.32
34 7 0.14
34 10 0.2
34 15 0.58
25 34 0.18
34 26 0.29
27 34 0.25
34 30 0.65
34 32 0.14
34 33 0.24
101 34 8.0E-4
35 2 0.11
35 3 0.2
4 35 0.3
35 6 0.13
35 10 0.11
35 19 0.1
25 35 0.34
35 26 0.15
27 35 0.31
30 35 0.11
35 32 0.29
35 33 0.25
34 35 0.17
101 35 0.0
4 36 0.16
6 36 0.26
25 36 0.18
27 36 0.08
32 36 0.14
101 36 1.0E-4
37 3 0.1
4 37 0.36
37 6 0.13
37 7 0.14
37 8 0.18
37 9 0.13
37 10 0.1
37 19 0.09
37 23 0.29
25 37 0.35
27 37 0.21
37 32 0.28
37 33 0.24
37 35 0.17
37 36 0.33
101 37 2.0E-4
38 2 0.35
4 38 0.07
38 5 0.28
38 7 0.25
38 8 0.16
38 9 0.22
38 10 0.18
38 15 0.5
38 20 0.5
38 21 0.5
25 38 0.2
38 26 0.25
27 38 0.22
38 29 0.2
38 30 0.19
38 34 0.29
101 38 7.0E-4
4 39 0.31
5 39 0.12
39 14 0.45
19 39 0.28
39 23 0.45
24 39 0.26
25 39 0.23
27 39 0.26
39 28 0.45
29 39 0.18
30 39 0.17
33 39 0.18
37 39 0.39
101 39 3.0E-4
5 40 0.28
7 40 0.25
10 40 0.35
40 21 1.0
25 40 0.1
27 40 0.15
38 40 0.5
101 40 3.0E-4
41 17 1.0
25 41 0.1
27 41 0.15
101 41 3.0E-4
4 42 0.14
5 42 0.28
7 42 0.25
25 42 0.1
27 42 0.15
30 42 0.38
32 42 0.24
33 42 0.41
34 42 0.58
101 42 2.0E-4
43 2 0.2
3 43 0.19
43 10 0.2
25 43 0.18
43 26 0.29
27 43 0.25
30 43 0.22
32 43 0.28
43 33 0.24
34 43 0.33
35 43 0.52
101 43 1.0E-4
44 18 1.0
25 44 0.1
27 44 0.15
32 44 0.24
101 44 2.0E-4
45 4 0.4
45 5 0.09
45 18 0.32
25 45 0.32
27 45 0.18
45 32 0.15
45 33 0.26
45 35 0.48
45 37 0.18
45 39 0.14
45 44 0.32
45 101 1.0E-4
6 46 0.45
25 46 0.1
27 46 0.15
46 36 0.58
37 46 0.29
101 46 2.0E-4
4 47 0.14
47 8 0.32
25 47 0.1
47 31 1.0
101 47 2.0E-4
4 48 0.2
5 48 0.2
7 48 0.18
25 48 0.14
27 48 0.21
30 48 0.27
32 48 0.17
48 33 0.29
34 48 0.41
48 42 0.71
101 48 3.0E-4
49 4 0.24
25 49 0.18
27 49 0.08
49 32 0.14
49 33 0.24
49 37 0.17
49 39 0.26
49 45 0.18
49 101 1.0E-4
4 50 0.2
50 5 0.39
50 14 0.71
50 15 0.71
50 19 0.22
50 24 0.41
25 50 0.14
27 50 0.21
50 28 0.71
50 29 0.29
50 30 0.53
50 34 0.41
50 38 0.35
50 39 0.32
101 50 6.0E-4
51 3 0.09
51 4 0.33
51 5 0.21
51 6 0.35
51 12 0.21
51 15 0.26
51 19 0.33
51 23 0.26
51 25 0.39
51 27 0.45
51 30 0.2
51 32 0.25
51 33 0.21
51 34 0.15
51 35 0.31
51 37 0.22
51 38 0.13
51 39 0.35
51 43 0.3
51 49 0.3
51 50 0.18
51 101 4.0E-4
52 2 0.25
3 52 0.31
4 52 0.4
5 52 0.13
52 6 0.11
7 52 0.12
52 8 0.15
52 9 0.11
52 10 0.17
25 52 0.43
52 26 0.24
27 52 0.24
30 52 0.27
32 52 0.4
52 33 0.1
34 52 0.27
35 52 0.21
37 52 0.2
52 42 0.24
52 43 0.14
45 52 0.07
52 48 0.17
49 52 0.14
51 52 0.18
101 52 2.0E-4
5 53 0.28
7 53 0.25
10 53 0.35
53 21 1.0
25 53 0.1
27 53 0.15
38 53 0.5
53 40 1.0
101 53 3.0E-4
54 2 0.35
3 54 0.33
54 10 0.35
25 54 0.1
54 26 0.5
27 54 0.15
30 54 0.38
34 54 0.58
35 54 0.3
54 43 0.58
54 52 0.24
101 54 2.0E-4
2 55 0.2
3 55 0.19
4 55 0.24
5 55 0.16
7 55 0.29
25 55 0.18
27 55 0.08
30 55 0.22
32 55 0.14
55 33 0.24
34 55 0.33
55 42 0.58
48 55 0.41
52 55 0.27
101 55 1.0E-4
6 56 0.45
25 56 0.1
27 56 0.15
56 36 0.58
37 56 0.29
56 46 1.0
101 56 2.0E-4
57 2 0.41
3 57 0.19
7 57 0.14
57 10 0.2
25 57 0.18
57 26 0.29
27 57 0.17
30 57 0.22
34 57 0.33
35 57 0.17
57 43 0.33
57 52 0.14
57 54 0.58
101 57 1.0E-4
4 58 0.21
5 58 0.1
58 8 0.12
58 22 0.38
25 58 0.27
27 58 0.11
30 58 0.14
58 31 0.38
32 58 0.18
58 47 0.38
52 58 0.09
101 58 4.0E-4
4 59 0.21
59 8 0.16
25 59 0.2
27 59 0.07
59 31 0.5
59 47 0.5
59 58 0.76
101 59 1.0E-4
4 60 0.31
5 60 0.18
60 6 0.28
60 8 0.1
12 60 0.26
60 16 0.32
19 60 0.2
60 22 0.32
25 60 0.32
27 60 0.18
30 60 0.12
60 31 0.32
32 60 0.15
60 47 0.32
51 60 0.16
60 58 0.72
60 59 0.63
101 60 9.0E-4
4 61 0.1
61 5 0.39
61 15 0.71
25 61 0.14
27 61 0.21
61 30 0.53
61 34 0.41
61 38 0.35
61 50 0.5
51 61 0.18
61 52 0.17
61 58 0.27
101 61 4.0E-4
2 62 0.25
4 62 0.1
7 62 0.35
8 62 0.45
62 9 0.63
62 20 0.71
25 62 0.14
26 62 0.35
27 62 0.21
29 62 0.29
38 62 0.35
52 62 0.17
101 62 2.0E-4
63 2 0.36
63 3 0.34
63 4 0.26
63 5 0.4
63 6 0.09
63 7 0.31
63 8 0.39
63 9 0.27
63 10 0.29
63 14 0.2
63 15 0.2
63 19 0.13
63 20 0.2
63 21 0.2
63 24 0.12
63 25 0.5
63 26 0.41
63 27 0.42
63 28 0.2
63 29 0.17
63 30 0.39
63 32 0.3
63 33 0.25
63 34 0.35
63 35 0.31
63 37 0.06
63 38 0.31
63 39 0.18
63 40 0.2
63 42 0.2
63 43 0.35
63 45 0.13
63 48 0.14
63 49 0.12
63 50 0.29
63 51 0.42
63 52 0.38
63 53 0.2
63 54 0.2
63 55 0.12
63 57 0.12
63 58 0.08
63 61 0.29
63 62 0.29
63 101 9.0E-4
4 64 0.2
5 64 0.39
64 6 0.63
12 64 0.58
19 64 0.45
25 64 0.14
27 64 0.21
30 64 0.27
51 64 0.37
64 60 0.45
101 64 4.0E-4
2 65 0.35
7 65 0.25
25 65 0.1
27 65 0.15
63 65 0.2
101 65 1.0E-4
4 66 0.14
66 5 0.28
66 15 1.0
25 66 0.1
27 66 0.15
66 30 0.38
66 34 0.58
66 38 0.5
66 50 0.71
51 66 0.26
66 61 0.71
63 66 0.2
101 66 3.0E-4
67 2 0.32
67 3 0.15
4 67 0.06
67 5 0.12
67 7 0.22
67 8 0.14
67 9 0.2
67 10 0.16
67 15 0.45
67 20 0.45
25 67 0.23
67 26 0.45
27 67 0.33
67 29 0.18
67 30 0.34
67 34 0.52
67 35 0.13
67 38 0.45
67 43 0.26
67 50 0.32
51 67 0.12
67 52 0.11
67 54 0.45
67 57 0.52
67 61 0.32
67 62 0.32
63 67 0.27
67 66 0.45
101 67 7.0E-4
4 68 0.23
5 68 0.09
7 68 0.08
10 68 0.12
19 68 0.11
68 21 0.33
68 23 0.33
25 68 0.3
27 68 0.44
32 68 0.32
68 33 0.27
35 68 0.3
37 68 0.29
38 68 0.17
68 39 0.45
68 40 0.33
43 68 0.38
45 68 0.11
49 68 0.19
51 68 0.52
52 68 0.16
68 53 0.33
63 68 0.27
101 68 2.0E-4
4 69 0.25
69 5 0.62
69 6 0.6
69 8 0.14
69 12 0.55
69 14 0.45
69 15 0.45
69 19 0.57
69 24 0.52
25 69 0.23
27 69 0.33
69 28 0.45
69 29 0.37
69 30 0.68
69 34 0.26
69 38 0.22
69 39 0.2
69 50 0.63
51 69 0.35
69 60 0.28
69 61 0.32
63 69 0.18
69 64 0.63
69 66 0.45
69 67 0.2
101 69 0.0013
70 2 0.11
70 3 0.1
70 4 0.17
70 5 0.42
70 6 0.27
70 7 0.08
70 8 0.19
70 12 0.25
70 14 0.3
70 15 0.3
70 19 0.29
70 24 0.35
70 25 0.34
70 26 0.15
70 27 0.4
70 28 0.3
70 29 0.25
70 30 0.57
70 32 0.22
70 33 0.25
70 34 0.35
70 35 0.18
70 38 0.15
70 39 0.13
70 42 0.3
70 43 0.35
70 48 0.21
70 50 0.43
70 51 0.54
70 52 0.07
70 55 0.17
70 60 0.1
70 61 0.21
70 63 0.49
70 64 0.21
70 66 0.3
70 67 0.13
70 68 0.2
70 69 0.54
70 101 7.0E-4
71 2 0.26
71 3 0.08
4 71 0.27
71 5 0.81
71 6 0.33
71 7 0.24
71 8 0.23
71 9 0.11
71 10 0.26
71 12 0.59
71 14 0.24
71 15 0.24
71 19 0.54
71 20 0.24
71 21 0.24
71 24 0.28
25 71 0.42
71 26 0.24
27 71 0.57
71 28 0.24
71 29 0.59
71 30 0.64
71 32 0.12
71 33 0.3
71 34 0.42
71 35 0.15
71 38 0.36
71 39 0.11
71 40 0.24
71 42 0.24
71 43 0.28
71 48 0.17
71 50 0.34
51 71 0.25
71 52 0.17
71 53 0.24
71 54 0.24
71 55 0.14
71 57 0.14
71 58 0.09
71 60 0.15
71 61 0.34
71 62 0.17
63 71 0.5
71 64 0.34
71 65 0.24
71 66 0.24
71 67 0.33
71 68 0.16
71 69 0.54
70 71 0.44
101 71 0.0019
5 72 0.28
7 72 0.25
10 72 0.35
72 21 1.0
25 72 0.1
27 72 0.15
38 72 0.5
72 40 1.0
72 53 1.0
63 72 0.2
68 72 0.33
71 72 0.24
101 72 3.0E-4
4 73 0.1
73 5 0.2
73 7 0.18
73 15 0.71
25 73 0.14
27 73 0.21
73 30 0.27
73 34 0.41
73 38 0.35
73 50 0.5
51 73 0.18
73 61 0.5
63 73 0.14
73 66 0.71
73 67 0.32
73 69 0.32
70 73 0.21
73 71 0.17
101 73 2.0E-4
4 74 0.14
25 74 0.1
101 74 1.0E-4
4 75 0.1
6 75 0.32
75 22 0.71
25 75 0.14
27 75 0.1
32 75 0.17
75 36 0.41
37 75 0.2
75 46 0.71
75 56 0.71
58 75 0.27
60 75 0.22
101 75 5.0E-4
4 76 0.14
76 5 0.28
76 15 1.0
25 76 0.1
27 76 0.15
76 30 0.38
76 34 0.58
76 38 0.5
76 50 0.71
51 76 0.26
76 61 0.71
63 76 0.2
76 66 1.0
76 67 0.45
76 69 0.45
70 76 0.3
76 71 0.24
76 73 0.71
101 76 3.0E-4
4 77 0.24
19 77 0.18
77 23 0.58
25 77 0.18
27 77 0.25
33 77 0.24
37 77 0.5
77 39 0.77
49 77 0.33
51 77 0.45
68 77 0.58
101 77 1.0E-4
25 78 0.1
27 78 0.15
101 78 1.0E-4
4 79 0.28
5 79 0.28
7 79 0.13
79 12 0.2
19 79 0.16
25 79 0.2
27 79 0.29
79 29 0.2
30 79 0.19
32 79 0.12
79 33 0.41
34 79 0.29
37 79 0.29
79 39 0.45
79 42 0.5
79 48 0.35
49 79 0.29
51 79 0.26
79 52 0.12
79 55 0.29
63 79 0.1
79 68 0.33
70 79 0.15
71 79 0.24
79 77 0.58
101 79 1.0E-4
80 3 0.24
4 80 0.1
80 5 0.2
80 7 0.18
80 10 0.25
80 15 0.71
25 80 0.14
27 80 0.1
80 30 0.27
80 34 0.41
80 38 0.35
80 50 0.5
51 80 0.18
80 61 0.5
63 80 0.14
80 66 0.71
80 67 0.32
80 69 0.32
70 80 0.21
80 71 0.17
80 73 0.5
80 76 0.71
101 80 2.0E-4
5 81 0.28
6 81 0.45
8 81 0.32
12 81 0.41
19 81 0.32
24 81 0.58
25 81 0.1
27 81 0.15
29 81 0.41
30 81 0.38
69 81 0.45
70 81 0.3
71 81 0.24
101 81 2.0E-4
82 2 0.25
82 3 0.24
82 4 0.1
82 5 0.1
82 6 0.16
82 7 0.09
82 8 0.22
82 9 0.16
82 10 0.13
82 12 0.14
82 19 0.11
82 24 0.2
82 25 0.29
82 27 0.1
82 29 0.14
82 30 0.13
82 32 0.17
82 37 0.2
82 38 0.18
82 49 0.2
82 51 0.18
82 52 0.25
82 55 0.2
82 63 0.22
82 69 0.16
82 70 0.21
82 71 0.09
82 81 0.35
82 101 1.0E-4
2 83 0.35
7 83 0.25
8 83 0.32
9 83 0.45
83 20 1.0
25 83 0.1
26 83 0.5
27 83 0.15
29 83 0.41
38 83 0.5
62 83 0.71
63 83 0.2
67 83 0.45
71 83 0.24
101 83 2.0E-4
84 17 1.0
25 84 0.1
27 84 0.15
84 41 1.0
101 84 3.0E-4
85 4 0.23
85 6 0.18
85 7 0.1
25 85 0.25
27 85 0.18
85 32 0.1
85 35 0.25
85 43 0.24
85 45 0.26
85 49 0.24
51 85 0.32
85 52 0.19
85 57 0.24
63 85 0.17
85 67 0.18
85 68 0.27
70 85 0.12
85 101 0.0
2 86 0.25
7 86 0.18
8 86 0.22
9 86 0.32
86 20 0.71
25 86 0.14
26 86 0.35
27 86 0.21
29 86 0.29
38 86 0.35
58 86 0.27
59 86 0.35
60 86 0.22
62 86 0.5
63 86 0.14
67 86 0.32
71 86 0.17
86 83 0.71
101 86 2.0E-4
4 87 0.14
87 8 0.32
25 87 0.1
87 31 1.0
87 47 1.0
87 58 0.38
87 59 0.5
60 87 0.32
101 87 2.0E-4
4 88 0.08
88 13 0.58
25 88 0.18
27 88 0.17
101 88 4.0E-4
4 89 0.1
89 8 0.22
25 89 0.14
27 89 0.1
89 31 0.71
89 47 0.71
89 58 0.27
89 59 0.35
60 89 0.22
89 87 0.71
101 89 1.0E-4
90 13 1.0
25 90 0.1
27 90 0.15
88 90 0.58
101 90 2.0E-4
91 2 0.25
3 91 0.24
4 91 0.1
7 91 0.18
91 8 0.22
91 9 0.32
91 10 0.25
25 91 0.14
91 26 0.35
27 91 0.21
30 91 0.27
34 91 0.41
35 91 0.21
91 43 0.41
91 52 0.33
91 54 0.71
91 57 0.41
91 62 0.5
63 91 0.29
67 91 0.32
71 91 0.17
101 91 1.0E-4
92 11 1.0
25 92 0.1
27 92 0.15
101 92 2.0E-4
4 93 0.14
93 5 0.28
93 15 1.0
25 93 0.1
27 93 0.15
93 30 0.38
93 34 0.58
93 38 0.5
93 50 0.71
51 93 0.26
93 61 0.71
63 93 0.2
93 66 1.0
93 67 0.45
93 69 0.45
70 93 0.3
93 71 0.24
93 73 0.71
93 76 1.0
93 80 0.71
101 93 3.0E-4
4 94 0.14
7 94 0.25
9 94 0.45
25 94 0.1
101 94 2.0E-4
4 95 0.32
5 95 0.1
7 95 0.09
8 95 0.12
95 14 0.38
19 95 0.24
95 23 0.38
95 24 0.22
25 95 0.27
27 95 0.28
95 28 0.38
29 95 0.15
30 95 0.14
95 33 0.15
37 95 0.44
95 39 0.68
95 48 0.27
49 95 0.22
50 95 0.27
51 95 0.29
63 95 0.08
95 68 0.38
69 95 0.17
70 95 0.11
71 95 0.09
95 77 0.65
79 95 0.38
101 95 6.0E-4
4 96 0.14
96 5 0.28
96 15 1.0
25 96 0.1
27 96 0.15
96 30 0.38
96 34 0.58
96 38 0.5
96 50 0.71
51 96 0.26
96 61 0.71
63 96 0.2
96 66 1.0
96 67 0.45
96 69 0.45
70 96 0.3
96 71 0.24
96 73 0.71
96 76 1.0
96 80 0.71
96 93 1.0
101 96 3.0E-4
4 97 0.14
5 97 0.28
6 97 0.45
12 97 0.41
19 97 0.32
25 97 0.1
27 97 0.15
30 97 0.38
51 97 0.26
60 97 0.32
64 97 0.71
69 97 0.45
70 97 0.3
71 97 0.24
101 97 2.0E-4
4 98 0.14
7 98 0.25
9 98 0.45
25 98 0.1
98 94 1.0
101 98 2.0E-4
25 99 0.1
27 99 0.15
99 88 0.58
101 99 1.0E-4
4 100 0.07
5 100 0.14
7 100 0.25
10 100 0.35
100 16 0.5
100 18 0.5
100 21 0.5
25 100 0.2
27 100 0.22
32 100 0.12
38 100 0.25
100 40 0.5
100 44 0.5
45 100 0.16
100 53 0.5
60 100 0.16
63 100 0.1
68 100 0.17
71 100 0.12
100 72 0.5
101 100 6.0E-4
