*Vertices  40
1 "LCD显示屏"
2 "显示器"
3 "LED灯"
4 "电容"
5 "传感器"
6 "单片机"
7 "开关"
8 "模数转换集成块"
9 "LED"
10 "液晶显示模块"
11 "二极管"
12 "三极管"
13 "玻璃"
14 "通道"
15 "LED光源"
16 "转换器"
17 "红外线发射管"
18 "滤光片"
19 "发光体"
20 "放大器"
21 "半导体"
22 "电路板"
23 "GPIO"
24 "客户"
25 "摄像机"
26 "充电电池"
27 "芯片"
28 "充电器"
29 "存储器"
30 "电感"
31 "电极"
32 "电阻"
33 "脉冲信号"
34 "超声波"
35 "射灯"
36 "检测仪"
37 "蜂鸣器"
38 "扬声器"
39 "提示仪"
40 "接收管"
*Arcs
40 1 7.0E-4
2 1 0.47
40 2 6.0E-4
3 1 0.05
3 2 0.05
3 40 6.0E-4
3 4 0.35
40 4 0.0019
5 1 0.18
5 2 0.17
3 5 0.21
4 5 0.14
40 5 4.0E-4
6 1 0.13
2 6 0.59
3 6 0.05
4 6 0.2
5 6 0.35
40 6 6.0E-4
7 1 0.18
7 2 0.06
7 3 0.37
7 4 0.39
7 5 0.26
7 6 0.12
7 40 0.0015
3 8 0.14
8 4 0.28
7 8 0.17
40 8 0.0050
9 1 0.29
9 2 0.3
9 3 0.73
9 4 0.37
9 5 0.41
9 6 0.29
9 7 0.58
9 8 0.1
9 40 9.0E-4
10 1 0.71
2 10 0.5
5 10 0.13
10 6 0.18
7 10 0.17
9 10 0.2
40 10 0.0011
11 1 0.15
11 2 0.19
11 3 0.35
11 4 0.45
11 5 0.29
11 6 0.21
11 7 0.58
11 8 0.15
11 9 0.7
11 10 0.15
11 40 0.0014
12 1 0.13
12 2 0.13
3 12 0.21
12 4 0.63
12 5 0.09
12 6 0.13
7 12 0.46
12 8 0.38
9 12 0.27
12 10 0.19
11 12 0.39
40 12 0.0058
13 2 0.24
3 13 0.27
4 13 0.07
5 13 0.06
13 6 0.17
7 13 0.17
9 13 0.42
11 13 0.32
12 13 0.09
40 13 3.0E-4
3 14 0.23
4 14 0.23
5 14 0.1
7 14 0.07
9 14 0.25
11 14 0.24
12 14 0.15
13 14 0.2
40 14 7.0E-4
15 1 0.11
15 2 0.2
3 15 0.3
15 6 0.11
7 15 0.05
9 15 0.34
15 10 0.15
11 15 0.31
12 15 0.11
15 13 0.29
15 14 0.25
40 15 4.0E-4
16 1 0.35
3 16 0.07
16 4 0.28
16 5 0.25
16 6 0.18
7 16 0.26
16 8 0.5
9 16 0.2
16 10 0.25
11 16 0.22
16 12 0.19
16 40 0.0016
3 17 0.14
4 17 0.28
5 17 0.25
7 17 0.17
9 17 0.1
11 17 0.15
12 17 0.38
13 17 0.24
14 17 0.41
40 17 0.0028
18 1 0.2
2 18 0.19
18 6 0.2
7 18 0.1
9 18 0.18
18 10 0.29
11 18 0.25
12 18 0.22
13 18 0.28
18 14 0.24
15 18 0.52
40 18 0.0013
3 19 0.2
4 19 0.2
5 19 0.18
7 19 0.25
9 19 0.14
11 19 0.21
12 19 0.27
13 19 0.17
19 14 0.29
19 17 0.71
40 19 0.0016
3 20 0.2
20 4 0.39
7 20 0.25
20 8 0.71
9 20 0.14
11 20 0.21
20 12 0.53
20 16 0.35
20 40 0.0029
21 2 0.09
21 3 0.33
21 4 0.21
21 7 0.18
21 8 0.26
21 9 0.39
21 11 0.45
21 12 0.2
21 13 0.25
21 14 0.21
21 15 0.31
21 16 0.13
21 18 0.3
21 20 0.18
21 40 5.0E-4
22 1 0.25
2 22 0.31
3 22 0.4
4 22 0.13
5 22 0.12
22 6 0.17
7 22 0.12
9 22 0.43
22 10 0.24
11 22 0.24
12 22 0.27
13 22 0.4
22 14 0.1
15 22 0.21
22 17 0.24
22 18 0.14
22 19 0.17
21 22 0.18
40 22 0.0010
23 1 0.35
2 23 0.33
23 6 0.35
7 23 0.17
9 23 0.1
23 10 0.5
11 23 0.15
12 23 0.38
15 23 0.3
23 18 0.58
23 22 0.24
40 23 0.0029
1 24 0.2
2 24 0.19
3 24 0.24
4 24 0.16
5 24 0.29
7 24 0.1
9 24 0.18
11 24 0.08
12 24 0.22
13 24 0.14
24 14 0.24
24 17 0.58
19 24 0.41
22 24 0.27
40 24 0.0012
25 1 0.41
2 25 0.19
5 25 0.14
25 6 0.2
7 25 0.1
9 25 0.18
25 10 0.29
11 25 0.17
12 25 0.22
15 25 0.17
25 18 0.33
25 22 0.14
25 23 0.58
40 25 0.0012
3 26 0.1
26 4 0.39
7 26 0.25
26 8 0.71
9 26 0.14
11 26 0.21
26 12 0.53
26 16 0.35
26 20 0.5
21 26 0.18
26 22 0.17
26 40 0.0028
27 1 0.36
27 2 0.34
27 3 0.26
27 4 0.4
27 5 0.31
27 6 0.29
27 7 0.28
27 8 0.2
27 9 0.5
27 10 0.41
27 11 0.42
27 12 0.39
27 13 0.3
27 14 0.25
27 15 0.31
27 16 0.31
27 17 0.2
27 18 0.35
27 19 0.14
27 20 0.29
27 21 0.42
27 22 0.38
27 23 0.2
27 24 0.12
27 25 0.12
27 26 0.29
27 40 0.0022
3 28 0.14
28 4 0.28
7 28 0.17
28 8 1.0
9 28 0.1
11 28 0.15
28 12 0.38
28 16 0.5
28 20 0.71
21 28 0.26
28 26 0.71
27 28 0.2
28 40 0.0050
29 1 0.32
29 2 0.15
3 29 0.06
29 4 0.12
29 5 0.22
29 6 0.16
7 29 0.31
29 8 0.45
9 29 0.23
29 10 0.45
11 29 0.33
29 12 0.34
29 15 0.13
29 16 0.45
29 18 0.26
29 20 0.32
21 29 0.12
29 22 0.11
29 23 0.45
29 25 0.52
29 26 0.32
27 29 0.27
29 28 0.45
29 40 0.0039
3 30 0.25
30 4 0.62
7 30 0.39
30 8 0.45
9 30 0.23
11 30 0.33
30 12 0.68
30 16 0.22
30 20 0.63
21 30 0.35
30 26 0.32
27 30 0.18
30 28 0.45
30 29 0.2
30 40 0.0014
31 1 0.11
31 2 0.1
31 3 0.17
31 4 0.42
31 5 0.08
31 7 0.26
31 8 0.3
31 9 0.34
31 10 0.15
31 11 0.4
31 12 0.57
31 13 0.22
31 14 0.25
31 15 0.18
31 16 0.15
31 17 0.3
31 18 0.35
31 19 0.21
31 20 0.43
31 21 0.54
31 22 0.07
31 24 0.17
31 26 0.21
31 27 0.49
31 28 0.3
31 29 0.13
31 30 0.54
31 40 0.0020
32 1 0.26
32 2 0.08
3 32 0.27
32 4 0.81
32 5 0.24
32 6 0.26
7 32 0.46
32 8 0.24
9 32 0.42
32 10 0.24
11 32 0.57
32 12 0.64
32 13 0.12
32 14 0.3
32 15 0.15
32 16 0.36
32 17 0.24
32 18 0.28
32 19 0.17
32 20 0.34
21 32 0.25
32 22 0.17
32 23 0.24
32 24 0.14
32 25 0.14
32 26 0.34
27 32 0.5
32 28 0.24
32 29 0.33
32 30 0.54
31 32 0.44
32 40 0.0029
3 33 0.1
33 4 0.2
33 5 0.18
7 33 0.12
33 8 0.71
9 33 0.14
11 33 0.21
33 12 0.27
33 16 0.35
33 20 0.5
21 33 0.18
33 26 0.5
27 33 0.14
33 28 0.71
33 29 0.32
33 30 0.32
31 33 0.21
33 32 0.17
33 40 0.0026
3 34 0.14
34 4 0.28
7 34 0.17
34 8 1.0
9 34 0.1
11 34 0.15
34 12 0.38
34 16 0.5
34 20 0.71
21 34 0.26
34 26 0.71
27 34 0.2
34 28 1.0
34 29 0.45
34 30 0.45
31 34 0.3
34 32 0.24
34 33 0.71
34 40 0.0050
3 35 0.28
4 35 0.28
5 35 0.13
7 35 0.09
9 35 0.2
11 35 0.29
12 35 0.19
13 35 0.12
35 14 0.41
35 17 0.5
35 19 0.35
21 35 0.26
35 22 0.12
35 24 0.29
27 35 0.1
31 35 0.15
32 35 0.24
40 35 9.0E-4
36 2 0.24
3 36 0.1
36 4 0.2
36 5 0.18
36 6 0.25
7 36 0.12
36 8 0.71
9 36 0.14
11 36 0.1
36 12 0.27
36 16 0.35
36 20 0.5
21 36 0.18
36 26 0.5
27 36 0.14
36 28 0.71
36 29 0.32
36 30 0.32
31 36 0.21
36 32 0.17
36 33 0.5
36 34 0.71
36 40 0.0027
37 1 0.25
2 37 0.24
3 37 0.1
5 37 0.18
37 6 0.25
7 37 0.12
9 37 0.14
37 10 0.35
11 37 0.21
12 37 0.27
15 37 0.21
37 18 0.41
37 22 0.33
37 23 0.71
37 25 0.41
27 37 0.29
29 37 0.32
32 37 0.17
40 37 0.0017
3 38 0.14
38 4 0.28
7 38 0.17
38 8 1.0
9 38 0.1
11 38 0.15
38 12 0.38
38 16 0.5
38 20 0.71
21 38 0.26
38 26 0.71
27 38 0.2
38 28 1.0
38 29 0.45
38 30 0.45
31 38 0.3
38 32 0.24
38 33 0.71
38 34 1.0
38 36 0.71
38 40 0.0050
3 39 0.14
39 4 0.28
7 39 0.17
39 8 1.0
9 39 0.1
11 39 0.15
39 12 0.38
39 16 0.5
39 20 0.71
21 39 0.26
39 26 0.71
27 39 0.2
39 28 1.0
39 29 0.45
39 30 0.45
31 39 0.3
39 32 0.24
39 33 0.71
39 34 1.0
39 36 0.71
39 38 1.0
39 40 0.0050
