*Vertices  52
1 "LCD显示屏"
2 "显示器"
3 "LED灯"
4 "电容"
5 "容器"
6 "传感器"
7 "处理器"
8 "单片机"
9 "整流器"
10 "开关"
11 "显示技术"
12 "变压器"
13 "定时器"
14 "发光板"
15 "LED"
16 "液晶显示模块"
17 "二极管"
18 "稳压二极管"
19 "三极管"
20 "GSM"
21 "教具"
22 "塑料"
23 "转换器"
24 "电动机"
25 "直流电机"
26 "加热片"
27 "电路板"
28 "SMT"
29 "ITO"
30 "太阳能"
31 "太阳能电池板"
32 "蓄电池"
33 "锂电池"
34 "FPC连接器"
35 "FFC连接器"
36 "芯片"
37 "存储器"
38 "电感"
39 "电极"
40 "电阻"
41 "驱动模块"
42 "激光"
43 "SIM"
44 "光电耦合器"
45 "屏幕"
46 "读取器"
47 "信息卡"
48 "转子"
49 "电磁感应"
50 "蜂鸣器"
51 "发光管"
52 "控制器"
*Arcs
1 52 0.0025
2 1 0.47
2 52 0.0022
3 1 0.05
3 2 0.05
3 52 6.0E-4
3 4 0.35
4 52 8.0E-4
3 5 0.19
4 5 0.37
5 52 3.0E-4
6 1 0.18
6 2 0.17
3 6 0.21
4 6 0.14
6 52 0.0016
1 7 0.16
2 7 0.15
3 7 0.13
6 7 0.56
52 7 0.0027
8 1 0.13
2 8 0.59
3 8 0.05
4 8 0.2
6 8 0.35
8 7 0.16
8 52 0.0012
3 9 0.29
4 9 0.68
9 5 0.55
9 52 3.0E-4
10 1 0.18
10 2 0.06
10 3 0.37
10 4 0.39
10 5 0.31
10 6 0.26
10 7 0.16
10 8 0.12
10 9 0.21
10 52 0.0010
1 11 0.25
2 11 0.47
6 11 0.18
7 11 0.32
8 11 0.25
52 11 0.0031
12 2 0.11
3 12 0.31
4 12 0.61
12 5 0.42
12 9 0.77
10 12 0.33
12 52 3.0E-4
1 13 0.35
6 13 0.25
7 13 0.45
10 13 0.17
52 13 0.0017
3 14 0.16
4 14 0.32
5 14 0.26
9 14 0.24
10 14 0.2
12 14 0.37
52 14 4.0E-4
15 1 0.29
15 2 0.3
15 3 0.73
15 4 0.37
15 5 0.23
15 6 0.41
15 7 0.23
15 8 0.29
15 9 0.25
15 10 0.58
15 11 0.14
15 12 0.32
15 13 0.1
15 14 0.18
15 52 0.0023
16 1 0.71
2 16 0.5
6 16 0.13
16 7 0.22
16 8 0.18
10 16 0.17
16 11 0.35
16 13 0.5
15 16 0.2
16 52 0.0044
17 1 0.15
17 2 0.19
17 3 0.35
17 4 0.45
17 5 0.26
17 6 0.29
17 7 0.13
17 8 0.21
17 9 0.36
17 10 0.58
17 12 0.42
17 13 0.15
17 14 0.17
17 15 0.7
17 16 0.15
17 52 6.0E-4
18 1 0.14
3 18 0.23
4 18 0.57
18 5 0.18
6 18 0.1
18 7 0.18
18 9 0.67
10 18 0.21
12 18 0.65
18 13 0.41
18 14 0.47
15 18 0.25
18 16 0.2
17 18 0.36
18 52 0.0012
19 1 0.13
19 2 0.13
3 19 0.21
19 4 0.63
19 5 0.34
19 6 0.09
19 8 0.13
19 9 0.31
10 19 0.46
19 12 0.36
19 14 0.44
15 19 0.27
19 16 0.19
17 19 0.39
19 18 0.31
19 52 4.0E-4
4 20 0.28
8 20 0.35
15 20 0.1
52 20 0.0013
3 21 0.14
10 21 0.17
15 21 0.1
21 52 0.0017
22 2 0.1
3 22 0.36
22 5 0.13
22 6 0.14
22 7 0.13
22 8 0.1
10 22 0.15
22 11 0.2
22 12 0.09
15 22 0.35
17 22 0.21
22 52 4.0E-4
23 1 0.35
3 23 0.07
23 4 0.28
23 6 0.25
23 7 0.22
23 8 0.18
10 23 0.26
23 13 0.5
15 23 0.2
23 16 0.25
17 23 0.22
23 18 0.2
23 19 0.19
23 52 6.0E-4
2 24 0.33
6 24 0.25
7 24 0.45
8 24 0.35
11 24 0.71
15 24 0.1
22 24 0.29
52 24 0.0014
3 25 0.14
10 25 0.17
15 25 0.1
25 21 1.0
25 52 0.0017
1 26 0.35
2 26 0.33
15 26 0.1
16 26 0.5
52 26 0.0015
27 1 0.25
2 27 0.31
3 27 0.4
4 27 0.13
27 5 0.11
6 27 0.12
27 7 0.11
27 8 0.17
10 27 0.12
27 11 0.17
15 27 0.43
27 16 0.24
17 27 0.24
19 27 0.27
22 27 0.2
27 52 5.0E-4
1 28 0.5
2 28 0.47
28 11 0.5
15 28 0.14
16 28 0.71
28 26 0.71
27 28 0.17
52 28 0.0033
29 1 0.16
29 2 0.15
29 15 0.23
29 16 0.22
29 17 0.26
29 26 0.45
29 28 0.32
29 52 4.0E-4
3 30 0.21
4 30 0.1
10 30 0.2
15 30 0.27
17 30 0.11
19 30 0.14
30 21 0.38
30 25 0.38
27 30 0.09
30 52 4.0E-4
3 31 0.21
10 31 0.09
15 31 0.2
17 31 0.07
31 21 0.5
31 25 0.5
31 30 0.76
31 52 6.0E-4
3 32 0.31
4 32 0.18
32 5 0.28
9 32 0.26
10 32 0.33
12 32 0.2
15 32 0.32
17 32 0.18
19 32 0.12
32 21 0.32
32 25 0.32
32 30 0.72
32 31 0.63
32 52 4.0E-4
1 33 0.25
3 33 0.1
6 33 0.35
33 7 0.63
10 33 0.12
33 13 0.71
15 33 0.14
16 33 0.35
17 33 0.21
18 33 0.29
23 33 0.35
27 33 0.17
52 33 0.0025
1 34 0.35
2 34 0.33
15 34 0.1
16 34 0.5
34 26 1.0
34 28 0.71
29 34 0.45
52 34 0.0015
1 35 0.35
2 35 0.33
35 11 0.71
15 35 0.1
16 35 0.5
27 35 0.24
35 28 0.71
52 35 0.0014
36 1 0.36
36 2 0.34
36 3 0.26
36 4 0.4
36 5 0.09
36 6 0.31
36 7 0.27
36 8 0.29
36 10 0.28
36 11 0.29
36 12 0.13
36 13 0.2
36 14 0.12
36 15 0.5
36 16 0.41
36 17 0.42
36 18 0.17
36 19 0.39
36 20 0.2
36 22 0.06
36 23 0.31
36 24 0.2
36 26 0.2
36 27 0.38
36 28 0.29
36 29 0.37
36 30 0.08
36 33 0.29
36 34 0.2
36 35 0.2
36 52 0.0034
37 1 0.32
37 2 0.15
3 37 0.06
37 4 0.12
37 6 0.22
37 7 0.2
37 8 0.16
10 37 0.31
37 13 0.45
15 37 0.23
37 16 0.45
17 37 0.33
37 18 0.18
37 19 0.34
37 23 0.45
37 27 0.11
37 33 0.32
36 37 0.27
37 52 6.0E-4
3 38 0.25
38 4 0.62
38 5 0.6
38 9 0.55
10 38 0.39
38 12 0.57
38 14 0.52
15 38 0.23
17 38 0.33
38 18 0.37
38 19 0.68
38 23 0.22
38 32 0.28
36 38 0.18
38 37 0.2
38 52 4.0E-4
39 1 0.11
39 2 0.1
39 3 0.17
39 4 0.42
39 5 0.27
39 6 0.08
39 9 0.25
39 10 0.26
39 12 0.29
39 14 0.35
39 15 0.34
39 16 0.15
39 17 0.4
39 18 0.25
39 19 0.57
39 23 0.15
39 26 0.3
39 27 0.07
39 28 0.21
39 29 0.67
39 32 0.1
39 34 0.3
39 36 0.49
39 37 0.13
39 38 0.54
39 52 8.0E-4
40 1 0.26
40 2 0.08
3 40 0.27
40 4 0.81
40 5 0.33
40 6 0.24
40 7 0.11
40 8 0.26
40 9 0.59
10 40 0.46
40 12 0.54
40 13 0.24
40 14 0.28
15 40 0.42
40 16 0.24
17 40 0.57
40 18 0.59
40 19 0.64
40 20 0.24
40 23 0.36
40 27 0.17
29 40 0.11
40 30 0.09
40 32 0.15
40 33 0.17
36 40 0.5
40 37 0.33
40 38 0.54
39 40 0.44
40 52 0.0014
2 41 0.24
3 41 0.1
6 41 0.18
41 7 0.32
8 41 0.25
41 11 0.5
15 41 0.14
22 41 0.2
41 24 0.71
36 41 0.29
52 41 8.0E-4
1 42 0.14
2 42 0.27
3 42 0.06
6 42 0.1
42 7 0.18
8 42 0.14
42 11 0.29
15 42 0.25
17 42 0.18
22 42 0.12
42 24 0.41
27 42 0.1
29 42 0.55
36 42 0.33
39 42 0.49
40 42 0.1
42 41 0.29
42 52 4.0E-4
4 43 0.28
8 43 0.35
15 43 0.1
43 20 1.0
36 43 0.2
40 43 0.24
52 43 0.0013
4 44 0.28
5 44 0.45
9 44 0.41
10 44 0.17
12 44 0.32
14 44 0.58
15 44 0.1
17 44 0.15
18 44 0.41
19 44 0.38
38 44 0.45
39 44 0.3
40 44 0.24
52 44 9.0E-4
45 1 0.25
45 2 0.24
45 3 0.1
45 4 0.1
45 5 0.16
45 6 0.09
45 7 0.16
45 8 0.13
45 9 0.14
45 10 0.06
45 11 0.25
45 12 0.11
45 14 0.2
45 15 0.29
45 17 0.1
45 18 0.14
45 19 0.13
45 22 0.2
45 23 0.18
45 24 0.35
45 27 0.25
45 29 0.16
45 36 0.22
45 38 0.16
45 39 0.21
45 40 0.09
45 41 0.25
45 42 0.29
45 44 0.35
45 52 8.0E-4
1 46 0.35
6 46 0.25
7 46 0.45
10 46 0.17
46 13 1.0
15 46 0.1
16 46 0.5
17 46 0.15
18 46 0.41
23 46 0.5
33 46 0.71
36 46 0.2
37 46 0.45
40 46 0.24
52 46 0.0017
1 47 0.25
6 47 0.18
7 47 0.32
10 47 0.12
47 13 0.71
15 47 0.14
16 47 0.35
17 47 0.21
18 47 0.29
23 47 0.35
30 47 0.27
31 47 0.35
32 47 0.22
33 47 0.5
36 47 0.14
37 47 0.32
40 47 0.17
47 46 0.71
52 47 0.0010
3 48 0.14
10 48 0.17
15 48 0.1
48 21 1.0
48 25 1.0
48 30 0.38
48 31 0.5
32 48 0.32
48 52 0.0017
3 49 0.1
10 49 0.12
15 49 0.14
17 49 0.1
49 21 0.71
49 25 0.71
49 30 0.27
49 31 0.35
32 49 0.22
49 48 0.71
49 52 9.0E-4
50 1 0.25
2 50 0.24
3 50 0.1
6 50 0.18
50 7 0.32
50 8 0.25
10 50 0.12
15 50 0.14
50 16 0.35
17 50 0.21
19 50 0.27
50 27 0.33
50 33 0.5
36 50 0.29
37 50 0.32
40 50 0.17
50 52 7.0E-4
3 51 0.32
4 51 0.1
6 51 0.09
10 51 0.33
12 51 0.24
51 14 0.22
15 51 0.27
17 51 0.28
18 51 0.15
19 51 0.14
22 51 0.44
36 51 0.08
38 51 0.17
39 51 0.11
40 51 0.09
52 51 2.0E-4
