*Vertices  22
1 "LED灯"
2 "电容"
3 "传感器"
4 "单片机"
5 "开关"
6 "充电台灯"
7 "装饰层"
8 "Zigbee"
9 "LED"
10 "二极管"
11 "玻璃"
12 "转换器"
13 "晶体振荡器"
14 "聚光玻璃罩"
15 "散热片"
16 "ESD"
17 "蓄电池"
18 "芯片"
19 "Li"
20 "电阻"
21 "发射模块"
22 "插座"
*Arcs
1 22 3.0E-4
1 2 0.35
2 22 0.0020
1 3 0.21
2 3 0.14
3 22 0.0035
1 4 0.05
2 4 0.2
3 4 0.35
4 22 0.0064
5 1 0.37
5 2 0.39
5 3 0.26
5 4 0.12
5 22 0.0065
5 6 0.17
22 6 0.0070
5 7 0.17
22 7 0.0138
2 8 0.28
3 8 0.25
4 8 0.35
5 8 0.17
22 8 0.0166
9 1 0.73
9 2 0.37
9 3 0.41
9 4 0.29
9 5 0.58
9 6 0.1
9 7 0.1
9 8 0.1
9 22 0.0038
10 1 0.35
10 2 0.45
10 3 0.29
10 4 0.21
10 5 0.58
10 6 0.15
10 7 0.15
10 8 0.15
10 9 0.7
10 22 0.0052
1 11 0.27
2 11 0.07
3 11 0.06
11 4 0.17
5 11 0.17
11 7 0.24
9 11 0.42
10 11 0.32
11 22 0.0016
1 12 0.07
12 2 0.28
12 3 0.25
12 4 0.18
5 12 0.26
12 8 0.5
9 12 0.2
10 12 0.22
12 22 0.0052
2 13 0.28
3 13 0.25
4 13 0.35
5 13 0.17
13 8 1.0
9 13 0.1
10 13 0.15
12 13 0.5
22 13 0.0166
5 14 0.17
14 7 1.0
9 14 0.1
10 14 0.15
11 14 0.24
22 14 0.0138
15 1 0.4
15 2 0.09
15 5 0.11
15 7 0.32
9 15 0.32
10 15 0.18
15 11 0.15
15 14 0.32
15 22 0.0024
2 16 0.28
3 16 0.25
4 16 0.35
5 16 0.17
16 8 1.0
9 16 0.1
10 16 0.15
12 16 0.5
16 13 1.0
22 16 0.0166
1 17 0.31
2 17 0.18
5 17 0.33
17 6 0.32
9 17 0.32
10 17 0.18
11 17 0.15
17 22 0.0024
18 1 0.26
18 2 0.4
18 3 0.31
18 4 0.29
18 5 0.28
18 8 0.2
18 9 0.5
18 10 0.42
18 11 0.3
18 12 0.31
18 13 0.2
18 15 0.13
18 16 0.2
18 22 0.0012
1 19 0.23
2 19 0.09
3 19 0.08
4 19 0.12
5 19 0.12
19 8 0.33
9 19 0.3
10 19 0.44
11 19 0.32
12 19 0.17
19 13 0.33
15 19 0.11
19 16 0.33
18 19 0.27
19 22 0.0025
1 20 0.27
20 2 0.81
20 3 0.24
20 4 0.26
5 20 0.46
20 8 0.24
9 20 0.42
10 20 0.57
20 11 0.12
20 12 0.36
20 13 0.24
20 16 0.24
20 17 0.15
18 20 0.5
20 19 0.16
20 22 0.0016
2 21 0.28
3 21 0.25
4 21 0.35
5 21 0.17
21 8 1.0
9 21 0.1
10 21 0.15
12 21 0.5
21 13 1.0
21 16 1.0
18 21 0.2
19 21 0.33
20 21 0.24
22 21 0.0166
