*Vertices  23
1 "LED显示屏"
2 "LCD显示屏"
3 "显示器"
4 "传感器"
5 "单片机"
6 "远光灯"
7 "开关"
8 "LED"
9 "液晶显示模块"
10 "二极管"
11 "三极管"
12 "接收管"
13 "LED光源"
14 "滤光片"
15 "电路板"
16 "GPIO"
17 "芯片"
18 "存储器"
19 "离子"
20 "电阻"
21 "透镜"
22 "蜂鸣器"
23 "摄像机"
*Arcs
23 1 0.0019
2 1 0.29
23 2 0.0081
3 2 0.47
3 23 0.0027
4 2 0.18
4 3 0.17
4 23 0.0021
5 2 0.13
3 5 0.59
4 5 0.35
23 5 0.0025
4 6 0.25
23 6 0.0107
7 2 0.18
7 3 0.06
7 4 0.26
7 5 0.12
7 23 9.0E-4
8 1 0.25
8 2 0.29
8 3 0.3
8 4 0.41
8 5 0.29
8 6 0.1
8 7 0.58
8 23 0.0028
9 2 0.71
3 9 0.5
4 9 0.13
9 5 0.18
7 9 0.17
8 9 0.2
23 9 0.0055
10 2 0.15
10 3 0.19
10 4 0.29
10 5 0.21
10 6 0.15
10 7 0.58
10 8 0.7
10 9 0.15
10 23 0.0028
11 2 0.13
11 3 0.13
11 4 0.09
11 5 0.13
7 11 0.46
8 11 0.27
11 9 0.19
10 11 0.39
11 23 0.0032
12 2 0.2
12 3 0.19
12 4 0.14
12 5 0.2
7 12 0.3
8 12 0.18
12 9 0.29
10 12 0.25
12 11 0.65
12 23 0.0066
13 2 0.11
13 3 0.2
13 5 0.11
7 13 0.05
8 13 0.34
13 9 0.15
10 13 0.31
11 13 0.11
12 13 0.17
13 23 0.0019
14 2 0.2
3 14 0.19
14 5 0.2
7 14 0.1
8 14 0.18
14 9 0.29
10 14 0.25
11 14 0.22
12 14 0.33
13 14 0.52
23 14 0.0064
15 1 0.19
15 2 0.25
3 15 0.31
4 15 0.12
15 5 0.17
7 15 0.12
8 15 0.43
15 9 0.24
10 15 0.24
11 15 0.27
12 15 0.27
13 15 0.21
15 14 0.14
23 15 0.0017
16 2 0.35
3 16 0.33
16 5 0.35
7 16 0.17
8 16 0.1
16 9 0.5
10 16 0.15
11 16 0.38
12 16 0.58
13 16 0.3
16 14 0.58
16 15 0.24
23 16 0.0148
17 1 0.08
17 2 0.36
17 3 0.34
17 4 0.31
17 5 0.29
17 7 0.28
17 8 0.5
17 9 0.41
17 10 0.42
17 11 0.39
17 12 0.35
17 13 0.31
17 14 0.35
17 15 0.38
17 16 0.2
17 23 0.0018
18 2 0.32
18 3 0.15
18 4 0.22
18 5 0.16
18 6 0.45
7 18 0.31
8 18 0.23
18 9 0.45
10 18 0.33
18 11 0.34
18 12 0.52
18 13 0.13
18 14 0.26
18 15 0.11
18 16 0.45
17 18 0.27
18 23 0.0175
19 1 0.29
19 2 0.25
19 3 0.12
8 19 0.29
10 19 0.21
13 19 0.32
19 14 0.41
19 15 0.17
17 19 0.29
19 23 0.0016
20 2 0.26
20 3 0.08
20 4 0.24
20 5 0.26
7 20 0.46
8 20 0.42
20 9 0.24
10 20 0.57
20 11 0.64
20 12 0.42
20 13 0.15
20 14 0.28
20 15 0.17
20 16 0.24
17 20 0.5
20 18 0.33
20 19 0.09
20 23 0.0017
21 4 0.1
21 6 0.41
21 7 0.07
8 21 0.25
10 21 0.18
21 13 0.25
21 14 0.24
21 15 0.19
17 21 0.17
21 18 0.18
21 19 0.14
21 23 0.0042
22 2 0.25
3 22 0.24
4 22 0.18
22 5 0.25
7 22 0.12
8 22 0.14
22 9 0.35
10 22 0.21
11 22 0.27
12 22 0.41
13 22 0.21
22 14 0.41
22 15 0.33
22 16 0.71
17 22 0.29
18 22 0.32
20 22 0.17
22 23 0.0086
