*Vertices  30
1 "LED灯"
2 "电容"
3 "开关"
4 "功率因数校正"
5 "模数转换集成块"
6 "变压器"
7 "发光板"
8 "LED"
9 "二极管"
10 "整流二极管"
11 "稳压二极管"
12 "三极管"
13 "接收管"
14 "转换器"
15 "铝基板"
16 "半导体"
17 "充电电池"
18 "芯片"
19 "充电器"
20 "存储器"
21 "电感"
22 "电极"
23 "电阻"
24 "脉冲信号"
25 "超声波"
26 "检测仪"
27 "扬声器"
28 "发光管"
29 "提示仪"
30 "放大器"
*Arcs
1 30 9.0E-4
1 2 0.35
30 2 0.0034
3 1 0.37
3 2 0.39
3 30 0.0015
1 4 0.14
2 4 0.28
3 4 0.17
30 4 0.0056
1 5 0.14
5 2 0.28
3 5 0.17
30 5 0.0086
1 6 0.31
2 6 0.61
3 6 0.33
6 4 0.32
30 6 0.0011
1 7 0.16
2 7 0.32
3 7 0.2
7 4 0.58
6 7 0.37
30 7 0.0025
8 1 0.73
8 2 0.37
8 3 0.58
8 4 0.1
8 5 0.1
8 6 0.32
8 7 0.18
8 30 7.0E-4
9 1 0.35
9 2 0.45
9 3 0.58
9 4 0.15
9 5 0.15
9 6 0.42
9 7 0.17
9 8 0.7
9 30 0.0013
1 10 0.14
2 10 0.28
3 10 0.17
10 4 1.0
6 10 0.32
7 10 0.58
8 10 0.1
9 10 0.15
30 10 0.0056
1 11 0.23
2 11 0.57
3 11 0.21
11 4 0.41
6 11 0.65
11 7 0.47
8 11 0.25
9 11 0.36
11 10 0.41
30 11 0.0015
1 12 0.21
12 2 0.63
3 12 0.46
12 4 0.38
12 5 0.38
12 6 0.36
12 7 0.44
8 12 0.27
9 12 0.39
12 10 0.38
12 11 0.31
30 12 0.0056
1 13 0.16
13 2 0.32
3 13 0.3
13 5 0.58
8 13 0.18
9 13 0.25
13 12 0.65
30 13 0.0034
1 14 0.07
14 2 0.28
3 14 0.26
14 5 0.5
8 14 0.2
9 14 0.22
14 11 0.2
14 12 0.19
14 13 0.29
30 14 0.0025
1 15 0.31
2 15 0.12
3 15 0.16
15 4 0.45
6 15 0.28
7 15 0.26
8 15 0.23
9 15 0.26
15 10 0.45
11 15 0.18
12 15 0.17
30 15 0.0015
16 1 0.33
16 2 0.21
16 3 0.18
16 5 0.26
16 6 0.33
16 8 0.39
16 9 0.45
16 12 0.2
16 13 0.15
16 14 0.13
16 15 0.35
16 30 9.0E-4
1 17 0.1
17 2 0.39
3 17 0.25
17 5 0.71
8 17 0.14
9 17 0.21
17 12 0.53
17 13 0.41
17 14 0.35
16 17 0.18
17 30 0.0047
18 1 0.26
18 2 0.4
18 3 0.28
18 4 0.2
18 5 0.2
18 6 0.13
18 7 0.12
18 8 0.5
18 9 0.42
18 10 0.2
18 11 0.17
18 12 0.39
18 13 0.35
18 14 0.31
18 15 0.18
18 16 0.42
18 17 0.29
18 30 0.0018
1 19 0.14
19 2 0.28
3 19 0.17
19 5 1.0
8 19 0.1
9 19 0.15
19 12 0.38
19 13 0.58
19 14 0.5
16 19 0.26
19 17 0.71
18 19 0.2
19 30 0.0086
1 20 0.06
20 2 0.12
3 20 0.31
20 5 0.45
8 20 0.23
9 20 0.33
20 11 0.18
20 12 0.34
20 13 0.52
20 14 0.45
16 20 0.12
20 17 0.32
18 20 0.27
20 19 0.45
20 30 0.0021
1 21 0.25
21 2 0.62
3 21 0.39
21 4 0.45
21 5 0.45
21 6 0.57
21 7 0.52
8 21 0.23
9 21 0.33
21 10 0.45
21 11 0.37
21 12 0.68
21 13 0.26
21 14 0.22
21 15 0.2
16 21 0.35
21 17 0.32
18 21 0.18
21 19 0.45
21 20 0.2
21 30 0.0071
22 1 0.17
22 2 0.42
22 3 0.26
22 4 0.3
22 5 0.3
22 6 0.29
22 7 0.35
22 8 0.34
22 9 0.4
22 10 0.3
22 11 0.25
22 12 0.57
22 13 0.35
22 14 0.15
22 15 0.13
22 16 0.54
22 17 0.21
22 18 0.49
22 19 0.3
22 20 0.13
22 21 0.54
22 30 0.0035
1 23 0.27
23 2 0.81
3 23 0.46
23 4 0.24
23 5 0.24
23 6 0.54
23 7 0.28
8 23 0.42
9 23 0.57
23 10 0.24
23 11 0.59
23 12 0.64
23 13 0.42
23 14 0.36
23 15 0.11
16 23 0.25
23 17 0.34
18 23 0.5
23 19 0.24
23 20 0.33
23 21 0.54
22 23 0.44
23 30 0.0028
1 24 0.1
24 2 0.2
3 24 0.12
24 5 0.71
8 24 0.14
9 24 0.21
24 12 0.27
24 13 0.41
24 14 0.35
16 24 0.18
24 17 0.5
18 24 0.14
24 19 0.71
24 20 0.32
24 21 0.32
22 24 0.21
24 23 0.17
24 30 0.0045
1 25 0.14
25 2 0.28
3 25 0.17
25 5 1.0
8 25 0.1
9 25 0.15
25 12 0.38
25 13 0.58
25 14 0.5
16 25 0.26
25 17 0.71
18 25 0.2
25 19 1.0
25 20 0.45
25 21 0.45
22 25 0.3
25 23 0.24
25 24 0.71
25 30 0.0086
1 26 0.1
26 2 0.2
3 26 0.12
26 5 0.71
8 26 0.14
9 26 0.1
26 12 0.27
26 13 0.41
26 14 0.35
16 26 0.18
26 17 0.5
18 26 0.14
26 19 0.71
26 20 0.32
26 21 0.32
22 26 0.21
26 23 0.17
26 24 0.5
26 25 0.71
26 30 0.0045
1 27 0.14
27 2 0.28
3 27 0.17
27 5 1.0
8 27 0.1
9 27 0.15
27 12 0.38
27 13 0.58
27 14 0.5
16 27 0.26
27 17 0.71
18 27 0.2
27 19 1.0
27 20 0.45
27 21 0.45
22 27 0.3
27 23 0.24
27 24 0.71
27 25 1.0
27 26 0.71
27 30 0.0086
1 28 0.32
2 28 0.1
3 28 0.33
28 4 0.38
6 28 0.24
28 7 0.22
8 28 0.27
9 28 0.28
28 10 0.38
11 28 0.15
12 28 0.14
28 15 0.68
16 28 0.29
18 28 0.08
21 28 0.17
22 28 0.11
23 28 0.09
30 28 0.0011
1 29 0.14
29 2 0.28
3 29 0.17
29 5 1.0
8 29 0.1
9 29 0.15
29 12 0.38
29 13 0.58
29 14 0.5
16 29 0.26
29 17 0.71
18 29 0.2
29 19 1.0
29 20 0.45
29 21 0.45
22 29 0.3
29 23 0.24
29 24 0.71
29 25 1.0
29 26 0.71
29 27 1.0
29 30 0.0086
