*Vertices  11
1 "LED灯"
2 "控制器"
3 "开关"
4 "LED"
5 "直流电机"
6 "太阳能"
7 "太阳能电池板"
8 "蓄电池"
9 "转子"
10 "电磁感应"
11 "教具"
*Arcs
1 11 0.0033
1 2 0.18
11 2 0.0127
3 1 0.37
3 2 0.22
3 11 0.0042
4 1 0.73
4 2 0.32
4 3 0.58
4 11 0.0024
1 5 0.14
5 2 0.32
3 5 0.17
4 5 0.1
5 11 0.0938
1 6 0.21
6 2 0.12
3 6 0.2
4 6 0.27
6 5 0.38
6 11 0.0218
1 7 0.21
7 2 0.16
3 7 0.09
4 7 0.2
7 5 0.5
7 6 0.76
7 11 0.033
1 8 0.31
8 2 0.1
3 8 0.33
4 8 0.32
8 5 0.32
8 6 0.72
8 7 0.63
8 11 0.0163
1 9 0.14
9 2 0.32
3 9 0.17
4 9 0.1
9 5 1.0
9 6 0.38
9 7 0.5
8 9 0.32
9 11 0.0938
1 10 0.1
10 2 0.22
3 10 0.12
4 10 0.14
10 5 0.71
10 6 0.27
10 7 0.35
8 10 0.22
10 9 0.71
10 11 0.0535
