*Vertices  37
1 "LED灯"
2 "电容"
3 "装盒机"
4 "聚光杯"
5 "整流器"
6 "工质"
7 "热电分离"
8 "连接管"
9 "组装线"
10 "变压器"
11 "LED"
12 "二极管"
13 "稳压二极管"
14 "玻璃"
15 "通道"
16 "LED灯具散热壳体"
17 "LED光源"
18 "塑料"
19 "电子元器件"
20 "铝基板"
21 "基板"
22 "螺旋管"
23 "聚光碗"
24 "散热片"
25 "电路板"
26 "介质箱"
27 "LED芯片"
28 "芯片"
29 "冷凝器"
30 "Li"
31 "电阻"
32 "交通灯"
33 "散热腔"
34 "基料"
35 "射灯"
36 "碳泡沫"
37 "散热器"
*Arcs
1 37 0.0050
1 2 0.35
2 37 0.0034
1 3 0.1
37 3 0.0016
1 4 0.2
2 4 0.39
37 4 0.0037
1 5 0.29
2 5 0.68
5 4 0.58
37 5 0.0031
1 6 0.14
2 6 0.28
37 6 0.0033
1 7 0.2
2 7 0.2
7 6 0.71
37 7 0.0042
1 8 0.14
2 8 0.28
8 6 1.0
7 8 0.71
37 8 0.0033
9 3 0.71
37 9 0.0013
1 10 0.31
2 10 0.61
10 4 0.45
10 5 0.77
37 10 0.0022
11 1 0.73
11 2 0.37
11 3 0.14
11 4 0.14
11 5 0.25
11 6 0.1
11 7 0.14
11 8 0.1
11 9 0.1
11 10 0.32
11 37 0.0037
12 1 0.35
12 2 0.45
12 4 0.21
12 5 0.36
12 10 0.42
12 11 0.7
12 37 0.0019
1 13 0.23
2 13 0.57
13 4 0.58
13 5 0.67
10 13 0.65
11 13 0.25
12 13 0.36
37 13 0.0031
1 14 0.27
2 14 0.07
14 10 0.08
11 14 0.42
12 14 0.32
37 14 1.0E-4
1 15 0.23
2 15 0.23
15 6 0.41
7 15 0.29
15 8 0.41
11 15 0.25
12 15 0.24
14 15 0.2
37 15 8.0E-4
1 16 0.14
11 16 0.1
37 16 0.0029
1 17 0.3
17 10 0.1
11 17 0.34
12 17 0.31
17 14 0.29
17 15 0.25
37 17 0.0016
1 18 0.36
18 10 0.09
11 18 0.35
12 18 0.21
18 14 0.28
18 15 0.24
18 17 0.17
37 18 2.0E-4
1 19 0.14
2 19 0.28
19 6 1.0
7 19 0.71
19 8 1.0
11 19 0.1
19 15 0.41
37 19 0.0033
1 20 0.31
2 20 0.12
10 20 0.28
11 20 0.23
12 20 0.26
13 20 0.18
15 20 0.18
18 20 0.39
37 20 3.0E-4
1 21 0.29
2 21 0.45
21 4 0.58
21 5 0.5
21 6 0.41
21 7 0.29
21 8 0.41
10 21 0.39
11 21 0.25
12 21 0.18
21 13 0.5
21 15 0.17
21 19 0.41
37 21 0.0060
1 22 0.14
11 22 0.1
12 22 0.15
17 22 0.3
37 22 0.0026
1 23 0.2
2 23 0.39
23 4 1.0
23 5 0.58
10 23 0.45
11 23 0.14
12 23 0.21
23 13 0.58
23 21 0.58
37 23 0.0037
24 1 0.4
24 2 0.09
24 6 0.32
24 7 0.22
24 8 0.32
11 24 0.32
12 24 0.18
24 14 0.15
24 15 0.26
24 17 0.48
24 18 0.18
24 19 0.32
24 20 0.14
24 21 0.26
24 22 0.32
24 37 0.0048
1 25 0.4
2 25 0.13
25 7 0.17
11 25 0.43
12 25 0.24
14 25 0.4
25 15 0.1
17 25 0.21
18 25 0.2
24 25 0.07
37 25 2.0E-4
1 26 0.14
11 26 0.1
12 26 0.15
17 26 0.3
26 22 1.0
24 26 0.32
37 26 0.0026
27 1 0.14
27 2 0.14
27 6 0.5
27 7 0.35
27 8 0.5
27 11 0.2
27 12 0.07
27 15 0.2
27 17 0.15
27 19 0.5
27 21 0.41
27 24 0.16
27 25 0.12
27 37 0.0010
28 1 0.26
28 2 0.4
28 6 0.2
28 7 0.14
28 8 0.2
28 10 0.13
28 11 0.5
28 12 0.42
28 13 0.17
28 14 0.3
28 15 0.25
28 17 0.31
28 18 0.06
28 19 0.2
28 20 0.18
28 21 0.17
28 24 0.13
28 25 0.38
28 27 0.41
28 37 6.0E-4
1 29 0.14
2 29 0.28
29 6 1.0
7 29 0.71
29 8 1.0
11 29 0.1
29 15 0.41
29 19 1.0
21 29 0.41
24 29 0.32
27 29 0.5
28 29 0.2
37 29 0.0033
1 30 0.23
2 30 0.09
10 30 0.11
11 30 0.3
12 30 0.44
14 30 0.32
30 15 0.27
17 30 0.3
18 30 0.29
30 20 0.45
24 30 0.11
25 30 0.16
28 30 0.27
37 30 2.0E-4
1 31 0.27
31 2 0.81
31 4 0.34
31 5 0.59
31 10 0.54
11 31 0.42
12 31 0.57
31 13 0.59
31 14 0.12
31 15 0.3
31 17 0.15
31 20 0.11
31 21 0.3
31 23 0.34
31 25 0.17
28 31 0.5
31 30 0.16
31 37 0.0014
1 32 0.14
11 32 0.1
12 32 0.15
17 32 0.3
32 22 1.0
24 32 0.32
32 26 1.0
37 32 0.0026
1 33 0.24
2 33 0.16
33 6 0.58
33 7 0.82
33 8 0.58
11 33 0.18
33 15 0.24
33 19 0.58
21 33 0.24
24 33 0.18
25 33 0.27
27 33 0.29
28 33 0.12
33 29 0.58
37 33 0.0030
1 34 0.14
11 34 0.1
34 16 1.0
37 34 0.0029
1 35 0.28
2 35 0.28
35 4 0.35
35 5 0.2
10 35 0.16
11 35 0.2
12 35 0.29
35 13 0.2
14 35 0.12
35 15 0.41
18 35 0.29
35 20 0.45
35 21 0.2
35 23 0.35
35 25 0.12
28 35 0.1
35 30 0.33
31 35 0.24
37 35 7.0E-4
1 36 0.14
11 36 0.1
36 16 1.0
36 34 1.0
37 36 0.0029
