*Vertices  16
1 "LED灯"
2 "电容"
3 "工质"
4 "热电分离"
5 "连接管"
6 "LED"
7 "通道"
8 "电子元器件"
9 "基板"
10 "散热片"
11 "散热器"
12 "电路板"
13 "LED芯片"
14 "芯片"
15 "冷凝器"
16 "散热腔"
*Arcs
1 16 0.0045
1 2 0.35
2 16 0.0035
1 3 0.14
2 3 0.28
16 3 0.0323
1 4 0.2
2 4 0.2
4 3 0.71
16 4 0.0415
1 5 0.14
2 5 0.28
5 3 1.0
4 5 0.71
16 5 0.0323
6 1 0.73
6 2 0.37
6 3 0.1
6 4 0.14
6 5 0.1
6 16 0.0028
1 7 0.23
2 7 0.23
7 3 0.41
4 7 0.29
7 5 0.41
6 7 0.25
16 7 0.0067
1 8 0.14
2 8 0.28
8 3 1.0
4 8 0.71
8 5 1.0
6 8 0.1
8 7 0.41
16 8 0.0323
1 9 0.29
2 9 0.45
9 3 0.41
9 4 0.29
9 5 0.41
6 9 0.25
9 7 0.17
9 8 0.41
9 16 0.0071
10 1 0.4
10 2 0.09
10 3 0.32
10 4 0.22
10 5 0.32
6 10 0.32
10 7 0.26
10 8 0.32
10 9 0.26
10 16 0.0043
1 11 0.42
2 11 0.33
11 3 0.3
11 4 0.43
11 5 0.3
6 11 0.34
11 7 0.12
11 8 0.3
11 9 0.49
10 11 0.48
11 16 0.0101
1 12 0.4
2 12 0.13
12 4 0.17
6 12 0.43
12 7 0.1
10 12 0.07
11 12 0.07
12 16 0.0033
13 1 0.14
13 2 0.14
13 3 0.5
13 4 0.35
13 5 0.5
13 6 0.2
13 7 0.2
13 8 0.5
13 9 0.41
13 10 0.16
13 11 0.15
13 12 0.12
13 16 0.0097
14 1 0.26
14 2 0.4
14 3 0.2
14 4 0.14
14 5 0.2
14 6 0.5
14 7 0.25
14 8 0.2
14 9 0.17
14 10 0.13
14 11 0.12
14 12 0.38
14 13 0.41
14 16 0.0020
1 15 0.14
2 15 0.28
15 3 1.0
4 15 0.71
15 5 1.0
6 15 0.1
15 7 0.41
15 8 1.0
9 15 0.41
10 15 0.32
11 15 0.3
13 15 0.5
14 15 0.2
16 15 0.0323
