*Vertices  34
1 "LED灯"
2 "电容"
3 "工质"
4 "开关"
5 "热电分离"
6 "连接管"
7 "装饰层"
8 "LED"
9 "二极管"
10 "玻璃"
11 "通道"
12 "LED光源"
13 "塑料"
14 "电子元器件"
15 "铝基板"
16 "基板"
17 "集热板"
18 "螺旋管"
19 "聚光玻璃罩"
20 "散热器"
21 "密封胶"
22 "电路板"
23 "介质箱"
24 "LED芯片"
25 "芯片"
26 "冷凝器"
27 "光触媒"
28 "Li"
29 "排水槽"
30 "交通灯"
31 "散热腔"
32 "透镜"
33 "插座"
34 "散热片"
*Arcs
34 1 0.0059
1 2 0.35
34 2 6.0E-4
1 3 0.14
2 3 0.28
34 3 0.0043
4 1 0.37
4 2 0.39
34 4 5.0E-4
1 5 0.2
2 5 0.2
5 3 0.71
34 5 0.0026
1 6 0.14
2 6 0.28
6 3 1.0
5 6 0.71
34 6 0.0043
4 7 0.17
34 7 0.0032
8 1 0.73
8 2 0.37
8 3 0.1
8 4 0.58
8 5 0.14
8 6 0.1
8 7 0.1
8 34 0.0044
9 1 0.35
9 2 0.45
9 4 0.58
9 7 0.15
9 8 0.7
9 34 0.0016
1 10 0.27
2 10 0.07
4 10 0.17
10 7 0.24
8 10 0.42
9 10 0.32
34 10 0.0010
1 11 0.23
2 11 0.23
11 3 0.41
4 11 0.07
5 11 0.29
11 6 0.41
8 11 0.25
9 11 0.24
10 11 0.2
34 11 0.0034
1 12 0.3
4 12 0.05
8 12 0.34
9 12 0.31
12 10 0.29
12 11 0.25
34 12 0.0068
1 13 0.36
4 13 0.15
8 13 0.35
9 13 0.21
13 10 0.28
13 11 0.24
13 12 0.17
34 13 0.0011
1 14 0.14
2 14 0.28
14 3 1.0
5 14 0.71
14 6 1.0
8 14 0.1
14 11 0.41
34 14 0.0043
1 15 0.31
2 15 0.12
4 15 0.16
8 15 0.23
9 15 0.26
11 15 0.18
13 15 0.39
34 15 5.0E-4
1 16 0.29
2 16 0.45
16 3 0.41
16 5 0.29
16 6 0.41
8 16 0.25
9 16 0.18
16 11 0.17
16 14 0.41
34 16 0.0036
1 17 0.14
8 17 0.1
16 17 0.41
34 17 0.0017
1 18 0.14
8 18 0.1
9 18 0.15
12 18 0.3
34 18 0.0043
4 19 0.17
19 7 1.0
8 19 0.1
9 19 0.15
10 19 0.24
34 19 0.0032
1 20 0.42
2 20 0.33
20 3 0.3
20 5 0.43
20 6 0.3
8 20 0.34
9 20 0.26
20 10 0.07
20 11 0.12
20 12 0.27
20 13 0.09
20 14 0.3
20 15 0.13
20 16 0.49
20 18 0.3
34 20 0.0070
21 1 0.24
21 4 0.1
8 21 0.18
9 21 0.08
21 10 0.14
21 11 0.24
21 13 0.17
21 15 0.26
21 34 6.0E-4
1 22 0.4
2 22 0.13
4 22 0.12
22 5 0.17
8 22 0.43
9 22 0.24
10 22 0.4
22 11 0.1
12 22 0.21
13 22 0.2
20 22 0.07
21 22 0.14
34 22 3.0E-4
1 23 0.14
8 23 0.1
9 23 0.15
12 23 0.3
23 18 1.0
20 23 0.3
34 23 0.0043
24 1 0.14
24 2 0.14
24 3 0.5
24 5 0.35
24 6 0.5
24 8 0.2
24 9 0.07
24 11 0.2
24 12 0.15
24 14 0.5
24 16 0.41
24 20 0.15
24 22 0.12
24 34 0.0014
25 1 0.26
25 2 0.4
25 3 0.2
25 4 0.28
25 5 0.14
25 6 0.2
25 8 0.5
25 9 0.42
25 10 0.3
25 11 0.25
25 12 0.31
25 13 0.06
25 14 0.2
25 15 0.18
25 16 0.17
25 20 0.12
25 21 0.12
25 22 0.38
25 24 0.41
25 34 8.0E-4
1 26 0.14
2 26 0.28
26 3 1.0
5 26 0.71
26 6 1.0
8 26 0.1
26 11 0.41
26 14 1.0
16 26 0.41
20 26 0.3
24 26 0.5
25 26 0.2
34 26 0.0043
1 27 0.2
8 27 0.14
12 27 0.21
22 27 0.33
34 27 8.0E-4
1 28 0.23
2 28 0.09
4 28 0.12
8 28 0.3
9 28 0.44
10 28 0.32
28 11 0.27
12 28 0.3
13 28 0.29
28 15 0.45
20 28 0.1
21 28 0.19
22 28 0.16
25 28 0.27
34 28 4.0E-4
1 29 0.14
8 29 0.1
11 29 0.41
12 29 0.3
13 29 0.29
34 29 0.0017
1 30 0.14
8 30 0.1
9 30 0.15
12 30 0.3
30 18 1.0
20 30 0.3
30 23 1.0
34 30 0.0043
1 31 0.24
2 31 0.16
31 3 0.58
31 5 0.82
31 6 0.58
8 31 0.18
31 11 0.24
31 14 0.58
16 31 0.24
20 31 0.35
22 31 0.27
24 31 0.29
25 31 0.12
31 26 0.58
34 31 0.0018
32 1 0.23
32 4 0.07
8 32 0.25
9 32 0.18
32 10 0.1
32 12 0.25
32 16 0.17
32 17 0.41
32 21 0.24
32 22 0.19
24 32 0.2
25 32 0.17
32 28 0.27
32 34 0.0022
1 33 0.07
2 33 0.14
4 33 0.26
33 7 0.5
8 33 0.2
9 33 0.22
10 33 0.12
33 19 0.5
25 33 0.1
28 33 0.17
34 33 0.0013
