*Vertices  18
1 "LED灯"
2 "电容"
3 "开关"
4 "功率因数校正"
5 "变压器"
6 "发光板"
7 "LED"
8 "二极管"
9 "稳压二极管"
10 "三极管"
11 "铝基板"
12 "放大器"
13 "芯片"
14 "电感"
15 "电极"
16 "电阻"
17 "发光管"
18 "整流二极管"
*Arcs
1 18 0.0017
1 2 0.35
2 18 0.0056
3 1 0.37
3 2 0.39
3 18 0.0024
1 4 0.14
2 4 0.28
3 4 0.17
18 4 0.0355
1 5 0.31
2 5 0.61
3 5 0.33
5 4 0.32
5 18 0.0066
1 6 0.16
2 6 0.32
3 6 0.2
6 4 0.58
5 6 0.37
6 18 0.0156
7 1 0.73
7 2 0.37
7 3 0.58
7 4 0.1
7 5 0.32
7 6 0.18
7 18 0.0012
8 1 0.35
8 2 0.45
8 3 0.58
8 4 0.15
8 5 0.42
8 6 0.17
8 7 0.7
8 18 0.0022
1 9 0.23
2 9 0.57
3 9 0.21
9 4 0.41
5 9 0.65
9 6 0.47
7 9 0.25
8 9 0.36
9 18 0.0091
1 10 0.21
10 2 0.63
3 10 0.46
10 4 0.38
10 5 0.36
10 6 0.44
7 10 0.27
8 10 0.39
10 9 0.31
10 18 0.0089
1 11 0.31
2 11 0.12
3 11 0.16
11 4 0.45
5 11 0.28
6 11 0.26
7 11 0.23
8 11 0.26
9 11 0.18
10 11 0.17
11 18 0.0099
1 12 0.2
12 2 0.39
3 12 0.25
12 4 0.71
12 5 0.22
12 6 0.41
7 12 0.14
8 12 0.21
12 9 0.29
12 10 0.53
12 11 0.32
12 18 0.0229
13 1 0.26
13 2 0.4
13 3 0.28
13 4 0.2
13 5 0.13
13 6 0.12
13 7 0.5
13 8 0.42
13 9 0.17
13 10 0.39
13 11 0.18
13 12 0.29
13 18 0.0025
1 14 0.25
14 2 0.62
3 14 0.39
14 4 0.45
14 5 0.57
14 6 0.52
7 14 0.23
8 14 0.33
14 9 0.37
14 10 0.68
14 11 0.2
14 12 0.63
13 14 0.18
14 18 0.0119
15 1 0.17
15 2 0.42
15 3 0.26
15 4 0.3
15 5 0.29
15 6 0.35
15 7 0.34
15 8 0.4
15 9 0.25
15 10 0.57
15 11 0.13
15 12 0.43
15 13 0.49
15 14 0.54
15 18 0.0057
1 16 0.27
16 2 0.81
3 16 0.46
16 4 0.24
16 5 0.54
16 6 0.28
7 16 0.42
8 16 0.57
16 9 0.59
16 10 0.64
16 11 0.11
16 12 0.34
13 16 0.5
16 14 0.54
15 16 0.44
16 18 0.0045
1 17 0.32
2 17 0.1
3 17 0.33
17 4 0.38
5 17 0.24
17 6 0.22
7 17 0.27
8 17 0.28
9 17 0.15
10 17 0.14
17 11 0.68
12 17 0.27
13 17 0.08
14 17 0.17
15 17 0.11
16 17 0.09
17 18 0.0073
