*Vertices  26
1 "LED灯"
2 "电容"
3 "容器"
4 "控制器"
5 "聚光杯"
6 "开关"
7 "变压器"
8 "发光板"
9 "LED"
10 "二极管"
11 "稳压二极管"
12 "三极管"
13 "基板"
14 "聚光碗"
15 "散热器"
16 "半导体"
17 "蓄电池"
18 "电抗器"
19 "电感"
20 "电极"
21 "电阻"
22 "射灯"
23 "光电耦合器"
24 "屏幕"
25 "晶体闸流管"
26 "整流器"
*Arcs
1 26 0.0025
1 2 0.35
2 26 0.0111
1 3 0.19
2 3 0.37
26 3 0.0064
1 4 0.18
2 4 0.18
3 4 0.14
26 4 5.0E-4
1 5 0.2
2 5 0.39
26 5 0.0066
6 1 0.37
6 2 0.39
6 3 0.31
6 4 0.22
6 26 0.0015
1 7 0.31
2 7 0.61
7 3 0.42
7 4 0.1
7 5 0.45
6 7 0.33
7 26 0.0132
1 8 0.16
2 8 0.32
3 8 0.26
4 8 0.18
6 8 0.2
7 8 0.37
26 8 0.0016
9 1 0.73
9 2 0.37
9 3 0.23
9 4 0.32
9 5 0.14
9 6 0.58
9 7 0.32
9 8 0.18
9 26 0.0021
10 1 0.35
10 2 0.45
10 3 0.26
10 4 0.14
10 5 0.21
10 6 0.58
10 7 0.42
10 8 0.17
10 9 0.7
10 26 0.0037
1 11 0.23
2 11 0.57
11 3 0.18
11 4 0.26
11 5 0.58
6 11 0.21
7 11 0.65
11 8 0.47
9 11 0.25
10 11 0.36
11 26 0.0098
1 12 0.21
12 2 0.63
12 3 0.34
12 4 0.12
6 12 0.46
12 7 0.36
12 8 0.44
9 12 0.27
10 12 0.39
12 11 0.31
12 26 0.0031
1 13 0.29
2 13 0.45
13 5 0.58
7 13 0.39
9 13 0.25
10 13 0.18
13 11 0.5
13 26 0.0052
1 14 0.2
2 14 0.39
14 5 1.0
7 14 0.45
9 14 0.14
10 14 0.21
14 11 0.58
14 13 0.58
14 26 0.0066
1 15 0.42
2 15 0.33
15 5 0.43
15 7 0.29
9 15 0.34
10 15 0.26
15 11 0.37
15 13 0.49
15 14 0.43
15 26 0.0030
16 1 0.33
16 2 0.21
16 3 0.35
16 6 0.18
16 7 0.33
16 9 0.39
16 10 0.45
16 12 0.2
16 13 0.11
16 26 0.0013
1 17 0.31
2 17 0.18
17 3 0.28
17 4 0.1
6 17 0.33
7 17 0.2
9 17 0.32
10 17 0.18
12 17 0.12
16 17 0.16
26 17 0.0015
1 18 0.2
2 18 0.39
18 3 0.63
6 18 0.25
7 18 0.45
9 18 0.14
10 18 0.21
12 18 0.27
16 18 0.37
18 17 0.45
26 18 0.0058
1 19 0.25
19 2 0.62
19 3 0.6
19 4 0.14
6 19 0.39
19 7 0.57
19 8 0.52
9 19 0.23
10 19 0.33
19 11 0.37
19 12 0.68
16 19 0.35
19 17 0.28
19 18 0.63
19 26 0.0073
20 1 0.17
20 2 0.42
20 3 0.27
20 4 0.19
20 6 0.26
20 7 0.29
20 8 0.35
20 9 0.34
20 10 0.4
20 11 0.25
20 12 0.57
20 13 0.12
20 16 0.54
20 17 0.1
20 18 0.21
20 19 0.54
20 26 0.0021
1 21 0.27
21 2 0.81
21 3 0.33
21 4 0.23
21 5 0.34
6 21 0.46
21 7 0.54
21 8 0.28
9 21 0.42
10 21 0.57
21 11 0.59
21 12 0.64
21 13 0.3
21 14 0.34
21 15 0.22
16 21 0.25
21 17 0.15
21 18 0.34
21 19 0.54
20 21 0.44
21 26 0.0087
1 22 0.28
2 22 0.28
22 5 0.35
6 22 0.09
7 22 0.16
9 22 0.2
10 22 0.29
22 11 0.2
12 22 0.19
22 13 0.2
22 14 0.35
15 22 0.15
16 22 0.26
20 22 0.15
21 22 0.24
22 26 0.0012
2 23 0.28
3 23 0.45
4 23 0.32
6 23 0.17
7 23 0.32
8 23 0.58
9 23 0.1
10 23 0.15
11 23 0.41
12 23 0.38
19 23 0.45
20 23 0.3
21 23 0.24
26 23 0.0029
24 1 0.1
24 2 0.1
24 3 0.16
24 4 0.22
24 6 0.06
24 7 0.11
24 8 0.2
24 9 0.29
24 10 0.1
24 11 0.14
24 12 0.13
24 16 0.18
24 19 0.16
24 20 0.21
24 21 0.09
24 23 0.35
24 26 5.0E-4
1 25 0.14
2 25 0.28
3 25 0.45
6 25 0.17
7 25 0.32
9 25 0.1
10 25 0.15
12 25 0.38
16 25 0.26
17 25 0.32
18 25 0.71
19 25 0.45
20 25 0.3
21 25 0.24
26 25 0.0033
