*Vertices  18
1 "LCD显示屏"
2 "显示器"
3 "传感器"
4 "控制器"
5 "处理器"
6 "单片机"
7 "LED"
8 "液晶显示模块"
9 "塑料"
10 "电动机"
11 "电路板"
12 "SMT"
13 "FFC连接器"
14 "芯片"
15 "驱动模块"
16 "激光"
17 "屏幕"
18 "显示技术"
*Arcs
1 18 0.0053
2 1 0.47
2 18 0.0148
3 1 0.18
3 2 0.17
3 18 0.0026
1 4 0.34
2 4 0.32
3 4 0.32
4 18 0.0136
1 5 0.16
2 5 0.15
3 5 0.56
4 5 0.42
5 18 0.0064
6 1 0.13
2 6 0.59
3 6 0.35
6 4 0.22
6 5 0.16
6 18 0.0042
7 1 0.29
7 2 0.3
7 3 0.41
7 4 0.32
7 5 0.23
7 6 0.29
7 18 0.0022
8 1 0.71
2 8 0.5
3 8 0.13
8 4 0.47
8 5 0.22
8 6 0.18
7 8 0.2
8 18 0.0093
9 2 0.1
9 3 0.14
9 4 0.18
9 5 0.13
9 6 0.1
7 9 0.35
9 18 0.0024
2 10 0.33
3 10 0.25
4 10 0.32
5 10 0.45
6 10 0.35
7 10 0.1
9 10 0.29
18 10 0.0204
11 1 0.25
2 11 0.31
3 11 0.12
11 4 0.15
11 5 0.11
11 6 0.17
7 11 0.43
11 8 0.24
9 11 0.2
11 18 0.0023
1 12 0.5
2 12 0.47
4 12 0.45
7 12 0.14
8 12 0.71
11 12 0.17
12 18 0.0141
1 13 0.35
2 13 0.33
4 13 0.32
7 13 0.1
8 13 0.5
11 13 0.24
13 12 0.71
13 18 0.0185
14 1 0.36
14 2 0.34
14 3 0.31
14 4 0.39
14 5 0.27
14 6 0.29
14 7 0.5
14 8 0.41
14 9 0.06
14 10 0.2
14 11 0.38
14 12 0.29
14 13 0.2
14 18 0.0069
2 15 0.24
3 15 0.18
4 15 0.22
15 5 0.32
6 15 0.25
7 15 0.14
9 15 0.2
15 10 0.71
14 15 0.29
15 18 0.0121
1 16 0.14
2 16 0.27
3 16 0.1
16 4 0.13
16 5 0.18
6 16 0.14
7 16 0.25
9 16 0.12
16 10 0.41
11 16 0.1
14 16 0.33
16 15 0.29
16 18 0.0051
17 1 0.25
17 2 0.24
17 3 0.09
17 4 0.22
17 5 0.16
17 6 0.13
17 7 0.29
17 9 0.2
17 10 0.35
17 11 0.25
17 14 0.22
17 15 0.25
17 16 0.29
17 18 0.0039
