*Vertices  56
1 "LCD显示屏"
2 "LED灯"
3 "光膜"
4 "传感器"
5 "控制器"
6 "处理器"
7 "单片机"
8 "开关"
9 "焊油墨"
10 "引发剂"
11 "硼酸"
12 "显示技术"
13 "网孔板"
14 "变压器"
15 "EP"
16 "LED"
17 "液晶显示模块"
18 "二极管"
19 "三极管"
20 "玻璃"
21 "接收管"
22 "LED光源"
23 "塑料"
24 "缩水甘油"
25 "滤光片"
26 "稀释剂"
27 "电动机"
28 "加热片"
29 "硅橡胶"
30 "半导体"
31 "电路板"
32 "SMT"
33 "ITO"
34 "GPIO"
35 "客户"
36 "摄像机"
37 "含硅"
38 "FPC连接器"
39 "FFC连接器"
40 "芯片"
41 "存储器"
42 "酸盐"
43 "离子"
44 "电极"
45 "电阻"
46 "驱动模块"
47 "丙酮"
48 "激光"
49 "平面板"
50 "检测仪"
51 "屏幕"
52 "瞄准镜"
53 "甲基"
54 "蜂鸣器"
55 "DMA"
56 "显示器"
*Arcs
56 1 0.0035
2 1 0.05
2 56 1.0E-4
1 3 0.35
2 3 0.14
56 3 0.0012
4 1 0.18
2 4 0.21
4 56 7.0E-4
1 5 0.34
2 5 0.18
4 5 0.32
56 5 0.0019
1 6 0.16
2 6 0.13
4 6 0.56
5 6 0.42
56 6 5.0E-4
7 1 0.13
2 7 0.05
4 7 0.35
7 5 0.22
7 6 0.16
56 7 0.0051
8 1 0.18
8 2 0.37
8 4 0.26
8 5 0.22
8 6 0.16
8 7 0.12
8 56 1.0E-4
1 9 0.35
2 9 0.14
9 3 1.0
56 9 0.0012
10 56 0.0010
2 11 0.1
11 10 0.5
11 56 8.0E-4
1 12 0.25
4 12 0.18
5 12 0.45
6 12 0.32
7 12 0.25
56 12 0.0028
7 13 0.35
56 13 7.0E-4
2 14 0.31
14 5 0.1
8 14 0.33
14 10 0.22
14 11 0.22
14 56 2.0E-4
15 10 1.0
15 11 0.5
15 14 0.22
15 56 0.0010
16 1 0.29
16 2 0.73
16 3 0.1
16 4 0.41
16 5 0.32
16 6 0.23
16 7 0.29
16 8 0.58
16 9 0.1
16 10 0.14
16 11 0.14
16 12 0.14
16 13 0.1
16 14 0.32
16 15 0.14
16 56 0.0020
17 1 0.71
4 17 0.13
17 5 0.47
17 6 0.22
17 7 0.18
8 17 0.17
17 12 0.35
16 17 0.2
56 17 0.0037
18 1 0.15
18 2 0.35
18 4 0.29
18 5 0.14
18 6 0.13
18 7 0.21
18 8 0.58
18 10 0.21
18 11 0.1
18 13 0.15
18 14 0.42
18 15 0.21
18 16 0.7
18 17 0.15
18 56 9.0E-4
19 1 0.13
2 19 0.21
19 4 0.09
19 5 0.12
19 7 0.13
8 19 0.46
19 14 0.36
16 19 0.27
19 17 0.19
18 19 0.39
19 56 3.0E-4
2 20 0.27
4 20 0.06
20 7 0.17
8 20 0.17
20 10 0.34
20 11 0.17
20 13 0.24
20 14 0.08
20 15 0.34
16 20 0.42
18 20 0.32
19 20 0.09
20 56 0.0012
21 1 0.2
2 21 0.16
21 4 0.14
21 7 0.2
8 21 0.3
16 21 0.18
21 17 0.29
18 21 0.25
21 19 0.65
21 20 0.14
21 56 6.0E-4
22 1 0.11
2 22 0.3
22 7 0.11
8 22 0.05
22 10 0.21
22 11 0.43
22 14 0.1
22 15 0.21
16 22 0.34
22 17 0.15
18 22 0.31
19 22 0.11
22 20 0.29
21 22 0.17
22 56 6.0E-4
2 23 0.36
23 4 0.14
23 5 0.18
23 6 0.13
23 7 0.1
8 23 0.15
23 12 0.2
23 14 0.09
16 23 0.35
18 23 0.21
23 20 0.28
23 22 0.17
23 56 2.0E-4
24 10 1.0
24 11 0.5
24 14 0.22
24 15 1.0
16 24 0.14
18 24 0.21
24 20 0.34
22 24 0.21
24 56 0.0010
25 1 0.2
25 7 0.2
8 25 0.1
16 25 0.18
25 17 0.29
18 25 0.25
19 25 0.22
20 25 0.28
21 25 0.33
22 25 0.52
56 25 5.0E-4
26 10 1.0
26 11 0.5
26 14 0.22
26 15 1.0
16 26 0.14
18 26 0.21
26 20 0.34
22 26 0.21
26 24 1.0
26 56 0.0010
4 27 0.25
5 27 0.32
6 27 0.45
7 27 0.35
12 27 0.71
16 27 0.1
23 27 0.29
56 27 0.0012
1 28 0.35
5 28 0.32
16 28 0.1
17 28 0.5
56 28 0.0014
2 29 0.1
29 10 0.5
29 11 1.0
29 14 0.22
29 15 0.5
16 29 0.14
18 29 0.1
29 20 0.17
22 29 0.43
29 24 0.5
29 26 0.5
29 56 8.0E-4
30 2 0.33
30 8 0.18
30 10 0.18
30 11 0.37
30 14 0.33
30 15 0.18
30 16 0.39
30 18 0.45
30 19 0.2
30 20 0.25
30 21 0.15
30 22 0.31
30 23 0.22
30 24 0.18
30 25 0.3
30 26 0.18
30 29 0.37
30 56 2.0E-4
31 1 0.25
2 31 0.4
31 3 0.24
4 31 0.12
31 5 0.15
31 6 0.11
31 7 0.17
8 31 0.12
31 9 0.24
10 31 0.17
11 31 0.17
31 12 0.17
15 31 0.17
16 31 0.43
31 17 0.24
18 31 0.24
19 31 0.27
20 31 0.4
21 31 0.27
22 31 0.21
23 31 0.2
24 31 0.17
31 25 0.14
26 31 0.17
29 31 0.17
30 31 0.18
56 31 0.0019
1 32 0.5
5 32 0.45
32 12 0.5
16 32 0.14
17 32 0.71
32 28 0.71
31 32 0.17
56 32 0.0030
33 1 0.16
33 5 0.14
33 16 0.23
33 17 0.22
33 18 0.26
33 20 0.22
33 22 0.27
33 25 0.52
33 28 0.45
33 30 0.46
33 32 0.32
33 56 5.0E-4
34 1 0.35
34 7 0.35
8 34 0.17
16 34 0.1
34 17 0.5
18 34 0.15
19 34 0.38
21 34 0.58
22 34 0.3
34 25 0.58
34 31 0.24
56 34 0.0011
1 35 0.2
2 35 0.24
35 3 0.58
4 35 0.29
8 35 0.1
35 9 0.58
16 35 0.18
18 35 0.08
19 35 0.22
20 35 0.14
21 35 0.33
31 35 0.27
56 35 6.0E-4
36 1 0.41
4 36 0.14
36 7 0.2
8 36 0.1
16 36 0.18
36 17 0.29
18 36 0.17
19 36 0.22
21 36 0.33
22 36 0.17
36 25 0.33
36 31 0.14
36 34 0.58
56 36 5.0E-4
37 10 0.71
37 11 0.71
37 14 0.32
37 15 0.71
16 37 0.1
18 37 0.15
37 20 0.24
22 37 0.3
37 24 0.71
37 26 0.71
37 29 0.71
30 37 0.26
37 56 0.0013
1 38 0.35
5 38 0.32
16 38 0.1
17 38 0.5
38 28 1.0
38 32 0.71
33 38 0.45
56 38 0.0014
1 39 0.35
5 39 0.32
39 12 0.71
16 39 0.1
17 39 0.5
31 39 0.24
39 32 0.71
56 39 0.0013
40 1 0.36
40 2 0.26
40 4 0.31
40 5 0.39
40 6 0.27
40 7 0.29
40 8 0.28
40 10 0.29
40 11 0.29
40 12 0.29
40 14 0.13
40 15 0.29
40 16 0.5
40 17 0.41
40 18 0.42
40 19 0.39
40 20 0.3
40 21 0.35
40 22 0.31
40 23 0.06
40 24 0.29
40 25 0.35
40 26 0.29
40 27 0.2
40 28 0.2
40 29 0.29
40 30 0.42
40 31 0.38
40 32 0.29
40 33 0.37
40 34 0.2
40 35 0.12
40 36 0.12
40 37 0.2
40 38 0.2
40 39 0.2
40 56 0.0024
41 1 0.32
2 41 0.06
41 4 0.22
41 5 0.14
41 6 0.2
41 7 0.16
8 41 0.31
16 41 0.23
41 17 0.45
18 41 0.33
41 19 0.34
41 21 0.52
41 22 0.13
41 25 0.26
30 41 0.12
41 31 0.11
41 34 0.45
41 36 0.52
40 41 0.27
41 56 4.0E-4
2 42 0.08
42 10 0.82
42 11 0.82
42 14 0.18
42 15 0.82
16 42 0.18
18 42 0.17
42 20 0.28
22 42 0.35
42 24 0.82
42 26 0.82
42 29 0.82
30 42 0.3
42 31 0.27
42 37 0.58
40 42 0.35
42 56 8.0E-4
43 1 0.25
2 43 0.1
43 10 0.5
43 11 0.25
43 14 0.11
43 15 0.5
16 43 0.29
18 43 0.21
43 20 0.34
22 43 0.32
43 24 0.5
43 25 0.41
43 26 0.5
43 29 0.25
30 43 0.27
43 31 0.17
33 43 0.32
43 36 0.2
43 37 0.35
40 43 0.29
43 42 0.41
43 56 4.0E-4
44 1 0.11
44 2 0.17
44 4 0.08
44 5 0.19
44 8 0.26
44 14 0.29
44 16 0.34
44 17 0.15
44 18 0.4
44 19 0.57
44 20 0.22
44 21 0.35
44 22 0.18
44 25 0.35
44 28 0.3
44 30 0.54
44 31 0.07
44 32 0.21
44 33 0.67
44 35 0.17
44 38 0.3
44 40 0.49
44 41 0.13
44 43 0.21
44 56 3.0E-4
45 1 0.26
2 45 0.27
45 4 0.24
45 5 0.23
45 6 0.11
45 7 0.26
8 45 0.46
45 14 0.54
16 45 0.42
45 17 0.24
18 45 0.57
45 19 0.64
45 20 0.12
45 21 0.42
45 22 0.15
45 25 0.28
30 45 0.25
45 31 0.17
33 45 0.11
45 34 0.24
45 35 0.14
45 36 0.14
40 45 0.5
45 41 0.33
45 43 0.09
44 45 0.44
45 56 2.0E-4
2 46 0.1
4 46 0.18
5 46 0.22
46 6 0.32
7 46 0.25
46 12 0.5
16 46 0.14
23 46 0.2
46 27 0.71
40 46 0.29
56 46 7.0E-4
47 10 1.0
47 11 0.5
47 14 0.22
47 15 1.0
16 47 0.14
18 47 0.21
47 20 0.34
22 47 0.21
47 24 1.0
47 26 1.0
47 29 0.5
30 47 0.18
47 31 0.17
47 37 0.71
40 47 0.29
47 42 0.82
47 43 0.5
47 56 0.0010
1 48 0.14
2 48 0.06
48 3 0.41
4 48 0.1
48 5 0.13
48 6 0.18
7 48 0.14
48 9 0.41
48 12 0.29
16 48 0.25
18 48 0.18
20 48 0.2
22 48 0.25
23 48 0.12
25 48 0.47
48 27 0.41
30 48 0.42
31 48 0.1
33 48 0.55
48 35 0.24
40 48 0.33
43 48 0.29
44 48 0.49
45 48 0.1
48 46 0.29
56 48 0.0012
7 49 0.35
16 49 0.1
18 49 0.15
20 49 0.24
31 49 0.24
56 49 7.0E-4
2 50 0.1
50 4 0.18
50 7 0.25
8 50 0.12
16 50 0.14
18 50 0.1
50 19 0.27
50 21 0.41
30 50 0.18
40 50 0.14
50 41 0.32
44 50 0.21
50 45 0.17
50 56 9.0E-4
51 1 0.25
51 2 0.1
51 3 0.35
51 4 0.09
51 5 0.22
51 6 0.16
51 7 0.13
51 8 0.06
51 9 0.35
51 12 0.25
51 14 0.11
51 16 0.29
51 18 0.1
51 19 0.13
51 20 0.17
51 23 0.2
51 27 0.35
51 30 0.18
51 31 0.25
51 33 0.16
51 35 0.2
51 40 0.22
51 43 0.13
51 44 0.21
51 45 0.09
51 46 0.25
51 48 0.29
51 56 9.0E-4
4 52 0.25
7 52 0.35
16 52 0.1
50 52 0.71
56 52 7.0E-4
2 53 0.08
53 10 0.82
53 11 0.82
53 14 0.18
53 15 0.82
16 53 0.18
18 53 0.17
53 20 0.28
22 53 0.35
53 24 0.82
53 26 0.82
53 29 0.82
30 53 0.3
53 31 0.27
53 37 0.58
40 53 0.35
53 42 1.0
53 43 0.41
53 47 0.82
53 56 8.0E-4
54 1 0.25
2 54 0.1
4 54 0.18
54 5 0.22
54 6 0.32
54 7 0.25
8 54 0.12
16 54 0.14
54 17 0.35
18 54 0.21
19 54 0.27
21 54 0.41
22 54 0.21
54 25 0.41
54 31 0.33
54 34 0.71
54 36 0.41
40 54 0.29
41 54 0.32
45 54 0.17
56 54 7.0E-4
55 10 0.71
55 11 0.71
55 14 0.32
55 15 0.71
16 55 0.1
18 55 0.15
55 20 0.24
22 55 0.3
55 24 0.71
55 26 0.71
55 29 0.71
30 55 0.26
55 37 1.0
40 55 0.2
55 42 0.58
55 43 0.35
55 47 0.71
55 53 0.58
55 56 0.0013
