*Vertices  16
1 "LED灯"
2 "电容"
3 "容器"
4 "整流器"
5 "开关"
6 "变压器"
7 "LED"
8 "二极管"
9 "三极管"
10 "半导体"
11 "蓄电池"
12 "电抗器"
13 "电感"
14 "电极"
15 "电阻"
16 "晶体闸流管"
*Arcs
1 16 0.0025
1 2 0.35
2 16 0.0090
1 3 0.19
2 3 0.37
3 16 0.0172
1 4 0.29
2 4 0.68
4 3 0.55
4 16 0.0152
5 1 0.37
5 2 0.39
5 3 0.31
5 4 0.21
5 16 0.0036
1 6 0.31
2 6 0.61
6 3 0.42
6 4 0.77
5 6 0.33
6 16 0.0106
7 1 0.73
7 2 0.37
7 3 0.23
7 4 0.25
7 5 0.58
7 6 0.32
7 16 0.0018
8 1 0.35
8 2 0.45
8 3 0.26
8 4 0.36
8 5 0.58
8 6 0.42
8 7 0.7
8 16 0.0032
1 9 0.21
9 2 0.63
9 3 0.34
9 4 0.31
5 9 0.46
9 6 0.36
7 9 0.27
8 9 0.39
9 16 0.0115
10 1 0.33
10 2 0.21
10 3 0.35
10 4 0.21
10 5 0.18
10 6 0.33
10 7 0.39
10 8 0.45
10 9 0.2
10 16 0.0063
1 11 0.31
2 11 0.18
11 3 0.28
4 11 0.26
5 11 0.33
6 11 0.2
7 11 0.32
8 11 0.18
9 11 0.12
10 11 0.16
11 16 0.0082
1 12 0.2
2 12 0.39
12 3 0.63
4 12 0.58
5 12 0.25
6 12 0.45
7 12 0.14
8 12 0.21
9 12 0.27
10 12 0.37
12 11 0.45
12 16 0.0313
1 13 0.25
13 2 0.62
13 3 0.6
13 4 0.55
5 13 0.39
13 6 0.57
7 13 0.23
8 13 0.33
13 9 0.68
10 13 0.35
13 11 0.28
13 12 0.63
13 16 0.0186
14 1 0.17
14 2 0.42
14 3 0.27
14 4 0.25
14 5 0.26
14 6 0.29
14 7 0.34
14 8 0.4
14 9 0.57
14 10 0.54
14 11 0.1
14 12 0.21
14 13 0.54
14 16 0.0075
1 15 0.27
15 2 0.81
15 3 0.33
15 4 0.59
5 15 0.46
15 6 0.54
7 15 0.42
8 15 0.57
15 9 0.64
10 15 0.25
15 11 0.15
15 12 0.34
15 13 0.54
14 15 0.44
15 16 0.0071
