*Vertices  27
1 "显示器"
2 "LED灯"
3 "电容"
4 "传感器"
5 "单片机"
6 "开关"
7 "模数转换集成块"
8 "LED"
9 "二极管"
10 "三极管"
11 "接收管"
12 "转换器"
13 "放大器"
14 "半导体"
15 "充电电池"
16 "芯片"
17 "充电器"
18 "存储器"
19 "电感"
20 "电极"
21 "电阻"
22 "脉冲信号"
23 "超声波"
24 "瞄准镜"
25 "扬声器"
26 "提示仪"
27 "检测仪"
*Arcs
27 1 0.0019
2 1 0.05
2 27 4.0E-4
2 3 0.35
27 3 0.0018
4 1 0.17
2 4 0.21
3 4 0.14
27 4 0.0012
1 5 0.59
2 5 0.05
3 5 0.2
4 5 0.35
27 5 0.0021
6 1 0.06
6 2 0.37
6 3 0.39
6 4 0.26
6 5 0.12
6 27 8.0E-4
2 7 0.14
7 3 0.28
6 7 0.17
27 7 0.0144
8 1 0.3
8 2 0.73
8 3 0.37
8 4 0.41
8 5 0.29
8 6 0.58
8 7 0.1
8 27 0.0010
9 1 0.19
9 2 0.35
9 3 0.45
9 4 0.29
9 5 0.21
9 6 0.58
9 7 0.15
9 8 0.7
9 27 7.0E-4
10 1 0.13
2 10 0.21
10 3 0.63
10 4 0.09
10 5 0.13
6 10 0.46
10 7 0.38
8 10 0.27
9 10 0.39
27 10 0.0032
11 1 0.19
2 11 0.16
11 3 0.32
11 4 0.14
11 5 0.2
6 11 0.3
11 7 0.58
8 11 0.18
9 11 0.25
11 10 0.65
27 11 0.0057
2 12 0.07
12 3 0.28
12 4 0.25
12 5 0.18
6 12 0.26
12 7 0.5
8 12 0.2
9 12 0.22
12 10 0.19
12 11 0.29
27 12 0.0041
2 13 0.2
13 3 0.39
6 13 0.25
13 7 0.71
8 13 0.14
9 13 0.21
13 10 0.53
13 11 0.41
13 12 0.35
27 13 0.0080
14 1 0.09
14 2 0.33
14 3 0.21
14 6 0.18
14 7 0.26
14 8 0.39
14 9 0.45
14 10 0.2
14 11 0.15
14 12 0.13
14 13 0.18
14 27 0.0012
2 15 0.1
15 3 0.39
6 15 0.25
15 7 0.71
8 15 0.14
9 15 0.21
15 10 0.53
15 11 0.41
15 12 0.35
15 13 0.5
14 15 0.18
27 15 0.0077
16 1 0.34
16 2 0.26
16 3 0.4
16 4 0.31
16 5 0.29
16 6 0.28
16 7 0.2
16 8 0.5
16 9 0.42
16 10 0.39
16 11 0.35
16 12 0.31
16 13 0.29
16 14 0.42
16 15 0.29
16 27 0.0011
2 17 0.14
17 3 0.28
6 17 0.17
17 7 1.0
8 17 0.1
9 17 0.15
17 10 0.38
17 11 0.58
17 12 0.5
17 13 0.71
14 17 0.26
17 15 0.71
16 17 0.2
27 17 0.0144
18 1 0.15
2 18 0.06
18 3 0.12
18 4 0.22
18 5 0.16
6 18 0.31
18 7 0.45
8 18 0.23
9 18 0.33
18 10 0.34
18 11 0.52
18 12 0.45
18 13 0.32
14 18 0.12
18 15 0.32
16 18 0.27
18 17 0.45
27 18 0.0036
2 19 0.25
19 3 0.62
6 19 0.39
19 7 0.45
8 19 0.23
9 19 0.33
19 10 0.68
19 11 0.26
19 12 0.22
19 13 0.63
14 19 0.35
19 15 0.32
16 19 0.18
19 17 0.45
19 18 0.2
27 19 0.0037
20 1 0.1
20 2 0.17
20 3 0.42
20 4 0.08
20 6 0.26
20 7 0.3
20 8 0.34
20 9 0.4
20 10 0.57
20 11 0.35
20 12 0.15
20 13 0.43
20 14 0.54
20 15 0.21
20 16 0.49
20 17 0.3
20 18 0.13
20 19 0.54
20 27 0.0018
21 1 0.08
2 21 0.27
21 3 0.81
21 4 0.24
21 5 0.26
6 21 0.46
21 7 0.24
8 21 0.42
9 21 0.57
21 10 0.64
21 11 0.42
21 12 0.36
21 13 0.34
14 21 0.25
21 15 0.34
16 21 0.5
21 17 0.24
21 18 0.33
21 19 0.54
20 21 0.44
27 21 0.0015
2 22 0.1
22 3 0.2
22 4 0.18
6 22 0.12
22 7 0.71
8 22 0.14
9 22 0.21
22 10 0.27
22 11 0.41
22 12 0.35
22 13 0.5
14 22 0.18
22 15 0.5
16 22 0.14
22 17 0.71
22 18 0.32
22 19 0.32
20 22 0.21
22 21 0.17
27 22 0.0076
2 23 0.14
23 3 0.28
6 23 0.17
23 7 1.0
8 23 0.1
9 23 0.15
23 10 0.38
23 11 0.58
23 12 0.5
23 13 0.71
14 23 0.26
23 15 0.71
16 23 0.2
23 17 1.0
23 18 0.45
23 19 0.45
20 23 0.3
23 21 0.24
23 22 0.71
27 23 0.0144
1 24 0.33
4 24 0.25
5 24 0.35
8 24 0.1
27 24 0.0059
2 25 0.14
25 3 0.28
6 25 0.17
25 7 1.0
8 25 0.1
9 25 0.15
25 10 0.38
25 11 0.58
25 12 0.5
25 13 0.71
14 25 0.26
25 15 0.71
16 25 0.2
25 17 1.0
25 18 0.45
25 19 0.45
20 25 0.3
25 21 0.24
25 22 0.71
25 23 1.0
25 27 0.0144
2 26 0.14
26 3 0.28
6 26 0.17
26 7 1.0
8 26 0.1
9 26 0.15
26 10 0.38
26 11 0.58
26 12 0.5
26 13 0.71
14 26 0.26
26 15 0.71
16 26 0.2
26 17 1.0
26 18 0.45
26 19 0.45
20 26 0.3
26 21 0.24
26 22 0.71
26 23 1.0
26 25 1.0
26 27 0.0144
