*Vertices  23
1 "LED灯"
2 "电容"
3 "开关"
4 "LED"
5 "二极管"
6 "三极管"
7 "接收管"
8 "转换器"
9 "放大器"
10 "半导体"
11 "充电电池"
12 "芯片"
13 "充电器"
14 "存储器"
15 "电感"
16 "电极"
17 "电阻"
18 "脉冲信号"
19 "超声波"
20 "检测仪"
21 "扬声器"
22 "提示仪"
23 "模数转换集成块"
*Arcs
1 23 6.0E-4
1 2 0.35
23 2 0.0025
3 1 0.37
3 2 0.39
3 23 0.0011
4 1 0.73
4 2 0.37
4 3 0.58
4 23 5.0E-4
5 1 0.35
5 2 0.45
5 3 0.58
5 4 0.7
5 23 9.0E-4
1 6 0.21
6 2 0.63
3 6 0.46
4 6 0.27
5 6 0.39
6 23 0.0043
1 7 0.16
7 2 0.32
3 7 0.3
4 7 0.18
5 7 0.25
7 6 0.65
7 23 0.0078
1 8 0.07
8 2 0.28
3 8 0.26
4 8 0.2
5 8 0.22
8 6 0.19
8 7 0.29
8 23 0.0057
1 9 0.2
9 2 0.39
3 9 0.25
4 9 0.14
5 9 0.21
9 6 0.53
9 7 0.41
9 8 0.35
9 23 0.0112
10 1 0.33
10 2 0.21
10 3 0.18
10 4 0.39
10 5 0.45
10 6 0.2
10 7 0.15
10 8 0.13
10 9 0.18
10 23 0.0017
1 11 0.1
11 2 0.39
3 11 0.25
4 11 0.14
5 11 0.21
11 6 0.53
11 7 0.41
11 8 0.35
11 9 0.5
10 11 0.18
11 23 0.0108
12 1 0.26
12 2 0.4
12 3 0.28
12 4 0.5
12 5 0.42
12 6 0.39
12 7 0.35
12 8 0.31
12 9 0.29
12 10 0.42
12 11 0.29
12 23 0.0014
1 13 0.14
13 2 0.28
3 13 0.17
4 13 0.1
5 13 0.15
13 6 0.38
13 7 0.58
13 8 0.5
13 9 0.71
10 13 0.26
13 11 0.71
12 13 0.2
13 23 0.0201
1 14 0.06
14 2 0.12
3 14 0.31
4 14 0.23
5 14 0.33
14 6 0.34
14 7 0.52
14 8 0.45
14 9 0.32
10 14 0.12
14 11 0.32
12 14 0.27
14 13 0.45
14 23 0.0048
1 15 0.25
15 2 0.62
3 15 0.39
4 15 0.23
5 15 0.33
15 6 0.68
15 7 0.26
15 8 0.22
15 9 0.63
10 15 0.35
15 11 0.32
12 15 0.18
15 13 0.45
15 14 0.2
15 23 0.0051
16 1 0.17
16 2 0.42
16 3 0.26
16 4 0.34
16 5 0.4
16 6 0.57
16 7 0.35
16 8 0.15
16 9 0.43
16 10 0.54
16 11 0.21
16 12 0.49
16 13 0.3
16 14 0.13
16 15 0.54
16 23 0.0025
1 17 0.27
17 2 0.81
3 17 0.46
4 17 0.42
5 17 0.57
17 6 0.64
17 7 0.42
17 8 0.36
17 9 0.34
10 17 0.25
17 11 0.34
12 17 0.5
17 13 0.24
17 14 0.33
17 15 0.54
16 17 0.44
17 23 0.0021
1 18 0.1
18 2 0.2
3 18 0.12
4 18 0.14
5 18 0.21
18 6 0.27
18 7 0.41
18 8 0.35
18 9 0.5
10 18 0.18
18 11 0.5
12 18 0.14
18 13 0.71
18 14 0.32
18 15 0.32
16 18 0.21
18 17 0.17
18 23 0.0107
1 19 0.14
19 2 0.28
3 19 0.17
4 19 0.1
5 19 0.15
19 6 0.38
19 7 0.58
19 8 0.5
19 9 0.71
10 19 0.26
19 11 0.71
12 19 0.2
19 13 1.0
19 14 0.45
19 15 0.45
16 19 0.3
19 17 0.24
19 18 0.71
19 23 0.0201
1 20 0.1
20 2 0.2
3 20 0.12
4 20 0.14
5 20 0.1
20 6 0.27
20 7 0.41
20 8 0.35
20 9 0.5
10 20 0.18
20 11 0.5
12 20 0.14
20 13 0.71
20 14 0.32
20 15 0.32
16 20 0.21
20 17 0.17
20 18 0.5
20 19 0.71
20 23 0.0106
1 21 0.14
21 2 0.28
3 21 0.17
4 21 0.1
5 21 0.15
21 6 0.38
21 7 0.58
21 8 0.5
21 9 0.71
10 21 0.26
21 11 0.71
12 21 0.2
21 13 1.0
21 14 0.45
21 15 0.45
16 21 0.3
21 17 0.24
21 18 0.71
21 19 1.0
21 20 0.71
21 23 0.0201
1 22 0.14
22 2 0.28
3 22 0.17
4 22 0.1
5 22 0.15
22 6 0.38
22 7 0.58
22 8 0.5
22 9 0.71
10 22 0.26
22 11 0.71
12 22 0.2
22 13 1.0
22 14 0.45
22 15 0.45
16 22 0.3
22 17 0.24
22 18 0.71
22 19 1.0
22 20 0.71
22 21 1.0
22 23 0.0201
