*Vertices  34
1 "LCD显示屏"
2 "显示器"
3 "传感器"
4 "控制器"
5 "处理器"
6 "单片机"
7 "开关"
8 "显示技术"
9 "定时器"
10 "LED"
11 "二极管"
12 "稳压二极管"
13 "三极管"
14 "接收管"
15 "LED光源"
16 "转换器"
17 "滤光片"
18 "加热片"
19 "电路板"
20 "SMT"
21 "ITO"
22 "GPIO"
23 "摄像机"
24 "锂电池"
25 "FPC连接器"
26 "FFC连接器"
27 "芯片"
28 "存储器"
29 "电极"
30 "电阻"
31 "读取器"
32 "信息卡"
33 "蜂鸣器"
34 "液晶显示模块"
*Arcs
34 1 0.0104
2 1 0.47
2 34 0.0057
3 1 0.18
3 2 0.17
3 34 7.0E-4
1 4 0.34
2 4 0.32
3 4 0.32
34 4 0.0057
1 5 0.16
2 5 0.15
3 5 0.56
4 5 0.42
34 5 0.0015
6 1 0.13
2 6 0.59
3 6 0.35
6 4 0.22
6 5 0.16
34 6 8.0E-4
7 1 0.18
7 2 0.06
7 3 0.26
7 4 0.22
7 5 0.16
7 6 0.12
7 34 8.0E-4
1 8 0.25
2 8 0.47
3 8 0.18
4 8 0.45
5 8 0.32
6 8 0.25
34 8 0.0027
1 9 0.35
3 9 0.25
4 9 0.32
5 9 0.45
7 9 0.17
34 9 0.0043
10 1 0.29
10 2 0.3
10 3 0.41
10 4 0.32
10 5 0.23
10 6 0.29
10 7 0.58
10 8 0.14
10 9 0.1
10 34 0.0015
11 1 0.15
11 2 0.19
11 3 0.29
11 4 0.14
11 5 0.13
11 6 0.21
11 7 0.58
11 9 0.15
11 10 0.7
11 34 8.0E-4
12 1 0.14
3 12 0.1
12 4 0.26
12 5 0.18
7 12 0.21
12 9 0.41
10 12 0.25
11 12 0.36
12 34 9.0E-4
13 1 0.13
13 2 0.13
13 3 0.09
13 4 0.12
13 6 0.13
7 13 0.46
10 13 0.27
11 13 0.39
13 12 0.31
13 34 9.0E-4
14 1 0.2
14 2 0.19
14 3 0.14
14 6 0.2
7 14 0.3
10 14 0.18
11 14 0.25
14 13 0.65
14 34 0.0016
15 1 0.11
15 2 0.2
15 6 0.11
7 15 0.05
10 15 0.34
11 15 0.31
13 15 0.11
14 15 0.17
15 34 5.0E-4
16 1 0.35
16 3 0.25
16 4 0.16
16 5 0.22
16 6 0.18
7 16 0.26
16 9 0.5
10 16 0.2
11 16 0.22
16 12 0.2
16 13 0.19
16 14 0.29
16 34 0.0015
17 1 0.2
2 17 0.19
17 6 0.2
7 17 0.1
10 17 0.18
11 17 0.25
13 17 0.22
14 17 0.33
15 17 0.52
17 34 0.0015
1 18 0.35
2 18 0.33
4 18 0.32
10 18 0.1
34 18 0.0046
19 1 0.25
2 19 0.31
3 19 0.12
19 4 0.15
19 5 0.11
19 6 0.17
7 19 0.12
19 8 0.17
10 19 0.43
11 19 0.24
13 19 0.27
14 19 0.27
15 19 0.21
19 17 0.14
19 34 0.0014
1 20 0.5
2 20 0.47
4 20 0.45
20 8 0.5
10 20 0.14
20 18 0.71
19 20 0.17
34 20 0.0093
21 1 0.16
21 2 0.15
21 4 0.14
21 10 0.23
21 11 0.26
21 15 0.27
21 17 0.52
21 18 0.45
21 20 0.32
21 34 0.0013
22 1 0.35
2 22 0.33
22 6 0.35
7 22 0.17
10 22 0.1
11 22 0.15
13 22 0.38
14 22 0.58
15 22 0.3
22 17 0.58
22 19 0.24
22 34 0.0035
23 1 0.41
2 23 0.19
3 23 0.14
23 6 0.2
7 23 0.1
10 23 0.18
11 23 0.17
13 23 0.22
14 23 0.33
15 23 0.17
23 17 0.33
23 19 0.14
23 22 0.58
23 34 0.0015
1 24 0.25
3 24 0.35
4 24 0.45
24 5 0.63
7 24 0.12
24 9 0.71
10 24 0.14
11 24 0.21
12 24 0.29
16 24 0.35
19 24 0.17
34 24 0.0028
1 25 0.35
2 25 0.33
4 25 0.32
10 25 0.1
25 18 1.0
25 20 0.71
21 25 0.45
34 25 0.0046
1 26 0.35
2 26 0.33
4 26 0.32
26 8 0.71
10 26 0.1
19 26 0.24
26 20 0.71
34 26 0.0037
27 1 0.36
27 2 0.34
27 3 0.31
27 4 0.39
27 5 0.27
27 6 0.29
27 7 0.28
27 8 0.29
27 9 0.2
27 10 0.5
27 11 0.42
27 12 0.17
27 13 0.39
27 14 0.35
27 15 0.31
27 16 0.31
27 17 0.35
27 18 0.2
27 19 0.38
27 20 0.29
27 21 0.37
27 22 0.2
27 23 0.12
27 24 0.29
27 25 0.2
27 26 0.2
27 34 0.0045
28 1 0.32
28 2 0.15
28 3 0.22
28 4 0.14
28 5 0.2
28 6 0.16
7 28 0.31
28 9 0.45
10 28 0.23
11 28 0.33
28 12 0.18
28 13 0.34
28 14 0.52
28 15 0.13
28 16 0.45
28 17 0.26
28 19 0.11
28 22 0.45
28 23 0.52
28 24 0.32
27 28 0.27
28 34 0.0041
29 1 0.11
29 2 0.1
29 3 0.08
29 4 0.19
29 7 0.26
29 10 0.34
29 11 0.4
29 12 0.25
29 13 0.57
29 14 0.35
29 15 0.18
29 16 0.15
29 17 0.35
29 18 0.3
29 19 0.07
29 20 0.21
29 21 0.67
29 25 0.3
29 27 0.49
29 28 0.13
29 34 8.0E-4
30 1 0.26
30 2 0.08
30 3 0.24
30 4 0.23
30 5 0.11
30 6 0.26
7 30 0.46
30 9 0.24
10 30 0.42
11 30 0.57
30 12 0.59
30 13 0.64
30 14 0.42
30 15 0.15
30 16 0.36
30 17 0.28
30 19 0.17
21 30 0.11
30 22 0.24
30 23 0.14
30 24 0.17
27 30 0.5
30 28 0.33
29 30 0.44
30 34 0.0015
1 31 0.35
3 31 0.25
4 31 0.32
5 31 0.45
7 31 0.17
31 9 1.0
10 31 0.1
11 31 0.15
12 31 0.41
16 31 0.5
24 31 0.71
27 31 0.2
28 31 0.45
30 31 0.24
34 31 0.0043
1 32 0.25
3 32 0.18
4 32 0.22
5 32 0.32
7 32 0.12
32 9 0.71
10 32 0.14
11 32 0.21
12 32 0.29
16 32 0.35
24 32 0.5
27 32 0.14
28 32 0.32
30 32 0.17
32 31 0.71
34 32 0.0024
33 1 0.25
2 33 0.24
3 33 0.18
33 4 0.22
33 5 0.32
33 6 0.25
7 33 0.12
10 33 0.14
11 33 0.21
13 33 0.27
14 33 0.41
15 33 0.21
33 17 0.41
33 19 0.33
33 22 0.71
33 23 0.41
33 24 0.5
27 33 0.29
28 33 0.32
30 33 0.17
33 34 0.0023
