*Vertices  41
1 "衬底"
2 "滤波片"
3 "光纤"
4 "III-V族半导体材料"
5 "GAN"
6 "PD"
7 "LED外延片"
8 "外延片"
9 "外延"
10 "LED"
11 "二极管"
12 "玻璃"
13 "通道"
14 "LED光源"
15 "腐蚀液"
16 "滤光片"
17 "光刻胶"
18 "SiO2"
19 "半导体"
20 "Al2O3"
21 "GaAs"
22 "MQW"
23 "ITO"
24 "光子晶体"
25 "LED芯片"
26 "芯片"
27 "金属层"
28 "电流扩展层"
29 "Li"
30 "离子"
31 "电极"
32 "电阻"
33 "光子晶体谐振腔"
34 "激光"
35 "MOCVD"
36 "干法刻蚀"
37 "屏幕"
38 "透镜"
39 "反射层"
40 "激发光"
41 "湿法刻蚀"
*Arcs
41 1 0.0038
1 2 0.63
41 2 0.0041
1 3 0.52
3 2 0.82
41 3 0.0028
1 4 0.63
4 2 1.0
3 4 0.82
41 4 0.0041
1 5 0.63
5 2 1.0
3 5 0.82
5 4 1.0
41 5 0.0041
1 6 0.63
6 2 1.0
3 6 0.82
6 4 1.0
6 5 1.0
41 6 0.0041
7 1 0.45
41 7 0.0014
8 1 0.77
8 2 0.82
8 3 0.67
8 4 0.82
8 5 0.82
8 6 0.82
8 7 0.58
41 8 0.0056
9 1 1.0
9 2 0.63
9 3 0.52
9 4 0.63
9 5 0.63
9 6 0.63
9 7 0.45
9 8 0.77
41 9 0.0038
10 1 0.23
10 2 0.14
10 3 0.18
10 4 0.14
10 5 0.14
10 6 0.14
10 7 0.1
10 8 0.18
10 9 0.23
41 10 3.0E-4
11 1 0.26
11 2 0.21
11 3 0.25
11 4 0.21
11 5 0.21
11 6 0.21
11 7 0.15
11 8 0.25
11 9 0.26
11 10 0.7
41 11 5.0E-4
1 12 0.22
12 2 0.34
3 12 0.28
12 4 0.34
12 5 0.34
12 6 0.34
8 12 0.28
9 12 0.22
10 12 0.42
11 12 0.32
41 12 5.0E-4
1 13 0.18
13 2 0.29
3 13 0.24
13 4 0.29
13 5 0.29
13 6 0.29
8 13 0.24
9 13 0.18
10 13 0.25
11 13 0.24
12 13 0.2
41 13 4.0E-4
1 14 0.27
14 2 0.43
14 3 0.35
14 4 0.43
14 5 0.43
14 6 0.43
8 14 0.35
9 14 0.27
10 14 0.34
11 14 0.31
14 12 0.29
14 13 0.25
41 14 8.0E-4
15 1 0.45
15 7 1.0
15 8 0.58
15 9 0.45
15 10 0.1
15 11 0.15
41 15 0.0014
1 16 0.52
16 2 0.82
3 16 0.67
16 4 0.82
16 5 0.82
16 6 0.82
8 16 0.67
9 16 0.52
10 16 0.18
11 16 0.25
12 16 0.28
16 13 0.24
14 16 0.52
41 16 0.0028
17 1 0.45
17 7 1.0
17 8 0.58
17 9 0.45
17 10 0.1
17 11 0.15
17 15 1.0
41 17 0.0014
18 1 0.67
18 2 0.71
18 3 0.58
18 4 0.71
18 5 0.71
18 6 0.71
18 7 0.5
18 8 0.87
18 9 0.67
18 10 0.2
18 11 0.22
18 12 0.36
18 13 0.2
18 14 0.3
18 15 0.5
18 16 0.58
18 17 0.5
41 18 0.0043
19 1 0.58
19 2 0.37
19 3 0.3
19 4 0.37
19 5 0.37
19 6 0.37
19 7 0.26
19 8 0.45
19 9 0.58
19 10 0.39
19 11 0.45
19 12 0.25
19 13 0.21
19 14 0.31
19 15 0.26
19 16 0.3
19 17 0.26
19 18 0.39
41 19 0.0014
1 20 0.89
20 2 0.71
3 20 0.58
20 4 0.71
20 5 0.71
20 6 0.71
8 20 0.58
9 20 0.89
10 20 0.2
11 20 0.22
12 20 0.24
20 13 0.2
14 20 0.3
16 20 0.58
18 20 0.5
19 20 0.52
41 20 0.0025
1 21 0.77
21 2 0.82
3 21 0.67
21 4 0.82
21 5 0.82
21 6 0.82
8 21 0.67
9 21 0.77
10 21 0.18
11 21 0.17
12 21 0.28
13 21 0.24
14 21 0.35
16 21 0.67
18 21 0.58
19 21 0.45
20 21 0.87
41 21 0.0030
1 22 0.63
22 2 1.0
3 22 0.82
22 4 1.0
22 5 1.0
22 6 1.0
8 22 0.82
9 22 0.63
10 22 0.14
11 22 0.21
12 22 0.34
13 22 0.29
14 22 0.43
16 22 0.82
18 22 0.71
19 22 0.37
20 22 0.71
21 22 0.82
41 22 0.0041
23 1 0.8
23 2 0.63
23 3 0.52
23 4 0.63
23 5 0.63
23 6 0.63
23 7 0.45
23 8 0.77
23 9 0.8
23 10 0.23
23 11 0.26
23 12 0.22
23 13 0.18
23 14 0.27
23 15 0.45
23 16 0.52
23 17 0.45
23 18 0.67
23 19 0.46
23 20 0.67
23 21 0.52
23 22 0.63
41 23 0.0036
1 24 0.63
24 2 1.0
3 24 0.82
24 4 1.0
24 5 1.0
24 6 1.0
8 24 0.82
9 24 0.63
10 24 0.14
11 24 0.21
12 24 0.34
13 24 0.29
14 24 0.43
16 24 0.82
18 24 0.71
19 24 0.37
20 24 0.71
21 24 0.82
24 22 1.0
23 24 0.63
41 24 0.0041
25 1 0.45
25 7 0.5
25 8 0.29
25 9 0.45
25 10 0.2
25 11 0.07
25 13 0.2
25 14 0.15
25 15 0.5
25 17 0.5
25 18 0.25
25 19 0.39
25 20 0.25
25 21 0.29
25 23 0.22
41 25 5.0E-4
26 1 0.37
26 2 0.29
26 3 0.24
26 4 0.29
26 5 0.29
26 6 0.29
26 7 0.2
26 8 0.35
26 9 0.37
26 10 0.5
26 11 0.42
26 12 0.3
26 13 0.25
26 14 0.31
26 15 0.2
26 16 0.35
26 17 0.2
26 18 0.31
26 19 0.42
26 20 0.31
26 21 0.35
26 22 0.29
26 23 0.37
26 24 0.29
26 25 0.41
41 26 9.0E-4
27 1 0.89
27 2 0.71
27 3 0.58
27 4 0.71
27 5 0.71
27 6 0.71
27 7 0.5
27 8 0.87
27 9 0.89
27 10 0.2
27 11 0.29
27 12 0.24
27 13 0.2
27 14 0.3
27 15 0.5
27 16 0.58
27 17 0.5
27 18 0.75
27 19 0.52
27 20 0.75
27 21 0.58
27 22 0.71
27 23 0.89
27 24 0.71
27 25 0.25
27 26 0.31
41 27 0.0045
1 28 0.63
28 2 1.0
3 28 0.82
28 4 1.0
28 5 1.0
28 6 1.0
8 28 0.82
9 28 0.63
10 28 0.14
11 28 0.21
12 28 0.34
13 28 0.29
14 28 0.43
16 28 0.82
18 28 0.71
19 28 0.37
20 28 0.71
21 28 0.82
28 22 1.0
23 28 0.63
28 24 1.0
26 28 0.29
27 28 0.71
41 28 0.0041
1 29 0.3
29 2 0.47
3 29 0.38
29 4 0.47
29 5 0.47
29 6 0.47
8 29 0.38
9 29 0.3
10 29 0.3
11 29 0.44
12 29 0.32
29 13 0.27
14 29 0.3
16 29 0.38
18 29 0.33
19 29 0.52
20 29 0.33
29 21 0.38
29 22 0.47
23 29 0.3
29 24 0.47
26 29 0.27
27 29 0.33
29 28 0.47
41 29 0.0010
1 30 0.32
30 2 0.5
3 30 0.41
30 4 0.5
30 5 0.5
30 6 0.5
8 30 0.41
9 30 0.32
10 30 0.29
11 30 0.21
30 12 0.34
30 13 0.14
14 30 0.32
30 16 0.41
18 30 0.35
19 30 0.27
30 20 0.35
30 21 0.41
30 22 0.5
23 30 0.32
30 24 0.5
26 30 0.29
27 30 0.35
30 28 0.5
30 29 0.35
41 30 0.0011
31 1 0.67
31 2 0.43
31 3 0.35
31 4 0.43
31 5 0.43
31 6 0.43
31 7 0.3
31 8 0.52
31 9 0.67
31 10 0.34
31 11 0.4
31 12 0.22
31 13 0.25
31 14 0.18
31 15 0.3
31 16 0.35
31 17 0.3
31 18 0.45
31 19 0.54
31 20 0.6
31 21 0.52
31 22 0.43
31 23 0.67
31 24 0.43
31 25 0.3
31 26 0.49
31 27 0.6
31 28 0.43
31 29 0.2
31 30 0.21
41 31 0.0019
1 32 0.11
32 2 0.17
32 3 0.14
32 4 0.17
32 5 0.17
32 6 0.17
8 32 0.14
9 32 0.11
10 32 0.42
11 32 0.57
32 12 0.12
32 13 0.3
32 14 0.15
32 16 0.28
18 32 0.12
19 32 0.25
32 20 0.12
32 21 0.14
32 22 0.17
23 32 0.11
32 24 0.17
26 32 0.5
27 32 0.12
32 28 0.17
32 29 0.16
32 30 0.09
31 32 0.44
41 32 2.0E-4
1 33 0.63
33 2 1.0
3 33 0.82
33 4 1.0
33 5 1.0
33 6 1.0
8 33 0.82
9 33 0.63
10 33 0.14
11 33 0.21
12 33 0.34
13 33 0.29
14 33 0.43
16 33 0.82
18 33 0.71
19 33 0.37
20 33 0.71
21 33 0.82
33 22 1.0
23 33 0.63
33 24 1.0
26 33 0.29
27 33 0.71
33 28 1.0
29 33 0.47
30 33 0.5
31 33 0.43
32 33 0.17
41 33 0.0041
1 34 0.73
34 2 0.58
3 34 0.47
34 4 0.58
34 5 0.58
34 6 0.58
8 34 0.47
9 34 0.73
10 34 0.25
11 34 0.18
12 34 0.2
34 13 0.17
14 34 0.25
16 34 0.47
18 34 0.41
19 34 0.42
34 20 0.82
34 21 0.71
34 22 0.58
23 34 0.55
34 24 0.58
25 34 0.2
26 34 0.33
27 34 0.61
34 28 0.58
34 29 0.27
30 34 0.29
31 34 0.49
32 34 0.1
34 33 0.58
41 34 0.0017
1 35 0.63
35 2 1.0
3 35 0.82
35 4 1.0
35 5 1.0
35 6 1.0
8 35 0.82
9 35 0.63
10 35 0.14
11 35 0.21
12 35 0.34
13 35 0.29
14 35 0.43
16 35 0.82
18 35 0.71
19 35 0.37
20 35 0.71
21 35 0.82
35 22 1.0
23 35 0.63
35 24 1.0
26 35 0.29
27 35 0.71
35 28 1.0
29 35 0.47
30 35 0.5
31 35 0.43
32 35 0.17
35 33 1.0
34 35 0.58
41 35 0.0041
1 36 0.77
36 2 0.82
3 36 0.67
36 4 0.82
36 5 0.82
36 6 0.82
8 36 0.67
9 36 0.77
10 36 0.18
11 36 0.17
12 36 0.28
13 36 0.24
14 36 0.35
16 36 0.67
18 36 0.58
19 36 0.45
20 36 0.87
36 21 1.0
36 22 0.82
23 36 0.52
36 24 0.82
25 36 0.29
26 36 0.35
27 36 0.58
36 28 0.82
29 36 0.38
30 36 0.41
31 36 0.52
32 36 0.14
36 33 0.82
34 36 0.71
36 35 0.82
41 36 0.0030
37 1 0.16
37 7 0.35
37 8 0.2
37 9 0.16
37 10 0.29
37 11 0.1
37 12 0.17
37 15 0.35
37 17 0.35
37 18 0.35
37 19 0.18
37 23 0.16
37 25 0.18
37 26 0.22
37 27 0.18
37 30 0.13
37 31 0.21
37 32 0.09
37 34 0.29
37 41 2.0E-4
1 38 0.18
38 2 0.29
38 3 0.24
38 4 0.29
38 5 0.29
38 6 0.29
8 38 0.24
9 38 0.18
10 38 0.25
11 38 0.18
38 12 0.1
38 14 0.25
38 16 0.24
18 38 0.2
19 38 0.32
38 20 0.2
38 21 0.24
38 22 0.29
23 38 0.18
38 24 0.29
25 38 0.2
26 38 0.17
27 38 0.2
38 28 0.29
38 29 0.27
38 30 0.14
31 38 0.12
38 33 0.29
38 34 0.17
38 35 0.29
38 36 0.24
41 38 4.0E-4
39 1 0.67
39 7 0.5
39 8 0.29
39 9 0.67
39 10 0.2
39 11 0.15
39 12 0.12
39 15 0.5
39 17 0.5
39 18 0.5
39 19 0.39
39 20 0.5
39 21 0.29
39 23 0.45
39 25 0.5
39 26 0.2
39 27 0.5
39 31 0.45
39 34 0.41
39 36 0.29
39 37 0.35
39 41 6.0E-4
1 40 0.63
40 2 1.0
3 40 0.82
40 4 1.0
40 5 1.0
40 6 1.0
8 40 0.82
9 40 0.63
10 40 0.14
11 40 0.21
12 40 0.34
13 40 0.29
14 40 0.43
16 40 0.82
18 40 0.71
19 40 0.37
20 40 0.71
21 40 0.82
40 22 1.0
23 40 0.63
40 24 1.0
26 40 0.29
27 40 0.71
40 28 1.0
29 40 0.47
30 40 0.5
31 40 0.43
32 40 0.17
40 33 1.0
34 40 0.58
40 35 1.0
36 40 0.82
38 40 0.29
41 40 0.0041
