*Vertices  47
1 "LCD显示屏"
2 "显示器"
3 "衬底"
4 "滤波片"
5 "光纤"
6 "单片机"
7 "开关"
8 "III-V族半导体材料"
9 "GAN"
10 "PD"
11 "外延片"
12 "外延"
13 "LED"
14 "液晶显示模块"
15 "二极管"
16 "三极管"
17 "玻璃"
18 "通道"
19 "接收管"
20 "LED光源"
21 "SiO2"
22 "半导体"
23 "电路板"
24 "Al2O3"
25 "GaAs"
26 "MQW"
27 "ITO"
28 "GPIO"
29 "摄像机"
30 "光子晶体"
31 "芯片"
32 "金属层"
33 "电流扩展层"
34 "存储器"
35 "Li"
36 "离子"
37 "电极"
38 "电阻"
39 "光子晶体谐振腔"
40 "激光"
41 "MOCVD"
42 "湿法刻蚀"
43 "干法刻蚀"
44 "透镜"
45 "蜂鸣器"
46 "激发光"
47 "滤光片"
*Arcs
47 1 2.0E-4
2 1 0.47
2 47 2.0E-4
3 47 0.0021
3 4 0.63
47 4 0.0041
3 5 0.52
5 4 0.82
5 47 0.0028
6 1 0.13
2 6 0.59
47 6 2.0E-4
7 1 0.18
7 2 0.06
7 6 0.12
7 47 1.0E-4
3 8 0.63
8 4 1.0
5 8 0.82
47 8 0.0041
3 9 0.63
9 4 1.0
5 9 0.82
9 8 1.0
47 9 0.0041
3 10 0.63
10 4 1.0
5 10 0.82
10 8 1.0
10 9 1.0
47 10 0.0041
11 3 0.77
11 4 0.82
11 5 0.67
11 8 0.82
11 9 0.82
11 10 0.82
11 47 0.0030
12 3 1.0
12 4 0.63
12 5 0.52
12 8 0.63
12 9 0.63
12 10 0.63
12 11 0.77
12 47 0.0021
13 1 0.29
13 2 0.3
13 3 0.23
13 4 0.14
13 5 0.18
13 6 0.29
13 7 0.58
13 8 0.14
13 9 0.14
13 10 0.14
13 11 0.18
13 12 0.23
13 47 3.0E-4
14 1 0.71
2 14 0.5
14 6 0.18
7 14 0.17
13 14 0.2
47 14 4.0E-4
15 1 0.15
15 2 0.19
15 3 0.26
15 4 0.21
15 5 0.25
15 6 0.21
15 7 0.58
15 8 0.21
15 9 0.21
15 10 0.21
15 11 0.25
15 12 0.26
15 13 0.7
15 14 0.15
15 47 6.0E-4
16 1 0.13
16 2 0.13
16 6 0.13
7 16 0.46
13 16 0.27
16 14 0.19
15 16 0.39
16 47 3.0E-4
17 2 0.24
3 17 0.22
17 4 0.34
5 17 0.28
17 6 0.17
7 17 0.17
17 8 0.34
17 9 0.34
17 10 0.34
11 17 0.28
12 17 0.22
13 17 0.42
15 17 0.32
16 17 0.09
17 47 6.0E-4
3 18 0.18
18 4 0.29
5 18 0.24
7 18 0.07
18 8 0.29
18 9 0.29
18 10 0.29
11 18 0.24
12 18 0.18
13 18 0.25
15 18 0.24
16 18 0.15
17 18 0.2
47 18 4.0E-4
19 1 0.2
19 2 0.19
19 6 0.2
7 19 0.3
13 19 0.18
19 14 0.29
15 19 0.25
19 16 0.65
19 17 0.14
19 18 0.24
19 47 5.0E-4
20 1 0.11
20 2 0.2
3 20 0.27
20 4 0.43
20 5 0.35
20 6 0.11
7 20 0.05
20 8 0.43
20 9 0.43
20 10 0.43
11 20 0.35
12 20 0.27
13 20 0.34
20 14 0.15
15 20 0.31
16 20 0.11
20 17 0.29
20 18 0.25
19 20 0.17
20 47 0.0016
21 3 0.67
21 4 0.71
21 5 0.58
21 8 0.71
21 9 0.71
21 10 0.71
21 11 0.87
21 12 0.67
21 13 0.2
21 15 0.22
21 17 0.36
21 18 0.2
21 20 0.3
21 47 0.0023
22 2 0.09
22 3 0.58
22 4 0.37
22 5 0.3
22 7 0.18
22 8 0.37
22 9 0.37
22 10 0.37
22 11 0.45
22 12 0.58
22 13 0.39
22 15 0.45
22 16 0.2
22 17 0.25
22 18 0.21
22 19 0.15
22 20 0.31
22 21 0.39
22 47 8.0E-4
23 1 0.25
2 23 0.31
23 6 0.17
7 23 0.12
13 23 0.43
23 14 0.24
15 23 0.24
16 23 0.27
17 23 0.4
23 18 0.1
19 23 0.27
20 23 0.21
21 23 0.12
22 23 0.18
23 47 1.0E-4
3 24 0.89
24 4 0.71
5 24 0.58
24 8 0.71
24 9 0.71
24 10 0.71
11 24 0.58
12 24 0.89
13 24 0.2
15 24 0.22
17 24 0.24
24 18 0.2
20 24 0.3
21 24 0.5
22 24 0.52
47 24 0.0024
3 25 0.77
25 4 0.82
5 25 0.67
25 8 0.82
25 9 0.82
25 10 0.82
11 25 0.67
12 25 0.77
13 25 0.18
15 25 0.17
17 25 0.28
18 25 0.24
20 25 0.35
21 25 0.58
22 25 0.45
24 25 0.87
47 25 0.0030
3 26 0.63
26 4 1.0
5 26 0.82
26 8 1.0
26 9 1.0
26 10 1.0
11 26 0.82
12 26 0.63
13 26 0.14
15 26 0.21
17 26 0.34
18 26 0.29
20 26 0.43
21 26 0.71
22 26 0.37
24 26 0.71
25 26 0.82
47 26 0.0041
27 1 0.16
27 2 0.15
27 3 0.8
27 4 0.63
27 5 0.52
27 8 0.63
27 9 0.63
27 10 0.63
27 11 0.77
27 12 0.8
27 13 0.23
27 14 0.22
27 15 0.26
27 17 0.22
27 18 0.18
27 20 0.27
27 21 0.67
27 22 0.46
27 24 0.67
27 25 0.52
27 26 0.63
27 47 0.0020
28 1 0.35
2 28 0.33
28 6 0.35
7 28 0.17
13 28 0.1
28 14 0.5
15 28 0.15
16 28 0.38
19 28 0.58
20 28 0.3
28 23 0.24
28 47 0.0011
29 1 0.41
2 29 0.19
29 6 0.2
7 29 0.1
13 29 0.18
29 14 0.29
15 29 0.17
16 29 0.22
19 29 0.33
20 29 0.17
29 23 0.14
29 28 0.58
29 47 4.0E-4
3 30 0.63
30 4 1.0
5 30 0.82
30 8 1.0
30 9 1.0
30 10 1.0
11 30 0.82
12 30 0.63
13 30 0.14
15 30 0.21
17 30 0.34
18 30 0.29
20 30 0.43
21 30 0.71
22 30 0.37
24 30 0.71
25 30 0.82
30 26 1.0
27 30 0.63
47 30 0.0041
31 1 0.36
31 2 0.34
31 3 0.37
31 4 0.29
31 5 0.24
31 6 0.29
31 7 0.28
31 8 0.29
31 9 0.29
31 10 0.29
31 11 0.35
31 12 0.37
31 13 0.5
31 14 0.41
31 15 0.42
31 16 0.39
31 17 0.3
31 18 0.25
31 19 0.35
31 20 0.31
31 21 0.31
31 22 0.42
31 23 0.38
31 24 0.31
31 25 0.35
31 26 0.29
31 27 0.37
31 28 0.2
31 29 0.12
31 30 0.29
31 47 0.0010
32 3 0.89
32 4 0.71
32 5 0.58
32 8 0.71
32 9 0.71
32 10 0.71
32 11 0.87
32 12 0.89
32 13 0.2
32 15 0.29
32 17 0.24
32 18 0.2
32 20 0.3
32 21 0.75
32 22 0.52
32 24 0.75
32 25 0.58
32 26 0.71
32 27 0.89
32 30 0.71
32 31 0.31
32 47 0.0024
3 33 0.63
33 4 1.0
5 33 0.82
33 8 1.0
33 9 1.0
33 10 1.0
11 33 0.82
12 33 0.63
13 33 0.14
15 33 0.21
17 33 0.34
18 33 0.29
20 33 0.43
21 33 0.71
22 33 0.37
24 33 0.71
25 33 0.82
33 26 1.0
27 33 0.63
33 30 1.0
31 33 0.29
32 33 0.71
47 33 0.0041
34 1 0.32
34 2 0.15
34 6 0.16
7 34 0.31
13 34 0.23
34 14 0.45
15 34 0.33
34 16 0.34
34 19 0.52
34 20 0.13
22 34 0.12
34 23 0.11
34 28 0.45
34 29 0.52
31 34 0.27
34 47 3.0E-4
3 35 0.3
35 4 0.47
5 35 0.38
6 35 0.12
7 35 0.12
35 8 0.47
35 9 0.47
35 10 0.47
11 35 0.38
12 35 0.3
13 35 0.3
15 35 0.44
17 35 0.32
35 18 0.27
20 35 0.3
21 35 0.33
22 35 0.52
23 35 0.16
24 35 0.33
35 25 0.38
35 26 0.47
27 35 0.3
35 30 0.47
31 35 0.27
32 35 0.33
35 33 0.47
47 35 0.0010
36 1 0.25
36 2 0.12
3 36 0.32
36 4 0.5
5 36 0.41
36 8 0.5
36 9 0.5
36 10 0.5
11 36 0.41
12 36 0.32
13 36 0.29
15 36 0.21
36 17 0.34
36 18 0.14
20 36 0.32
21 36 0.35
22 36 0.27
36 23 0.17
36 24 0.35
36 25 0.41
36 26 0.5
27 36 0.32
36 29 0.2
36 30 0.5
31 36 0.29
32 36 0.35
36 33 0.5
36 35 0.35
36 47 0.0012
37 1 0.11
37 2 0.1
37 3 0.67
37 4 0.43
37 5 0.35
37 7 0.26
37 8 0.43
37 9 0.43
37 10 0.43
37 11 0.52
37 12 0.67
37 13 0.34
37 14 0.15
37 15 0.4
37 16 0.57
37 17 0.22
37 18 0.25
37 19 0.35
37 20 0.18
37 21 0.45
37 22 0.54
37 23 0.07
37 24 0.6
37 25 0.52
37 26 0.43
37 27 0.67
37 30 0.43
37 31 0.49
37 32 0.6
37 33 0.43
37 34 0.13
37 35 0.2
37 36 0.21
37 47 0.0011
38 1 0.26
38 2 0.08
3 38 0.11
38 4 0.17
38 5 0.14
38 6 0.26
7 38 0.46
38 8 0.17
38 9 0.17
38 10 0.17
11 38 0.14
12 38 0.11
13 38 0.42
38 14 0.24
15 38 0.57
38 16 0.64
38 17 0.12
38 18 0.3
38 19 0.42
38 20 0.15
21 38 0.12
22 38 0.25
38 23 0.17
38 24 0.12
38 25 0.14
38 26 0.17
27 38 0.11
38 28 0.24
38 29 0.14
38 30 0.17
31 38 0.5
32 38 0.12
38 33 0.17
38 34 0.33
38 35 0.16
38 36 0.09
37 38 0.44
38 47 5.0E-4
3 39 0.63
39 4 1.0
5 39 0.82
39 8 1.0
39 9 1.0
39 10 1.0
11 39 0.82
12 39 0.63
13 39 0.14
15 39 0.21
17 39 0.34
18 39 0.29
20 39 0.43
21 39 0.71
22 39 0.37
24 39 0.71
25 39 0.82
39 26 1.0
27 39 0.63
39 30 1.0
31 39 0.29
32 39 0.71
39 33 1.0
35 39 0.47
36 39 0.5
37 39 0.43
38 39 0.17
47 39 0.0041
1 40 0.14
2 40 0.27
3 40 0.73
40 4 0.58
5 40 0.47
6 40 0.14
40 8 0.58
40 9 0.58
40 10 0.58
11 40 0.47
12 40 0.73
13 40 0.25
15 40 0.18
17 40 0.2
40 18 0.17
20 40 0.25
21 40 0.41
22 40 0.42
23 40 0.1
40 24 0.82
40 25 0.71
40 26 0.58
27 40 0.55
40 30 0.58
31 40 0.33
32 40 0.61
40 33 0.58
40 35 0.27
36 40 0.29
37 40 0.49
38 40 0.1
40 39 0.58
47 40 0.0016
3 41 0.63
41 4 1.0
5 41 0.82
41 8 1.0
41 9 1.0
41 10 1.0
11 41 0.82
12 41 0.63
13 41 0.14
15 41 0.21
17 41 0.34
18 41 0.29
20 41 0.43
21 41 0.71
22 41 0.37
24 41 0.71
25 41 0.82
41 26 1.0
27 41 0.63
41 30 1.0
31 41 0.29
32 41 0.71
41 33 1.0
35 41 0.47
36 41 0.5
37 41 0.43
38 41 0.17
41 39 1.0
40 41 0.58
47 41 0.0041
42 3 0.77
42 4 0.82
42 5 0.67
42 8 0.82
42 9 0.82
42 10 0.82
42 11 1.0
42 12 0.77
42 13 0.18
42 15 0.25
42 17 0.28
42 18 0.24
42 20 0.35
42 21 0.87
42 22 0.45
42 24 0.58
42 25 0.67
42 26 0.82
42 27 0.77
42 30 0.82
42 31 0.35
42 32 0.87
42 33 0.82
42 35 0.38
42 36 0.41
42 37 0.52
42 38 0.14
42 39 0.82
42 40 0.47
42 41 0.82
42 47 0.0030
3 43 0.77
43 4 0.82
5 43 0.67
43 8 0.82
43 9 0.82
43 10 0.82
11 43 0.67
12 43 0.77
13 43 0.18
15 43 0.17
17 43 0.28
18 43 0.24
20 43 0.35
21 43 0.58
22 43 0.45
24 43 0.87
43 25 1.0
43 26 0.82
27 43 0.52
43 30 0.82
31 43 0.35
32 43 0.58
43 33 0.82
35 43 0.38
36 43 0.41
37 43 0.52
38 43 0.14
43 39 0.82
40 43 0.71
43 41 0.82
42 43 0.67
47 43 0.0030
3 44 0.18
44 4 0.29
44 5 0.24
44 7 0.07
44 8 0.29
44 9 0.29
44 10 0.29
11 44 0.24
12 44 0.18
13 44 0.25
15 44 0.18
44 17 0.1
44 20 0.25
21 44 0.2
22 44 0.32
44 23 0.19
44 24 0.2
44 25 0.24
44 26 0.29
27 44 0.18
44 29 0.24
44 30 0.29
31 44 0.17
32 44 0.2
44 33 0.29
44 34 0.18
44 35 0.27
44 36 0.14
37 44 0.12
44 39 0.29
44 40 0.17
44 41 0.29
42 44 0.24
44 43 0.24
44 47 4.0E-4
45 1 0.25
2 45 0.24
45 6 0.25
7 45 0.12
13 45 0.14
45 14 0.35
15 45 0.21
16 45 0.27
19 45 0.41
20 45 0.21
45 23 0.33
45 28 0.71
45 29 0.41
31 45 0.29
34 45 0.32
38 45 0.17
45 47 6.0E-4
3 46 0.63
46 4 1.0
5 46 0.82
46 8 1.0
46 9 1.0
46 10 1.0
11 46 0.82
12 46 0.63
13 46 0.14
15 46 0.21
17 46 0.34
18 46 0.29
20 46 0.43
21 46 0.71
22 46 0.37
24 46 0.71
25 46 0.82
46 26 1.0
27 46 0.63
46 30 1.0
31 46 0.29
32 46 0.71
46 33 1.0
35 46 0.47
36 46 0.5
37 46 0.43
38 46 0.17
46 39 1.0
40 46 0.58
46 41 1.0
42 46 0.82
43 46 0.82
44 46 0.29
47 46 0.0041
