*Vertices  62
1 "LCD显示屏"
2 "显示器"
3 "衬底"
4 "LED灯"
5 "滤波片"
6 "光纤"
7 "光膜"
8 "传感器"
9 "控制器"
10 "处理器"
11 "单片机"
12 "荧光粉"
13 "发光荧光材料"
14 "III-V族半导体材料"
15 "GAN"
16 "保护层"
17 "焊油墨"
18 "PD"
19 "活性层"
20 "显示技术"
21 "外延片"
22 "外延"
23 "LED"
24 "二极管"
25 "玻璃"
26 "通道"
27 "LED光源"
28 "塑料"
29 "基板"
30 "滤光片"
31 "电动机"
32 "SiO2"
33 "半导体"
34 "电路板"
35 "Al2O3"
36 "GaAs"
37 "MQW"
38 "ITO"
39 "键合"
40 "客户"
41 "光子晶体"
42 "LED芯片"
43 "芯片"
44 "金属层"
45 "电流扩展层"
46 "Li"
47 "离子"
48 "电极"
49 "电阻"
50 "基色"
51 "驱动模块"
52 "光子晶体谐振腔"
53 "粘附层"
54 "MOCVD"
55 "湿法刻蚀"
56 "干法刻蚀"
57 "屏幕"
58 "透镜"
59 "透明导电层"
60 "反射层"
61 "激发光"
62 "激光"
*Arcs
1 62 2.0E-4
2 1 0.47
2 62 4.0E-4
3 62 0.0033
4 1 0.05
4 2 0.05
4 62 1.0E-4
3 5 0.63
62 5 0.0022
3 6 0.52
6 5 0.82
6 62 0.0015
1 7 0.35
2 7 0.33
4 7 0.14
62 7 6.0E-4
8 1 0.18
8 2 0.17
4 8 0.21
8 6 0.14
8 62 1.0E-4
1 9 0.34
2 9 0.32
4 9 0.18
8 9 0.32
62 9 1.0E-4
1 10 0.16
2 10 0.15
4 10 0.13
8 10 0.56
9 10 0.42
62 10 1.0E-4
11 1 0.13
2 11 0.59
4 11 0.05
8 11 0.35
11 9 0.22
11 10 0.16
11 62 1.0E-4
3 12 0.32
4 12 0.1
62 12 4.0E-4
3 13 0.26
4 13 0.16
13 12 0.41
62 13 4.0E-4
3 14 0.63
14 5 1.0
6 14 0.82
62 14 0.0022
3 15 0.63
15 5 1.0
6 15 0.82
15 14 1.0
62 15 0.0022
3 16 0.45
16 13 0.58
62 16 8.0E-4
1 17 0.35
2 17 0.33
4 17 0.14
17 7 1.0
62 17 6.0E-4
3 18 0.63
18 5 1.0
6 18 0.82
18 14 1.0
18 15 1.0
62 18 0.0022
3 19 0.45
19 13 0.58
19 16 1.0
62 19 8.0E-4
1 20 0.25
2 20 0.47
8 20 0.18
9 20 0.45
10 20 0.32
11 20 0.25
62 20 3.0E-4
21 3 0.77
21 5 0.82
21 6 0.67
21 14 0.82
21 15 0.82
21 18 0.82
21 62 0.0017
22 3 1.0
22 5 0.63
22 6 0.52
22 12 0.32
22 13 0.26
22 14 0.63
22 15 0.63
22 16 0.45
22 18 0.63
22 19 0.45
22 21 0.77
22 62 0.0033
23 1 0.29
23 2 0.3
23 3 0.23
23 4 0.73
23 5 0.14
23 6 0.18
23 7 0.1
23 8 0.41
23 9 0.32
23 10 0.23
23 11 0.29
23 12 0.14
23 13 0.18
23 14 0.14
23 15 0.14
23 16 0.1
23 17 0.1
23 18 0.14
23 19 0.1
23 20 0.14
23 21 0.18
23 22 0.23
23 62 5.0E-4
24 1 0.15
24 2 0.19
24 3 0.26
24 4 0.35
24 5 0.21
24 6 0.25
24 8 0.29
24 9 0.14
24 10 0.13
24 11 0.21
24 13 0.17
24 14 0.21
24 15 0.21
24 16 0.15
24 18 0.21
24 19 0.15
24 21 0.25
24 22 0.26
24 23 0.7
24 62 3.0E-4
25 2 0.24
3 25 0.22
4 25 0.27
25 5 0.34
6 25 0.28
8 25 0.06
25 11 0.17
25 14 0.34
25 15 0.34
25 18 0.34
21 25 0.28
22 25 0.22
23 25 0.42
24 25 0.32
25 62 3.0E-4
3 26 0.18
4 26 0.23
26 5 0.29
6 26 0.24
8 26 0.1
26 14 0.29
26 15 0.29
26 18 0.29
21 26 0.24
22 26 0.18
23 26 0.25
24 26 0.24
25 26 0.2
62 26 2.0E-4
27 1 0.11
27 2 0.2
3 27 0.27
4 27 0.3
27 5 0.43
27 6 0.35
27 11 0.11
27 12 0.21
27 13 0.17
27 14 0.43
27 15 0.43
27 18 0.43
21 27 0.35
22 27 0.27
23 27 0.34
24 27 0.31
27 25 0.29
27 26 0.25
27 62 5.0E-4
28 2 0.1
4 28 0.36
28 8 0.14
28 9 0.18
28 10 0.13
28 11 0.1
28 20 0.2
23 28 0.35
24 28 0.21
28 25 0.28
28 26 0.24
28 27 0.17
28 62 1.0E-4
3 29 0.18
4 29 0.29
29 12 0.29
22 29 0.18
23 29 0.25
24 29 0.18
29 26 0.17
29 62 1.0E-4
30 1 0.2
2 30 0.19
3 30 0.52
30 5 0.82
6 30 0.67
30 11 0.2
30 14 0.82
30 15 0.82
30 18 0.82
21 30 0.67
22 30 0.52
23 30 0.18
24 30 0.25
25 30 0.28
30 26 0.24
27 30 0.52
30 62 0.0015
2 31 0.33
8 31 0.25
9 31 0.32
10 31 0.45
11 31 0.35
20 31 0.71
23 31 0.1
28 31 0.29
62 31 5.0E-4
32 3 0.67
32 5 0.71
32 6 0.58
32 14 0.71
32 15 0.71
32 18 0.71
32 21 0.87
32 22 0.67
32 23 0.2
32 24 0.22
32 25 0.36
32 26 0.2
32 27 0.3
32 28 0.14
32 30 0.58
32 62 0.0014
33 2 0.09
33 3 0.58
33 4 0.33
33 5 0.37
33 6 0.3
33 12 0.37
33 13 0.45
33 14 0.37
33 15 0.37
33 16 0.26
33 18 0.37
33 19 0.26
33 21 0.45
33 22 0.58
33 23 0.39
33 24 0.45
33 25 0.25
33 26 0.21
33 27 0.31
33 28 0.22
33 29 0.11
33 30 0.3
33 32 0.39
33 62 0.0013
34 1 0.25
2 34 0.31
4 34 0.4
34 7 0.24
8 34 0.12
34 9 0.15
34 10 0.11
34 11 0.17
34 12 0.17
34 13 0.27
34 17 0.24
34 20 0.17
23 34 0.43
24 34 0.24
25 34 0.4
34 26 0.1
27 34 0.21
28 34 0.2
34 30 0.14
32 34 0.12
33 34 0.18
34 62 1.0E-4
3 35 0.89
35 5 0.71
6 35 0.58
35 12 0.35
35 13 0.29
35 14 0.71
35 15 0.71
35 16 0.5
35 18 0.71
35 19 0.5
21 35 0.58
22 35 0.89
23 35 0.2
24 35 0.22
25 35 0.24
35 26 0.2
27 35 0.3
29 35 0.2
30 35 0.58
32 35 0.5
33 35 0.52
62 35 0.0038
3 36 0.77
36 5 0.82
6 36 0.67
12 36 0.41
36 14 0.82
36 15 0.82
36 18 0.82
21 36 0.67
22 36 0.77
23 36 0.18
24 36 0.17
25 36 0.28
26 36 0.24
27 36 0.35
29 36 0.24
30 36 0.67
32 36 0.58
33 36 0.45
35 36 0.87
62 36 0.0029
3 37 0.63
37 5 1.0
6 37 0.82
37 14 1.0
37 15 1.0
37 18 1.0
21 37 0.82
22 37 0.63
23 37 0.14
24 37 0.21
25 37 0.34
26 37 0.29
27 37 0.43
30 37 0.82
32 37 0.71
33 37 0.37
35 37 0.71
36 37 0.82
62 37 0.0022
38 1 0.16
38 2 0.15
38 3 0.8
38 5 0.63
38 6 0.52
38 9 0.14
38 13 0.26
38 14 0.63
38 15 0.63
38 16 0.45
38 18 0.63
38 19 0.45
38 21 0.77
38 22 0.8
38 23 0.23
38 24 0.26
38 25 0.22
38 26 0.18
38 27 0.27
38 30 0.52
38 32 0.67
38 33 0.46
38 35 0.67
38 36 0.52
38 37 0.63
38 62 0.0021
3 39 0.45
12 39 0.71
22 39 0.45
23 39 0.1
29 39 0.41
33 39 0.26
35 39 0.5
39 36 0.58
62 39 6.0E-4
1 40 0.2
2 40 0.19
4 40 0.24
40 7 0.58
8 40 0.29
40 17 0.58
23 40 0.18
24 40 0.08
25 40 0.14
40 26 0.24
34 40 0.27
62 40 3.0E-4
3 41 0.63
41 5 1.0
6 41 0.82
41 14 1.0
41 15 1.0
41 18 1.0
21 41 0.82
22 41 0.63
23 41 0.14
24 41 0.21
25 41 0.34
26 41 0.29
27 41 0.43
30 41 0.82
32 41 0.71
33 41 0.37
35 41 0.71
36 41 0.82
41 37 1.0
38 41 0.63
62 41 0.0022
42 3 0.45
42 4 0.14
42 12 0.71
42 13 0.29
42 21 0.29
42 22 0.45
42 23 0.2
42 24 0.07
42 26 0.2
42 27 0.15
42 29 0.41
42 32 0.25
42 33 0.39
42 34 0.12
42 35 0.25
42 36 0.29
42 38 0.22
42 39 0.5
42 62 3.0E-4
43 1 0.36
43 2 0.34
43 3 0.37
43 4 0.26
43 5 0.29
43 6 0.24
43 8 0.31
43 9 0.39
43 10 0.27
43 11 0.29
43 12 0.29
43 13 0.12
43 14 0.29
43 15 0.29
43 18 0.29
43 20 0.29
43 21 0.35
43 22 0.37
43 23 0.5
43 24 0.42
43 25 0.3
43 26 0.25
43 27 0.31
43 28 0.06
43 29 0.17
43 30 0.35
43 31 0.2
43 32 0.31
43 33 0.42
43 34 0.38
43 35 0.31
43 36 0.35
43 37 0.29
43 38 0.37
43 39 0.2
43 40 0.12
43 41 0.29
43 42 0.41
43 62 9.0E-4
44 3 0.89
44 5 0.71
44 6 0.58
44 13 0.29
44 14 0.71
44 15 0.71
44 16 0.5
44 18 0.71
44 19 0.5
44 21 0.87
44 22 0.89
44 23 0.2
44 24 0.29
44 25 0.24
44 26 0.2
44 27 0.3
44 30 0.58
44 32 0.75
44 33 0.52
44 35 0.75
44 36 0.58
44 37 0.71
44 38 0.89
44 41 0.71
44 42 0.25
44 43 0.31
44 62 0.0026
3 45 0.63
45 5 1.0
6 45 0.82
45 14 1.0
45 15 1.0
45 18 1.0
21 45 0.82
22 45 0.63
23 45 0.14
24 45 0.21
25 45 0.34
26 45 0.29
27 45 0.43
30 45 0.82
32 45 0.71
33 45 0.37
35 45 0.71
36 45 0.82
45 37 1.0
38 45 0.63
45 41 1.0
43 45 0.29
44 45 0.71
62 45 0.0022
3 46 0.3
4 46 0.23
46 5 0.47
6 46 0.38
8 46 0.08
11 46 0.12
13 46 0.19
46 14 0.47
46 15 0.47
46 18 0.47
21 46 0.38
22 46 0.3
23 46 0.3
24 46 0.44
25 46 0.32
46 26 0.27
27 46 0.3
28 46 0.29
30 46 0.38
32 46 0.33
33 46 0.52
34 46 0.16
35 46 0.33
46 36 0.38
46 37 0.47
38 46 0.3
46 41 0.47
43 46 0.27
44 46 0.33
46 45 0.47
62 46 5.0E-4
47 1 0.25
47 2 0.12
3 47 0.32
4 47 0.1
47 5 0.5
6 47 0.41
47 14 0.5
47 15 0.5
47 18 0.5
21 47 0.41
22 47 0.32
23 47 0.29
24 47 0.21
47 25 0.34
47 26 0.14
27 47 0.32
47 30 0.41
32 47 0.35
33 47 0.27
47 34 0.17
47 35 0.35
47 36 0.41
47 37 0.5
38 47 0.32
47 41 0.5
43 47 0.29
44 47 0.35
47 45 0.5
47 46 0.35
47 62 6.0E-4
48 1 0.11
48 2 0.1
48 3 0.67
48 4 0.17
48 5 0.43
48 6 0.35
48 8 0.08
48 9 0.19
48 12 0.21
48 13 0.17
48 14 0.43
48 15 0.43
48 16 0.3
48 18 0.43
48 19 0.3
48 21 0.52
48 22 0.67
48 23 0.34
48 24 0.4
48 25 0.22
48 26 0.25
48 27 0.18
48 29 0.12
48 30 0.35
48 32 0.45
48 33 0.54
48 34 0.07
48 35 0.6
48 36 0.52
48 37 0.43
48 38 0.67
48 39 0.3
48 40 0.17
48 41 0.43
48 42 0.3
48 43 0.49
48 44 0.6
48 45 0.43
48 46 0.2
48 47 0.21
48 62 0.0016
49 1 0.26
49 2 0.08
3 49 0.11
4 49 0.27
49 5 0.17
49 6 0.14
49 8 0.24
49 9 0.23
49 10 0.11
49 11 0.26
49 14 0.17
49 15 0.17
49 18 0.17
21 49 0.14
22 49 0.11
23 49 0.42
24 49 0.57
49 25 0.12
49 26 0.3
49 27 0.15
49 29 0.3
49 30 0.28
32 49 0.12
33 49 0.25
49 34 0.17
49 35 0.12
49 36 0.14
49 37 0.17
38 49 0.11
49 40 0.14
49 41 0.17
43 49 0.5
44 49 0.12
49 45 0.17
49 46 0.16
49 47 0.09
48 49 0.44
49 62 1.0E-4
3 50 0.32
50 12 0.5
22 50 0.32
23 50 0.14
25 50 0.17
28 50 0.2
29 50 0.29
32 50 0.35
33 50 0.18
34 50 0.17
35 50 0.35
50 36 0.41
50 39 0.71
42 50 0.35
43 50 0.14
48 50 0.21
62 50 4.0E-4
2 51 0.24
4 51 0.1
8 51 0.18
9 51 0.22
51 10 0.32
11 51 0.25
51 20 0.5
23 51 0.14
28 51 0.2
51 31 0.71
43 51 0.29
62 51 3.0E-4
3 52 0.63
52 5 1.0
6 52 0.82
52 14 1.0
52 15 1.0
52 18 1.0
21 52 0.82
22 52 0.63
23 52 0.14
24 52 0.21
25 52 0.34
26 52 0.29
27 52 0.43
30 52 0.82
32 52 0.71
33 52 0.37
35 52 0.71
36 52 0.82
52 37 1.0
38 52 0.63
52 41 1.0
43 52 0.29
44 52 0.71
52 45 1.0
46 52 0.47
47 52 0.5
48 52 0.43
49 52 0.17
62 52 0.0022
3 53 0.45
53 13 0.58
53 16 1.0
53 19 1.0
22 53 0.45
23 53 0.1
24 53 0.15
33 53 0.26
53 35 0.5
38 53 0.45
44 53 0.5
48 53 0.3
53 62 8.0E-4
3 54 0.63
54 5 1.0
6 54 0.82
54 14 1.0
54 15 1.0
54 18 1.0
21 54 0.82
22 54 0.63
23 54 0.14
24 54 0.21
25 54 0.34
26 54 0.29
27 54 0.43
30 54 0.82
32 54 0.71
33 54 0.37
35 54 0.71
36 54 0.82
54 37 1.0
38 54 0.63
54 41 1.0
43 54 0.29
44 54 0.71
54 45 1.0
46 54 0.47
47 54 0.5
48 54 0.43
49 54 0.17
54 52 1.0
62 54 0.0022
55 3 0.77
55 5 0.82
55 6 0.67
55 14 0.82
55 15 0.82
55 18 0.82
55 21 1.0
55 22 0.77
55 23 0.18
55 24 0.25
55 25 0.28
55 26 0.24
55 27 0.35
55 30 0.67
55 32 0.87
55 33 0.45
55 35 0.58
55 36 0.67
55 37 0.82
55 38 0.77
55 41 0.82
55 42 0.29
55 43 0.35
55 44 0.87
55 45 0.82
55 46 0.38
55 47 0.41
55 48 0.52
55 49 0.14
55 52 0.82
55 54 0.82
55 62 0.0017
3 56 0.77
56 5 0.82
6 56 0.67
12 56 0.41
56 14 0.82
56 15 0.82
56 18 0.82
21 56 0.67
22 56 0.77
23 56 0.18
24 56 0.17
25 56 0.28
26 56 0.24
27 56 0.35
29 56 0.24
30 56 0.67
32 56 0.58
33 56 0.45
35 56 0.87
56 36 1.0
56 37 0.82
38 56 0.52
56 39 0.58
56 41 0.82
42 56 0.29
43 56 0.35
44 56 0.58
56 45 0.82
46 56 0.38
47 56 0.41
48 56 0.52
49 56 0.14
50 56 0.41
56 52 0.82
56 54 0.82
55 56 0.67
62 56 0.0029
57 1 0.25
57 2 0.24
57 3 0.16
57 4 0.1
57 7 0.35
57 8 0.09
57 9 0.22
57 10 0.16
57 11 0.13
57 17 0.35
57 20 0.25
57 21 0.2
57 22 0.16
57 23 0.29
57 24 0.1
57 25 0.17
57 28 0.2
57 31 0.35
57 32 0.35
57 33 0.18
57 34 0.25
57 38 0.16
57 40 0.2
57 42 0.18
57 43 0.22
57 44 0.18
57 47 0.13
57 48 0.21
57 49 0.09
57 50 0.25
57 51 0.25
57 55 0.2
57 62 5.0E-4
3 58 0.18
58 4 0.23
58 5 0.29
58 6 0.24
58 8 0.1
58 12 0.29
58 13 0.47
58 14 0.29
58 15 0.29
58 18 0.29
21 58 0.24
22 58 0.18
23 58 0.25
24 58 0.18
58 25 0.1
58 27 0.25
58 29 0.17
58 30 0.24
32 58 0.2
33 58 0.32
58 34 0.19
58 35 0.2
58 36 0.24
58 37 0.29
38 58 0.18
58 41 0.29
42 58 0.2
43 58 0.17
44 58 0.2
58 45 0.29
58 46 0.27
58 47 0.14
48 58 0.12
58 52 0.29
58 54 0.29
55 58 0.24
58 56 0.24
58 62 2.0E-4
3 59 0.45
59 13 0.58
59 16 1.0
59 19 1.0
22 59 0.45
23 59 0.1
24 59 0.15
33 59 0.26
59 35 0.5
38 59 0.45
44 59 0.5
48 59 0.3
59 53 1.0
59 62 8.0E-4
60 3 0.67
60 12 0.35
60 13 0.29
60 16 0.5
60 19 0.5
60 21 0.29
60 22 0.67
60 23 0.2
60 24 0.15
60 25 0.12
60 28 0.14
60 29 0.2
60 32 0.5
60 33 0.39
60 34 0.12
60 35 0.5
60 36 0.29
60 38 0.45
60 39 0.5
60 42 0.5
60 43 0.2
60 44 0.5
60 48 0.45
60 50 0.71
60 53 0.5
60 55 0.29
60 56 0.29
60 57 0.35
60 59 0.5
60 62 0.0010
3 61 0.63
61 5 1.0
6 61 0.82
61 14 1.0
61 15 1.0
61 18 1.0
21 61 0.82
22 61 0.63
23 61 0.14
24 61 0.21
25 61 0.34
26 61 0.29
27 61 0.43
30 61 0.82
32 61 0.71
33 61 0.37
35 61 0.71
36 61 0.82
61 37 1.0
38 61 0.63
61 41 1.0
43 61 0.29
44 61 0.71
61 45 1.0
46 61 0.47
47 61 0.5
48 61 0.43
49 61 0.17
61 52 1.0
61 54 1.0
55 61 0.82
56 61 0.82
58 61 0.29
62 61 0.0022
