*Vertices  16
1 "LED灯"
2 "电容"
3 "工质"
4 "连接管"
5 "LED"
6 "通道"
7 "电子元器件"
8 "基板"
9 "散热片"
10 "散热器"
11 "电路板"
12 "LED芯片"
13 "芯片"
14 "冷凝器"
15 "散热腔"
16 "热电分离"
*Arcs
1 16 0.0033
1 2 0.35
2 16 0.0039
1 3 0.14
2 3 0.28
16 3 0.0363
1 4 0.14
2 4 0.28
4 3 1.0
16 4 0.0363
5 1 0.73
5 2 0.37
5 3 0.1
5 4 0.1
5 16 0.0019
1 6 0.23
2 6 0.23
6 3 0.41
6 4 0.41
5 6 0.25
16 6 0.0074
1 7 0.14
2 7 0.28
7 3 1.0
7 4 1.0
5 7 0.1
7 6 0.41
16 7 0.0363
1 8 0.29
2 8 0.45
8 3 0.41
8 4 0.41
5 8 0.25
8 6 0.17
8 7 0.41
8 16 0.0079
9 1 0.4
9 2 0.09
9 3 0.32
9 4 0.32
5 9 0.32
9 6 0.26
9 7 0.32
9 8 0.26
9 16 0.0048
1 10 0.42
2 10 0.33
10 3 0.3
10 4 0.3
5 10 0.34
10 6 0.12
10 7 0.3
10 8 0.49
9 10 0.48
10 16 0.0113
1 11 0.4
2 11 0.13
5 11 0.43
11 6 0.1
9 11 0.07
10 11 0.07
11 16 0.0014
12 1 0.14
12 2 0.14
12 3 0.5
12 4 0.5
12 5 0.2
12 6 0.2
12 7 0.5
12 8 0.41
12 9 0.16
12 10 0.15
12 11 0.12
12 16 0.0107
13 1 0.26
13 2 0.4
13 3 0.2
13 4 0.2
13 5 0.5
13 6 0.25
13 7 0.2
13 8 0.17
13 9 0.13
13 10 0.12
13 11 0.38
13 12 0.41
13 16 0.0021
1 14 0.14
2 14 0.28
14 3 1.0
14 4 1.0
5 14 0.1
14 6 0.41
14 7 1.0
8 14 0.41
9 14 0.32
10 14 0.3
12 14 0.5
13 14 0.2
16 14 0.0363
1 15 0.24
2 15 0.16
15 3 0.58
15 4 0.58
5 15 0.18
15 6 0.24
15 7 0.58
8 15 0.24
9 15 0.18
10 15 0.35
11 15 0.27
12 15 0.29
13 15 0.12
15 14 0.58
15 16 0.0327
