*Vertices  84
1 "LED显示屏"
2 "显示器"
3 "衬底"
4 "LED灯"
5 "滤波片"
6 "光纤"
7 "电容"
8 "传感器"
9 "单片机"
10 "叶片"
11 "开关"
12 "III-V族半导体材料"
13 "GAN"
14 "PD"
15 "引发剂"
16 "硼酸"
17 "装饰层"
18 "网孔板"
19 "变压器"
20 "太阳能吸收板"
21 "EP"
22 "外延片"
23 "外延"
24 "LED"
25 "二极管"
26 "三极管"
27 "通道"
28 "接收管"
29 "LED光源"
30 "电热丝"
31 "塑料"
32 "缩水甘油"
33 "红外线发射管"
34 "滤光片"
35 "聚光玻璃罩"
36 "稀释剂"
37 "散热片"
38 "散热器"
39 "发光体"
40 "硅橡胶"
41 "密封胶"
42 "SiO2"
43 "半导体"
44 "电路板"
45 "Al2O3"
46 "GaAs"
47 "MQW"
48 "ITO"
49 "客户"
50 "含硅"
51 "光子晶体"
52 "太阳能"
53 "蓄电池"
54 "芯片"
55 "金属层"
56 "电流扩展层"
57 "酸盐"
58 "Li"
59 "离子"
60 "电极"
61 "冰柜"
62 "电阻"
63 "基色"
64 "加热管"
65 "光子晶体谐振腔"
66 "丙酮"
67 "激光"
68 "MOCVD"
69 "湿法刻蚀"
70 "干法刻蚀"
71 "太阳能电子板"
72 "平面板"
73 "射灯"
74 "酯键"
75 "臭氧"
76 "屏幕"
77 "透镜"
78 "反射层"
79 "甲基"
80 "固定支架"
81 "激发光"
82 "DMA"
83 "插座"
84 "玻璃"
*Arcs
84 1 6.0E-4
84 2 6.0E-4
3 84 6.0E-4
4 1 0.06
4 2 0.05
4 84 5.0E-4
3 5 0.63
84 5 0.0010
3 6 0.52
6 5 0.82
6 84 7.0E-4
4 7 0.35
7 84 1.0E-4
8 2 0.17
4 8 0.21
8 6 0.14
7 8 0.14
8 84 0.0
2 9 0.59
4 9 0.05
7 9 0.2
8 9 0.35
84 9 3.0E-4
10 1 0.58
4 10 0.1
84 10 6.0E-4
11 2 0.06
11 4 0.37
11 7 0.39
11 8 0.26
11 9 0.12
11 84 3.0E-4
3 12 0.63
12 5 1.0
6 12 0.82
84 12 0.0010
3 13 0.63
13 5 1.0
6 13 0.82
13 12 1.0
84 13 0.0010
3 14 0.63
14 5 1.0
6 14 0.82
14 12 1.0
14 13 1.0
84 14 0.0010
15 2 0.24
84 15 9.0E-4
16 2 0.24
4 16 0.1
16 15 0.5
84 16 3.0E-4
11 17 0.17
84 17 3.0E-4
2 18 0.33
9 18 0.35
84 18 2.0E-4
19 2 0.11
4 19 0.31
7 19 0.61
11 19 0.33
19 15 0.22
19 16 0.22
84 19 1.0E-4
4 20 0.14
11 20 0.17
84 20 2.0E-4
21 2 0.24
21 15 1.0
21 16 0.5
21 19 0.22
84 21 9.0E-4
22 3 0.77
22 5 0.82
22 6 0.67
22 12 0.82
22 13 0.82
22 14 0.82
22 84 8.0E-4
23 3 1.0
23 5 0.63
23 6 0.52
23 12 0.63
23 13 0.63
23 14 0.63
23 22 0.77
23 84 6.0E-4
24 1 0.25
24 2 0.3
24 3 0.23
24 4 0.73
24 5 0.14
24 6 0.18
24 7 0.37
24 8 0.41
24 9 0.29
24 10 0.14
24 11 0.58
24 12 0.14
24 13 0.14
24 14 0.14
24 15 0.14
24 16 0.14
24 17 0.1
24 18 0.1
24 19 0.32
24 20 0.1
24 21 0.14
24 22 0.18
24 23 0.23
24 84 0.0016
25 2 0.19
25 3 0.26
25 4 0.35
25 5 0.21
25 6 0.25
25 7 0.45
25 8 0.29
25 9 0.21
25 11 0.58
25 12 0.21
25 13 0.21
25 14 0.21
25 15 0.21
25 16 0.1
25 17 0.15
25 18 0.15
25 19 0.42
25 21 0.21
25 22 0.25
25 23 0.26
25 24 0.7
25 84 0.0011
26 2 0.13
4 26 0.21
26 7 0.63
26 8 0.09
26 9 0.13
11 26 0.46
26 19 0.36
24 26 0.27
25 26 0.39
26 84 1.0E-4
3 27 0.18
4 27 0.23
27 5 0.29
6 27 0.24
7 27 0.23
8 27 0.1
11 27 0.07
27 12 0.29
27 13 0.29
27 14 0.29
22 27 0.24
23 27 0.18
24 27 0.25
25 27 0.24
26 27 0.15
84 27 3.0E-4
28 2 0.19
4 28 0.16
28 7 0.32
28 8 0.14
28 9 0.2
11 28 0.3
24 28 0.18
25 28 0.25
28 26 0.65
28 27 0.24
28 84 1.0E-4
29 2 0.2
3 29 0.27
4 29 0.3
29 5 0.43
29 6 0.35
29 9 0.11
11 29 0.05
29 12 0.43
29 13 0.43
29 14 0.43
29 15 0.21
29 16 0.43
29 19 0.1
29 21 0.21
22 29 0.35
23 29 0.27
24 29 0.34
25 29 0.31
26 29 0.11
29 27 0.25
28 29 0.17
29 84 7.0E-4
4 30 0.16
11 30 0.1
24 30 0.18
25 30 0.08
84 30 2.0E-4
31 1 0.12
31 2 0.1
4 31 0.36
31 8 0.14
31 9 0.1
31 10 0.2
11 31 0.15
31 19 0.09
24 31 0.35
25 31 0.21
31 27 0.24
31 29 0.17
31 30 0.33
31 84 4.0E-4
32 2 0.24
32 15 1.0
32 16 0.5
32 19 0.22
32 21 1.0
24 32 0.14
25 32 0.21
29 32 0.21
32 84 9.0E-4
4 33 0.14
7 33 0.28
8 33 0.25
11 33 0.17
24 33 0.1
25 33 0.15
26 33 0.38
27 33 0.41
28 33 0.58
84 33 3.0E-4
2 34 0.19
3 34 0.52
34 5 0.82
6 34 0.67
34 9 0.2
11 34 0.1
34 12 0.82
34 13 0.82
34 14 0.82
22 34 0.67
23 34 0.52
24 34 0.18
25 34 0.25
26 34 0.22
34 27 0.24
28 34 0.33
29 34 0.52
84 34 7.0E-4
11 35 0.17
35 17 1.0
24 35 0.1
25 35 0.15
84 35 3.0E-4
36 2 0.24
36 15 1.0
36 16 0.5
36 19 0.22
36 21 1.0
24 36 0.14
25 36 0.21
29 36 0.21
36 32 1.0
36 84 9.0E-4
37 4 0.4
37 7 0.09
37 11 0.11
37 17 0.32
24 37 0.32
25 37 0.18
37 27 0.26
37 29 0.48
37 31 0.18
37 35 0.32
37 84 2.0E-4
4 38 0.42
7 38 0.33
38 19 0.29
24 38 0.34
25 38 0.26
38 27 0.12
38 29 0.27
38 31 0.09
37 38 0.48
38 84 0.0
4 39 0.2
7 39 0.2
8 39 0.18
11 39 0.25
24 39 0.14
25 39 0.21
26 39 0.27
39 27 0.29
28 39 0.41
39 33 0.71
84 39 1.0E-4
40 2 0.24
4 40 0.1
40 15 0.5
40 16 1.0
40 19 0.22
40 21 0.5
24 40 0.14
25 40 0.1
29 40 0.43
40 32 0.5
40 36 0.5
40 84 3.0E-4
41 1 0.24
41 4 0.24
41 10 0.41
41 11 0.1
24 41 0.18
25 41 0.08
41 27 0.24
41 31 0.17
41 37 0.18
41 84 2.0E-4
42 1 0.2
42 3 0.67
42 5 0.71
42 6 0.58
42 10 0.35
42 12 0.71
42 13 0.71
42 14 0.71
42 22 0.87
42 23 0.67
42 24 0.2
42 25 0.22
42 27 0.2
42 29 0.3
42 31 0.14
42 34 0.58
42 84 0.0010
43 1 0.11
43 2 0.09
43 3 0.58
43 4 0.33
43 5 0.37
43 6 0.3
43 7 0.21
43 10 0.18
43 11 0.18
43 12 0.37
43 13 0.37
43 14 0.37
43 15 0.18
43 16 0.37
43 19 0.33
43 21 0.18
43 22 0.45
43 23 0.58
43 24 0.39
43 25 0.45
43 26 0.2
43 27 0.21
43 28 0.15
43 29 0.31
43 31 0.22
43 32 0.18
43 34 0.3
43 36 0.18
43 40 0.37
43 41 0.3
43 42 0.39
43 84 8.0E-4
44 1 0.19
2 44 0.31
4 44 0.4
7 44 0.13
8 44 0.12
44 9 0.17
44 10 0.33
11 44 0.12
15 44 0.17
16 44 0.17
21 44 0.17
24 44 0.43
25 44 0.24
26 44 0.27
44 27 0.1
28 44 0.27
29 44 0.21
31 44 0.2
32 44 0.17
44 33 0.24
44 34 0.14
36 44 0.17
37 44 0.07
38 44 0.07
44 39 0.17
40 44 0.17
41 44 0.14
42 44 0.12
43 44 0.18
84 44 0.0010
3 45 0.89
45 5 0.71
6 45 0.58
45 12 0.71
45 13 0.71
45 14 0.71
22 45 0.58
23 45 0.89
24 45 0.2
25 45 0.22
45 27 0.2
29 45 0.3
34 45 0.58
42 45 0.5
43 45 0.52
84 45 6.0E-4
3 46 0.77
46 5 0.82
6 46 0.67
46 12 0.82
46 13 0.82
46 14 0.82
22 46 0.67
23 46 0.77
24 46 0.18
25 46 0.17
27 46 0.24
29 46 0.35
34 46 0.67
42 46 0.58
43 46 0.45
45 46 0.87
84 46 8.0E-4
3 47 0.63
47 5 1.0
6 47 0.82
47 12 1.0
47 13 1.0
47 14 1.0
22 47 0.82
23 47 0.63
24 47 0.14
25 47 0.21
27 47 0.29
29 47 0.43
34 47 0.82
42 47 0.71
43 47 0.37
45 47 0.71
46 47 0.82
84 47 0.0010
48 2 0.15
48 3 0.8
48 5 0.63
48 6 0.52
48 12 0.63
48 13 0.63
48 14 0.63
48 22 0.77
48 23 0.8
48 24 0.23
48 25 0.26
48 27 0.18
48 29 0.27
48 34 0.52
48 42 0.67
48 43 0.46
48 45 0.67
48 46 0.52
48 47 0.63
48 84 5.0E-4
2 49 0.19
4 49 0.24
7 49 0.16
8 49 0.29
11 49 0.1
24 49 0.18
25 49 0.08
26 49 0.22
49 27 0.24
28 49 0.33
49 33 0.58
39 49 0.41
44 49 0.27
84 49 1.0E-4
50 2 0.33
50 15 0.71
50 16 0.71
50 19 0.32
50 21 0.71
24 50 0.1
25 50 0.15
29 50 0.3
50 32 0.71
50 36 0.71
50 40 0.71
43 50 0.26
50 84 5.0E-4
3 51 0.63
51 5 1.0
6 51 0.82
51 12 1.0
51 13 1.0
51 14 1.0
22 51 0.82
23 51 0.63
24 51 0.14
25 51 0.21
27 51 0.29
29 51 0.43
34 51 0.82
42 51 0.71
43 51 0.37
45 51 0.71
46 51 0.82
51 47 1.0
48 51 0.63
84 51 0.0010
1 52 0.15
4 52 0.21
7 52 0.1
11 52 0.2
52 20 0.38
24 52 0.27
25 52 0.11
26 52 0.14
44 52 0.09
84 52 3.0E-4
53 1 0.13
4 53 0.31
7 53 0.18
11 53 0.33
19 53 0.2
53 20 0.32
24 53 0.32
25 53 0.18
26 53 0.12
43 53 0.16
53 52 0.72
84 53 2.0E-4
54 1 0.08
54 2 0.34
54 3 0.37
54 4 0.26
54 5 0.29
54 6 0.24
54 7 0.4
54 8 0.31
54 9 0.29
54 10 0.14
54 11 0.28
54 12 0.29
54 13 0.29
54 14 0.29
54 15 0.29
54 16 0.29
54 19 0.13
54 21 0.29
54 22 0.35
54 23 0.37
54 24 0.5
54 25 0.42
54 26 0.39
54 27 0.25
54 28 0.35
54 29 0.31
54 31 0.06
54 32 0.29
54 33 0.2
54 34 0.35
54 36 0.29
54 37 0.13
54 38 0.12
54 39 0.14
54 40 0.29
54 41 0.12
54 42 0.31
54 43 0.42
54 44 0.38
54 45 0.31
54 46 0.35
54 47 0.29
54 48 0.37
54 49 0.12
54 50 0.2
54 51 0.29
54 52 0.08
54 84 9.0E-4
55 3 0.89
55 5 0.71
55 6 0.58
55 12 0.71
55 13 0.71
55 14 0.71
55 22 0.87
55 23 0.89
55 24 0.2
55 25 0.29
55 27 0.2
55 29 0.3
55 34 0.58
55 42 0.75
55 43 0.52
55 45 0.75
55 46 0.58
55 47 0.71
55 48 0.89
55 51 0.71
55 54 0.31
55 84 6.0E-4
3 56 0.63
56 5 1.0
6 56 0.82
56 12 1.0
56 13 1.0
56 14 1.0
22 56 0.82
23 56 0.63
24 56 0.14
25 56 0.21
27 56 0.29
29 56 0.43
34 56 0.82
42 56 0.71
43 56 0.37
45 56 0.71
46 56 0.82
56 47 1.0
48 56 0.63
56 51 1.0
54 56 0.29
55 56 0.71
84 56 0.0010
57 2 0.19
4 57 0.08
57 15 0.82
57 16 0.82
57 19 0.18
57 21 0.82
24 57 0.18
25 57 0.17
29 57 0.35
57 32 0.82
57 36 0.82
57 40 0.82
43 57 0.3
57 44 0.27
57 50 0.58
54 57 0.35
57 84 7.0E-4
3 58 0.3
4 58 0.23
58 5 0.47
6 58 0.38
7 58 0.09
8 58 0.08
9 58 0.12
11 58 0.12
58 12 0.47
58 13 0.47
58 14 0.47
15 58 0.24
19 58 0.11
21 58 0.24
22 58 0.38
23 58 0.3
24 58 0.3
25 58 0.44
58 27 0.27
29 58 0.3
31 58 0.29
32 58 0.24
34 58 0.38
36 58 0.24
37 58 0.11
38 58 0.1
41 58 0.19
42 58 0.33
43 58 0.52
44 58 0.16
45 58 0.33
58 46 0.38
58 47 0.47
48 58 0.3
58 51 0.47
54 58 0.27
55 58 0.33
58 56 0.47
57 58 0.19
84 58 8.0E-4
59 1 0.29
59 2 0.12
3 59 0.32
4 59 0.1
59 5 0.5
6 59 0.41
59 12 0.5
59 13 0.5
59 14 0.5
59 15 0.5
59 16 0.25
59 19 0.11
59 21 0.5
22 59 0.41
23 59 0.32
24 59 0.29
25 59 0.21
59 27 0.14
29 59 0.32
59 30 0.2
59 32 0.5
59 34 0.41
59 36 0.5
59 40 0.25
42 59 0.35
43 59 0.27
59 44 0.17
59 45 0.35
59 46 0.41
59 47 0.5
48 59 0.32
59 50 0.35
59 51 0.5
54 59 0.29
55 59 0.35
59 56 0.5
59 57 0.41
59 58 0.35
59 84 0.0011
60 2 0.1
60 3 0.67
60 4 0.17
60 5 0.43
60 6 0.35
60 7 0.42
60 8 0.08
60 11 0.26
60 12 0.43
60 13 0.43
60 14 0.43
60 19 0.29
60 22 0.52
60 23 0.67
60 24 0.34
60 25 0.4
60 26 0.57
60 27 0.25
60 28 0.35
60 29 0.18
60 33 0.3
60 34 0.35
60 39 0.21
60 42 0.45
60 43 0.54
60 44 0.07
60 45 0.6
60 46 0.52
60 47 0.43
60 48 0.67
60 49 0.17
60 51 0.43
60 53 0.1
60 54 0.49
60 55 0.6
60 56 0.43
60 58 0.2
60 59 0.21
60 84 5.0E-4
4 61 0.14
24 61 0.1
30 61 0.58
31 61 0.29
84 61 2.0E-4
62 2 0.08
3 62 0.11
4 62 0.27
62 5 0.17
62 6 0.14
62 7 0.81
62 8 0.24
62 9 0.26
11 62 0.46
62 12 0.17
62 13 0.17
62 14 0.17
62 19 0.54
22 62 0.14
23 62 0.11
24 62 0.42
25 62 0.57
62 26 0.64
62 27 0.3
62 28 0.42
62 29 0.15
62 33 0.24
62 34 0.28
62 38 0.22
62 39 0.17
42 62 0.12
43 62 0.25
62 44 0.17
62 45 0.12
62 46 0.14
62 47 0.17
48 62 0.11
62 49 0.14
62 51 0.17
62 52 0.09
62 53 0.15
54 62 0.5
55 62 0.12
62 56 0.17
62 58 0.16
62 59 0.09
60 62 0.44
62 84 2.0E-4
63 1 0.29
3 63 0.32
63 10 0.5
23 63 0.32
24 63 0.14
31 63 0.2
42 63 0.35
43 63 0.18
44 63 0.17
45 63 0.35
63 46 0.41
54 63 0.14
60 63 0.21
84 63 2.0E-4
4 64 0.1
11 64 0.25
64 20 0.71
24 64 0.14
25 64 0.1
64 30 0.41
31 64 0.2
52 64 0.27
53 64 0.22
84 64 2.0E-4
3 65 0.63
65 5 1.0
6 65 0.82
65 12 1.0
65 13 1.0
65 14 1.0
22 65 0.82
23 65 0.63
24 65 0.14
25 65 0.21
27 65 0.29
29 65 0.43
34 65 0.82
42 65 0.71
43 65 0.37
45 65 0.71
46 65 0.82
65 47 1.0
48 65 0.63
65 51 1.0
54 65 0.29
55 65 0.71
65 56 1.0
58 65 0.47
59 65 0.5
60 65 0.43
62 65 0.17
84 65 0.0010
66 2 0.24
66 15 1.0
66 16 0.5
66 19 0.22
66 21 1.0
24 66 0.14
25 66 0.21
29 66 0.21
66 32 1.0
66 36 1.0
66 40 0.5
43 66 0.18
66 44 0.17
66 50 0.71
54 66 0.29
66 57 0.82
66 58 0.24
66 59 0.5
66 84 9.0E-4
2 67 0.27
3 67 0.73
4 67 0.06
67 5 0.58
6 67 0.47
8 67 0.1
9 67 0.14
67 12 0.58
67 13 0.58
67 14 0.58
22 67 0.47
23 67 0.73
24 67 0.25
25 67 0.18
67 27 0.17
29 67 0.25
31 67 0.12
34 67 0.47
42 67 0.41
43 67 0.42
44 67 0.1
67 45 0.82
67 46 0.71
67 47 0.58
48 67 0.55
67 49 0.24
67 51 0.58
54 67 0.33
55 67 0.61
67 56 0.58
67 58 0.27
59 67 0.29
60 67 0.49
62 67 0.1
67 63 0.29
67 65 0.58
84 67 5.0E-4
3 68 0.63
68 5 1.0
6 68 0.82
68 12 1.0
68 13 1.0
68 14 1.0
22 68 0.82
23 68 0.63
24 68 0.14
25 68 0.21
27 68 0.29
29 68 0.43
34 68 0.82
42 68 0.71
43 68 0.37
45 68 0.71
46 68 0.82
68 47 1.0
48 68 0.63
68 51 1.0
54 68 0.29
55 68 0.71
68 56 1.0
58 68 0.47
59 68 0.5
60 68 0.43
62 68 0.17
68 65 1.0
67 68 0.58
84 68 0.0010
69 3 0.77
69 5 0.82
69 6 0.67
69 12 0.82
69 13 0.82
69 14 0.82
69 22 1.0
69 23 0.77
69 24 0.18
69 25 0.25
69 27 0.24
69 29 0.35
69 34 0.67
69 42 0.87
69 43 0.45
69 45 0.58
69 46 0.67
69 47 0.82
69 48 0.77
69 51 0.82
69 54 0.35
69 55 0.87
69 56 0.82
69 58 0.38
69 59 0.41
69 60 0.52
69 62 0.14
69 65 0.82
69 67 0.47
69 68 0.82
69 84 8.0E-4
3 70 0.77
70 5 0.82
6 70 0.67
70 12 0.82
70 13 0.82
70 14 0.82
22 70 0.67
23 70 0.77
24 70 0.18
25 70 0.17
27 70 0.24
29 70 0.35
34 70 0.67
42 70 0.58
43 70 0.45
45 70 0.87
70 46 1.0
70 47 0.82
48 70 0.52
70 51 0.82
54 70 0.35
55 70 0.58
70 56 0.82
58 70 0.38
59 70 0.41
60 70 0.52
62 70 0.14
63 70 0.41
70 65 0.82
67 70 0.71
70 68 0.82
69 70 0.67
84 70 8.0E-4
1 71 0.41
24 71 0.1
52 71 0.38
53 71 0.32
84 71 2.0E-4
2 72 0.33
9 72 0.35
24 72 0.1
25 72 0.15
44 72 0.24
84 72 2.0E-4
4 73 0.28
7 73 0.28
8 73 0.13
11 73 0.09
19 73 0.16
24 73 0.2
25 73 0.29
26 73 0.19
73 27 0.41
28 73 0.29
31 73 0.29
73 33 0.5
38 73 0.15
73 39 0.35
41 73 0.29
43 73 0.26
73 44 0.12
73 49 0.29
54 73 0.1
73 58 0.33
60 73 0.15
62 73 0.24
84 73 1.0E-4
15 74 0.71
21 74 0.71
24 74 0.1
25 74 0.15
32 74 0.71
36 74 0.71
44 74 0.24
54 74 0.2
57 74 0.58
58 74 0.33
59 74 0.35
66 74 0.71
84 74 4.0E-4
4 75 0.24
16 75 0.41
24 75 0.18
29 75 0.17
30 75 0.67
31 75 0.17
40 75 0.41
43 75 0.15
44 75 0.14
54 75 0.12
57 75 0.33
59 75 0.2
75 61 0.58
84 75 2.0E-4
76 1 0.58
76 2 0.24
76 3 0.16
76 4 0.1
76 7 0.1
76 8 0.09
76 9 0.13
76 10 0.5
76 11 0.06
76 19 0.11
76 22 0.2
76 23 0.16
76 24 0.29
76 25 0.1
76 26 0.13
76 31 0.2
76 41 0.2
76 42 0.35
76 43 0.18
76 44 0.25
76 48 0.16
76 49 0.2
76 54 0.22
76 55 0.18
76 59 0.13
76 60 0.21
76 62 0.09
76 63 0.25
76 67 0.29
76 69 0.2
76 84 3.0E-4
3 77 0.18
77 4 0.23
77 5 0.29
77 6 0.24
77 8 0.1
77 11 0.07
77 12 0.29
77 13 0.29
77 14 0.29
77 16 0.29
22 77 0.24
23 77 0.18
24 77 0.25
25 77 0.18
77 29 0.25
77 34 0.24
77 37 0.26
77 40 0.29
77 41 0.24
42 77 0.2
43 77 0.32
77 44 0.19
77 45 0.2
77 46 0.24
77 47 0.29
48 77 0.18
77 51 0.29
54 77 0.17
55 77 0.2
77 56 0.29
77 57 0.24
77 58 0.27
77 59 0.14
60 77 0.12
77 65 0.29
77 67 0.17
77 68 0.29
69 77 0.24
77 70 0.24
77 75 0.24
77 84 1.0E-4
78 1 0.2
78 3 0.67
78 10 0.35
78 22 0.29
78 23 0.67
78 24 0.2
78 25 0.15
78 31 0.14
78 42 0.5
78 43 0.39
78 44 0.12
78 45 0.5
78 46 0.29
78 48 0.45
78 54 0.2
78 55 0.5
78 60 0.45
78 63 0.71
78 67 0.41
78 69 0.29
78 70 0.29
78 76 0.35
78 84 2.0E-4
79 2 0.19
4 79 0.08
79 15 0.82
79 16 0.82
79 19 0.18
79 21 0.82
24 79 0.18
25 79 0.17
29 79 0.35
79 32 0.82
79 36 0.82
79 40 0.82
43 79 0.3
79 44 0.27
79 50 0.58
54 79 0.35
79 57 1.0
79 58 0.19
79 59 0.41
79 66 0.82
79 74 0.58
79 75 0.33
77 79 0.24
79 84 7.0E-4
1 80 0.41
4 80 0.14
10 80 0.71
24 80 0.1
41 80 0.58
43 80 0.26
44 80 0.24
54 80 0.2
76 80 0.35
84 80 3.0E-4
3 81 0.63
81 5 1.0
6 81 0.82
81 12 1.0
81 13 1.0
81 14 1.0
22 81 0.82
23 81 0.63
24 81 0.14
25 81 0.21
27 81 0.29
29 81 0.43
34 81 0.82
42 81 0.71
43 81 0.37
45 81 0.71
46 81 0.82
81 47 1.0
48 81 0.63
81 51 1.0
54 81 0.29
55 81 0.71
81 56 1.0
58 81 0.47
59 81 0.5
60 81 0.43
62 81 0.17
81 65 1.0
67 81 0.58
81 68 1.0
69 81 0.82
70 81 0.82
77 81 0.29
84 81 0.0010
82 2 0.33
82 15 0.71
82 16 0.71
82 19 0.32
82 21 0.71
24 82 0.1
25 82 0.15
29 82 0.3
82 32 0.71
82 36 0.71
82 40 0.71
43 82 0.26
82 50 1.0
54 82 0.2
82 57 0.58
82 59 0.35
82 66 0.71
82 79 0.58
82 84 5.0E-4
4 83 0.07
7 83 0.14
8 83 0.25
9 83 0.35
11 83 0.26
83 17 0.5
24 83 0.2
25 83 0.22
83 35 0.5
37 83 0.16
53 83 0.16
54 83 0.1
58 83 0.17
62 83 0.12
84 83 1.0E-4
