*Vertices  13
1 "显示器"
2 "传感器"
3 "控制器"
4 "处理器"
5 "单片机"
6 "显示技术"
7 "LED"
8 "塑料"
9 "芯片"
10 "驱动模块"
11 "激光"
12 "屏幕"
13 "电动机"
*Arcs
1 13 0.0115
2 1 0.17
2 13 0.0066
1 3 0.32
2 3 0.32
3 13 0.0109
1 4 0.15
2 4 0.56
3 4 0.42
4 13 0.0169
1 5 0.59
2 5 0.35
5 3 0.22
5 4 0.16
5 13 0.0108
1 6 0.47
2 6 0.18
3 6 0.45
4 6 0.32
5 6 0.25
6 13 0.0371
7 1 0.3
7 2 0.41
7 3 0.32
7 4 0.23
7 5 0.29
7 6 0.14
7 13 0.0022
8 1 0.1
8 2 0.14
8 3 0.18
8 4 0.13
8 5 0.1
8 6 0.2
7 8 0.35
8 13 0.0070
9 1 0.34
9 2 0.31
9 3 0.39
9 4 0.27
9 5 0.29
9 6 0.29
9 7 0.5
9 8 0.06
9 13 0.0059
1 10 0.24
2 10 0.18
3 10 0.22
10 4 0.32
5 10 0.25
10 6 0.5
7 10 0.14
8 10 0.2
9 10 0.29
10 13 0.0343
1 11 0.27
2 11 0.1
11 3 0.13
11 4 0.18
5 11 0.14
11 6 0.29
7 11 0.25
8 11 0.12
9 11 0.33
11 10 0.29
11 13 0.0141
12 1 0.24
12 2 0.09
12 3 0.22
12 4 0.16
12 5 0.13
12 6 0.25
12 7 0.29
12 8 0.2
12 9 0.22
12 10 0.25
12 11 0.29
12 13 0.0105
