*Vertices  15
1 "LED灯"
2 "电容"
3 "工质"
4 "热电分离"
5 "连接管"
6 "LED"
7 "通道"
8 "基板"
9 "散热片"
10 "散热器"
11 "LED芯片"
12 "芯片"
13 "冷凝器"
14 "散热腔"
15 "电子元器件"
*Arcs
1 15 0.0020
1 2 0.35
2 15 0.0049
1 3 0.14
2 3 0.28
15 3 0.0467
1 4 0.2
2 4 0.2
4 3 0.71
4 15 0.0279
1 5 0.14
2 5 0.28
5 3 1.0
4 5 0.71
15 5 0.0467
6 1 0.73
6 2 0.37
6 3 0.1
6 4 0.14
6 5 0.1
6 15 0.0012
1 7 0.23
2 7 0.23
7 3 0.41
4 7 0.29
7 5 0.41
6 7 0.25
15 7 0.0096
1 8 0.29
2 8 0.45
8 3 0.41
8 4 0.29
8 5 0.41
6 8 0.25
8 7 0.17
8 15 0.0101
9 1 0.4
9 2 0.09
9 3 0.32
9 4 0.22
9 5 0.32
6 9 0.32
9 7 0.26
9 8 0.26
9 15 0.0061
1 10 0.42
2 10 0.33
10 3 0.3
10 4 0.43
10 5 0.3
6 10 0.34
10 7 0.12
10 8 0.49
9 10 0.48
10 15 0.0067
11 1 0.14
11 2 0.14
11 3 0.5
11 4 0.35
11 5 0.5
11 6 0.2
11 7 0.2
11 8 0.41
11 9 0.16
11 10 0.15
11 15 0.0141
12 1 0.26
12 2 0.4
12 3 0.2
12 4 0.14
12 5 0.2
12 6 0.5
12 7 0.25
12 8 0.17
12 9 0.13
12 10 0.12
12 11 0.41
12 15 0.0027
1 13 0.14
2 13 0.28
13 3 1.0
4 13 0.71
13 5 1.0
6 13 0.1
13 7 0.41
8 13 0.41
9 13 0.32
10 13 0.3
11 13 0.5
12 13 0.2
13 15 0.0467
1 14 0.24
2 14 0.16
14 3 0.58
14 4 0.82
14 5 0.58
6 14 0.18
14 7 0.24
8 14 0.24
9 14 0.18
10 14 0.35
11 14 0.29
12 14 0.12
14 13 0.58
14 15 0.0196
