*Vertices  68
1 "LED灯"
2 "容器"
3 "传感器"
4 "控制器"
5 "单片机"
6 "聚光杯"
7 "整流器"
8 "工质"
9 "开关"
10 "热电分离"
11 "功率因数校正"
12 "连接管"
13 "模数转换集成块"
14 "变压器"
15 "Zigbee"
16 "发光板"
17 "LED"
18 "二极管"
19 "整流二极管"
20 "稳压二极管"
21 "三极管"
22 "GSM"
23 "玻璃"
24 "通道"
25 "接收管"
26 "电子元器件"
27 "转换器"
28 "铝基板"
29 "基板"
30 "晶体振荡器"
31 "红外线发射管"
32 "聚光碗"
33 "散热片"
34 "散热器"
35 "发光体"
36 "放大器"
37 "半导体"
38 "电路板"
39 "ESD"
40 "客户"
41 "太阳能"
42 "蓄电池"
43 "充电电池"
44 "LED芯片"
45 "芯片"
46 "电抗器"
47 "充电器"
48 "冷凝器"
49 "存储器"
50 "Li"
51 "电感"
52 "电极"
53 "电阻"
54 "发射模块"
55 "脉冲信号"
56 "散热腔"
57 "超声波"
58 "SIM"
59 "射灯"
60 "检测仪"
61 "光电耦合器"
62 "屏幕"
63 "扬声器"
64 "发光管"
65 "提示仪"
66 "晶体闸流管"
67 "插座"
68 "电容"
*Arcs
1 68 0.0012
1 2 0.19
68 2 0.0010
1 3 0.21
68 3 2.0E-4
1 4 0.18
2 4 0.14
3 4 0.32
68 4 3.0E-4
1 5 0.05
3 5 0.35
5 4 0.22
68 5 4.0E-4
1 6 0.2
68 6 0.0010
1 7 0.29
7 2 0.55
7 4 0.13
7 6 0.58
68 7 0.0029
1 8 0.14
68 8 6.0E-4
9 1 0.37
9 2 0.31
9 3 0.26
9 4 0.22
9 5 0.12
9 7 0.21
9 68 0.0014
1 10 0.2
10 8 0.71
68 10 4.0E-4
1 11 0.14
9 11 0.17
68 11 6.0E-4
1 12 0.14
12 8 1.0
10 12 0.71
68 12 6.0E-4
1 13 0.14
9 13 0.17
13 68 8.0E-4
1 14 0.31
14 2 0.42
14 4 0.1
14 6 0.45
14 7 0.77
9 14 0.33
14 11 0.32
68 14 0.0027
3 15 0.25
5 15 0.35
9 15 0.17
68 15 6.0E-4
1 16 0.16
2 16 0.26
4 16 0.18
7 16 0.24
9 16 0.2
16 11 0.58
14 16 0.37
68 16 8.0E-4
17 1 0.73
17 2 0.23
17 3 0.41
17 4 0.32
17 5 0.29
17 6 0.14
17 7 0.25
17 8 0.1
17 9 0.58
17 10 0.14
17 11 0.1
17 12 0.1
17 13 0.1
17 14 0.32
17 15 0.1
17 16 0.18
17 68 0.0015
18 1 0.35
18 2 0.26
18 3 0.29
18 4 0.14
18 5 0.21
18 6 0.21
18 7 0.36
18 9 0.58
18 11 0.15
18 13 0.15
18 14 0.42
18 15 0.15
18 16 0.17
18 17 0.7
18 68 0.0019
1 19 0.14
9 19 0.17
19 11 1.0
14 19 0.32
16 19 0.58
17 19 0.1
18 19 0.15
68 19 6.0E-4
1 20 0.23
20 2 0.18
3 20 0.1
20 4 0.26
20 6 0.58
20 7 0.67
9 20 0.21
20 11 0.41
14 20 0.65
20 16 0.47
17 20 0.25
18 20 0.36
20 19 0.41
68 20 0.0023
1 21 0.21
21 2 0.34
21 3 0.09
21 4 0.12
21 5 0.13
21 7 0.31
9 21 0.46
21 11 0.38
21 13 0.38
21 14 0.36
21 16 0.44
17 21 0.27
18 21 0.39
21 19 0.38
21 20 0.31
21 68 0.0030
4 22 0.32
5 22 0.35
17 22 0.1
68 22 4.0E-4
1 23 0.27
3 23 0.06
23 5 0.17
9 23 0.17
23 14 0.08
17 23 0.42
18 23 0.32
21 23 0.09
68 23 1.0E-4
1 24 0.23
3 24 0.1
24 8 0.41
9 24 0.07
10 24 0.29
24 12 0.41
17 24 0.25
18 24 0.24
21 24 0.15
23 24 0.2
68 24 5.0E-4
1 25 0.16
25 3 0.14
25 5 0.2
9 25 0.3
25 13 0.58
17 25 0.18
18 25 0.25
25 21 0.65
25 23 0.14
25 24 0.24
25 68 9.0E-4
1 26 0.14
26 8 1.0
10 26 0.71
26 12 1.0
17 26 0.1
26 24 0.41
68 26 6.0E-4
1 27 0.07
27 3 0.25
27 4 0.16
27 5 0.18
9 27 0.26
27 13 0.5
27 15 0.5
17 27 0.2
18 27 0.22
27 20 0.2
27 21 0.19
27 25 0.29
27 68 8.0E-4
1 28 0.31
9 28 0.16
28 11 0.45
14 28 0.28
16 28 0.26
17 28 0.23
18 28 0.26
28 19 0.45
20 28 0.18
21 28 0.17
24 28 0.18
68 28 2.0E-4
1 29 0.29
29 6 0.58
29 7 0.5
29 8 0.41
29 10 0.29
29 12 0.41
14 29 0.39
17 29 0.25
18 29 0.18
29 20 0.5
29 24 0.17
29 26 0.41
68 29 0.0014
3 30 0.25
5 30 0.35
9 30 0.17
30 15 1.0
17 30 0.1
18 30 0.15
27 30 0.5
68 30 6.0E-4
1 31 0.14
3 31 0.25
9 31 0.17
17 31 0.1
18 31 0.15
21 31 0.38
23 31 0.24
24 31 0.41
25 31 0.58
68 31 4.0E-4
1 32 0.2
32 6 1.0
32 7 0.58
14 32 0.45
17 32 0.14
18 32 0.21
32 20 0.58
32 29 0.58
68 32 0.0010
33 1 0.4
33 8 0.32
33 9 0.11
33 10 0.22
33 12 0.32
17 33 0.32
18 33 0.18
33 23 0.15
33 24 0.26
33 26 0.32
33 28 0.14
33 29 0.26
33 68 1.0E-4
1 34 0.42
34 6 0.43
34 7 0.37
34 8 0.3
34 10 0.43
34 12 0.3
34 14 0.29
17 34 0.34
18 34 0.26
34 20 0.37
34 23 0.07
34 24 0.12
34 26 0.3
34 28 0.13
34 29 0.49
34 32 0.43
33 34 0.48
68 34 9.0E-4
1 35 0.2
3 35 0.18
9 35 0.25
17 35 0.14
18 35 0.21
21 35 0.27
23 35 0.17
35 24 0.29
25 35 0.41
35 31 0.71
68 35 2.0E-4
1 36 0.2
9 36 0.25
36 11 0.71
36 13 0.71
36 14 0.22
36 16 0.41
17 36 0.14
18 36 0.21
36 19 0.71
36 20 0.29
36 21 0.53
36 25 0.41
36 27 0.35
36 28 0.32
36 68 0.0014
37 1 0.33
37 2 0.35
37 7 0.21
37 9 0.18
37 13 0.26
37 14 0.33
37 17 0.39
37 18 0.45
37 21 0.2
37 23 0.25
37 24 0.21
37 25 0.15
37 27 0.13
37 28 0.35
37 29 0.11
37 36 0.18
37 68 5.0E-4
1 38 0.4
38 2 0.11
3 38 0.12
38 4 0.15
38 5 0.17
9 38 0.12
38 10 0.17
17 38 0.43
18 38 0.24
21 38 0.27
23 38 0.4
38 24 0.1
25 38 0.27
38 31 0.24
33 38 0.07
34 38 0.07
38 35 0.17
37 38 0.18
68 38 2.0E-4
3 39 0.25
5 39 0.35
9 39 0.17
39 15 1.0
17 39 0.1
18 39 0.15
27 39 0.5
39 30 1.0
68 39 6.0E-4
1 40 0.24
3 40 0.29
9 40 0.1
17 40 0.18
18 40 0.08
21 40 0.22
23 40 0.14
40 24 0.24
25 40 0.33
40 31 0.58
35 40 0.41
38 40 0.27
68 40 2.0E-4
1 41 0.21
41 4 0.12
9 41 0.2
17 41 0.27
18 41 0.11
21 41 0.14
23 41 0.18
38 41 0.09
68 41 1.0E-4
1 42 0.31
42 2 0.28
42 4 0.1
7 42 0.26
9 42 0.33
14 42 0.2
17 42 0.32
18 42 0.18
21 42 0.12
23 42 0.15
37 42 0.16
42 41 0.72
68 42 3.0E-4
1 43 0.1
9 43 0.25
43 13 0.71
17 43 0.14
18 43 0.21
43 21 0.53
43 25 0.41
43 27 0.35
43 36 0.5
37 43 0.18
43 38 0.17
43 41 0.27
43 68 9.0E-4
44 1 0.14
44 2 0.22
44 8 0.5
44 10 0.35
44 12 0.5
44 17 0.2
44 18 0.07
44 24 0.2
44 26 0.5
44 29 0.41
44 33 0.16
44 34 0.15
44 37 0.39
44 38 0.12
44 68 2.0E-4
45 1 0.26
45 2 0.09
45 3 0.31
45 4 0.39
45 5 0.29
45 8 0.2
45 9 0.28
45 10 0.14
45 11 0.2
45 12 0.2
45 13 0.2
45 14 0.13
45 15 0.2
45 16 0.12
45 17 0.5
45 18 0.42
45 19 0.2
45 20 0.17
45 21 0.39
45 22 0.2
45 23 0.3
45 24 0.25
45 25 0.35
45 26 0.2
45 27 0.31
45 28 0.18
45 29 0.17
45 30 0.2
45 31 0.2
45 33 0.13
45 34 0.12
45 35 0.14
45 36 0.29
45 37 0.42
45 38 0.38
45 39 0.2
45 40 0.12
45 41 0.08
45 43 0.29
45 44 0.41
45 68 0.0015
1 46 0.2
46 2 0.63
7 46 0.58
9 46 0.25
14 46 0.45
17 46 0.14
18 46 0.21
21 46 0.27
37 46 0.37
46 42 0.45
68 46 9.0E-4
1 47 0.14
9 47 0.17
47 13 1.0
17 47 0.1
18 47 0.15
47 21 0.38
47 25 0.58
47 27 0.5
47 36 0.71
37 47 0.26
47 43 0.71
45 47 0.2
47 68 8.0E-4
1 48 0.14
48 8 1.0
10 48 0.71
48 12 1.0
17 48 0.1
48 24 0.41
48 26 1.0
29 48 0.41
33 48 0.32
34 48 0.3
44 48 0.5
45 48 0.2
68 48 6.0E-4
1 49 0.06
49 3 0.22
49 4 0.14
49 5 0.16
9 49 0.31
49 13 0.45
17 49 0.23
18 49 0.33
49 20 0.18
49 21 0.34
49 25 0.52
49 27 0.45
49 36 0.32
37 49 0.12
49 38 0.11
49 43 0.32
45 49 0.27
49 47 0.45
49 68 2.0E-4
1 50 0.23
3 50 0.08
5 50 0.12
9 50 0.12
14 50 0.11
50 15 0.33
17 50 0.3
18 50 0.44
23 50 0.32
50 24 0.27
27 50 0.17
50 28 0.45
50 30 0.33
33 50 0.11
34 50 0.1
37 50 0.52
38 50 0.16
50 39 0.33
45 50 0.27
68 50 1.0E-4
1 51 0.25
51 2 0.6
51 4 0.14
51 7 0.55
9 51 0.39
51 11 0.45
51 13 0.45
51 14 0.57
51 16 0.52
17 51 0.23
18 51 0.33
51 19 0.45
51 20 0.37
51 21 0.68
51 25 0.26
51 27 0.22
51 28 0.2
51 36 0.63
37 51 0.35
51 42 0.28
51 43 0.32
45 51 0.18
51 46 0.63
51 47 0.45
51 49 0.2
51 68 0.0030
52 1 0.17
52 2 0.27
52 3 0.08
52 4 0.19
52 7 0.25
52 9 0.26
52 11 0.3
52 13 0.3
52 14 0.29
52 16 0.35
52 17 0.34
52 18 0.4
52 19 0.3
52 20 0.25
52 21 0.57
52 23 0.22
52 24 0.25
52 25 0.35
52 27 0.15
52 28 0.13
52 29 0.12
52 31 0.3
52 35 0.21
52 36 0.43
52 37 0.54
52 38 0.07
52 40 0.17
52 42 0.1
52 43 0.21
52 44 0.3
52 45 0.49
52 46 0.21
52 47 0.3
52 49 0.13
52 50 0.2
52 51 0.54
52 68 0.0016
1 53 0.27
53 2 0.33
53 3 0.24
53 4 0.23
53 5 0.26
53 6 0.34
53 7 0.59
9 53 0.46
53 11 0.24
53 13 0.24
53 14 0.54
53 15 0.24
53 16 0.28
17 53 0.42
18 53 0.57
53 19 0.24
53 20 0.59
53 21 0.64
53 22 0.24
53 23 0.12
53 24 0.3
53 25 0.42
53 27 0.36
53 28 0.11
53 29 0.3
53 30 0.24
53 31 0.24
53 32 0.34
53 34 0.22
53 35 0.17
53 36 0.34
37 53 0.25
53 38 0.17
53 39 0.24
53 40 0.14
53 41 0.09
53 42 0.15
53 43 0.34
45 53 0.5
53 46 0.34
53 47 0.24
53 49 0.33
53 50 0.16
53 51 0.54
52 53 0.44
53 68 0.0050
3 54 0.25
5 54 0.35
9 54 0.17
54 15 1.0
17 54 0.1
18 54 0.15
27 54 0.5
54 30 1.0
54 39 1.0
45 54 0.2
50 54 0.33
53 54 0.24
68 54 6.0E-4
1 55 0.1
55 3 0.18
9 55 0.12
55 13 0.71
17 55 0.14
18 55 0.21
55 21 0.27
55 25 0.41
55 27 0.35
55 36 0.5
37 55 0.18
55 43 0.5
45 55 0.14
55 47 0.71
55 49 0.32
55 51 0.32
52 55 0.21
55 53 0.17
55 68 4.0E-4
1 56 0.24
56 8 0.58
56 10 0.82
56 12 0.58
17 56 0.18
56 24 0.24
56 26 0.58
29 56 0.24
33 56 0.18
34 56 0.35
38 56 0.27
44 56 0.29
45 56 0.12
56 48 0.58
68 56 3.0E-4
1 57 0.14
9 57 0.17
57 13 1.0
17 57 0.1
18 57 0.15
57 21 0.38
57 25 0.58
57 27 0.5
57 36 0.71
37 57 0.26
57 43 0.71
45 57 0.2
57 47 1.0
57 49 0.45
57 51 0.45
52 57 0.3
57 53 0.24
57 55 0.71
57 68 8.0E-4
4 58 0.32
5 58 0.35
17 58 0.1
58 22 1.0
45 58 0.2
53 58 0.24
68 58 4.0E-4
1 59 0.28
3 59 0.13
59 6 0.35
59 7 0.2
9 59 0.09
14 59 0.16
17 59 0.2
18 59 0.29
59 20 0.2
21 59 0.19
23 59 0.12
59 24 0.41
25 59 0.29
59 28 0.45
59 29 0.2
59 31 0.5
59 32 0.35
34 59 0.15
59 35 0.35
37 59 0.26
59 38 0.12
59 40 0.29
45 59 0.1
59 50 0.33
52 59 0.15
53 59 0.24
68 59 6.0E-4
1 60 0.1
60 3 0.18
60 5 0.25
9 60 0.12
60 13 0.71
17 60 0.14
18 60 0.1
60 21 0.27
60 25 0.41
60 27 0.35
60 36 0.5
37 60 0.18
60 43 0.5
45 60 0.14
60 47 0.71
60 49 0.32
60 51 0.32
52 60 0.21
60 53 0.17
60 55 0.5
60 57 0.71
60 68 4.0E-4
2 61 0.45
4 61 0.32
7 61 0.41
9 61 0.17
14 61 0.32
16 61 0.58
17 61 0.1
18 61 0.15
20 61 0.41
21 61 0.38
51 61 0.45
52 61 0.3
53 61 0.24
68 61 5.0E-4
62 1 0.1
62 2 0.16
62 3 0.09
62 4 0.22
62 5 0.13
62 7 0.14
62 9 0.06
62 14 0.11
62 16 0.2
62 17 0.29
62 18 0.1
62 20 0.14
62 21 0.13
62 23 0.17
62 27 0.18
62 37 0.18
62 38 0.25
62 40 0.2
62 44 0.18
62 45 0.22
62 51 0.16
62 52 0.21
62 53 0.09
62 61 0.35
62 68 1.0E-4
1 63 0.14
9 63 0.17
63 13 1.0
17 63 0.1
18 63 0.15
63 21 0.38
63 25 0.58
63 27 0.5
63 36 0.71
37 63 0.26
63 43 0.71
45 63 0.2
63 47 1.0
63 49 0.45
63 51 0.45
52 63 0.3
63 53 0.24
63 55 0.71
63 57 1.0
63 60 0.71
63 68 8.0E-4
1 64 0.32
3 64 0.09
4 64 0.12
9 64 0.33
64 11 0.38
14 64 0.24
64 16 0.22
17 64 0.27
18 64 0.28
64 19 0.38
20 64 0.15
21 64 0.14
64 24 0.15
64 28 0.68
64 35 0.27
36 64 0.27
37 64 0.29
45 64 0.08
64 50 0.38
51 64 0.17
52 64 0.11
53 64 0.09
59 64 0.38
68 64 2.0E-4
1 65 0.14
9 65 0.17
65 13 1.0
17 65 0.1
18 65 0.15
65 21 0.38
65 25 0.58
65 27 0.5
65 36 0.71
37 65 0.26
65 43 0.71
45 65 0.2
65 47 1.0
65 49 0.45
65 51 0.45
52 65 0.3
65 53 0.24
65 55 0.71
65 57 1.0
65 60 0.71
65 63 1.0
65 68 8.0E-4
1 66 0.14
2 66 0.45
7 66 0.41
9 66 0.17
14 66 0.32
17 66 0.1
18 66 0.15
21 66 0.38
37 66 0.26
42 66 0.32
46 66 0.71
51 66 0.45
52 66 0.3
53 66 0.24
68 66 5.0E-4
1 67 0.07
3 67 0.25
5 67 0.35
9 67 0.26
67 15 0.5
17 67 0.2
18 67 0.22
23 67 0.12
27 67 0.25
67 30 0.5
33 67 0.16
67 39 0.5
42 67 0.16
45 67 0.1
50 67 0.17
53 67 0.12
67 54 0.5
68 67 2.0E-4
