*Vertices  16
1 "LED灯"
2 "电容"
3 "容器"
4 "整流器"
5 "开关"
6 "变压器"
7 "LED"
8 "二极管"
9 "三极管"
10 "半导体"
11 "蓄电池"
12 "电感"
13 "电极"
14 "电阻"
15 "晶体闸流管"
16 "电抗器"
*Arcs
1 16 0.0029
1 2 0.35
2 16 0.0101
1 3 0.19
2 3 0.37
16 3 0.0195
1 4 0.29
2 4 0.68
4 3 0.55
4 16 0.0175
5 1 0.37
5 2 0.39
5 3 0.31
5 4 0.21
5 16 0.0043
1 6 0.31
2 6 0.61
6 3 0.42
6 4 0.77
5 6 0.33
6 16 0.0121
7 1 0.73
7 2 0.37
7 3 0.23
7 4 0.25
7 5 0.58
7 6 0.32
7 16 0.0020
8 1 0.35
8 2 0.45
8 3 0.26
8 4 0.36
8 5 0.58
8 6 0.42
8 7 0.7
8 16 0.0036
1 9 0.21
9 2 0.63
9 3 0.34
9 4 0.31
5 9 0.46
9 6 0.36
7 9 0.27
8 9 0.39
9 16 0.0059
10 1 0.33
10 2 0.21
10 3 0.35
10 4 0.21
10 5 0.18
10 6 0.33
10 7 0.39
10 8 0.45
10 9 0.2
10 16 0.0073
1 11 0.31
2 11 0.18
11 3 0.28
4 11 0.26
5 11 0.33
6 11 0.2
7 11 0.32
8 11 0.18
9 11 0.12
10 11 0.16
16 11 0.0094
1 12 0.25
12 2 0.62
12 3 0.6
12 4 0.55
5 12 0.39
12 6 0.57
7 12 0.23
8 12 0.33
12 9 0.68
10 12 0.35
12 11 0.28
12 16 0.0209
13 1 0.17
13 2 0.42
13 3 0.27
13 4 0.25
13 5 0.26
13 6 0.29
13 7 0.34
13 8 0.4
13 9 0.57
13 10 0.54
13 11 0.1
13 12 0.54
13 16 0.0038
1 14 0.27
14 2 0.81
14 3 0.33
14 4 0.59
5 14 0.46
14 6 0.54
7 14 0.42
8 14 0.57
14 9 0.64
10 14 0.25
14 11 0.15
14 12 0.54
13 14 0.44
14 16 0.0080
1 15 0.14
2 15 0.28
3 15 0.45
4 15 0.41
5 15 0.17
6 15 0.32
7 15 0.1
8 15 0.15
9 15 0.38
10 15 0.26
11 15 0.32
12 15 0.45
13 15 0.3
14 15 0.24
16 15 0.0201
