*Vertices  93
1 "LCD显示屏"
2 "显示器"
3 "衬底"
4 "LED灯"
5 "滤波片"
6 "光纤"
7 "电容"
8 "容器"
9 "传感器"
10 "控制器"
11 "荧光粉"
12 "整流器"
13 "开关"
14 "发光荧光材料"
15 "III-V族半导体材料"
16 "GAN"
17 "保护层"
18 "PD"
19 "功率因数校正"
20 "模数转换集成块"
21 "活性层"
22 "变压器"
23 "发光板"
24 "LED外延片"
25 "外延片"
26 "外延"
27 "LED"
28 "液晶显示模块"
29 "二极管"
30 "整流二极管"
31 "稳压二极管"
32 "三极管"
33 "玻璃"
34 "通道"
35 "接收管"
36 "LED光源"
37 "腐蚀液"
38 "转换器"
39 "铝基板"
40 "基板"
41 "红外线发射管"
42 "滤光片"
43 "发光体"
44 "加热片"
45 "光刻胶"
46 "SiO2"
47 "放大器"
48 "半导体"
49 "电路板"
50 "Al2O3"
51 "GaAs"
52 "MQW"
53 "SMT"
54 "ITO"
55 "键合"
56 "客户"
57 "光子晶体"
58 "蓄电池"
59 "充电电池"
60 "FPC连接器"
61 "LED芯片"
62 "芯片"
63 "金属层"
64 "电流扩展层"
65 "电抗器"
66 "充电器"
67 "存储器"
68 "Li"
69 "电感"
70 "离子"
71 "电阻"
72 "基色"
73 "脉冲信号"
74 "光子晶体谐振腔"
75 "激光"
76 "粘附层"
77 "超声波"
78 "MOCVD"
79 "湿法刻蚀"
80 "干法刻蚀"
81 "射灯"
82 "检测仪"
83 "光电耦合器"
84 "屏幕"
85 "透镜"
86 "透明导电层"
87 "反射层"
88 "扬声器"
89 "激发光"
90 "发光管"
91 "提示仪"
92 "晶体闸流管"
93 "电极"
*Arcs
93 1 1.0E-4
2 1 0.47
93 2 1.0E-4
93 3 0.0018
4 1 0.05
4 2 0.05
93 4 2.0E-4
3 5 0.63
93 5 9.0E-4
3 6 0.52
6 5 0.82
93 6 6.0E-4
4 7 0.35
93 7 7.0E-4
4 8 0.19
7 8 0.37
93 8 3.0E-4
9 1 0.18
9 2 0.17
4 9 0.21
9 6 0.14
7 9 0.14
93 9 0.0
1 10 0.34
2 10 0.32
4 10 0.18
7 10 0.18
8 10 0.14
9 10 0.32
93 10 1.0E-4
3 11 0.32
4 11 0.1
8 11 0.32
93 11 2.0E-4
4 12 0.29
7 12 0.68
12 8 0.55
12 10 0.13
93 12 2.0E-4
13 1 0.18
13 2 0.06
13 4 0.37
13 7 0.39
13 8 0.31
13 9 0.26
13 10 0.22
13 12 0.21
93 13 3.0E-4
3 14 0.26
4 14 0.16
14 8 0.26
14 11 0.41
93 14 1.0E-4
3 15 0.63
15 5 1.0
6 15 0.82
93 15 9.0E-4
3 16 0.63
16 5 1.0
6 16 0.82
16 15 1.0
93 16 9.0E-4
3 17 0.45
17 14 0.58
93 17 3.0E-4
3 18 0.63
18 5 1.0
6 18 0.82
18 15 1.0
18 16 1.0
93 18 9.0E-4
4 19 0.14
7 19 0.28
13 19 0.17
93 19 3.0E-4
4 20 0.14
20 7 0.28
13 20 0.17
93 20 4.0E-4
3 21 0.45
21 14 0.58
21 17 1.0
93 21 3.0E-4
22 2 0.11
4 22 0.31
7 22 0.61
22 8 0.42
22 10 0.1
22 12 0.77
13 22 0.33
22 19 0.32
93 22 3.0E-4
4 23 0.16
7 23 0.32
8 23 0.26
10 23 0.18
12 23 0.24
13 23 0.2
23 19 0.58
22 23 0.37
93 23 4.0E-4
24 3 0.45
93 24 3.0E-4
25 3 0.77
25 5 0.82
25 6 0.67
25 15 0.82
25 16 0.82
25 18 0.82
25 24 0.58
93 25 0.0012
26 3 1.0
26 5 0.63
26 6 0.52
26 11 0.32
26 14 0.26
26 15 0.63
26 16 0.63
26 17 0.45
26 18 0.63
26 21 0.45
26 24 0.45
26 25 0.77
93 26 0.0018
27 1 0.29
27 2 0.3
27 3 0.23
27 4 0.73
27 5 0.14
27 6 0.18
27 7 0.37
27 8 0.23
27 9 0.41
27 10 0.32
27 11 0.14
27 12 0.25
27 13 0.58
27 14 0.18
27 15 0.14
27 16 0.14
27 17 0.1
27 18 0.14
27 19 0.1
27 20 0.1
27 21 0.1
27 22 0.32
27 23 0.18
27 24 0.1
27 25 0.18
27 26 0.23
93 27 6.0E-4
28 1 0.71
2 28 0.5
9 28 0.13
28 10 0.47
13 28 0.17
27 28 0.2
93 28 1.0E-4
29 1 0.15
29 2 0.19
29 3 0.26
29 4 0.35
29 5 0.21
29 6 0.25
29 7 0.45
29 8 0.26
29 9 0.29
29 10 0.14
29 12 0.36
29 13 0.58
29 14 0.17
29 15 0.21
29 16 0.21
29 17 0.15
29 18 0.21
29 19 0.15
29 20 0.15
29 21 0.15
29 22 0.42
29 23 0.17
29 24 0.15
29 25 0.25
29 26 0.26
29 27 0.7
29 28 0.15
93 29 8.0E-4
4 30 0.14
7 30 0.28
13 30 0.17
30 19 1.0
22 30 0.32
23 30 0.58
27 30 0.1
29 30 0.15
93 30 3.0E-4
31 1 0.14
4 31 0.23
7 31 0.57
31 8 0.18
9 31 0.1
31 10 0.26
31 12 0.67
13 31 0.21
31 19 0.41
22 31 0.65
31 23 0.47
27 31 0.25
31 28 0.2
29 31 0.36
31 30 0.41
93 31 3.0E-4
32 1 0.13
32 2 0.13
4 32 0.21
32 7 0.63
32 8 0.34
32 9 0.09
32 10 0.12
32 12 0.31
13 32 0.46
32 19 0.38
32 20 0.38
32 22 0.36
32 23 0.44
27 32 0.27
32 28 0.19
29 32 0.39
32 30 0.38
32 31 0.31
93 32 0.0011
33 2 0.24
3 33 0.22
4 33 0.27
33 5 0.34
6 33 0.28
7 33 0.07
9 33 0.06
13 33 0.17
33 15 0.34
33 16 0.34
33 18 0.34
33 22 0.08
25 33 0.28
26 33 0.22
27 33 0.42
29 33 0.32
32 33 0.09
93 33 2.0E-4
3 34 0.18
4 34 0.23
34 5 0.29
6 34 0.24
7 34 0.23
9 34 0.1
13 34 0.07
34 15 0.29
34 16 0.29
34 18 0.29
25 34 0.24
26 34 0.18
27 34 0.25
29 34 0.24
32 34 0.15
33 34 0.2
93 34 3.0E-4
35 1 0.2
35 2 0.19
4 35 0.16
35 7 0.32
35 9 0.14
13 35 0.3
35 20 0.58
27 35 0.18
35 28 0.29
29 35 0.25
35 32 0.65
35 33 0.14
35 34 0.24
93 35 5.0E-4
36 1 0.11
36 2 0.2
3 36 0.27
4 36 0.3
36 5 0.43
36 6 0.35
36 8 0.13
36 11 0.21
13 36 0.05
36 14 0.17
36 15 0.43
36 16 0.43
36 18 0.43
36 22 0.1
25 36 0.35
26 36 0.27
27 36 0.34
36 28 0.15
29 36 0.31
32 36 0.11
36 33 0.29
36 34 0.25
35 36 0.17
93 36 2.0E-4
37 3 0.45
37 24 1.0
37 25 0.58
37 26 0.45
37 27 0.1
37 29 0.15
93 37 3.0E-4
38 1 0.35
4 38 0.07
38 7 0.28
38 9 0.25
38 10 0.16
13 38 0.26
38 20 0.5
27 38 0.2
38 28 0.25
29 38 0.22
38 31 0.2
38 32 0.19
38 35 0.29
93 38 1.0E-4
4 39 0.31
7 39 0.12
13 39 0.16
39 19 0.45
22 39 0.28
23 39 0.26
27 39 0.23
29 39 0.26
39 30 0.45
31 39 0.18
32 39 0.17
34 39 0.18
93 39 1.0E-4
3 40 0.18
4 40 0.29
7 40 0.45
40 11 0.29
40 12 0.5
22 40 0.39
26 40 0.18
27 40 0.25
29 40 0.18
40 31 0.5
40 34 0.17
93 40 1.0E-4
4 41 0.14
7 41 0.28
9 41 0.25
13 41 0.17
27 41 0.1
29 41 0.15
32 41 0.38
33 41 0.24
34 41 0.41
35 41 0.58
93 41 2.0E-4
42 1 0.2
2 42 0.19
3 42 0.52
42 5 0.82
6 42 0.67
13 42 0.1
42 15 0.82
42 16 0.82
42 18 0.82
25 42 0.67
26 42 0.52
27 42 0.18
42 28 0.29
29 42 0.25
32 42 0.22
33 42 0.28
42 34 0.24
35 42 0.33
36 42 0.52
93 42 6.0E-4
4 43 0.2
7 43 0.2
9 43 0.18
13 43 0.25
27 43 0.14
29 43 0.21
32 43 0.27
33 43 0.17
43 34 0.29
35 43 0.41
43 41 0.71
93 43 1.0E-4
1 44 0.35
2 44 0.33
10 44 0.32
27 44 0.1
28 44 0.5
93 44 2.0E-4
45 3 0.45
45 24 1.0
45 25 0.58
45 26 0.45
45 27 0.1
45 29 0.15
45 37 1.0
93 45 3.0E-4
46 3 0.67
46 5 0.71
46 6 0.58
46 15 0.71
46 16 0.71
46 18 0.71
46 24 0.5
46 25 0.87
46 26 0.67
46 27 0.2
46 29 0.22
46 33 0.36
46 34 0.2
46 36 0.3
46 37 0.5
46 42 0.58
46 45 0.5
93 46 9.0E-4
4 47 0.2
47 7 0.39
13 47 0.25
47 19 0.71
47 20 0.71
47 22 0.22
47 23 0.41
27 47 0.14
29 47 0.21
47 30 0.71
47 31 0.29
47 32 0.53
47 35 0.41
47 38 0.35
47 39 0.32
93 47 7.0E-4
48 2 0.09
48 3 0.58
48 4 0.33
48 5 0.37
48 6 0.3
48 7 0.21
48 8 0.35
48 11 0.37
48 12 0.21
48 13 0.18
48 14 0.45
48 15 0.37
48 16 0.37
48 17 0.26
48 18 0.37
48 20 0.26
48 21 0.26
48 22 0.33
48 24 0.26
48 25 0.45
48 26 0.58
48 27 0.39
48 29 0.45
48 32 0.2
48 33 0.25
48 34 0.21
48 35 0.15
48 36 0.31
48 37 0.26
48 38 0.13
48 39 0.35
48 40 0.11
48 42 0.3
48 45 0.26
48 46 0.39
48 47 0.18
93 48 0.0013
49 1 0.25
2 49 0.31
4 49 0.4
7 49 0.13
49 8 0.11
9 49 0.12
49 10 0.15
49 11 0.17
13 49 0.12
49 14 0.27
27 49 0.43
49 28 0.24
29 49 0.24
32 49 0.27
33 49 0.4
49 34 0.1
35 49 0.27
36 49 0.21
49 41 0.24
49 42 0.14
49 43 0.17
46 49 0.12
48 49 0.18
93 49 1.0E-4
3 50 0.89
50 5 0.71
6 50 0.58
50 11 0.35
50 14 0.29
50 15 0.71
50 16 0.71
50 17 0.5
50 18 0.71
50 21 0.5
25 50 0.58
26 50 0.89
27 50 0.2
29 50 0.22
33 50 0.24
50 34 0.2
36 50 0.3
40 50 0.2
42 50 0.58
46 50 0.5
48 50 0.52
93 50 0.0014
3 51 0.77
51 5 0.82
6 51 0.67
11 51 0.41
51 15 0.82
51 16 0.82
51 18 0.82
25 51 0.67
26 51 0.77
27 51 0.18
29 51 0.17
33 51 0.28
34 51 0.24
36 51 0.35
40 51 0.24
42 51 0.67
46 51 0.58
48 51 0.45
50 51 0.87
93 51 0.0011
3 52 0.63
52 5 1.0
6 52 0.82
52 15 1.0
52 16 1.0
52 18 1.0
25 52 0.82
26 52 0.63
27 52 0.14
29 52 0.21
33 52 0.34
34 52 0.29
36 52 0.43
42 52 0.82
46 52 0.71
48 52 0.37
50 52 0.71
51 52 0.82
93 52 9.0E-4
1 53 0.5
2 53 0.47
10 53 0.45
27 53 0.14
28 53 0.71
53 44 0.71
49 53 0.17
93 53 1.0E-4
54 1 0.16
54 2 0.15
54 3 0.8
54 5 0.63
54 6 0.52
54 10 0.14
54 14 0.26
54 15 0.63
54 16 0.63
54 17 0.45
54 18 0.63
54 21 0.45
54 24 0.45
54 25 0.77
54 26 0.8
54 27 0.23
54 28 0.22
54 29 0.26
54 33 0.22
54 34 0.18
54 36 0.27
54 37 0.45
54 42 0.52
54 44 0.45
54 45 0.45
54 46 0.67
54 48 0.46
54 50 0.67
54 51 0.52
54 52 0.63
54 53 0.32
93 54 0.0018
3 55 0.45
11 55 0.71
26 55 0.45
27 55 0.1
40 55 0.41
48 55 0.26
50 55 0.5
55 51 0.58
93 55 2.0E-4
1 56 0.2
2 56 0.19
4 56 0.24
7 56 0.16
9 56 0.29
13 56 0.1
27 56 0.18
29 56 0.08
32 56 0.22
33 56 0.14
56 34 0.24
35 56 0.33
56 41 0.58
43 56 0.41
49 56 0.27
93 56 1.0E-4
3 57 0.63
57 5 1.0
6 57 0.82
57 15 1.0
57 16 1.0
57 18 1.0
25 57 0.82
26 57 0.63
27 57 0.14
29 57 0.21
33 57 0.34
34 57 0.29
36 57 0.43
42 57 0.82
46 57 0.71
48 57 0.37
50 57 0.71
51 57 0.82
57 52 1.0
54 57 0.63
93 57 9.0E-4
4 58 0.31
7 58 0.18
58 8 0.28
58 10 0.1
12 58 0.26
13 58 0.33
22 58 0.2
27 58 0.32
29 58 0.18
32 58 0.12
33 58 0.15
48 58 0.16
93 58 0.0
4 59 0.1
59 7 0.39
13 59 0.25
59 20 0.71
27 59 0.14
29 59 0.21
59 32 0.53
59 35 0.41
59 38 0.35
59 47 0.5
48 59 0.18
59 49 0.17
93 59 2.0E-4
1 60 0.35
2 60 0.33
10 60 0.32
27 60 0.1
28 60 0.5
60 44 1.0
60 53 0.71
54 60 0.45
93 60 2.0E-4
61 3 0.45
61 4 0.14
61 7 0.14
61 8 0.22
61 11 0.71
61 14 0.29
61 24 0.5
61 25 0.29
61 26 0.45
61 27 0.2
61 29 0.07
61 34 0.2
61 36 0.15
61 37 0.5
61 40 0.41
61 45 0.5
61 46 0.25
61 48 0.39
61 49 0.12
61 50 0.25
61 51 0.29
61 54 0.22
61 55 0.5
93 61 3.0E-4
62 1 0.36
62 2 0.34
62 3 0.37
62 4 0.26
62 5 0.29
62 6 0.24
62 7 0.4
62 8 0.09
62 9 0.31
62 10 0.39
62 11 0.29
62 13 0.28
62 14 0.12
62 15 0.29
62 16 0.29
62 18 0.29
62 19 0.2
62 20 0.2
62 22 0.13
62 23 0.12
62 24 0.2
62 25 0.35
62 26 0.37
62 27 0.5
62 28 0.41
62 29 0.42
62 30 0.2
62 31 0.17
62 32 0.39
62 33 0.3
62 34 0.25
62 35 0.35
62 36 0.31
62 37 0.2
62 38 0.31
62 39 0.18
62 40 0.17
62 41 0.2
62 42 0.35
62 43 0.14
62 44 0.2
62 45 0.2
62 46 0.31
62 47 0.29
62 48 0.42
62 49 0.38
62 50 0.31
62 51 0.35
62 52 0.29
62 53 0.29
62 54 0.37
62 55 0.2
62 56 0.12
62 57 0.29
62 59 0.29
62 60 0.2
62 61 0.41
93 62 0.0011
63 3 0.89
63 5 0.71
63 6 0.58
63 14 0.29
63 15 0.71
63 16 0.71
63 17 0.5
63 18 0.71
63 21 0.5
63 24 0.5
63 25 0.87
63 26 0.89
63 27 0.2
63 29 0.29
63 33 0.24
63 34 0.2
63 36 0.3
63 37 0.5
63 42 0.58
63 45 0.5
63 46 0.75
63 48 0.52
63 50 0.75
63 51 0.58
63 52 0.71
63 54 0.89
63 57 0.71
63 61 0.25
63 62 0.31
93 63 0.0015
3 64 0.63
64 5 1.0
6 64 0.82
64 15 1.0
64 16 1.0
64 18 1.0
25 64 0.82
26 64 0.63
27 64 0.14
29 64 0.21
33 64 0.34
34 64 0.29
36 64 0.43
42 64 0.82
46 64 0.71
48 64 0.37
50 64 0.71
51 64 0.82
64 52 1.0
54 64 0.63
64 57 1.0
62 64 0.29
63 64 0.71
93 64 9.0E-4
4 65 0.2
7 65 0.39
65 8 0.63
12 65 0.58
13 65 0.25
22 65 0.45
27 65 0.14
29 65 0.21
32 65 0.27
48 65 0.37
65 58 0.45
93 65 2.0E-4
4 66 0.14
66 7 0.28
13 66 0.17
66 20 1.0
27 66 0.1
29 66 0.15
66 32 0.38
66 35 0.58
66 38 0.5
66 47 0.71
48 66 0.26
66 59 0.71
62 66 0.2
93 66 4.0E-4
67 1 0.32
67 2 0.15
4 67 0.06
67 7 0.12
67 9 0.22
67 10 0.14
13 67 0.31
67 20 0.45
27 67 0.23
67 28 0.45
29 67 0.33
67 31 0.18
67 32 0.34
67 35 0.52
67 36 0.13
67 38 0.45
67 42 0.26
67 47 0.32
48 67 0.12
67 49 0.11
67 59 0.32
62 67 0.27
67 66 0.45
93 67 1.0E-4
3 68 0.3
4 68 0.23
68 5 0.47
6 68 0.38
7 68 0.09
9 68 0.08
13 68 0.12
14 68 0.19
68 15 0.47
68 16 0.47
68 18 0.47
22 68 0.11
25 68 0.38
26 68 0.3
27 68 0.3
29 68 0.44
33 68 0.32
68 34 0.27
36 68 0.3
38 68 0.17
68 39 0.45
42 68 0.38
46 68 0.33
48 68 0.52
49 68 0.16
50 68 0.33
68 51 0.38
68 52 0.47
54 68 0.3
68 57 0.47
62 68 0.27
63 68 0.33
68 64 0.47
93 68 2.0E-4
4 69 0.25
69 7 0.62
69 8 0.6
69 10 0.14
69 12 0.55
13 69 0.39
69 19 0.45
69 20 0.45
69 22 0.57
69 23 0.52
27 69 0.23
29 69 0.33
69 30 0.45
69 31 0.37
69 32 0.68
69 35 0.26
69 38 0.22
69 39 0.2
69 47 0.63
48 69 0.35
69 58 0.28
69 59 0.32
62 69 0.18
69 65 0.63
69 66 0.45
69 67 0.2
93 69 0.0010
70 1 0.25
70 2 0.12
3 70 0.32
4 70 0.1
70 5 0.5
6 70 0.41
70 15 0.5
70 16 0.5
70 18 0.5
70 22 0.11
25 70 0.41
26 70 0.32
27 70 0.29
29 70 0.21
70 33 0.34
70 34 0.14
36 70 0.32
38 70 0.18
70 42 0.41
46 70 0.35
48 70 0.27
70 49 0.17
70 50 0.35
70 51 0.41
70 52 0.5
54 70 0.32
70 57 0.5
62 70 0.29
63 70 0.35
70 64 0.5
70 68 0.35
93 70 2.0E-4
71 1 0.26
71 2 0.08
3 71 0.11
4 71 0.27
71 5 0.17
71 6 0.14
71 7 0.81
71 8 0.33
71 9 0.24
71 10 0.23
71 12 0.59
13 71 0.46
71 15 0.17
71 16 0.17
71 18 0.17
71 19 0.24
71 20 0.24
71 22 0.54
71 23 0.28
25 71 0.14
26 71 0.11
27 71 0.42
71 28 0.24
29 71 0.57
71 30 0.24
71 31 0.59
71 32 0.64
71 33 0.12
71 34 0.3
71 35 0.42
71 36 0.15
71 38 0.36
71 39 0.11
71 40 0.3
71 41 0.24
71 42 0.28
71 43 0.17
46 71 0.12
71 47 0.34
48 71 0.25
71 49 0.17
71 50 0.12
71 51 0.14
71 52 0.17
54 71 0.11
71 56 0.14
71 57 0.17
71 58 0.15
71 59 0.34
62 71 0.5
63 71 0.12
71 64 0.17
71 65 0.34
71 66 0.24
71 67 0.33
71 68 0.16
71 69 0.54
71 70 0.09
93 71 9.0E-4
3 72 0.32
72 11 0.5
26 72 0.32
27 72 0.14
33 72 0.17
40 72 0.29
46 72 0.35
48 72 0.18
49 72 0.17
50 72 0.35
72 51 0.41
72 55 0.71
61 72 0.35
62 72 0.14
93 72 1.0E-4
4 73 0.1
73 7 0.2
73 9 0.18
13 73 0.12
73 20 0.71
27 73 0.14
29 73 0.21
73 32 0.27
73 35 0.41
73 38 0.35
73 47 0.5
48 73 0.18
73 59 0.5
62 73 0.14
73 66 0.71
73 67 0.32
73 69 0.32
73 71 0.17
93 73 2.0E-4
3 74 0.63
74 5 1.0
6 74 0.82
74 15 1.0
74 16 1.0
74 18 1.0
25 74 0.82
26 74 0.63
27 74 0.14
29 74 0.21
33 74 0.34
34 74 0.29
36 74 0.43
42 74 0.82
46 74 0.71
48 74 0.37
50 74 0.71
51 74 0.82
74 52 1.0
54 74 0.63
74 57 1.0
62 74 0.29
63 74 0.71
74 64 1.0
68 74 0.47
70 74 0.5
71 74 0.17
93 74 9.0E-4
1 75 0.14
2 75 0.27
3 75 0.73
4 75 0.06
75 5 0.58
6 75 0.47
9 75 0.1
75 10 0.13
75 11 0.29
75 14 0.24
75 15 0.58
75 16 0.58
75 17 0.41
75 18 0.58
75 21 0.41
25 75 0.47
26 75 0.73
27 75 0.25
29 75 0.18
33 75 0.2
75 34 0.17
36 75 0.25
40 75 0.17
42 75 0.47
46 75 0.41
48 75 0.42
49 75 0.1
75 50 0.82
75 51 0.71
75 52 0.58
54 75 0.55
75 55 0.41
75 56 0.24
75 57 0.58
61 75 0.2
62 75 0.33
63 75 0.61
75 64 0.58
75 68 0.27
70 75 0.29
71 75 0.1
75 72 0.29
75 74 0.58
93 75 0.0010
3 76 0.45
76 14 0.58
76 17 1.0
76 21 1.0
26 76 0.45
27 76 0.1
29 76 0.15
48 76 0.26
76 50 0.5
54 76 0.45
63 76 0.5
76 75 0.41
93 76 3.0E-4
4 77 0.14
77 7 0.28
13 77 0.17
77 20 1.0
27 77 0.1
29 77 0.15
77 32 0.38
77 35 0.58
77 38 0.5
77 47 0.71
48 77 0.26
77 59 0.71
62 77 0.2
77 66 1.0
77 67 0.45
77 69 0.45
77 71 0.24
77 73 0.71
93 77 4.0E-4
3 78 0.63
78 5 1.0
6 78 0.82
78 15 1.0
78 16 1.0
78 18 1.0
25 78 0.82
26 78 0.63
27 78 0.14
29 78 0.21
33 78 0.34
34 78 0.29
36 78 0.43
42 78 0.82
46 78 0.71
48 78 0.37
50 78 0.71
51 78 0.82
78 52 1.0
54 78 0.63
78 57 1.0
62 78 0.29
63 78 0.71
78 64 1.0
68 78 0.47
70 78 0.5
71 78 0.17
78 74 1.0
75 78 0.58
93 78 9.0E-4
79 3 0.77
79 5 0.82
79 6 0.67
79 15 0.82
79 16 0.82
79 18 0.82
79 24 0.58
79 25 1.0
79 26 0.77
79 27 0.18
79 29 0.25
79 33 0.28
79 34 0.24
79 36 0.35
79 37 0.58
79 42 0.67
79 45 0.58
79 46 0.87
79 48 0.45
79 50 0.58
79 51 0.67
79 52 0.82
79 54 0.77
79 57 0.82
79 61 0.29
79 62 0.35
79 63 0.87
79 64 0.82
79 68 0.38
79 70 0.41
79 71 0.14
79 74 0.82
79 75 0.47
79 78 0.82
79 93 0.0012
3 80 0.77
80 5 0.82
6 80 0.67
11 80 0.41
80 15 0.82
80 16 0.82
80 18 0.82
25 80 0.67
26 80 0.77
27 80 0.18
29 80 0.17
33 80 0.28
34 80 0.24
36 80 0.35
40 80 0.24
42 80 0.67
46 80 0.58
48 80 0.45
50 80 0.87
80 51 1.0
80 52 0.82
54 80 0.52
80 55 0.58
80 57 0.82
61 80 0.29
62 80 0.35
63 80 0.58
80 64 0.82
68 80 0.38
70 80 0.41
71 80 0.14
72 80 0.41
80 74 0.82
75 80 0.71
80 78 0.82
79 80 0.67
93 80 0.0011
4 81 0.28
7 81 0.28
9 81 0.13
81 12 0.2
13 81 0.09
22 81 0.16
27 81 0.2
29 81 0.29
81 31 0.2
32 81 0.19
33 81 0.12
81 34 0.41
35 81 0.29
81 39 0.45
81 40 0.2
81 41 0.5
81 43 0.35
48 81 0.26
81 49 0.12
81 56 0.29
62 81 0.1
81 68 0.33
71 81 0.24
93 81 1.0E-4
82 2 0.24
4 82 0.1
82 7 0.2
82 9 0.18
13 82 0.12
82 20 0.71
27 82 0.14
29 82 0.1
82 32 0.27
82 35 0.41
82 38 0.35
82 47 0.5
48 82 0.18
82 59 0.5
62 82 0.14
82 66 0.71
82 67 0.32
82 69 0.32
82 71 0.17
82 73 0.5
82 77 0.71
93 82 2.0E-4
7 83 0.28
8 83 0.45
10 83 0.32
12 83 0.41
13 83 0.17
22 83 0.32
23 83 0.58
27 83 0.1
29 83 0.15
31 83 0.41
32 83 0.38
69 83 0.45
71 83 0.24
93 83 2.0E-4
84 1 0.25
84 2 0.24
84 3 0.16
84 4 0.1
84 7 0.1
84 8 0.16
84 9 0.09
84 10 0.22
84 12 0.14
84 13 0.06
84 22 0.11
84 23 0.2
84 24 0.35
84 25 0.2
84 26 0.16
84 27 0.29
84 29 0.1
84 31 0.14
84 32 0.13
84 33 0.17
84 37 0.35
84 38 0.18
84 45 0.35
84 46 0.35
84 48 0.18
84 49 0.25
84 54 0.16
84 56 0.2
84 61 0.18
84 62 0.22
84 63 0.18
84 69 0.16
84 70 0.13
84 71 0.09
84 72 0.25
84 75 0.29
84 79 0.2
84 83 0.35
84 93 2.0E-4
3 85 0.18
85 4 0.23
85 5 0.29
85 6 0.24
85 8 0.18
85 9 0.1
85 11 0.29
85 13 0.07
85 14 0.47
85 15 0.29
85 16 0.29
85 18 0.29
25 85 0.24
26 85 0.18
27 85 0.25
29 85 0.18
85 33 0.1
85 36 0.25
85 40 0.17
85 42 0.24
46 85 0.2
48 85 0.32
85 49 0.19
85 50 0.2
85 51 0.24
85 52 0.29
54 85 0.18
85 57 0.29
61 85 0.2
62 85 0.17
63 85 0.2
85 64 0.29
85 67 0.18
85 68 0.27
85 70 0.14
85 74 0.29
85 75 0.17
85 78 0.29
79 85 0.24
85 80 0.24
93 85 1.0E-4
3 86 0.45
86 14 0.58
86 17 1.0
86 21 1.0
26 86 0.45
27 86 0.1
29 86 0.15
48 86 0.26
86 50 0.5
54 86 0.45
63 86 0.5
86 75 0.41
86 76 1.0
93 86 3.0E-4
87 3 0.67
87 11 0.35
87 14 0.29
87 17 0.5
87 21 0.5
87 24 0.5
87 25 0.29
87 26 0.67
87 27 0.2
87 29 0.15
87 33 0.12
87 37 0.5
87 40 0.2
87 45 0.5
87 46 0.5
87 48 0.39
87 49 0.12
87 50 0.5
87 51 0.29
87 54 0.45
87 55 0.5
87 61 0.5
87 62 0.2
87 63 0.5
87 72 0.71
87 75 0.41
87 76 0.5
87 79 0.29
87 80 0.29
87 84 0.35
87 86 0.5
87 93 7.0E-4
4 88 0.14
88 7 0.28
13 88 0.17
88 20 1.0
27 88 0.1
29 88 0.15
88 32 0.38
88 35 0.58
88 38 0.5
88 47 0.71
48 88 0.26
88 59 0.71
62 88 0.2
88 66 1.0
88 67 0.45
88 69 0.45
88 71 0.24
88 73 0.71
88 77 1.0
88 82 0.71
93 88 4.0E-4
3 89 0.63
89 5 1.0
6 89 0.82
89 15 1.0
89 16 1.0
89 18 1.0
25 89 0.82
26 89 0.63
27 89 0.14
29 89 0.21
33 89 0.34
34 89 0.29
36 89 0.43
42 89 0.82
46 89 0.71
48 89 0.37
50 89 0.71
51 89 0.82
89 52 1.0
54 89 0.63
89 57 1.0
62 89 0.29
63 89 0.71
89 64 1.0
68 89 0.47
70 89 0.5
71 89 0.17
89 74 1.0
75 89 0.58
89 78 1.0
79 89 0.82
80 89 0.82
85 89 0.29
93 89 9.0E-4
4 90 0.32
7 90 0.1
9 90 0.09
10 90 0.12
13 90 0.33
90 19 0.38
22 90 0.24
90 23 0.22
27 90 0.27
29 90 0.28
90 30 0.38
31 90 0.15
32 90 0.14
90 34 0.15
90 39 0.68
90 43 0.27
47 90 0.27
48 90 0.29
62 90 0.08
90 68 0.38
69 90 0.17
71 90 0.09
81 90 0.38
93 90 1.0E-4
4 91 0.14
91 7 0.28
13 91 0.17
91 20 1.0
27 91 0.1
29 91 0.15
91 32 0.38
91 35 0.58
91 38 0.5
91 47 0.71
48 91 0.26
91 59 0.71
62 91 0.2
91 66 1.0
91 67 0.45
91 69 0.45
91 71 0.24
91 73 0.71
91 77 1.0
91 82 0.71
91 88 1.0
93 91 4.0E-4
4 92 0.14
7 92 0.28
8 92 0.45
12 92 0.41
13 92 0.17
22 92 0.32
27 92 0.1
29 92 0.15
32 92 0.38
48 92 0.26
58 92 0.32
65 92 0.71
69 92 0.45
71 92 0.24
93 92 2.0E-4
