*Vertices  35
1 "衬底"
2 "滤波片"
3 "光纤"
4 "III-V族半导体材料"
5 "GAN"
6 "PD"
7 "外延片"
8 "外延"
9 "LED"
10 "二极管"
11 "玻璃"
12 "通道"
13 "LED光源"
14 "滤光片"
15 "SiO2"
16 "半导体"
17 "Al2O3"
18 "GaAs"
19 "MQW"
20 "ITO"
21 "光子晶体"
22 "芯片"
23 "金属层"
24 "Li"
25 "离子"
26 "电极"
27 "电阻"
28 "光子晶体谐振腔"
29 "激光"
30 "MOCVD"
31 "湿法刻蚀"
32 "干法刻蚀"
33 "透镜"
34 "激发光"
35 "电流扩展层"
*Arcs
1 35 0.0030
1 2 0.63
35 2 0.0059
1 3 0.52
3 2 0.82
3 35 0.0040
1 4 0.63
4 2 1.0
3 4 0.82
35 4 0.0059
1 5 0.63
5 2 1.0
3 5 0.82
5 4 1.0
35 5 0.0059
1 6 0.63
6 2 1.0
3 6 0.82
6 4 1.0
6 5 1.0
35 6 0.0059
7 1 0.77
7 2 0.82
7 3 0.67
7 4 0.82
7 5 0.82
7 6 0.82
7 35 0.0044
8 1 1.0
8 2 0.63
8 3 0.52
8 4 0.63
8 5 0.63
8 6 0.63
8 7 0.77
8 35 0.0030
9 1 0.23
9 2 0.14
9 3 0.18
9 4 0.14
9 5 0.14
9 6 0.14
9 7 0.18
9 8 0.23
9 35 2.0E-4
10 1 0.26
10 2 0.21
10 3 0.25
10 4 0.21
10 5 0.21
10 6 0.21
10 7 0.25
10 8 0.26
10 9 0.7
10 35 4.0E-4
1 11 0.22
11 2 0.34
3 11 0.28
11 4 0.34
11 5 0.34
11 6 0.34
7 11 0.28
8 11 0.22
9 11 0.42
10 11 0.32
11 35 8.0E-4
1 12 0.18
12 2 0.29
3 12 0.24
12 4 0.29
12 5 0.29
12 6 0.29
7 12 0.24
8 12 0.18
9 12 0.25
10 12 0.24
11 12 0.2
12 35 5.0E-4
1 13 0.27
13 2 0.43
13 3 0.35
13 4 0.43
13 5 0.43
13 6 0.43
7 13 0.35
8 13 0.27
9 13 0.34
10 13 0.31
13 11 0.29
13 12 0.25
13 35 0.0012
1 14 0.52
14 2 0.82
3 14 0.67
14 4 0.82
14 5 0.82
14 6 0.82
7 14 0.67
8 14 0.52
9 14 0.18
10 14 0.25
11 14 0.28
14 12 0.24
13 14 0.52
14 35 0.0041
15 1 0.67
15 2 0.71
15 3 0.58
15 4 0.71
15 5 0.71
15 6 0.71
15 7 0.87
15 8 0.67
15 9 0.2
15 10 0.22
15 11 0.36
15 12 0.2
15 13 0.3
15 14 0.58
15 35 0.0033
16 1 0.58
16 2 0.37
16 3 0.3
16 4 0.37
16 5 0.37
16 6 0.37
16 7 0.45
16 8 0.58
16 9 0.39
16 10 0.45
16 11 0.25
16 12 0.21
16 13 0.31
16 14 0.3
16 15 0.39
16 35 0.0011
1 17 0.89
17 2 0.71
3 17 0.58
17 4 0.71
17 5 0.71
17 6 0.71
7 17 0.58
8 17 0.89
9 17 0.2
10 17 0.22
11 17 0.24
17 12 0.2
13 17 0.3
14 17 0.58
15 17 0.5
16 17 0.52
17 35 0.0034
1 18 0.77
18 2 0.82
3 18 0.67
18 4 0.82
18 5 0.82
18 6 0.82
7 18 0.67
8 18 0.77
9 18 0.18
10 18 0.17
11 18 0.28
12 18 0.24
13 18 0.35
14 18 0.67
15 18 0.58
16 18 0.45
17 18 0.87
18 35 0.0043
1 19 0.63
19 2 1.0
3 19 0.82
19 4 1.0
19 5 1.0
19 6 1.0
7 19 0.82
8 19 0.63
9 19 0.14
10 19 0.21
11 19 0.34
12 19 0.29
13 19 0.43
14 19 0.82
15 19 0.71
16 19 0.37
17 19 0.71
18 19 0.82
35 19 0.0059
20 1 0.8
20 2 0.63
20 3 0.52
20 4 0.63
20 5 0.63
20 6 0.63
20 7 0.77
20 8 0.8
20 9 0.23
20 10 0.26
20 11 0.22
20 12 0.18
20 13 0.27
20 14 0.52
20 15 0.67
20 16 0.46
20 17 0.67
20 18 0.52
20 19 0.63
20 35 0.0028
1 21 0.63
21 2 1.0
3 21 0.82
21 4 1.0
21 5 1.0
21 6 1.0
7 21 0.82
8 21 0.63
9 21 0.14
10 21 0.21
11 21 0.34
12 21 0.29
13 21 0.43
14 21 0.82
15 21 0.71
16 21 0.37
17 21 0.71
18 21 0.82
21 19 1.0
20 21 0.63
35 21 0.0059
22 1 0.37
22 2 0.29
22 3 0.24
22 4 0.29
22 5 0.29
22 6 0.29
22 7 0.35
22 8 0.37
22 9 0.5
22 10 0.42
22 11 0.3
22 12 0.25
22 13 0.31
22 14 0.35
22 15 0.31
22 16 0.42
22 17 0.31
22 18 0.35
22 19 0.29
22 20 0.37
22 21 0.29
22 35 7.0E-4
23 1 0.89
23 2 0.71
23 3 0.58
23 4 0.71
23 5 0.71
23 6 0.71
23 7 0.87
23 8 0.89
23 9 0.2
23 10 0.29
23 11 0.24
23 12 0.2
23 13 0.3
23 14 0.58
23 15 0.75
23 16 0.52
23 17 0.75
23 18 0.58
23 19 0.71
23 20 0.89
23 21 0.71
23 22 0.31
23 35 0.0035
1 24 0.3
24 2 0.47
3 24 0.38
24 4 0.47
24 5 0.47
24 6 0.47
7 24 0.38
8 24 0.3
9 24 0.3
10 24 0.44
11 24 0.32
24 12 0.27
13 24 0.3
14 24 0.38
15 24 0.33
16 24 0.52
17 24 0.33
24 18 0.38
24 19 0.47
20 24 0.3
24 21 0.47
22 24 0.27
23 24 0.33
24 35 0.0014
1 25 0.32
25 2 0.5
3 25 0.41
25 4 0.5
25 5 0.5
25 6 0.5
7 25 0.41
8 25 0.32
9 25 0.29
10 25 0.21
25 11 0.34
25 12 0.14
13 25 0.32
25 14 0.41
15 25 0.35
16 25 0.27
25 17 0.35
25 18 0.41
25 19 0.5
20 25 0.32
25 21 0.5
22 25 0.29
23 25 0.35
25 24 0.35
25 35 0.0016
26 1 0.67
26 2 0.43
26 3 0.35
26 4 0.43
26 5 0.43
26 6 0.43
26 7 0.52
26 8 0.67
26 9 0.34
26 10 0.4
26 11 0.22
26 12 0.25
26 13 0.18
26 14 0.35
26 15 0.45
26 16 0.54
26 17 0.6
26 18 0.52
26 19 0.43
26 20 0.67
26 21 0.43
26 22 0.49
26 23 0.6
26 24 0.2
26 25 0.21
26 35 0.0015
1 27 0.11
27 2 0.17
27 3 0.14
27 4 0.17
27 5 0.17
27 6 0.17
7 27 0.14
8 27 0.11
9 27 0.42
10 27 0.57
27 11 0.12
27 12 0.3
27 13 0.15
27 14 0.28
15 27 0.12
16 27 0.25
27 17 0.12
27 18 0.14
27 19 0.17
20 27 0.11
27 21 0.17
22 27 0.5
23 27 0.12
27 24 0.16
27 25 0.09
26 27 0.44
27 35 2.0E-4
1 28 0.63
28 2 1.0
3 28 0.82
28 4 1.0
28 5 1.0
28 6 1.0
7 28 0.82
8 28 0.63
9 28 0.14
10 28 0.21
11 28 0.34
12 28 0.29
13 28 0.43
14 28 0.82
15 28 0.71
16 28 0.37
17 28 0.71
18 28 0.82
28 19 1.0
20 28 0.63
28 21 1.0
22 28 0.29
23 28 0.71
24 28 0.47
25 28 0.5
26 28 0.43
27 28 0.17
28 35 0.0059
1 29 0.73
29 2 0.58
3 29 0.47
29 4 0.58
29 5 0.58
29 6 0.58
7 29 0.47
8 29 0.73
9 29 0.25
10 29 0.18
11 29 0.2
29 12 0.17
13 29 0.25
14 29 0.47
15 29 0.41
16 29 0.42
29 17 0.82
29 18 0.71
29 19 0.58
20 29 0.55
29 21 0.58
22 29 0.33
23 29 0.61
29 24 0.27
25 29 0.29
26 29 0.49
27 29 0.1
29 28 0.58
29 35 0.0023
1 30 0.63
30 2 1.0
3 30 0.82
30 4 1.0
30 5 1.0
30 6 1.0
7 30 0.82
8 30 0.63
9 30 0.14
10 30 0.21
11 30 0.34
12 30 0.29
13 30 0.43
14 30 0.82
15 30 0.71
16 30 0.37
17 30 0.71
18 30 0.82
30 19 1.0
20 30 0.63
30 21 1.0
22 30 0.29
23 30 0.71
24 30 0.47
25 30 0.5
26 30 0.43
27 30 0.17
30 28 1.0
29 30 0.58
30 35 0.0059
31 1 0.77
31 2 0.82
31 3 0.67
31 4 0.82
31 5 0.82
31 6 0.82
31 7 1.0
31 8 0.77
31 9 0.18
31 10 0.25
31 11 0.28
31 12 0.24
31 13 0.35
31 14 0.67
31 15 0.87
31 16 0.45
31 17 0.58
31 18 0.67
31 19 0.82
31 20 0.77
31 21 0.82
31 22 0.35
31 23 0.87
31 24 0.38
31 25 0.41
31 26 0.52
31 27 0.14
31 28 0.82
31 29 0.47
31 30 0.82
31 35 0.0044
1 32 0.77
32 2 0.82
3 32 0.67
32 4 0.82
32 5 0.82
32 6 0.82
7 32 0.67
8 32 0.77
9 32 0.18
10 32 0.17
11 32 0.28
12 32 0.24
13 32 0.35
14 32 0.67
15 32 0.58
16 32 0.45
17 32 0.87
32 18 1.0
32 19 0.82
20 32 0.52
32 21 0.82
22 32 0.35
23 32 0.58
24 32 0.38
25 32 0.41
26 32 0.52
27 32 0.14
32 28 0.82
29 32 0.71
32 30 0.82
31 32 0.67
32 35 0.0043
1 33 0.18
33 2 0.29
33 3 0.24
33 4 0.29
33 5 0.29
33 6 0.29
7 33 0.24
8 33 0.18
9 33 0.25
10 33 0.18
33 11 0.1
33 13 0.25
33 14 0.24
15 33 0.2
16 33 0.32
33 17 0.2
33 18 0.24
33 19 0.29
20 33 0.18
33 21 0.29
22 33 0.17
23 33 0.2
33 24 0.27
33 25 0.14
26 33 0.12
33 28 0.29
33 29 0.17
33 30 0.29
31 33 0.24
33 32 0.24
33 35 5.0E-4
1 34 0.63
34 2 1.0
3 34 0.82
34 4 1.0
34 5 1.0
34 6 1.0
7 34 0.82
8 34 0.63
9 34 0.14
10 34 0.21
11 34 0.34
12 34 0.29
13 34 0.43
14 34 0.82
15 34 0.71
16 34 0.37
17 34 0.71
18 34 0.82
34 19 1.0
20 34 0.63
34 21 1.0
22 34 0.29
23 34 0.71
24 34 0.47
25 34 0.5
26 34 0.43
27 34 0.17
34 28 1.0
29 34 0.58
34 30 1.0
31 34 0.82
32 34 0.82
33 34 0.29
34 35 0.0059
