*Vertices  38
1 "LED灯"
2 "电容"
3 "容器"
4 "控制器"
5 "整流器"
6 "开关"
7 "功率因数校正"
8 "模数转换集成块"
9 "变压器"
10 "发光板"
11 "LED"
12 "二极管"
13 "整流二极管"
14 "稳压二极管"
15 "三极管"
16 "接收管"
17 "转换器"
18 "铝基板"
19 "放大器"
20 "半导体"
21 "蓄电池"
22 "充电电池"
23 "芯片"
24 "电抗器"
25 "充电器"
26 "存储器"
27 "电极"
28 "电阻"
29 "脉冲信号"
30 "超声波"
31 "检测仪"
32 "光电耦合器"
33 "屏幕"
34 "扬声器"
35 "发光管"
36 "提示仪"
37 "晶体闸流管"
38 "电感"
*Arcs
1 38 0.0011
1 2 0.35
38 2 0.0054
1 3 0.19
2 3 0.37
38 3 0.0037
1 4 0.18
2 4 0.18
3 4 0.14
38 4 3.0E-4
1 5 0.29
2 5 0.68
5 3 0.55
5 4 0.13
38 5 0.0035
6 1 0.37
6 2 0.39
6 3 0.31
6 4 0.22
6 5 0.21
6 38 0.0023
1 7 0.14
2 7 0.28
6 7 0.17
38 7 0.0022
1 8 0.14
8 2 0.28
6 8 0.17
38 8 0.0029
1 9 0.31
2 9 0.61
9 3 0.42
9 4 0.1
9 5 0.77
6 9 0.33
9 7 0.32
38 9 0.0041
1 10 0.16
2 10 0.32
3 10 0.26
4 10 0.18
5 10 0.24
6 10 0.2
10 7 0.58
9 10 0.37
38 10 0.0030
11 1 0.73
11 2 0.37
11 3 0.23
11 4 0.32
11 5 0.25
11 6 0.58
11 7 0.1
11 8 0.1
11 9 0.32
11 10 0.18
11 38 0.0011
12 1 0.35
12 2 0.45
12 3 0.26
12 4 0.14
12 5 0.36
12 6 0.58
12 7 0.15
12 8 0.15
12 9 0.42
12 10 0.17
12 11 0.7
12 38 0.0019
1 13 0.14
2 13 0.28
6 13 0.17
13 7 1.0
9 13 0.32
10 13 0.58
11 13 0.1
12 13 0.15
38 13 0.0022
1 14 0.23
2 14 0.57
14 3 0.18
14 4 0.26
14 5 0.67
6 14 0.21
14 7 0.41
9 14 0.65
14 10 0.47
11 14 0.25
12 14 0.36
14 13 0.41
38 14 0.0021
1 15 0.21
15 2 0.63
15 3 0.34
15 4 0.12
15 5 0.31
6 15 0.46
15 7 0.38
15 8 0.38
15 9 0.36
15 10 0.44
11 15 0.27
12 15 0.39
15 13 0.38
15 14 0.31
38 15 0.0063
1 16 0.16
16 2 0.32
6 16 0.3
16 8 0.58
11 16 0.18
12 16 0.25
16 15 0.65
38 16 0.0013
1 17 0.07
17 2 0.28
17 4 0.16
6 17 0.26
17 8 0.5
11 17 0.2
12 17 0.22
17 14 0.2
17 15 0.19
17 16 0.29
38 17 9.0E-4
1 18 0.31
2 18 0.12
6 18 0.16
18 7 0.45
9 18 0.28
10 18 0.26
11 18 0.23
12 18 0.26
18 13 0.45
14 18 0.18
15 18 0.17
38 18 6.0E-4
1 19 0.2
19 2 0.39
6 19 0.25
19 7 0.71
19 8 0.71
19 9 0.22
19 10 0.41
11 19 0.14
12 19 0.21
19 13 0.71
19 14 0.29
19 15 0.53
19 16 0.41
19 17 0.35
19 18 0.32
38 19 0.0053
20 1 0.33
20 2 0.21
20 3 0.35
20 5 0.21
20 6 0.18
20 8 0.26
20 9 0.33
20 11 0.39
20 12 0.45
20 15 0.2
20 16 0.15
20 17 0.13
20 18 0.35
20 19 0.18
20 38 0.0017
1 21 0.31
2 21 0.18
21 3 0.28
21 4 0.1
5 21 0.26
6 21 0.33
9 21 0.2
11 21 0.32
12 21 0.18
15 21 0.12
20 21 0.16
38 21 9.0E-4
1 22 0.1
22 2 0.39
6 22 0.25
22 8 0.71
11 22 0.14
12 22 0.21
22 15 0.53
22 16 0.41
22 17 0.35
22 19 0.5
20 22 0.18
38 22 0.0017
23 1 0.26
23 2 0.4
23 3 0.09
23 4 0.39
23 6 0.28
23 7 0.2
23 8 0.2
23 9 0.13
23 10 0.12
23 11 0.5
23 12 0.42
23 13 0.2
23 14 0.17
23 15 0.39
23 16 0.35
23 17 0.31
23 18 0.18
23 19 0.29
23 20 0.42
23 22 0.29
23 38 8.0E-4
1 24 0.2
2 24 0.39
24 3 0.63
5 24 0.58
6 24 0.25
9 24 0.45
11 24 0.14
12 24 0.21
15 24 0.27
20 24 0.37
24 21 0.45
38 24 0.0033
1 25 0.14
25 2 0.28
6 25 0.17
25 8 1.0
11 25 0.1
12 25 0.15
25 15 0.38
25 16 0.58
25 17 0.5
25 19 0.71
20 25 0.26
25 22 0.71
23 25 0.2
38 25 0.0029
1 26 0.06
26 2 0.12
26 4 0.14
6 26 0.31
26 8 0.45
11 26 0.23
12 26 0.33
26 14 0.18
26 15 0.34
26 16 0.52
26 17 0.45
26 19 0.32
20 26 0.12
26 22 0.32
23 26 0.27
26 25 0.45
38 26 8.0E-4
27 1 0.17
27 2 0.42
27 3 0.27
27 4 0.19
27 5 0.25
27 6 0.26
27 7 0.3
27 8 0.3
27 9 0.29
27 10 0.35
27 11 0.34
27 12 0.4
27 13 0.3
27 14 0.25
27 15 0.57
27 16 0.35
27 17 0.15
27 18 0.13
27 19 0.43
27 20 0.54
27 21 0.1
27 22 0.21
27 23 0.49
27 24 0.21
27 25 0.3
27 26 0.13
27 38 0.0040
1 28 0.27
28 2 0.81
28 3 0.33
28 4 0.23
28 5 0.59
6 28 0.46
28 7 0.24
28 8 0.24
28 9 0.54
28 10 0.28
11 28 0.42
12 28 0.57
28 13 0.24
28 14 0.59
28 15 0.64
28 16 0.42
28 17 0.36
28 18 0.11
28 19 0.34
20 28 0.25
28 21 0.15
28 22 0.34
23 28 0.5
28 24 0.34
28 25 0.24
28 26 0.33
27 28 0.44
28 38 0.0044
1 29 0.1
29 2 0.2
6 29 0.12
29 8 0.71
11 29 0.14
12 29 0.21
29 15 0.27
29 16 0.41
29 17 0.35
29 19 0.5
20 29 0.18
29 22 0.5
23 29 0.14
29 25 0.71
29 26 0.32
27 29 0.21
29 28 0.17
29 38 0.0016
1 30 0.14
30 2 0.28
6 30 0.17
30 8 1.0
11 30 0.1
12 30 0.15
30 15 0.38
30 16 0.58
30 17 0.5
30 19 0.71
20 30 0.26
30 22 0.71
23 30 0.2
30 25 1.0
30 26 0.45
27 30 0.3
30 28 0.24
30 29 0.71
30 38 0.0029
1 31 0.1
31 2 0.2
6 31 0.12
31 8 0.71
11 31 0.14
12 31 0.1
31 15 0.27
31 16 0.41
31 17 0.35
31 19 0.5
20 31 0.18
31 22 0.5
23 31 0.14
31 25 0.71
31 26 0.32
27 31 0.21
31 28 0.17
31 29 0.5
31 30 0.71
31 38 0.0015
2 32 0.28
3 32 0.45
4 32 0.32
5 32 0.41
6 32 0.17
9 32 0.32
10 32 0.58
11 32 0.1
12 32 0.15
14 32 0.41
15 32 0.38
27 32 0.3
28 32 0.24
38 32 0.0017
33 1 0.1
33 2 0.1
33 3 0.16
33 4 0.22
33 5 0.14
33 6 0.06
33 9 0.11
33 10 0.2
33 11 0.29
33 12 0.1
33 14 0.14
33 15 0.13
33 17 0.18
33 20 0.18
33 23 0.22
33 27 0.21
33 28 0.09
33 32 0.35
33 38 3.0E-4
1 34 0.14
34 2 0.28
6 34 0.17
34 8 1.0
11 34 0.1
12 34 0.15
34 15 0.38
34 16 0.58
34 17 0.5
34 19 0.71
20 34 0.26
34 22 0.71
23 34 0.2
34 25 1.0
34 26 0.45
27 34 0.3
34 28 0.24
34 29 0.71
34 30 1.0
34 31 0.71
34 38 0.0029
1 35 0.32
2 35 0.1
4 35 0.12
6 35 0.33
35 7 0.38
9 35 0.24
35 10 0.22
11 35 0.27
12 35 0.28
35 13 0.38
14 35 0.15
15 35 0.14
35 18 0.68
19 35 0.27
20 35 0.29
23 35 0.08
27 35 0.11
28 35 0.09
38 35 5.0E-4
1 36 0.14
36 2 0.28
6 36 0.17
36 8 1.0
11 36 0.1
12 36 0.15
36 15 0.38
36 16 0.58
36 17 0.5
36 19 0.71
20 36 0.26
36 22 0.71
23 36 0.2
36 25 1.0
36 26 0.45
27 36 0.3
36 28 0.24
36 29 0.71
36 30 1.0
36 31 0.71
36 34 1.0
36 38 0.0029
1 37 0.14
2 37 0.28
3 37 0.45
5 37 0.41
6 37 0.17
9 37 0.32
11 37 0.1
12 37 0.15
15 37 0.38
20 37 0.26
21 37 0.32
24 37 0.71
27 37 0.3
28 37 0.24
38 37 0.0019
