*Vertices  13
1 "LED灯"
2 "控制器"
3 "开关"
4 "LED"
5 "二极管"
6 "教具"
7 "直流电机"
8 "太阳能"
9 "太阳能电池板"
10 "蓄电池"
11 "磁铁"
12 "转子"
13 "电磁感应"
*Arcs
1 13 0.0030
1 2 0.18
13 2 0.0091
3 1 0.37
3 2 0.22
3 13 0.0031
4 1 0.73
4 2 0.32
4 3 0.58
4 13 0.0039
5 1 0.35
5 2 0.14
5 3 0.58
5 4 0.7
5 13 0.0011
1 6 0.14
6 2 0.32
3 6 0.17
4 6 0.1
13 6 0.0699
1 7 0.14
7 2 0.32
3 7 0.17
4 7 0.1
7 6 1.0
13 7 0.0699
1 8 0.21
8 2 0.12
3 8 0.2
4 8 0.27
5 8 0.11
8 6 0.38
8 7 0.38
13 8 0.0158
1 9 0.21
9 2 0.16
3 9 0.09
4 9 0.2
5 9 0.07
9 6 0.5
9 7 0.5
9 8 0.76
13 9 0.0238
1 10 0.31
10 2 0.1
3 10 0.33
4 10 0.32
5 10 0.18
10 6 0.32
10 7 0.32
10 8 0.72
10 9 0.63
10 13 0.0115
1 11 0.16
4 11 0.18
5 11 0.08
13 11 0.0103
1 12 0.14
12 2 0.32
3 12 0.17
4 12 0.1
12 6 1.0
12 7 1.0
12 8 0.38
12 9 0.5
10 12 0.32
13 12 0.0699
