*Vertices  16
1 "LED灯"
2 "容器"
3 "发生器"
4 "开关"
5 "LED"
6 "二极管"
7 "玻璃"
8 "塑料"
9 "电加热器"
10 "滑动变阻器"
11 "离子"
12 "冰柜"
13 "加热管"
14 "臭氧仪"
15 "臭氧"
16 "电热丝"
*Arcs
1 16 0.0034
1 2 0.19
2 16 0.0076
1 3 0.14
16 3 0.0243
4 1 0.37
4 2 0.31
4 16 0.0014
5 1 0.73
5 2 0.23
5 3 0.1
5 4 0.58
5 16 0.0041
6 1 0.35
6 2 0.26
6 4 0.58
6 5 0.7
6 16 9.0E-4
1 7 0.27
4 7 0.17
5 7 0.42
6 7 0.32
7 16 0.0023
1 8 0.36
8 2 0.13
4 8 0.15
5 8 0.35
6 8 0.21
8 7 0.28
8 16 0.0106
2 9 0.45
4 9 0.17
5 9 0.1
6 9 0.15
8 9 0.29
9 16 0.0237
2 10 0.45
4 10 0.17
5 10 0.1
6 10 0.15
8 10 0.29
10 9 1.0
10 16 0.0237
1 11 0.1
11 3 0.35
5 11 0.29
6 11 0.21
11 7 0.34
11 16 0.0046
1 12 0.14
5 12 0.1
7 12 0.24
8 12 0.29
16 12 0.014
1 13 0.1
2 13 0.32
4 13 0.25
5 13 0.14
6 13 0.1
7 13 0.17
8 13 0.2
13 9 0.71
13 10 0.71
13 16 0.0151
1 14 0.14
14 3 1.0
5 14 0.1
11 14 0.35
16 14 0.0243
1 15 0.24
2 15 0.26
15 3 0.58
5 15 0.18
7 15 0.14
8 15 0.17
11 15 0.2
15 12 0.58
15 14 0.58
16 15 0.0414
