*Vertices  79
1 "LED显示屏"
2 "LCD显示屏"
3 "显示器"
4 "LED灯"
5 "探头"
6 "电容"
7 "容器"
8 "光膜"
9 "传感器"
10 "控制器"
11 "处理器"
12 "单片机"
13 "叶片"
14 "荧光粉"
15 "开关"
16 "发光荧光材料"
17 "热电分离"
18 "焊油墨"
19 "引发剂"
20 "硼酸"
21 "显示技术"
22 "加湿器"
23 "EP"
24 "LED"
25 "液晶显示模块"
26 "二极管"
27 "三极管"
28 "扩散剂"
29 "玻璃"
30 "香薰托盘"
31 "通道"
32 "接收管"
33 "LED光源"
34 "塑料"
35 "缩水甘油"
36 "基座"
37 "红外线发射管"
38 "滤光片"
39 "稀释剂"
40 "散热片"
41 "散热器"
42 "发光体"
43 "硅橡胶"
44 "密封胶"
45 "SiO2"
46 "半导体"
47 "SMT"
48 "GPIO"
49 "客户"
50 "摄像机"
51 "太阳能"
52 "充电电池"
53 "锂电池"
54 "FFC连接器"
55 "LED芯片"
56 "芯片"
57 "存储器"
58 "光触媒"
59 "酸盐"
60 "Li"
61 "离子"
62 "电极"
63 "电阻"
64 "基色"
65 "蒸发腔"
66 "散热腔"
67 "丙酮"
68 "激光"
69 "平面板"
70 "射灯"
71 "酯键"
72 "臭氧"
73 "屏幕"
74 "透镜"
75 "反射层"
76 "甲基"
77 "蜂鸣器"
78 "固定支架"
79 "电路板"
*Arcs
79 1 4.0E-4
2 1 0.29
79 2 9.0E-4
3 2 0.47
3 79 0.0015
4 1 0.06
4 2 0.05
4 3 0.05
4 79 0.0017
4 5 0.14
79 5 9.0E-4
4 6 0.35
6 79 2.0E-4
4 7 0.19
6 7 0.37
79 7 2.0E-4
2 8 0.35
3 8 0.33
4 8 0.14
79 8 5.0E-4
9 2 0.18
9 3 0.17
4 9 0.21
6 9 0.14
9 79 2.0E-4
2 10 0.34
3 10 0.32
4 10 0.18
6 10 0.18
7 10 0.14
9 10 0.32
79 10 3.0E-4
2 11 0.16
3 11 0.15
4 11 0.13
9 11 0.56
10 11 0.42
79 11 2.0E-4
12 2 0.13
3 12 0.59
4 12 0.05
6 12 0.2
9 12 0.35
12 10 0.22
12 11 0.16
79 12 4.0E-4
13 1 0.58
4 13 0.1
79 13 8.0E-4
4 14 0.1
7 14 0.32
79 14 3.0E-4
15 2 0.18
15 3 0.06
15 4 0.37
15 6 0.39
15 7 0.31
15 9 0.26
15 10 0.22
15 11 0.16
15 12 0.12
15 79 2.0E-4
4 16 0.16
16 7 0.26
16 14 0.41
79 16 6.0E-4
4 17 0.2
6 17 0.2
79 17 2.0E-4
2 18 0.35
3 18 0.33
4 18 0.14
18 8 1.0
79 18 5.0E-4
19 3 0.24
19 79 4.0E-4
20 3 0.24
4 20 0.1
20 7 0.32
20 14 0.5
20 16 0.41
20 19 0.5
20 79 5.0E-4
2 21 0.25
3 21 0.47
9 21 0.18
10 21 0.45
11 21 0.32
12 21 0.25
79 21 3.0E-4
4 22 0.14
22 5 1.0
79 22 9.0E-4
23 3 0.24
23 19 1.0
23 20 0.5
23 79 4.0E-4
24 1 0.25
24 2 0.29
24 3 0.3
24 4 0.73
24 5 0.1
24 6 0.37
24 7 0.23
24 8 0.1
24 9 0.41
24 10 0.32
24 11 0.23
24 12 0.29
24 13 0.14
24 14 0.14
24 15 0.58
24 16 0.18
24 17 0.14
24 18 0.1
24 19 0.14
24 20 0.14
24 21 0.14
24 22 0.1
24 23 0.14
24 79 0.0024
25 2 0.71
3 25 0.5
9 25 0.13
25 10 0.47
25 11 0.22
25 12 0.18
15 25 0.17
25 21 0.35
24 25 0.2
79 25 7.0E-4
26 2 0.15
26 3 0.19
26 4 0.35
26 6 0.45
26 7 0.26
26 9 0.29
26 10 0.14
26 11 0.13
26 12 0.21
26 15 0.58
26 16 0.17
26 19 0.21
26 20 0.1
26 23 0.21
26 24 0.7
26 25 0.15
26 79 9.0E-4
27 2 0.13
27 3 0.13
4 27 0.21
27 6 0.63
27 7 0.34
27 9 0.09
27 10 0.12
27 12 0.13
15 27 0.46
24 27 0.27
27 25 0.19
26 27 0.39
27 79 7.0E-4
4 28 0.2
7 28 0.32
28 14 0.5
16 28 0.82
20 28 0.5
24 28 0.14
26 28 0.1
79 28 8.0E-4
29 1 0.3
29 3 0.24
4 29 0.27
6 29 0.07
9 29 0.06
29 12 0.17
29 13 0.34
15 29 0.17
29 19 0.34
29 20 0.17
29 23 0.34
24 29 0.42
26 29 0.32
27 29 0.09
29 79 0.0016
4 30 0.14
30 5 1.0
30 22 1.0
24 30 0.1
79 30 9.0E-4
4 31 0.23
6 31 0.23
9 31 0.1
15 31 0.07
17 31 0.29
24 31 0.25
26 31 0.24
27 31 0.15
29 31 0.2
79 31 2.0E-4
32 2 0.2
32 3 0.19
4 32 0.16
32 6 0.32
32 9 0.14
32 12 0.2
15 32 0.3
24 32 0.18
32 25 0.29
26 32 0.25
32 27 0.65
32 29 0.14
32 31 0.24
32 79 8.0E-4
33 2 0.11
33 3 0.2
4 33 0.3
33 7 0.13
33 12 0.11
33 14 0.21
15 33 0.05
33 16 0.17
33 19 0.21
33 20 0.43
33 23 0.21
24 33 0.34
33 25 0.15
26 33 0.31
27 33 0.11
33 28 0.21
33 29 0.29
33 31 0.25
32 33 0.17
33 79 6.0E-4
34 1 0.12
34 3 0.1
4 34 0.36
34 7 0.13
34 9 0.14
34 10 0.18
34 11 0.13
34 12 0.1
34 13 0.2
15 34 0.15
34 21 0.2
24 34 0.35
26 34 0.21
34 29 0.28
34 31 0.24
34 33 0.17
34 79 3.0E-4
35 3 0.24
35 19 1.0
35 20 0.5
35 23 1.0
24 35 0.14
26 35 0.21
35 29 0.34
33 35 0.21
35 79 4.0E-4
4 36 0.2
7 36 0.32
36 14 0.5
16 36 0.41
20 36 0.5
24 36 0.14
26 36 0.1
28 36 0.5
31 36 0.29
33 36 0.21
34 36 0.2
79 36 3.0E-4
4 37 0.14
6 37 0.28
9 37 0.25
15 37 0.17
24 37 0.1
26 37 0.15
27 37 0.38
29 37 0.24
31 37 0.41
32 37 0.58
79 37 4.0E-4
38 2 0.2
3 38 0.19
38 12 0.2
15 38 0.1
24 38 0.18
38 25 0.29
26 38 0.25
27 38 0.22
29 38 0.28
38 31 0.24
32 38 0.33
33 38 0.52
79 38 3.0E-4
39 3 0.24
39 19 1.0
39 20 0.5
39 23 1.0
24 39 0.14
26 39 0.21
39 29 0.34
33 39 0.21
39 35 1.0
39 79 4.0E-4
40 4 0.4
40 6 0.09
40 15 0.11
40 17 0.22
24 40 0.32
26 40 0.18
40 29 0.15
40 31 0.26
40 33 0.48
40 34 0.18
40 79 1.0E-4
4 41 0.42
6 41 0.33
41 17 0.43
24 41 0.34
26 41 0.26
41 29 0.07
41 31 0.12
41 33 0.27
41 34 0.09
40 41 0.48
41 79 1.0E-4
4 42 0.2
6 42 0.2
9 42 0.18
15 42 0.25
24 42 0.14
26 42 0.21
27 42 0.27
29 42 0.17
42 31 0.29
32 42 0.41
42 37 0.71
79 42 3.0E-4
43 3 0.24
4 43 0.1
43 7 0.32
43 14 0.5
43 16 0.41
43 19 0.5
43 20 1.0
43 23 0.5
24 43 0.14
26 43 0.1
43 28 0.5
43 29 0.17
33 43 0.43
43 35 0.5
43 36 0.5
43 39 0.5
43 79 5.0E-4
44 1 0.24
44 4 0.24
44 13 0.41
44 15 0.1
24 44 0.18
26 44 0.08
44 29 0.14
44 31 0.24
44 34 0.17
44 36 0.41
44 40 0.18
44 79 3.0E-4
45 1 0.2
45 13 0.35
45 24 0.2
45 26 0.22
45 29 0.36
45 31 0.2
45 33 0.3
45 34 0.14
45 38 0.58
45 79 2.0E-4
46 1 0.11
46 3 0.09
46 4 0.33
46 6 0.21
46 7 0.35
46 13 0.18
46 14 0.37
46 15 0.18
46 16 0.45
46 19 0.18
46 20 0.37
46 23 0.18
46 24 0.39
46 26 0.45
46 27 0.2
46 28 0.37
46 29 0.25
46 31 0.21
46 32 0.15
46 33 0.31
46 34 0.22
46 35 0.18
46 36 0.37
46 38 0.3
46 39 0.18
46 43 0.37
46 44 0.3
46 45 0.39
46 79 6.0E-4
2 47 0.5
3 47 0.47
10 47 0.45
47 21 0.5
24 47 0.14
25 47 0.71
79 47 3.0E-4
48 2 0.35
3 48 0.33
48 12 0.35
15 48 0.17
24 48 0.1
48 25 0.5
26 48 0.15
27 48 0.38
32 48 0.58
33 48 0.3
48 38 0.58
48 79 5.0E-4
2 49 0.2
3 49 0.19
4 49 0.24
6 49 0.16
49 8 0.58
9 49 0.29
15 49 0.1
49 18 0.58
24 49 0.18
26 49 0.08
27 49 0.22
29 49 0.14
49 31 0.24
32 49 0.33
49 37 0.58
42 49 0.41
79 49 8.0E-4
50 1 0.24
50 2 0.41
3 50 0.19
9 50 0.14
50 12 0.2
15 50 0.1
24 50 0.18
50 25 0.29
26 50 0.17
27 50 0.22
32 50 0.33
33 50 0.17
50 38 0.33
50 48 0.58
50 79 2.0E-4
1 51 0.15
4 51 0.21
6 51 0.1
51 10 0.12
15 51 0.2
24 51 0.27
26 51 0.11
27 51 0.14
29 51 0.18
79 51 1.0E-4
4 52 0.1
52 6 0.39
15 52 0.25
24 52 0.14
26 52 0.21
52 27 0.53
52 32 0.41
46 52 0.18
52 51 0.27
52 79 2.0E-4
2 53 0.25
4 53 0.1
9 53 0.35
10 53 0.45
53 11 0.63
15 53 0.12
24 53 0.14
25 53 0.35
26 53 0.21
79 53 2.0E-4
2 54 0.35
3 54 0.33
10 54 0.32
54 21 0.71
24 54 0.1
25 54 0.5
54 47 0.71
79 54 4.0E-4
55 4 0.14
55 6 0.14
55 7 0.22
55 14 0.71
55 16 0.29
55 17 0.35
55 20 0.35
55 24 0.2
55 26 0.07
55 28 0.35
55 31 0.2
55 33 0.15
55 36 0.35
55 40 0.16
55 41 0.15
55 43 0.35
55 45 0.25
55 46 0.39
55 79 3.0E-4
56 1 0.08
56 2 0.36
56 3 0.34
56 4 0.26
56 6 0.4
56 7 0.09
56 9 0.31
56 10 0.39
56 11 0.27
56 12 0.29
56 13 0.14
56 14 0.29
56 15 0.28
56 16 0.12
56 17 0.14
56 19 0.29
56 20 0.29
56 21 0.29
56 23 0.29
56 24 0.5
56 25 0.41
56 26 0.42
56 27 0.39
56 28 0.14
56 29 0.3
56 31 0.25
56 32 0.35
56 33 0.31
56 34 0.06
56 35 0.29
56 36 0.14
56 37 0.2
56 38 0.35
56 39 0.29
56 40 0.13
56 41 0.12
56 42 0.14
56 43 0.29
56 44 0.12
56 45 0.31
56 46 0.42
56 47 0.29
56 48 0.2
56 49 0.12
56 50 0.12
56 51 0.08
56 52 0.29
56 53 0.29
56 54 0.2
56 55 0.41
56 79 0.0020
57 2 0.32
57 3 0.15
4 57 0.06
57 6 0.12
57 9 0.22
57 10 0.14
57 11 0.2
57 12 0.16
15 57 0.31
24 57 0.23
57 25 0.45
26 57 0.33
57 27 0.34
57 32 0.52
57 33 0.13
57 38 0.26
46 57 0.12
57 48 0.45
57 50 0.52
57 52 0.32
57 53 0.32
56 57 0.27
57 79 2.0E-4
4 58 0.2
58 5 0.71
58 22 0.71
24 58 0.14
58 30 0.71
33 58 0.21
40 58 0.22
79 58 0.0010
59 3 0.19
4 59 0.08
59 7 0.26
59 14 0.41
59 16 0.33
59 19 0.82
59 20 0.82
59 23 0.82
24 59 0.18
26 59 0.17
59 28 0.41
59 29 0.28
33 59 0.35
59 35 0.82
59 36 0.41
59 39 0.82
59 43 0.82
46 59 0.3
55 59 0.29
56 59 0.35
59 79 9.0E-4
4 60 0.23
6 60 0.09
9 60 0.08
12 60 0.12
15 60 0.12
16 60 0.19
19 60 0.24
23 60 0.24
24 60 0.3
26 60 0.44
60 28 0.24
29 60 0.32
60 31 0.27
33 60 0.3
34 60 0.29
35 60 0.24
60 36 0.24
38 60 0.38
39 60 0.24
40 60 0.11
41 60 0.1
44 60 0.19
45 60 0.33
46 60 0.52
56 60 0.27
59 60 0.19
79 60 3.0E-4
61 1 0.29
61 2 0.25
61 3 0.12
4 61 0.1
61 5 0.35
61 19 0.5
61 20 0.25
61 22 0.35
61 23 0.5
24 61 0.29
26 61 0.21
61 29 0.34
61 30 0.35
61 31 0.14
33 61 0.32
61 35 0.5
61 38 0.41
61 39 0.5
61 43 0.25
45 61 0.35
46 61 0.27
61 50 0.2
56 61 0.29
61 58 0.25
61 59 0.41
61 60 0.35
61 79 6.0E-4
62 2 0.11
62 3 0.1
62 4 0.17
62 6 0.42
62 7 0.27
62 9 0.08
62 10 0.19
62 14 0.21
62 15 0.26
62 16 0.17
62 24 0.34
62 25 0.15
62 26 0.4
62 27 0.57
62 29 0.22
62 31 0.25
62 32 0.35
62 33 0.18
62 37 0.3
62 38 0.35
62 42 0.21
62 45 0.45
62 46 0.54
62 47 0.21
62 49 0.17
62 52 0.21
62 55 0.3
62 56 0.49
62 57 0.13
62 60 0.2
62 61 0.21
62 79 2.0E-4
63 2 0.26
63 3 0.08
4 63 0.27
63 6 0.81
63 7 0.33
63 9 0.24
63 10 0.23
63 11 0.11
63 12 0.26
15 63 0.46
24 63 0.42
63 25 0.24
26 63 0.57
63 27 0.64
63 29 0.12
63 31 0.3
63 32 0.42
63 33 0.15
63 37 0.24
63 38 0.28
63 41 0.22
63 42 0.17
45 63 0.12
46 63 0.25
63 48 0.24
63 49 0.14
63 50 0.14
63 51 0.09
63 52 0.34
63 53 0.17
56 63 0.5
63 57 0.33
63 60 0.16
63 61 0.09
62 63 0.44
63 79 4.0E-4
64 1 0.29
64 13 0.5
64 14 0.5
24 64 0.14
29 64 0.17
34 64 0.2
45 64 0.35
46 64 0.18
55 64 0.35
56 64 0.14
62 64 0.21
79 64 3.0E-4
4 65 0.14
65 5 1.0
65 22 1.0
24 65 0.1
65 30 1.0
58 65 0.71
61 65 0.35
79 65 9.0E-4
4 66 0.24
6 66 0.16
66 17 0.82
24 66 0.18
66 31 0.24
40 66 0.18
41 66 0.35
55 66 0.29
56 66 0.12
79 66 4.0E-4
67 3 0.24
67 19 1.0
67 20 0.5
67 23 1.0
24 67 0.14
26 67 0.21
67 29 0.34
33 67 0.21
67 35 1.0
67 39 1.0
67 43 0.5
46 67 0.18
56 67 0.29
67 59 0.82
67 60 0.24
67 61 0.5
67 79 4.0E-4
2 68 0.14
3 68 0.27
4 68 0.06
68 8 0.41
9 68 0.1
68 10 0.13
68 11 0.18
12 68 0.14
68 14 0.29
68 16 0.24
68 18 0.41
68 21 0.29
24 68 0.25
26 68 0.18
29 68 0.2
68 31 0.17
33 68 0.25
34 68 0.12
38 68 0.47
45 68 0.41
46 68 0.42
68 49 0.24
55 68 0.2
56 68 0.33
68 60 0.27
61 68 0.29
62 68 0.49
63 68 0.1
68 64 0.29
79 68 3.0E-4
3 69 0.33
12 69 0.35
24 69 0.1
26 69 0.15
29 69 0.24
79 69 3.0E-4
4 70 0.28
6 70 0.28
9 70 0.13
15 70 0.09
24 70 0.2
26 70 0.29
27 70 0.19
29 70 0.12
70 31 0.41
32 70 0.29
34 70 0.29
70 36 0.35
70 37 0.5
41 70 0.15
70 42 0.35
44 70 0.29
46 70 0.26
70 49 0.29
56 70 0.1
70 60 0.33
62 70 0.15
63 70 0.24
70 79 2.0E-4
19 71 0.71
23 71 0.71
24 71 0.1
26 71 0.15
29 71 0.24
35 71 0.71
39 71 0.71
56 71 0.2
59 71 0.58
60 71 0.33
61 71 0.35
67 71 0.71
79 71 4.0E-4
4 72 0.24
7 72 0.26
72 14 0.41
16 72 0.33
20 72 0.41
24 72 0.18
28 72 0.41
29 72 0.14
33 72 0.17
34 72 0.17
72 36 0.41
43 72 0.41
46 72 0.15
55 72 0.29
56 72 0.12
59 72 0.33
61 72 0.2
79 72 2.0E-4
73 1 0.58
73 2 0.25
73 3 0.24
73 4 0.1
73 6 0.1
73 7 0.16
73 8 0.35
73 9 0.09
73 10 0.22
73 11 0.16
73 12 0.13
73 13 0.5
73 15 0.06
73 18 0.35
73 21 0.25
73 24 0.29
73 26 0.1
73 27 0.13
73 29 0.17
73 34 0.2
73 44 0.2
73 45 0.35
73 46 0.18
73 49 0.2
73 55 0.18
73 56 0.22
73 61 0.13
73 62 0.21
73 63 0.09
73 64 0.25
73 68 0.29
73 79 8.0E-4
74 4 0.23
74 7 0.18
74 9 0.1
74 14 0.29
74 15 0.07
74 16 0.47
74 20 0.29
24 74 0.25
26 74 0.18
74 28 0.58
74 29 0.1
74 33 0.25
74 36 0.29
74 38 0.24
74 40 0.26
74 43 0.29
74 44 0.24
45 74 0.2
46 74 0.32
74 50 0.24
55 74 0.2
56 74 0.17
74 57 0.18
74 59 0.24
74 60 0.27
74 61 0.14
62 74 0.12
74 68 0.17
74 72 0.24
74 79 4.0E-4
75 1 0.2
75 13 0.35
75 14 0.35
75 16 0.29
75 24 0.2
75 26 0.15
75 29 0.12
75 34 0.14
75 45 0.5
75 46 0.39
75 55 0.5
75 56 0.2
75 62 0.45
75 64 0.71
75 68 0.41
75 73 0.35
75 79 2.0E-4
76 3 0.19
4 76 0.08
76 7 0.26
76 14 0.41
76 16 0.33
76 19 0.82
76 20 0.82
76 23 0.82
24 76 0.18
26 76 0.17
76 28 0.41
76 29 0.28
33 76 0.35
76 35 0.82
76 36 0.41
76 39 0.82
76 43 0.82
46 76 0.3
55 76 0.29
56 76 0.35
76 59 1.0
76 60 0.19
76 61 0.41
76 67 0.82
76 71 0.58
76 72 0.33
74 76 0.24
76 79 9.0E-4
77 2 0.25
3 77 0.24
4 77 0.1
9 77 0.18
77 10 0.22
77 11 0.32
77 12 0.25
15 77 0.12
24 77 0.14
77 25 0.35
26 77 0.21
27 77 0.27
32 77 0.41
33 77 0.21
77 38 0.41
77 48 0.71
77 50 0.41
77 53 0.5
56 77 0.29
57 77 0.32
63 77 0.17
77 79 8.0E-4
1 78 0.41
4 78 0.14
13 78 0.71
24 78 0.1
29 78 0.24
44 78 0.58
46 78 0.26
56 78 0.2
73 78 0.35
79 78 4.0E-4
