*Vertices  99
1 "LCD显示屏"
2 "显示器"
3 "衬底"
4 "LED灯"
5 "滤波片"
6 "光纤"
7 "电容"
8 "容器"
9 "传感器"
10 "控制器"
11 "处理器"
12 "单片机"
13 "聚光杯"
14 "整流器"
15 "开关"
16 "III-V族半导体材料"
17 "GAN"
18 "PD"
19 "功率因数校正"
20 "模数转换集成块"
21 "变压器"
22 "定时器"
23 "Zigbee"
24 "发光板"
25 "外延片"
26 "外延"
27 "LED"
28 "液晶显示模块"
29 "二极管"
30 "整流二极管"
31 "稳压二极管"
32 "三极管"
33 "GSM"
34 "玻璃"
35 "通道"
36 "接收管"
37 "LED光源"
38 "转换器"
39 "铝基板"
40 "基板"
41 "晶体振荡器"
42 "红外线发射管"
43 "滤光片"
44 "聚光碗"
45 "散热器"
46 "发光体"
47 "SiO2"
48 "放大器"
49 "半导体"
50 "电路板"
51 "Al2O3"
52 "GaAs"
53 "MQW"
54 "ESD"
55 "ITO"
56 "GPIO"
57 "客户"
58 "摄像机"
59 "光子晶体"
60 "太阳能"
61 "蓄电池"
62 "充电电池"
63 "锂电池"
64 "芯片"
65 "金属层"
66 "电流扩展层"
67 "电抗器"
68 "继电器"
69 "充电器"
70 "存储器"
71 "Li"
72 "电感"
73 "离子"
74 "电极"
75 "发射模块"
76 "脉冲信号"
77 "光子晶体谐振腔"
78 "激光"
79 "超声波"
80 "SIM"
81 "MOCVD"
82 "湿法刻蚀"
83 "干法刻蚀"
84 "射灯"
85 "检测仪"
86 "光电耦合器"
87 "屏幕"
88 "读取器"
89 "同轴电缆"
90 "信息卡"
91 "芯线"
92 "蜂鸣器"
93 "扬声器"
94 "激发光"
95 "发光管"
96 "提示仪"
97 "晶体闸流管"
98 "插座"
99 "电阻"
*Arcs
99 1 4.0E-4
2 1 0.47
99 2 1.0E-4
3 99 1.0E-4
4 1 0.05
4 2 0.05
4 99 6.0E-4
3 5 0.63
99 5 2.0E-4
3 6 0.52
6 5 0.82
99 6 1.0E-4
4 7 0.35
99 7 0.0034
4 8 0.19
7 8 0.37
99 8 6.0E-4
9 1 0.18
9 2 0.17
4 9 0.21
9 6 0.14
7 9 0.14
99 9 4.0E-4
1 10 0.34
2 10 0.32
4 10 0.18
7 10 0.18
8 10 0.14
9 10 0.32
99 10 4.0E-4
1 11 0.16
2 11 0.15
4 11 0.13
9 11 0.56
10 11 0.42
99 11 1.0E-4
12 1 0.13
2 12 0.59
4 12 0.05
7 12 0.2
9 12 0.35
12 10 0.22
12 11 0.16
99 12 4.0E-4
4 13 0.2
7 13 0.39
99 13 5.0E-4
4 14 0.29
7 14 0.68
14 8 0.55
14 10 0.13
14 13 0.58
99 14 0.0016
15 1 0.18
15 2 0.06
15 4 0.37
15 7 0.39
15 8 0.31
15 9 0.26
15 10 0.22
15 11 0.16
15 12 0.12
15 14 0.21
15 99 0.0013
3 16 0.63
16 5 1.0
6 16 0.82
99 16 2.0E-4
3 17 0.63
17 5 1.0
6 17 0.82
17 16 1.0
99 17 2.0E-4
3 18 0.63
18 5 1.0
6 18 0.82
18 16 1.0
18 17 1.0
99 18 2.0E-4
4 19 0.14
7 19 0.28
15 19 0.17
99 19 3.0E-4
4 20 0.14
20 7 0.28
15 20 0.17
99 20 4.0E-4
21 2 0.11
4 21 0.31
7 21 0.61
21 8 0.42
21 10 0.1
21 13 0.45
21 14 0.77
15 21 0.33
21 19 0.32
99 21 0.0015
1 22 0.35
9 22 0.25
10 22 0.32
11 22 0.45
15 22 0.17
99 22 3.0E-4
7 23 0.28
9 23 0.25
12 23 0.35
15 23 0.17
99 23 3.0E-4
4 24 0.16
7 24 0.32
8 24 0.26
10 24 0.18
14 24 0.24
15 24 0.2
24 19 0.58
21 24 0.37
99 24 4.0E-4
25 3 0.77
25 5 0.82
25 6 0.67
25 16 0.82
25 17 0.82
25 18 0.82
25 99 1.0E-4
26 3 1.0
26 5 0.63
26 6 0.52
26 16 0.63
26 17 0.63
26 18 0.63
26 25 0.77
26 99 1.0E-4
27 1 0.29
27 2 0.3
27 3 0.23
27 4 0.73
27 5 0.14
27 6 0.18
27 7 0.37
27 8 0.23
27 9 0.41
27 10 0.32
27 11 0.23
27 12 0.29
27 13 0.14
27 14 0.25
27 15 0.58
27 16 0.14
27 17 0.14
27 18 0.14
27 19 0.1
27 20 0.1
27 21 0.32
27 22 0.1
27 23 0.1
27 24 0.18
27 25 0.18
27 26 0.23
27 99 0.0013
28 1 0.71
2 28 0.5
9 28 0.13
28 10 0.47
28 11 0.22
28 12 0.18
15 28 0.17
28 22 0.5
27 28 0.2
99 28 3.0E-4
29 1 0.15
29 2 0.19
29 3 0.26
29 4 0.35
29 5 0.21
29 6 0.25
29 7 0.45
29 8 0.26
29 9 0.29
29 10 0.14
29 11 0.13
29 12 0.21
29 13 0.21
29 14 0.36
29 15 0.58
29 16 0.21
29 17 0.21
29 18 0.21
29 19 0.15
29 20 0.15
29 21 0.42
29 22 0.15
29 23 0.15
29 24 0.17
29 25 0.25
29 26 0.26
29 27 0.7
29 28 0.15
29 99 0.0021
4 30 0.14
7 30 0.28
15 30 0.17
30 19 1.0
21 30 0.32
24 30 0.58
27 30 0.1
29 30 0.15
99 30 3.0E-4
31 1 0.14
4 31 0.23
7 31 0.57
31 8 0.18
9 31 0.1
31 10 0.26
31 11 0.18
31 13 0.58
31 14 0.67
15 31 0.21
31 19 0.41
21 31 0.65
31 22 0.41
31 24 0.47
27 31 0.25
31 28 0.2
29 31 0.36
31 30 0.41
99 31 0.0017
32 1 0.13
32 2 0.13
4 32 0.21
32 7 0.63
32 8 0.34
32 9 0.09
32 10 0.12
32 12 0.13
32 14 0.31
15 32 0.46
32 19 0.38
32 20 0.38
32 21 0.36
32 24 0.44
27 32 0.27
32 28 0.19
29 32 0.39
32 30 0.38
32 31 0.31
99 32 0.0021
7 33 0.28
10 33 0.32
12 33 0.35
27 33 0.1
99 33 2.0E-4
34 2 0.24
3 34 0.22
4 34 0.27
34 5 0.34
6 34 0.28
7 34 0.07
9 34 0.06
34 12 0.17
15 34 0.17
34 16 0.34
34 17 0.34
34 18 0.34
34 21 0.08
25 34 0.28
26 34 0.22
27 34 0.42
29 34 0.32
32 34 0.09
99 34 1.0E-4
3 35 0.18
4 35 0.23
35 5 0.29
6 35 0.24
7 35 0.23
9 35 0.1
15 35 0.07
35 16 0.29
35 17 0.29
35 18 0.29
25 35 0.24
26 35 0.18
27 35 0.25
29 35 0.24
32 35 0.15
34 35 0.2
99 35 5.0E-4
36 1 0.2
36 2 0.19
4 36 0.16
36 7 0.32
36 9 0.14
36 12 0.2
15 36 0.3
36 20 0.58
27 36 0.18
36 28 0.29
29 36 0.25
36 32 0.65
36 34 0.14
36 35 0.24
99 36 0.0010
37 1 0.11
37 2 0.2
3 37 0.27
4 37 0.3
37 5 0.43
37 6 0.35
37 8 0.13
37 12 0.11
15 37 0.05
37 16 0.43
37 17 0.43
37 18 0.43
37 21 0.1
25 37 0.35
26 37 0.27
27 37 0.34
37 28 0.15
29 37 0.31
32 37 0.11
37 34 0.29
37 35 0.25
36 37 0.17
99 37 2.0E-4
38 1 0.35
4 38 0.07
38 7 0.28
38 9 0.25
38 10 0.16
38 11 0.22
38 12 0.18
15 38 0.26
38 20 0.5
38 22 0.5
38 23 0.5
27 38 0.2
38 28 0.25
29 38 0.22
38 31 0.2
38 32 0.19
38 36 0.29
99 38 8.0E-4
4 39 0.31
7 39 0.12
15 39 0.16
39 19 0.45
21 39 0.28
24 39 0.26
27 39 0.23
29 39 0.26
39 30 0.45
31 39 0.18
32 39 0.17
35 39 0.18
99 39 1.0E-4
3 40 0.18
4 40 0.29
7 40 0.45
40 13 0.58
40 14 0.5
21 40 0.39
26 40 0.18
27 40 0.25
29 40 0.18
40 31 0.5
40 35 0.17
99 40 4.0E-4
7 41 0.28
9 41 0.25
12 41 0.35
15 41 0.17
41 23 1.0
27 41 0.1
29 41 0.15
38 41 0.5
99 41 3.0E-4
4 42 0.14
7 42 0.28
9 42 0.25
15 42 0.17
27 42 0.1
29 42 0.15
32 42 0.38
34 42 0.24
35 42 0.41
36 42 0.58
99 42 2.0E-4
43 1 0.2
2 43 0.19
3 43 0.52
43 5 0.82
6 43 0.67
43 12 0.2
15 43 0.1
43 16 0.82
43 17 0.82
43 18 0.82
25 43 0.67
26 43 0.52
27 43 0.18
43 28 0.29
29 43 0.25
32 43 0.22
34 43 0.28
43 35 0.24
36 43 0.33
37 43 0.52
99 43 4.0E-4
4 44 0.2
7 44 0.39
44 13 1.0
44 14 0.58
21 44 0.45
27 44 0.14
29 44 0.21
44 31 0.58
44 40 0.58
99 44 5.0E-4
4 45 0.42
7 45 0.33
45 13 0.43
45 14 0.37
45 21 0.29
27 45 0.34
29 45 0.26
45 31 0.37
45 34 0.07
45 35 0.12
45 37 0.27
45 39 0.13
45 40 0.49
45 44 0.43
99 45 3.0E-4
4 46 0.2
7 46 0.2
9 46 0.18
15 46 0.25
27 46 0.14
29 46 0.21
32 46 0.27
34 46 0.17
46 35 0.29
36 46 0.41
46 42 0.71
99 46 1.0E-4
47 3 0.67
47 5 0.71
47 6 0.58
47 16 0.71
47 17 0.71
47 18 0.71
47 25 0.87
47 26 0.67
47 27 0.2
47 29 0.22
47 34 0.36
47 35 0.2
47 37 0.3
47 43 0.58
47 99 1.0E-4
4 48 0.2
48 7 0.39
15 48 0.25
48 19 0.71
48 20 0.71
48 21 0.22
48 24 0.41
27 48 0.14
29 48 0.21
48 30 0.71
48 31 0.29
48 32 0.53
48 36 0.41
48 38 0.35
48 39 0.32
99 48 8.0E-4
49 2 0.09
49 3 0.58
49 4 0.33
49 5 0.37
49 6 0.3
49 7 0.21
49 8 0.35
49 14 0.21
49 15 0.18
49 16 0.37
49 17 0.37
49 18 0.37
49 20 0.26
49 21 0.33
49 25 0.45
49 26 0.58
49 27 0.39
49 29 0.45
49 32 0.2
49 34 0.25
49 35 0.21
49 36 0.15
49 37 0.31
49 38 0.13
49 39 0.35
49 40 0.11
49 43 0.3
49 47 0.39
49 48 0.18
49 99 5.0E-4
50 1 0.25
2 50 0.31
4 50 0.4
7 50 0.13
50 8 0.11
9 50 0.12
50 10 0.15
50 11 0.11
50 12 0.17
15 50 0.12
27 50 0.43
50 28 0.24
29 50 0.24
32 50 0.27
34 50 0.4
50 35 0.1
36 50 0.27
37 50 0.21
50 42 0.24
50 43 0.14
45 50 0.07
50 46 0.17
47 50 0.12
49 50 0.18
99 50 2.0E-4
3 51 0.89
51 5 0.71
6 51 0.58
51 16 0.71
51 17 0.71
51 18 0.71
25 51 0.58
26 51 0.89
27 51 0.2
29 51 0.22
34 51 0.24
51 35 0.2
37 51 0.3
40 51 0.2
43 51 0.58
47 51 0.5
49 51 0.52
99 51 1.0E-4
3 52 0.77
52 5 0.82
6 52 0.67
52 16 0.82
52 17 0.82
52 18 0.82
25 52 0.67
26 52 0.77
27 52 0.18
29 52 0.17
34 52 0.28
35 52 0.24
37 52 0.35
40 52 0.24
43 52 0.67
47 52 0.58
49 52 0.45
51 52 0.87
99 52 2.0E-4
3 53 0.63
53 5 1.0
6 53 0.82
53 16 1.0
53 17 1.0
53 18 1.0
25 53 0.82
26 53 0.63
27 53 0.14
29 53 0.21
34 53 0.34
35 53 0.29
37 53 0.43
43 53 0.82
47 53 0.71
49 53 0.37
51 53 0.71
52 53 0.82
99 53 2.0E-4
7 54 0.28
9 54 0.25
12 54 0.35
15 54 0.17
54 23 1.0
27 54 0.1
29 54 0.15
38 54 0.5
54 41 1.0
99 54 3.0E-4
55 1 0.16
55 2 0.15
55 3 0.8
55 5 0.63
55 6 0.52
55 10 0.14
55 16 0.63
55 17 0.63
55 18 0.63
55 25 0.77
55 26 0.8
55 27 0.23
55 28 0.22
55 29 0.26
55 34 0.22
55 35 0.18
55 37 0.27
55 43 0.52
55 47 0.67
55 49 0.46
55 51 0.67
55 52 0.52
55 53 0.63
55 99 1.0E-4
56 1 0.35
2 56 0.33
56 12 0.35
15 56 0.17
27 56 0.1
56 28 0.5
29 56 0.15
32 56 0.38
36 56 0.58
37 56 0.3
56 43 0.58
56 50 0.24
99 56 2.0E-4
1 57 0.2
2 57 0.19
4 57 0.24
7 57 0.16
9 57 0.29
15 57 0.1
27 57 0.18
29 57 0.08
32 57 0.22
34 57 0.14
57 35 0.24
36 57 0.33
57 42 0.58
46 57 0.41
50 57 0.27
99 57 1.0E-4
58 1 0.41
2 58 0.19
9 58 0.14
58 12 0.2
15 58 0.1
27 58 0.18
58 28 0.29
29 58 0.17
32 58 0.22
36 58 0.33
37 58 0.17
58 43 0.33
58 50 0.14
58 56 0.58
99 58 1.0E-4
3 59 0.63
59 5 1.0
6 59 0.82
59 16 1.0
59 17 1.0
59 18 1.0
25 59 0.82
26 59 0.63
27 59 0.14
29 59 0.21
34 59 0.34
35 59 0.29
37 59 0.43
43 59 0.82
47 59 0.71
49 59 0.37
51 59 0.71
52 59 0.82
59 53 1.0
55 59 0.63
99 59 2.0E-4
4 60 0.21
7 60 0.1
60 10 0.12
15 60 0.2
27 60 0.27
29 60 0.11
32 60 0.14
34 60 0.18
50 60 0.09
99 60 0.0
4 61 0.31
7 61 0.18
61 8 0.28
61 10 0.1
14 61 0.26
15 61 0.33
21 61 0.2
27 61 0.32
29 61 0.18
32 61 0.12
34 61 0.15
49 61 0.16
61 60 0.72
99 61 1.0E-4
4 62 0.1
62 7 0.39
15 62 0.25
62 20 0.71
27 62 0.14
29 62 0.21
62 32 0.53
62 36 0.41
62 38 0.35
62 48 0.5
49 62 0.18
62 50 0.17
62 60 0.27
99 62 5.0E-4
1 63 0.25
4 63 0.1
9 63 0.35
10 63 0.45
63 11 0.63
15 63 0.12
63 22 0.71
27 63 0.14
28 63 0.35
29 63 0.21
31 63 0.29
38 63 0.35
50 63 0.17
99 63 2.0E-4
64 1 0.36
64 2 0.34
64 3 0.37
64 4 0.26
64 5 0.29
64 6 0.24
64 7 0.4
64 8 0.09
64 9 0.31
64 10 0.39
64 11 0.27
64 12 0.29
64 15 0.28
64 16 0.29
64 17 0.29
64 18 0.29
64 19 0.2
64 20 0.2
64 21 0.13
64 22 0.2
64 23 0.2
64 24 0.12
64 25 0.35
64 26 0.37
64 27 0.5
64 28 0.41
64 29 0.42
64 30 0.2
64 31 0.17
64 32 0.39
64 33 0.2
64 34 0.3
64 35 0.25
64 36 0.35
64 37 0.31
64 38 0.31
64 39 0.18
64 40 0.17
64 41 0.2
64 42 0.2
64 43 0.35
64 45 0.12
64 46 0.14
64 47 0.31
64 48 0.29
64 49 0.42
64 50 0.38
64 51 0.31
64 52 0.35
64 53 0.29
64 54 0.2
64 55 0.37
64 56 0.2
64 57 0.12
64 58 0.12
64 59 0.29
64 60 0.08
64 62 0.29
64 63 0.29
64 99 0.0016
65 3 0.89
65 5 0.71
65 6 0.58
65 16 0.71
65 17 0.71
65 18 0.71
65 25 0.87
65 26 0.89
65 27 0.2
65 29 0.29
65 34 0.24
65 35 0.2
65 37 0.3
65 43 0.58
65 47 0.75
65 49 0.52
65 51 0.75
65 52 0.58
65 53 0.71
65 55 0.89
65 59 0.71
65 64 0.31
65 99 1.0E-4
3 66 0.63
66 5 1.0
6 66 0.82
66 16 1.0
66 17 1.0
66 18 1.0
25 66 0.82
26 66 0.63
27 66 0.14
29 66 0.21
34 66 0.34
35 66 0.29
37 66 0.43
43 66 0.82
47 66 0.71
49 66 0.37
51 66 0.71
52 66 0.82
66 53 1.0
55 66 0.63
66 59 1.0
64 66 0.29
65 66 0.71
99 66 2.0E-4
4 67 0.2
7 67 0.39
67 8 0.63
14 67 0.58
15 67 0.25
21 67 0.45
27 67 0.14
29 67 0.21
32 67 0.27
49 67 0.37
67 61 0.45
99 67 5.0E-4
1 68 0.35
9 68 0.25
15 68 0.17
27 68 0.1
29 68 0.15
64 68 0.2
99 68 1.0E-4
4 69 0.14
69 7 0.28
15 69 0.17
69 20 1.0
27 69 0.1
29 69 0.15
69 32 0.38
69 36 0.58
69 38 0.5
69 48 0.71
49 69 0.26
69 62 0.71
64 69 0.2
99 69 4.0E-4
70 1 0.32
70 2 0.15
4 70 0.06
70 7 0.12
70 9 0.22
70 10 0.14
70 11 0.2
70 12 0.16
15 70 0.31
70 20 0.45
70 22 0.45
27 70 0.23
70 28 0.45
29 70 0.33
70 31 0.18
70 32 0.34
70 36 0.52
70 37 0.13
70 38 0.45
70 43 0.26
70 48 0.32
49 70 0.12
70 50 0.11
70 56 0.45
70 58 0.52
70 62 0.32
70 63 0.32
64 70 0.27
70 69 0.45
99 70 7.0E-4
3 71 0.3
4 71 0.23
71 5 0.47
6 71 0.38
7 71 0.09
9 71 0.08
12 71 0.12
15 71 0.12
71 16 0.47
71 17 0.47
71 18 0.47
21 71 0.11
71 23 0.33
25 71 0.38
26 71 0.3
27 71 0.3
29 71 0.44
34 71 0.32
71 35 0.27
37 71 0.3
38 71 0.17
71 39 0.45
71 41 0.33
43 71 0.38
45 71 0.1
47 71 0.33
49 71 0.52
50 71 0.16
51 71 0.33
71 52 0.38
71 53 0.47
71 54 0.33
55 71 0.3
71 59 0.47
64 71 0.27
65 71 0.33
71 66 0.47
99 71 2.0E-4
4 72 0.25
72 7 0.62
72 8 0.6
72 10 0.14
72 14 0.55
15 72 0.39
72 19 0.45
72 20 0.45
72 21 0.57
72 24 0.52
27 72 0.23
29 72 0.33
72 30 0.45
72 31 0.37
72 32 0.68
72 36 0.26
72 38 0.22
72 39 0.2
72 48 0.63
49 72 0.35
72 61 0.28
72 62 0.32
64 72 0.18
72 67 0.63
72 69 0.45
72 70 0.2
99 72 0.0016
73 1 0.25
73 2 0.12
3 73 0.32
4 73 0.1
73 5 0.5
6 73 0.41
73 16 0.5
73 17 0.5
73 18 0.5
73 21 0.11
25 73 0.41
26 73 0.32
27 73 0.29
29 73 0.21
73 34 0.34
73 35 0.14
37 73 0.32
38 73 0.18
73 43 0.41
47 73 0.35
49 73 0.27
73 50 0.17
73 51 0.35
73 52 0.41
73 53 0.5
55 73 0.32
73 58 0.2
73 59 0.5
64 73 0.29
65 73 0.35
73 66 0.5
73 71 0.35
99 73 1.0E-4
74 1 0.11
74 2 0.1
74 3 0.67
74 4 0.17
74 5 0.43
74 6 0.35
74 7 0.42
74 8 0.27
74 9 0.08
74 10 0.19
74 14 0.25
74 15 0.26
74 16 0.43
74 17 0.43
74 18 0.43
74 19 0.3
74 20 0.3
74 21 0.29
74 24 0.35
74 25 0.52
74 26 0.67
74 27 0.34
74 28 0.15
74 29 0.4
74 30 0.3
74 31 0.25
74 32 0.57
74 34 0.22
74 35 0.25
74 36 0.35
74 37 0.18
74 38 0.15
74 39 0.13
74 40 0.12
74 42 0.3
74 43 0.35
74 46 0.21
74 47 0.45
74 48 0.43
74 49 0.54
74 50 0.07
74 51 0.6
74 52 0.52
74 53 0.43
74 55 0.67
74 57 0.17
74 59 0.43
74 61 0.1
74 62 0.21
74 64 0.49
74 65 0.6
74 66 0.43
74 67 0.21
74 69 0.3
74 70 0.13
74 71 0.2
74 72 0.54
74 73 0.21
74 99 0.0013
7 75 0.28
9 75 0.25
12 75 0.35
15 75 0.17
75 23 1.0
27 75 0.1
29 75 0.15
38 75 0.5
75 41 1.0
75 54 1.0
64 75 0.2
71 75 0.33
99 75 3.0E-4
4 76 0.1
76 7 0.2
76 9 0.18
15 76 0.12
76 20 0.71
27 76 0.14
29 76 0.21
76 32 0.27
76 36 0.41
76 38 0.35
76 48 0.5
49 76 0.18
76 62 0.5
64 76 0.14
76 69 0.71
76 70 0.32
76 72 0.32
74 76 0.21
76 99 2.0E-4
3 77 0.63
77 5 1.0
6 77 0.82
77 16 1.0
77 17 1.0
77 18 1.0
25 77 0.82
26 77 0.63
27 77 0.14
29 77 0.21
34 77 0.34
35 77 0.29
37 77 0.43
43 77 0.82
47 77 0.71
49 77 0.37
51 77 0.71
52 77 0.82
77 53 1.0
55 77 0.63
77 59 1.0
64 77 0.29
65 77 0.71
77 66 1.0
71 77 0.47
73 77 0.5
74 77 0.43
99 77 2.0E-4
1 78 0.14
2 78 0.27
3 78 0.73
4 78 0.06
78 5 0.58
6 78 0.47
9 78 0.1
78 10 0.13
78 11 0.18
12 78 0.14
78 16 0.58
78 17 0.58
78 18 0.58
25 78 0.47
26 78 0.73
27 78 0.25
29 78 0.18
34 78 0.2
78 35 0.17
37 78 0.25
40 78 0.17
43 78 0.47
47 78 0.41
49 78 0.42
50 78 0.1
78 51 0.82
78 52 0.71
78 53 0.58
55 78 0.55
78 57 0.24
78 59 0.58
64 78 0.33
65 78 0.61
78 66 0.58
78 71 0.27
73 78 0.29
74 78 0.49
78 77 0.58
99 78 1.0E-4
4 79 0.14
79 7 0.28
15 79 0.17
79 20 1.0
27 79 0.1
29 79 0.15
79 32 0.38
79 36 0.58
79 38 0.5
79 48 0.71
49 79 0.26
79 62 0.71
64 79 0.2
79 69 1.0
79 70 0.45
79 72 0.45
74 79 0.3
79 76 0.71
79 99 4.0E-4
7 80 0.28
10 80 0.32
12 80 0.35
27 80 0.1
80 33 1.0
64 80 0.2
99 80 2.0E-4
3 81 0.63
81 5 1.0
6 81 0.82
81 16 1.0
81 17 1.0
81 18 1.0
25 81 0.82
26 81 0.63
27 81 0.14
29 81 0.21
34 81 0.34
35 81 0.29
37 81 0.43
43 81 0.82
47 81 0.71
49 81 0.37
51 81 0.71
52 81 0.82
81 53 1.0
55 81 0.63
81 59 1.0
64 81 0.29
65 81 0.71
81 66 1.0
71 81 0.47
73 81 0.5
74 81 0.43
81 77 1.0
78 81 0.58
99 81 2.0E-4
82 3 0.77
82 5 0.82
82 6 0.67
82 16 0.82
82 17 0.82
82 18 0.82
82 25 1.0
82 26 0.77
82 27 0.18
82 29 0.25
82 34 0.28
82 35 0.24
82 37 0.35
82 43 0.67
82 47 0.87
82 49 0.45
82 51 0.58
82 52 0.67
82 53 0.82
82 55 0.77
82 59 0.82
82 64 0.35
82 65 0.87
82 66 0.82
82 71 0.38
82 73 0.41
82 74 0.52
82 77 0.82
82 78 0.47
82 81 0.82
82 99 1.0E-4
3 83 0.77
83 5 0.82
6 83 0.67
83 16 0.82
83 17 0.82
83 18 0.82
25 83 0.67
26 83 0.77
27 83 0.18
29 83 0.17
34 83 0.28
35 83 0.24
37 83 0.35
40 83 0.24
43 83 0.67
47 83 0.58
49 83 0.45
51 83 0.87
83 52 1.0
83 53 0.82
55 83 0.52
83 59 0.82
64 83 0.35
65 83 0.58
83 66 0.82
71 83 0.38
73 83 0.41
74 83 0.52
83 77 0.82
78 83 0.71
83 81 0.82
82 83 0.67
99 83 2.0E-4
4 84 0.28
7 84 0.28
9 84 0.13
84 13 0.35
84 14 0.2
15 84 0.09
21 84 0.16
27 84 0.2
29 84 0.29
84 31 0.2
32 84 0.19
34 84 0.12
84 35 0.41
36 84 0.29
84 39 0.45
84 40 0.2
84 42 0.5
84 44 0.35
45 84 0.15
84 46 0.35
49 84 0.26
84 50 0.12
84 57 0.29
64 84 0.1
84 71 0.33
74 84 0.15
99 84 3.0E-4
85 2 0.24
4 85 0.1
85 7 0.2
85 9 0.18
85 12 0.25
15 85 0.12
85 20 0.71
27 85 0.14
29 85 0.1
85 32 0.27
85 36 0.41
85 38 0.35
85 48 0.5
49 85 0.18
85 62 0.5
64 85 0.14
85 69 0.71
85 70 0.32
85 72 0.32
74 85 0.21
85 76 0.5
85 79 0.71
85 99 2.0E-4
7 86 0.28
8 86 0.45
10 86 0.32
14 86 0.41
15 86 0.17
21 86 0.32
24 86 0.58
27 86 0.1
29 86 0.15
31 86 0.41
32 86 0.38
72 86 0.45
74 86 0.3
99 86 3.0E-4
87 1 0.25
87 2 0.24
87 3 0.16
87 4 0.1
87 7 0.1
87 8 0.16
87 9 0.09
87 10 0.22
87 11 0.16
87 12 0.13
87 14 0.14
87 15 0.06
87 21 0.11
87 24 0.2
87 25 0.2
87 26 0.16
87 27 0.29
87 29 0.1
87 31 0.14
87 32 0.13
87 34 0.17
87 38 0.18
87 47 0.35
87 49 0.18
87 50 0.25
87 55 0.16
87 57 0.2
87 64 0.22
87 65 0.18
87 72 0.16
87 73 0.13
87 74 0.21
87 78 0.29
87 82 0.2
87 86 0.35
87 99 1.0E-4
1 88 0.35
9 88 0.25
10 88 0.32
11 88 0.45
15 88 0.17
88 22 1.0
27 88 0.1
28 88 0.5
29 88 0.15
31 88 0.41
38 88 0.5
63 88 0.71
64 88 0.2
70 88 0.45
99 88 3.0E-4
27 89 0.1
29 89 0.15
35 89 0.41
99 89 2.0E-4
1 90 0.25
9 90 0.18
10 90 0.22
11 90 0.32
15 90 0.12
90 22 0.71
27 90 0.14
28 90 0.35
29 90 0.21
31 90 0.29
38 90 0.35
60 90 0.27
61 90 0.22
63 90 0.5
64 90 0.14
70 90 0.32
90 88 0.71
99 90 2.0E-4
27 91 0.1
29 91 0.15
35 91 0.41
91 89 1.0
99 91 2.0E-4
92 1 0.25
2 92 0.24
4 92 0.1
9 92 0.18
92 10 0.22
92 11 0.32
92 12 0.25
15 92 0.12
27 92 0.14
92 28 0.35
29 92 0.21
32 92 0.27
36 92 0.41
37 92 0.21
92 43 0.41
92 50 0.33
92 56 0.71
92 58 0.41
92 63 0.5
64 92 0.29
70 92 0.32
99 92 2.0E-4
4 93 0.14
93 7 0.28
15 93 0.17
93 20 1.0
27 93 0.1
29 93 0.15
93 32 0.38
93 36 0.58
93 38 0.5
93 48 0.71
49 93 0.26
93 62 0.71
64 93 0.2
93 69 1.0
93 70 0.45
93 72 0.45
74 93 0.3
93 76 0.71
93 79 1.0
93 85 0.71
93 99 4.0E-4
3 94 0.63
94 5 1.0
6 94 0.82
94 16 1.0
94 17 1.0
94 18 1.0
25 94 0.82
26 94 0.63
27 94 0.14
29 94 0.21
34 94 0.34
35 94 0.29
37 94 0.43
43 94 0.82
47 94 0.71
49 94 0.37
51 94 0.71
52 94 0.82
94 53 1.0
55 94 0.63
94 59 1.0
64 94 0.29
65 94 0.71
94 66 1.0
71 94 0.47
73 94 0.5
74 94 0.43
94 77 1.0
78 94 0.58
94 81 1.0
82 94 0.82
83 94 0.82
99 94 2.0E-4
4 95 0.32
7 95 0.1
9 95 0.09
10 95 0.12
15 95 0.33
95 19 0.38
21 95 0.24
95 24 0.22
27 95 0.27
29 95 0.28
95 30 0.38
31 95 0.15
32 95 0.14
95 35 0.15
95 39 0.68
95 46 0.27
48 95 0.27
49 95 0.29
64 95 0.08
95 71 0.38
72 95 0.17
74 95 0.11
84 95 0.38
99 95 1.0E-4
4 96 0.14
96 7 0.28
15 96 0.17
96 20 1.0
27 96 0.1
29 96 0.15
96 32 0.38
96 36 0.58
96 38 0.5
96 48 0.71
49 96 0.26
96 62 0.71
64 96 0.2
96 69 1.0
96 70 0.45
96 72 0.45
74 96 0.3
96 76 0.71
96 79 1.0
96 85 0.71
96 93 1.0
96 99 4.0E-4
4 97 0.14
7 97 0.28
8 97 0.45
14 97 0.41
15 97 0.17
21 97 0.32
27 97 0.1
29 97 0.15
32 97 0.38
49 97 0.26
61 97 0.32
67 97 0.71
72 97 0.45
74 97 0.3
99 97 3.0E-4
4 98 0.07
7 98 0.14
9 98 0.25
12 98 0.35
15 98 0.26
98 23 0.5
27 98 0.2
29 98 0.22
34 98 0.12
38 98 0.25
98 41 0.5
98 54 0.5
61 98 0.16
64 98 0.1
71 98 0.17
98 75 0.5
99 98 1.0E-4
