*Vertices  65
1 "LED显示屏"
2 "LCD显示屏"
3 "显示器"
4 "衬底"
5 "LED灯"
6 "滤波片"
7 "光纤"
8 "探头"
9 "发生器"
10 "III-V族半导体材料"
11 "GAN"
12 "PD"
13 "引发剂"
14 "硼酸"
15 "变压器"
16 "加湿器"
17 "EP"
18 "外延片"
19 "外延"
20 "LED"
21 "二极管"
22 "玻璃"
23 "香薰托盘"
24 "通道"
25 "LED光源"
26 "电热丝"
27 "缩水甘油"
28 "转换器"
29 "滤光片"
30 "稀释剂"
31 "硅橡胶"
32 "SiO2"
33 "半导体"
34 "电路板"
35 "Al2O3"
36 "GaAs"
37 "MQW"
38 "ITO"
39 "摄像机"
40 "含硅"
41 "光子晶体"
42 "芯片"
43 "金属层"
44 "电流扩展层"
45 "光触媒"
46 "酸盐"
47 "Li"
48 "电极"
49 "电阻"
50 "蒸发腔"
51 "光子晶体谐振腔"
52 "丙酮"
53 "激光"
54 "MOCVD"
55 "湿法刻蚀"
56 "干法刻蚀"
57 "酯键"
58 "臭氧仪"
59 "臭氧"
60 "屏幕"
61 "透镜"
62 "甲基"
63 "激发光"
64 "DMA"
65 "离子"
*Arcs
65 1 2.0E-4
2 1 0.29
65 2 2.0E-4
3 2 0.47
65 3 2.0E-4
4 65 9.0E-4
5 1 0.06
5 2 0.05
5 3 0.05
5 65 1.0E-4
4 6 0.63
65 6 0.0017
4 7 0.52
7 6 0.82
7 65 0.0012
5 8 0.14
65 8 8.0E-4
5 9 0.14
65 9 6.0E-4
4 10 0.63
10 6 1.0
7 10 0.82
65 10 0.0017
4 11 0.63
11 6 1.0
7 11 0.82
11 10 1.0
65 11 0.0017
4 12 0.63
12 6 1.0
7 12 0.82
12 10 1.0
12 11 1.0
65 12 0.0017
13 3 0.24
65 13 0.0016
14 3 0.24
5 14 0.1
14 13 0.5
65 14 6.0E-4
15 3 0.11
5 15 0.31
15 13 0.22
15 14 0.22
65 15 1.0E-4
5 16 0.14
16 8 1.0
65 16 8.0E-4
17 3 0.24
17 13 1.0
17 14 0.5
17 15 0.22
65 17 0.0016
18 4 0.77
18 6 0.82
18 7 0.67
18 10 0.82
18 11 0.82
18 12 0.82
18 65 0.0013
19 4 1.0
19 6 0.63
19 7 0.52
19 10 0.63
19 11 0.63
19 12 0.63
19 18 0.77
19 65 9.0E-4
20 1 0.25
20 2 0.29
20 3 0.3
20 4 0.23
20 5 0.73
20 6 0.14
20 7 0.18
20 8 0.1
20 9 0.1
20 10 0.14
20 11 0.14
20 12 0.14
20 13 0.14
20 14 0.14
20 15 0.32
20 16 0.1
20 17 0.14
20 18 0.18
20 19 0.23
20 65 7.0E-4
21 2 0.15
21 3 0.19
21 4 0.26
21 5 0.35
21 6 0.21
21 7 0.25
21 10 0.21
21 11 0.21
21 12 0.21
21 13 0.21
21 14 0.1
21 15 0.42
21 17 0.21
21 18 0.25
21 19 0.26
21 20 0.7
21 65 4.0E-4
22 1 0.3
22 3 0.24
4 22 0.22
5 22 0.27
22 6 0.34
7 22 0.28
22 10 0.34
22 11 0.34
22 12 0.34
22 13 0.34
22 14 0.17
22 15 0.08
22 17 0.34
18 22 0.28
19 22 0.22
20 22 0.42
21 22 0.32
65 22 9.0E-4
5 23 0.14
23 8 1.0
23 16 1.0
20 23 0.1
65 23 8.0E-4
4 24 0.18
5 24 0.23
24 6 0.29
7 24 0.24
24 10 0.29
24 11 0.29
24 12 0.29
18 24 0.24
19 24 0.18
20 24 0.25
21 24 0.24
22 24 0.2
65 24 2.0E-4
25 2 0.11
25 3 0.2
4 25 0.27
5 25 0.3
25 6 0.43
25 7 0.35
25 10 0.43
25 11 0.43
25 12 0.43
25 13 0.21
25 14 0.43
25 15 0.1
25 17 0.21
18 25 0.35
19 25 0.27
20 25 0.34
21 25 0.31
25 22 0.29
25 24 0.25
25 65 9.0E-4
5 26 0.16
26 9 0.58
20 26 0.18
21 26 0.08
22 26 0.14
65 26 3.0E-4
27 3 0.24
27 13 1.0
27 14 0.5
27 15 0.22
27 17 1.0
20 27 0.14
21 27 0.21
27 22 0.34
25 27 0.21
65 27 0.0016
28 1 0.2
28 2 0.35
5 28 0.07
20 28 0.2
21 28 0.22
28 65 1.0E-4
29 2 0.2
3 29 0.19
4 29 0.52
29 6 0.82
7 29 0.67
29 10 0.82
29 11 0.82
29 12 0.82
18 29 0.67
19 29 0.52
20 29 0.18
21 29 0.25
22 29 0.28
29 24 0.24
25 29 0.52
65 29 0.0012
30 3 0.24
30 13 1.0
30 14 0.5
30 15 0.22
30 17 1.0
20 30 0.14
21 30 0.21
30 22 0.34
25 30 0.21
30 27 1.0
65 30 0.0016
31 3 0.24
5 31 0.1
31 13 0.5
31 14 1.0
31 15 0.22
31 17 0.5
20 31 0.14
21 31 0.1
31 22 0.17
25 31 0.43
31 27 0.5
31 30 0.5
65 31 6.0E-4
32 1 0.2
32 4 0.67
32 6 0.71
32 7 0.58
32 10 0.71
32 11 0.71
32 12 0.71
32 18 0.87
32 19 0.67
32 20 0.2
32 21 0.22
32 22 0.36
32 24 0.2
32 25 0.3
32 29 0.58
32 65 0.0010
33 1 0.11
33 3 0.09
33 4 0.58
33 5 0.33
33 6 0.37
33 7 0.3
33 10 0.37
33 11 0.37
33 12 0.37
33 13 0.18
33 14 0.37
33 15 0.33
33 17 0.18
33 18 0.45
33 19 0.58
33 20 0.39
33 21 0.45
33 22 0.25
33 24 0.21
33 25 0.31
33 27 0.18
33 28 0.13
33 29 0.3
33 30 0.18
33 31 0.37
33 32 0.39
33 65 7.0E-4
34 1 0.19
34 2 0.25
3 34 0.31
5 34 0.4
34 8 0.24
13 34 0.17
14 34 0.17
34 16 0.24
17 34 0.17
20 34 0.43
21 34 0.24
22 34 0.4
34 23 0.24
34 24 0.1
25 34 0.21
27 34 0.17
34 29 0.14
30 34 0.17
31 34 0.17
32 34 0.12
33 34 0.18
65 34 3.0E-4
4 35 0.89
35 6 0.71
7 35 0.58
35 10 0.71
35 11 0.71
35 12 0.71
18 35 0.58
19 35 0.89
20 35 0.2
21 35 0.22
22 35 0.24
35 24 0.2
25 35 0.3
29 35 0.58
32 35 0.5
33 35 0.52
65 35 0.0010
4 36 0.77
36 6 0.82
7 36 0.67
36 10 0.82
36 11 0.82
36 12 0.82
18 36 0.67
19 36 0.77
20 36 0.18
21 36 0.17
22 36 0.28
24 36 0.24
25 36 0.35
29 36 0.67
32 36 0.58
33 36 0.45
35 36 0.87
65 36 0.0012
4 37 0.63
37 6 1.0
7 37 0.82
37 10 1.0
37 11 1.0
37 12 1.0
18 37 0.82
19 37 0.63
20 37 0.14
21 37 0.21
22 37 0.34
24 37 0.29
25 37 0.43
29 37 0.82
32 37 0.71
33 37 0.37
35 37 0.71
36 37 0.82
65 37 0.0017
38 2 0.16
38 3 0.15
38 4 0.8
38 6 0.63
38 7 0.52
38 10 0.63
38 11 0.63
38 12 0.63
38 18 0.77
38 19 0.8
38 20 0.23
38 21 0.26
38 22 0.22
38 24 0.18
38 25 0.27
38 29 0.52
38 32 0.67
38 33 0.46
38 35 0.67
38 36 0.52
38 37 0.63
38 65 8.0E-4
39 1 0.24
39 2 0.41
3 39 0.19
20 39 0.18
21 39 0.17
25 39 0.17
39 29 0.33
39 34 0.14
65 39 1.0E-4
40 3 0.33
40 13 0.71
40 14 0.71
40 15 0.32
40 17 0.71
20 40 0.1
21 40 0.15
40 22 0.24
25 40 0.3
40 27 0.71
40 30 0.71
40 31 0.71
33 40 0.26
65 40 8.0E-4
4 41 0.63
41 6 1.0
7 41 0.82
41 10 1.0
41 11 1.0
41 12 1.0
18 41 0.82
19 41 0.63
20 41 0.14
21 41 0.21
22 41 0.34
24 41 0.29
25 41 0.43
29 41 0.82
32 41 0.71
33 41 0.37
35 41 0.71
36 41 0.82
41 37 1.0
38 41 0.63
65 41 0.0017
42 1 0.08
42 2 0.36
42 3 0.34
42 4 0.37
42 5 0.26
42 6 0.29
42 7 0.24
42 10 0.29
42 11 0.29
42 12 0.29
42 13 0.29
42 14 0.29
42 15 0.13
42 17 0.29
42 18 0.35
42 19 0.37
42 20 0.5
42 21 0.42
42 22 0.3
42 24 0.25
42 25 0.31
42 27 0.29
42 28 0.31
42 29 0.35
42 30 0.29
42 31 0.29
42 32 0.31
42 33 0.42
42 34 0.38
42 35 0.31
42 36 0.35
42 37 0.29
42 38 0.37
42 39 0.12
42 40 0.2
42 41 0.29
42 65 8.0E-4
43 4 0.89
43 6 0.71
43 7 0.58
43 10 0.71
43 11 0.71
43 12 0.71
43 18 0.87
43 19 0.89
43 20 0.2
43 21 0.29
43 22 0.24
43 24 0.2
43 25 0.3
43 29 0.58
43 32 0.75
43 33 0.52
43 35 0.75
43 36 0.58
43 37 0.71
43 38 0.89
43 41 0.71
43 42 0.31
43 65 0.0010
4 44 0.63
44 6 1.0
7 44 0.82
44 10 1.0
44 11 1.0
44 12 1.0
18 44 0.82
19 44 0.63
20 44 0.14
21 44 0.21
22 44 0.34
24 44 0.29
25 44 0.43
29 44 0.82
32 44 0.71
33 44 0.37
35 44 0.71
36 44 0.82
44 37 1.0
38 44 0.63
44 41 1.0
42 44 0.29
43 44 0.71
65 44 0.0017
5 45 0.2
45 8 0.71
45 16 0.71
20 45 0.14
45 23 0.71
25 45 0.21
34 45 0.33
65 45 5.0E-4
46 3 0.19
5 46 0.08
46 13 0.82
46 14 0.82
46 15 0.18
46 17 0.82
20 46 0.18
21 46 0.17
46 22 0.28
25 46 0.35
46 27 0.82
46 30 0.82
46 31 0.82
33 46 0.3
46 34 0.27
46 40 0.58
42 46 0.35
65 46 0.0013
4 47 0.3
5 47 0.23
47 6 0.47
7 47 0.38
47 10 0.47
47 11 0.47
47 12 0.47
13 47 0.24
15 47 0.11
17 47 0.24
18 47 0.38
19 47 0.3
20 47 0.3
21 47 0.44
22 47 0.32
47 24 0.27
25 47 0.3
27 47 0.24
28 47 0.17
29 47 0.38
30 47 0.24
32 47 0.33
33 47 0.52
34 47 0.16
35 47 0.33
47 36 0.38
47 37 0.47
38 47 0.3
47 41 0.47
42 47 0.27
43 47 0.33
47 44 0.47
46 47 0.19
65 47 9.0E-4
48 2 0.11
48 3 0.1
48 4 0.67
48 5 0.17
48 6 0.43
48 7 0.35
48 10 0.43
48 11 0.43
48 12 0.43
48 15 0.29
48 18 0.52
48 19 0.67
48 20 0.34
48 21 0.4
48 22 0.22
48 24 0.25
48 25 0.18
48 28 0.15
48 29 0.35
48 32 0.45
48 33 0.54
48 34 0.07
48 35 0.6
48 36 0.52
48 37 0.43
48 38 0.67
48 41 0.43
48 42 0.49
48 43 0.6
48 44 0.43
48 47 0.2
48 65 4.0E-4
49 2 0.26
49 3 0.08
4 49 0.11
5 49 0.27
49 6 0.17
49 7 0.14
49 10 0.17
49 11 0.17
49 12 0.17
49 15 0.54
18 49 0.14
19 49 0.11
20 49 0.42
21 49 0.57
49 22 0.12
49 24 0.3
49 25 0.15
49 28 0.36
49 29 0.28
32 49 0.12
33 49 0.25
49 34 0.17
49 35 0.12
49 36 0.14
49 37 0.17
38 49 0.11
49 39 0.14
49 41 0.17
42 49 0.5
43 49 0.12
49 44 0.17
49 47 0.16
48 49 0.44
49 65 1.0E-4
5 50 0.14
50 8 1.0
50 16 1.0
20 50 0.1
50 23 1.0
34 50 0.24
45 50 0.71
65 50 8.0E-4
4 51 0.63
51 6 1.0
7 51 0.82
51 10 1.0
51 11 1.0
51 12 1.0
18 51 0.82
19 51 0.63
20 51 0.14
21 51 0.21
22 51 0.34
24 51 0.29
25 51 0.43
29 51 0.82
32 51 0.71
33 51 0.37
35 51 0.71
36 51 0.82
51 37 1.0
38 51 0.63
51 41 1.0
42 51 0.29
43 51 0.71
51 44 1.0
47 51 0.47
48 51 0.43
49 51 0.17
65 51 0.0017
52 3 0.24
52 13 1.0
52 14 0.5
52 15 0.22
52 17 1.0
20 52 0.14
21 52 0.21
52 22 0.34
25 52 0.21
52 27 1.0
52 30 1.0
52 31 0.5
33 52 0.18
52 34 0.17
52 40 0.71
42 52 0.29
52 46 0.82
52 47 0.24
52 65 0.0016
2 53 0.14
3 53 0.27
4 53 0.73
5 53 0.06
53 6 0.58
7 53 0.47
53 10 0.58
53 11 0.58
53 12 0.58
18 53 0.47
19 53 0.73
20 53 0.25
21 53 0.18
22 53 0.2
53 24 0.17
25 53 0.25
29 53 0.47
32 53 0.41
33 53 0.42
34 53 0.1
53 35 0.82
53 36 0.71
53 37 0.58
38 53 0.55
53 41 0.58
42 53 0.33
43 53 0.61
53 44 0.58
53 47 0.27
48 53 0.49
49 53 0.1
53 51 0.58
65 53 7.0E-4
4 54 0.63
54 6 1.0
7 54 0.82
54 10 1.0
54 11 1.0
54 12 1.0
18 54 0.82
19 54 0.63
20 54 0.14
21 54 0.21
22 54 0.34
24 54 0.29
25 54 0.43
29 54 0.82
32 54 0.71
33 54 0.37
35 54 0.71
36 54 0.82
54 37 1.0
38 54 0.63
54 41 1.0
42 54 0.29
43 54 0.71
54 44 1.0
47 54 0.47
48 54 0.43
49 54 0.17
54 51 1.0
53 54 0.58
65 54 0.0017
55 4 0.77
55 6 0.82
55 7 0.67
55 10 0.82
55 11 0.82
55 12 0.82
55 18 1.0
55 19 0.77
55 20 0.18
55 21 0.25
55 22 0.28
55 24 0.24
55 25 0.35
55 29 0.67
55 32 0.87
55 33 0.45
55 35 0.58
55 36 0.67
55 37 0.82
55 38 0.77
55 41 0.82
55 42 0.35
55 43 0.87
55 44 0.82
55 47 0.38
55 48 0.52
55 49 0.14
55 51 0.82
55 53 0.47
55 54 0.82
55 65 0.0013
4 56 0.77
56 6 0.82
7 56 0.67
56 10 0.82
56 11 0.82
56 12 0.82
18 56 0.67
19 56 0.77
20 56 0.18
21 56 0.17
22 56 0.28
24 56 0.24
25 56 0.35
29 56 0.67
32 56 0.58
33 56 0.45
35 56 0.87
56 36 1.0
56 37 0.82
38 56 0.52
56 41 0.82
42 56 0.35
43 56 0.58
56 44 0.82
47 56 0.38
48 56 0.52
49 56 0.14
56 51 0.82
53 56 0.71
56 54 0.82
55 56 0.67
65 56 0.0012
13 57 0.71
17 57 0.71
20 57 0.1
21 57 0.15
22 57 0.24
27 57 0.71
30 57 0.71
34 57 0.24
42 57 0.2
46 57 0.58
47 57 0.33
52 57 0.71
65 57 7.0E-4
5 58 0.14
58 9 1.0
20 58 0.1
26 58 0.58
65 58 6.0E-4
5 59 0.24
59 9 0.58
14 59 0.41
20 59 0.18
22 59 0.14
25 59 0.17
26 59 0.67
31 59 0.41
33 59 0.15
34 59 0.14
42 59 0.12
46 59 0.33
59 58 0.58
65 59 4.0E-4
60 1 0.58
60 2 0.25
60 3 0.24
60 4 0.16
60 5 0.1
60 15 0.11
60 18 0.2
60 19 0.16
60 20 0.29
60 21 0.1
60 22 0.17
60 28 0.18
60 32 0.35
60 33 0.18
60 34 0.25
60 38 0.16
60 42 0.22
60 43 0.18
60 48 0.21
60 49 0.09
60 53 0.29
60 55 0.2
60 65 1.0E-4
4 61 0.18
61 5 0.23
61 6 0.29
61 7 0.24
61 10 0.29
61 11 0.29
61 12 0.29
61 14 0.29
18 61 0.24
19 61 0.18
20 61 0.25
21 61 0.18
61 22 0.1
61 25 0.25
61 29 0.24
61 31 0.29
32 61 0.2
33 61 0.32
61 34 0.19
61 35 0.2
61 36 0.24
61 37 0.29
38 61 0.18
61 39 0.24
61 41 0.29
42 61 0.17
43 61 0.2
61 44 0.29
61 46 0.24
61 47 0.27
48 61 0.12
61 51 0.29
61 53 0.17
61 54 0.29
55 61 0.24
61 56 0.24
61 59 0.24
61 65 2.0E-4
62 3 0.19
5 62 0.08
62 13 0.82
62 14 0.82
62 15 0.18
62 17 0.82
20 62 0.18
21 62 0.17
62 22 0.28
25 62 0.35
62 27 0.82
62 30 0.82
62 31 0.82
33 62 0.3
62 34 0.27
62 40 0.58
42 62 0.35
62 46 1.0
62 47 0.19
62 52 0.82
62 57 0.58
62 59 0.33
61 62 0.24
62 65 0.0013
4 63 0.63
63 6 1.0
7 63 0.82
63 10 1.0
63 11 1.0
63 12 1.0
18 63 0.82
19 63 0.63
20 63 0.14
21 63 0.21
22 63 0.34
24 63 0.29
25 63 0.43
29 63 0.82
32 63 0.71
33 63 0.37
35 63 0.71
36 63 0.82
63 37 1.0
38 63 0.63
63 41 1.0
42 63 0.29
43 63 0.71
63 44 1.0
47 63 0.47
48 63 0.43
49 63 0.17
63 51 1.0
53 63 0.58
63 54 1.0
55 63 0.82
56 63 0.82
61 63 0.29
65 63 0.0017
64 3 0.33
64 13 0.71
64 14 0.71
64 15 0.32
64 17 0.71
20 64 0.1
21 64 0.15
64 22 0.24
25 64 0.3
64 27 0.71
64 30 0.71
64 31 0.71
33 64 0.26
64 40 1.0
42 64 0.2
64 46 0.58
64 52 0.71
64 62 0.58
64 65 8.0E-4
