*Vertices  38
1 "LCD显示屏"
2 "LED灯"
3 "电容"
4 "容器"
5 "传感器"
6 "控制器"
7 "处理器"
8 "聚光杯"
9 "整流器"
10 "开关"
11 "功率因数校正"
12 "变压器"
13 "定时器"
14 "发光板"
15 "LED"
16 "液晶显示模块"
17 "二极管"
18 "整流二极管"
19 "三极管"
20 "转换器"
21 "铝基板"
22 "基板"
23 "聚光碗"
24 "散热器"
25 "放大器"
26 "锂电池"
27 "芯片"
28 "存储器"
29 "电感"
30 "电极"
31 "电阻"
32 "射灯"
33 "光电耦合器"
34 "屏幕"
35 "读取器"
36 "信息卡"
37 "发光管"
38 "稳压二极管"
*Arcs
38 1 5.0E-4
2 1 0.05
2 38 0.0013
2 3 0.35
3 38 0.0060
2 4 0.19
3 4 0.37
38 4 8.0E-4
5 1 0.18
2 5 0.21
3 5 0.14
5 38 3.0E-4
1 6 0.34
2 6 0.18
3 6 0.18
4 6 0.14
5 6 0.32
38 6 0.0013
1 7 0.16
2 7 0.13
5 7 0.56
6 7 0.42
38 7 7.0E-4
2 8 0.2
3 8 0.39
38 8 0.0046
2 9 0.29
3 9 0.68
9 4 0.55
9 6 0.13
9 8 0.58
38 9 0.0068
10 1 0.18
10 2 0.37
10 3 0.39
10 4 0.31
10 5 0.26
10 6 0.22
10 7 0.16
10 9 0.21
10 38 0.0012
2 11 0.14
3 11 0.28
10 11 0.17
38 11 0.0024
2 12 0.31
3 12 0.61
12 4 0.42
12 6 0.1
12 8 0.45
12 9 0.77
10 12 0.33
12 11 0.32
12 38 0.0070
1 13 0.35
5 13 0.25
6 13 0.32
7 13 0.45
10 13 0.17
38 13 0.0023
2 14 0.16
3 14 0.32
4 14 0.26
6 14 0.18
9 14 0.24
10 14 0.2
14 11 0.58
12 14 0.37
38 14 0.0033
15 1 0.29
15 2 0.73
15 3 0.37
15 4 0.23
15 5 0.41
15 6 0.32
15 7 0.23
15 8 0.14
15 9 0.25
15 10 0.58
15 11 0.1
15 12 0.32
15 13 0.1
15 14 0.18
15 38 0.0017
16 1 0.71
5 16 0.13
16 6 0.47
16 7 0.22
10 16 0.17
16 13 0.5
15 16 0.2
38 16 8.0E-4
17 1 0.15
17 2 0.35
17 3 0.45
17 4 0.26
17 5 0.29
17 6 0.14
17 7 0.13
17 8 0.21
17 9 0.36
17 10 0.58
17 11 0.15
17 12 0.42
17 13 0.15
17 14 0.17
17 15 0.7
17 16 0.15
17 38 0.0029
2 18 0.14
3 18 0.28
10 18 0.17
18 11 1.0
12 18 0.32
14 18 0.58
15 18 0.1
17 18 0.15
38 18 0.0024
19 1 0.13
2 19 0.21
19 3 0.63
19 4 0.34
19 5 0.09
19 6 0.12
19 9 0.31
10 19 0.46
19 11 0.38
19 12 0.36
19 14 0.44
15 19 0.27
19 16 0.19
17 19 0.39
19 18 0.38
19 38 0.0022
20 1 0.35
2 20 0.07
20 3 0.28
20 5 0.25
20 6 0.16
20 7 0.22
10 20 0.26
20 13 0.5
15 20 0.2
20 16 0.25
17 20 0.22
20 19 0.19
20 38 9.0E-4
2 21 0.31
3 21 0.12
10 21 0.16
21 11 0.45
12 21 0.28
14 21 0.26
15 21 0.23
17 21 0.26
21 18 0.45
19 21 0.17
38 21 7.0E-4
2 22 0.29
3 22 0.45
22 8 0.58
22 9 0.5
12 22 0.39
15 22 0.25
17 22 0.18
22 38 0.0036
2 23 0.2
3 23 0.39
23 8 1.0
23 9 0.58
12 23 0.45
15 23 0.14
17 23 0.21
23 22 0.58
23 38 0.0046
2 24 0.42
3 24 0.33
24 8 0.43
24 9 0.37
24 12 0.29
15 24 0.34
17 24 0.26
24 21 0.13
24 22 0.49
24 23 0.43
24 38 0.0021
2 25 0.2
25 3 0.39
10 25 0.25
25 11 0.71
25 12 0.22
25 14 0.41
15 25 0.14
17 25 0.21
25 18 0.71
25 19 0.53
25 20 0.35
25 21 0.32
25 38 0.0017
1 26 0.25
2 26 0.1
5 26 0.35
6 26 0.45
26 7 0.63
10 26 0.12
26 13 0.71
15 26 0.14
16 26 0.35
17 26 0.21
20 26 0.35
38 26 0.0014
27 1 0.36
27 2 0.26
27 3 0.4
27 4 0.09
27 5 0.31
27 6 0.39
27 7 0.27
27 10 0.28
27 11 0.2
27 12 0.13
27 13 0.2
27 14 0.12
27 15 0.5
27 16 0.41
27 17 0.42
27 18 0.2
27 19 0.39
27 20 0.31
27 21 0.18
27 22 0.17
27 24 0.12
27 25 0.29
27 26 0.29
27 38 9.0E-4
28 1 0.32
2 28 0.06
28 3 0.12
28 5 0.22
28 6 0.14
28 7 0.2
10 28 0.31
28 13 0.45
15 28 0.23
28 16 0.45
17 28 0.33
28 19 0.34
28 20 0.45
28 25 0.32
28 26 0.32
27 28 0.27
28 38 7.0E-4
2 29 0.25
29 3 0.62
29 4 0.6
29 6 0.14
29 9 0.55
10 29 0.39
29 11 0.45
29 12 0.57
29 14 0.52
15 29 0.23
17 29 0.33
29 18 0.45
29 19 0.68
29 20 0.22
29 21 0.2
29 25 0.63
27 29 0.18
29 28 0.2
29 38 0.0030
30 1 0.11
30 2 0.17
30 3 0.42
30 4 0.27
30 5 0.08
30 6 0.19
30 9 0.25
30 10 0.26
30 11 0.3
30 12 0.29
30 14 0.35
30 15 0.34
30 16 0.15
30 17 0.4
30 18 0.3
30 19 0.57
30 20 0.15
30 21 0.13
30 22 0.12
30 25 0.43
30 27 0.49
30 28 0.13
30 29 0.54
30 38 0.0015
31 1 0.26
2 31 0.27
31 3 0.81
31 4 0.33
31 5 0.24
31 6 0.23
31 7 0.11
31 8 0.34
31 9 0.59
10 31 0.46
31 11 0.24
31 12 0.54
31 13 0.24
31 14 0.28
15 31 0.42
31 16 0.24
17 31 0.57
31 18 0.24
31 19 0.64
31 20 0.36
31 21 0.11
31 22 0.3
31 23 0.34
31 24 0.22
31 25 0.34
31 26 0.17
27 31 0.5
31 28 0.33
31 29 0.54
30 31 0.44
31 38 0.0065
2 32 0.28
3 32 0.28
5 32 0.13
32 8 0.35
32 9 0.2
10 32 0.09
12 32 0.16
15 32 0.2
17 32 0.29
19 32 0.19
32 21 0.45
32 22 0.2
32 23 0.35
24 32 0.15
27 32 0.1
30 32 0.15
31 32 0.24
32 38 9.0E-4
3 33 0.28
4 33 0.45
6 33 0.32
9 33 0.41
10 33 0.17
12 33 0.32
14 33 0.58
15 33 0.1
17 33 0.15
19 33 0.38
29 33 0.45
30 33 0.3
31 33 0.24
38 33 0.0020
34 1 0.25
34 2 0.1
34 3 0.1
34 4 0.16
34 5 0.09
34 6 0.22
34 7 0.16
34 9 0.14
34 10 0.06
34 12 0.11
34 14 0.2
34 15 0.29
34 17 0.1
34 19 0.13
34 20 0.18
34 27 0.22
34 29 0.16
34 30 0.21
34 31 0.09
34 33 0.35
34 38 4.0E-4
1 35 0.35
5 35 0.25
6 35 0.32
7 35 0.45
10 35 0.17
35 13 1.0
15 35 0.1
16 35 0.5
17 35 0.15
20 35 0.5
26 35 0.71
27 35 0.2
28 35 0.45
31 35 0.24
38 35 0.0023
1 36 0.25
5 36 0.18
6 36 0.22
7 36 0.32
10 36 0.12
36 13 0.71
15 36 0.14
16 36 0.35
17 36 0.21
20 36 0.35
26 36 0.5
27 36 0.14
28 36 0.32
31 36 0.17
36 35 0.71
38 36 0.0013
2 37 0.32
3 37 0.1
5 37 0.09
6 37 0.12
10 37 0.33
37 11 0.38
12 37 0.24
37 14 0.22
15 37 0.27
17 37 0.28
37 18 0.38
19 37 0.14
37 21 0.68
25 37 0.27
27 37 0.08
29 37 0.17
30 37 0.11
31 37 0.09
32 37 0.38
38 37 5.0E-4
