*Vertices  19
1 "LED灯罩"
2 "LED灯"
3 "开关"
4 "变压器"
5 "阻燃塑料外壳"
6 "LED"
7 "二极管"
8 "通道"
9 "塑料"
10 "铝基板"
11 "导热陶瓷"
12 "基座"
13 "密封胶"
14 "半导体"
15 "Li"
16 "射灯"
17 "发光管"
18 "导热柱"
19 "空穴"
*Arcs
1 19 0.0043
2 1 0.2
2 19 0.0035
3 2 0.37
3 19 7.0E-4
2 4 0.31
3 4 0.33
4 19 0.0017
2 5 0.14
3 5 0.17
4 5 0.32
19 5 0.0079
6 1 0.14
6 2 0.73
6 3 0.58
6 4 0.32
6 5 0.1
6 19 0.0022
7 1 0.1
7 2 0.35
7 3 0.58
7 4 0.42
7 5 0.15
7 6 0.7
7 19 0.0033
2 8 0.23
3 8 0.07
6 8 0.25
7 8 0.24
8 19 0.0031
9 1 0.2
2 9 0.36
3 9 0.15
9 4 0.09
9 5 0.29
6 9 0.35
7 9 0.21
9 8 0.24
9 19 0.01
1 10 0.32
2 10 0.31
3 10 0.16
4 10 0.28
10 5 0.45
6 10 0.23
7 10 0.26
8 10 0.18
9 10 0.39
19 10 0.0224
2 11 0.14
6 11 0.1
7 11 0.15
8 11 0.41
9 11 0.29
11 10 0.45
19 11 0.013
2 12 0.2
6 12 0.14
7 12 0.1
8 12 0.29
9 12 0.2
12 10 0.32
12 11 0.71
12 19 0.0077
13 2 0.24
13 3 0.1
6 13 0.18
7 13 0.08
13 8 0.24
13 9 0.17
13 10 0.26
13 11 0.58
13 12 0.41
13 19 0.0051
14 1 0.18
14 2 0.33
14 3 0.18
14 4 0.33
14 5 0.26
14 6 0.39
14 7 0.45
14 8 0.21
14 9 0.22
14 10 0.35
14 11 0.26
14 12 0.37
14 13 0.3
14 19 0.0087
15 1 0.24
2 15 0.23
3 15 0.12
4 15 0.11
15 5 0.33
6 15 0.3
7 15 0.44
15 8 0.27
9 15 0.29
15 10 0.45
15 11 0.33
15 12 0.24
13 15 0.19
14 15 0.52
15 19 0.0133
16 1 0.35
2 16 0.28
3 16 0.09
4 16 0.16
6 16 0.2
7 16 0.29
16 8 0.41
9 16 0.29
16 10 0.45
16 11 0.5
16 12 0.35
13 16 0.29
14 16 0.26
16 15 0.33
16 19 0.0129
17 1 0.27
2 17 0.32
3 17 0.33
4 17 0.24
17 5 0.38
6 17 0.27
7 17 0.28
17 8 0.15
9 17 0.44
17 10 0.68
17 11 0.38
17 12 0.27
13 17 0.22
14 17 0.29
17 15 0.38
16 17 0.38
17 19 0.0167
2 18 0.14
6 18 0.1
7 18 0.15
8 18 0.41
9 18 0.29
18 10 0.45
18 11 1.0
12 18 0.71
13 18 0.58
14 18 0.26
15 18 0.33
16 18 0.5
17 18 0.38
18 19 0.013
