*Vertices  18
1 "LED灯"
2 "电容"
3 "传感器"
4 "开关"
5 "LED"
6 "二极管"
7 "三极管"
8 "玻璃"
9 "通道"
10 "接收管"
11 "发光体"
12 "电路板"
13 "客户"
14 "芯片"
15 "电极"
16 "电阻"
17 "射灯"
18 "红外线发射管"
*Arcs
1 18 0.0021
1 2 0.35
2 18 0.0053
1 3 0.21
2 3 0.14
3 18 0.0037
4 1 0.37
4 2 0.39
4 3 0.26
4 18 0.0025
5 1 0.73
5 2 0.37
5 3 0.41
5 4 0.58
5 18 0.0015
6 1 0.35
6 2 0.45
6 3 0.29
6 4 0.58
6 5 0.7
6 18 0.0024
1 7 0.21
7 2 0.63
7 3 0.09
4 7 0.46
5 7 0.27
6 7 0.39
7 18 0.0089
1 8 0.27
2 8 0.07
3 8 0.06
4 8 0.17
5 8 0.42
6 8 0.32
7 8 0.09
8 18 0.0033
1 9 0.23
2 9 0.23
3 9 0.1
4 9 0.07
5 9 0.25
6 9 0.24
7 9 0.15
8 9 0.2
9 18 0.0093
1 10 0.16
10 2 0.32
10 3 0.14
4 10 0.3
5 10 0.18
6 10 0.25
10 7 0.65
10 8 0.14
10 9 0.24
10 18 0.0179
1 11 0.2
2 11 0.2
3 11 0.18
4 11 0.25
5 11 0.14
6 11 0.21
7 11 0.27
8 11 0.17
11 9 0.29
10 11 0.41
11 18 0.0221
1 12 0.4
2 12 0.13
3 12 0.12
4 12 0.12
5 12 0.43
6 12 0.24
7 12 0.27
8 12 0.4
12 9 0.1
10 12 0.27
12 11 0.17
12 18 0.0037
1 13 0.24
2 13 0.16
3 13 0.29
4 13 0.1
5 13 0.18
6 13 0.08
7 13 0.22
8 13 0.14
13 9 0.24
10 13 0.33
11 13 0.41
12 13 0.27
13 18 0.0164
14 1 0.26
14 2 0.4
14 3 0.31
14 4 0.28
14 5 0.5
14 6 0.42
14 7 0.39
14 8 0.3
14 9 0.25
14 10 0.35
14 11 0.14
14 12 0.38
14 13 0.12
14 18 0.0031
15 1 0.17
15 2 0.42
15 3 0.08
15 4 0.26
15 5 0.34
15 6 0.4
15 7 0.57
15 8 0.22
15 9 0.25
15 10 0.35
15 11 0.21
15 12 0.07
15 13 0.17
15 14 0.49
15 18 0.0057
1 16 0.27
16 2 0.81
16 3 0.24
4 16 0.46
5 16 0.42
6 16 0.57
16 7 0.64
16 8 0.12
16 9 0.3
16 10 0.42
16 11 0.17
16 12 0.17
16 13 0.14
14 16 0.5
15 16 0.44
16 18 0.0045
1 17 0.28
2 17 0.28
3 17 0.13
4 17 0.09
5 17 0.2
6 17 0.29
7 17 0.19
8 17 0.12
17 9 0.41
10 17 0.29
17 11 0.35
17 12 0.12
17 13 0.29
14 17 0.1
15 17 0.15
16 17 0.24
17 18 0.0129
