*Vertices  13
1 "LED灯"
2 "电容"
3 "聚光杯"
4 "整流器"
5 "变压器"
6 "LED"
7 "二极管"
8 "稳压二极管"
9 "基板"
10 "散热器"
11 "电阻"
12 "射灯"
13 "聚光碗"
*Arcs
1 13 0.0040
1 2 0.35
2 13 0.0137
1 3 0.2
2 3 0.39
13 3 0.0481
1 4 0.29
2 4 0.68
4 3 0.58
13 4 0.0245
1 5 0.31
2 5 0.61
5 3 0.45
5 4 0.77
5 13 0.0166
6 1 0.73
6 2 0.37
6 3 0.14
6 4 0.25
6 5 0.32
6 13 0.0025
7 1 0.35
7 2 0.45
7 3 0.21
7 4 0.36
7 5 0.42
7 6 0.7
7 13 0.0045
1 8 0.23
2 8 0.57
8 3 0.58
8 4 0.67
5 8 0.65
6 8 0.25
7 8 0.36
13 8 0.0245
1 9 0.29
2 9 0.45
9 3 0.58
9 4 0.5
5 9 0.39
6 9 0.25
7 9 0.18
9 8 0.5
13 9 0.0233
1 10 0.42
2 10 0.33
10 3 0.43
10 4 0.37
10 5 0.29
6 10 0.34
7 10 0.26
10 8 0.37
10 9 0.49
10 13 0.0134
1 11 0.27
11 2 0.81
11 3 0.34
11 4 0.59
11 5 0.54
6 11 0.42
7 11 0.57
11 8 0.59
11 9 0.3
11 10 0.22
11 13 0.0106
1 12 0.28
2 12 0.28
12 3 0.35
12 4 0.2
5 12 0.16
6 12 0.2
7 12 0.29
12 8 0.2
12 9 0.2
10 12 0.15
11 12 0.24
12 13 0.0081
