*Vertices  13
1 "LED灯"
2 "电容"
3 "整流器"
4 "变压器"
5 "LED"
6 "二极管"
7 "稳压二极管"
8 "基板"
9 "聚光碗"
10 "散热器"
11 "电阻"
12 "射灯"
13 "聚光杯"
*Arcs
1 13 0.0040
1 2 0.35
2 13 0.0137
1 3 0.29
2 3 0.68
3 13 0.0245
1 4 0.31
2 4 0.61
4 3 0.77
4 13 0.0166
5 1 0.73
5 2 0.37
5 3 0.25
5 4 0.32
5 13 0.0025
6 1 0.35
6 2 0.45
6 3 0.36
6 4 0.42
6 5 0.7
6 13 0.0045
1 7 0.23
2 7 0.57
7 3 0.67
4 7 0.65
5 7 0.25
6 7 0.36
7 13 0.0245
1 8 0.29
2 8 0.45
8 3 0.5
4 8 0.39
5 8 0.25
6 8 0.18
8 7 0.5
8 13 0.0233
1 9 0.2
2 9 0.39
9 3 0.58
4 9 0.45
5 9 0.14
6 9 0.21
9 7 0.58
9 8 0.58
9 13 0.0481
1 10 0.42
2 10 0.33
10 3 0.37
10 4 0.29
5 10 0.34
6 10 0.26
10 7 0.37
10 8 0.49
10 9 0.43
10 13 0.0134
1 11 0.27
11 2 0.81
11 3 0.59
11 4 0.54
5 11 0.42
6 11 0.57
11 7 0.59
11 8 0.3
11 9 0.34
11 10 0.22
11 13 0.0106
1 12 0.28
2 12 0.28
12 3 0.2
4 12 0.16
5 12 0.2
6 12 0.29
12 7 0.2
12 8 0.2
12 9 0.35
10 12 0.15
11 12 0.24
12 13 0.0081
