*Vertices  27
1 "LED灯"
2 "电容"
3 "传感器"
4 "开关"
5 "模数转换集成块"
6 "编解码方法"
7 "LED"
8 "二极管"
9 "三极管"
10 "接收管"
11 "转换器"
12 "放大器"
13 "半导体"
14 "码道"
15 "充电电池"
16 "芯片"
17 "充电器"
18 "存储器"
19 "电感"
20 "电极"
21 "电阻"
22 "超声波"
23 "检测仪"
24 "扬声器"
25 "绝对位置"
26 "提示仪"
27 "脉冲信号"
*Arcs
1 27 4.0E-4
1 2 0.35
27 2 0.0015
1 3 0.21
2 3 0.14
27 3 0.0013
4 1 0.37
4 2 0.39
4 3 0.26
4 27 6.0E-4
1 5 0.14
5 2 0.28
4 5 0.17
27 5 0.0118
3 6 0.25
27 6 0.0121
7 1 0.73
7 2 0.37
7 3 0.41
7 4 0.58
7 5 0.1
7 6 0.1
7 27 9.0E-4
8 1 0.35
8 2 0.45
8 3 0.29
8 4 0.58
8 5 0.15
8 6 0.15
8 7 0.7
8 27 0.0018
1 9 0.21
9 2 0.63
9 3 0.09
4 9 0.46
9 5 0.38
7 9 0.27
8 9 0.39
27 9 0.0025
1 10 0.16
10 2 0.32
10 3 0.14
4 10 0.3
10 5 0.58
7 10 0.18
8 10 0.25
10 9 0.65
27 10 0.0046
1 11 0.07
11 2 0.28
11 3 0.25
4 11 0.26
11 5 0.5
7 11 0.2
8 11 0.22
11 9 0.19
11 10 0.29
27 11 0.0033
1 12 0.2
12 2 0.39
4 12 0.25
12 5 0.71
7 12 0.14
8 12 0.21
12 9 0.53
12 10 0.41
12 11 0.35
27 12 0.0065
13 1 0.33
13 2 0.21
13 4 0.18
13 5 0.26
13 7 0.39
13 8 0.45
13 9 0.2
13 10 0.15
13 11 0.13
13 12 0.18
13 27 0.0010
3 14 0.25
14 6 1.0
7 14 0.1
8 14 0.15
27 14 0.0121
1 15 0.1
15 2 0.39
4 15 0.25
15 5 0.71
7 15 0.14
8 15 0.21
15 9 0.53
15 10 0.41
15 11 0.35
15 12 0.5
13 15 0.18
27 15 0.0063
16 1 0.26
16 2 0.4
16 3 0.31
16 4 0.28
16 5 0.2
16 7 0.5
16 8 0.42
16 9 0.39
16 10 0.35
16 11 0.31
16 12 0.29
16 13 0.42
16 15 0.29
16 27 8.0E-4
1 17 0.14
17 2 0.28
4 17 0.17
17 5 1.0
7 17 0.1
8 17 0.15
17 9 0.38
17 10 0.58
17 11 0.5
17 12 0.71
13 17 0.26
17 15 0.71
16 17 0.2
27 17 0.0118
1 18 0.06
18 2 0.12
18 3 0.22
4 18 0.31
18 5 0.45
7 18 0.23
8 18 0.33
18 9 0.34
18 10 0.52
18 11 0.45
18 12 0.32
13 18 0.12
18 15 0.32
16 18 0.27
18 17 0.45
27 18 0.0029
1 19 0.25
19 2 0.62
4 19 0.39
19 5 0.45
7 19 0.23
8 19 0.33
19 9 0.68
19 10 0.26
19 11 0.22
19 12 0.63
13 19 0.35
19 15 0.32
16 19 0.18
19 17 0.45
19 18 0.2
27 19 0.0030
20 1 0.17
20 2 0.42
20 3 0.08
20 4 0.26
20 5 0.3
20 7 0.34
20 8 0.4
20 9 0.57
20 10 0.35
20 11 0.15
20 12 0.43
20 13 0.54
20 15 0.21
20 16 0.49
20 17 0.3
20 18 0.13
20 19 0.54
20 27 0.0015
1 21 0.27
21 2 0.81
21 3 0.24
4 21 0.46
21 5 0.24
7 21 0.42
8 21 0.57
21 9 0.64
21 10 0.42
21 11 0.36
21 12 0.34
13 21 0.25
21 15 0.34
16 21 0.5
21 17 0.24
21 18 0.33
21 19 0.54
20 21 0.44
27 21 0.0012
1 22 0.14
22 2 0.28
4 22 0.17
22 5 1.0
7 22 0.1
8 22 0.15
22 9 0.38
22 10 0.58
22 11 0.5
22 12 0.71
13 22 0.26
22 15 0.71
16 22 0.2
22 17 1.0
22 18 0.45
22 19 0.45
20 22 0.3
22 21 0.24
22 27 0.0118
1 23 0.1
23 2 0.2
23 3 0.18
4 23 0.12
23 5 0.71
7 23 0.14
8 23 0.1
23 9 0.27
23 10 0.41
23 11 0.35
23 12 0.5
13 23 0.18
23 15 0.5
16 23 0.14
23 17 0.71
23 18 0.32
23 19 0.32
20 23 0.21
23 21 0.17
23 22 0.71
23 27 0.0062
1 24 0.14
24 2 0.28
4 24 0.17
24 5 1.0
7 24 0.1
8 24 0.15
24 9 0.38
24 10 0.58
24 11 0.5
24 12 0.71
13 24 0.26
24 15 0.71
16 24 0.2
24 17 1.0
24 18 0.45
24 19 0.45
20 24 0.3
24 21 0.24
24 22 1.0
24 23 0.71
24 27 0.0118
3 25 0.25
25 6 1.0
7 25 0.1
8 25 0.15
25 14 1.0
27 25 0.0121
1 26 0.14
26 2 0.28
4 26 0.17
26 5 1.0
7 26 0.1
8 26 0.15
26 9 0.38
26 10 0.58
26 11 0.5
26 12 0.71
13 26 0.26
26 15 0.71
16 26 0.2
26 17 1.0
26 18 0.45
26 19 0.45
20 26 0.3
26 21 0.24
26 22 1.0
26 23 0.71
26 24 1.0
26 27 0.0118
