*Vertices  135
1 "LED显示屏"
2 "LCD显示屏"
3 "显示器"
4 "衬底"
5 "LED灯"
6 "滤波片"
7 "光纤"
8 "电容"
9 "容器"
10 "传感器"
11 "控制器"
12 "处理器"
13 "单片机"
14 "叶片"
15 "荧光粉"
16 "工质"
17 "开关"
18 "发光荧光材料"
19 "III-V族半导体材料"
20 "GAN"
21 "热电分离"
22 "PD"
23 "引发剂"
24 "功率因数校正"
25 "连接管"
26 "模数转换集成块"
27 "硼酸"
28 "显示技术"
29 "变压器"
30 "定时器"
31 "Zigbee"
32 "发光板"
33 "EP"
34 "LED外延片"
35 "外延片"
36 "外延"
37 "LED"
38 "液晶显示模块"
39 "二极管"
40 "整流二极管"
41 "稳压二极管"
42 "三极管"
43 "扩散剂"
44 "GSM"
45 "玻璃"
46 "通道"
47 "接收管"
48 "LED光源"
49 "塑料"
50 "腐蚀液"
51 "缩水甘油"
52 "电子元器件"
53 "转换器"
54 "铝基板"
55 "基板"
56 "晶体振荡器"
57 "基座"
58 "红外线发射管"
59 "滤光片"
60 "稀释剂"
61 "电动机"
62 "散热片"
63 "散热器"
64 "发光体"
65 "加热片"
66 "硅橡胶"
67 "光刻胶"
68 "密封胶"
69 "SiO2"
70 "放大器"
71 "半导体"
72 "电路板"
73 "Al2O3"
74 "GaAs"
75 "MQW"
76 "SMT"
77 "ESD"
78 "ITO"
79 "GPIO"
80 "键合"
81 "客户"
82 "摄像机"
83 "含硅"
84 "光子晶体"
85 "太阳能"
86 "充电电池"
87 "锂电池"
88 "FPC连接器"
89 "FFC连接器"
90 "LED芯片"
91 "金属层"
92 "电流扩展层"
93 "继电器"
94 "充电器"
95 "冷凝器"
96 "存储器"
97 "酸盐"
98 "Li"
99 "电感"
100 "离子"
101 "电极"
102 "电阻"
103 "基色"
104 "发射模块"
105 "驱动模块"
106 "脉冲信号"
107 "散热腔"
108 "光子晶体谐振腔"
109 "丙酮"
110 "激光"
111 "超声波"
112 "SIM"
113 "MOCVD"
114 "湿法刻蚀"
115 "干法刻蚀"
116 "射灯"
117 "酯键"
118 "检测仪"
119 "臭氧"
120 "屏幕"
121 "读取器"
122 "透镜"
123 "舰船"
124 "反射层"
125 "甲基"
126 "信息卡"
127 "蜂鸣器"
128 "扬声器"
129 "固定支架"
130 "激发光"
131 "发光管"
132 "提示仪"
133 "DMA"
134 "插座"
135 "芯片"
*Arcs
135 1 0.0
2 1 0.29
135 2 5.0E-4
3 2 0.47
135 3 4.0E-4
135 4 5.0E-4
5 1 0.06
5 2 0.05
5 3 0.05
135 5 3.0E-4
4 6 0.63
135 6 3.0E-4
4 7 0.52
7 6 0.82
135 7 2.0E-4
5 8 0.35
135 8 5.0E-4
5 9 0.19
8 9 0.37
135 9 0.0
10 2 0.18
10 3 0.17
5 10 0.21
10 7 0.14
8 10 0.14
135 10 3.0E-4
2 11 0.34
3 11 0.32
5 11 0.18
8 11 0.18
9 11 0.14
10 11 0.32
135 11 5.0E-4
2 12 0.16
3 12 0.15
5 12 0.13
10 12 0.56
11 12 0.42
135 12 2.0E-4
13 2 0.13
3 13 0.59
5 13 0.05
8 13 0.2
10 13 0.35
13 11 0.22
13 12 0.16
135 13 3.0E-4
14 1 0.58
5 14 0.1
135 14 1.0E-4
4 15 0.32
5 15 0.1
9 15 0.32
135 15 2.0E-4
5 16 0.14
8 16 0.28
135 16 1.0E-4
17 2 0.18
17 3 0.06
17 5 0.37
17 8 0.39
17 9 0.31
17 10 0.26
17 11 0.22
17 12 0.16
17 13 0.12
135 17 3.0E-4
4 18 0.26
5 18 0.16
18 9 0.26
18 15 0.41
135 18 1.0E-4
4 19 0.63
19 6 1.0
7 19 0.82
135 19 3.0E-4
4 20 0.63
20 6 1.0
7 20 0.82
20 19 1.0
135 20 3.0E-4
5 21 0.2
8 21 0.2
21 16 0.71
135 21 1.0E-4
4 22 0.63
22 6 1.0
7 22 0.82
22 19 1.0
22 20 1.0
135 22 3.0E-4
23 3 0.24
135 23 3.0E-4
5 24 0.14
8 24 0.28
17 24 0.17
135 24 1.0E-4
5 25 0.14
8 25 0.28
25 16 1.0
21 25 0.71
135 25 1.0E-4
5 26 0.14
26 8 0.28
17 26 0.17
135 26 2.0E-4
27 3 0.24
5 27 0.1
27 9 0.32
27 15 0.5
27 18 0.41
27 23 0.5
135 27 3.0E-4
2 28 0.25
3 28 0.47
10 28 0.18
11 28 0.45
12 28 0.32
13 28 0.25
135 28 2.0E-4
29 3 0.11
5 29 0.31
8 29 0.61
29 9 0.42
29 11 0.1
17 29 0.33
29 23 0.22
29 24 0.32
29 27 0.22
135 29 1.0E-4
2 30 0.35
10 30 0.25
11 30 0.32
12 30 0.45
17 30 0.17
135 30 1.0E-4
8 31 0.28
10 31 0.25
13 31 0.35
17 31 0.17
135 31 1.0E-4
5 32 0.16
8 32 0.32
9 32 0.26
11 32 0.18
17 32 0.2
32 24 0.58
29 32 0.37
135 32 1.0E-4
33 3 0.24
33 23 1.0
33 27 0.5
33 29 0.22
135 33 3.0E-4
34 4 0.45
135 34 1.0E-4
35 4 0.77
35 6 0.82
35 7 0.67
35 19 0.82
35 20 0.82
35 22 0.82
35 34 0.58
135 35 4.0E-4
36 4 1.0
36 6 0.63
36 7 0.52
36 15 0.32
36 18 0.26
36 19 0.63
36 20 0.63
36 22 0.63
36 34 0.45
36 35 0.77
135 36 5.0E-4
37 1 0.25
37 2 0.29
37 3 0.3
37 4 0.23
37 5 0.73
37 6 0.14
37 7 0.18
37 8 0.37
37 9 0.23
37 10 0.41
37 11 0.32
37 12 0.23
37 13 0.29
37 14 0.14
37 15 0.14
37 16 0.1
37 17 0.58
37 18 0.18
37 19 0.14
37 20 0.14
37 21 0.14
37 22 0.14
37 23 0.14
37 24 0.1
37 25 0.1
37 26 0.1
37 27 0.14
37 28 0.14
37 29 0.32
37 30 0.1
37 31 0.1
37 32 0.18
37 33 0.14
37 34 0.1
37 35 0.18
37 36 0.23
135 37 0.0010
38 2 0.71
3 38 0.5
10 38 0.13
38 11 0.47
38 12 0.22
38 13 0.18
17 38 0.17
38 28 0.35
38 30 0.5
37 38 0.2
135 38 5.0E-4
39 2 0.15
39 3 0.19
39 4 0.26
39 5 0.35
39 6 0.21
39 7 0.25
39 8 0.45
39 9 0.26
39 10 0.29
39 11 0.14
39 12 0.13
39 13 0.21
39 17 0.58
39 18 0.17
39 19 0.21
39 20 0.21
39 22 0.21
39 23 0.21
39 24 0.15
39 26 0.15
39 27 0.1
39 29 0.42
39 30 0.15
39 31 0.15
39 32 0.17
39 33 0.21
39 34 0.15
39 35 0.25
39 36 0.26
39 37 0.7
39 38 0.15
135 39 7.0E-4
5 40 0.14
8 40 0.28
17 40 0.17
40 24 1.0
29 40 0.32
32 40 0.58
37 40 0.1
39 40 0.15
135 40 1.0E-4
41 2 0.14
5 41 0.23
8 41 0.57
41 9 0.18
10 41 0.1
41 11 0.26
41 12 0.18
17 41 0.21
41 24 0.41
29 41 0.65
41 30 0.41
41 32 0.47
37 41 0.25
41 38 0.2
39 41 0.36
41 40 0.41
135 41 1.0E-4
42 2 0.13
42 3 0.13
5 42 0.21
42 8 0.63
42 9 0.34
42 10 0.09
42 11 0.12
42 13 0.13
17 42 0.46
42 24 0.38
42 26 0.38
42 29 0.36
42 32 0.44
37 42 0.27
42 38 0.19
39 42 0.39
42 40 0.38
42 41 0.31
135 42 5.0E-4
5 43 0.2
9 43 0.32
43 15 0.5
18 43 0.82
27 43 0.5
37 43 0.14
39 43 0.1
135 43 1.0E-4
8 44 0.28
11 44 0.32
13 44 0.35
37 44 0.1
135 44 1.0E-4
45 1 0.3
45 3 0.24
4 45 0.22
5 45 0.27
45 6 0.34
7 45 0.28
8 45 0.07
10 45 0.06
45 13 0.17
45 14 0.34
17 45 0.17
45 19 0.34
45 20 0.34
45 22 0.34
45 23 0.34
45 27 0.17
45 29 0.08
45 33 0.34
35 45 0.28
36 45 0.22
37 45 0.42
39 45 0.32
42 45 0.09
135 45 3.0E-4
4 46 0.18
5 46 0.23
46 6 0.29
7 46 0.24
8 46 0.23
10 46 0.1
46 16 0.41
17 46 0.07
46 19 0.29
46 20 0.29
21 46 0.29
46 22 0.29
46 25 0.41
35 46 0.24
36 46 0.18
37 46 0.25
39 46 0.24
42 46 0.15
45 46 0.2
135 46 2.0E-4
47 2 0.2
47 3 0.19
5 47 0.16
47 8 0.32
47 10 0.14
47 13 0.2
17 47 0.3
47 26 0.58
37 47 0.18
47 38 0.29
39 47 0.25
47 42 0.65
47 45 0.14
47 46 0.24
135 47 4.0E-4
48 2 0.11
48 3 0.2
4 48 0.27
5 48 0.3
48 6 0.43
48 7 0.35
48 9 0.13
48 13 0.11
48 15 0.21
17 48 0.05
48 18 0.17
48 19 0.43
48 20 0.43
48 22 0.43
48 23 0.21
48 27 0.43
48 29 0.1
48 33 0.21
35 48 0.35
36 48 0.27
37 48 0.34
48 38 0.15
39 48 0.31
42 48 0.11
48 43 0.21
48 45 0.29
48 46 0.25
47 48 0.17
135 48 4.0E-4
49 1 0.12
49 3 0.1
5 49 0.36
49 9 0.13
49 10 0.14
49 11 0.18
49 12 0.13
49 13 0.1
49 14 0.2
17 49 0.15
49 28 0.2
49 29 0.09
37 49 0.35
39 49 0.21
49 45 0.28
49 46 0.24
49 48 0.17
135 49 0.0
50 4 0.45
50 34 1.0
50 35 0.58
50 36 0.45
50 37 0.1
50 39 0.15
135 50 1.0E-4
51 3 0.24
51 23 1.0
51 27 0.5
51 29 0.22
51 33 1.0
37 51 0.14
39 51 0.21
51 45 0.34
48 51 0.21
135 51 3.0E-4
5 52 0.14
8 52 0.28
52 16 1.0
21 52 0.71
52 25 1.0
37 52 0.1
52 46 0.41
135 52 1.0E-4
53 1 0.2
53 2 0.35
5 53 0.07
53 8 0.28
53 10 0.25
53 11 0.16
53 12 0.22
53 13 0.18
17 53 0.26
53 26 0.5
53 30 0.5
53 31 0.5
37 53 0.2
53 38 0.25
39 53 0.22
53 41 0.2
53 42 0.19
53 47 0.29
135 53 3.0E-4
5 54 0.31
8 54 0.12
17 54 0.16
54 24 0.45
29 54 0.28
32 54 0.26
37 54 0.23
39 54 0.26
54 40 0.45
41 54 0.18
42 54 0.17
46 54 0.18
49 54 0.39
135 54 1.0E-4
4 55 0.18
5 55 0.29
8 55 0.45
55 15 0.29
55 16 0.41
55 21 0.29
55 25 0.41
29 55 0.39
36 55 0.18
37 55 0.25
39 55 0.18
55 41 0.5
55 46 0.17
55 52 0.41
135 55 1.0E-4
8 56 0.28
10 56 0.25
13 56 0.35
17 56 0.17
56 31 1.0
37 56 0.1
39 56 0.15
53 56 0.5
135 56 1.0E-4
5 57 0.2
9 57 0.32
57 15 0.5
18 57 0.41
27 57 0.5
37 57 0.14
39 57 0.1
43 57 0.5
46 57 0.29
48 57 0.21
49 57 0.2
57 54 0.32
135 57 1.0E-4
5 58 0.14
8 58 0.28
10 58 0.25
17 58 0.17
37 58 0.1
39 58 0.15
42 58 0.38
45 58 0.24
46 58 0.41
47 58 0.58
135 58 1.0E-4
59 2 0.2
3 59 0.19
4 59 0.52
59 6 0.82
7 59 0.67
59 13 0.2
17 59 0.1
59 19 0.82
59 20 0.82
59 22 0.82
35 59 0.67
36 59 0.52
37 59 0.18
59 38 0.29
39 59 0.25
42 59 0.22
45 59 0.28
59 46 0.24
47 59 0.33
48 59 0.52
135 59 5.0E-4
60 3 0.24
60 23 1.0
60 27 0.5
60 29 0.22
60 33 1.0
37 60 0.14
39 60 0.21
60 45 0.34
48 60 0.21
60 51 1.0
135 60 3.0E-4
3 61 0.33
10 61 0.25
11 61 0.32
12 61 0.45
13 61 0.35
28 61 0.71
37 61 0.1
49 61 0.29
135 61 1.0E-4
62 5 0.4
62 8 0.09
62 16 0.32
62 17 0.11
62 21 0.22
62 25 0.32
37 62 0.32
39 62 0.18
62 45 0.15
62 46 0.26
62 48 0.48
62 49 0.18
62 52 0.32
62 54 0.14
62 55 0.26
135 62 1.0E-4
5 63 0.42
8 63 0.33
63 16 0.3
63 21 0.43
63 25 0.3
63 29 0.29
37 63 0.34
39 63 0.26
63 41 0.37
63 45 0.07
63 46 0.12
63 48 0.27
63 49 0.09
63 52 0.3
63 54 0.13
63 55 0.49
62 63 0.48
135 63 1.0E-4
5 64 0.2
8 64 0.2
10 64 0.18
17 64 0.25
37 64 0.14
39 64 0.21
42 64 0.27
45 64 0.17
64 46 0.29
47 64 0.41
64 58 0.71
135 64 0.0
2 65 0.35
3 65 0.33
11 65 0.32
37 65 0.1
38 65 0.5
135 65 1.0E-4
66 3 0.24
5 66 0.1
66 9 0.32
66 15 0.5
66 18 0.41
66 23 0.5
66 27 1.0
66 29 0.22
66 33 0.5
37 66 0.14
39 66 0.1
66 43 0.5
66 45 0.17
48 66 0.43
66 51 0.5
66 57 0.5
66 60 0.5
135 66 3.0E-4
67 4 0.45
67 34 1.0
67 35 0.58
67 36 0.45
67 37 0.1
67 39 0.15
67 50 1.0
135 67 1.0E-4
68 1 0.24
68 5 0.24
68 14 0.41
68 17 0.1
37 68 0.18
39 68 0.08
68 45 0.14
68 46 0.24
68 49 0.17
68 54 0.26
68 57 0.41
68 62 0.18
135 68 0.0
69 1 0.2
69 4 0.67
69 6 0.71
69 7 0.58
69 14 0.35
69 19 0.71
69 20 0.71
69 22 0.71
69 34 0.5
69 35 0.87
69 36 0.67
69 37 0.2
69 39 0.22
69 45 0.36
69 46 0.2
69 48 0.3
69 49 0.14
69 50 0.5
69 59 0.58
69 67 0.5
135 69 4.0E-4
5 70 0.2
70 8 0.39
17 70 0.25
70 24 0.71
70 26 0.71
70 29 0.22
70 32 0.41
37 70 0.14
39 70 0.21
70 40 0.71
70 41 0.29
70 42 0.53
70 47 0.41
70 53 0.35
70 54 0.32
135 70 3.0E-4
71 1 0.11
71 3 0.09
71 4 0.58
71 5 0.33
71 6 0.37
71 7 0.3
71 8 0.21
71 9 0.35
71 14 0.18
71 15 0.37
71 17 0.18
71 18 0.45
71 19 0.37
71 20 0.37
71 22 0.37
71 23 0.18
71 26 0.26
71 27 0.37
71 29 0.33
71 33 0.18
71 34 0.26
71 35 0.45
71 36 0.58
71 37 0.39
71 39 0.45
71 42 0.2
71 43 0.37
71 45 0.25
71 46 0.21
71 47 0.15
71 48 0.31
71 49 0.22
71 50 0.26
71 51 0.18
71 53 0.13
71 54 0.35
71 55 0.11
71 57 0.37
71 59 0.3
71 60 0.18
71 66 0.37
71 67 0.26
71 68 0.3
71 69 0.39
71 70 0.18
135 71 7.0E-4
72 1 0.19
72 2 0.25
3 72 0.31
5 72 0.4
8 72 0.13
72 9 0.11
10 72 0.12
72 11 0.15
72 12 0.11
72 13 0.17
72 14 0.33
72 15 0.17
17 72 0.12
72 18 0.27
72 21 0.17
23 72 0.17
27 72 0.17
72 28 0.17
33 72 0.17
37 72 0.43
72 38 0.24
39 72 0.24
42 72 0.27
72 43 0.33
45 72 0.4
72 46 0.1
47 72 0.27
48 72 0.21
49 72 0.2
51 72 0.17
72 57 0.17
72 58 0.24
72 59 0.14
60 72 0.17
62 72 0.07
63 72 0.07
72 64 0.17
66 72 0.17
68 72 0.14
69 72 0.12
71 72 0.18
135 72 4.0E-4
4 73 0.89
73 6 0.71
7 73 0.58
73 15 0.35
73 18 0.29
73 19 0.71
73 20 0.71
73 22 0.71
35 73 0.58
36 73 0.89
37 73 0.2
39 73 0.22
45 73 0.24
73 46 0.2
48 73 0.3
55 73 0.2
59 73 0.58
69 73 0.5
71 73 0.52
135 73 4.0E-4
4 74 0.77
74 6 0.82
7 74 0.67
15 74 0.41
74 19 0.82
74 20 0.82
74 22 0.82
35 74 0.67
36 74 0.77
37 74 0.18
39 74 0.17
45 74 0.28
46 74 0.24
48 74 0.35
55 74 0.24
59 74 0.67
69 74 0.58
71 74 0.45
73 74 0.87
135 74 4.0E-4
4 75 0.63
75 6 1.0
7 75 0.82
75 19 1.0
75 20 1.0
75 22 1.0
35 75 0.82
36 75 0.63
37 75 0.14
39 75 0.21
45 75 0.34
46 75 0.29
48 75 0.43
59 75 0.82
69 75 0.71
71 75 0.37
73 75 0.71
74 75 0.82
135 75 3.0E-4
2 76 0.5
3 76 0.47
11 76 0.45
76 28 0.5
37 76 0.14
38 76 0.71
76 65 0.71
72 76 0.17
135 76 2.0E-4
8 77 0.28
10 77 0.25
13 77 0.35
17 77 0.17
77 31 1.0
37 77 0.1
39 77 0.15
53 77 0.5
77 56 1.0
135 77 1.0E-4
78 2 0.16
78 3 0.15
78 4 0.8
78 6 0.63
78 7 0.52
78 11 0.14
78 18 0.26
78 19 0.63
78 20 0.63
78 22 0.63
78 34 0.45
78 35 0.77
78 36 0.8
78 37 0.23
78 38 0.22
78 39 0.26
78 45 0.22
78 46 0.18
78 48 0.27
78 50 0.45
78 59 0.52
78 65 0.45
78 67 0.45
78 69 0.67
78 71 0.46
78 73 0.67
78 74 0.52
78 75 0.63
78 76 0.32
135 78 5.0E-4
79 2 0.35
3 79 0.33
79 13 0.35
17 79 0.17
37 79 0.1
79 38 0.5
39 79 0.15
42 79 0.38
47 79 0.58
48 79 0.3
79 59 0.58
79 72 0.24
135 79 1.0E-4
4 80 0.45
15 80 0.71
36 80 0.45
37 80 0.1
55 80 0.41
71 80 0.26
73 80 0.5
80 74 0.58
135 80 1.0E-4
2 81 0.2
3 81 0.19
5 81 0.24
8 81 0.16
10 81 0.29
17 81 0.1
37 81 0.18
39 81 0.08
42 81 0.22
45 81 0.14
81 46 0.24
47 81 0.33
81 58 0.58
64 81 0.41
72 81 0.27
135 81 0.0
82 1 0.24
82 2 0.41
3 82 0.19
10 82 0.14
82 13 0.2
17 82 0.1
37 82 0.18
82 38 0.29
39 82 0.17
42 82 0.22
47 82 0.33
48 82 0.17
82 59 0.33
82 72 0.14
82 79 0.58
135 82 1.0E-4
83 3 0.33
83 23 0.71
83 27 0.71
83 29 0.32
83 33 0.71
37 83 0.1
39 83 0.15
83 45 0.24
48 83 0.3
83 51 0.71
83 60 0.71
83 66 0.71
71 83 0.26
135 83 2.0E-4
4 84 0.63
84 6 1.0
7 84 0.82
84 19 1.0
84 20 1.0
84 22 1.0
35 84 0.82
36 84 0.63
37 84 0.14
39 84 0.21
45 84 0.34
46 84 0.29
48 84 0.43
59 84 0.82
69 84 0.71
71 84 0.37
73 84 0.71
74 84 0.82
84 75 1.0
78 84 0.63
135 84 3.0E-4
1 85 0.15
5 85 0.21
8 85 0.1
85 11 0.12
17 85 0.2
37 85 0.27
39 85 0.11
42 85 0.14
45 85 0.18
72 85 0.09
135 85 0.0
5 86 0.1
86 8 0.39
17 86 0.25
86 26 0.71
37 86 0.14
39 86 0.21
86 42 0.53
86 47 0.41
86 53 0.35
86 70 0.5
71 86 0.18
86 72 0.17
86 85 0.27
135 86 2.0E-4
2 87 0.25
5 87 0.1
10 87 0.35
11 87 0.45
87 12 0.63
17 87 0.12
87 30 0.71
37 87 0.14
38 87 0.35
39 87 0.21
41 87 0.29
53 87 0.35
72 87 0.17
135 87 2.0E-4
2 88 0.35
3 88 0.33
11 88 0.32
37 88 0.1
38 88 0.5
88 65 1.0
88 76 0.71
78 88 0.45
135 88 1.0E-4
2 89 0.35
3 89 0.33
11 89 0.32
89 28 0.71
37 89 0.1
38 89 0.5
72 89 0.24
89 76 0.71
135 89 1.0E-4
90 4 0.45
90 5 0.14
90 8 0.14
90 9 0.22
90 15 0.71
90 16 0.5
90 18 0.29
90 21 0.35
90 25 0.5
90 27 0.35
90 34 0.5
90 35 0.29
90 36 0.45
90 37 0.2
90 39 0.07
90 43 0.35
90 46 0.2
90 48 0.15
90 50 0.5
90 52 0.5
90 55 0.41
90 57 0.35
90 62 0.16
90 63 0.15
90 66 0.35
90 67 0.5
90 69 0.25
90 71 0.39
90 72 0.12
90 73 0.25
90 74 0.29
90 78 0.22
90 80 0.5
135 90 5.0E-4
91 4 0.89
91 6 0.71
91 7 0.58
91 18 0.29
91 19 0.71
91 20 0.71
91 22 0.71
91 34 0.5
91 35 0.87
91 36 0.89
91 37 0.2
91 39 0.29
91 45 0.24
91 46 0.2
91 48 0.3
91 50 0.5
91 59 0.58
91 67 0.5
91 69 0.75
91 71 0.52
91 73 0.75
91 74 0.58
91 75 0.71
91 78 0.89
91 84 0.71
91 90 0.25
91 135 4.0E-4
4 92 0.63
92 6 1.0
7 92 0.82
92 19 1.0
92 20 1.0
92 22 1.0
35 92 0.82
36 92 0.63
37 92 0.14
39 92 0.21
45 92 0.34
46 92 0.29
48 92 0.43
59 92 0.82
69 92 0.71
71 92 0.37
73 92 0.71
74 92 0.82
92 75 1.0
78 92 0.63
92 84 1.0
91 92 0.71
135 92 3.0E-4
2 93 0.35
10 93 0.25
17 93 0.17
37 93 0.1
39 93 0.15
135 93 0.0
5 94 0.14
94 8 0.28
17 94 0.17
94 26 1.0
37 94 0.1
39 94 0.15
94 42 0.38
94 47 0.58
94 53 0.5
94 70 0.71
71 94 0.26
94 86 0.71
135 94 2.0E-4
5 95 0.14
8 95 0.28
95 16 1.0
21 95 0.71
95 25 1.0
37 95 0.1
95 46 0.41
95 52 1.0
55 95 0.41
62 95 0.32
63 95 0.3
90 95 0.5
135 95 1.0E-4
96 2 0.32
96 3 0.15
5 96 0.06
96 8 0.12
96 10 0.22
96 11 0.14
96 12 0.2
96 13 0.16
17 96 0.31
96 26 0.45
96 30 0.45
37 96 0.23
96 38 0.45
39 96 0.33
96 41 0.18
96 42 0.34
96 47 0.52
96 48 0.13
96 53 0.45
96 59 0.26
96 70 0.32
71 96 0.12
96 72 0.11
96 79 0.45
96 82 0.52
96 86 0.32
96 87 0.32
96 94 0.45
135 96 3.0E-4
97 3 0.19
5 97 0.08
97 9 0.26
97 15 0.41
97 18 0.33
97 23 0.82
97 27 0.82
97 29 0.18
97 33 0.82
37 97 0.18
39 97 0.17
97 43 0.41
97 45 0.28
48 97 0.35
97 51 0.82
97 57 0.41
97 60 0.82
97 66 0.82
71 97 0.3
97 72 0.27
97 83 0.58
90 97 0.29
135 97 4.0E-4
4 98 0.3
5 98 0.23
98 6 0.47
7 98 0.38
8 98 0.09
10 98 0.08
13 98 0.12
17 98 0.12
18 98 0.19
98 19 0.47
98 20 0.47
98 22 0.47
23 98 0.24
29 98 0.11
98 31 0.33
33 98 0.24
35 98 0.38
36 98 0.3
37 98 0.3
39 98 0.44
98 43 0.24
45 98 0.32
98 46 0.27
48 98 0.3
49 98 0.29
51 98 0.24
53 98 0.17
98 54 0.45
98 56 0.33
98 57 0.24
59 98 0.38
60 98 0.24
62 98 0.11
63 98 0.1
68 98 0.19
69 98 0.33
71 98 0.52
72 98 0.16
73 98 0.33
98 74 0.38
98 75 0.47
98 77 0.33
78 98 0.3
98 84 0.47
91 98 0.33
98 92 0.47
97 98 0.19
135 98 3.0E-4
5 99 0.25
99 8 0.62
99 9 0.6
99 11 0.14
17 99 0.39
99 24 0.45
99 26 0.45
99 29 0.57
99 32 0.52
37 99 0.23
39 99 0.33
99 40 0.45
99 41 0.37
99 42 0.68
99 47 0.26
99 53 0.22
99 54 0.2
99 70 0.63
71 99 0.35
99 86 0.32
99 94 0.45
99 96 0.2
135 99 2.0E-4
100 1 0.29
100 2 0.25
100 3 0.12
4 100 0.32
5 100 0.1
100 6 0.5
7 100 0.41
100 19 0.5
100 20 0.5
100 22 0.5
100 23 0.5
100 27 0.25
100 29 0.11
100 33 0.5
35 100 0.41
36 100 0.32
37 100 0.29
39 100 0.21
100 45 0.34
100 46 0.14
48 100 0.32
100 51 0.5
53 100 0.18
100 59 0.41
100 60 0.5
100 66 0.25
69 100 0.35
71 100 0.27
100 72 0.17
100 73 0.35
100 74 0.41
100 75 0.5
78 100 0.32
100 82 0.2
100 83 0.35
100 84 0.5
91 100 0.35
100 92 0.5
100 97 0.41
100 98 0.35
135 100 3.0E-4
101 2 0.11
101 3 0.1
101 4 0.67
101 5 0.17
101 6 0.43
101 7 0.35
101 8 0.42
101 9 0.27
101 10 0.08
101 11 0.19
101 15 0.21
101 17 0.26
101 18 0.17
101 19 0.43
101 20 0.43
101 22 0.43
101 24 0.3
101 26 0.3
101 29 0.29
101 32 0.35
101 34 0.3
101 35 0.52
101 36 0.67
101 37 0.34
101 38 0.15
101 39 0.4
101 40 0.3
101 41 0.25
101 42 0.57
101 45 0.22
101 46 0.25
101 47 0.35
101 48 0.18
101 50 0.3
101 53 0.15
101 54 0.13
101 55 0.12
101 58 0.3
101 59 0.35
101 64 0.21
101 65 0.3
101 67 0.3
101 69 0.45
101 70 0.43
101 71 0.54
101 72 0.07
101 73 0.6
101 74 0.52
101 75 0.43
101 76 0.21
101 78 0.67
101 80 0.3
101 81 0.17
101 84 0.43
101 86 0.21
101 88 0.3
101 90 0.3
101 91 0.6
101 92 0.43
101 94 0.3
101 96 0.13
101 98 0.2
101 99 0.54
101 100 0.21
101 135 9.0E-4
102 2 0.26
102 3 0.08
4 102 0.11
5 102 0.27
102 6 0.17
102 7 0.14
102 8 0.81
102 9 0.33
102 10 0.24
102 11 0.23
102 12 0.11
102 13 0.26
17 102 0.46
102 19 0.17
102 20 0.17
102 22 0.17
102 24 0.24
102 26 0.24
102 29 0.54
102 30 0.24
102 31 0.24
102 32 0.28
35 102 0.14
36 102 0.11
37 102 0.42
102 38 0.24
39 102 0.57
102 40 0.24
102 41 0.59
102 42 0.64
102 44 0.24
102 45 0.12
102 46 0.3
102 47 0.42
102 48 0.15
102 53 0.36
102 54 0.11
102 55 0.3
102 56 0.24
102 58 0.24
102 59 0.28
102 63 0.22
102 64 0.17
69 102 0.12
102 70 0.34
71 102 0.25
102 72 0.17
102 73 0.12
102 74 0.14
102 75 0.17
102 77 0.24
78 102 0.11
102 79 0.24
102 81 0.14
102 82 0.14
102 84 0.17
102 85 0.09
102 86 0.34
102 87 0.17
91 102 0.12
102 92 0.17
102 93 0.24
102 94 0.24
102 96 0.33
102 98 0.16
102 99 0.54
102 100 0.09
101 102 0.44
135 102 9.0E-4
103 1 0.29
4 103 0.32
103 14 0.5
103 15 0.5
36 103 0.32
37 103 0.14
45 103 0.17
49 103 0.2
55 103 0.29
69 103 0.35
71 103 0.18
72 103 0.17
73 103 0.35
103 74 0.41
103 80 0.71
90 103 0.35
101 103 0.21
135 103 1.0E-4
8 104 0.28
10 104 0.25
13 104 0.35
17 104 0.17
104 31 1.0
37 104 0.1
39 104 0.15
53 104 0.5
104 56 1.0
104 77 1.0
98 104 0.33
102 104 0.24
135 104 1.0E-4
3 105 0.24
5 105 0.1
10 105 0.18
11 105 0.22
105 12 0.32
13 105 0.25
105 28 0.5
37 105 0.14
49 105 0.2
105 61 0.71
135 105 2.0E-4
5 106 0.1
106 8 0.2
106 10 0.18
17 106 0.12
106 26 0.71
37 106 0.14
39 106 0.21
106 42 0.27
106 47 0.41
106 53 0.35
106 70 0.5
71 106 0.18
106 86 0.5
106 94 0.71
106 96 0.32
106 99 0.32
101 106 0.21
106 102 0.17
135 106 1.0E-4
5 107 0.24
8 107 0.16
107 16 0.58
107 21 0.82
107 25 0.58
37 107 0.18
107 46 0.24
107 52 0.58
55 107 0.24
62 107 0.18
63 107 0.35
72 107 0.27
90 107 0.29
107 95 0.58
135 107 1.0E-4
4 108 0.63
108 6 1.0
7 108 0.82
108 19 1.0
108 20 1.0
108 22 1.0
35 108 0.82
36 108 0.63
37 108 0.14
39 108 0.21
45 108 0.34
46 108 0.29
48 108 0.43
59 108 0.82
69 108 0.71
71 108 0.37
73 108 0.71
74 108 0.82
108 75 1.0
78 108 0.63
108 84 1.0
91 108 0.71
108 92 1.0
98 108 0.47
100 108 0.5
101 108 0.43
102 108 0.17
135 108 3.0E-4
109 3 0.24
109 23 1.0
109 27 0.5
109 29 0.22
109 33 1.0
37 109 0.14
39 109 0.21
109 45 0.34
48 109 0.21
109 51 1.0
109 60 1.0
109 66 0.5
71 109 0.18
109 72 0.17
109 83 0.71
109 97 0.82
109 98 0.24
109 100 0.5
135 109 3.0E-4
2 110 0.14
3 110 0.27
4 110 0.73
5 110 0.06
110 6 0.58
7 110 0.47
10 110 0.1
110 11 0.13
110 12 0.18
13 110 0.14
110 15 0.29
110 18 0.24
110 19 0.58
110 20 0.58
110 22 0.58
110 28 0.29
35 110 0.47
36 110 0.73
37 110 0.25
39 110 0.18
45 110 0.2
110 46 0.17
48 110 0.25
49 110 0.12
55 110 0.17
59 110 0.47
110 61 0.41
69 110 0.41
71 110 0.42
72 110 0.1
110 73 0.82
110 74 0.71
110 75 0.58
78 110 0.55
110 80 0.41
110 81 0.24
110 84 0.58
90 110 0.2
91 110 0.61
110 92 0.58
110 98 0.27
100 110 0.29
101 110 0.49
102 110 0.1
110 103 0.29
110 105 0.29
110 108 0.58
135 110 4.0E-4
5 111 0.14
111 8 0.28
17 111 0.17
111 26 1.0
37 111 0.1
39 111 0.15
111 42 0.38
111 47 0.58
111 53 0.5
111 70 0.71
71 111 0.26
111 86 0.71
111 94 1.0
111 96 0.45
111 99 0.45
101 111 0.3
111 102 0.24
111 106 0.71
135 111 2.0E-4
8 112 0.28
11 112 0.32
13 112 0.35
37 112 0.1
112 44 1.0
102 112 0.24
135 112 1.0E-4
4 113 0.63
113 6 1.0
7 113 0.82
113 19 1.0
113 20 1.0
113 22 1.0
35 113 0.82
36 113 0.63
37 113 0.14
39 113 0.21
45 113 0.34
46 113 0.29
48 113 0.43
59 113 0.82
69 113 0.71
71 113 0.37
73 113 0.71
74 113 0.82
113 75 1.0
78 113 0.63
113 84 1.0
91 113 0.71
113 92 1.0
98 113 0.47
100 113 0.5
101 113 0.43
102 113 0.17
113 108 1.0
110 113 0.58
135 113 3.0E-4
114 4 0.77
114 6 0.82
114 7 0.67
114 19 0.82
114 20 0.82
114 22 0.82
114 34 0.58
114 35 1.0
114 36 0.77
114 37 0.18
114 39 0.25
114 45 0.28
114 46 0.24
114 48 0.35
114 50 0.58
114 59 0.67
114 67 0.58
114 69 0.87
114 71 0.45
114 73 0.58
114 74 0.67
114 75 0.82
114 78 0.77
114 84 0.82
114 90 0.29
114 91 0.87
114 92 0.82
114 98 0.38
114 100 0.41
114 101 0.52
114 102 0.14
114 108 0.82
114 110 0.47
114 113 0.82
114 135 4.0E-4
4 115 0.77
115 6 0.82
7 115 0.67
15 115 0.41
115 19 0.82
115 20 0.82
115 22 0.82
35 115 0.67
36 115 0.77
37 115 0.18
39 115 0.17
45 115 0.28
46 115 0.24
48 115 0.35
55 115 0.24
59 115 0.67
69 115 0.58
71 115 0.45
73 115 0.87
115 74 1.0
115 75 0.82
78 115 0.52
115 80 0.58
115 84 0.82
90 115 0.29
91 115 0.58
115 92 0.82
98 115 0.38
100 115 0.41
101 115 0.52
102 115 0.14
103 115 0.41
115 108 0.82
110 115 0.71
115 113 0.82
114 115 0.67
135 115 4.0E-4
5 116 0.28
8 116 0.28
10 116 0.13
17 116 0.09
29 116 0.16
37 116 0.2
39 116 0.29
116 41 0.2
42 116 0.19
45 116 0.12
116 46 0.41
47 116 0.29
49 116 0.29
116 54 0.45
116 55 0.2
116 57 0.35
116 58 0.5
63 116 0.15
116 64 0.35
68 116 0.29
71 116 0.26
116 72 0.12
116 81 0.29
116 98 0.33
101 116 0.15
102 116 0.24
135 116 0.0
23 117 0.71
33 117 0.71
37 117 0.1
39 117 0.15
45 117 0.24
51 117 0.71
60 117 0.71
72 117 0.24
97 117 0.58
98 117 0.33
100 117 0.35
109 117 0.71
135 117 1.0E-4
118 3 0.24
5 118 0.1
118 8 0.2
118 10 0.18
118 13 0.25
17 118 0.12
118 26 0.71
37 118 0.14
39 118 0.1
118 42 0.27
118 47 0.41
118 53 0.35
118 70 0.5
71 118 0.18
118 86 0.5
118 94 0.71
118 96 0.32
118 99 0.32
101 118 0.21
118 102 0.17
118 106 0.5
118 111 0.71
135 118 1.0E-4
5 119 0.24
9 119 0.26
119 15 0.41
18 119 0.33
27 119 0.41
37 119 0.18
43 119 0.41
45 119 0.14
48 119 0.17
49 119 0.17
119 57 0.41
66 119 0.41
71 119 0.15
72 119 0.14
90 119 0.29
97 119 0.33
100 119 0.2
135 119 0.0
120 1 0.58
120 2 0.25
120 3 0.24
120 4 0.16
120 5 0.1
120 8 0.1
120 9 0.16
120 10 0.09
120 11 0.22
120 12 0.16
120 13 0.13
120 14 0.5
120 17 0.06
120 28 0.25
120 29 0.11
120 32 0.2
120 34 0.35
120 35 0.2
120 36 0.16
120 37 0.29
120 39 0.1
120 41 0.14
120 42 0.13
120 45 0.17
120 49 0.2
120 50 0.35
120 53 0.18
120 61 0.35
120 67 0.35
120 68 0.2
120 69 0.35
120 71 0.18
120 72 0.25
120 78 0.16
120 81 0.2
120 90 0.18
120 91 0.18
120 99 0.16
120 100 0.13
120 101 0.21
120 102 0.09
120 103 0.25
120 105 0.25
120 110 0.29
120 114 0.2
120 135 2.0E-4
2 121 0.35
10 121 0.25
11 121 0.32
12 121 0.45
17 121 0.17
121 30 1.0
37 121 0.1
38 121 0.5
39 121 0.15
41 121 0.41
53 121 0.5
87 121 0.71
96 121 0.45
102 121 0.24
135 121 1.0E-4
4 122 0.18
122 5 0.23
122 6 0.29
122 7 0.24
122 9 0.18
122 10 0.1
122 15 0.29
122 17 0.07
122 18 0.47
122 19 0.29
122 20 0.29
122 22 0.29
122 27 0.29
35 122 0.24
36 122 0.18
37 122 0.25
39 122 0.18
122 43 0.58
122 45 0.1
122 48 0.25
122 55 0.17
122 57 0.29
122 59 0.24
122 62 0.26
122 66 0.29
122 68 0.24
69 122 0.2
71 122 0.32
122 72 0.19
122 73 0.2
122 74 0.24
122 75 0.29
78 122 0.18
122 82 0.24
122 84 0.29
90 122 0.2
91 122 0.2
122 92 0.29
122 96 0.18
122 97 0.24
122 98 0.27
122 100 0.14
101 122 0.12
122 108 0.29
122 110 0.17
122 113 0.29
114 122 0.24
122 115 0.24
122 119 0.24
135 122 1.0E-4
5 123 0.14
37 123 0.1
123 105 0.71
135 123 1.0E-4
124 1 0.2
124 4 0.67
124 14 0.35
124 15 0.35
124 18 0.29
124 34 0.5
124 35 0.29
124 36 0.67
124 37 0.2
124 39 0.15
124 45 0.12
124 49 0.14
124 50 0.5
124 55 0.2
124 67 0.5
124 69 0.5
124 71 0.39
124 72 0.12
124 73 0.5
124 74 0.29
124 78 0.45
124 80 0.5
124 90 0.5
124 91 0.5
124 101 0.45
124 103 0.71
124 110 0.41
124 114 0.29
124 115 0.29
124 120 0.35
124 135 2.0E-4
125 3 0.19
5 125 0.08
125 9 0.26
125 15 0.41
125 18 0.33
125 23 0.82
125 27 0.82
125 29 0.18
125 33 0.82
37 125 0.18
39 125 0.17
125 43 0.41
125 45 0.28
48 125 0.35
125 51 0.82
125 57 0.41
125 60 0.82
125 66 0.82
71 125 0.3
125 72 0.27
125 83 0.58
90 125 0.29
125 97 1.0
125 98 0.19
125 100 0.41
125 109 0.82
125 117 0.58
125 119 0.33
122 125 0.24
135 125 4.0E-4
2 126 0.25
10 126 0.18
11 126 0.22
12 126 0.32
17 126 0.12
126 30 0.71
37 126 0.14
38 126 0.35
39 126 0.21
41 126 0.29
53 126 0.35
85 126 0.27
87 126 0.5
96 126 0.32
102 126 0.17
126 121 0.71
135 126 1.0E-4
127 2 0.25
3 127 0.24
5 127 0.1
10 127 0.18
127 11 0.22
127 12 0.32
127 13 0.25
17 127 0.12
37 127 0.14
127 38 0.35
39 127 0.21
42 127 0.27
47 127 0.41
48 127 0.21
127 59 0.41
127 72 0.33
127 79 0.71
127 82 0.41
127 87 0.5
96 127 0.32
102 127 0.17
135 127 2.0E-4
5 128 0.14
128 8 0.28
17 128 0.17
128 26 1.0
37 128 0.1
39 128 0.15
128 42 0.38
128 47 0.58
128 53 0.5
128 70 0.71
71 128 0.26
128 86 0.71
128 94 1.0
128 96 0.45
128 99 0.45
101 128 0.3
128 102 0.24
128 106 0.71
128 111 1.0
128 118 0.71
135 128 2.0E-4
1 129 0.41
5 129 0.14
14 129 0.71
37 129 0.1
45 129 0.24
68 129 0.58
71 129 0.26
72 129 0.24
120 129 0.35
135 129 1.0E-4
4 130 0.63
130 6 1.0
7 130 0.82
130 19 1.0
130 20 1.0
130 22 1.0
35 130 0.82
36 130 0.63
37 130 0.14
39 130 0.21
45 130 0.34
46 130 0.29
48 130 0.43
59 130 0.82
69 130 0.71
71 130 0.37
73 130 0.71
74 130 0.82
130 75 1.0
78 130 0.63
130 84 1.0
91 130 0.71
130 92 1.0
98 130 0.47
100 130 0.5
101 130 0.43
102 130 0.17
130 108 1.0
110 130 0.58
130 113 1.0
114 130 0.82
115 130 0.82
122 130 0.29
135 130 3.0E-4
5 131 0.32
8 131 0.1
10 131 0.09
11 131 0.12
17 131 0.33
131 24 0.38
29 131 0.24
131 32 0.22
37 131 0.27
39 131 0.28
131 40 0.38
41 131 0.15
42 131 0.14
131 46 0.15
49 131 0.44
131 54 0.68
131 57 0.27
131 64 0.27
68 131 0.22
70 131 0.27
71 131 0.29
131 98 0.38
99 131 0.17
101 131 0.11
102 131 0.09
116 131 0.38
135 131 0.0
5 132 0.14
132 8 0.28
17 132 0.17
132 26 1.0
37 132 0.1
39 132 0.15
132 42 0.38
132 47 0.58
132 53 0.5
132 70 0.71
71 132 0.26
132 86 0.71
132 94 1.0
132 96 0.45
132 99 0.45
101 132 0.3
132 102 0.24
132 106 0.71
132 111 1.0
132 118 0.71
132 128 1.0
135 132 2.0E-4
133 3 0.33
133 23 0.71
133 27 0.71
133 29 0.32
133 33 0.71
37 133 0.1
39 133 0.15
133 45 0.24
48 133 0.3
133 51 0.71
133 60 0.71
133 66 0.71
71 133 0.26
133 83 1.0
133 97 0.58
133 100 0.35
133 109 0.71
133 125 0.58
135 133 2.0E-4
5 134 0.07
8 134 0.14
10 134 0.25
13 134 0.35
17 134 0.26
134 31 0.5
37 134 0.2
39 134 0.22
45 134 0.12
53 134 0.25
134 56 0.5
62 134 0.16
134 77 0.5
98 134 0.17
102 134 0.12
134 104 0.5
135 134 0.0
