*Vertices  29
1 "衬底"
2 "LED灯"
3 "容器"
4 "发光荧光材料"
5 "硼酸"
6 "外延"
7 "LED"
8 "扩散剂"
9 "LED光源"
10 "基板"
11 "基座"
12 "硅橡胶"
13 "半导体"
14 "电路板"
15 "Al2O3"
16 "GaAs"
17 "键合"
18 "LED芯片"
19 "芯片"
20 "酸盐"
21 "电极"
22 "基色"
23 "激光"
24 "干法刻蚀"
25 "臭氧"
26 "透镜"
27 "反射层"
28 "甲基"
29 "荧光粉"
*Arcs
1 29 0.0026
2 29 4.0E-4
2 3 0.19
3 29 0.0019
1 4 0.26
2 4 0.16
4 3 0.26
4 29 0.0036
2 5 0.1
5 3 0.32
5 4 0.41
5 29 0.0050
6 1 1.0
6 4 0.26
6 29 0.0026
7 1 0.23
7 2 0.73
7 3 0.23
7 4 0.18
7 5 0.14
7 6 0.23
7 29 8.0E-4
2 8 0.2
3 8 0.32
4 8 0.82
5 8 0.5
7 8 0.14
8 29 0.0044
1 9 0.27
2 9 0.3
9 3 0.13
9 4 0.17
9 5 0.43
6 9 0.27
7 9 0.34
9 8 0.21
9 29 0.0012
1 10 0.18
2 10 0.29
6 10 0.18
7 10 0.25
10 29 0.0015
2 11 0.2
3 11 0.32
4 11 0.41
5 11 0.5
7 11 0.14
8 11 0.5
9 11 0.21
11 29 0.0043
2 12 0.1
12 3 0.32
12 4 0.41
12 5 1.0
7 12 0.14
12 8 0.5
9 12 0.43
12 11 0.5
12 29 0.0050
13 1 0.58
13 2 0.33
13 3 0.35
13 4 0.45
13 5 0.37
13 6 0.58
13 7 0.39
13 8 0.37
13 9 0.31
13 10 0.11
13 11 0.37
13 12 0.37
13 29 0.0037
2 14 0.4
14 3 0.11
14 4 0.27
5 14 0.17
7 14 0.43
14 8 0.33
9 14 0.21
14 11 0.17
12 14 0.17
13 14 0.18
14 29 8.0E-4
1 15 0.89
15 4 0.29
6 15 0.89
7 15 0.2
9 15 0.3
10 15 0.2
13 15 0.52
15 29 0.0028
1 16 0.77
6 16 0.77
7 16 0.18
9 16 0.35
10 16 0.24
13 16 0.45
15 16 0.87
29 16 0.0034
1 17 0.45
6 17 0.45
7 17 0.1
10 17 0.41
13 17 0.26
15 17 0.5
17 16 0.58
29 17 0.0068
18 1 0.45
18 2 0.14
18 3 0.22
18 4 0.29
18 5 0.35
18 6 0.45
18 7 0.2
18 8 0.35
18 9 0.15
18 10 0.41
18 11 0.35
18 12 0.35
18 13 0.39
18 14 0.12
18 15 0.25
18 16 0.29
18 17 0.5
18 29 0.0089
19 1 0.37
19 2 0.26
19 3 0.09
19 4 0.12
19 5 0.29
19 6 0.37
19 7 0.5
19 8 0.14
19 9 0.31
19 10 0.17
19 11 0.14
19 12 0.29
19 13 0.42
19 14 0.38
19 15 0.31
19 16 0.35
19 17 0.2
19 18 0.41
19 29 0.0021
2 20 0.08
20 3 0.26
20 4 0.33
20 5 0.82
7 20 0.18
20 8 0.41
9 20 0.35
20 11 0.41
20 12 0.82
13 20 0.3
20 14 0.27
18 20 0.29
19 20 0.35
20 29 0.0036
21 1 0.67
21 2 0.17
21 3 0.27
21 4 0.17
21 6 0.67
21 7 0.34
21 9 0.18
21 10 0.12
21 13 0.54
21 14 0.07
21 15 0.6
21 16 0.52
21 17 0.3
21 18 0.3
21 19 0.49
21 29 0.0013
1 22 0.32
6 22 0.32
7 22 0.14
10 22 0.29
13 22 0.18
14 22 0.17
15 22 0.35
22 16 0.41
22 17 0.71
18 22 0.35
19 22 0.14
21 22 0.21
22 29 0.0040
1 23 0.73
2 23 0.06
23 4 0.24
6 23 0.73
7 23 0.25
9 23 0.25
10 23 0.17
13 23 0.42
14 23 0.1
23 15 0.82
23 16 0.71
23 17 0.41
18 23 0.2
19 23 0.33
21 23 0.49
23 22 0.29
23 29 0.0020
1 24 0.77
6 24 0.77
7 24 0.18
9 24 0.35
10 24 0.24
13 24 0.45
15 24 0.87
24 16 1.0
24 17 0.58
18 24 0.29
19 24 0.35
21 24 0.52
22 24 0.41
23 24 0.71
29 24 0.0034
2 25 0.24
3 25 0.26
4 25 0.33
5 25 0.41
7 25 0.18
8 25 0.41
9 25 0.17
25 11 0.41
12 25 0.41
13 25 0.15
14 25 0.14
18 25 0.29
19 25 0.12
20 25 0.33
25 29 0.0029
1 26 0.18
26 2 0.23
26 3 0.18
26 4 0.47
26 5 0.29
6 26 0.18
7 26 0.25
26 8 0.58
26 9 0.25
26 10 0.17
26 11 0.29
26 12 0.29
13 26 0.32
26 14 0.19
26 15 0.2
26 16 0.24
18 26 0.2
19 26 0.17
26 20 0.24
21 26 0.12
26 23 0.17
26 24 0.24
26 25 0.24
26 29 0.0020
27 1 0.67
27 4 0.29
27 6 0.67
27 7 0.2
27 10 0.2
27 13 0.39
27 14 0.12
27 15 0.5
27 16 0.29
27 17 0.5
27 18 0.5
27 19 0.2
27 21 0.45
27 22 0.71
27 23 0.41
27 24 0.29
27 29 0.0027
2 28 0.08
28 3 0.26
28 4 0.33
28 5 0.82
7 28 0.18
28 8 0.41
9 28 0.35
28 11 0.41
28 12 0.82
13 28 0.3
28 14 0.27
18 28 0.29
19 28 0.35
28 20 1.0
28 25 0.33
26 28 0.24
28 29 0.0036
