*Vertices  35
1 "LED显示屏"
2 "LED灯"
3 "连接带"
4 "电容"
5 "容器"
6 "控制器"
7 "整流器"
8 "开关"
9 "充电台灯"
10 "变压器"
11 "太阳能吸收板"
12 "LED"
13 "二极管"
14 "三极管"
15 "挂绳"
16 "教具"
17 "玻璃"
18 "直流电机"
19 "半导体"
20 "太阳能"
21 "太阳能电池板"
22 "电抗器"
23 "电感"
24 "电极"
25 "电阻"
26 "加热管"
27 "防护服"
28 "太阳能电子板"
29 "信息卡"
30 "防护罩"
31 "转子"
32 "电磁感应"
33 "晶体闸流管"
34 "插座"
35 "蓄电池"
*Arcs
35 1 7.0E-4
2 1 0.06
2 35 0.0031
1 3 0.24
2 3 0.08
35 3 0.0013
2 4 0.35
4 35 0.0012
2 5 0.19
4 5 0.37
35 5 0.0022
2 6 0.18
4 6 0.18
5 6 0.14
35 6 7.0E-4
2 7 0.29
4 7 0.68
7 5 0.55
7 6 0.13
7 35 0.0018
8 2 0.37
8 4 0.39
8 5 0.31
8 6 0.22
8 7 0.21
8 35 0.0039
8 9 0.17
35 9 0.0013
2 10 0.31
4 10 0.61
10 5 0.42
10 6 0.1
10 7 0.77
8 10 0.33
10 35 0.0013
2 11 0.14
8 11 0.17
35 11 0.0019
12 1 0.25
12 2 0.73
12 3 0.18
12 4 0.37
12 5 0.23
12 6 0.32
12 7 0.25
12 8 0.58
12 9 0.1
12 10 0.32
12 11 0.1
12 35 0.0042
13 2 0.35
13 4 0.45
13 5 0.26
13 6 0.14
13 7 0.36
13 8 0.58
13 9 0.15
13 10 0.42
13 12 0.7
13 35 0.0017
2 14 0.21
14 4 0.63
14 5 0.34
14 6 0.12
14 7 0.31
8 14 0.46
14 10 0.36
12 14 0.27
13 14 0.39
14 35 7.0E-4
12 15 0.1
13 15 0.15
35 15 0.0033
2 16 0.14
16 6 0.32
8 16 0.17
12 16 0.1
35 16 0.0041
17 1 0.3
2 17 0.27
4 17 0.07
8 17 0.17
17 10 0.08
17 11 0.24
12 17 0.42
13 17 0.32
14 17 0.09
17 35 0.0010
2 18 0.14
18 6 0.32
8 18 0.17
12 18 0.1
18 16 1.0
35 18 0.0041
19 1 0.11
19 2 0.33
19 4 0.21
19 5 0.35
19 7 0.21
19 8 0.18
19 10 0.33
19 12 0.39
19 13 0.45
19 14 0.2
19 17 0.25
19 35 8.0E-4
1 20 0.15
2 20 0.21
20 3 0.22
4 20 0.1
20 6 0.12
8 20 0.2
20 11 0.38
12 20 0.27
13 20 0.11
14 20 0.14
20 15 0.38
20 16 0.38
17 20 0.18
20 18 0.38
35 20 0.0173
2 21 0.21
21 3 0.29
21 6 0.16
8 21 0.09
12 21 0.2
13 21 0.07
21 15 0.5
21 16 0.5
21 18 0.5
21 20 0.76
35 21 0.0125
2 22 0.2
4 22 0.39
22 5 0.63
7 22 0.58
8 22 0.25
10 22 0.45
12 22 0.14
13 22 0.21
14 22 0.27
19 22 0.37
22 35 0.0037
2 23 0.25
23 4 0.62
23 5 0.6
23 6 0.14
23 7 0.55
8 23 0.39
23 10 0.57
12 23 0.23
13 23 0.33
23 14 0.68
19 23 0.35
23 22 0.63
23 35 0.0021
24 2 0.17
24 4 0.42
24 5 0.27
24 6 0.19
24 7 0.25
24 8 0.26
24 10 0.29
24 12 0.34
24 13 0.4
24 14 0.57
24 17 0.22
24 19 0.54
24 22 0.21
24 23 0.54
24 35 4.0E-4
2 25 0.27
25 4 0.81
25 5 0.33
25 6 0.23
25 7 0.59
8 25 0.46
25 10 0.54
12 25 0.42
13 25 0.57
25 14 0.64
25 17 0.12
19 25 0.25
25 20 0.09
25 22 0.34
25 23 0.54
24 25 0.44
25 35 0.0010
2 26 0.1
5 26 0.32
8 26 0.25
26 11 0.71
12 26 0.14
13 26 0.1
17 26 0.17
20 26 0.27
35 26 0.0016
2 27 0.14
3 27 0.58
12 27 0.1
20 27 0.38
21 27 0.5
35 27 0.0022
1 28 0.41
12 28 0.1
17 28 0.24
20 28 0.38
35 28 0.0016
6 29 0.22
8 29 0.12
12 29 0.14
13 29 0.21
29 15 0.71
20 29 0.27
21 29 0.35
25 29 0.17
35 29 0.0022
12 30 0.1
13 30 0.15
30 15 1.0
20 30 0.38
21 30 0.5
29 30 0.71
35 30 0.0033
2 31 0.14
31 6 0.32
8 31 0.17
12 31 0.1
31 16 1.0
31 18 1.0
31 20 0.38
31 21 0.5
35 31 0.0041
2 32 0.1
32 6 0.22
8 32 0.12
12 32 0.14
13 32 0.1
32 16 0.71
32 18 0.71
32 20 0.27
32 21 0.35
32 31 0.71
35 32 0.0022
2 33 0.14
4 33 0.28
5 33 0.45
7 33 0.41
8 33 0.17
10 33 0.32
12 33 0.1
13 33 0.15
14 33 0.38
19 33 0.26
22 33 0.71
23 33 0.45
24 33 0.3
25 33 0.24
35 33 0.0021
2 34 0.07
4 34 0.14
8 34 0.26
34 9 0.5
12 34 0.2
13 34 0.22
17 34 0.12
25 34 0.12
35 34 0.0011
