*Vertices  23
1 "LCD显示屏"
2 "显示器"
3 "LED灯"
4 "传感器"
5 "控制器"
6 "处理器"
7 "单片机"
8 "开关"
9 "LED"
10 "液晶显示模块"
11 "二极管"
12 "三极管"
13 "接收管"
14 "LED光源"
15 "滤光片"
16 "电路板"
17 "GPIO"
18 "摄像机"
19 "锂电池"
20 "芯片"
21 "存储器"
22 "电阻"
23 "蜂鸣器"
*Arcs
23 1 0.0043
2 1 0.47
2 23 0.0034
3 1 0.05
3 2 0.05
3 23 6.0E-4
4 1 0.18
4 2 0.17
3 4 0.21
4 23 0.0020
1 5 0.34
2 5 0.32
3 5 0.18
4 5 0.32
23 5 0.0026
1 6 0.16
2 6 0.15
3 6 0.13
4 6 0.56
5 6 0.42
23 6 0.0041
7 1 0.13
2 7 0.59
3 7 0.05
4 7 0.35
7 5 0.22
7 6 0.16
23 7 0.0032
8 1 0.18
8 2 0.06
8 3 0.37
8 4 0.26
8 5 0.22
8 6 0.16
8 7 0.12
8 23 0.0012
9 1 0.29
9 2 0.3
9 3 0.73
9 4 0.41
9 5 0.32
9 6 0.23
9 7 0.29
9 8 0.58
9 23 0.0018
10 1 0.71
2 10 0.5
4 10 0.13
10 5 0.47
10 6 0.22
10 7 0.18
8 10 0.17
9 10 0.2
23 10 0.0072
11 1 0.15
11 2 0.19
11 3 0.35
11 4 0.29
11 5 0.14
11 6 0.13
11 7 0.21
11 8 0.58
11 9 0.7
11 10 0.15
11 23 0.0027
12 1 0.13
12 2 0.13
3 12 0.21
12 4 0.09
12 5 0.12
12 7 0.13
8 12 0.46
9 12 0.27
12 10 0.19
11 12 0.39
12 23 0.0039
13 1 0.2
13 2 0.19
3 13 0.16
13 4 0.14
13 7 0.2
8 13 0.3
9 13 0.18
13 10 0.29
11 13 0.25
13 12 0.65
13 23 0.0079
14 1 0.11
14 2 0.2
3 14 0.3
14 7 0.11
8 14 0.05
9 14 0.34
14 10 0.15
11 14 0.31
12 14 0.11
13 14 0.17
14 23 0.0022
15 1 0.2
2 15 0.19
15 7 0.2
8 15 0.1
9 15 0.18
15 10 0.29
11 15 0.25
12 15 0.22
13 15 0.33
14 15 0.52
23 15 0.0075
16 1 0.25
2 16 0.31
3 16 0.4
4 16 0.12
16 5 0.15
16 6 0.11
16 7 0.17
8 16 0.12
9 16 0.43
16 10 0.24
11 16 0.24
12 16 0.27
13 16 0.27
14 16 0.21
16 15 0.14
23 16 0.0047
17 1 0.35
2 17 0.33
17 7 0.35
8 17 0.17
9 17 0.1
17 10 0.5
11 17 0.15
12 17 0.38
13 17 0.58
14 17 0.3
17 15 0.58
17 16 0.24
23 17 0.0175
18 1 0.41
2 18 0.19
4 18 0.14
18 7 0.2
8 18 0.1
9 18 0.18
18 10 0.29
11 18 0.17
12 18 0.22
13 18 0.33
14 18 0.17
18 15 0.33
18 16 0.14
18 17 0.58
23 18 0.0072
1 19 0.25
3 19 0.1
4 19 0.35
5 19 0.45
19 6 0.63
8 19 0.12
9 19 0.14
10 19 0.35
11 19 0.21
16 19 0.17
23 19 0.0079
20 1 0.36
20 2 0.34
20 3 0.26
20 4 0.31
20 5 0.39
20 6 0.27
20 7 0.29
20 8 0.28
20 9 0.5
20 10 0.41
20 11 0.42
20 12 0.39
20 13 0.35
20 14 0.31
20 15 0.35
20 16 0.38
20 17 0.2
20 18 0.12
20 19 0.29
20 23 0.0049
21 1 0.32
21 2 0.15
3 21 0.06
21 4 0.22
21 5 0.14
21 6 0.2
21 7 0.16
8 21 0.31
9 21 0.23
21 10 0.45
11 21 0.33
21 12 0.34
21 13 0.52
21 14 0.13
21 15 0.26
21 16 0.11
21 17 0.45
21 18 0.52
21 19 0.32
20 21 0.27
21 23 0.0064
22 1 0.26
22 2 0.08
3 22 0.27
22 4 0.24
22 5 0.23
22 6 0.11
22 7 0.26
8 22 0.46
9 22 0.42
22 10 0.24
11 22 0.57
22 12 0.64
22 13 0.42
22 14 0.15
22 15 0.28
22 16 0.17
22 17 0.24
22 18 0.14
22 19 0.17
20 22 0.5
22 21 0.33
22 23 0.0023
