*Vertices  17
1 "LCD显示屏"
2 "传感器"
3 "控制器"
4 "处理器"
5 "开关"
6 "定时器"
7 "LED"
8 "液晶显示模块"
9 "二极管"
10 "稳压二极管"
11 "转换器"
12 "锂电池"
13 "芯片"
14 "存储器"
15 "电阻"
16 "信息卡"
17 "读取器"
*Arcs
1 17 0.0070
2 1 0.18
2 17 0.0042
1 3 0.34
2 3 0.32
3 17 0.0065
1 4 0.16
2 4 0.56
3 4 0.42
4 17 0.0109
5 1 0.18
5 2 0.26
5 3 0.22
5 4 0.16
5 17 0.0020
1 6 0.35
2 6 0.25
3 6 0.32
4 6 0.45
5 6 0.17
17 6 0.038
7 1 0.29
7 2 0.41
7 3 0.32
7 4 0.23
7 5 0.58
7 6 0.1
7 17 0.0012
8 1 0.71
2 8 0.13
8 3 0.47
8 4 0.22
5 8 0.17
8 6 0.5
7 8 0.2
8 17 0.0128
9 1 0.15
9 2 0.29
9 3 0.14
9 4 0.13
9 5 0.58
9 6 0.15
9 7 0.7
9 8 0.15
9 17 0.0020
10 1 0.14
2 10 0.1
10 3 0.26
10 4 0.18
5 10 0.21
10 6 0.41
7 10 0.25
10 8 0.2
9 10 0.36
10 17 0.0082
11 1 0.35
11 2 0.25
11 3 0.16
11 4 0.22
5 11 0.26
11 6 0.5
7 11 0.2
11 8 0.25
9 11 0.22
11 10 0.2
11 17 0.0123
1 12 0.25
2 12 0.35
3 12 0.45
12 4 0.63
5 12 0.12
12 6 0.71
7 12 0.14
8 12 0.35
9 12 0.21
10 12 0.29
11 12 0.35
12 17 0.0227
13 1 0.36
13 2 0.31
13 3 0.39
13 4 0.27
13 5 0.28
13 6 0.2
13 7 0.5
13 8 0.41
13 9 0.42
13 10 0.17
13 11 0.31
13 12 0.29
13 17 0.0033
14 1 0.32
14 2 0.22
14 3 0.14
14 4 0.2
5 14 0.31
14 6 0.45
7 14 0.23
14 8 0.45
9 14 0.33
14 10 0.18
14 11 0.45
14 12 0.32
13 14 0.27
14 17 0.0104
15 1 0.26
15 2 0.24
15 3 0.23
15 4 0.11
5 15 0.46
15 6 0.24
7 15 0.42
15 8 0.24
9 15 0.57
15 10 0.59
15 11 0.36
15 12 0.17
13 15 0.5
15 14 0.33
15 17 0.0038
1 16 0.25
2 16 0.18
3 16 0.22
4 16 0.32
5 16 0.12
16 6 0.71
7 16 0.14
8 16 0.35
9 16 0.21
10 16 0.29
11 16 0.35
12 16 0.5
13 16 0.14
14 16 0.32
15 16 0.17
16 17 0.0218
