*Vertices  23
1 "LED灯"
2 "电容"
3 "开关"
4 "模数转换集成块"
5 "LED"
6 "二极管"
7 "三极管"
8 "接收管"
9 "转换器"
10 "放大器"
11 "半导体"
12 "充电电池"
13 "芯片"
14 "充电器"
15 "存储器"
16 "电感"
17 "电极"
18 "电阻"
19 "脉冲信号"
20 "检测仪"
21 "扬声器"
22 "提示仪"
23 "超声波"
*Arcs
1 23 6.0E-4
1 2 0.35
23 2 0.0025
3 1 0.37
3 2 0.39
3 23 0.0011
1 4 0.14
4 2 0.28
3 4 0.17
23 4 0.0201
5 1 0.73
5 2 0.37
5 3 0.58
5 4 0.1
5 23 5.0E-4
6 1 0.35
6 2 0.45
6 3 0.58
6 4 0.15
6 5 0.7
6 23 9.0E-4
1 7 0.21
7 2 0.63
3 7 0.46
7 4 0.38
5 7 0.27
6 7 0.39
23 7 0.0043
1 8 0.16
8 2 0.32
3 8 0.3
8 4 0.58
5 8 0.18
6 8 0.25
8 7 0.65
23 8 0.0078
1 9 0.07
9 2 0.28
3 9 0.26
9 4 0.5
5 9 0.2
6 9 0.22
9 7 0.19
9 8 0.29
23 9 0.0057
1 10 0.2
10 2 0.39
3 10 0.25
10 4 0.71
5 10 0.14
6 10 0.21
10 7 0.53
10 8 0.41
10 9 0.35
23 10 0.0112
11 1 0.33
11 2 0.21
11 3 0.18
11 4 0.26
11 5 0.39
11 6 0.45
11 7 0.2
11 8 0.15
11 9 0.13
11 10 0.18
11 23 0.0017
1 12 0.1
12 2 0.39
3 12 0.25
12 4 0.71
5 12 0.14
6 12 0.21
12 7 0.53
12 8 0.41
12 9 0.35
12 10 0.5
11 12 0.18
23 12 0.0108
13 1 0.26
13 2 0.4
13 3 0.28
13 4 0.2
13 5 0.5
13 6 0.42
13 7 0.39
13 8 0.35
13 9 0.31
13 10 0.29
13 11 0.42
13 12 0.29
13 23 0.0014
1 14 0.14
14 2 0.28
3 14 0.17
14 4 1.0
5 14 0.1
6 14 0.15
14 7 0.38
14 8 0.58
14 9 0.5
14 10 0.71
11 14 0.26
14 12 0.71
13 14 0.2
23 14 0.0201
1 15 0.06
15 2 0.12
3 15 0.31
15 4 0.45
5 15 0.23
6 15 0.33
15 7 0.34
15 8 0.52
15 9 0.45
15 10 0.32
11 15 0.12
15 12 0.32
13 15 0.27
15 14 0.45
23 15 0.0048
1 16 0.25
16 2 0.62
3 16 0.39
16 4 0.45
5 16 0.23
6 16 0.33
16 7 0.68
16 8 0.26
16 9 0.22
16 10 0.63
11 16 0.35
16 12 0.32
13 16 0.18
16 14 0.45
16 15 0.2
23 16 0.0051
17 1 0.17
17 2 0.42
17 3 0.26
17 4 0.3
17 5 0.34
17 6 0.4
17 7 0.57
17 8 0.35
17 9 0.15
17 10 0.43
17 11 0.54
17 12 0.21
17 13 0.49
17 14 0.3
17 15 0.13
17 16 0.54
17 23 0.0025
1 18 0.27
18 2 0.81
3 18 0.46
18 4 0.24
5 18 0.42
6 18 0.57
18 7 0.64
18 8 0.42
18 9 0.36
18 10 0.34
11 18 0.25
18 12 0.34
13 18 0.5
18 14 0.24
18 15 0.33
18 16 0.54
17 18 0.44
23 18 0.0021
1 19 0.1
19 2 0.2
3 19 0.12
19 4 0.71
5 19 0.14
6 19 0.21
19 7 0.27
19 8 0.41
19 9 0.35
19 10 0.5
11 19 0.18
19 12 0.5
13 19 0.14
19 14 0.71
19 15 0.32
19 16 0.32
17 19 0.21
19 18 0.17
23 19 0.0107
1 20 0.1
20 2 0.2
3 20 0.12
20 4 0.71
5 20 0.14
6 20 0.1
20 7 0.27
20 8 0.41
20 9 0.35
20 10 0.5
11 20 0.18
20 12 0.5
13 20 0.14
20 14 0.71
20 15 0.32
20 16 0.32
17 20 0.21
20 18 0.17
20 19 0.5
20 23 0.0106
1 21 0.14
21 2 0.28
3 21 0.17
21 4 1.0
5 21 0.1
6 21 0.15
21 7 0.38
21 8 0.58
21 9 0.5
21 10 0.71
11 21 0.26
21 12 0.71
13 21 0.2
21 14 1.0
21 15 0.45
21 16 0.45
17 21 0.3
21 18 0.24
21 19 0.71
21 20 0.71
21 23 0.0201
1 22 0.14
22 2 0.28
3 22 0.17
22 4 1.0
5 22 0.1
6 22 0.15
22 7 0.38
22 8 0.58
22 9 0.5
22 10 0.71
11 22 0.26
22 12 0.71
13 22 0.2
22 14 1.0
22 15 0.45
22 16 0.45
17 22 0.3
22 18 0.24
22 19 0.71
22 20 0.71
22 21 1.0
22 23 0.0201
