*Vertices  11
1 "LED灯"
2 "控制器"
3 "开关"
4 "LED"
5 "教具"
6 "直流电机"
7 "太阳能"
8 "太阳能电池板"
9 "蓄电池"
10 "电磁感应"
11 "转子"
*Arcs
1 11 0.0033
1 2 0.18
11 2 0.0127
3 1 0.37
3 2 0.22
3 11 0.0042
4 1 0.73
4 2 0.32
4 3 0.58
4 11 0.0024
1 5 0.14
5 2 0.32
3 5 0.17
4 5 0.1
11 5 0.0938
1 6 0.14
6 2 0.32
3 6 0.17
4 6 0.1
6 5 1.0
11 6 0.0938
1 7 0.21
7 2 0.12
3 7 0.2
4 7 0.27
7 5 0.38
7 6 0.38
11 7 0.0218
1 8 0.21
8 2 0.16
3 8 0.09
4 8 0.2
8 5 0.5
8 6 0.5
8 7 0.76
11 8 0.033
1 9 0.31
9 2 0.1
3 9 0.33
4 9 0.32
9 5 0.32
9 6 0.32
9 7 0.72
9 8 0.63
9 11 0.0163
1 10 0.1
10 2 0.22
3 10 0.12
4 10 0.14
10 5 0.71
10 6 0.71
10 7 0.27
10 8 0.35
9 10 0.22
10 11 0.0535
