*Vertices  43
1 "LED显示屏"
2 "LCD显示屏"
3 "LED灯"
4 "电容"
5 "传感器"
6 "控制器"
7 "处理器"
8 "单片机"
9 "开关"
10 "模数转换集成块"
11 "定时器"
12 "Zigbee"
13 "LED"
14 "液晶显示模块"
15 "二极管"
16 "稳压二极管"
17 "三极管"
18 "接收管"
19 "晶体振荡器"
20 "放大器"
21 "半导体"
22 "ESD"
23 "充电电池"
24 "锂电池"
25 "芯片"
26 "充电器"
27 "存储器"
28 "Li"
29 "电感"
30 "离子"
31 "电极"
32 "电阻"
33 "发射模块"
34 "脉冲信号"
35 "超声波"
36 "检测仪"
37 "屏幕"
38 "读取器"
39 "信息卡"
40 "扬声器"
41 "提示仪"
42 "插座"
43 "转换器"
*Arcs
43 1 3.0E-4
2 1 0.29
43 2 0.0014
3 1 0.06
3 2 0.05
3 43 2.0E-4
3 4 0.35
43 4 0.0018
5 2 0.18
3 5 0.21
4 5 0.14
43 5 0.0013
2 6 0.34
3 6 0.18
4 6 0.18
5 6 0.32
43 6 6.0E-4
2 7 0.16
3 7 0.13
5 7 0.56
6 7 0.42
43 7 8.0E-4
8 2 0.13
3 8 0.05
4 8 0.2
5 8 0.35
8 6 0.22
8 7 0.16
43 8 8.0E-4
9 2 0.18
9 3 0.37
9 4 0.39
9 5 0.26
9 6 0.22
9 7 0.16
9 8 0.12
9 43 0.0015
3 10 0.14
10 4 0.28
9 10 0.17
43 10 0.0039
2 11 0.35
5 11 0.25
6 11 0.32
7 11 0.45
9 11 0.17
43 11 0.0029
4 12 0.28
5 12 0.25
8 12 0.35
9 12 0.17
43 12 0.0036
13 1 0.25
13 2 0.29
13 3 0.73
13 4 0.37
13 5 0.41
13 6 0.32
13 7 0.23
13 8 0.29
13 9 0.58
13 10 0.1
13 11 0.1
13 12 0.1
13 43 0.0010
14 2 0.71
5 14 0.13
14 6 0.47
14 7 0.22
14 8 0.18
9 14 0.17
14 11 0.5
13 14 0.2
43 14 0.0011
15 2 0.15
15 3 0.35
15 4 0.45
15 5 0.29
15 6 0.14
15 7 0.13
15 8 0.21
15 9 0.58
15 10 0.15
15 11 0.15
15 12 0.15
15 13 0.7
15 14 0.15
15 43 0.0013
16 2 0.14
3 16 0.23
4 16 0.57
5 16 0.1
16 6 0.26
16 7 0.18
9 16 0.21
16 11 0.41
13 16 0.25
16 14 0.2
15 16 0.36
43 16 7.0E-4
17 2 0.13
3 17 0.21
17 4 0.63
17 5 0.09
17 6 0.12
17 8 0.13
9 17 0.46
17 10 0.38
13 17 0.27
17 14 0.19
15 17 0.39
17 16 0.31
43 17 0.0010
18 2 0.2
3 18 0.16
18 4 0.32
18 5 0.14
18 8 0.2
9 18 0.3
18 10 0.58
13 18 0.18
18 14 0.29
15 18 0.25
18 17 0.65
43 18 0.0017
4 19 0.28
5 19 0.25
8 19 0.35
9 19 0.17
19 12 1.0
13 19 0.1
15 19 0.15
43 19 0.0036
3 20 0.2
20 4 0.39
9 20 0.25
20 10 0.71
13 20 0.14
15 20 0.21
20 16 0.29
20 17 0.53
20 18 0.41
20 43 0.0022
21 1 0.11
21 3 0.33
21 4 0.21
21 9 0.18
21 10 0.26
21 13 0.39
21 15 0.45
21 17 0.2
21 18 0.15
21 20 0.18
21 43 4.0E-4
4 22 0.28
5 22 0.25
8 22 0.35
9 22 0.17
22 12 1.0
13 22 0.1
15 22 0.15
22 19 1.0
43 22 0.0036
3 23 0.1
23 4 0.39
9 23 0.25
23 10 0.71
13 23 0.14
15 23 0.21
23 17 0.53
23 18 0.41
23 20 0.5
21 23 0.18
23 43 0.0021
2 24 0.25
3 24 0.1
5 24 0.35
6 24 0.45
24 7 0.63
9 24 0.12
24 11 0.71
13 24 0.14
14 24 0.35
15 24 0.21
16 24 0.29
43 24 0.0017
25 1 0.08
25 2 0.36
25 3 0.26
25 4 0.4
25 5 0.31
25 6 0.39
25 7 0.27
25 8 0.29
25 9 0.28
25 10 0.2
25 11 0.2
25 12 0.2
25 13 0.5
25 14 0.41
25 15 0.42
25 16 0.17
25 17 0.39
25 18 0.35
25 19 0.2
25 20 0.29
25 21 0.42
25 22 0.2
25 23 0.29
25 24 0.29
25 43 0.0021
3 26 0.14
26 4 0.28
9 26 0.17
26 10 1.0
13 26 0.1
15 26 0.15
26 17 0.38
26 18 0.58
26 20 0.71
21 26 0.26
26 23 0.71
25 26 0.2
26 43 0.0039
27 2 0.32
3 27 0.06
27 4 0.12
27 5 0.22
27 6 0.14
27 7 0.2
27 8 0.16
9 27 0.31
27 10 0.45
27 11 0.45
13 27 0.23
27 14 0.45
15 27 0.33
27 16 0.18
27 17 0.34
27 18 0.52
27 20 0.32
21 27 0.12
27 23 0.32
27 24 0.32
25 27 0.27
27 26 0.45
27 43 0.0033
3 28 0.23
4 28 0.09
5 28 0.08
8 28 0.12
9 28 0.12
28 12 0.33
13 28 0.3
15 28 0.44
28 19 0.33
21 28 0.52
28 22 0.33
25 28 0.27
43 28 5.0E-4
3 29 0.25
29 4 0.62
29 6 0.14
9 29 0.39
29 10 0.45
13 29 0.23
15 29 0.33
29 16 0.37
29 17 0.68
29 18 0.26
29 20 0.63
21 29 0.35
29 23 0.32
25 29 0.18
29 26 0.45
29 27 0.2
29 43 0.0011
30 1 0.29
30 2 0.25
3 30 0.1
13 30 0.29
15 30 0.21
21 30 0.27
25 30 0.29
30 28 0.35
43 30 2.0E-4
31 2 0.11
31 3 0.17
31 4 0.42
31 5 0.08
31 6 0.19
31 9 0.26
31 10 0.3
31 13 0.34
31 14 0.15
31 15 0.4
31 16 0.25
31 17 0.57
31 18 0.35
31 20 0.43
31 21 0.54
31 23 0.21
31 25 0.49
31 26 0.3
31 27 0.13
31 28 0.2
31 29 0.54
31 30 0.21
31 43 6.0E-4
32 2 0.26
3 32 0.27
32 4 0.81
32 5 0.24
32 6 0.23
32 7 0.11
32 8 0.26
9 32 0.46
32 10 0.24
32 11 0.24
32 12 0.24
13 32 0.42
32 14 0.24
15 32 0.57
32 16 0.59
32 17 0.64
32 18 0.42
32 19 0.24
32 20 0.34
21 32 0.25
32 22 0.24
32 23 0.34
32 24 0.17
25 32 0.5
32 26 0.24
32 27 0.33
32 28 0.16
32 29 0.54
32 30 0.09
31 32 0.44
32 43 0.0027
4 33 0.28
5 33 0.25
8 33 0.35
9 33 0.17
33 12 1.0
13 33 0.1
15 33 0.15
33 19 1.0
33 22 1.0
25 33 0.2
28 33 0.33
32 33 0.24
43 33 0.0036
3 34 0.1
34 4 0.2
34 5 0.18
9 34 0.12
34 10 0.71
13 34 0.14
15 34 0.21
34 17 0.27
34 18 0.41
34 20 0.5
21 34 0.18
34 23 0.5
25 34 0.14
34 26 0.71
34 27 0.32
34 29 0.32
31 34 0.21
34 32 0.17
34 43 0.0021
3 35 0.14
35 4 0.28
9 35 0.17
35 10 1.0
13 35 0.1
15 35 0.15
35 17 0.38
35 18 0.58
35 20 0.71
21 35 0.26
35 23 0.71
25 35 0.2
35 26 1.0
35 27 0.45
35 29 0.45
31 35 0.3
35 32 0.24
35 34 0.71
35 43 0.0039
3 36 0.1
36 4 0.2
36 5 0.18
36 8 0.25
9 36 0.12
36 10 0.71
13 36 0.14
15 36 0.1
36 17 0.27
36 18 0.41
36 20 0.5
21 36 0.18
36 23 0.5
25 36 0.14
36 26 0.71
36 27 0.32
36 29 0.32
31 36 0.21
36 32 0.17
36 34 0.5
36 35 0.71
36 43 0.0021
37 1 0.58
37 2 0.25
37 3 0.1
37 4 0.1
37 5 0.09
37 6 0.22
37 7 0.16
37 8 0.13
37 9 0.06
37 13 0.29
37 15 0.1
37 16 0.14
37 17 0.13
37 21 0.18
37 25 0.22
37 29 0.16
37 30 0.13
37 31 0.21
37 32 0.09
37 43 3.0E-4
2 38 0.35
5 38 0.25
6 38 0.32
7 38 0.45
9 38 0.17
38 11 1.0
13 38 0.1
14 38 0.5
15 38 0.15
16 38 0.41
24 38 0.71
25 38 0.2
27 38 0.45
32 38 0.24
43 38 0.0029
2 39 0.25
5 39 0.18
6 39 0.22
7 39 0.32
9 39 0.12
39 11 0.71
13 39 0.14
14 39 0.35
15 39 0.21
16 39 0.29
24 39 0.5
25 39 0.14
27 39 0.32
32 39 0.17
39 38 0.71
43 39 0.0016
3 40 0.14
40 4 0.28
9 40 0.17
40 10 1.0
13 40 0.1
15 40 0.15
40 17 0.38
40 18 0.58
40 20 0.71
21 40 0.26
40 23 0.71
25 40 0.2
40 26 1.0
40 27 0.45
40 29 0.45
31 40 0.3
40 32 0.24
40 34 0.71
40 35 1.0
40 36 0.71
40 43 0.0039
3 41 0.14
41 4 0.28
9 41 0.17
41 10 1.0
13 41 0.1
15 41 0.15
41 17 0.38
41 18 0.58
41 20 0.71
21 41 0.26
41 23 0.71
25 41 0.2
41 26 1.0
41 27 0.45
41 29 0.45
31 41 0.3
41 32 0.24
41 34 0.71
41 35 1.0
41 36 0.71
41 40 1.0
41 43 0.0039
3 42 0.07
4 42 0.14
5 42 0.25
8 42 0.35
9 42 0.26
42 12 0.5
13 42 0.2
15 42 0.22
42 19 0.5
42 22 0.5
25 42 0.1
28 42 0.17
32 42 0.12
42 33 0.5
43 42 0.0011
