*Vertices  15
1 "LED灯"
2 "电容"
3 "工质"
4 "热电分离"
5 "LED"
6 "通道"
7 "电子元器件"
8 "基板"
9 "散热片"
10 "散热器"
11 "LED芯片"
12 "芯片"
13 "冷凝器"
14 "散热腔"
15 "连接管"
*Arcs
1 15 0.0020
1 2 0.35
2 15 0.0049
1 3 0.14
2 3 0.28
15 3 0.0467
1 4 0.2
2 4 0.2
4 3 0.71
4 15 0.0279
5 1 0.73
5 2 0.37
5 3 0.1
5 4 0.14
5 15 0.0012
1 6 0.23
2 6 0.23
6 3 0.41
4 6 0.29
5 6 0.25
6 15 0.0096
1 7 0.14
2 7 0.28
7 3 1.0
4 7 0.71
5 7 0.1
7 6 0.41
7 15 0.0467
1 8 0.29
2 8 0.45
8 3 0.41
8 4 0.29
5 8 0.25
8 6 0.17
8 7 0.41
8 15 0.0101
9 1 0.4
9 2 0.09
9 3 0.32
9 4 0.22
5 9 0.32
9 6 0.26
9 7 0.32
9 8 0.26
9 15 0.0061
1 10 0.42
2 10 0.33
10 3 0.3
10 4 0.43
5 10 0.34
10 6 0.12
10 7 0.3
10 8 0.49
9 10 0.48
10 15 0.0067
11 1 0.14
11 2 0.14
11 3 0.5
11 4 0.35
11 5 0.2
11 6 0.2
11 7 0.5
11 8 0.41
11 9 0.16
11 10 0.15
11 15 0.0141
12 1 0.26
12 2 0.4
12 3 0.2
12 4 0.14
12 5 0.5
12 6 0.25
12 7 0.2
12 8 0.17
12 9 0.13
12 10 0.12
12 11 0.41
12 15 0.0027
1 13 0.14
2 13 0.28
13 3 1.0
4 13 0.71
5 13 0.1
13 6 0.41
13 7 1.0
8 13 0.41
9 13 0.32
10 13 0.3
11 13 0.5
12 13 0.2
13 15 0.0467
1 14 0.24
2 14 0.16
14 3 0.58
14 4 0.82
5 14 0.18
14 6 0.24
14 7 0.58
8 14 0.24
9 14 0.18
10 14 0.35
11 14 0.29
12 14 0.12
14 13 0.58
14 15 0.0196
