*Vertices  16
1 "LED显示屏"
2 "3D显示屏"
3 "LED灯"
4 "传感器"
5 "处理器"
6 "LED"
7 "听筒"
8 "绝缘靴"
9 "太阳能"
10 "太阳能电池板"
11 "蓄电池"
12 "耳机"
13 "MP4播放器"
14 "防护服"
15 "屏幕"
16 "连接带"
*Arcs
1 16 0.0080
1 2 0.41
16 2 0.0354
3 1 0.06
3 16 9.0E-4
3 4 0.21
4 16 0.0025
3 5 0.13
4 5 0.56
5 16 0.0076
6 1 0.25
6 2 0.1
6 3 0.73
6 4 0.41
6 5 0.23
6 16 0.0045
1 7 0.41
7 2 1.0
6 7 0.1
7 16 0.0354
4 8 0.25
5 8 0.45
6 8 0.1
16 8 0.0128
1 9 0.15
3 9 0.21
6 9 0.27
9 16 0.0054
3 10 0.21
6 10 0.2
10 9 0.76
10 16 0.0079
11 1 0.13
3 11 0.31
6 11 0.32
11 9 0.72
11 10 0.63
11 16 0.0039
1 12 0.41
12 2 1.0
6 12 0.1
12 7 1.0
12 16 0.0354
1 13 0.41
13 2 1.0
6 13 0.1
13 7 1.0
13 12 1.0
13 16 0.0354
3 14 0.14
6 14 0.1
9 14 0.38
10 14 0.5
11 14 0.32
16 14 0.0139
15 1 0.58
15 2 0.35
15 3 0.1
15 4 0.09
15 5 0.16
15 6 0.29
15 7 0.35
15 12 0.35
15 13 0.35
15 16 0.0060
