*Vertices  16
1 "衬底"
2 "发光荧光材料"
3 "保护层"
4 "活性层"
5 "外延"
6 "LED"
7 "二极管"
8 "半导体"
9 "Al2O3"
10 "ITO"
11 "金属层"
12 "电极"
13 "激光"
14 "粘附层"
15 "反射层"
16 "透明导电层"
*Arcs
1 16 0.0099
1 2 0.26
16 2 0.0125
1 3 0.45
3 2 0.58
16 3 0.0321
1 4 0.45
4 2 0.58
4 3 1.0
16 4 0.0321
5 1 1.0
5 2 0.26
5 3 0.45
5 4 0.45
5 16 0.0099
6 1 0.23
6 2 0.18
6 3 0.1
6 4 0.1
6 5 0.23
6 16 6.0E-4
7 1 0.26
7 2 0.17
7 3 0.15
7 4 0.15
7 5 0.26
7 6 0.7
7 16 0.0012
8 1 0.58
8 2 0.45
8 3 0.26
8 4 0.26
8 5 0.58
8 6 0.39
8 7 0.45
8 16 0.0037
1 9 0.89
9 2 0.29
9 3 0.5
9 4 0.5
5 9 0.89
6 9 0.2
7 9 0.22
8 9 0.52
16 9 0.0114
10 1 0.8
10 2 0.26
10 3 0.45
10 4 0.45
10 5 0.8
10 6 0.23
10 7 0.26
10 8 0.46
10 9 0.67
10 16 0.0094
11 1 0.89
11 2 0.29
11 3 0.5
11 4 0.5
11 5 0.89
11 6 0.2
11 7 0.29
11 8 0.52
11 9 0.75
11 10 0.89
11 16 0.0114
12 1 0.67
12 2 0.17
12 3 0.3
12 4 0.3
12 5 0.67
12 6 0.34
12 7 0.4
12 8 0.54
12 9 0.6
12 10 0.67
12 11 0.6
12 16 0.0046
1 13 0.73
13 2 0.24
13 3 0.41
13 4 0.41
5 13 0.73
6 13 0.25
7 13 0.18
8 13 0.42
13 9 0.82
10 13 0.55
11 13 0.61
12 13 0.49
16 13 0.0078
1 14 0.45
14 2 0.58
14 3 1.0
14 4 1.0
5 14 0.45
6 14 0.1
7 14 0.15
8 14 0.26
14 9 0.5
10 14 0.45
11 14 0.5
12 14 0.3
14 13 0.41
16 14 0.0321
15 1 0.67
15 2 0.29
15 3 0.5
15 4 0.5
15 5 0.67
15 6 0.2
15 7 0.15
15 8 0.39
15 9 0.5
15 10 0.45
15 11 0.5
15 12 0.45
15 13 0.41
15 14 0.5
15 16 0.0104
