*Vertices  55
1 "衬底"
2 "LED灯"
3 "滤波片"
4 "光纤"
5 "容器"
6 "传感器"
7 "荧光粉"
8 "远光灯"
9 "开关"
10 "发光荧光材料"
11 "III-V族半导体材料"
12 "GAN"
13 "PD"
14 "硼酸"
15 "外延片"
16 "外延"
17 "LED"
18 "二极管"
19 "扩散剂"
20 "玻璃"
21 "LED光源"
22 "基板"
23 "集热板"
24 "基座"
25 "滤光片"
26 "散热片"
27 "硅橡胶"
28 "密封胶"
29 "SiO2"
30 "半导体"
31 "电路板"
32 "Al2O3"
33 "GaAs"
34 "MQW"
35 "ITO"
36 "摄像机"
37 "光子晶体"
38 "LED芯片"
39 "芯片"
40 "金属层"
41 "电流扩展层"
42 "存储器"
43 "酸盐"
44 "Li"
45 "离子"
46 "电极"
47 "光子晶体谐振腔"
48 "激光"
49 "MOCVD"
50 "湿法刻蚀"
51 "干法刻蚀"
52 "臭氧"
53 "甲基"
54 "激发光"
55 "透镜"
*Arcs
1 55 9.0E-4
55 2 8.0E-4
1 3 0.63
55 3 0.0015
1 4 0.52
4 3 0.82
55 4 0.0011
2 5 0.19
55 5 5.0E-4
2 6 0.21
6 4 0.14
55 6 2.0E-4
1 7 0.32
2 7 0.1
5 7 0.32
55 7 0.0012
6 8 0.25
55 8 0.0011
9 2 0.37
9 5 0.31
9 6 0.26
55 9 1.0E-4
1 10 0.26
2 10 0.16
10 5 0.26
10 7 0.41
55 10 0.0023
1 11 0.63
11 3 1.0
4 11 0.82
55 11 0.0015
1 12 0.63
12 3 1.0
4 12 0.82
12 11 1.0
55 12 0.0015
1 13 0.63
13 3 1.0
4 13 0.82
13 11 1.0
13 12 1.0
55 13 0.0015
2 14 0.1
14 5 0.32
14 7 0.5
14 10 0.41
55 14 0.0013
15 1 0.77
15 3 0.82
15 4 0.67
15 11 0.82
15 12 0.82
15 13 0.82
15 55 0.0012
16 1 1.0
16 3 0.63
16 4 0.52
16 7 0.32
16 10 0.26
16 11 0.63
16 12 0.63
16 13 0.63
16 15 0.77
16 55 9.0E-4
17 1 0.23
17 2 0.73
17 3 0.14
17 4 0.18
17 5 0.23
17 6 0.41
17 7 0.14
17 8 0.1
17 9 0.58
17 10 0.18
17 11 0.14
17 12 0.14
17 13 0.14
17 14 0.14
17 15 0.18
17 16 0.23
17 55 0.0012
18 1 0.26
18 2 0.35
18 3 0.21
18 4 0.25
18 5 0.26
18 6 0.29
18 8 0.15
18 9 0.58
18 10 0.17
18 11 0.21
18 12 0.21
18 13 0.21
18 14 0.1
18 15 0.25
18 16 0.26
18 17 0.7
18 55 7.0E-4
2 19 0.2
5 19 0.32
19 7 0.5
10 19 0.82
14 19 0.5
17 19 0.14
18 19 0.1
55 19 0.0030
1 20 0.22
2 20 0.27
20 3 0.34
4 20 0.28
6 20 0.06
9 20 0.17
20 11 0.34
20 12 0.34
20 13 0.34
20 14 0.17
15 20 0.28
16 20 0.22
17 20 0.42
18 20 0.32
55 20 3.0E-4
1 21 0.27
2 21 0.3
21 3 0.43
21 4 0.35
21 5 0.13
21 7 0.21
9 21 0.05
21 10 0.17
21 11 0.43
21 12 0.43
21 13 0.43
21 14 0.43
15 21 0.35
16 21 0.27
17 21 0.34
18 21 0.31
21 19 0.21
21 20 0.29
55 21 0.0013
1 22 0.18
2 22 0.29
22 7 0.29
16 22 0.18
17 22 0.25
18 22 0.18
55 22 6.0E-4
2 23 0.14
17 23 0.1
22 23 0.41
55 23 0.0010
2 24 0.2
5 24 0.32
24 7 0.5
10 24 0.41
14 24 0.5
17 24 0.14
18 24 0.1
19 24 0.5
21 24 0.21
55 24 0.0012
1 25 0.52
25 3 0.82
4 25 0.67
9 25 0.1
25 11 0.82
25 12 0.82
25 13 0.82
15 25 0.67
16 25 0.52
17 25 0.18
18 25 0.25
20 25 0.28
21 25 0.52
55 25 0.0012
26 2 0.4
26 9 0.11
17 26 0.32
18 26 0.18
26 20 0.15
26 21 0.48
26 22 0.26
26 23 0.32
55 26 8.0E-4
2 27 0.1
27 5 0.32
27 7 0.5
27 10 0.41
27 14 1.0
17 27 0.14
18 27 0.1
27 19 0.5
27 20 0.17
21 27 0.43
27 24 0.5
55 27 0.0013
28 2 0.24
28 9 0.1
17 28 0.18
18 28 0.08
28 20 0.14
28 24 0.41
28 26 0.18
55 28 4.0E-4
29 1 0.67
29 3 0.71
29 4 0.58
29 11 0.71
29 12 0.71
29 13 0.71
29 15 0.87
29 16 0.67
29 17 0.2
29 18 0.22
29 20 0.36
29 21 0.3
29 25 0.58
29 55 9.0E-4
30 1 0.58
30 2 0.33
30 3 0.37
30 4 0.3
30 5 0.35
30 7 0.37
30 9 0.18
30 10 0.45
30 11 0.37
30 12 0.37
30 13 0.37
30 14 0.37
30 15 0.45
30 16 0.58
30 17 0.39
30 18 0.45
30 19 0.37
30 20 0.25
30 21 0.31
30 22 0.11
30 24 0.37
30 25 0.3
30 27 0.37
30 28 0.3
30 29 0.39
30 55 0.0019
2 31 0.4
31 5 0.11
6 31 0.12
31 7 0.17
9 31 0.12
31 10 0.27
14 31 0.17
17 31 0.43
18 31 0.24
31 19 0.33
20 31 0.4
21 31 0.21
31 24 0.17
31 25 0.14
26 31 0.07
27 31 0.17
28 31 0.14
29 31 0.12
30 31 0.18
55 31 5.0E-4
1 32 0.89
32 3 0.71
4 32 0.58
32 7 0.35
32 10 0.29
32 11 0.71
32 12 0.71
32 13 0.71
15 32 0.58
16 32 0.89
17 32 0.2
18 32 0.22
20 32 0.24
21 32 0.3
22 32 0.2
25 32 0.58
29 32 0.5
30 32 0.52
55 32 0.0010
1 33 0.77
33 3 0.82
4 33 0.67
7 33 0.41
33 11 0.82
33 12 0.82
33 13 0.82
15 33 0.67
16 33 0.77
17 33 0.18
18 33 0.17
20 33 0.28
21 33 0.35
22 33 0.24
25 33 0.67
29 33 0.58
30 33 0.45
32 33 0.87
55 33 0.0012
1 34 0.63
34 3 1.0
4 34 0.82
34 11 1.0
34 12 1.0
34 13 1.0
15 34 0.82
16 34 0.63
17 34 0.14
18 34 0.21
20 34 0.34
21 34 0.43
25 34 0.82
29 34 0.71
30 34 0.37
32 34 0.71
33 34 0.82
55 34 0.0015
35 1 0.8
35 3 0.63
35 4 0.52
35 10 0.26
35 11 0.63
35 12 0.63
35 13 0.63
35 15 0.77
35 16 0.8
35 17 0.23
35 18 0.26
35 20 0.22
35 21 0.27
35 25 0.52
35 29 0.67
35 30 0.46
35 32 0.67
35 33 0.52
35 34 0.63
35 55 8.0E-4
6 36 0.14
36 8 0.58
9 36 0.1
17 36 0.18
18 36 0.17
21 36 0.17
36 25 0.33
36 31 0.14
55 36 8.0E-4
1 37 0.63
37 3 1.0
4 37 0.82
37 11 1.0
37 12 1.0
37 13 1.0
15 37 0.82
16 37 0.63
17 37 0.14
18 37 0.21
20 37 0.34
21 37 0.43
25 37 0.82
29 37 0.71
30 37 0.37
32 37 0.71
33 37 0.82
37 34 1.0
35 37 0.63
55 37 0.0015
38 1 0.45
38 2 0.14
38 5 0.22
38 7 0.71
38 10 0.29
38 14 0.35
38 15 0.29
38 16 0.45
38 17 0.2
38 18 0.07
38 19 0.35
38 21 0.15
38 22 0.41
38 24 0.35
38 26 0.16
38 27 0.35
38 29 0.25
38 30 0.39
38 31 0.12
38 32 0.25
38 33 0.29
38 35 0.22
38 55 8.0E-4
39 1 0.37
39 2 0.26
39 3 0.29
39 4 0.24
39 5 0.09
39 6 0.31
39 7 0.29
39 9 0.28
39 10 0.12
39 11 0.29
39 12 0.29
39 13 0.29
39 14 0.29
39 15 0.35
39 16 0.37
39 17 0.5
39 18 0.42
39 19 0.14
39 20 0.3
39 21 0.31
39 22 0.17
39 24 0.14
39 25 0.35
39 26 0.13
39 27 0.29
39 28 0.12
39 29 0.31
39 30 0.42
39 31 0.38
39 32 0.31
39 33 0.35
39 34 0.29
39 35 0.37
39 36 0.12
39 37 0.29
39 38 0.41
39 55 8.0E-4
40 1 0.89
40 3 0.71
40 4 0.58
40 10 0.29
40 11 0.71
40 12 0.71
40 13 0.71
40 15 0.87
40 16 0.89
40 17 0.2
40 18 0.29
40 20 0.24
40 21 0.3
40 25 0.58
40 29 0.75
40 30 0.52
40 32 0.75
40 33 0.58
40 34 0.71
40 35 0.89
40 37 0.71
40 38 0.25
40 39 0.31
40 55 0.0010
1 41 0.63
41 3 1.0
4 41 0.82
41 11 1.0
41 12 1.0
41 13 1.0
15 41 0.82
16 41 0.63
17 41 0.14
18 41 0.21
20 41 0.34
21 41 0.43
25 41 0.82
29 41 0.71
30 41 0.37
32 41 0.71
33 41 0.82
41 34 1.0
35 41 0.63
41 37 1.0
39 41 0.29
40 41 0.71
55 41 0.0015
2 42 0.06
42 6 0.22
42 8 0.45
9 42 0.31
17 42 0.23
18 42 0.33
42 21 0.13
42 25 0.26
30 42 0.12
42 31 0.11
42 36 0.52
39 42 0.27
55 42 6.0E-4
2 43 0.08
43 5 0.26
43 7 0.41
43 10 0.33
43 14 0.82
17 43 0.18
18 43 0.17
43 19 0.41
43 20 0.28
21 43 0.35
43 24 0.41
43 27 0.82
30 43 0.3
43 31 0.27
38 43 0.29
39 43 0.35
55 43 9.0E-4
1 44 0.3
2 44 0.23
44 3 0.47
4 44 0.38
6 44 0.08
9 44 0.12
10 44 0.19
44 11 0.47
44 12 0.47
44 13 0.47
15 44 0.38
16 44 0.3
17 44 0.3
18 44 0.44
44 19 0.24
20 44 0.32
21 44 0.3
44 24 0.24
25 44 0.38
26 44 0.11
28 44 0.19
29 44 0.33
30 44 0.52
31 44 0.16
32 44 0.33
44 33 0.38
44 34 0.47
35 44 0.3
44 37 0.47
39 44 0.27
40 44 0.33
44 41 0.47
43 44 0.19
55 44 0.0011
1 45 0.32
2 45 0.1
45 3 0.5
4 45 0.41
45 11 0.5
45 12 0.5
45 13 0.5
45 14 0.25
15 45 0.41
16 45 0.32
17 45 0.29
18 45 0.21
45 20 0.34
21 45 0.32
45 25 0.41
45 27 0.25
29 45 0.35
30 45 0.27
45 31 0.17
45 32 0.35
45 33 0.41
45 34 0.5
35 45 0.32
45 36 0.2
45 37 0.5
39 45 0.29
40 45 0.35
45 41 0.5
45 43 0.41
45 44 0.35
55 45 5.0E-4
46 1 0.67
46 2 0.17
46 3 0.43
46 4 0.35
46 5 0.27
46 6 0.08
46 7 0.21
46 9 0.26
46 10 0.17
46 11 0.43
46 12 0.43
46 13 0.43
46 15 0.52
46 16 0.67
46 17 0.34
46 18 0.4
46 20 0.22
46 21 0.18
46 22 0.12
46 25 0.35
46 29 0.45
46 30 0.54
46 31 0.07
46 32 0.6
46 33 0.52
46 34 0.43
46 35 0.67
46 37 0.43
46 38 0.3
46 39 0.49
46 40 0.6
46 41 0.43
46 42 0.13
46 44 0.2
46 45 0.21
46 55 5.0E-4
1 47 0.63
47 3 1.0
4 47 0.82
47 11 1.0
47 12 1.0
47 13 1.0
15 47 0.82
16 47 0.63
17 47 0.14
18 47 0.21
20 47 0.34
21 47 0.43
25 47 0.82
29 47 0.71
30 47 0.37
32 47 0.71
33 47 0.82
47 34 1.0
35 47 0.63
47 37 1.0
39 47 0.29
40 47 0.71
47 41 1.0
44 47 0.47
45 47 0.5
46 47 0.43
55 47 0.0015
1 48 0.73
2 48 0.06
48 3 0.58
4 48 0.47
6 48 0.1
48 7 0.29
48 10 0.24
48 11 0.58
48 12 0.58
48 13 0.58
15 48 0.47
16 48 0.73
17 48 0.25
18 48 0.18
20 48 0.2
21 48 0.25
22 48 0.17
25 48 0.47
29 48 0.41
30 48 0.42
31 48 0.1
48 32 0.82
48 33 0.71
48 34 0.58
35 48 0.55
48 37 0.58
38 48 0.2
39 48 0.33
40 48 0.61
48 41 0.58
48 44 0.27
45 48 0.29
46 48 0.49
48 47 0.58
55 48 7.0E-4
1 49 0.63
49 3 1.0
4 49 0.82
49 11 1.0
49 12 1.0
49 13 1.0
15 49 0.82
16 49 0.63
17 49 0.14
18 49 0.21
20 49 0.34
21 49 0.43
25 49 0.82
29 49 0.71
30 49 0.37
32 49 0.71
33 49 0.82
49 34 1.0
35 49 0.63
49 37 1.0
39 49 0.29
40 49 0.71
49 41 1.0
44 49 0.47
45 49 0.5
46 49 0.43
49 47 1.0
48 49 0.58
55 49 0.0015
50 1 0.77
50 3 0.82
50 4 0.67
50 11 0.82
50 12 0.82
50 13 0.82
50 15 1.0
50 16 0.77
50 17 0.18
50 18 0.25
50 20 0.28
50 21 0.35
50 25 0.67
50 29 0.87
50 30 0.45
50 32 0.58
50 33 0.67
50 34 0.82
50 35 0.77
50 37 0.82
50 38 0.29
50 39 0.35
50 40 0.87
50 41 0.82
50 44 0.38
50 45 0.41
50 46 0.52
50 47 0.82
50 48 0.47
50 49 0.82
50 55 0.0012
1 51 0.77
51 3 0.82
4 51 0.67
7 51 0.41
51 11 0.82
51 12 0.82
51 13 0.82
15 51 0.67
16 51 0.77
17 51 0.18
18 51 0.17
20 51 0.28
21 51 0.35
22 51 0.24
25 51 0.67
29 51 0.58
30 51 0.45
32 51 0.87
51 33 1.0
51 34 0.82
35 51 0.52
51 37 0.82
38 51 0.29
39 51 0.35
40 51 0.58
51 41 0.82
44 51 0.38
45 51 0.41
46 51 0.52
51 47 0.82
48 51 0.71
51 49 0.82
50 51 0.67
55 51 0.0012
2 52 0.24
5 52 0.26
52 7 0.41
10 52 0.33
14 52 0.41
17 52 0.18
19 52 0.41
20 52 0.14
21 52 0.17
52 24 0.41
27 52 0.41
30 52 0.15
31 52 0.14
38 52 0.29
39 52 0.12
43 52 0.33
45 52 0.2
55 52 7.0E-4
2 53 0.08
53 5 0.26
53 7 0.41
53 10 0.33
53 14 0.82
17 53 0.18
18 53 0.17
53 19 0.41
53 20 0.28
21 53 0.35
53 24 0.41
53 27 0.82
30 53 0.3
53 31 0.27
38 53 0.29
39 53 0.35
53 43 1.0
53 44 0.19
53 45 0.41
53 52 0.33
55 53 9.0E-4
1 54 0.63
54 3 1.0
4 54 0.82
54 11 1.0
54 12 1.0
54 13 1.0
15 54 0.82
16 54 0.63
17 54 0.14
18 54 0.21
20 54 0.34
21 54 0.43
25 54 0.82
29 54 0.71
30 54 0.37
32 54 0.71
33 54 0.82
54 34 1.0
35 54 0.63
54 37 1.0
39 54 0.29
40 54 0.71
54 41 1.0
44 54 0.47
45 54 0.5
46 54 0.43
54 47 1.0
48 54 0.58
54 49 1.0
50 54 0.82
51 54 0.82
55 54 0.0015
