*Vertices  66
1 "衬底"
2 "LED灯"
3 "滤波片"
4 "光纤"
5 "电容"
6 "传感器"
7 "工质"
8 "开关"
9 "III-V族半导体材料"
10 "GAN"
11 "热电分离"
12 "PD"
13 "连接管"
14 "外延片"
15 "外延"
16 "LED"
17 "二极管"
18 "三极管"
19 "玻璃"
20 "接收管"
21 "LED光源"
22 "塑料"
23 "电子元器件"
24 "铝基板"
25 "基板"
26 "导热陶瓷"
27 "基座"
28 "红外线发射管"
29 "滤光片"
30 "散热片"
31 "散热器"
32 "发光体"
33 "密封胶"
34 "SiO2"
35 "半导体"
36 "电路板"
37 "Al2O3"
38 "GaAs"
39 "MQW"
40 "ITO"
41 "客户"
42 "光子晶体"
43 "LED芯片"
44 "芯片"
45 "金属层"
46 "电流扩展层"
47 "冷凝器"
48 "Li"
49 "离子"
50 "电极"
51 "排水槽"
52 "电阻"
53 "散热腔"
54 "光子晶体谐振腔"
55 "激光"
56 "MOCVD"
57 "湿法刻蚀"
58 "干法刻蚀"
59 "空穴"
60 "射灯"
61 "同轴电缆"
62 "芯线"
63 "激发光"
64 "发光管"
65 "导热柱"
66 "通道"
*Arcs
1 66 5.0E-4
2 66 8.0E-4
1 3 0.63
66 3 0.0010
1 4 0.52
4 3 0.82
4 66 7.0E-4
2 5 0.35
5 66 6.0E-4
2 6 0.21
6 4 0.14
5 6 0.14
6 66 1.0E-4
2 7 0.14
5 7 0.28
66 7 0.0016
8 2 0.37
8 5 0.39
8 6 0.26
8 66 1.0E-4
1 9 0.63
9 3 1.0
4 9 0.82
66 9 0.0010
1 10 0.63
10 3 1.0
4 10 0.82
10 9 1.0
66 10 0.0010
2 11 0.2
5 11 0.2
11 7 0.71
11 66 0.0010
1 12 0.63
12 3 1.0
4 12 0.82
12 9 1.0
12 10 1.0
66 12 0.0010
2 13 0.14
5 13 0.28
13 7 1.0
11 13 0.71
66 13 0.0016
14 1 0.77
14 3 0.82
14 4 0.67
14 9 0.82
14 10 0.82
14 12 0.82
14 66 7.0E-4
15 1 1.0
15 3 0.63
15 4 0.52
15 9 0.63
15 10 0.63
15 12 0.63
15 14 0.77
15 66 5.0E-4
16 1 0.23
16 2 0.73
16 3 0.14
16 4 0.18
16 5 0.37
16 6 0.41
16 7 0.1
16 8 0.58
16 9 0.14
16 10 0.14
16 11 0.14
16 12 0.14
16 13 0.1
16 14 0.18
16 15 0.23
16 66 0.0011
17 1 0.26
17 2 0.35
17 3 0.21
17 4 0.25
17 5 0.45
17 6 0.29
17 8 0.58
17 9 0.21
17 10 0.21
17 12 0.21
17 14 0.25
17 15 0.26
17 16 0.7
17 66 9.0E-4
2 18 0.21
18 5 0.63
18 6 0.09
8 18 0.46
16 18 0.27
17 18 0.39
18 66 3.0E-4
1 19 0.22
2 19 0.27
19 3 0.34
4 19 0.28
5 19 0.07
6 19 0.06
8 19 0.17
19 9 0.34
19 10 0.34
19 12 0.34
14 19 0.28
15 19 0.22
16 19 0.42
17 19 0.32
18 19 0.09
19 66 5.0E-4
2 20 0.16
20 5 0.32
20 6 0.14
8 20 0.3
16 20 0.18
17 20 0.25
20 18 0.65
20 19 0.14
20 66 5.0E-4
1 21 0.27
2 21 0.3
21 3 0.43
21 4 0.35
8 21 0.05
21 9 0.43
21 10 0.43
21 12 0.43
14 21 0.35
15 21 0.27
16 21 0.34
17 21 0.31
18 21 0.11
21 19 0.29
20 21 0.17
21 66 8.0E-4
2 22 0.36
22 6 0.14
8 22 0.15
16 22 0.35
17 22 0.21
22 19 0.28
22 21 0.17
22 66 7.0E-4
2 23 0.14
5 23 0.28
23 7 1.0
11 23 0.71
23 13 1.0
16 23 0.1
23 66 0.0016
2 24 0.31
5 24 0.12
8 24 0.16
16 24 0.23
17 24 0.26
18 24 0.17
22 24 0.39
66 24 4.0E-4
1 25 0.18
2 25 0.29
5 25 0.45
25 7 0.41
25 11 0.29
25 13 0.41
15 25 0.18
16 25 0.25
17 25 0.18
25 23 0.41
25 66 4.0E-4
2 26 0.14
16 26 0.1
17 26 0.15
22 26 0.29
26 24 0.45
66 26 0.0012
2 27 0.2
16 27 0.14
17 27 0.1
21 27 0.21
22 27 0.2
27 24 0.32
27 26 0.71
66 27 8.0E-4
2 28 0.14
5 28 0.28
6 28 0.25
8 28 0.17
16 28 0.1
17 28 0.15
18 28 0.38
19 28 0.24
20 28 0.58
66 28 0.0010
1 29 0.52
29 3 0.82
4 29 0.67
8 29 0.1
29 9 0.82
29 10 0.82
29 12 0.82
14 29 0.67
15 29 0.52
16 29 0.18
17 29 0.25
18 29 0.22
19 29 0.28
20 29 0.33
21 29 0.52
29 66 7.0E-4
30 2 0.4
30 5 0.09
30 7 0.32
30 8 0.11
30 11 0.22
30 13 0.32
16 30 0.32
17 30 0.18
30 19 0.15
30 21 0.48
30 22 0.18
30 23 0.32
30 24 0.14
30 25 0.26
30 66 8.0E-4
2 31 0.42
5 31 0.33
31 7 0.3
31 11 0.43
31 13 0.3
16 31 0.34
17 31 0.26
31 19 0.07
31 21 0.27
31 22 0.09
31 23 0.3
31 24 0.13
31 25 0.49
30 31 0.48
31 66 3.0E-4
2 32 0.2
5 32 0.2
6 32 0.18
8 32 0.25
16 32 0.14
17 32 0.21
18 32 0.27
19 32 0.17
20 32 0.41
32 28 0.71
32 66 6.0E-4
33 2 0.24
33 8 0.1
16 33 0.18
17 33 0.08
33 19 0.14
33 22 0.17
33 24 0.26
33 26 0.58
33 27 0.41
33 30 0.18
33 66 5.0E-4
34 1 0.67
34 3 0.71
34 4 0.58
34 9 0.71
34 10 0.71
34 12 0.71
34 14 0.87
34 15 0.67
34 16 0.2
34 17 0.22
34 19 0.36
34 21 0.3
34 22 0.14
34 29 0.58
34 66 6.0E-4
35 1 0.58
35 2 0.33
35 3 0.37
35 4 0.3
35 5 0.21
35 8 0.18
35 9 0.37
35 10 0.37
35 12 0.37
35 14 0.45
35 15 0.58
35 16 0.39
35 17 0.45
35 18 0.2
35 19 0.25
35 20 0.15
35 21 0.31
35 22 0.22
35 24 0.35
35 25 0.11
35 26 0.26
35 27 0.37
35 29 0.3
35 33 0.3
35 34 0.39
35 66 8.0E-4
2 36 0.4
5 36 0.13
6 36 0.12
8 36 0.12
36 11 0.17
16 36 0.43
17 36 0.24
18 36 0.27
19 36 0.4
20 36 0.27
21 36 0.21
22 36 0.2
36 27 0.17
36 28 0.24
36 29 0.14
30 36 0.07
31 36 0.07
36 32 0.17
33 36 0.14
34 36 0.12
35 36 0.18
36 66 2.0E-4
1 37 0.89
37 3 0.71
4 37 0.58
37 9 0.71
37 10 0.71
37 12 0.71
14 37 0.58
15 37 0.89
16 37 0.2
17 37 0.22
19 37 0.24
21 37 0.3
25 37 0.2
29 37 0.58
34 37 0.5
35 37 0.52
37 66 6.0E-4
1 38 0.77
38 3 0.82
4 38 0.67
38 9 0.82
38 10 0.82
38 12 0.82
14 38 0.67
15 38 0.77
16 38 0.18
17 38 0.17
19 38 0.28
21 38 0.35
25 38 0.24
29 38 0.67
34 38 0.58
35 38 0.45
37 38 0.87
66 38 7.0E-4
1 39 0.63
39 3 1.0
4 39 0.82
39 9 1.0
39 10 1.0
39 12 1.0
14 39 0.82
15 39 0.63
16 39 0.14
17 39 0.21
19 39 0.34
21 39 0.43
29 39 0.82
34 39 0.71
35 39 0.37
37 39 0.71
38 39 0.82
66 39 0.0010
40 1 0.8
40 3 0.63
40 4 0.52
40 9 0.63
40 10 0.63
40 12 0.63
40 14 0.77
40 15 0.8
40 16 0.23
40 17 0.26
40 19 0.22
40 21 0.27
40 29 0.52
40 34 0.67
40 35 0.46
40 37 0.67
40 38 0.52
40 39 0.63
40 66 5.0E-4
2 41 0.24
5 41 0.16
6 41 0.29
8 41 0.1
16 41 0.18
17 41 0.08
18 41 0.22
19 41 0.14
20 41 0.33
41 28 0.58
32 41 0.41
36 41 0.27
41 66 4.0E-4
1 42 0.63
42 3 1.0
4 42 0.82
42 9 1.0
42 10 1.0
42 12 1.0
14 42 0.82
15 42 0.63
16 42 0.14
17 42 0.21
19 42 0.34
21 42 0.43
29 42 0.82
34 42 0.71
35 42 0.37
37 42 0.71
38 42 0.82
42 39 1.0
40 42 0.63
66 42 0.0010
43 1 0.45
43 2 0.14
43 5 0.14
43 7 0.5
43 11 0.35
43 13 0.5
43 14 0.29
43 15 0.45
43 16 0.2
43 17 0.07
43 21 0.15
43 23 0.5
43 25 0.41
43 27 0.35
43 30 0.16
43 31 0.15
43 34 0.25
43 35 0.39
43 36 0.12
43 37 0.25
43 38 0.29
43 40 0.22
43 66 6.0E-4
44 1 0.37
44 2 0.26
44 3 0.29
44 4 0.24
44 5 0.4
44 6 0.31
44 7 0.2
44 8 0.28
44 9 0.29
44 10 0.29
44 11 0.14
44 12 0.29
44 13 0.2
44 14 0.35
44 15 0.37
44 16 0.5
44 17 0.42
44 18 0.39
44 19 0.3
44 20 0.35
44 21 0.31
44 22 0.06
44 23 0.2
44 24 0.18
44 25 0.17
44 27 0.14
44 28 0.2
44 29 0.35
44 30 0.13
44 31 0.12
44 32 0.14
44 33 0.12
44 34 0.31
44 35 0.42
44 36 0.38
44 37 0.31
44 38 0.35
44 39 0.29
44 40 0.37
44 41 0.12
44 42 0.29
44 43 0.41
44 66 9.0E-4
45 1 0.89
45 3 0.71
45 4 0.58
45 9 0.71
45 10 0.71
45 12 0.71
45 14 0.87
45 15 0.89
45 16 0.2
45 17 0.29
45 19 0.24
45 21 0.3
45 29 0.58
45 34 0.75
45 35 0.52
45 37 0.75
45 38 0.58
45 39 0.71
45 40 0.89
45 42 0.71
45 43 0.25
45 44 0.31
45 66 6.0E-4
1 46 0.63
46 3 1.0
4 46 0.82
46 9 1.0
46 10 1.0
46 12 1.0
14 46 0.82
15 46 0.63
16 46 0.14
17 46 0.21
19 46 0.34
21 46 0.43
29 46 0.82
34 46 0.71
35 46 0.37
37 46 0.71
38 46 0.82
46 39 1.0
40 46 0.63
46 42 1.0
44 46 0.29
45 46 0.71
66 46 0.0010
2 47 0.14
5 47 0.28
47 7 1.0
11 47 0.71
47 13 1.0
16 47 0.1
47 23 1.0
25 47 0.41
30 47 0.32
31 47 0.3
43 47 0.5
44 47 0.2
47 66 0.0016
1 48 0.3
2 48 0.23
48 3 0.47
4 48 0.38
5 48 0.09
6 48 0.08
8 48 0.12
48 9 0.47
48 10 0.47
48 12 0.47
14 48 0.38
15 48 0.3
16 48 0.3
17 48 0.44
19 48 0.32
21 48 0.3
22 48 0.29
48 24 0.45
48 26 0.33
48 27 0.24
29 48 0.38
30 48 0.11
31 48 0.1
33 48 0.19
34 48 0.33
35 48 0.52
36 48 0.16
37 48 0.33
48 38 0.38
48 39 0.47
40 48 0.3
48 42 0.47
44 48 0.27
45 48 0.33
48 46 0.47
48 66 0.0010
1 49 0.32
2 49 0.1
49 3 0.5
4 49 0.41
49 9 0.5
49 10 0.5
49 12 0.5
14 49 0.41
15 49 0.32
16 49 0.29
17 49 0.21
49 19 0.34
21 49 0.32
49 29 0.41
34 49 0.35
35 49 0.27
49 36 0.17
49 37 0.35
49 38 0.41
49 39 0.5
40 49 0.32
49 42 0.5
44 49 0.29
45 49 0.35
49 46 0.5
49 48 0.35
49 66 3.0E-4
50 1 0.67
50 2 0.17
50 3 0.43
50 4 0.35
50 5 0.42
50 6 0.08
50 8 0.26
50 9 0.43
50 10 0.43
50 12 0.43
50 14 0.52
50 15 0.67
50 16 0.34
50 17 0.4
50 18 0.57
50 19 0.22
50 20 0.35
50 21 0.18
50 24 0.13
50 25 0.12
50 28 0.3
50 29 0.35
50 32 0.21
50 34 0.45
50 35 0.54
50 36 0.07
50 37 0.6
50 38 0.52
50 39 0.43
50 40 0.67
50 41 0.17
50 42 0.43
50 43 0.3
50 44 0.49
50 45 0.6
50 46 0.43
50 48 0.2
50 49 0.21
50 66 8.0E-4
2 51 0.14
16 51 0.1
21 51 0.3
22 51 0.29
30 51 0.32
66 51 7.0E-4
1 52 0.11
2 52 0.27
52 3 0.17
52 4 0.14
52 5 0.81
52 6 0.24
8 52 0.46
52 9 0.17
52 10 0.17
52 12 0.17
14 52 0.14
15 52 0.11
16 52 0.42
17 52 0.57
52 18 0.64
52 19 0.12
52 20 0.42
52 21 0.15
52 24 0.11
52 25 0.3
52 28 0.24
52 29 0.28
52 31 0.22
52 32 0.17
34 52 0.12
35 52 0.25
52 36 0.17
52 37 0.12
52 38 0.14
52 39 0.17
40 52 0.11
52 41 0.14
52 42 0.17
44 52 0.5
45 52 0.12
52 46 0.17
52 48 0.16
52 49 0.09
50 52 0.44
52 66 0.0011
2 53 0.24
5 53 0.16
53 7 0.58
53 11 0.82
53 13 0.58
16 53 0.18
53 23 0.58
25 53 0.24
30 53 0.18
31 53 0.35
36 53 0.27
43 53 0.29
44 53 0.12
53 47 0.58
53 66 7.0E-4
1 54 0.63
54 3 1.0
4 54 0.82
54 9 1.0
54 10 1.0
54 12 1.0
14 54 0.82
15 54 0.63
16 54 0.14
17 54 0.21
19 54 0.34
21 54 0.43
29 54 0.82
34 54 0.71
35 54 0.37
37 54 0.71
38 54 0.82
54 39 1.0
40 54 0.63
54 42 1.0
44 54 0.29
45 54 0.71
54 46 1.0
48 54 0.47
49 54 0.5
50 54 0.43
52 54 0.17
66 54 0.0010
1 55 0.73
2 55 0.06
55 3 0.58
4 55 0.47
6 55 0.1
55 9 0.58
55 10 0.58
55 12 0.58
14 55 0.47
15 55 0.73
16 55 0.25
17 55 0.18
19 55 0.2
21 55 0.25
22 55 0.12
25 55 0.17
29 55 0.47
34 55 0.41
35 55 0.42
36 55 0.1
55 37 0.82
55 38 0.71
55 39 0.58
40 55 0.55
55 41 0.24
55 42 0.58
43 55 0.2
44 55 0.33
45 55 0.61
55 46 0.58
55 48 0.27
49 55 0.29
50 55 0.49
52 55 0.1
55 54 0.58
55 66 4.0E-4
1 56 0.63
56 3 1.0
4 56 0.82
56 9 1.0
56 10 1.0
56 12 1.0
14 56 0.82
15 56 0.63
16 56 0.14
17 56 0.21
19 56 0.34
21 56 0.43
29 56 0.82
34 56 0.71
35 56 0.37
37 56 0.71
38 56 0.82
56 39 1.0
40 56 0.63
56 42 1.0
44 56 0.29
45 56 0.71
56 46 1.0
48 56 0.47
49 56 0.5
50 56 0.43
52 56 0.17
56 54 1.0
55 56 0.58
66 56 0.0010
57 1 0.77
57 3 0.82
57 4 0.67
57 9 0.82
57 10 0.82
57 12 0.82
57 14 1.0
57 15 0.77
57 16 0.18
57 17 0.25
57 19 0.28
57 21 0.35
57 29 0.67
57 34 0.87
57 35 0.45
57 37 0.58
57 38 0.67
57 39 0.82
57 40 0.77
57 42 0.82
57 43 0.29
57 44 0.35
57 45 0.87
57 46 0.82
57 48 0.38
57 49 0.41
57 50 0.52
57 52 0.14
57 54 0.82
57 55 0.47
57 56 0.82
57 66 7.0E-4
1 58 0.77
58 3 0.82
4 58 0.67
58 9 0.82
58 10 0.82
58 12 0.82
14 58 0.67
15 58 0.77
16 58 0.18
17 58 0.17
19 58 0.28
21 58 0.35
25 58 0.24
29 58 0.67
34 58 0.58
35 58 0.45
37 58 0.87
58 38 1.0
58 39 0.82
40 58 0.52
58 42 0.82
43 58 0.29
44 58 0.35
45 58 0.58
58 46 0.82
48 58 0.38
49 58 0.41
50 58 0.52
52 58 0.14
58 54 0.82
55 58 0.71
58 56 0.82
57 58 0.67
66 58 7.0E-4
2 59 0.24
8 59 0.1
16 59 0.18
17 59 0.25
22 59 0.5
59 24 0.77
59 26 0.58
27 59 0.41
33 59 0.33
35 59 0.45
48 59 0.58
66 59 6.0E-4
2 60 0.28
5 60 0.28
6 60 0.13
8 60 0.09
16 60 0.2
17 60 0.29
18 60 0.19
19 60 0.12
20 60 0.29
22 60 0.29
60 24 0.45
60 25 0.2
60 26 0.5
60 27 0.35
60 28 0.5
31 60 0.15
60 32 0.35
33 60 0.29
35 60 0.26
60 36 0.12
60 41 0.29
44 60 0.1
60 48 0.33
50 60 0.15
52 60 0.24
60 59 0.58
60 66 0.0015
16 61 0.1
17 61 0.15
52 61 0.24
66 61 0.0014
16 62 0.1
17 62 0.15
52 62 0.24
62 61 1.0
66 62 0.0014
1 63 0.63
63 3 1.0
4 63 0.82
63 9 1.0
63 10 1.0
63 12 1.0
14 63 0.82
15 63 0.63
16 63 0.14
17 63 0.21
19 63 0.34
21 63 0.43
29 63 0.82
34 63 0.71
35 63 0.37
37 63 0.71
38 63 0.82
63 39 1.0
40 63 0.63
63 42 1.0
44 63 0.29
45 63 0.71
63 46 1.0
48 63 0.47
49 63 0.5
50 63 0.43
52 63 0.17
63 54 1.0
55 63 0.58
63 56 1.0
57 63 0.82
58 63 0.82
66 63 0.0010
2 64 0.32
5 64 0.1
6 64 0.09
8 64 0.33
16 64 0.27
17 64 0.28
18 64 0.14
22 64 0.44
64 24 0.68
64 26 0.38
64 27 0.27
64 32 0.27
33 64 0.22
35 64 0.29
44 64 0.08
64 48 0.38
50 64 0.11
52 64 0.09
64 59 0.65
60 64 0.38
64 66 4.0E-4
2 65 0.14
16 65 0.1
17 65 0.15
22 65 0.29
65 24 0.45
65 26 1.0
27 65 0.71
33 65 0.58
35 65 0.26
48 65 0.33
65 59 0.58
60 65 0.5
64 65 0.38
66 65 0.0012
