*Vertices  46
1 "衬底"
2 "滤波片"
3 "光纤"
4 "发光荧光材料"
5 "III-V族半导体材料"
6 "GAN"
7 "保护层"
8 "PD"
9 "活性层"
10 "LED外延片"
11 "外延片"
12 "外延"
13 "LED"
14 "二极管"
15 "玻璃"
16 "通道"
17 "LED光源"
18 "腐蚀液"
19 "滤光片"
20 "光刻胶"
21 "SiO2"
22 "半导体"
23 "Al2O3"
24 "GaAs"
25 "MQW"
26 "ITO"
27 "光子晶体"
28 "LED芯片"
29 "芯片"
30 "电流扩展层"
31 "Li"
32 "离子"
33 "电极"
34 "电阻"
35 "光子晶体谐振腔"
36 "激光"
37 "粘附层"
38 "MOCVD"
39 "湿法刻蚀"
40 "干法刻蚀"
41 "屏幕"
42 "透镜"
43 "透明导电层"
44 "反射层"
45 "激发光"
46 "金属层"
*Arcs
46 1 0.0046
1 2 0.63
46 2 0.0030
1 3 0.52
3 2 0.82
46 3 0.0020
1 4 0.26
46 4 5.0E-4
1 5 0.63
5 2 1.0
3 5 0.82
46 5 0.0030
1 6 0.63
6 2 1.0
3 6 0.82
6 5 1.0
46 6 0.0030
1 7 0.45
7 4 0.58
46 7 0.0011
1 8 0.63
8 2 1.0
3 8 0.82
8 5 1.0
8 6 1.0
46 8 0.0030
1 9 0.45
9 4 0.58
9 7 1.0
46 9 0.0011
10 1 0.45
46 10 0.0010
11 1 0.77
11 2 0.82
11 3 0.67
11 5 0.82
11 6 0.82
11 8 0.82
11 10 0.58
46 11 0.0041
12 1 1.0
12 2 0.63
12 3 0.52
12 4 0.26
12 5 0.63
12 6 0.63
12 7 0.45
12 8 0.63
12 9 0.45
12 10 0.45
12 11 0.77
46 12 0.0046
13 1 0.23
13 2 0.14
13 3 0.18
13 4 0.18
13 5 0.14
13 6 0.14
13 7 0.1
13 8 0.14
13 9 0.1
13 10 0.1
13 11 0.18
13 12 0.23
46 13 3.0E-4
14 1 0.26
14 2 0.21
14 3 0.25
14 4 0.17
14 5 0.21
14 6 0.21
14 7 0.15
14 8 0.21
14 9 0.15
14 10 0.15
14 11 0.25
14 12 0.26
14 13 0.7
46 14 6.0E-4
1 15 0.22
15 2 0.34
3 15 0.28
15 5 0.34
15 6 0.34
15 8 0.34
11 15 0.28
12 15 0.22
13 15 0.42
14 15 0.32
46 15 4.0E-4
1 16 0.18
16 2 0.29
3 16 0.24
16 5 0.29
16 6 0.29
16 8 0.29
11 16 0.24
12 16 0.18
13 16 0.25
14 16 0.24
15 16 0.2
46 16 3.0E-4
1 17 0.27
17 2 0.43
17 3 0.35
17 4 0.17
17 5 0.43
17 6 0.43
17 8 0.43
11 17 0.35
12 17 0.27
13 17 0.34
14 17 0.31
17 15 0.29
17 16 0.25
46 17 6.0E-4
18 1 0.45
18 10 1.0
18 11 0.58
18 12 0.45
18 13 0.1
18 14 0.15
46 18 0.0010
1 19 0.52
19 2 0.82
3 19 0.67
19 5 0.82
19 6 0.82
19 8 0.82
11 19 0.67
12 19 0.52
13 19 0.18
14 19 0.25
15 19 0.28
19 16 0.24
17 19 0.52
46 19 0.0020
20 1 0.45
20 10 1.0
20 11 0.58
20 12 0.45
20 13 0.1
20 14 0.15
20 18 1.0
46 20 0.0010
21 1 0.67
21 2 0.71
21 3 0.58
21 5 0.71
21 6 0.71
21 8 0.71
21 10 0.5
21 11 0.87
21 12 0.67
21 13 0.2
21 14 0.22
21 15 0.36
21 16 0.2
21 17 0.3
21 18 0.5
21 19 0.58
21 20 0.5
46 21 0.0032
22 1 0.58
22 2 0.37
22 3 0.3
22 4 0.45
22 5 0.37
22 6 0.37
22 7 0.26
22 8 0.37
22 9 0.26
22 10 0.26
22 11 0.45
22 12 0.58
22 13 0.39
22 14 0.45
22 15 0.25
22 16 0.21
22 17 0.31
22 18 0.26
22 19 0.3
22 20 0.26
22 21 0.39
46 22 0.0017
1 23 0.89
23 2 0.71
3 23 0.58
23 4 0.29
23 5 0.71
23 6 0.71
23 7 0.5
23 8 0.71
23 9 0.5
11 23 0.58
12 23 0.89
13 23 0.2
14 23 0.22
15 23 0.24
23 16 0.2
17 23 0.3
19 23 0.58
21 23 0.5
22 23 0.52
46 23 0.0035
1 24 0.77
24 2 0.82
3 24 0.67
24 5 0.82
24 6 0.82
24 8 0.82
11 24 0.67
12 24 0.77
13 24 0.18
14 24 0.17
15 24 0.28
16 24 0.24
17 24 0.35
19 24 0.67
21 24 0.58
22 24 0.45
23 24 0.87
46 24 0.0023
1 25 0.63
25 2 1.0
3 25 0.82
25 5 1.0
25 6 1.0
25 8 1.0
11 25 0.82
12 25 0.63
13 25 0.14
14 25 0.21
15 25 0.34
16 25 0.29
17 25 0.43
19 25 0.82
21 25 0.71
22 25 0.37
23 25 0.71
24 25 0.82
46 25 0.0030
26 1 0.8
26 2 0.63
26 3 0.52
26 4 0.26
26 5 0.63
26 6 0.63
26 7 0.45
26 8 0.63
26 9 0.45
26 10 0.45
26 11 0.77
26 12 0.8
26 13 0.23
26 14 0.26
26 15 0.22
26 16 0.18
26 17 0.27
26 18 0.45
26 19 0.52
26 20 0.45
26 21 0.67
26 22 0.46
26 23 0.67
26 24 0.52
26 25 0.63
46 26 0.0043
1 27 0.63
27 2 1.0
3 27 0.82
27 5 1.0
27 6 1.0
27 8 1.0
11 27 0.82
12 27 0.63
13 27 0.14
14 27 0.21
15 27 0.34
16 27 0.29
17 27 0.43
19 27 0.82
21 27 0.71
22 27 0.37
23 27 0.71
24 27 0.82
27 25 1.0
26 27 0.63
46 27 0.0030
28 1 0.45
28 4 0.29
28 10 0.5
28 11 0.29
28 12 0.45
28 13 0.2
28 14 0.07
28 16 0.2
28 17 0.15
28 18 0.5
28 20 0.5
28 21 0.25
28 22 0.39
28 23 0.25
28 24 0.29
28 26 0.22
46 28 4.0E-4
29 1 0.37
29 2 0.29
29 3 0.24
29 4 0.12
29 5 0.29
29 6 0.29
29 8 0.29
29 10 0.2
29 11 0.35
29 12 0.37
29 13 0.5
29 14 0.42
29 15 0.3
29 16 0.25
29 17 0.31
29 18 0.2
29 19 0.35
29 20 0.2
29 21 0.31
29 22 0.42
29 23 0.31
29 24 0.35
29 25 0.29
29 26 0.37
29 27 0.29
29 28 0.41
46 29 7.0E-4
1 30 0.63
30 2 1.0
3 30 0.82
30 5 1.0
30 6 1.0
30 8 1.0
11 30 0.82
12 30 0.63
13 30 0.14
14 30 0.21
15 30 0.34
16 30 0.29
17 30 0.43
19 30 0.82
21 30 0.71
22 30 0.37
23 30 0.71
24 30 0.82
30 25 1.0
26 30 0.63
30 27 1.0
29 30 0.29
46 30 0.0030
1 31 0.3
31 2 0.47
3 31 0.38
4 31 0.19
31 5 0.47
31 6 0.47
31 8 0.47
11 31 0.38
12 31 0.3
13 31 0.3
14 31 0.44
15 31 0.32
31 16 0.27
17 31 0.3
19 31 0.38
21 31 0.33
22 31 0.52
23 31 0.33
31 24 0.38
31 25 0.47
26 31 0.3
31 27 0.47
29 31 0.27
31 30 0.47
46 31 7.0E-4
1 32 0.32
32 2 0.5
3 32 0.41
32 5 0.5
32 6 0.5
32 8 0.5
11 32 0.41
12 32 0.32
13 32 0.29
14 32 0.21
32 15 0.34
32 16 0.14
17 32 0.32
32 19 0.41
21 32 0.35
22 32 0.27
32 23 0.35
32 24 0.41
32 25 0.5
26 32 0.32
32 27 0.5
29 32 0.29
32 30 0.5
32 31 0.35
46 32 8.0E-4
33 1 0.67
33 2 0.43
33 3 0.35
33 4 0.17
33 5 0.43
33 6 0.43
33 7 0.3
33 8 0.43
33 9 0.3
33 10 0.3
33 11 0.52
33 12 0.67
33 13 0.34
33 14 0.4
33 15 0.22
33 16 0.25
33 17 0.18
33 18 0.3
33 19 0.35
33 20 0.3
33 21 0.45
33 22 0.54
33 23 0.6
33 24 0.52
33 25 0.43
33 26 0.67
33 27 0.43
33 28 0.3
33 29 0.49
33 30 0.43
33 31 0.2
33 32 0.21
33 46 0.0022
1 34 0.11
34 2 0.17
34 3 0.14
34 5 0.17
34 6 0.17
34 8 0.17
11 34 0.14
12 34 0.11
13 34 0.42
14 34 0.57
34 15 0.12
34 16 0.3
34 17 0.15
34 19 0.28
21 34 0.12
22 34 0.25
34 23 0.12
34 24 0.14
34 25 0.17
26 34 0.11
34 27 0.17
29 34 0.5
34 30 0.17
34 31 0.16
34 32 0.09
33 34 0.44
46 34 1.0E-4
1 35 0.63
35 2 1.0
3 35 0.82
35 5 1.0
35 6 1.0
35 8 1.0
11 35 0.82
12 35 0.63
13 35 0.14
14 35 0.21
15 35 0.34
16 35 0.29
17 35 0.43
19 35 0.82
21 35 0.71
22 35 0.37
23 35 0.71
24 35 0.82
35 25 1.0
26 35 0.63
35 27 1.0
29 35 0.29
35 30 1.0
31 35 0.47
32 35 0.5
33 35 0.43
34 35 0.17
46 35 0.0030
1 36 0.73
36 2 0.58
3 36 0.47
36 4 0.24
36 5 0.58
36 6 0.58
36 7 0.41
36 8 0.58
36 9 0.41
11 36 0.47
12 36 0.73
13 36 0.25
14 36 0.18
15 36 0.2
36 16 0.17
17 36 0.25
19 36 0.47
21 36 0.41
22 36 0.42
36 23 0.82
36 24 0.71
36 25 0.58
26 36 0.55
36 27 0.58
28 36 0.2
29 36 0.33
36 30 0.58
36 31 0.27
32 36 0.29
33 36 0.49
34 36 0.1
36 35 0.58
46 36 0.0024
1 37 0.45
37 4 0.58
37 7 1.0
37 9 1.0
12 37 0.45
13 37 0.1
14 37 0.15
22 37 0.26
37 23 0.5
26 37 0.45
33 37 0.3
37 36 0.41
46 37 0.0011
1 38 0.63
38 2 1.0
3 38 0.82
38 5 1.0
38 6 1.0
38 8 1.0
11 38 0.82
12 38 0.63
13 38 0.14
14 38 0.21
15 38 0.34
16 38 0.29
17 38 0.43
19 38 0.82
21 38 0.71
22 38 0.37
23 38 0.71
24 38 0.82
38 25 1.0
26 38 0.63
38 27 1.0
29 38 0.29
38 30 1.0
31 38 0.47
32 38 0.5
33 38 0.43
34 38 0.17
38 35 1.0
36 38 0.58
46 38 0.0030
39 1 0.77
39 2 0.82
39 3 0.67
39 5 0.82
39 6 0.82
39 8 0.82
39 10 0.58
39 11 1.0
39 12 0.77
39 13 0.18
39 14 0.25
39 15 0.28
39 16 0.24
39 17 0.35
39 18 0.58
39 19 0.67
39 20 0.58
39 21 0.87
39 22 0.45
39 23 0.58
39 24 0.67
39 25 0.82
39 26 0.77
39 27 0.82
39 28 0.29
39 29 0.35
39 30 0.82
39 31 0.38
39 32 0.41
39 33 0.52
39 34 0.14
39 35 0.82
39 36 0.47
39 38 0.82
39 46 0.0041
1 40 0.77
40 2 0.82
3 40 0.67
40 5 0.82
40 6 0.82
40 8 0.82
11 40 0.67
12 40 0.77
13 40 0.18
14 40 0.17
15 40 0.28
16 40 0.24
17 40 0.35
19 40 0.67
21 40 0.58
22 40 0.45
23 40 0.87
40 24 1.0
40 25 0.82
26 40 0.52
40 27 0.82
28 40 0.29
29 40 0.35
40 30 0.82
31 40 0.38
32 40 0.41
33 40 0.52
34 40 0.14
40 35 0.82
36 40 0.71
40 38 0.82
39 40 0.67
46 40 0.0023
41 1 0.16
41 10 0.35
41 11 0.2
41 12 0.16
41 13 0.29
41 14 0.1
41 15 0.17
41 18 0.35
41 20 0.35
41 21 0.35
41 22 0.18
41 26 0.16
41 28 0.18
41 29 0.22
41 32 0.13
41 33 0.21
41 34 0.09
41 36 0.29
41 39 0.2
41 46 2.0E-4
1 42 0.18
42 2 0.29
42 3 0.24
42 4 0.47
42 5 0.29
42 6 0.29
42 8 0.29
11 42 0.24
12 42 0.18
13 42 0.25
14 42 0.18
42 15 0.1
42 17 0.25
42 19 0.24
21 42 0.2
22 42 0.32
42 23 0.2
42 24 0.24
42 25 0.29
26 42 0.18
42 27 0.29
28 42 0.2
29 42 0.17
42 30 0.29
42 31 0.27
42 32 0.14
33 42 0.12
42 35 0.29
42 36 0.17
42 38 0.29
39 42 0.24
42 40 0.24
46 42 3.0E-4
1 43 0.45
43 4 0.58
43 7 1.0
43 9 1.0
12 43 0.45
13 43 0.1
14 43 0.15
22 43 0.26
43 23 0.5
26 43 0.45
33 43 0.3
43 36 0.41
43 37 1.0
46 43 0.0011
44 1 0.67
44 4 0.29
44 7 0.5
44 9 0.5
44 10 0.5
44 11 0.29
44 12 0.67
44 13 0.2
44 14 0.15
44 15 0.12
44 18 0.5
44 20 0.5
44 21 0.5
44 22 0.39
44 23 0.5
44 24 0.29
44 26 0.45
44 28 0.5
44 29 0.2
44 33 0.45
44 36 0.41
44 37 0.5
44 39 0.29
44 40 0.29
44 41 0.35
44 43 0.5
44 46 0.0014
1 45 0.63
45 2 1.0
3 45 0.82
45 5 1.0
45 6 1.0
45 8 1.0
11 45 0.82
12 45 0.63
13 45 0.14
14 45 0.21
15 45 0.34
16 45 0.29
17 45 0.43
19 45 0.82
21 45 0.71
22 45 0.37
23 45 0.71
24 45 0.82
45 25 1.0
26 45 0.63
45 27 1.0
29 45 0.29
45 30 1.0
31 45 0.47
32 45 0.5
33 45 0.43
34 45 0.17
45 35 1.0
36 45 0.58
45 38 1.0
39 45 0.82
40 45 0.82
42 45 0.29
46 45 0.0030
