*Vertices  32
1 "LED灯罩"
2 "LED灯"
3 "电容"
4 "开关"
5 "功率因数校正"
6 "变压器"
7 "阻燃塑料外壳"
8 "发光板"
9 "LED"
10 "二极管"
11 "整流二极管"
12 "稳压二极管"
13 "三极管"
14 "通道"
15 "塑料"
16 "导热陶瓷"
17 "基座"
18 "散热片"
19 "散热器"
20 "密封胶"
21 "放大器"
22 "半导体"
23 "芯片"
24 "Li"
25 "电感"
26 "电极"
27 "电阻"
28 "空穴"
29 "射灯"
30 "发光管"
31 "导热柱"
32 "铝基板"
*Arcs
1 32 0.0020
2 1 0.2
2 32 0.0033
2 3 0.35
3 32 8.0E-4
4 2 0.37
4 3 0.39
4 32 0.0011
2 5 0.14
3 5 0.28
4 5 0.17
32 5 0.0042
2 6 0.31
3 6 0.61
4 6 0.33
6 5 0.32
6 32 0.0026
2 7 0.14
4 7 0.17
6 7 0.32
32 7 0.0035
8 1 0.41
2 8 0.16
3 8 0.32
4 8 0.2
8 5 0.58
6 8 0.37
8 32 0.0022
9 1 0.14
9 2 0.73
9 3 0.37
9 4 0.58
9 5 0.1
9 6 0.32
9 7 0.1
9 8 0.18
9 32 0.0021
10 1 0.1
10 2 0.35
10 3 0.45
10 4 0.58
10 5 0.15
10 6 0.42
10 7 0.15
10 8 0.17
10 9 0.7
10 32 0.0026
2 11 0.14
3 11 0.28
4 11 0.17
11 5 1.0
6 11 0.32
8 11 0.58
9 11 0.1
10 11 0.15
32 11 0.0042
2 12 0.23
3 12 0.57
4 12 0.21
12 5 0.41
6 12 0.65
12 8 0.47
9 12 0.25
10 12 0.36
12 11 0.41
12 32 0.0012
2 13 0.21
13 3 0.63
4 13 0.46
13 5 0.38
13 6 0.36
13 8 0.44
9 13 0.27
10 13 0.39
13 11 0.38
13 12 0.31
13 32 0.0011
2 14 0.23
3 14 0.23
4 14 0.07
9 14 0.25
10 14 0.24
13 14 0.15
14 32 0.0014
15 1 0.2
2 15 0.36
4 15 0.15
15 6 0.09
15 7 0.29
9 15 0.35
10 15 0.21
15 14 0.24
15 32 0.0044
2 16 0.14
9 16 0.1
10 16 0.15
14 16 0.41
15 16 0.29
16 32 0.0055
2 17 0.2
9 17 0.14
10 17 0.1
14 17 0.29
15 17 0.2
17 16 0.71
17 32 0.0033
18 2 0.4
18 3 0.09
18 4 0.11
9 18 0.32
10 18 0.18
18 14 0.26
18 15 0.18
18 32 3.0E-4
2 19 0.42
3 19 0.33
19 6 0.29
9 19 0.34
10 19 0.26
19 12 0.37
19 14 0.12
19 15 0.09
18 19 0.48
19 32 3.0E-4
20 2 0.24
20 4 0.1
9 20 0.18
10 20 0.08
20 14 0.24
20 15 0.17
20 16 0.58
20 17 0.41
20 18 0.18
20 32 0.0022
2 21 0.2
21 3 0.39
4 21 0.25
21 5 0.71
21 6 0.22
21 8 0.41
9 21 0.14
10 21 0.21
21 11 0.71
21 12 0.29
21 13 0.53
21 32 0.0027
22 1 0.18
22 2 0.33
22 3 0.21
22 4 0.18
22 6 0.33
22 7 0.26
22 9 0.39
22 10 0.45
22 13 0.2
22 14 0.21
22 15 0.22
22 16 0.26
22 17 0.37
22 20 0.3
22 21 0.18
22 32 0.0040
23 2 0.26
23 3 0.4
23 4 0.28
23 5 0.2
23 6 0.13
23 8 0.12
23 9 0.5
23 10 0.42
23 11 0.2
23 12 0.17
23 13 0.39
23 14 0.25
23 15 0.06
23 17 0.14
23 18 0.13
23 19 0.12
23 20 0.12
23 21 0.29
23 22 0.42
23 32 9.0E-4
24 1 0.24
2 24 0.23
3 24 0.09
4 24 0.12
6 24 0.11
24 7 0.33
9 24 0.3
10 24 0.44
24 14 0.27
15 24 0.29
24 16 0.33
24 17 0.24
18 24 0.11
19 24 0.1
20 24 0.19
22 24 0.52
23 24 0.27
24 32 0.0058
2 25 0.25
25 3 0.62
4 25 0.39
25 5 0.45
25 6 0.57
25 8 0.52
9 25 0.23
10 25 0.33
25 11 0.45
25 12 0.37
25 13 0.68
25 21 0.63
22 25 0.35
23 25 0.18
25 32 0.0014
26 2 0.17
26 3 0.42
26 4 0.26
26 5 0.3
26 6 0.29
26 8 0.35
26 9 0.34
26 10 0.4
26 11 0.3
26 12 0.25
26 13 0.57
26 14 0.25
26 21 0.43
26 22 0.54
26 23 0.49
26 24 0.2
26 25 0.54
26 32 8.0E-4
2 27 0.27
27 3 0.81
4 27 0.46
27 5 0.24
27 6 0.54
27 8 0.28
9 27 0.42
10 27 0.57
27 11 0.24
27 12 0.59
27 13 0.64
27 14 0.3
27 19 0.22
27 21 0.34
22 27 0.25
23 27 0.5
27 24 0.16
27 25 0.54
26 27 0.44
27 32 7.0E-4
1 28 0.41
2 28 0.24
4 28 0.1
6 28 0.18
28 7 0.58
9 28 0.18
10 28 0.25
14 28 0.24
15 28 0.5
28 16 0.58
17 28 0.41
20 28 0.33
22 28 0.45
24 28 0.58
28 32 0.0141
29 1 0.35
2 29 0.28
3 29 0.28
4 29 0.09
6 29 0.16
9 29 0.2
10 29 0.29
29 12 0.2
13 29 0.19
29 14 0.41
15 29 0.29
29 16 0.5
29 17 0.35
19 29 0.15
20 29 0.29
22 29 0.26
23 29 0.1
29 24 0.33
26 29 0.15
27 29 0.24
29 28 0.58
29 32 0.0057
30 1 0.27
2 30 0.32
3 30 0.1
4 30 0.33
30 5 0.38
6 30 0.24
30 7 0.38
30 8 0.22
9 30 0.27
10 30 0.28
30 11 0.38
12 30 0.15
13 30 0.14
30 14 0.15
15 30 0.44
30 16 0.38
30 17 0.27
20 30 0.22
21 30 0.27
22 30 0.29
23 30 0.08
30 24 0.38
25 30 0.17
26 30 0.11
27 30 0.09
30 28 0.65
29 30 0.38
30 32 0.0119
2 31 0.14
9 31 0.1
10 31 0.15
14 31 0.41
15 31 0.29
31 16 1.0
17 31 0.71
20 31 0.58
22 31 0.26
24 31 0.33
31 28 0.58
29 31 0.5
30 31 0.38
31 32 0.0055
