*Vertices  20
1 "LCD显示屏"
2 "LED灯"
3 "传感器"
4 "控制器"
5 "处理器"
6 "开关"
7 "定时器"
8 "LED"
9 "液晶显示模块"
10 "二极管"
11 "稳压二极管"
12 "转换器"
13 "电路板"
14 "芯片"
15 "存储器"
16 "电阻"
17 "读取器"
18 "信息卡"
19 "蜂鸣器"
20 "锂电池"
*Arcs
1 20 0.0045
2 1 0.05
2 20 5.0E-4
3 1 0.18
2 3 0.21
3 20 0.0061
1 4 0.34
2 4 0.18
3 4 0.32
4 20 0.0093
1 5 0.16
2 5 0.13
3 5 0.56
4 5 0.42
20 5 0.016
6 1 0.18
6 2 0.37
6 3 0.26
6 4 0.22
6 5 0.16
6 20 0.0014
1 7 0.35
3 7 0.25
4 7 0.32
5 7 0.45
6 7 0.17
20 7 0.022
8 1 0.29
8 2 0.73
8 3 0.41
8 4 0.32
8 5 0.23
8 6 0.58
8 7 0.1
8 20 0.0017
9 1 0.71
3 9 0.13
9 4 0.47
9 5 0.22
6 9 0.17
9 7 0.5
8 9 0.2
9 20 0.0081
10 1 0.15
10 2 0.35
10 3 0.29
10 4 0.14
10 5 0.13
10 6 0.58
10 7 0.15
10 8 0.7
10 9 0.15
10 20 0.0027
11 1 0.14
2 11 0.23
3 11 0.1
11 4 0.26
11 5 0.18
6 11 0.21
11 7 0.41
8 11 0.25
11 9 0.2
10 11 0.36
11 20 0.0047
12 1 0.35
2 12 0.07
12 3 0.25
12 4 0.16
12 5 0.22
6 12 0.26
12 7 0.5
8 12 0.2
12 9 0.25
10 12 0.22
12 11 0.2
12 20 0.0070
13 1 0.25
2 13 0.4
3 13 0.12
13 4 0.15
13 5 0.11
6 13 0.12
8 13 0.43
13 9 0.24
10 13 0.24
13 20 0.0013
14 1 0.36
14 2 0.26
14 3 0.31
14 4 0.39
14 5 0.27
14 6 0.28
14 7 0.2
14 8 0.5
14 9 0.41
14 10 0.42
14 11 0.17
14 12 0.31
14 13 0.38
14 20 0.0049
15 1 0.32
2 15 0.06
15 3 0.22
15 4 0.14
15 5 0.2
6 15 0.31
15 7 0.45
8 15 0.23
15 9 0.45
10 15 0.33
15 11 0.18
15 12 0.45
15 13 0.11
14 15 0.27
15 20 0.0066
16 1 0.26
2 16 0.27
16 3 0.24
16 4 0.23
16 5 0.11
6 16 0.46
16 7 0.24
8 16 0.42
16 9 0.24
10 16 0.57
16 11 0.59
16 12 0.36
16 13 0.17
14 16 0.5
16 15 0.33
16 20 0.0025
1 17 0.35
3 17 0.25
4 17 0.32
5 17 0.45
6 17 0.17
17 7 1.0
8 17 0.1
9 17 0.5
10 17 0.15
11 17 0.41
12 17 0.5
14 17 0.2
15 17 0.45
16 17 0.24
20 17 0.022
1 18 0.25
3 18 0.18
4 18 0.22
5 18 0.32
6 18 0.12
18 7 0.71
8 18 0.14
9 18 0.35
10 18 0.21
11 18 0.29
12 18 0.35
14 18 0.14
15 18 0.32
16 18 0.17
18 17 0.71
20 18 0.0124
19 1 0.25
2 19 0.1
3 19 0.18
19 4 0.22
19 5 0.32
6 19 0.12
8 19 0.14
19 9 0.35
10 19 0.21
19 13 0.33
14 19 0.29
15 19 0.32
16 19 0.17
19 20 0.0074
