*Vertices  16
1 "衬底"
2 "荧光粉"
3 "外延"
4 "LED"
5 "基板"
6 "半导体"
7 "Al2O3"
8 "GaAs"
9 "LED芯片"
10 "芯片"
11 "电极"
12 "基色"
13 "激光"
14 "干法刻蚀"
15 "反射层"
16 "键合"
*Arcs
1 16 0.0096
1 2 0.32
2 16 0.0166
3 1 1.0
3 2 0.32
3 16 0.0096
4 1 0.23
4 2 0.14
4 3 0.23
4 16 7.0E-4
1 5 0.18
5 2 0.29
3 5 0.18
4 5 0.25
5 16 0.0058
6 1 0.58
6 2 0.37
6 3 0.58
6 4 0.39
6 5 0.11
6 16 0.0037
1 7 0.89
7 2 0.35
3 7 0.89
4 7 0.2
5 7 0.2
6 7 0.52
7 16 0.0109
1 8 0.77
2 8 0.41
3 8 0.77
4 8 0.18
5 8 0.24
6 8 0.45
7 8 0.87
16 8 0.0135
9 1 0.45
9 2 0.71
9 3 0.45
9 4 0.2
9 5 0.41
9 6 0.39
9 7 0.25
9 8 0.29
9 16 0.01
10 1 0.37
10 2 0.29
10 3 0.37
10 4 0.5
10 5 0.17
10 6 0.42
10 7 0.31
10 8 0.35
10 9 0.41
10 16 0.0022
11 1 0.67
11 2 0.21
11 3 0.67
11 4 0.34
11 5 0.12
11 6 0.54
11 7 0.6
11 8 0.52
11 9 0.3
11 10 0.49
11 16 0.0045
1 12 0.32
12 2 0.5
3 12 0.32
4 12 0.14
5 12 0.29
6 12 0.18
7 12 0.35
12 8 0.41
9 12 0.35
10 12 0.14
11 12 0.21
12 16 0.016
1 13 0.73
13 2 0.29
3 13 0.73
4 13 0.25
5 13 0.17
6 13 0.42
13 7 0.82
13 8 0.71
9 13 0.2
10 13 0.33
11 13 0.49
13 12 0.29
13 16 0.0075
1 14 0.77
2 14 0.41
3 14 0.77
4 14 0.18
5 14 0.24
6 14 0.45
7 14 0.87
14 8 1.0
9 14 0.29
10 14 0.35
11 14 0.52
12 14 0.41
13 14 0.71
14 16 0.0135
15 1 0.67
15 2 0.35
15 3 0.67
15 4 0.2
15 5 0.2
15 6 0.39
15 7 0.5
15 8 0.29
15 9 0.5
15 10 0.2
15 11 0.45
15 12 0.71
15 13 0.41
15 14 0.29
15 16 0.0105
