*Vertices  12
1 "LED灯"
2 "开关"
3 "变压器"
4 "LED"
5 "二极管"
6 "塑料"
7 "铝基板"
8 "半导体"
9 "Li"
10 "空穴"
11 "发光管"
12 "阻燃塑料外壳"
*Arcs
1 12 0.0047
2 1 0.37
2 12 0.0048
1 3 0.31
2 3 0.33
3 12 0.0138
4 1 0.73
4 2 0.58
4 3 0.32
4 12 0.0030
5 1 0.35
5 2 0.58
5 3 0.42
5 4 0.7
5 12 0.0052
1 6 0.36
2 6 0.15
6 3 0.09
4 6 0.35
5 6 0.21
6 12 0.0143
1 7 0.31
2 7 0.16
3 7 0.28
4 7 0.23
5 7 0.26
6 7 0.39
7 12 0.0323
8 1 0.33
8 2 0.18
8 3 0.33
8 4 0.39
8 5 0.45
8 6 0.22
8 7 0.35
8 12 0.0123
1 9 0.23
2 9 0.12
3 9 0.11
4 9 0.3
5 9 0.44
6 9 0.29
9 7 0.45
8 9 0.52
9 12 0.0185
1 10 0.24
2 10 0.1
3 10 0.18
4 10 0.18
5 10 0.25
6 10 0.5
10 7 0.77
8 10 0.45
9 10 0.58
10 12 0.0458
1 11 0.32
2 11 0.33
3 11 0.24
4 11 0.27
5 11 0.28
6 11 0.44
11 7 0.68
8 11 0.29
11 9 0.38
11 10 0.65
11 12 0.0243
