*Vertices  15
1 "显示器"
2 "LED灯"
3 "传感器"
4 "控制器"
5 "处理器"
6 "单片机"
7 "显示技术"
8 "LED"
9 "塑料"
10 "电动机"
11 "芯片"
12 "激光"
13 "屏幕"
14 "舰船"
15 "驱动模块"
*Arcs
1 15 0.0072
2 1 0.05
2 15 0.0024
3 1 0.17
2 3 0.21
3 15 0.0041
1 4 0.32
2 4 0.18
3 4 0.32
4 15 0.0064
1 5 0.15
2 5 0.13
3 5 0.56
4 5 0.42
15 5 0.0105
1 6 0.59
2 6 0.05
3 6 0.35
6 4 0.22
6 5 0.16
6 15 0.0067
1 7 0.47
3 7 0.18
4 7 0.45
5 7 0.32
6 7 0.25
15 7 0.0228
8 1 0.3
8 2 0.73
8 3 0.41
8 4 0.32
8 5 0.23
8 6 0.29
8 7 0.14
8 15 0.0042
9 1 0.1
2 9 0.36
9 3 0.14
9 4 0.18
9 5 0.13
9 6 0.1
9 7 0.2
8 9 0.35
9 15 0.0042
1 10 0.33
3 10 0.25
4 10 0.32
5 10 0.45
6 10 0.35
7 10 0.71
8 10 0.1
9 10 0.29
15 10 0.0354
11 1 0.34
11 2 0.26
11 3 0.31
11 4 0.39
11 5 0.27
11 6 0.29
11 7 0.29
11 8 0.5
11 9 0.06
11 10 0.2
11 15 0.0137
1 12 0.27
2 12 0.06
3 12 0.1
12 4 0.13
12 5 0.18
6 12 0.14
12 7 0.29
8 12 0.25
9 12 0.12
12 10 0.41
11 12 0.33
12 15 0.0087
13 1 0.24
13 2 0.1
13 3 0.09
13 4 0.22
13 5 0.16
13 6 0.13
13 7 0.25
13 8 0.29
13 9 0.2
13 10 0.35
13 11 0.22
13 12 0.29
13 15 0.0065
2 14 0.14
8 14 0.1
11 14 0.2
14 15 0.0262
