*Vertices  90
1 "LCD显示屏"
2 "显示器"
3 "衬底"
4 "LED灯"
5 "滤波片"
6 "光纤"
7 "容器"
8 "光膜"
9 "荧光粉"
10 "整流器"
11 "开关"
12 "发光荧光材料"
13 "柔性高分子材料"
14 "III-V族半导体材料"
15 "GAN"
16 "塑料光转换荧光粒料"
17 "助剂"
18 "保护层"
19 "PD"
20 "聚合物树脂"
21 "活性层"
22 "变压器"
23 "蒸镀方法"
24 "EP"
25 "LED外延片"
26 "外延片"
27 "外延"
28 "LED"
29 "二极管"
30 "掩膜"
31 "玻璃"
32 "通道"
33 "LED光源"
34 "塑料"
35 "腐蚀液"
36 "转换器"
37 "基板"
38 "缓冲层"
39 "内量子效率"
40 "滤光片"
41 "稀释剂"
42 "荧光体"
43 "硅橡胶"
44 "光刻胶"
45 "SiO2"
46 "半导体"
47 "GaAs"
48 "MQW"
49 "ESD"
50 "ITO"
51 "键合"
52 "客户"
53 "光子晶体"
54 "太阳能"
55 "LED芯片"
56 "芯片"
57 "金属层"
58 "涂层"
59 "电流扩展层"
60 "酸盐"
61 "硅油"
62 "硝酸"
63 "Eu2"
64 "硬脂酰胺"
65 "Li"
66 "液体石蜡"
67 "离子"
68 "电极"
69 "接触层"
70 "电阻"
71 "基色"
72 "光子晶体谐振腔"
73 "激光"
74 "粘附层"
75 "MOCVD"
76 "标准芯片工艺制作"
77 "湿法刻蚀"
78 "干法刻蚀"
79 "湿法腐蚀"
80 "空穴"
81 "臭氧"
82 "屏幕"
83 "透镜"
84 "透明导电层"
85 "反射层"
86 "发光层"
87 "甲基"
88 "激发光"
89 "电流阻挡层"
90 "Al2O3"
*Arcs
90 1 0.0
2 1 0.33
2 90 0.0
3 1 0.08
90 3 0.0025
4 1 0.04
4 2 0.08
4 3 0.03
4 90 1.0E-4
3 5 0.32
90 5 6.0E-4
3 6 0.17
6 5 0.53
90 6 2.0E-4
7 3 0.09
4 7 0.12
90 7 1.0E-4
8 1 0.19
8 2 0.29
8 4 0.13
8 7 0.22
8 90 1.0E-4
9 2 0.14
9 3 0.13
9 4 0.13
9 7 0.22
9 8 0.33
9 90 5.0E-4
10 3 0.07
4 10 0.22
10 7 0.33
90 10 0.0
11 1 0.14
2 11 0.07
4 11 0.37
11 7 0.21
9 11 0.08
11 10 0.2
90 11 0.0
12 2 0.13
12 3 0.18
12 4 0.21
12 7 0.2
12 8 0.31
12 9 0.54
12 11 0.07
12 90 9.0E-4
13 7 0.38
8 13 0.58
9 13 0.29
12 13 0.27
90 13 2.0E-4
3 14 0.32
14 5 1.0
6 14 0.53
90 14 6.0E-4
15 1 0.12
15 3 0.65
4 15 0.04
15 5 0.5
15 6 0.27
9 15 0.1
10 15 0.1
15 14 0.5
90 15 0.0020
2 16 0.25
4 16 0.11
9 16 0.29
11 16 0.14
12 16 0.27
90 16 2.0E-4
2 17 0.18
4 17 0.08
17 7 0.27
8 17 0.41
9 17 0.41
11 17 0.1
12 17 0.38
17 13 0.71
17 16 0.71
90 17 4.0E-4
3 18 0.23
4 18 0.11
9 18 0.14
10 18 0.14
12 18 0.13
15 18 0.18
90 18 3.0E-4
2 19 0.11
3 19 0.21
19 5 0.63
19 6 0.68
19 14 0.63
15 19 0.32
90 19 3.0E-4
2 20 0.25
4 20 0.11
9 20 0.29
11 20 0.14
12 20 0.27
20 16 1.0
20 17 0.71
90 20 2.0E-4
3 21 0.23
12 21 0.27
18 21 0.5
90 21 2.0E-4
2 22 0.11
22 3 0.05
4 22 0.26
22 7 0.24
9 22 0.06
22 10 0.68
11 22 0.29
22 15 0.08
22 18 0.11
90 22 0.0
3 23 0.32
12 23 0.38
90 23 4.0E-4
2 24 0.07
24 3 0.12
4 24 0.12
24 7 0.1
9 24 0.39
24 10 0.08
24 11 0.11
12 24 0.29
24 18 0.13
24 22 0.11
24 90 1.0E-4
25 1 0.12
25 3 0.65
4 25 0.04
9 25 0.1
10 25 0.1
25 15 0.75
25 18 0.18
22 25 0.08
90 25 0.0015
26 1 0.09
26 3 0.83
4 26 0.03
26 5 0.39
26 6 0.21
9 26 0.08
10 26 0.08
12 26 0.15
26 14 0.39
26 15 0.78
26 18 0.14
26 19 0.25
22 26 0.06
26 23 0.39
24 26 0.07
26 25 0.78
90 26 0.0025
27 1 0.08
27 3 0.95
4 27 0.05
27 5 0.32
27 6 0.17
9 27 0.13
10 27 0.07
12 27 0.25
27 14 0.32
27 15 0.65
27 18 0.23
27 19 0.21
27 21 0.23
22 27 0.05
27 23 0.32
24 27 0.06
27 25 0.65
27 26 0.83
90 27 0.0027
28 1 0.22
28 2 0.29
28 3 0.32
28 4 0.67
28 5 0.1
28 6 0.19
28 7 0.19
28 8 0.13
28 9 0.25
28 10 0.25
28 11 0.54
28 12 0.28
28 13 0.07
28 14 0.1
28 15 0.21
28 16 0.07
28 17 0.1
28 18 0.15
28 19 0.16
28 20 0.07
28 21 0.07
28 22 0.34
28 23 0.1
28 24 0.28
28 25 0.21
28 26 0.27
28 27 0.32
28 90 6.0E-4
29 1 0.14
29 2 0.15
29 3 0.37
29 4 0.32
29 5 0.14
29 6 0.23
29 7 0.23
29 8 0.12
29 9 0.23
29 10 0.35
29 11 0.46
29 12 0.33
29 13 0.1
29 14 0.14
29 15 0.25
29 16 0.1
29 17 0.14
29 18 0.1
29 19 0.18
29 20 0.1
29 21 0.1
29 22 0.39
29 23 0.14
29 24 0.22
29 25 0.22
29 26 0.31
29 27 0.37
29 28 0.72
29 90 7.0E-4
3 30 0.23
4 30 0.11
10 30 0.29
15 30 0.35
18 30 0.5
22 30 0.21
25 30 0.35
26 30 0.28
27 30 0.23
28 30 0.07
29 30 0.1
90 30 2.0E-4
31 2 0.19
31 3 0.13
31 4 0.27
31 5 0.27
31 6 0.29
31 8 0.11
31 9 0.11
31 11 0.18
31 12 0.1
31 14 0.27
31 15 0.14
31 19 0.34
31 22 0.08
31 24 0.21
31 26 0.16
31 27 0.13
31 28 0.38
31 29 0.27
31 90 1.0E-4
2 32 0.07
32 3 0.2
4 32 0.22
32 5 0.2
32 6 0.11
11 32 0.04
32 14 0.2
32 15 0.31
32 19 0.13
32 25 0.2
32 26 0.24
32 27 0.2
28 32 0.25
29 32 0.23
31 32 0.11
90 32 2.0E-4
33 1 0.07
33 2 0.15
33 3 0.09
33 4 0.36
33 5 0.29
33 6 0.15
33 7 0.08
33 8 0.12
33 9 0.24
33 10 0.06
33 11 0.06
33 12 0.16
33 14 0.29
33 15 0.14
33 19 0.18
33 22 0.09
33 24 0.22
33 26 0.11
33 27 0.09
33 28 0.36
33 29 0.29
33 31 0.24
33 32 0.18
33 90 1.0E-4
34 2 0.17
34 3 0.05
34 4 0.28
34 6 0.17
34 7 0.17
34 8 0.26
34 9 0.2
34 11 0.16
34 12 0.18
34 13 0.23
34 16 0.23
34 17 0.32
34 19 0.21
34 20 0.23
34 22 0.05
34 24 0.06
34 26 0.06
34 27 0.05
34 28 0.32
34 29 0.28
34 31 0.35
34 32 0.13
34 33 0.14
34 90 1.0E-4
3 35 0.56
4 35 0.04
7 35 0.15
10 35 0.12
15 35 0.14
18 35 0.2
22 35 0.09
24 35 0.22
25 35 0.29
26 35 0.34
27 35 0.47
28 35 0.18
29 35 0.25
35 30 0.41
31 35 0.08
34 35 0.09
90 35 1.0E-4
36 1 0.2
2 36 0.15
4 36 0.1
36 6 0.23
9 36 0.09
11 36 0.25
12 36 0.08
36 16 0.3
36 17 0.21
36 19 0.27
36 20 0.3
22 36 0.06
24 36 0.08
28 36 0.24
29 36 0.21
31 36 0.12
34 36 0.21
90 36 0.0
3 37 0.08
4 37 0.27
9 37 0.1
10 37 0.31
22 37 0.23
27 37 0.08
28 37 0.21
29 37 0.14
32 37 0.2
33 37 0.07
90 37 0.0
38 1 0.12
38 3 0.65
9 38 0.1
12 38 0.19
38 15 0.63
38 23 0.5
38 25 0.75
38 26 0.78
38 27 0.65
28 38 0.21
29 38 0.22
38 32 0.2
90 38 0.0018
3 39 0.32
9 39 0.2
15 39 0.25
25 39 0.5
26 39 0.39
27 39 0.32
28 39 0.1
29 39 0.07
38 39 0.5
90 39 5.0E-4
1 40 0.15
2 40 0.11
3 40 0.21
40 5 0.63
40 6 0.68
11 40 0.06
40 14 0.63
15 40 0.32
40 19 0.6
26 40 0.25
27 40 0.21
28 40 0.16
29 40 0.23
31 40 0.26
32 40 0.13
33 40 0.27
34 40 0.1
36 40 0.13
90 40 3.0E-4
2 41 0.14
41 7 0.22
8 41 0.33
9 41 0.17
12 41 0.15
41 13 0.58
41 17 0.41
22 41 0.12
24 41 0.31
28 41 0.13
29 41 0.18
31 41 0.22
33 41 0.12
34 41 0.13
90 41 1.0E-4
42 7 0.22
8 42 0.33
9 42 0.5
12 42 0.46
42 13 0.58
42 17 0.41
24 42 0.31
28 42 0.13
29 42 0.18
31 42 0.11
33 42 0.12
34 42 0.13
42 41 0.33
90 42 1.0E-4
2 43 0.14
4 43 0.06
43 7 0.44
8 43 0.33
9 43 0.33
12 43 0.31
43 13 0.58
43 17 0.41
22 43 0.12
24 43 0.15
28 43 0.13
29 43 0.12
31 43 0.11
33 43 0.24
34 43 0.13
43 41 0.67
43 42 0.33
90 43 1.0E-4
3 44 0.46
4 44 0.05
10 44 0.14
15 44 0.18
18 44 0.25
22 44 0.11
24 44 0.13
25 44 0.35
26 44 0.42
27 44 0.46
28 44 0.15
29 44 0.2
44 30 0.5
31 44 0.1
34 44 0.11
35 44 0.82
90 44 2.0E-4
2 45 0.07
45 3 0.38
4 45 0.12
45 5 0.39
45 6 0.21
45 7 0.21
8 45 0.16
9 45 0.32
45 10 0.08
45 11 0.04
12 45 0.52
45 13 0.28
45 14 0.39
45 15 0.29
45 16 0.28
45 17 0.39
45 18 0.14
45 19 0.25
45 20 0.28
45 22 0.06
45 23 0.2
45 24 0.3
45 25 0.2
45 26 0.38
45 27 0.38
28 45 0.27
29 45 0.31
45 30 0.28
31 45 0.16
45 32 0.08
33 45 0.11
34 45 0.19
45 35 0.34
45 36 0.08
45 38 0.1
45 40 0.25
45 41 0.16
45 42 0.32
45 43 0.16
45 44 0.28
45 90 0.0013
46 1 0.05
46 2 0.11
46 3 0.64
46 4 0.29
46 5 0.21
46 6 0.17
46 7 0.22
46 8 0.09
46 9 0.34
46 10 0.17
46 11 0.14
46 12 0.43
46 14 0.21
46 15 0.42
46 16 0.15
46 17 0.1
46 18 0.15
46 19 0.2
46 20 0.15
46 21 0.15
46 22 0.19
46 23 0.21
46 24 0.28
46 25 0.42
46 26 0.53
46 27 0.64
46 28 0.5
46 29 0.55
46 30 0.15
46 31 0.23
46 32 0.17
46 33 0.3
46 34 0.24
46 35 0.36
46 36 0.13
46 37 0.1
46 38 0.42
46 39 0.21
46 40 0.13
46 41 0.09
46 42 0.17
46 43 0.17
46 44 0.29
46 45 0.41
46 90 0.0017
3 47 0.61
4 47 0.04
47 5 0.47
47 6 0.25
9 47 0.1
12 47 0.18
47 14 0.47
15 47 0.24
47 19 0.3
47 23 0.24
24 47 0.09
26 47 0.37
27 47 0.69
28 47 0.22
29 47 0.27
31 47 0.19
32 47 0.1
33 47 0.14
34 47 0.08
35 47 0.41
47 37 0.12
38 47 0.12
47 40 0.3
47 44 0.33
45 47 0.37
46 47 0.44
90 47 8.0E-4
48 1 0.09
48 3 0.64
4 48 0.09
48 5 0.39
48 6 0.21
9 48 0.16
10 48 0.16
11 48 0.04
12 48 0.15
48 14 0.39
48 15 0.78
48 18 0.14
48 19 0.25
22 48 0.12
24 48 0.22
48 25 0.69
48 26 0.77
48 27 0.7
28 48 0.27
29 48 0.31
48 30 0.28
31 48 0.21
48 32 0.24
33 48 0.23
34 48 0.06
48 35 0.23
48 38 0.59
48 39 0.39
48 40 0.25
42 48 0.16
48 44 0.28
45 48 0.31
46 48 0.53
48 47 0.37
90 48 0.0020
49 3 0.41
11 49 0.06
49 15 0.47
49 25 0.63
49 26 0.5
49 27 0.41
28 49 0.16
29 49 0.14
49 32 0.26
36 49 0.13
49 38 0.63
49 39 0.32
46 49 0.26
49 48 0.5
90 49 7.0E-4
50 1 0.19
2 50 0.07
3 50 0.66
4 50 0.06
50 5 0.41
50 6 0.22
9 50 0.08
10 50 0.08
12 50 0.23
50 14 0.41
15 50 0.61
50 18 0.29
50 19 0.26
50 21 0.29
22 50 0.06
50 23 0.2
25 50 0.61
26 50 0.72
27 50 0.73
28 50 0.25
29 50 0.26
50 30 0.29
31 50 0.11
32 50 0.08
33 50 0.12
50 35 0.24
38 50 0.51
50 39 0.41
50 40 0.26
50 44 0.29
45 50 0.4
46 50 0.47
50 47 0.29
48 50 0.64
49 50 0.26
90 50 0.0022
3 51 0.26
4 51 0.04
51 6 0.14
9 51 0.22
12 51 0.2
51 18 0.19
51 19 0.17
51 23 0.27
24 51 0.1
26 51 0.1
27 51 0.35
28 51 0.19
29 51 0.19
31 51 0.07
34 51 0.09
51 35 0.15
36 51 0.11
51 37 0.13
38 51 0.13
51 40 0.17
45 51 0.21
46 51 0.28
51 47 0.5
48 51 0.1
50 51 0.11
90 51 3.0E-4
52 1 0.14
2 52 0.2
4 52 0.22
8 52 0.24
9 52 0.12
11 52 0.17
12 52 0.11
52 16 0.41
52 17 0.29
52 20 0.41
24 52 0.11
28 52 0.18
29 52 0.08
31 52 0.08
52 32 0.12
33 52 0.08
34 52 0.09
36 52 0.12
45 52 0.11
46 52 0.12
90 52 1.0E-4
3 53 0.32
53 5 1.0
6 53 0.53
53 14 1.0
15 53 0.5
19 53 0.63
26 53 0.39
27 53 0.32
28 53 0.1
29 53 0.14
31 53 0.27
32 53 0.2
33 53 0.29
40 53 0.63
45 53 0.39
46 53 0.21
47 53 0.47
48 53 0.39
50 53 0.41
90 53 6.0E-4
3 54 0.07
4 54 0.14
6 54 0.12
9 54 0.09
11 54 0.17
15 54 0.11
22 54 0.07
25 54 0.11
26 54 0.09
27 54 0.07
28 54 0.23
29 54 0.13
31 54 0.12
32 54 0.09
38 54 0.11
46 54 0.05
48 54 0.09
49 54 0.14
90 54 0.0
55 1 0.07
55 3 0.5
4 55 0.19
55 7 0.25
8 55 0.13
9 55 0.31
55 10 0.13
55 11 0.03
12 55 0.17
55 13 0.22
55 15 0.39
55 17 0.15
55 18 0.22
55 22 0.09
24 55 0.29
55 25 0.54
55 26 0.48
55 27 0.45
28 55 0.34
29 55 0.33
55 30 0.22
31 55 0.08
55 32 0.31
33 55 0.18
34 55 0.1
55 35 0.36
55 37 0.23
55 38 0.39
55 39 0.15
55 41 0.13
55 42 0.25
55 43 0.25
55 44 0.33
45 55 0.24
46 55 0.51
55 47 0.15
55 48 0.54
55 49 0.39
55 50 0.31
55 51 0.25
55 54 0.07
90 55 9.0E-4
56 1 0.24
2 56 0.27
56 3 0.49
4 56 0.3
56 5 0.17
56 6 0.09
56 7 0.14
8 56 0.07
9 56 0.35
56 10 0.14
56 11 0.28
12 56 0.35
56 13 0.12
56 14 0.17
56 15 0.34
56 16 0.12
56 17 0.17
56 18 0.12
56 19 0.11
56 20 0.12
56 22 0.18
56 23 0.17
56 24 0.35
56 25 0.34
56 26 0.43
56 27 0.49
28 56 0.62
29 56 0.58
56 30 0.12
31 56 0.21
56 32 0.24
33 56 0.22
34 56 0.11
56 35 0.29
56 36 0.25
56 37 0.13
56 38 0.34
56 39 0.17
56 40 0.16
56 41 0.21
56 42 0.21
56 43 0.21
56 44 0.24
56 45 0.4
46 56 0.6
56 47 0.36
56 48 0.43
56 49 0.27
56 50 0.38
56 51 0.27
56 52 0.1
56 53 0.17
56 54 0.08
56 55 0.55
56 90 0.0011
3 57 0.41
4 57 0.05
57 5 0.63
6 57 0.34
12 57 0.24
57 14 0.63
15 57 0.32
18 57 0.22
19 57 0.4
57 21 0.45
25 57 0.16
26 57 0.37
27 57 0.51
28 57 0.16
29 57 0.23
31 57 0.17
32 57 0.13
33 57 0.18
35 57 0.18
40 57 0.4
44 57 0.22
45 57 0.5
46 57 0.33
47 57 0.45
48 57 0.37
50 57 0.65
51 57 0.17
57 53 0.63
55 57 0.1
56 57 0.21
90 57 9.0E-4
4 58 0.11
9 58 0.14
12 58 0.13
58 18 0.25
58 22 0.11
24 58 0.13
28 58 0.15
29 58 0.1
31 58 0.1
33 58 0.1
45 58 0.14
46 58 0.07
56 58 0.06
58 90 0.0
3 59 0.57
4 59 0.08
59 5 0.5
59 6 0.27
7 59 0.13
10 59 0.1
12 59 0.09
59 14 0.5
15 59 0.38
18 59 0.18
59 19 0.32
22 59 0.08
24 59 0.19
25 59 0.13
26 59 0.39
27 59 0.57
28 59 0.21
29 59 0.29
59 30 0.35
31 59 0.2
32 59 0.1
33 59 0.14
34 59 0.08
59 35 0.58
59 40 0.32
59 44 0.35
45 59 0.49
46 59 0.42
59 47 0.71
48 59 0.49
50 59 0.41
51 59 0.27
59 53 0.5
55 59 0.23
56 59 0.34
59 57 0.47
90 59 7.0E-4
2 60 0.17
4 60 0.11
60 7 0.25
8 60 0.19
9 60 0.48
60 11 0.05
12 60 0.53
60 13 0.33
60 16 0.33
60 17 0.47
60 20 0.33
60 22 0.07
60 24 0.45
28 60 0.22
29 60 0.24
31 60 0.19
33 60 0.2
34 60 0.15
60 36 0.1
60 41 0.58
60 42 0.38
60 43 0.58
60 45 0.37
46 60 0.29
60 48 0.09
60 52 0.14
60 55 0.22
60 56 0.36
60 58 0.17
60 90 3.0E-4
61 7 0.38
8 61 0.58
9 61 0.29
12 61 0.27
61 13 1.0
61 17 0.71
28 61 0.07
29 61 0.1
34 61 0.23
61 41 0.58
61 42 0.58
61 43 0.58
45 61 0.28
55 61 0.22
56 61 0.12
60 61 0.33
90 61 2.0E-4
4 62 0.06
9 62 0.33
12 62 0.46
62 24 0.46
28 62 0.13
29 62 0.12
31 62 0.11
33 62 0.12
62 42 0.33
62 45 0.32
46 62 0.17
62 48 0.16
62 55 0.13
62 56 0.21
62 58 0.29
62 60 0.58
62 90 1.0E-4
4 63 0.05
9 63 0.43
12 63 0.53
63 24 0.53
28 63 0.15
29 63 0.15
31 63 0.1
33 63 0.1
63 42 0.58
63 45 0.42
46 63 0.22
63 48 0.14
63 55 0.11
63 56 0.24
63 58 0.25
63 60 0.5
63 62 0.87
63 90 1.0E-4
2 64 0.25
4 64 0.11
9 64 0.29
11 64 0.14
12 64 0.27
64 16 1.0
64 17 0.71
64 20 1.0
28 64 0.07
29 64 0.1
34 64 0.23
36 64 0.3
45 64 0.28
46 64 0.15
64 52 0.41
56 64 0.12
60 64 0.33
90 64 2.0E-4
2 65 0.06
65 3 0.16
4 65 0.26
65 5 0.33
65 6 0.18
65 7 0.09
8 65 0.14
9 65 0.27
65 11 0.13
12 65 0.31
65 13 0.24
65 14 0.33
65 15 0.25
65 16 0.24
65 17 0.33
65 19 0.21
65 20 0.24
65 22 0.05
65 24 0.25
65 25 0.08
65 26 0.2
65 27 0.16
28 65 0.31
29 65 0.36
31 65 0.23
65 32 0.2
33 65 0.24
34 65 0.27
65 36 0.21
65 38 0.08
65 39 0.17
65 40 0.21
65 41 0.27
65 42 0.27
65 43 0.14
65 45 0.33
46 65 0.38
65 47 0.16
65 48 0.26
65 49 0.11
65 50 0.2
65 52 0.1
65 53 0.33
65 55 0.21
65 56 0.31
65 57 0.21
65 59 0.17
65 60 0.39
65 61 0.24
65 62 0.27
65 63 0.24
65 64 0.24
65 90 5.0E-4
2 66 0.25
4 66 0.11
9 66 0.29
11 66 0.14
12 66 0.27
66 16 1.0
66 17 0.71
66 20 1.0
28 66 0.07
29 66 0.1
34 66 0.23
36 66 0.3
45 66 0.28
46 66 0.15
66 52 0.41
56 66 0.12
60 66 0.33
66 64 1.0
65 66 0.24
90 66 2.0E-4
67 1 0.15
2 67 0.06
67 3 0.32
4 67 0.13
67 5 0.32
67 6 0.17
67 7 0.09
9 67 0.13
12 67 0.18
67 14 0.32
67 15 0.16
67 19 0.21
67 22 0.1
67 24 0.49
67 26 0.19
67 27 0.26
28 67 0.32
29 67 0.26
31 67 0.35
67 32 0.07
33 67 0.19
34 67 0.05
67 35 0.37
67 36 0.07
67 40 0.21
67 41 0.26
67 42 0.26
67 43 0.13
67 44 0.23
67 45 0.32
46 67 0.34
67 47 0.38
67 48 0.25
67 50 0.13
67 51 0.09
67 53 0.32
67 55 0.15
67 56 0.33
67 57 0.21
67 58 0.11
67 59 0.41
67 60 0.38
67 62 0.26
67 63 0.34
67 65 0.27
67 90 2.0E-4
68 1 0.11
2 68 0.04
68 3 0.72
4 68 0.16
68 5 0.23
68 6 0.12
68 7 0.19
9 68 0.09
68 10 0.33
11 68 0.2
12 68 0.22
68 14 0.23
68 15 0.46
68 18 0.16
68 19 0.15
68 21 0.16
68 22 0.39
68 23 0.23
24 68 0.13
68 25 0.46
68 26 0.59
68 27 0.72
28 68 0.45
29 68 0.55
68 30 0.16
31 68 0.13
68 32 0.19
33 68 0.1
34 68 0.04
68 35 0.4
68 36 0.1
68 37 0.06
68 38 0.46
68 39 0.23
68 40 0.15
68 44 0.33
45 68 0.32
46 68 0.56
68 47 0.49
68 48 0.55
68 49 0.29
68 50 0.57
68 51 0.25
68 52 0.07
68 53 0.23
68 54 0.05
55 68 0.39
56 68 0.57
68 57 0.37
68 59 0.46
65 68 0.12
67 68 0.23
90 68 0.0015
69 1 0.13
69 3 0.61
4 69 0.04
9 69 0.11
10 69 0.11
69 15 0.8
69 18 0.19
22 69 0.08
69 25 0.94
69 26 0.73
69 27 0.61
28 69 0.19
29 69 0.19
69 30 0.38
69 32 0.22
69 35 0.15
69 38 0.8
69 39 0.53
69 44 0.19
45 69 0.1
46 69 0.39
69 48 0.73
69 49 0.68
69 50 0.55
69 54 0.12
55 69 0.49
56 69 0.32
69 59 0.13
65 69 0.09
68 69 0.43
90 69 0.0016
70 1 0.16
2 70 0.08
70 3 0.11
4 70 0.3
70 5 0.11
70 6 0.06
70 7 0.18
9 70 0.05
70 10 0.56
11 70 0.46
12 70 0.04
70 14 0.11
70 15 0.17
70 18 0.08
70 19 0.07
70 22 0.55
24 70 0.09
70 25 0.11
70 26 0.13
70 27 0.11
28 70 0.45
29 70 0.51
70 30 0.16
31 70 0.09
70 32 0.19
33 70 0.1
70 35 0.07
70 36 0.29
70 37 0.23
70 38 0.06
70 39 0.11
70 40 0.15
70 44 0.08
45 70 0.09
46 70 0.19
70 47 0.05
70 48 0.18
70 49 0.07
70 50 0.14
70 52 0.13
70 53 0.11
70 54 0.05
55 70 0.11
56 70 0.47
70 57 0.07
70 59 0.11
65 70 0.11
67 70 0.04
70 68 0.51
70 69 0.12
90 70 1.0E-4
71 3 0.09
4 71 0.04
9 71 0.24
12 71 0.22
71 24 0.22
71 27 0.09
28 71 0.18
29 71 0.08
31 71 0.16
33 71 0.08
34 71 0.09
71 37 0.14
71 42 0.24
71 45 0.23
46 71 0.12
71 47 0.14
71 48 0.11
71 51 0.15
71 55 0.18
71 56 0.15
71 60 0.27
71 62 0.47
71 63 0.41
71 65 0.19
71 67 0.19
71 68 0.07
71 90 0.0
3 72 0.32
72 5 1.0
6 72 0.53
72 14 1.0
15 72 0.5
19 72 0.63
26 72 0.39
27 72 0.32
28 72 0.1
29 72 0.14
31 72 0.27
32 72 0.2
33 72 0.29
40 72 0.63
45 72 0.39
46 72 0.21
47 72 0.47
48 72 0.39
50 72 0.41
72 53 1.0
56 72 0.17
57 72 0.63
59 72 0.5
65 72 0.33
67 72 0.32
68 72 0.23
70 72 0.11
90 72 6.0E-4
73 1 0.09
73 2 0.2
73 3 0.37
73 4 0.12
73 5 0.38
73 6 0.4
73 8 0.31
73 9 0.23
73 10 0.08
73 11 0.04
73 12 0.21
73 14 0.38
73 15 0.38
73 18 0.27
73 19 0.36
73 21 0.27
73 22 0.06
73 25 0.19
73 26 0.3
73 27 0.43
73 28 0.28
73 29 0.24
73 30 0.27
73 31 0.21
73 32 0.08
73 33 0.16
73 34 0.18
73 35 0.11
73 36 0.08
73 37 0.09
73 38 0.09
73 39 0.19
73 40 0.36
73 44 0.13
73 45 0.3
73 46 0.39
73 47 0.36
73 48 0.37
73 50 0.46
73 51 0.2
73 52 0.11
73 53 0.38
73 55 0.12
73 56 0.26
73 57 0.48
73 59 0.38
73 65 0.19
73 67 0.12
73 68 0.31
73 69 0.2
73 70 0.17
73 71 0.11
73 72 0.38
73 90 9.0E-4
3 74 0.23
12 74 0.27
18 74 0.5
74 21 1.0
27 74 0.23
28 74 0.07
29 74 0.1
46 74 0.15
50 74 0.29
57 74 0.45
68 74 0.16
73 74 0.27
90 74 2.0E-4
75 1 0.1
75 3 0.73
4 75 0.03
75 5 0.41
75 6 0.22
9 75 0.08
12 75 0.23
75 14 0.41
75 15 0.71
75 19 0.26
75 23 0.41
24 75 0.08
75 25 0.61
75 26 0.88
75 27 0.79
28 75 0.25
29 75 0.29
31 75 0.17
75 32 0.25
33 75 0.12
34 75 0.07
75 35 0.12
75 38 0.82
75 39 0.41
75 40 0.26
75 44 0.14
45 75 0.32
46 75 0.51
75 47 0.48
75 48 0.8
75 49 0.52
75 50 0.67
75 51 0.22
75 53 0.41
75 54 0.09
55 75 0.38
56 75 0.41
75 57 0.39
75 59 0.41
65 75 0.2
67 75 0.2
68 75 0.57
75 69 0.65
70 75 0.09
75 72 0.41
73 75 0.31
90 75 0.0025
76 1 0.15
76 3 0.51
9 76 0.13
76 15 0.63
76 25 0.79
76 26 0.62
76 27 0.51
28 76 0.16
29 76 0.14
76 32 0.13
76 38 0.79
76 39 0.63
46 76 0.33
76 48 0.62
76 49 0.6
76 50 0.52
55 76 0.39
56 76 0.27
65 76 0.11
68 76 0.37
76 69 0.85
70 76 0.07
73 76 0.12
76 75 0.65
90 76 0.0011
3 77 0.46
77 5 0.71
77 6 0.38
12 77 0.13
77 14 0.71
15 77 0.35
77 19 0.45
77 23 0.35
25 77 0.18
26 77 0.55
27 77 0.46
28 77 0.15
29 77 0.2
31 77 0.19
32 77 0.14
33 77 0.2
35 77 0.2
38 77 0.18
77 40 0.45
77 44 0.25
45 77 0.55
46 77 0.29
77 47 0.5
48 77 0.28
50 77 0.43
51 77 0.19
77 53 0.71
55 77 0.11
56 77 0.24
77 57 0.67
59 77 0.35
65 77 0.24
67 77 0.23
68 77 0.33
70 77 0.08
77 72 0.71
73 77 0.27
75 77 0.43
90 77 7.0E-4
3 78 0.51
78 5 0.63
78 6 0.34
9 78 0.13
12 78 0.24
78 14 0.63
15 78 0.32
78 19 0.4
78 23 0.63
26 78 0.5
27 78 0.51
28 78 0.16
29 78 0.18
31 78 0.17
32 78 0.13
33 78 0.18
78 37 0.16
38 78 0.32
78 40 0.4
45 78 0.37
46 78 0.33
78 47 0.6
48 78 0.25
50 78 0.39
51 78 0.34
78 53 0.63
55 78 0.1
56 78 0.27
78 57 0.4
59 78 0.32
65 78 0.21
67 78 0.21
68 78 0.37
70 78 0.07
71 78 0.18
78 72 0.63
73 78 0.36
75 78 0.52
78 77 0.67
90 78 0.0012
3 79 0.32
4 79 0.08
10 79 0.2
15 79 0.25
18 79 0.35
22 79 0.15
25 79 0.25
26 79 0.2
27 79 0.32
28 79 0.1
29 79 0.14
79 30 0.71
35 79 0.58
44 79 0.35
45 79 0.2
46 79 0.21
47 79 0.24
48 79 0.2
50 79 0.2
51 79 0.27
55 79 0.15
56 79 0.17
59 79 0.5
67 79 0.16
68 79 0.23
69 79 0.27
70 79 0.11
73 79 0.19
90 79 2.0E-4
80 1 0.13
3 80 0.26
4 80 0.17
9 80 0.11
10 80 0.11
11 80 0.1
15 80 0.4
22 80 0.16
24 80 0.1
25 80 0.4
26 80 0.31
27 80 0.26
28 80 0.19
29 80 0.23
32 80 0.11
33 80 0.08
34 80 0.26
38 80 0.4
80 39 0.27
46 80 0.39
48 80 0.42
49 80 0.17
80 50 0.33
55 80 0.25
56 80 0.18
65 80 0.36
68 80 0.25
69 80 0.43
70 80 0.12
73 80 0.1
75 80 0.33
76 80 0.51
90 80 4.0E-4
4 81 0.22
81 7 0.31
8 81 0.24
9 81 0.24
12 81 0.22
81 13 0.41
81 17 0.29
22 81 0.09
28 81 0.18
29 81 0.04
31 81 0.24
33 81 0.08
34 81 0.19
81 41 0.24
81 42 0.24
81 43 0.47
45 81 0.11
46 81 0.06
55 81 0.18
56 81 0.1
58 81 0.2
60 81 0.27
81 61 0.41
65 81 0.1
67 81 0.28
90 81 1.0E-4
1 82 0.17
2 82 0.13
3 82 0.36
4 82 0.06
7 82 0.1
8 82 0.15
10 82 0.07
11 82 0.11
12 82 0.14
15 82 0.18
22 82 0.06
82 23 0.37
24 82 0.07
25 82 0.27
26 82 0.43
27 82 0.36
28 82 0.28
29 82 0.18
31 82 0.15
32 82 0.07
34 82 0.18
35 82 0.21
36 82 0.08
38 82 0.37
82 44 0.26
45 82 0.21
46 82 0.27
82 47 0.17
48 82 0.21
49 82 0.23
50 82 0.22
51 82 0.1
52 82 0.11
82 54 0.08
55 82 0.23
56 82 0.25
82 57 0.12
59 82 0.09
67 82 0.12
68 82 0.3
69 82 0.2
70 82 0.04
71 82 0.11
73 82 0.14
75 82 0.37
76 82 0.12
82 77 0.26
82 78 0.23
80 82 0.1
90 82 3.0E-4
83 2 0.13
83 3 0.06
83 4 0.25
83 5 0.18
83 6 0.28
83 7 0.19
83 8 0.29
83 9 0.29
83 11 0.07
83 12 0.33
83 13 0.25
83 14 0.18
83 15 0.09
83 16 0.25
83 17 0.35
83 19 0.22
83 20 0.25
83 24 0.07
83 26 0.07
83 27 0.06
83 28 0.29
83 29 0.28
83 31 0.14
83 32 0.14
83 33 0.26
83 34 0.23
83 36 0.15
83 37 0.09
83 40 0.22
83 41 0.14
83 42 0.14
83 43 0.29
83 45 0.21
83 46 0.26
83 47 0.08
83 48 0.07
83 50 0.07
83 52 0.1
83 53 0.18
83 55 0.22
83 56 0.18
83 57 0.11
83 59 0.09
83 60 0.25
83 61 0.25
83 64 0.25
83 65 0.29
83 66 0.25
83 67 0.11
83 68 0.04
83 72 0.18
83 73 0.27
83 75 0.07
83 77 0.13
83 78 0.11
83 81 0.2
83 90 2.0E-4
3 84 0.23
12 84 0.27
18 84 0.5
84 21 1.0
27 84 0.23
28 84 0.07
29 84 0.1
46 84 0.15
50 84 0.29
57 84 0.45
68 84 0.16
73 84 0.27
84 74 1.0
90 84 2.0E-4
3 85 0.52
9 85 0.11
12 85 0.3
18 85 0.19
85 21 0.38
85 23 0.53
24 85 0.1
25 85 0.13
26 85 0.42
27 85 0.52
28 85 0.19
29 85 0.19
31 85 0.15
34 85 0.17
35 85 0.31
85 37 0.13
38 85 0.27
85 44 0.38
45 85 0.31
46 85 0.33
85 47 0.38
48 85 0.1
50 85 0.33
51 85 0.29
55 85 0.25
56 85 0.23
85 57 0.34
59 85 0.13
67 85 0.09
68 85 0.37
71 85 0.31
73 85 0.2
85 74 0.38
75 85 0.33
85 77 0.38
85 78 0.51
85 82 0.49
85 84 0.38
90 85 6.0E-4
86 1 0.13
3 86 0.61
7 86 0.14
12 86 0.2
15 86 0.13
86 23 0.53
24 86 0.2
25 86 0.13
26 86 0.42
27 86 0.52
28 86 0.19
29 86 0.27
31 86 0.07
34 86 0.09
86 35 0.46
38 86 0.4
86 44 0.19
45 86 0.21
46 86 0.39
86 47 0.5
48 86 0.21
86 50 0.22
86 51 0.29
55 86 0.25
56 86 0.32
86 59 0.53
67 86 0.26
68 86 0.43
69 86 0.14
75 86 0.44
76 86 0.17
86 77 0.19
86 78 0.34
86 79 0.27
86 80 0.14
86 82 0.29
86 85 0.43
90 86 4.0E-4
87 1 0.1
2 87 0.14
87 3 0.33
4 87 0.06
87 7 0.22
8 87 0.17
9 87 0.33
11 87 0.04
12 87 0.23
87 13 0.29
87 15 0.41
87 16 0.29
87 17 0.41
87 20 0.29
22 87 0.06
24 87 0.23
87 25 0.51
87 26 0.4
87 27 0.33
28 87 0.25
29 87 0.23
31 87 0.11
87 32 0.08
33 87 0.12
34 87 0.13
36 87 0.09
87 38 0.51
87 39 0.41
87 41 0.5
87 42 0.17
87 43 0.5
45 87 0.16
46 87 0.38
87 48 0.4
87 49 0.39
87 50 0.33
87 52 0.12
87 54 0.09
55 87 0.38
56 87 0.38
60 87 0.58
87 61 0.29
87 64 0.29
65 87 0.27
87 66 0.29
67 87 0.26
68 87 0.24
87 69 0.55
70 87 0.05
73 87 0.08
87 75 0.42
87 76 0.52
87 80 0.33
87 81 0.24
87 82 0.15
83 87 0.29
87 86 0.11
90 87 0.0011
2 88 0.08
88 3 0.15
4 88 0.07
88 5 0.47
88 6 0.5
88 7 0.13
8 88 0.19
9 88 0.38
88 11 0.05
12 88 0.45
88 13 0.33
88 14 0.47
88 15 0.24
88 16 0.33
88 17 0.47
88 19 0.45
88 20 0.33
88 24 0.27
88 26 0.18
88 27 0.15
28 88 0.22
29 88 0.27
31 88 0.26
88 32 0.1
33 88 0.2
34 88 0.23
88 36 0.2
88 40 0.6
88 41 0.19
88 42 0.58
88 43 0.19
88 45 0.55
46 88 0.25
88 47 0.22
88 48 0.28
88 50 0.19
88 51 0.13
88 52 0.14
88 53 0.47
88 55 0.15
88 56 0.28
88 57 0.3
88 59 0.24
88 60 0.44
88 61 0.33
88 62 0.38
88 63 0.5
88 64 0.33
88 65 0.47
88 66 0.33
88 67 0.38
88 68 0.11
88 70 0.05
88 71 0.27
88 72 0.47
73 88 0.27
88 75 0.19
88 77 0.33
88 78 0.3
88 81 0.14
83 88 0.33
88 87 0.19
88 90 6.0E-4
3 89 0.32
12 89 0.19
89 23 0.5
26 89 0.2
27 89 0.32
28 89 0.1
29 89 0.14
38 89 0.25
45 89 0.2
46 89 0.21
89 47 0.47
51 89 0.27
56 89 0.17
59 89 0.25
68 89 0.23
75 89 0.2
89 77 0.35
89 78 0.32
89 82 0.18
89 85 0.27
86 89 0.53
90 89 1.0E-4
