*Vertices  17
1 "离子络合"
2 "AuSn"
3 "Au5Sn"
4 "LED"
5 "二极管"
6 "Au-Sn合金电镀液"
7 "半导体"
8 "焊盘"
9 "芯片"
10 "酸盐"
11 "亚硫酸"
12 "去离子水"
13 "离子"
14 "Au-30at.％Sn合金"
15 "甲基"
16 "络合剂"
17 "Au-Sn合金"
*Arcs
17 1 0.0335
2 1 1.0
17 2 0.0335
3 1 1.0
3 2 1.0
17 3 0.0335
4 1 0.07
4 2 0.07
4 3 0.07
4 17 3.0E-4
5 1 0.1
5 2 0.1
5 3 0.1
5 4 0.72
5 17 5.0E-4
6 1 1.0
6 2 1.0
6 3 1.0
4 6 0.07
5 6 0.1
17 6 0.0335
7 1 0.15
7 2 0.15
7 3 0.15
7 4 0.5
7 5 0.55
7 6 0.15
7 17 0.0010
8 1 0.58
8 2 0.58
8 3 0.58
4 8 0.13
5 8 0.12
8 6 0.58
7 8 0.17
17 8 0.0123
9 1 0.12
9 2 0.12
9 3 0.12
4 9 0.62
5 9 0.58
9 6 0.12
7 9 0.6
9 8 0.21
9 17 7.0E-4
10 1 0.33
10 2 0.33
10 3 0.33
4 10 0.22
5 10 0.24
10 6 0.33
7 10 0.29
10 8 0.19
10 9 0.36
10 17 0.0043
11 1 1.0
11 2 1.0
11 3 1.0
4 11 0.07
5 11 0.1
11 6 1.0
7 11 0.15
11 8 0.58
9 11 0.12
10 11 0.33
17 11 0.0335
12 1 0.45
12 2 0.45
12 3 0.45
4 12 0.16
5 12 0.14
12 6 0.45
7 12 0.2
12 8 0.26
12 9 0.21
12 10 0.3
12 11 0.45
12 17 0.0077
13 1 0.23
13 2 0.23
13 3 0.23
4 13 0.32
5 13 0.26
13 6 0.23
7 13 0.34
13 8 0.13
13 9 0.33
13 10 0.38
13 11 0.23
13 12 0.51
13 17 0.0022
14 1 1.0
14 2 1.0
14 3 1.0
4 14 0.07
5 14 0.1
14 6 1.0
7 14 0.15
14 8 0.58
9 14 0.12
10 14 0.33
14 11 1.0
12 14 0.45
13 14 0.23
14 17 0.0335
15 1 0.29
15 2 0.29
15 3 0.29
4 15 0.25
5 15 0.23
15 6 0.29
7 15 0.38
15 8 0.17
9 15 0.38
10 15 0.58
15 11 0.29
12 15 0.26
13 15 0.26
15 14 0.29
15 17 0.0034
16 1 1.0
16 2 1.0
16 3 1.0
4 16 0.07
5 16 0.1
16 6 1.0
7 16 0.15
16 8 0.58
9 16 0.12
10 16 0.33
16 11 1.0
12 16 0.45
13 16 0.23
16 14 1.0
16 15 0.29
16 17 0.0335
