*Vertices  17
1 "离子络合"
2 "AuSn"
3 "Au5Sn"
4 "LED"
5 "二极管"
6 "半导体"
7 "焊盘"
8 "芯片"
9 "酸盐"
10 "亚硫酸"
11 "去离子水"
12 "离子"
13 "Au-Sn合金"
14 "Au-30at.％Sn合金"
15 "甲基"
16 "络合剂"
17 "Au-Sn合金电镀液"
*Arcs
17 1 0.0335
2 1 1.0
17 2 0.0335
3 1 1.0
3 2 1.0
17 3 0.0335
4 1 0.07
4 2 0.07
4 3 0.07
4 17 3.0E-4
5 1 0.1
5 2 0.1
5 3 0.1
5 4 0.72
5 17 5.0E-4
6 1 0.15
6 2 0.15
6 3 0.15
6 4 0.5
6 5 0.55
6 17 0.0010
7 1 0.58
7 2 0.58
7 3 0.58
4 7 0.13
5 7 0.12
6 7 0.17
7 17 0.0123
8 1 0.12
8 2 0.12
8 3 0.12
4 8 0.62
5 8 0.58
6 8 0.6
8 7 0.21
8 17 7.0E-4
9 1 0.33
9 2 0.33
9 3 0.33
4 9 0.22
5 9 0.24
6 9 0.29
9 7 0.19
9 8 0.36
9 17 0.0043
10 1 1.0
10 2 1.0
10 3 1.0
4 10 0.07
5 10 0.1
6 10 0.15
10 7 0.58
8 10 0.12
9 10 0.33
10 17 0.0335
11 1 0.45
11 2 0.45
11 3 0.45
4 11 0.16
5 11 0.14
6 11 0.2
11 7 0.26
11 8 0.21
11 9 0.3
11 10 0.45
11 17 0.0077
12 1 0.23
12 2 0.23
12 3 0.23
4 12 0.32
5 12 0.26
6 12 0.34
12 7 0.13
12 8 0.33
12 9 0.38
12 10 0.23
12 11 0.51
12 17 0.0022
13 1 1.0
13 2 1.0
13 3 1.0
4 13 0.07
5 13 0.1
6 13 0.15
13 7 0.58
8 13 0.12
9 13 0.33
13 10 1.0
11 13 0.45
12 13 0.23
13 17 0.0335
14 1 1.0
14 2 1.0
14 3 1.0
4 14 0.07
5 14 0.1
6 14 0.15
14 7 0.58
8 14 0.12
9 14 0.33
14 10 1.0
11 14 0.45
12 14 0.23
14 13 1.0
14 17 0.0335
15 1 0.29
15 2 0.29
15 3 0.29
4 15 0.25
5 15 0.23
6 15 0.38
15 7 0.17
8 15 0.38
9 15 0.58
15 10 0.29
11 15 0.26
12 15 0.26
15 13 0.29
15 14 0.29
15 17 0.0034
16 1 1.0
16 2 1.0
16 3 1.0
4 16 0.07
5 16 0.1
6 16 0.15
16 7 0.58
8 16 0.12
9 16 0.33
16 10 1.0
11 16 0.45
12 16 0.23
16 13 1.0
16 14 1.0
16 15 0.29
16 17 0.0335
