*Vertices  98
1 "显示器"
2 "衬底"
3 "LED灯"
4 "电容"
5 "容器"
6 "控制器"
7 "处理器"
8 "单片机"
9 "荧光粉"
10 "整流器"
11 "开关"
12 "发光荧光材料"
13 "次氯酸钠溶液"
14 "保护层"
15 "引发剂"
16 "硼酸"
17 "蓝膜"
18 "变压器"
19 "外延片"
20 "外延"
21 "LED"
22 "二极管"
23 "稳压二极管"
24 "三极管"
25 "模糊增强算法"
26 "玻璃"
27 "LED光源"
28 "日光灯平面光源"
29 "塑料"
30 "腐蚀液"
31 "缩水甘油"
32 "转换器"
33 "铝基板"
34 "晶体振荡器"
35 "IP软核"
36 "稀释剂"
37 "电动机"
38 "光谱仪"
39 "荧光体"
40 "发光体"
41 "硅橡胶"
42 "透明胶"
43 "光刻胶"
44 "填充区域"
45 "SiO2"
46 "半导体"
47 "电路板"
48 "Al2O3"
49 "NH4H2PO4"
50 "GaAs"
51 "MQW"
52 "GPIO"
53 "硅氧磷灰石"
54 "键合"
55 "客户"
56 "焊盘"
57 "含硅"
58 "圆盘"
59 "荧光光谱"
60 "金属银纳米粒子"
61 "LED芯片"
62 "芯片"
63 "涂层"
64 "电流扩展层"
65 "继电器"
66 "存储器"
67 "酸盐"
68 "SrCO3"
69 "Eu2O3"
70 "硝酸"
71 "Eu2"
72 "去离子水"
73 "Li"
74 "电感"
75 "灰度"
76 "离子"
77 "电极"
78 "边缘检测"
79 "电阻"
80 "基色"
81 "丙酮"
82 "MOCVD"
83 "空穴"
84 "玻璃体"
85 "EP-CAB共聚物"
86 "酯键"
87 "屏幕"
88 "透镜"
89 "反射层"
90 "发光层"
91 "甲基"
92 "CAB"
93 "VGA"
94 "蜂鸣器"
95 "激发光"
96 "DMA"
97 "插座"
98 "EP"
*Arcs
1 98 1.0E-4
98 2 2.0E-4
3 1 0.08
3 2 0.03
3 98 1.0E-4
3 4 0.29
98 4 1.0E-4
5 2 0.09
3 5 0.12
4 5 0.23
98 5 1.0E-4
1 6 0.24
3 6 0.11
4 6 0.15
5 6 0.09
98 6 1.0E-4
7 1 0.26
7 3 0.14
7 4 0.05
7 6 0.44
7 98 1.0E-4
1 8 0.52
3 8 0.13
8 4 0.19
8 6 0.17
7 8 0.24
98 8 0.0
9 1 0.14
9 2 0.13
9 3 0.13
9 5 0.22
9 6 0.07
9 7 0.07
9 8 0.07
9 98 0.0012
10 2 0.07
3 10 0.22
4 10 0.53
10 5 0.33
10 6 0.07
98 10 0.0
1 11 0.07
3 11 0.37
11 4 0.42
11 5 0.21
11 6 0.23
7 11 0.21
11 8 0.19
9 11 0.08
11 10 0.2
98 11 1.0E-4
12 1 0.13
12 2 0.18
12 3 0.21
12 5 0.2
12 7 0.07
12 8 0.06
12 9 0.54
12 11 0.07
12 98 7.0E-4
2 13 0.32
98 13 2.0E-4
2 14 0.23
3 14 0.11
9 14 0.14
10 14 0.14
12 14 0.13
98 14 2.0E-4
1 15 0.18
98 15 9.0E-4
1 16 0.13
3 16 0.11
16 5 0.19
9 16 0.29
12 16 0.4
16 15 0.35
98 16 0.0012
2 17 0.32
5 17 0.27
98 17 1.0E-4
1 18 0.11
18 2 0.05
3 18 0.26
4 18 0.52
18 5 0.24
18 6 0.1
8 18 0.05
9 18 0.06
18 10 0.68
11 18 0.29
18 14 0.11
18 15 0.15
16 18 0.11
98 18 1.0E-4
19 2 0.83
3 19 0.03
9 19 0.08
10 19 0.08
12 19 0.15
19 13 0.2
19 14 0.14
18 19 0.06
98 19 1.0E-4
20 2 0.95
3 20 0.05
9 20 0.13
10 20 0.07
12 20 0.25
20 13 0.32
20 14 0.23
20 17 0.16
18 20 0.05
20 19 0.83
98 20 1.0E-4
21 1 0.29
21 2 0.32
21 3 0.67
21 4 0.36
21 5 0.19
21 6 0.3
21 7 0.28
21 8 0.32
21 9 0.25
21 10 0.25
21 11 0.54
21 12 0.28
21 13 0.1
21 14 0.15
21 15 0.1
21 16 0.15
21 17 0.1
21 18 0.34
21 19 0.27
21 20 0.32
21 98 8.0E-4
22 1 0.15
22 2 0.37
22 3 0.32
22 4 0.39
22 5 0.23
22 6 0.15
22 7 0.08
22 8 0.16
22 9 0.23
22 10 0.35
22 11 0.46
22 12 0.33
22 13 0.14
22 14 0.1
22 15 0.14
22 16 0.1
22 17 0.14
22 18 0.39
22 19 0.31
22 20 0.37
22 21 0.72
22 98 5.0E-4
3 23 0.21
4 23 0.46
5 23 0.14
6 23 0.18
7 23 0.1
10 23 0.55
11 23 0.21
18 23 0.48
21 23 0.19
22 23 0.27
98 23 0.0
1 24 0.06
3 24 0.2
24 4 0.61
24 5 0.17
24 6 0.11
8 24 0.16
24 10 0.4
11 24 0.37
12 24 0.06
24 18 0.49
21 24 0.32
22 24 0.42
24 23 0.26
98 24 0.0
25 6 0.24
7 25 0.26
11 25 0.14
21 25 0.07
98 25 5.0E-4
26 1 0.19
26 2 0.13
26 3 0.27
26 4 0.08
26 7 0.15
26 8 0.22
26 9 0.11
26 11 0.18
26 12 0.1
26 13 0.14
26 15 0.27
26 16 0.19
26 18 0.08
26 19 0.16
26 20 0.13
26 21 0.38
26 22 0.27
26 24 0.09
26 98 4.0E-4
27 1 0.15
27 2 0.09
27 3 0.36
27 4 0.04
27 5 0.08
27 7 0.11
27 8 0.09
27 9 0.24
27 10 0.06
27 11 0.06
27 12 0.16
27 15 0.14
27 16 0.31
27 18 0.09
27 19 0.11
27 20 0.09
27 21 0.36
27 22 0.29
27 23 0.08
27 24 0.09
27 26 0.24
27 98 4.0E-4
9 28 0.29
28 14 0.5
21 28 0.07
98 28 4.0E-4
29 1 0.17
29 2 0.05
29 3 0.28
29 5 0.17
29 6 0.17
29 7 0.12
29 8 0.05
29 9 0.2
29 11 0.16
29 12 0.18
29 13 0.16
29 18 0.05
29 19 0.06
29 20 0.05
29 21 0.32
29 22 0.28
29 26 0.35
29 27 0.14
29 98 1.0E-4
2 30 0.56
3 30 0.04
5 30 0.15
10 30 0.12
30 13 0.58
14 30 0.2
30 17 0.29
18 30 0.09
19 30 0.34
20 30 0.47
21 30 0.18
22 30 0.25
26 30 0.08
29 30 0.09
98 30 3.0E-4
1 31 0.18
31 15 1.0
16 31 0.35
18 31 0.15
21 31 0.1
22 31 0.14
26 31 0.27
27 31 0.14
98 31 9.0E-4
1 32 0.15
3 32 0.1
4 32 0.25
32 6 0.22
7 32 0.16
8 32 0.14
9 32 0.09
11 32 0.25
12 32 0.08
18 32 0.06
21 32 0.24
22 32 0.21
32 23 0.11
24 32 0.14
32 25 0.3
26 32 0.12
29 32 0.21
98 32 1.0E-4
33 1 0.08
33 2 0.07
33 3 0.3
33 4 0.06
33 7 0.08
33 9 0.17
33 11 0.08
33 12 0.08
33 13 0.21
33 14 0.15
33 18 0.13
33 19 0.08
33 20 0.07
33 21 0.24
33 22 0.24
33 23 0.11
33 24 0.07
33 26 0.12
33 27 0.18
33 28 0.3
33 29 0.35
33 30 0.12
33 98 2.0E-4
3 34 0.06
34 4 0.24
34 6 0.14
7 34 0.15
8 34 0.26
11 34 0.24
21 34 0.13
22 34 0.06
34 24 0.13
34 25 0.58
26 34 0.11
34 32 0.35
98 34 2.0E-4
35 6 0.24
7 35 0.26
11 35 0.14
21 35 0.07
35 25 1.0
32 35 0.3
34 35 0.58
98 35 5.0E-4
1 36 0.14
36 5 0.22
9 36 0.17
12 36 0.15
36 15 0.82
16 36 0.29
18 36 0.12
21 36 0.13
22 36 0.18
26 36 0.22
27 36 0.12
29 36 0.13
36 31 0.82
98 36 7.0E-4
1 37 0.14
3 37 0.06
6 37 0.14
7 37 0.15
8 37 0.26
9 37 0.17
21 37 0.13
27 37 0.12
29 37 0.13
98 37 1.0E-4
3 38 0.08
12 38 0.19
38 16 0.35
21 38 0.1
22 38 0.07
38 98 3.0E-4
39 5 0.22
9 39 0.5
12 39 0.46
16 39 0.29
21 39 0.13
22 39 0.18
26 39 0.11
27 39 0.12
29 39 0.13
39 36 0.33
98 39 8.0E-4
40 1 0.09
40 3 0.21
40 4 0.08
40 7 0.1
40 9 0.22
40 11 0.1
40 12 0.2
40 21 0.19
40 22 0.23
40 24 0.09
40 26 0.15
40 27 0.23
40 29 0.09
40 33 0.11
40 39 0.22
40 98 1.0E-4
1 41 0.14
3 41 0.06
41 5 0.44
9 41 0.33
12 41 0.31
41 15 0.41
16 41 0.58
18 41 0.12
21 41 0.13
22 41 0.12
26 41 0.11
27 41 0.24
29 41 0.13
41 31 0.41
41 36 0.67
41 39 0.33
98 41 3.0E-4
9 42 0.29
42 14 0.5
21 42 0.07
42 28 1.0
33 42 0.3
98 42 4.0E-4
2 43 0.46
3 43 0.05
10 43 0.14
43 13 0.35
14 43 0.25
18 43 0.11
19 43 0.42
20 43 0.46
21 43 0.15
22 43 0.2
26 43 0.1
29 43 0.11
30 43 0.82
33 43 0.15
98 43 1.0E-4
2 44 0.23
13 44 0.71
19 44 0.28
20 44 0.23
21 44 0.07
22 44 0.1
26 44 0.19
29 44 0.23
30 44 0.41
33 44 0.3
43 44 0.5
98 44 3.0E-4
1 45 0.07
45 2 0.38
3 45 0.12
45 5 0.21
9 45 0.32
45 10 0.08
45 11 0.04
12 45 0.52
45 14 0.14
45 16 0.14
45 17 0.2
45 18 0.06
45 19 0.38
45 20 0.38
21 45 0.27
22 45 0.31
26 45 0.16
27 45 0.11
29 45 0.19
45 30 0.34
45 32 0.08
45 36 0.16
45 38 0.2
45 39 0.32
40 45 0.1
45 41 0.16
45 43 0.28
45 98 7.0E-4
46 1 0.11
46 2 0.64
46 3 0.29
46 4 0.15
46 5 0.22
46 7 0.08
46 8 0.03
46 9 0.34
46 10 0.17
46 11 0.14
46 12 0.43
46 13 0.21
46 14 0.15
46 15 0.1
46 16 0.22
46 17 0.21
46 18 0.19
46 19 0.53
46 20 0.64
46 21 0.5
46 22 0.55
46 23 0.06
46 24 0.1
46 26 0.23
46 27 0.3
46 29 0.24
46 30 0.36
46 31 0.1
46 32 0.13
46 33 0.27
46 36 0.09
46 39 0.17
46 40 0.11
46 41 0.17
46 43 0.29
46 44 0.15
46 45 0.41
46 98 7.0E-4
47 1 0.26
47 3 0.4
47 4 0.13
47 5 0.08
47 6 0.1
47 7 0.11
47 8 0.14
47 9 0.12
47 11 0.14
47 12 0.16
47 15 0.14
47 16 0.1
47 18 0.04
47 21 0.36
47 22 0.17
47 24 0.19
47 26 0.39
47 27 0.17
47 29 0.19
47 31 0.14
47 33 0.06
47 34 0.12
47 36 0.12
47 40 0.23
47 41 0.12
47 45 0.06
47 46 0.15
47 98 1.0E-4
1 48 0.06
48 2 0.72
3 48 0.08
48 5 0.09
9 48 0.35
48 10 0.07
48 11 0.03
12 48 0.45
48 14 0.24
48 18 0.05
48 19 0.74
48 20 0.78
21 48 0.3
22 48 0.34
26 48 0.09
27 48 0.1
29 48 0.11
48 30 0.1
48 32 0.07
48 36 0.14
48 39 0.14
48 41 0.14
48 43 0.12
45 48 0.54
46 48 0.57
98 48 1.0E-4
9 49 0.29
12 49 0.27
21 49 0.07
22 49 0.1
39 49 0.58
40 49 0.38
45 49 0.28
46 49 0.15
98 49 5.0E-4
2 50 0.61
3 50 0.04
9 50 0.1
12 50 0.18
50 13 0.47
17 50 0.24
19 50 0.37
20 50 0.69
21 50 0.22
22 50 0.27
26 50 0.19
27 50 0.14
29 50 0.08
30 50 0.41
33 50 0.1
50 43 0.33
50 44 0.33
45 50 0.37
46 50 0.44
48 50 0.4
98 50 1.0E-4
51 2 0.64
3 51 0.09
4 51 0.06
9 51 0.16
10 51 0.16
11 51 0.04
12 51 0.15
51 13 0.2
51 14 0.14
16 51 0.14
18 51 0.12
51 19 0.77
51 20 0.7
21 51 0.27
22 51 0.31
51 23 0.1
24 51 0.06
26 51 0.21
27 51 0.23
29 51 0.06
51 30 0.23
33 51 0.08
39 51 0.16
51 43 0.28
51 44 0.28
45 51 0.31
46 51 0.53
48 51 0.67
51 50 0.37
98 51 4.0E-4
1 52 0.14
3 52 0.06
4 52 0.12
7 52 0.15
8 52 0.13
11 52 0.24
21 52 0.13
22 52 0.06
24 52 0.13
27 52 0.12
46 52 0.09
47 52 0.12
98 52 1.0E-4
9 53 0.29
12 53 0.27
21 53 0.07
22 53 0.1
39 53 0.58
40 53 0.38
45 53 0.28
46 53 0.15
53 49 1.0
98 53 5.0E-4
2 54 0.26
3 54 0.04
4 54 0.08
8 54 0.09
9 54 0.22
12 54 0.2
54 13 0.27
54 14 0.19
19 54 0.1
20 54 0.35
21 54 0.19
22 54 0.19
26 54 0.07
54 28 0.38
29 54 0.09
54 30 0.15
32 54 0.11
33 54 0.11
54 42 0.38
45 54 0.21
46 54 0.28
48 54 0.28
54 50 0.5
51 54 0.1
98 54 1.0E-4
1 55 0.2
3 55 0.22
4 55 0.17
7 55 0.21
9 55 0.12
11 55 0.17
12 55 0.11
21 55 0.18
22 55 0.08
24 55 0.09
26 55 0.08
27 55 0.08
29 55 0.09
32 55 0.12
40 55 0.15
45 55 0.11
46 55 0.12
47 55 0.17
48 55 0.1
52 55 0.24
98 55 1.0E-4
3 56 0.06
4 56 0.12
9 56 0.17
10 56 0.17
11 56 0.08
56 14 0.29
18 56 0.12
21 56 0.13
22 56 0.12
56 23 0.22
24 56 0.13
27 56 0.12
56 28 0.58
33 56 0.17
56 42 0.58
46 56 0.17
56 51 0.16
56 54 0.22
98 56 5.0E-4
1 57 0.25
57 15 0.71
16 57 0.5
18 57 0.21
21 57 0.07
22 57 0.1
26 57 0.19
27 57 0.2
57 31 0.71
36 57 0.58
41 57 0.58
46 57 0.15
98 57 4.0E-4
3 58 0.11
8 58 0.23
9 58 0.29
21 58 0.07
27 58 0.2
37 58 0.58
98 58 2.0E-4
3 59 0.08
12 59 0.19
59 16 0.35
21 59 0.1
22 59 0.07
59 38 1.0
59 45 0.2
59 98 3.0E-4
9 60 0.29
12 60 0.27
16 60 0.5
21 60 0.07
22 60 0.1
26 60 0.19
27 60 0.2
39 60 0.58
46 60 0.15
51 60 0.28
98 60 4.0E-4
61 2 0.5
3 61 0.19
61 4 0.13
61 5 0.25
61 8 0.05
9 61 0.31
61 10 0.13
61 11 0.03
12 61 0.17
61 13 0.15
61 14 0.22
16 61 0.22
61 17 0.15
61 18 0.09
61 19 0.48
61 20 0.45
21 61 0.34
22 61 0.33
61 23 0.08
61 24 0.05
26 61 0.08
27 61 0.18
61 28 0.22
29 61 0.1
61 30 0.36
33 61 0.26
61 36 0.13
61 39 0.25
61 41 0.25
61 42 0.22
61 43 0.33
61 44 0.22
45 61 0.24
46 61 0.51
47 61 0.04
48 61 0.42
61 50 0.15
61 51 0.54
61 54 0.25
61 56 0.25
61 60 0.22
98 61 6.0E-4
1 62 0.27
62 2 0.49
3 62 0.3
62 4 0.37
62 5 0.14
62 6 0.23
7 62 0.12
62 8 0.33
9 62 0.35
62 10 0.14
62 11 0.28
12 62 0.35
62 13 0.17
62 14 0.12
62 15 0.17
62 16 0.24
62 17 0.17
62 18 0.18
62 19 0.43
62 20 0.49
21 62 0.62
22 62 0.58
62 23 0.14
62 24 0.33
26 62 0.21
27 62 0.22
62 28 0.12
29 62 0.11
62 30 0.29
62 31 0.17
62 32 0.25
33 62 0.22
62 34 0.14
62 36 0.21
62 37 0.14
62 38 0.08
62 39 0.21
40 62 0.09
62 41 0.21
62 42 0.12
62 43 0.24
62 44 0.12
62 45 0.4
46 62 0.6
47 62 0.22
62 48 0.46
62 49 0.12
62 50 0.36
62 51 0.43
62 52 0.14
62 53 0.12
62 54 0.27
62 55 0.1
62 56 0.21
62 57 0.12
62 58 0.12
62 59 0.08
62 60 0.12
62 61 0.55
62 98 0.0011
3 63 0.11
9 63 0.14
12 63 0.13
63 14 0.25
63 18 0.11
21 63 0.15
22 63 0.1
26 63 0.1
27 63 0.1
40 63 0.19
45 63 0.14
46 63 0.07
47 63 0.1
63 48 0.12
62 63 0.06
98 63 1.0E-4
2 64 0.57
3 64 0.08
5 64 0.13
10 64 0.1
12 64 0.09
64 13 0.5
14 64 0.18
64 17 0.5
18 64 0.08
19 64 0.39
20 64 0.57
21 64 0.21
22 64 0.29
26 64 0.2
27 64 0.14
29 64 0.08
64 30 0.58
33 64 0.11
64 43 0.35
64 44 0.35
45 64 0.49
46 64 0.42
48 64 0.34
64 50 0.71
51 64 0.49
54 64 0.27
61 64 0.23
62 64 0.34
98 64 3.0E-4
3 65 0.05
4 65 0.37
65 6 0.11
7 65 0.12
11 65 0.24
18 65 0.19
21 65 0.16
22 65 0.18
24 65 0.31
65 32 0.13
52 65 0.26
65 55 0.18
62 65 0.16
98 65 1.0E-4
1 66 0.25
3 66 0.04
4 66 0.07
66 6 0.16
7 66 0.34
8 66 0.15
11 66 0.23
18 66 0.07
21 66 0.22
22 66 0.17
66 23 0.13
24 66 0.15
66 25 0.33
27 66 0.14
32 66 0.4
34 66 0.19
66 35 0.33
46 66 0.1
47 66 0.07
52 66 0.19
55 66 0.14
62 66 0.16
98 66 1.0E-4
1 67 0.17
3 67 0.11
67 5 0.25
9 67 0.48
67 11 0.05
12 67 0.53
67 15 0.47
67 16 0.67
67 18 0.07
21 67 0.22
22 67 0.24
26 67 0.19
27 67 0.2
29 67 0.15
67 31 0.47
67 32 0.1
67 36 0.58
67 38 0.24
67 39 0.38
67 41 0.58
67 45 0.37
46 67 0.29
47 67 0.14
67 48 0.24
67 51 0.09
67 55 0.14
67 56 0.19
67 57 0.33
67 59 0.24
67 60 0.33
67 61 0.22
67 62 0.36
67 63 0.17
67 98 0.0015
3 68 0.08
9 68 0.2
12 68 0.38
68 16 0.35
21 68 0.1
22 68 0.07
68 38 0.5
68 39 0.41
40 68 0.27
68 45 0.39
46 68 0.1
68 49 0.71
68 53 0.71
68 59 0.5
68 62 0.17
68 67 0.24
68 98 0.0010
3 69 0.08
9 69 0.2
12 69 0.38
69 16 0.35
21 69 0.1
22 69 0.07
69 38 0.5
69 39 0.41
40 69 0.27
69 45 0.39
46 69 0.1
69 49 0.71
69 53 0.71
69 59 0.5
69 62 0.17
69 67 0.24
69 68 1.0
69 98 0.0010
3 70 0.06
9 70 0.33
12 70 0.46
70 16 0.58
21 70 0.13
22 70 0.12
26 70 0.11
27 70 0.12
70 38 0.41
70 39 0.33
70 45 0.32
46 70 0.17
70 48 0.14
70 51 0.16
70 59 0.41
70 60 0.58
70 61 0.13
70 62 0.21
70 63 0.29
70 67 0.58
70 68 0.41
70 69 0.41
70 98 0.0012
3 71 0.05
9 71 0.43
12 71 0.53
71 16 0.5
21 71 0.15
22 71 0.15
26 71 0.1
27 71 0.1
71 38 0.35
71 39 0.58
40 71 0.19
71 45 0.42
46 71 0.22
71 48 0.12
71 49 0.5
71 51 0.14
71 53 0.5
71 59 0.35
71 60 0.5
71 61 0.11
71 62 0.24
71 63 0.25
71 67 0.5
71 68 0.71
71 69 0.71
71 70 0.87
71 98 0.0017
72 2 0.21
3 72 0.05
72 5 0.17
12 72 0.12
72 16 0.22
72 17 0.32
72 20 0.1
21 72 0.16
22 72 0.14
72 30 0.37
72 38 0.32
72 43 0.22
72 45 0.25
46 72 0.2
72 50 0.15
72 56 0.26
72 59 0.32
72 61 0.1
72 62 0.21
72 64 0.16
72 67 0.3
72 68 0.32
72 69 0.32
72 70 0.26
72 71 0.22
72 98 9.0E-4
1 73 0.06
73 2 0.16
3 73 0.26
73 4 0.05
73 5 0.09
73 6 0.06
7 73 0.06
73 8 0.05
9 73 0.27
73 11 0.13
12 73 0.31
73 15 0.17
73 16 0.24
73 18 0.05
73 19 0.2
73 20 0.16
21 73 0.31
22 73 0.36
73 25 0.24
26 73 0.23
27 73 0.24
29 73 0.27
73 31 0.17
73 32 0.21
33 73 0.36
73 34 0.27
73 35 0.24
73 36 0.27
73 38 0.17
73 39 0.27
73 41 0.14
73 45 0.33
46 73 0.38
47 73 0.14
73 48 0.29
73 50 0.16
73 51 0.26
73 55 0.1
73 59 0.17
73 60 0.24
73 61 0.21
73 62 0.31
73 64 0.17
73 66 0.08
73 67 0.39
73 68 0.17
73 69 0.17
73 70 0.27
73 71 0.24
73 72 0.11
73 98 6.0E-4
3 74 0.25
4 74 0.54
74 5 0.43
74 6 0.09
10 74 0.44
11 74 0.36
18 74 0.4
21 74 0.19
22 74 0.23
74 23 0.43
24 74 0.43
27 74 0.08
74 32 0.23
33 74 0.11
46 74 0.22
74 51 0.1
74 56 0.22
61 74 0.08
62 74 0.18
74 66 0.13
98 74 1.0E-4
75 6 0.24
7 75 0.26
11 75 0.14
21 75 0.07
75 25 1.0
32 75 0.3
34 75 0.58
75 35 1.0
75 66 0.33
73 75 0.24
98 75 5.0E-4
1 76 0.06
76 2 0.32
3 76 0.13
76 5 0.09
9 76 0.13
12 76 0.18
76 13 0.32
76 15 0.32
76 16 0.34
76 17 0.16
76 18 0.1
76 19 0.19
76 20 0.26
21 76 0.32
22 76 0.26
26 76 0.35
27 76 0.19
29 76 0.05
76 30 0.37
76 31 0.32
76 32 0.07
33 76 0.07
76 36 0.26
76 38 0.16
76 39 0.26
40 76 0.09
76 41 0.13
76 43 0.23
76 44 0.23
76 45 0.32
46 76 0.34
47 76 0.14
76 48 0.11
76 49 0.23
76 50 0.38
76 51 0.25
76 53 0.23
76 54 0.09
76 56 0.13
76 57 0.23
76 59 0.16
76 60 0.23
76 61 0.15
76 62 0.33
76 63 0.11
76 64 0.41
76 67 0.38
76 68 0.32
76 69 0.32
76 70 0.26
76 71 0.34
76 72 0.51
76 73 0.27
76 98 0.0018
1 77 0.04
77 2 0.72
3 77 0.16
4 77 0.37
77 5 0.19
77 6 0.12
8 77 0.04
9 77 0.09
77 10 0.33
11 77 0.2
12 77 0.22
77 13 0.23
77 14 0.16
77 17 0.23
77 18 0.39
77 19 0.59
77 20 0.72
21 77 0.45
22 77 0.55
77 23 0.19
24 77 0.6
26 77 0.13
27 77 0.1
29 77 0.04
77 30 0.4
77 32 0.1
33 77 0.1
40 77 0.06
77 43 0.33
77 44 0.16
45 77 0.32
46 77 0.56
47 77 0.03
48 77 0.56
77 50 0.49
77 51 0.55
77 54 0.25
77 55 0.07
77 56 0.09
61 77 0.39
62 77 0.57
77 64 0.46
77 65 0.22
77 66 0.05
72 77 0.15
73 77 0.12
77 74 0.31
76 77 0.23
98 77 2.0E-4
78 6 0.24
7 78 0.26
11 78 0.14
21 78 0.07
78 25 1.0
32 78 0.3
34 78 0.58
78 35 1.0
78 66 0.33
73 78 0.24
78 75 1.0
98 78 5.0E-4
1 79 0.08
79 2 0.11
3 79 0.3
79 4 0.73
79 5 0.18
79 6 0.16
7 79 0.08
8 79 0.22
9 79 0.05
79 10 0.56
11 79 0.46
12 79 0.04
79 14 0.08
79 18 0.55
79 19 0.13
79 20 0.11
21 79 0.45
22 79 0.51
79 23 0.43
79 24 0.71
26 79 0.09
27 79 0.1
79 30 0.07
79 32 0.29
33 79 0.05
79 34 0.19
40 79 0.06
79 43 0.08
45 79 0.09
46 79 0.19
47 79 0.17
48 79 0.12
79 50 0.05
79 51 0.18
79 52 0.28
79 55 0.13
79 56 0.09
61 79 0.11
62 79 0.47
79 64 0.11
79 65 0.36
79 66 0.22
73 79 0.11
79 74 0.43
76 79 0.04
79 77 0.51
98 79 1.0E-4
80 2 0.09
3 80 0.04
80 6 0.1
7 80 0.11
9 80 0.24
12 80 0.22
80 16 0.41
80 20 0.09
21 80 0.18
22 80 0.08
26 80 0.16
27 80 0.08
29 80 0.09
80 38 0.29
80 39 0.24
80 45 0.23
46 80 0.12
47 80 0.08
80 48 0.1
80 50 0.14
80 51 0.11
80 54 0.15
80 59 0.29
80 60 0.41
80 61 0.18
80 62 0.15
80 67 0.27
80 68 0.29
80 69 0.29
80 70 0.47
80 71 0.41
80 72 0.18
80 73 0.19
80 76 0.19
80 77 0.07
80 98 4.0E-4
1 81 0.1
81 2 0.19
3 81 0.04
81 5 0.15
12 81 0.11
81 13 0.29
81 15 0.58
81 16 0.41
81 17 0.29
81 18 0.09
81 19 0.11
81 20 0.09
21 81 0.18
22 81 0.17
26 81 0.24
27 81 0.08
29 81 0.09
81 30 0.33
81 31 0.58
33 81 0.12
81 36 0.47
81 38 0.29
81 41 0.24
81 43 0.2
81 44 0.41
81 45 0.23
46 81 0.18
47 81 0.08
81 50 0.14
81 51 0.11
81 57 0.41
81 59 0.29
81 61 0.18
81 62 0.24
81 64 0.29
81 67 0.41
81 68 0.29
81 69 0.29
81 70 0.24
81 71 0.2
81 72 0.55
81 73 0.19
81 76 0.56
81 77 0.13
81 80 0.17
81 98 0.0025
82 2 0.73
3 82 0.03
9 82 0.08
12 82 0.23
82 13 0.2
82 19 0.88
82 20 0.79
21 82 0.25
22 82 0.29
26 82 0.17
27 82 0.12
29 82 0.07
82 30 0.12
33 82 0.09
82 43 0.14
82 44 0.29
45 82 0.32
46 82 0.51
48 82 0.77
82 50 0.48
82 51 0.8
82 54 0.22
61 82 0.38
62 82 0.41
82 64 0.41
73 82 0.2
76 82 0.2
77 82 0.57
79 82 0.09
81 82 0.12
98 82 1.0E-4
2 83 0.26
3 83 0.17
4 83 0.08
9 83 0.11
10 83 0.11
11 83 0.1
18 83 0.16
19 83 0.31
20 83 0.26
21 83 0.19
22 83 0.23
83 23 0.14
24 83 0.09
27 83 0.08
29 83 0.26
33 83 0.34
46 83 0.39
48 83 0.28
51 83 0.42
56 83 0.22
61 83 0.25
62 83 0.18
73 83 0.36
74 83 0.14
77 83 0.25
79 83 0.12
82 83 0.33
98 83 1.0E-4
9 84 0.29
12 84 0.27
16 84 0.5
21 84 0.07
22 84 0.1
26 84 0.19
27 84 0.2
39 84 0.58
46 84 0.15
51 84 0.28
84 60 1.0
61 84 0.22
62 84 0.12
67 84 0.33
70 84 0.58
71 84 0.5
73 84 0.24
76 84 0.23
80 84 0.41
98 84 4.0E-4
21 85 0.07
72 85 0.45
76 85 0.23
81 85 0.41
98 85 4.0E-4
15 86 0.71
21 86 0.07
22 86 0.1
26 86 0.19
31 86 0.71
36 86 0.58
47 86 0.2
62 86 0.12
67 86 0.33
73 86 0.24
76 86 0.23
81 86 0.41
98 86 4.0E-4
1 87 0.13
2 87 0.36
3 87 0.06
4 87 0.05
5 87 0.1
87 6 0.13
7 87 0.07
8 87 0.06
10 87 0.07
11 87 0.11
12 87 0.14
87 13 0.18
18 87 0.06
19 87 0.43
20 87 0.36
21 87 0.28
22 87 0.18
87 23 0.1
24 87 0.06
26 87 0.15
29 87 0.18
30 87 0.21
32 87 0.08
33 87 0.08
87 37 0.15
87 43 0.26
87 44 0.26
45 87 0.21
46 87 0.27
47 87 0.16
48 87 0.25
87 50 0.17
51 87 0.21
54 87 0.1
55 87 0.11
61 87 0.23
62 87 0.25
64 87 0.09
74 87 0.1
76 87 0.12
77 87 0.3
79 87 0.04
80 87 0.11
81 87 0.11
82 87 0.37
83 87 0.1
98 87 1.0E-4
88 1 0.13
88 2 0.06
88 3 0.25
88 5 0.19
88 7 0.06
88 9 0.29
88 11 0.07
88 12 0.33
88 16 0.13
88 19 0.07
88 20 0.06
88 21 0.29
88 22 0.28
88 26 0.14
88 27 0.26
88 29 0.23
88 32 0.15
88 33 0.23
88 36 0.14
88 38 0.18
88 39 0.14
88 40 0.09
88 41 0.29
88 45 0.21
88 46 0.26
88 47 0.15
88 48 0.18
88 50 0.08
88 51 0.07
88 55 0.1
88 59 0.18
88 61 0.22
88 62 0.18
88 64 0.09
88 66 0.08
88 67 0.25
88 72 0.11
88 73 0.29
88 76 0.11
88 77 0.04
88 81 0.1
88 82 0.07
88 85 0.25
88 98 1.0E-4
2 89 0.52
9 89 0.11
12 89 0.3
89 13 0.27
14 89 0.19
19 89 0.42
20 89 0.52
21 89 0.19
22 89 0.19
26 89 0.15
29 89 0.17
30 89 0.31
33 89 0.11
89 43 0.38
89 44 0.38
45 89 0.31
46 89 0.33
47 89 0.08
48 89 0.37
89 50 0.38
51 89 0.1
54 89 0.29
61 89 0.25
62 89 0.23
64 89 0.13
76 89 0.09
77 89 0.37
80 89 0.31
81 89 0.15
82 89 0.33
89 87 0.49
98 89 1.0E-4
2 90 0.61
5 90 0.14
12 90 0.2
90 13 0.53
90 17 0.53
19 90 0.42
20 90 0.52
21 90 0.19
22 90 0.27
26 90 0.07
29 90 0.09
90 30 0.46
33 90 0.11
90 43 0.19
90 44 0.38
45 90 0.21
46 90 0.39
48 90 0.28
90 50 0.5
51 90 0.21
90 54 0.29
61 90 0.25
62 90 0.32
90 64 0.53
72 90 0.17
76 90 0.26
77 90 0.43
81 90 0.31
82 90 0.44
90 83 0.14
90 87 0.29
90 89 0.43
98 90 3.0E-4
1 91 0.14
91 2 0.33
3 91 0.06
91 5 0.22
9 91 0.33
11 91 0.04
12 91 0.23
91 15 0.41
16 91 0.29
18 91 0.06
91 19 0.4
91 20 0.33
21 91 0.25
22 91 0.23
26 91 0.11
27 91 0.12
29 91 0.13
91 31 0.41
32 91 0.09
91 36 0.5
91 39 0.17
91 41 0.5
45 91 0.16
46 91 0.38
47 91 0.12
48 91 0.49
91 51 0.4
91 55 0.12
91 56 0.17
91 57 0.29
61 91 0.38
62 91 0.38
67 91 0.58
72 91 0.26
73 91 0.27
76 91 0.26
77 91 0.24
79 91 0.05
81 91 0.35
91 82 0.42
91 83 0.33
91 85 0.29
91 86 0.29
91 87 0.15
88 91 0.29
91 90 0.11
98 91 6.0E-4
21 92 0.07
72 92 0.45
76 92 0.23
81 92 0.41
92 85 1.0
88 92 0.25
91 92 0.29
98 92 4.0E-4
93 6 0.24
7 93 0.26
11 93 0.14
21 93 0.07
93 25 1.0
32 93 0.3
34 93 0.58
93 35 1.0
93 66 0.33
73 93 0.24
93 75 1.0
93 78 1.0
98 93 5.0E-4
1 94 0.14
3 94 0.13
4 94 0.12
6 94 0.14
7 94 0.3
8 94 0.13
11 94 0.16
21 94 0.13
22 94 0.12
24 94 0.13
27 94 0.12
47 94 0.24
52 94 0.67
55 94 0.24
62 94 0.14
65 94 0.26
66 94 0.19
79 94 0.19
98 94 1.0E-4
1 95 0.08
95 2 0.15
3 95 0.07
95 5 0.13
9 95 0.38
95 11 0.05
12 95 0.45
95 16 0.33
95 19 0.18
95 20 0.15
21 95 0.22
22 95 0.27
26 95 0.26
27 95 0.2
29 95 0.23
95 32 0.2
95 36 0.19
95 38 0.47
95 39 0.58
40 95 0.13
95 41 0.19
95 45 0.55
46 95 0.25
95 48 0.32
95 49 0.33
95 50 0.22
95 51 0.28
95 53 0.33
95 54 0.13
95 55 0.14
95 59 0.47
95 60 0.33
95 61 0.15
95 62 0.28
95 64 0.24
95 67 0.44
95 68 0.47
95 69 0.47
95 70 0.38
95 71 0.5
95 72 0.15
95 73 0.47
95 76 0.38
95 77 0.11
95 79 0.05
95 80 0.27
95 81 0.14
95 82 0.19
95 84 0.33
88 95 0.33
95 91 0.19
95 98 7.0E-4
1 96 0.14
96 6 0.28
7 96 0.3
11 96 0.08
96 15 0.41
16 96 0.29
18 96 0.12
21 96 0.13
22 96 0.06
96 25 0.58
26 96 0.11
27 96 0.12
96 31 0.41
32 96 0.17
34 96 0.33
96 35 0.58
36 96 0.33
41 96 0.33
46 96 0.09
96 57 0.58
62 96 0.07
96 66 0.19
67 96 0.19
73 96 0.14
96 75 0.58
76 96 0.13
96 78 0.58
80 96 0.24
81 96 0.24
91 96 0.17
96 93 0.58
98 96 7.0E-4
3 97 0.09
4 97 0.17
7 97 0.11
8 97 0.19
11 97 0.28
21 97 0.18
22 97 0.17
26 97 0.08
32 97 0.12
34 97 0.24
52 97 0.24
97 55 0.17
62 97 0.1
65 97 0.18
73 97 0.1
79 97 0.13
97 94 0.24
98 97 0.0
