*Vertices  36
1 "衬底"
2 "电容"
3 "传感器"
4 "单片机"
5 "开关"
6 "GAN"
7 "Zigbee"
8 "LED外延片"
9 "外延片"
10 "外延"
11 "LED"
12 "二极管"
13 "通道"
14 "转换器"
15 "缓冲层"
16 "晶体振荡器"
17 "内量子效率"
18 "半导体"
19 "Al2O3"
20 "MQW"
21 "ITO"
22 "太阳能"
23 "LED芯片"
24 "芯片"
25 "Li"
26 "电极"
27 "接触层"
28 "电阻"
29 "发射模块"
30 "MOCVD"
31 "标准芯片工艺制作"
32 "空穴"
33 "屏幕"
34 "甲基"
35 "插座"
36 "ESD"
*Arcs
36 1 0.0037
2 36 2.0E-4
2 3 0.08
36 3 2.0E-4
4 2 0.19
4 3 0.28
4 36 3.0E-4
5 2 0.42
5 3 0.19
5 4 0.19
5 36 1.0E-4
6 1 0.65
36 6 0.0044
2 7 0.2
3 7 0.2
4 7 0.23
5 7 0.14
36 7 0.0029
8 1 0.65
8 6 0.75
36 8 0.0068
9 1 0.83
9 6 0.78
9 8 0.78
36 9 0.0051
10 1 0.95
10 6 0.65
10 8 0.65
10 9 0.83
36 10 0.0038
11 1 0.32
11 2 0.36
11 3 0.37
11 4 0.32
11 5 0.54
11 6 0.21
11 7 0.07
11 8 0.21
11 9 0.27
11 10 0.32
11 36 8.0E-4
12 1 0.37
12 2 0.39
12 3 0.2
12 4 0.16
12 5 0.46
12 6 0.25
12 7 0.1
12 8 0.22
12 9 0.31
12 10 0.37
12 11 0.72
12 36 7.0E-4
13 1 0.2
2 13 0.12
13 3 0.12
4 13 0.07
5 13 0.04
13 6 0.31
13 8 0.2
13 9 0.24
13 10 0.2
11 13 0.25
12 13 0.23
36 13 0.0010
2 14 0.25
14 3 0.3
4 14 0.14
5 14 0.25
14 7 0.3
11 14 0.24
12 14 0.21
14 36 4.0E-4
15 1 0.65
15 6 0.63
15 8 0.75
15 9 0.78
15 10 0.65
11 15 0.21
12 15 0.22
15 13 0.2
36 15 0.0066
16 2 0.24
16 3 0.12
4 16 0.26
5 16 0.24
16 7 0.58
11 16 0.13
12 16 0.06
16 14 0.35
16 36 0.0013
1 17 0.32
6 17 0.25
8 17 0.5
9 17 0.39
10 17 0.32
11 17 0.1
12 17 0.07
15 17 0.5
36 17 0.0020
18 1 0.64
18 2 0.15
18 3 0.06
18 4 0.03
18 5 0.14
18 6 0.42
18 8 0.42
18 9 0.53
18 10 0.64
18 11 0.5
18 12 0.55
18 13 0.17
18 14 0.13
18 15 0.42
18 17 0.21
18 36 0.0018
19 1 0.72
19 5 0.03
19 6 0.69
19 8 0.6
19 9 0.74
19 10 0.78
11 19 0.3
12 19 0.34
19 13 0.21
19 14 0.07
19 15 0.69
19 17 0.34
18 19 0.57
19 36 0.0039
20 1 0.64
2 20 0.06
5 20 0.04
20 6 0.78
20 8 0.69
20 9 0.77
20 10 0.7
11 20 0.27
12 20 0.31
20 13 0.24
20 15 0.59
20 17 0.39
18 20 0.53
19 20 0.67
36 20 0.0049
1 21 0.66
6 21 0.61
8 21 0.61
9 21 0.72
10 21 0.73
11 21 0.25
12 21 0.26
13 21 0.08
15 21 0.51
21 17 0.41
18 21 0.47
19 21 0.7
20 21 0.64
36 21 0.0021
1 22 0.07
2 22 0.06
5 22 0.17
6 22 0.11
8 22 0.11
9 22 0.09
10 22 0.07
11 22 0.23
12 22 0.13
13 22 0.09
15 22 0.11
18 22 0.05
19 22 0.08
20 22 0.09
36 22 3.0E-4
23 1 0.5
23 2 0.13
23 4 0.05
23 5 0.03
23 6 0.39
23 8 0.54
23 9 0.48
23 10 0.45
11 23 0.34
12 23 0.33
23 13 0.31
23 15 0.39
23 17 0.15
18 23 0.51
19 23 0.42
23 20 0.54
23 21 0.31
23 22 0.07
23 36 0.0027
24 1 0.49
24 2 0.37
24 3 0.17
24 4 0.33
24 5 0.28
24 6 0.34
24 7 0.12
24 8 0.34
24 9 0.43
24 10 0.49
11 24 0.62
12 24 0.58
24 13 0.24
24 14 0.25
24 15 0.34
24 16 0.14
24 17 0.17
18 24 0.6
24 19 0.46
24 20 0.43
24 21 0.38
24 22 0.08
24 23 0.55
24 36 0.0019
25 1 0.16
25 2 0.05
25 3 0.05
25 4 0.05
25 5 0.13
25 6 0.25
25 7 0.24
25 8 0.08
25 9 0.2
25 10 0.16
11 25 0.31
12 25 0.36
25 13 0.2
25 14 0.21
25 15 0.08
25 16 0.27
25 17 0.17
18 25 0.38
25 19 0.29
25 20 0.26
25 21 0.2
25 23 0.21
25 24 0.31
25 36 5.0E-4
26 1 0.72
2 26 0.37
26 3 0.03
4 26 0.04
5 26 0.2
26 6 0.46
26 8 0.46
26 9 0.59
26 10 0.72
11 26 0.45
12 26 0.55
26 13 0.19
26 14 0.1
26 15 0.46
26 17 0.23
18 26 0.56
19 26 0.56
26 20 0.55
26 21 0.57
26 22 0.05
23 26 0.39
24 26 0.57
25 26 0.12
26 36 0.0021
27 1 0.61
27 6 0.8
27 8 0.94
27 9 0.73
27 10 0.61
11 27 0.19
12 27 0.19
27 13 0.22
27 15 0.8
27 17 0.53
18 27 0.39
19 27 0.64
27 20 0.73
27 21 0.55
27 22 0.12
23 27 0.49
24 27 0.32
25 27 0.09
26 27 0.43
27 36 0.0075
28 1 0.11
28 2 0.73
28 3 0.16
4 28 0.22
5 28 0.46
28 6 0.17
28 7 0.16
28 8 0.11
28 9 0.13
28 10 0.11
11 28 0.45
12 28 0.51
28 13 0.19
28 14 0.29
28 15 0.06
28 16 0.19
28 17 0.11
18 28 0.19
19 28 0.12
28 20 0.18
28 21 0.14
28 22 0.05
23 28 0.11
24 28 0.47
25 28 0.11
28 26 0.51
28 27 0.12
28 36 3.0E-4
2 29 0.2
3 29 0.2
4 29 0.23
5 29 0.14
29 7 1.0
11 29 0.07
12 29 0.1
14 29 0.3
16 29 0.58
24 29 0.12
25 29 0.24
28 29 0.16
36 29 0.0029
30 1 0.73
30 6 0.71
30 8 0.61
30 9 0.88
30 10 0.79
11 30 0.25
12 30 0.29
30 13 0.25
30 15 0.82
30 17 0.41
18 30 0.51
19 30 0.77
30 20 0.8
30 21 0.67
30 22 0.09
23 30 0.38
24 30 0.41
25 30 0.2
26 30 0.57
30 27 0.65
28 30 0.09
30 36 0.0052
31 1 0.51
31 6 0.63
31 8 0.79
31 9 0.62
31 10 0.51
11 31 0.16
12 31 0.14
31 13 0.13
31 15 0.79
31 17 0.63
18 31 0.33
19 31 0.54
31 20 0.62
31 21 0.52
23 31 0.39
24 31 0.27
25 31 0.11
26 31 0.37
31 27 0.85
28 31 0.07
31 30 0.65
31 36 0.0060
1 32 0.26
2 32 0.08
5 32 0.1
6 32 0.4
8 32 0.4
9 32 0.31
10 32 0.26
11 32 0.19
12 32 0.23
13 32 0.11
15 32 0.4
32 17 0.27
18 32 0.39
19 32 0.28
20 32 0.42
32 21 0.33
23 32 0.25
24 32 0.18
25 32 0.36
26 32 0.25
27 32 0.43
28 32 0.12
30 32 0.33
31 32 0.51
36 32 9.0E-4
1 33 0.36
2 33 0.05
33 3 0.1
4 33 0.06
5 33 0.11
6 33 0.18
8 33 0.27
9 33 0.43
10 33 0.36
11 33 0.28
12 33 0.18
13 33 0.07
14 33 0.08
15 33 0.37
18 33 0.27
19 33 0.25
20 33 0.21
21 33 0.22
33 22 0.08
23 33 0.23
24 33 0.25
26 33 0.3
27 33 0.2
28 33 0.04
30 33 0.37
31 33 0.12
32 33 0.1
36 33 9.0E-4
34 1 0.33
5 34 0.04
34 6 0.41
34 8 0.51
34 9 0.4
34 10 0.33
11 34 0.25
12 34 0.23
34 13 0.08
14 34 0.09
34 15 0.51
34 17 0.41
18 34 0.38
19 34 0.49
34 20 0.4
34 21 0.33
34 22 0.09
23 34 0.38
24 34 0.38
25 34 0.27
26 34 0.24
34 27 0.55
28 34 0.05
34 30 0.42
34 31 0.52
34 32 0.33
34 33 0.15
34 36 0.0028
2 35 0.17
35 3 0.16
4 35 0.19
5 35 0.28
35 7 0.41
11 35 0.18
12 35 0.17
14 35 0.12
16 35 0.24
24 35 0.1
25 35 0.1
28 35 0.13
35 29 0.41
35 36 7.0E-4
