*Vertices  35
1 "LED灯"
2 "荧光粉"
3 "发光荧光材料"
4 "硼酸"
5 "EP"
6 "LED"
7 "二极管"
8 "玻璃"
9 "LED光源"
10 "光谱仪"
11 "荧光体"
12 "发光体"
13 "SiO2"
14 "半导体"
15 "Al2O3"
16 "NH4H2PO4"
17 "MQW"
18 "硅氧磷灰石"
19 "荧光光谱"
20 "金属银纳米粒子"
21 "LED芯片"
22 "芯片"
23 "涂层"
24 "酸盐"
25 "SrCO3"
26 "Eu2O3"
27 "硝酸"
28 "去离子水"
29 "Li"
30 "离子"
31 "基色"
32 "丙酮"
33 "玻璃体"
34 "激发光"
35 "Eu2"
*Arcs
1 35 1.0E-4
2 1 0.13
2 35 0.0033
3 1 0.21
3 2 0.54
3 35 0.0049
1 4 0.11
2 4 0.29
3 4 0.4
35 4 0.0044
1 5 0.12
2 5 0.39
3 5 0.29
5 4 0.4
35 5 0.0048
6 1 0.67
6 2 0.25
6 3 0.28
6 4 0.15
6 5 0.28
6 35 6.0E-4
7 1 0.32
7 2 0.23
7 3 0.33
7 4 0.1
7 5 0.22
7 6 0.72
7 35 6.0E-4
8 1 0.27
8 2 0.11
8 3 0.1
8 4 0.19
8 5 0.21
8 6 0.38
8 7 0.27
8 35 3.0E-4
9 1 0.36
9 2 0.24
9 3 0.16
9 4 0.31
9 5 0.22
9 6 0.36
9 7 0.29
9 8 0.24
9 35 3.0E-4
1 10 0.08
3 10 0.19
10 4 0.35
10 5 0.19
6 10 0.1
7 10 0.07
35 10 0.0022
2 11 0.5
3 11 0.46
4 11 0.29
5 11 0.31
6 11 0.13
7 11 0.18
8 11 0.11
9 11 0.12
35 11 0.0060
12 1 0.21
12 2 0.22
12 3 0.2
12 5 0.1
12 6 0.19
12 7 0.23
12 8 0.15
12 9 0.23
12 11 0.22
12 35 8.0E-4
1 13 0.12
2 13 0.32
3 13 0.52
13 4 0.14
13 5 0.3
6 13 0.27
7 13 0.31
8 13 0.16
9 13 0.11
13 10 0.2
13 11 0.32
12 13 0.1
35 13 0.0031
14 1 0.29
14 2 0.34
14 3 0.43
14 4 0.22
14 5 0.28
14 6 0.5
14 7 0.55
14 8 0.23
14 9 0.3
14 11 0.17
14 12 0.11
14 13 0.41
14 35 0.0011
1 15 0.08
2 15 0.35
3 15 0.45
5 15 0.06
6 15 0.3
7 15 0.34
8 15 0.09
9 15 0.1
15 11 0.14
13 15 0.54
14 15 0.57
35 15 3.0E-4
2 16 0.29
3 16 0.27
5 16 0.27
6 16 0.07
7 16 0.1
11 16 0.58
12 16 0.38
13 16 0.28
14 16 0.15
35 16 0.0039
1 17 0.09
2 17 0.16
3 17 0.15
4 17 0.14
5 17 0.22
6 17 0.27
7 17 0.31
8 17 0.21
9 17 0.23
11 17 0.16
13 17 0.31
14 17 0.53
15 17 0.67
35 17 5.0E-4
2 18 0.29
3 18 0.27
5 18 0.27
6 18 0.07
7 18 0.1
11 18 0.58
12 18 0.38
13 18 0.28
14 18 0.15
18 16 1.0
35 18 0.0039
1 19 0.08
3 19 0.19
19 4 0.35
19 5 0.19
6 19 0.1
7 19 0.07
19 10 1.0
19 13 0.2
35 19 0.0022
2 20 0.29
3 20 0.27
4 20 0.5
5 20 0.27
6 20 0.07
7 20 0.1
8 20 0.19
9 20 0.2
11 20 0.58
14 20 0.15
17 20 0.28
35 20 0.0036
1 21 0.19
2 21 0.31
3 21 0.17
4 21 0.22
5 21 0.29
6 21 0.34
7 21 0.33
8 21 0.08
9 21 0.18
21 11 0.25
13 21 0.24
14 21 0.51
15 21 0.42
21 17 0.54
21 20 0.22
35 21 4.0E-4
1 22 0.3
2 22 0.35
3 22 0.35
22 4 0.24
22 5 0.35
6 22 0.62
7 22 0.58
8 22 0.21
9 22 0.22
22 10 0.08
22 11 0.21
12 22 0.09
22 13 0.4
14 22 0.6
22 15 0.46
22 16 0.12
22 17 0.43
22 18 0.12
22 19 0.08
22 20 0.12
22 21 0.55
35 22 0.0013
1 23 0.11
2 23 0.14
3 23 0.13
5 23 0.13
6 23 0.15
7 23 0.1
8 23 0.1
9 23 0.1
12 23 0.19
13 23 0.14
14 23 0.07
23 15 0.12
22 23 0.06
35 23 6.0E-4
1 24 0.11
2 24 0.48
3 24 0.53
24 4 0.67
24 5 0.45
6 24 0.22
7 24 0.24
8 24 0.19
9 24 0.2
24 10 0.24
24 11 0.38
24 13 0.37
14 24 0.29
24 15 0.24
24 17 0.09
24 19 0.24
24 20 0.33
24 21 0.22
24 22 0.36
24 23 0.17
35 24 0.0043
1 25 0.08
2 25 0.2
3 25 0.38
25 4 0.35
25 5 0.38
6 25 0.1
7 25 0.07
25 10 0.5
25 11 0.41
12 25 0.27
25 13 0.39
14 25 0.1
25 16 0.71
25 18 0.71
25 19 0.5
25 22 0.17
25 24 0.24
35 25 0.0080
1 26 0.08
2 26 0.2
3 26 0.38
26 4 0.35
26 5 0.38
6 26 0.1
7 26 0.07
26 10 0.5
26 11 0.41
12 26 0.27
26 13 0.39
14 26 0.1
26 16 0.71
26 18 0.71
26 19 0.5
26 22 0.17
26 24 0.24
26 25 1.0
35 26 0.0080
1 27 0.06
2 27 0.33
3 27 0.46
27 4 0.58
27 5 0.46
6 27 0.13
7 27 0.12
8 27 0.11
9 27 0.12
27 10 0.41
27 11 0.33
27 13 0.32
14 27 0.17
27 15 0.14
27 17 0.16
27 19 0.41
27 20 0.58
27 21 0.13
27 22 0.21
27 23 0.29
27 24 0.58
27 25 0.41
27 26 0.41
35 27 0.0096
1 28 0.05
3 28 0.12
28 4 0.22
28 5 0.36
6 28 0.16
7 28 0.14
28 10 0.32
28 13 0.25
14 28 0.2
28 19 0.32
28 21 0.1
28 22 0.21
28 24 0.3
28 25 0.32
28 26 0.32
28 27 0.26
28 35 0.0010
1 29 0.26
2 29 0.27
3 29 0.31
29 4 0.24
29 5 0.25
6 29 0.31
7 29 0.36
8 29 0.23
9 29 0.24
29 10 0.17
29 11 0.27
29 13 0.33
14 29 0.38
29 15 0.29
29 17 0.26
29 19 0.17
29 20 0.24
29 21 0.21
29 22 0.31
29 24 0.39
29 25 0.17
29 26 0.17
29 27 0.27
29 28 0.11
29 35 0.0013
1 30 0.13
2 30 0.13
3 30 0.18
30 4 0.34
30 5 0.49
6 30 0.32
7 30 0.26
8 30 0.35
9 30 0.19
30 10 0.16
30 11 0.26
12 30 0.09
30 13 0.32
14 30 0.34
30 15 0.11
30 16 0.23
30 17 0.25
30 18 0.23
30 19 0.16
30 20 0.23
30 21 0.15
30 22 0.33
30 23 0.11
30 24 0.38
30 25 0.32
30 26 0.32
30 27 0.26
30 28 0.51
30 29 0.27
30 35 0.0025
1 31 0.04
2 31 0.24
3 31 0.22
31 4 0.41
31 5 0.22
6 31 0.18
7 31 0.08
8 31 0.16
9 31 0.08
31 10 0.29
31 11 0.24
31 13 0.23
14 31 0.12
31 15 0.1
31 17 0.11
31 19 0.29
31 20 0.41
31 21 0.18
31 22 0.15
31 24 0.27
31 25 0.29
31 26 0.29
31 27 0.47
31 28 0.18
31 29 0.19
31 30 0.19
31 35 0.0029
1 32 0.04
3 32 0.11
32 4 0.41
32 5 0.65
6 32 0.18
7 32 0.17
8 32 0.24
9 32 0.08
32 10 0.29
32 13 0.23
14 32 0.18
32 17 0.11
32 19 0.29
32 21 0.18
32 22 0.24
32 24 0.41
32 25 0.29
32 26 0.29
32 27 0.24
32 28 0.55
32 29 0.19
32 30 0.56
32 31 0.17
32 35 9.0E-4
2 33 0.29
3 33 0.27
4 33 0.5
5 33 0.27
6 33 0.07
7 33 0.1
8 33 0.19
9 33 0.2
11 33 0.58
14 33 0.15
17 33 0.28
33 20 1.0
21 33 0.22
22 33 0.12
24 33 0.33
27 33 0.58
29 33 0.24
30 33 0.23
31 33 0.41
35 33 0.0036
1 34 0.07
2 34 0.38
3 34 0.45
34 4 0.33
34 5 0.27
6 34 0.22
7 34 0.27
8 34 0.26
9 34 0.2
34 10 0.47
34 11 0.58
12 34 0.13
34 13 0.55
14 34 0.25
34 15 0.32
34 16 0.33
34 17 0.28
34 18 0.33
34 19 0.47
34 20 0.33
34 21 0.15
34 22 0.28
34 24 0.44
34 25 0.47
34 26 0.47
34 27 0.38
34 28 0.15
34 29 0.47
34 30 0.38
34 31 0.27
34 32 0.14
34 33 0.33
34 35 0.0051
