*Vertices  10
1 "LCD显示屏"
2 "显示器"
3 "控制器"
4 "显示技术"
5 "LED"
6 "液晶显示模块"
7 "电路板"
8 "SMT"
9 "芯片"
10 "FFC连接器"
*Arcs
1 10 0.0234
2 1 0.33
2 10 0.0155
1 3 0.24
2 3 0.24
3 10 0.014
1 4 0.24
2 4 0.35
3 4 0.34
10 4 0.0684
5 1 0.22
5 2 0.29
5 3 0.3
5 4 0.1
5 10 0.0017
1 6 0.67
2 6 0.38
3 6 0.36
6 4 0.35
5 6 0.15
6 10 0.0479
7 1 0.2
7 2 0.26
7 3 0.1
7 4 0.14
7 5 0.36
7 6 0.2
7 10 0.0071
1 8 0.47
2 8 0.35
3 8 0.34
8 4 0.5
5 8 0.1
6 8 0.71
7 8 0.14
10 8 0.074
9 1 0.24
2 9 0.27
9 3 0.23
9 4 0.17
5 9 0.62
9 6 0.24
7 9 0.22
9 8 0.17
9 10 0.0041
