*Vertices  11
1 "LCD显示屏"
2 "显示器"
3 "控制器"
4 "LED"
5 "液晶显示模块"
6 "加热片"
7 "SMT"
8 "ITO"
9 "芯片"
10 "电极"
11 "FPC连接器"
*Arcs
1 11 0.0212
2 1 0.33
2 11 0.0121
1 3 0.24
2 3 0.24
3 11 0.011
4 1 0.22
4 2 0.29
4 3 0.3
4 11 0.0014
1 5 0.67
2 5 0.38
3 5 0.36
4 5 0.15
5 11 0.0439
1 6 0.33
2 6 0.25
3 6 0.24
4 6 0.07
5 6 0.5
11 6 0.0977
1 7 0.47
2 7 0.35
3 7 0.34
4 7 0.1
5 7 0.71
7 6 0.71
11 7 0.0702
8 1 0.19
2 8 0.07
8 3 0.07
4 8 0.25
8 5 0.14
8 6 0.29
8 7 0.2
8 11 0.0129
9 1 0.24
2 9 0.27
9 3 0.23
4 9 0.62
9 5 0.24
9 6 0.12
9 7 0.17
9 8 0.38
9 11 0.0034
10 1 0.11
2 10 0.04
10 3 0.12
4 10 0.45
10 5 0.08
10 6 0.16
10 7 0.12
10 8 0.57
9 10 0.57
10 11 0.0043
