*Vertices  60
1 "衬底"
2 "LED灯"
3 "滤波片"
4 "光纤"
5 "荧光粉"
6 "发光荧光材料"
7 "III-V族半导体材料"
8 "GAN"
9 "次氯酸钠溶液"
10 "PD"
11 "蓝膜"
12 "蒸镀方法"
13 "EP"
14 "外延片"
15 "外延"
16 "LED"
17 "二极管"
18 "玻璃"
19 "通道"
20 "LED光源"
21 "塑料"
22 "腐蚀液"
23 "铝基板"
24 "基板"
25 "缓冲层"
26 "滤光片"
27 "光刻胶"
28 "填充区域"
29 "SiO2"
30 "半导体"
31 "Al2O3"
32 "MQW"
33 "ITO"
34 "键合"
35 "光子晶体"
36 "LED芯片"
37 "芯片"
38 "金属层"
39 "电流扩展层"
40 "去离子水"
41 "Li"
42 "离子"
43 "电极"
44 "电阻"
45 "基色"
46 "光子晶体谐振腔"
47 "丙酮"
48 "激光"
49 "真空吸盘"
50 "MOCVD"
51 "湿法刻蚀"
52 "干法刻蚀"
53 "湿法腐蚀"
54 "屏幕"
55 "透镜"
56 "反射层"
57 "发光层"
58 "激发光"
59 "电流阻挡层"
60 "GaAs"
*Arcs
1 60 0.0035
2 1 0.03
2 60 0.0
1 3 0.32
60 3 0.0018
1 4 0.17
4 3 0.53
60 4 6.0E-4
5 1 0.13
5 2 0.13
5 60 1.0E-4
6 1 0.18
6 2 0.21
6 5 0.54
6 60 3.0E-4
1 7 0.32
7 3 1.0
4 7 0.53
60 7 0.0018
8 1 0.65
2 8 0.04
8 3 0.5
8 4 0.27
5 8 0.1
8 7 0.5
8 60 8.0E-4
1 9 0.32
60 9 0.0015
1 10 0.21
10 3 0.63
10 4 0.68
10 7 0.63
8 10 0.32
60 10 8.0E-4
1 11 0.32
11 60 4.0E-4
1 12 0.32
6 12 0.38
60 12 5.0E-4
13 1 0.12
2 13 0.12
5 13 0.39
6 13 0.29
13 9 0.19
13 11 0.19
13 60 1.0E-4
14 1 0.83
2 14 0.03
14 3 0.39
14 4 0.21
5 14 0.08
6 14 0.15
14 7 0.39
14 8 0.78
14 9 0.2
14 10 0.25
14 12 0.39
13 14 0.07
14 60 0.0018
15 1 0.95
2 15 0.05
15 3 0.32
15 4 0.17
5 15 0.13
6 15 0.25
15 7 0.32
15 8 0.65
15 9 0.32
15 10 0.21
15 11 0.16
15 12 0.32
13 15 0.06
15 14 0.83
15 60 0.0039
16 1 0.32
16 2 0.67
16 3 0.1
16 4 0.19
16 5 0.25
16 6 0.28
16 7 0.1
16 8 0.21
16 9 0.1
16 10 0.16
16 11 0.1
16 12 0.1
16 13 0.28
16 14 0.27
16 15 0.32
16 60 6.0E-4
17 1 0.37
17 2 0.32
17 3 0.14
17 4 0.23
17 5 0.23
17 6 0.33
17 7 0.14
17 8 0.25
17 9 0.14
17 10 0.18
17 11 0.14
17 12 0.14
17 13 0.22
17 14 0.31
17 15 0.37
17 16 0.72
17 60 8.0E-4
18 1 0.13
18 2 0.27
18 3 0.27
18 4 0.29
18 5 0.11
18 6 0.1
18 7 0.27
18 8 0.14
18 9 0.14
18 10 0.34
18 13 0.21
18 14 0.16
18 15 0.13
18 16 0.38
18 17 0.27
18 60 4.0E-4
19 1 0.2
2 19 0.22
19 3 0.2
19 4 0.11
19 7 0.2
19 8 0.31
19 10 0.13
19 14 0.24
19 15 0.2
16 19 0.25
17 19 0.23
18 19 0.11
19 60 1.0E-4
20 1 0.09
20 2 0.36
20 3 0.29
20 4 0.15
20 5 0.24
20 6 0.16
20 7 0.29
20 8 0.14
20 10 0.18
20 13 0.22
20 14 0.11
20 15 0.09
20 16 0.36
20 17 0.29
20 18 0.24
20 19 0.18
20 60 2.0E-4
21 1 0.05
21 2 0.28
21 4 0.17
21 5 0.2
21 6 0.18
21 9 0.16
21 10 0.21
21 13 0.06
21 14 0.06
21 15 0.05
21 16 0.32
21 17 0.28
21 18 0.35
21 19 0.13
21 20 0.14
21 60 1.0E-4
1 22 0.56
2 22 0.04
8 22 0.14
22 9 0.58
22 11 0.29
13 22 0.22
14 22 0.34
15 22 0.47
16 22 0.18
17 22 0.25
18 22 0.08
21 22 0.09
22 60 0.0015
23 1 0.07
23 2 0.3
23 5 0.17
23 6 0.08
23 9 0.21
23 13 0.16
23 14 0.08
23 15 0.07
23 16 0.24
23 17 0.24
23 18 0.12
23 19 0.26
23 20 0.18
23 21 0.35
23 22 0.12
23 60 1.0E-4
1 24 0.08
2 24 0.27
5 24 0.1
15 24 0.08
16 24 0.21
17 24 0.14
19 24 0.2
20 24 0.07
60 24 1.0E-4
25 1 0.65
5 25 0.1
6 25 0.19
25 8 0.63
25 12 0.5
25 14 0.78
25 15 0.65
16 25 0.21
17 25 0.22
25 19 0.2
25 60 3.0E-4
1 26 0.21
26 3 0.63
26 4 0.68
26 7 0.63
8 26 0.32
26 10 0.6
14 26 0.25
15 26 0.21
16 26 0.16
17 26 0.23
18 26 0.26
19 26 0.13
20 26 0.27
21 26 0.1
60 26 8.0E-4
1 27 0.46
2 27 0.05
8 27 0.18
27 9 0.35
13 27 0.13
14 27 0.42
15 27 0.46
16 27 0.15
17 27 0.2
18 27 0.1
21 27 0.11
22 27 0.82
23 27 0.15
60 27 9.0E-4
1 28 0.23
9 28 0.71
13 28 0.27
14 28 0.28
15 28 0.23
16 28 0.07
17 28 0.1
18 28 0.19
21 28 0.23
22 28 0.41
23 28 0.3
27 28 0.5
60 28 7.0E-4
29 1 0.38
2 29 0.12
29 3 0.39
29 4 0.21
5 29 0.32
6 29 0.52
29 7 0.39
29 8 0.29
29 10 0.25
29 11 0.2
29 12 0.2
29 13 0.3
29 14 0.38
29 15 0.38
16 29 0.27
17 29 0.31
18 29 0.16
29 19 0.08
20 29 0.11
21 29 0.19
29 22 0.34
29 25 0.1
29 26 0.25
29 27 0.28
29 60 0.0014
30 1 0.64
30 2 0.29
30 3 0.21
30 4 0.17
30 5 0.34
30 6 0.43
30 7 0.21
30 8 0.42
30 9 0.21
30 10 0.2
30 11 0.21
30 12 0.21
30 13 0.28
30 14 0.53
30 15 0.64
30 16 0.5
30 17 0.55
30 18 0.23
30 19 0.17
30 20 0.3
30 21 0.24
30 22 0.36
30 23 0.27
30 24 0.1
30 25 0.42
30 26 0.13
30 27 0.29
30 28 0.15
30 29 0.41
30 60 0.0019
31 1 0.72
2 31 0.08
31 3 0.34
31 4 0.18
5 31 0.35
6 31 0.45
31 7 0.34
31 8 0.69
31 10 0.22
31 12 0.34
13 31 0.06
31 14 0.74
31 15 0.78
16 31 0.3
17 31 0.34
18 31 0.09
31 19 0.21
20 31 0.1
21 31 0.11
31 22 0.1
31 24 0.09
31 25 0.69
31 26 0.22
31 27 0.12
29 31 0.54
30 31 0.57
31 60 0.0017
32 1 0.64
2 32 0.09
32 3 0.39
32 4 0.21
5 32 0.16
6 32 0.15
32 7 0.39
32 8 0.78
32 9 0.2
32 10 0.25
13 32 0.22
32 14 0.77
32 15 0.7
16 32 0.27
17 32 0.31
18 32 0.21
32 19 0.24
20 32 0.23
21 32 0.06
32 22 0.23
23 32 0.08
32 25 0.59
32 26 0.25
32 27 0.28
32 28 0.28
29 32 0.31
30 32 0.53
31 32 0.67
32 60 0.0014
1 33 0.66
2 33 0.06
33 3 0.41
33 4 0.22
5 33 0.08
6 33 0.23
33 7 0.41
8 33 0.61
33 10 0.26
33 12 0.2
14 33 0.72
15 33 0.73
16 33 0.25
17 33 0.26
18 33 0.11
19 33 0.08
20 33 0.12
33 22 0.24
25 33 0.51
33 26 0.26
33 27 0.29
29 33 0.4
30 33 0.47
31 33 0.7
32 33 0.64
33 60 0.0011
1 34 0.26
2 34 0.04
34 4 0.14
5 34 0.22
6 34 0.2
34 9 0.27
34 10 0.17
34 12 0.27
13 34 0.1
14 34 0.1
15 34 0.35
16 34 0.19
17 34 0.19
18 34 0.07
21 34 0.09
34 22 0.15
23 34 0.11
34 24 0.13
25 34 0.13
34 26 0.17
29 34 0.21
30 34 0.28
31 34 0.28
32 34 0.1
33 34 0.11
34 60 0.0015
1 35 0.32
35 3 1.0
4 35 0.53
35 7 1.0
8 35 0.5
10 35 0.63
14 35 0.39
15 35 0.32
16 35 0.1
17 35 0.14
18 35 0.27
19 35 0.2
20 35 0.29
26 35 0.63
29 35 0.39
30 35 0.21
31 35 0.34
32 35 0.39
33 35 0.41
60 35 0.0018
36 1 0.5
2 36 0.19
5 36 0.31
6 36 0.17
36 8 0.39
36 9 0.15
36 11 0.15
13 36 0.29
36 14 0.48
36 15 0.45
16 36 0.34
17 36 0.33
18 36 0.08
36 19 0.31
20 36 0.18
21 36 0.1
36 22 0.36
23 36 0.26
36 24 0.23
36 25 0.39
36 27 0.33
36 28 0.22
29 36 0.24
30 36 0.51
31 36 0.42
36 32 0.54
36 33 0.31
36 34 0.25
36 60 4.0E-4
37 1 0.49
2 37 0.3
37 3 0.17
37 4 0.09
5 37 0.35
6 37 0.35
37 7 0.17
37 8 0.34
37 9 0.17
37 10 0.11
37 11 0.17
37 12 0.17
37 13 0.35
37 14 0.43
37 15 0.49
16 37 0.62
17 37 0.58
18 37 0.21
37 19 0.24
20 37 0.22
21 37 0.11
37 22 0.29
23 37 0.22
37 24 0.13
37 25 0.34
37 26 0.16
37 27 0.24
37 28 0.12
37 29 0.4
30 37 0.6
37 31 0.46
37 32 0.43
37 33 0.38
37 34 0.27
37 35 0.17
37 36 0.55
37 60 0.0013
1 38 0.41
2 38 0.05
38 3 0.63
4 38 0.34
6 38 0.24
38 7 0.63
8 38 0.32
10 38 0.4
14 38 0.37
15 38 0.51
16 38 0.16
17 38 0.23
18 38 0.17
19 38 0.13
20 38 0.18
22 38 0.18
26 38 0.4
27 38 0.22
29 38 0.5
30 38 0.33
31 38 0.43
32 38 0.37
33 38 0.65
34 38 0.17
38 35 0.63
36 38 0.1
37 38 0.21
60 38 0.0016
1 39 0.57
2 39 0.08
39 3 0.5
39 4 0.27
6 39 0.09
39 7 0.5
8 39 0.38
39 9 0.5
39 10 0.32
39 11 0.5
13 39 0.19
14 39 0.39
15 39 0.57
16 39 0.21
17 39 0.29
18 39 0.2
19 39 0.1
20 39 0.14
21 39 0.08
39 22 0.58
23 39 0.11
39 26 0.32
39 27 0.35
39 28 0.35
29 39 0.49
30 39 0.42
31 39 0.34
32 39 0.49
33 39 0.41
34 39 0.27
39 35 0.5
36 39 0.23
37 39 0.34
39 38 0.47
39 60 0.0039
40 1 0.21
2 40 0.05
6 40 0.12
40 11 0.32
40 13 0.36
40 15 0.1
16 40 0.16
17 40 0.14
40 22 0.37
40 27 0.22
40 29 0.25
30 40 0.2
40 36 0.1
40 37 0.21
40 39 0.16
40 60 2.0E-4
41 1 0.16
2 41 0.26
41 3 0.33
41 4 0.18
5 41 0.27
6 41 0.31
41 7 0.33
41 8 0.25
41 10 0.21
41 13 0.25
41 14 0.2
41 15 0.16
16 41 0.31
17 41 0.36
18 41 0.23
41 19 0.2
20 41 0.24
21 41 0.27
23 41 0.36
41 25 0.08
41 26 0.21
41 29 0.33
30 41 0.38
41 31 0.29
41 32 0.26
41 33 0.2
41 35 0.33
41 36 0.21
41 37 0.31
41 38 0.21
41 39 0.17
41 40 0.11
41 60 3.0E-4
42 1 0.32
2 42 0.13
42 3 0.32
42 4 0.17
5 42 0.13
6 42 0.18
42 7 0.32
42 8 0.16
42 9 0.32
42 10 0.21
42 11 0.16
42 13 0.49
42 14 0.19
42 15 0.26
16 42 0.32
17 42 0.26
18 42 0.35
42 19 0.07
20 42 0.19
21 42 0.05
42 22 0.37
23 42 0.07
42 26 0.21
42 27 0.23
42 28 0.23
42 29 0.32
30 42 0.34
42 31 0.11
42 32 0.25
42 33 0.13
42 34 0.09
42 35 0.32
42 36 0.15
42 37 0.33
42 38 0.21
42 39 0.41
42 40 0.51
42 41 0.27
42 60 0.0012
43 1 0.72
2 43 0.16
43 3 0.23
43 4 0.12
5 43 0.09
6 43 0.22
43 7 0.23
43 8 0.46
43 9 0.23
43 10 0.15
43 11 0.23
43 12 0.23
13 43 0.13
43 14 0.59
43 15 0.72
16 43 0.45
17 43 0.55
18 43 0.13
43 19 0.19
20 43 0.1
21 43 0.04
43 22 0.4
23 43 0.1
43 24 0.06
43 25 0.46
43 26 0.15
43 27 0.33
43 28 0.16
29 43 0.32
30 43 0.56
31 43 0.56
43 32 0.55
43 33 0.57
43 34 0.25
43 35 0.23
36 43 0.39
37 43 0.57
43 38 0.37
43 39 0.46
40 43 0.15
41 43 0.12
42 43 0.23
43 60 0.0022
44 1 0.11
2 44 0.3
44 3 0.11
44 4 0.06
5 44 0.05
6 44 0.04
44 7 0.11
44 8 0.17
44 10 0.07
13 44 0.09
44 14 0.13
44 15 0.11
16 44 0.45
17 44 0.51
18 44 0.09
44 19 0.19
20 44 0.1
44 22 0.07
23 44 0.05
44 24 0.23
44 25 0.06
44 26 0.15
44 27 0.08
29 44 0.09
30 44 0.19
31 44 0.12
44 32 0.18
44 33 0.14
44 35 0.11
36 44 0.11
37 44 0.47
44 38 0.07
44 39 0.11
41 44 0.11
42 44 0.04
44 43 0.51
44 60 1.0E-4
45 1 0.09
2 45 0.04
5 45 0.24
6 45 0.22
45 13 0.22
45 15 0.09
16 45 0.18
17 45 0.08
18 45 0.16
20 45 0.08
21 45 0.09
45 24 0.14
45 29 0.23
30 45 0.12
45 31 0.1
45 32 0.11
45 34 0.15
45 36 0.18
45 37 0.15
45 40 0.18
45 41 0.19
45 42 0.19
45 43 0.07
45 60 1.0E-4
1 46 0.32
46 3 1.0
4 46 0.53
46 7 1.0
8 46 0.5
10 46 0.63
14 46 0.39
15 46 0.32
16 46 0.1
17 46 0.14
18 46 0.27
19 46 0.2
20 46 0.29
26 46 0.63
29 46 0.39
30 46 0.21
31 46 0.34
32 46 0.39
33 46 0.41
46 35 1.0
37 46 0.17
38 46 0.63
39 46 0.5
41 46 0.33
42 46 0.32
43 46 0.23
44 46 0.11
60 46 0.0018
47 1 0.19
2 47 0.04
6 47 0.11
47 9 0.29
47 11 0.29
47 13 0.65
47 14 0.11
47 15 0.09
16 47 0.18
17 47 0.17
18 47 0.24
20 47 0.08
21 47 0.09
47 22 0.33
23 47 0.12
47 27 0.2
47 28 0.41
47 29 0.23
30 47 0.18
47 32 0.11
47 36 0.18
47 37 0.24
47 39 0.29
47 40 0.55
47 41 0.19
47 42 0.56
47 43 0.13
47 45 0.17
47 60 2.0E-4
48 1 0.37
48 2 0.12
48 3 0.38
48 4 0.4
48 5 0.23
48 6 0.21
48 7 0.38
48 8 0.38
48 10 0.36
48 14 0.3
48 15 0.43
48 16 0.28
48 17 0.24
48 18 0.21
48 19 0.08
48 20 0.16
48 21 0.18
48 22 0.11
48 23 0.08
48 24 0.09
48 25 0.09
48 26 0.36
48 27 0.13
48 29 0.3
48 30 0.39
48 31 0.45
48 32 0.37
48 33 0.46
48 34 0.2
48 35 0.38
48 36 0.12
48 37 0.26
48 38 0.48
48 39 0.38
48 41 0.19
48 42 0.12
48 43 0.31
48 44 0.17
48 45 0.11
48 46 0.38
48 60 0.0011
1 49 0.23
49 9 0.71
15 49 0.23
16 49 0.07
17 49 0.1
22 49 0.41
30 49 0.15
34 49 0.38
37 49 0.12
39 49 0.35
42 49 0.23
43 49 0.16
60 49 6.0E-4
50 1 0.73
2 50 0.03
50 3 0.41
50 4 0.22
5 50 0.08
6 50 0.23
50 7 0.41
50 8 0.71
50 9 0.2
50 10 0.26
50 12 0.41
13 50 0.08
50 14 0.88
50 15 0.79
16 50 0.25
17 50 0.29
18 50 0.17
50 19 0.25
20 50 0.12
21 50 0.07
50 22 0.12
23 50 0.09
50 25 0.82
50 26 0.26
50 27 0.14
50 28 0.29
29 50 0.32
30 50 0.51
31 50 0.77
50 32 0.8
50 33 0.67
50 34 0.22
50 35 0.41
36 50 0.38
37 50 0.41
50 38 0.39
50 39 0.41
41 50 0.2
42 50 0.2
43 50 0.57
44 50 0.09
50 46 0.41
47 50 0.12
48 50 0.31
50 60 0.0022
1 51 0.46
51 3 0.71
51 4 0.38
6 51 0.13
51 7 0.71
8 51 0.35
51 10 0.45
51 12 0.35
14 51 0.55
15 51 0.46
16 51 0.15
17 51 0.2
18 51 0.19
19 51 0.14
20 51 0.2
22 51 0.2
25 51 0.18
51 26 0.45
51 27 0.25
29 51 0.55
30 51 0.29
31 51 0.36
32 51 0.28
33 51 0.43
34 51 0.19
51 35 0.71
36 51 0.11
37 51 0.24
51 38 0.67
39 51 0.35
41 51 0.24
42 51 0.23
43 51 0.33
44 51 0.08
51 46 0.71
48 51 0.27
50 51 0.43
51 60 0.0022
1 52 0.51
52 3 0.63
52 4 0.34
5 52 0.13
6 52 0.24
52 7 0.63
8 52 0.32
52 10 0.4
52 12 0.63
14 52 0.5
15 52 0.51
16 52 0.16
17 52 0.18
18 52 0.17
19 52 0.13
20 52 0.18
52 24 0.16
25 52 0.32
52 26 0.4
29 52 0.37
30 52 0.33
31 52 0.54
32 52 0.25
33 52 0.39
34 52 0.34
52 35 0.63
36 52 0.1
37 52 0.27
52 38 0.4
39 52 0.32
41 52 0.21
42 52 0.21
43 52 0.37
44 52 0.07
45 52 0.18
52 46 0.63
48 52 0.36
50 52 0.52
52 51 0.67
52 60 0.0027
1 53 0.32
2 53 0.08
8 53 0.25
53 9 0.5
14 53 0.2
15 53 0.32
16 53 0.1
17 53 0.14
22 53 0.58
27 53 0.35
29 53 0.2
30 53 0.21
31 53 0.17
32 53 0.2
33 53 0.2
34 53 0.27
36 53 0.15
37 53 0.17
39 53 0.5
42 53 0.16
43 53 0.23
44 53 0.11
48 53 0.19
53 49 0.71
60 53 6.0E-4
1 54 0.36
2 54 0.06
6 54 0.14
8 54 0.18
54 9 0.18
54 12 0.37
13 54 0.07
14 54 0.43
15 54 0.36
16 54 0.28
17 54 0.18
18 54 0.15
19 54 0.07
21 54 0.18
22 54 0.21
23 54 0.08
25 54 0.37
54 27 0.26
54 28 0.26
29 54 0.21
30 54 0.27
31 54 0.25
32 54 0.21
33 54 0.22
34 54 0.1
36 54 0.23
37 54 0.25
54 38 0.12
39 54 0.09
42 54 0.12
43 54 0.3
44 54 0.04
45 54 0.11
47 54 0.11
48 54 0.14
50 54 0.37
54 51 0.26
54 52 0.23
54 60 4.0E-4
55 1 0.06
55 2 0.25
55 3 0.18
55 4 0.28
55 5 0.29
55 6 0.33
55 7 0.18
55 8 0.09
55 10 0.22
55 13 0.07
55 14 0.07
55 15 0.06
55 16 0.29
55 17 0.28
55 18 0.14
55 19 0.14
55 20 0.26
55 21 0.23
55 23 0.23
55 24 0.09
55 26 0.22
55 29 0.21
55 30 0.26
55 31 0.18
55 32 0.07
55 33 0.07
55 35 0.18
55 36 0.22
55 37 0.18
55 38 0.11
55 39 0.09
55 40 0.11
55 41 0.29
55 42 0.11
55 43 0.04
55 46 0.18
55 47 0.1
55 48 0.27
55 50 0.07
55 51 0.13
55 52 0.11
55 60 1.0E-4
1 56 0.52
5 56 0.11
6 56 0.3
56 9 0.27
56 12 0.53
13 56 0.1
14 56 0.42
15 56 0.52
16 56 0.19
17 56 0.19
18 56 0.15
21 56 0.17
22 56 0.31
23 56 0.11
56 24 0.13
25 56 0.27
56 27 0.38
56 28 0.38
29 56 0.31
30 56 0.33
31 56 0.37
32 56 0.1
33 56 0.33
34 56 0.29
36 56 0.25
37 56 0.23
56 38 0.34
39 56 0.13
42 56 0.09
43 56 0.37
45 56 0.31
47 56 0.15
48 56 0.2
50 56 0.33
56 51 0.38
56 52 0.51
56 54 0.49
56 60 0.0012
1 57 0.61
6 57 0.2
8 57 0.13
57 9 0.53
57 11 0.53
57 12 0.53
13 57 0.2
14 57 0.42
15 57 0.52
16 57 0.19
17 57 0.27
18 57 0.07
21 57 0.09
57 22 0.46
23 57 0.11
25 57 0.4
57 27 0.19
57 28 0.38
29 57 0.21
30 57 0.39
31 57 0.28
32 57 0.21
57 33 0.22
57 34 0.29
36 57 0.25
37 57 0.32
57 39 0.53
40 57 0.17
42 57 0.26
43 57 0.43
47 57 0.31
57 49 0.38
50 57 0.44
57 51 0.19
57 52 0.34
57 53 0.27
57 54 0.29
57 56 0.43
57 60 0.0021
58 1 0.15
2 58 0.07
58 3 0.47
58 4 0.5
5 58 0.38
6 58 0.45
58 7 0.47
58 8 0.24
58 10 0.45
58 13 0.27
58 14 0.18
58 15 0.15
16 58 0.22
17 58 0.27
18 58 0.26
58 19 0.1
20 58 0.2
21 58 0.23
58 26 0.6
58 29 0.55
30 58 0.25
58 31 0.32
58 32 0.28
58 33 0.19
58 34 0.13
58 35 0.47
58 36 0.15
58 37 0.28
58 38 0.3
58 39 0.24
58 40 0.15
58 41 0.47
58 42 0.38
58 43 0.11
58 44 0.05
58 45 0.27
58 46 0.47
58 47 0.14
48 58 0.27
58 50 0.19
58 51 0.33
58 52 0.3
55 58 0.33
58 60 6.0E-4
1 59 0.32
6 59 0.19
11 59 0.5
59 12 0.5
14 59 0.2
15 59 0.32
16 59 0.1
17 59 0.14
25 59 0.25
29 59 0.2
30 59 0.21
31 59 0.17
34 59 0.27
37 59 0.17
39 59 0.25
43 59 0.23
50 59 0.2
59 51 0.35
59 52 0.32
59 54 0.18
59 56 0.27
57 59 0.53
59 60 0.0012
