*Vertices  57
1 "LCD显示屏"
2 "衬底"
3 "LED灯"
4 "滤波片"
5 "光纤"
6 "荧光粉"
7 "整流器"
8 "III-V族半导体材料"
9 "保护层"
10 "PD"
11 "变压器"
12 "LED外延片"
13 "外延片"
14 "外延"
15 "LED"
16 "二极管"
17 "掩膜"
18 "玻璃"
19 "通道"
20 "LED光源"
21 "腐蚀液"
22 "缓冲层"
23 "内量子效率"
24 "滤光片"
25 "光刻胶"
26 "SiO2"
27 "半导体"
28 "Al2O3"
29 "GaAs"
30 "MQW"
31 "ESD"
32 "ITO"
33 "光子晶体"
34 "太阳能"
35 "LED芯片"
36 "芯片"
37 "金属层"
38 "电流扩展层"
39 "Li"
40 "离子"
41 "电极"
42 "接触层"
43 "电阻"
44 "光子晶体谐振腔"
45 "激光"
46 "MOCVD"
47 "标准芯片工艺制作"
48 "湿法刻蚀"
49 "干法刻蚀"
50 "湿法腐蚀"
51 "空穴"
52 "屏幕"
53 "透镜"
54 "发光层"
55 "甲基"
56 "激发光"
57 "GAN"
*Arcs
57 1 1.0E-4
2 1 0.08
57 2 0.0034
3 1 0.04
3 2 0.03
3 57 0.0
2 4 0.32
57 4 0.0017
2 5 0.17
5 4 0.53
57 5 6.0E-4
6 2 0.13
6 3 0.13
6 57 1.0E-4
7 2 0.07
3 7 0.22
7 57 1.0E-4
2 8 0.32
8 4 1.0
5 8 0.53
57 8 0.0017
2 9 0.23
3 9 0.11
6 9 0.14
7 9 0.14
57 9 2.0E-4
2 10 0.21
10 4 0.63
10 5 0.68
10 8 0.63
57 10 8.0E-4
11 2 0.05
3 11 0.26
6 11 0.06
11 7 0.68
11 9 0.11
11 57 1.0E-4
12 1 0.12
12 2 0.65
3 12 0.04
6 12 0.1
7 12 0.1
12 9 0.18
11 12 0.08
12 57 0.0034
13 1 0.09
13 2 0.83
3 13 0.03
13 4 0.39
13 5 0.21
6 13 0.08
7 13 0.08
13 8 0.39
13 9 0.14
13 10 0.25
11 13 0.06
13 12 0.78
13 57 0.0043
14 1 0.08
14 2 0.95
3 14 0.05
14 4 0.32
14 5 0.17
6 14 0.13
7 14 0.07
14 8 0.32
14 9 0.23
14 10 0.21
11 14 0.05
14 12 0.65
14 13 0.83
14 57 0.0034
15 1 0.22
15 2 0.32
15 3 0.67
15 4 0.1
15 5 0.19
15 6 0.25
15 7 0.25
15 8 0.1
15 9 0.15
15 10 0.16
15 11 0.34
15 12 0.21
15 13 0.27
15 14 0.32
15 57 5.0E-4
16 1 0.14
16 2 0.37
16 3 0.32
16 4 0.14
16 5 0.23
16 6 0.23
16 7 0.35
16 8 0.14
16 9 0.1
16 10 0.18
16 11 0.39
16 12 0.22
16 13 0.31
16 14 0.37
16 15 0.72
16 57 7.0E-4
2 17 0.23
3 17 0.11
7 17 0.29
9 17 0.5
11 17 0.21
12 17 0.35
13 17 0.28
14 17 0.23
15 17 0.07
16 17 0.1
57 17 6.0E-4
18 2 0.13
18 3 0.27
18 4 0.27
18 5 0.29
18 6 0.11
18 8 0.27
18 10 0.34
18 11 0.08
18 13 0.16
18 14 0.13
18 15 0.38
18 16 0.27
18 57 2.0E-4
19 2 0.2
3 19 0.22
19 4 0.2
19 5 0.11
19 8 0.2
19 10 0.13
19 12 0.2
19 13 0.24
19 14 0.2
15 19 0.25
16 19 0.23
18 19 0.11
19 57 6.0E-4
20 1 0.07
20 2 0.09
20 3 0.36
20 4 0.29
20 5 0.15
20 6 0.24
20 7 0.06
20 8 0.29
20 10 0.18
20 11 0.09
20 13 0.11
20 14 0.09
20 15 0.36
20 16 0.29
20 18 0.24
20 19 0.18
20 57 2.0E-4
2 21 0.56
3 21 0.04
7 21 0.12
9 21 0.2
11 21 0.09
12 21 0.29
13 21 0.34
14 21 0.47
15 21 0.18
16 21 0.25
21 17 0.41
18 21 0.08
57 21 3.0E-4
22 1 0.12
22 2 0.65
6 22 0.1
22 12 0.75
22 13 0.78
22 14 0.65
15 22 0.21
16 22 0.22
22 19 0.2
22 57 0.0026
2 23 0.32
6 23 0.2
12 23 0.5
13 23 0.39
14 23 0.32
15 23 0.1
16 23 0.07
22 23 0.5
57 23 6.0E-4
1 24 0.15
2 24 0.21
24 4 0.63
24 5 0.68
24 8 0.63
24 10 0.6
13 24 0.25
14 24 0.21
15 24 0.16
16 24 0.23
18 24 0.26
19 24 0.13
20 24 0.27
57 24 8.0E-4
2 25 0.46
3 25 0.05
7 25 0.14
9 25 0.25
11 25 0.11
12 25 0.35
13 25 0.42
14 25 0.46
15 25 0.15
16 25 0.2
25 17 0.5
18 25 0.1
21 25 0.82
57 25 3.0E-4
26 2 0.38
3 26 0.12
26 4 0.39
26 5 0.21
6 26 0.32
26 7 0.08
26 8 0.39
26 9 0.14
26 10 0.25
26 11 0.06
26 12 0.2
26 13 0.38
26 14 0.38
15 26 0.27
16 26 0.31
26 17 0.28
18 26 0.16
26 19 0.08
20 26 0.11
26 21 0.34
26 22 0.1
26 24 0.25
26 25 0.28
26 57 8.0E-4
27 1 0.05
27 2 0.64
27 3 0.29
27 4 0.21
27 5 0.17
27 6 0.34
27 7 0.17
27 8 0.21
27 9 0.15
27 10 0.2
27 11 0.19
27 12 0.42
27 13 0.53
27 14 0.64
27 15 0.5
27 16 0.55
27 17 0.15
27 18 0.23
27 19 0.17
27 20 0.3
27 21 0.36
27 22 0.42
27 23 0.21
27 24 0.13
27 25 0.29
27 26 0.41
27 57 0.0017
28 1 0.08
28 2 0.72
3 28 0.08
28 4 0.34
28 5 0.18
6 28 0.35
28 7 0.07
28 8 0.34
28 9 0.24
28 10 0.22
28 11 0.05
28 12 0.6
28 13 0.74
28 14 0.78
15 28 0.3
16 28 0.34
28 17 0.24
18 28 0.09
28 19 0.21
20 28 0.1
28 21 0.1
28 22 0.69
28 23 0.34
28 24 0.22
28 25 0.12
26 28 0.54
27 28 0.57
28 57 0.0035
2 29 0.61
3 29 0.04
29 4 0.47
29 5 0.25
6 29 0.1
29 8 0.47
29 10 0.3
13 29 0.37
14 29 0.69
15 29 0.22
16 29 0.27
18 29 0.19
19 29 0.1
20 29 0.14
21 29 0.41
22 29 0.12
29 24 0.3
29 25 0.33
26 29 0.37
27 29 0.44
28 29 0.4
57 29 7.0E-4
30 1 0.09
30 2 0.64
3 30 0.09
30 4 0.39
30 5 0.21
6 30 0.16
7 30 0.16
30 8 0.39
30 9 0.14
30 10 0.25
11 30 0.12
30 12 0.69
30 13 0.77
30 14 0.7
15 30 0.27
16 30 0.31
30 17 0.28
18 30 0.21
30 19 0.24
20 30 0.23
30 21 0.23
30 22 0.59
30 23 0.39
30 24 0.25
30 25 0.28
26 30 0.31
27 30 0.53
28 30 0.67
30 29 0.37
30 57 0.0041
31 2 0.41
31 12 0.63
31 13 0.5
31 14 0.41
15 31 0.16
16 31 0.14
31 19 0.26
31 22 0.63
31 23 0.32
27 31 0.26
28 31 0.43
31 30 0.5
31 57 0.0014
32 1 0.19
2 32 0.66
3 32 0.06
32 4 0.41
32 5 0.22
6 32 0.08
7 32 0.08
32 8 0.41
32 9 0.29
32 10 0.26
11 32 0.06
12 32 0.61
13 32 0.72
14 32 0.73
15 32 0.25
16 32 0.26
32 17 0.29
18 32 0.11
19 32 0.08
20 32 0.12
32 21 0.24
22 32 0.51
32 23 0.41
32 24 0.26
32 25 0.29
26 32 0.4
27 32 0.47
28 32 0.7
32 29 0.29
30 32 0.64
31 32 0.26
57 32 0.0029
2 33 0.32
33 4 1.0
5 33 0.53
33 8 1.0
10 33 0.63
13 33 0.39
14 33 0.32
15 33 0.1
16 33 0.14
18 33 0.27
19 33 0.2
20 33 0.29
24 33 0.63
26 33 0.39
27 33 0.21
28 33 0.34
29 33 0.47
30 33 0.39
32 33 0.41
57 33 0.0017
2 34 0.07
3 34 0.14
5 34 0.12
6 34 0.09
11 34 0.07
12 34 0.11
13 34 0.09
14 34 0.07
15 34 0.23
16 34 0.13
18 34 0.12
19 34 0.09
22 34 0.11
27 34 0.05
28 34 0.08
30 34 0.09
31 34 0.14
57 34 1.0E-4
35 1 0.07
35 2 0.5
3 35 0.19
6 35 0.31
35 7 0.13
35 9 0.22
35 11 0.09
35 12 0.54
35 13 0.48
35 14 0.45
15 35 0.34
16 35 0.33
35 17 0.22
18 35 0.08
35 19 0.31
20 35 0.18
35 21 0.36
35 22 0.39
35 23 0.15
35 25 0.33
26 35 0.24
27 35 0.51
28 35 0.42
35 29 0.15
35 30 0.54
35 31 0.39
35 32 0.31
35 34 0.07
35 57 0.0012
36 1 0.24
36 2 0.49
3 36 0.3
36 4 0.17
36 5 0.09
6 36 0.35
36 7 0.14
36 8 0.17
36 9 0.12
36 10 0.11
36 11 0.18
36 12 0.34
36 13 0.43
36 14 0.49
15 36 0.62
16 36 0.58
36 17 0.12
18 36 0.21
36 19 0.24
20 36 0.22
36 21 0.29
36 22 0.34
36 23 0.17
36 24 0.16
36 25 0.24
36 26 0.4
27 36 0.6
36 28 0.46
36 29 0.36
36 30 0.43
36 31 0.27
36 32 0.38
36 33 0.17
36 34 0.08
36 35 0.55
36 57 0.0011
2 37 0.41
3 37 0.05
37 4 0.63
5 37 0.34
37 8 0.63
9 37 0.22
10 37 0.4
12 37 0.16
13 37 0.37
14 37 0.51
15 37 0.16
16 37 0.23
18 37 0.17
19 37 0.13
20 37 0.18
21 37 0.18
24 37 0.4
25 37 0.22
26 37 0.5
27 37 0.33
28 37 0.43
29 37 0.45
30 37 0.37
32 37 0.65
37 33 0.63
35 37 0.1
36 37 0.21
57 37 0.0010
2 38 0.57
3 38 0.08
38 4 0.5
38 5 0.27
7 38 0.1
38 8 0.5
9 38 0.18
38 10 0.32
11 38 0.08
12 38 0.13
13 38 0.39
14 38 0.57
15 38 0.21
16 38 0.29
38 17 0.35
18 38 0.2
19 38 0.1
20 38 0.14
38 21 0.58
38 24 0.32
38 25 0.35
26 38 0.49
27 38 0.42
28 38 0.34
38 29 0.71
30 38 0.49
32 38 0.41
38 33 0.5
35 38 0.23
36 38 0.34
38 37 0.47
57 38 0.0012
39 2 0.16
3 39 0.26
39 4 0.33
39 5 0.18
6 39 0.27
39 8 0.33
39 10 0.21
39 11 0.05
39 12 0.08
39 13 0.2
39 14 0.16
15 39 0.31
16 39 0.36
18 39 0.23
39 19 0.2
20 39 0.24
39 22 0.08
39 23 0.17
39 24 0.21
39 26 0.33
27 39 0.38
39 28 0.29
39 29 0.16
39 30 0.26
39 31 0.11
39 32 0.2
39 33 0.33
39 35 0.21
39 36 0.31
39 37 0.21
39 38 0.17
39 57 5.0E-4
40 1 0.15
40 2 0.32
3 40 0.13
40 4 0.32
40 5 0.17
6 40 0.13
40 8 0.32
40 10 0.21
40 11 0.1
40 13 0.19
40 14 0.26
15 40 0.32
16 40 0.26
18 40 0.35
40 19 0.07
20 40 0.19
40 21 0.37
40 24 0.21
40 25 0.23
40 26 0.32
27 40 0.34
40 28 0.11
40 29 0.38
40 30 0.25
40 32 0.13
40 33 0.32
40 35 0.15
40 36 0.33
40 37 0.21
40 38 0.41
40 39 0.27
40 57 3.0E-4
41 1 0.11
41 2 0.72
3 41 0.16
41 4 0.23
41 5 0.12
6 41 0.09
41 7 0.33
41 8 0.23
41 9 0.16
41 10 0.15
41 11 0.39
41 12 0.46
41 13 0.59
41 14 0.72
15 41 0.45
16 41 0.55
41 17 0.16
18 41 0.13
41 19 0.19
20 41 0.1
41 21 0.4
41 22 0.46
41 23 0.23
41 24 0.15
41 25 0.33
26 41 0.32
27 41 0.56
28 41 0.56
41 29 0.49
41 30 0.55
41 31 0.29
41 32 0.57
41 33 0.23
41 34 0.05
35 41 0.39
36 41 0.57
41 37 0.37
41 38 0.46
39 41 0.12
40 41 0.23
41 57 0.0019
42 1 0.13
42 2 0.61
3 42 0.04
6 42 0.11
7 42 0.11
42 9 0.19
11 42 0.08
42 12 0.94
42 13 0.73
42 14 0.61
15 42 0.19
16 42 0.19
42 17 0.38
42 19 0.22
42 21 0.15
42 22 0.8
42 23 0.53
42 25 0.19
26 42 0.1
27 42 0.39
28 42 0.64
42 30 0.73
42 31 0.68
42 32 0.55
42 34 0.12
35 42 0.49
36 42 0.32
42 38 0.13
39 42 0.09
41 42 0.43
42 57 0.0037
43 1 0.16
43 2 0.11
3 43 0.3
43 4 0.11
43 5 0.06
6 43 0.05
43 7 0.56
43 8 0.11
43 9 0.08
43 10 0.07
43 11 0.55
43 12 0.11
43 13 0.13
43 14 0.11
15 43 0.45
16 43 0.51
43 17 0.16
18 43 0.09
43 19 0.19
20 43 0.1
43 21 0.07
43 22 0.06
43 23 0.11
43 24 0.15
43 25 0.08
26 43 0.09
27 43 0.19
28 43 0.12
43 29 0.05
43 30 0.18
43 31 0.07
43 32 0.14
43 33 0.11
43 34 0.05
35 43 0.11
36 43 0.47
43 37 0.07
43 38 0.11
39 43 0.11
40 43 0.04
43 41 0.51
43 42 0.12
43 57 2.0E-4
2 44 0.32
44 4 1.0
5 44 0.53
44 8 1.0
10 44 0.63
13 44 0.39
14 44 0.32
15 44 0.1
16 44 0.14
18 44 0.27
19 44 0.2
20 44 0.29
24 44 0.63
26 44 0.39
27 44 0.21
28 44 0.34
29 44 0.47
30 44 0.39
32 44 0.41
44 33 1.0
36 44 0.17
37 44 0.63
38 44 0.5
39 44 0.33
40 44 0.32
41 44 0.23
43 44 0.11
57 44 0.0017
45 1 0.09
45 2 0.37
45 3 0.12
45 4 0.38
45 5 0.4
45 6 0.23
45 7 0.08
45 8 0.38
45 9 0.27
45 10 0.36
45 11 0.06
45 12 0.19
45 13 0.3
45 14 0.43
45 15 0.28
45 16 0.24
45 17 0.27
45 18 0.21
45 19 0.08
45 20 0.16
45 21 0.11
45 22 0.09
45 23 0.19
45 24 0.36
45 25 0.13
45 26 0.3
45 27 0.39
45 28 0.45
45 29 0.36
45 30 0.37
45 32 0.46
45 33 0.38
45 35 0.12
45 36 0.26
45 37 0.48
45 38 0.38
45 39 0.19
45 40 0.12
45 41 0.31
45 42 0.2
45 43 0.17
45 44 0.38
45 57 0.0011
46 1 0.1
46 2 0.73
3 46 0.03
46 4 0.41
46 5 0.22
6 46 0.08
46 8 0.41
46 10 0.26
46 12 0.61
46 13 0.88
46 14 0.79
15 46 0.25
16 46 0.29
18 46 0.17
46 19 0.25
20 46 0.12
46 21 0.12
46 22 0.82
46 23 0.41
46 24 0.26
46 25 0.14
26 46 0.32
27 46 0.51
28 46 0.77
46 29 0.48
46 30 0.8
46 31 0.52
46 32 0.67
46 33 0.41
46 34 0.09
35 46 0.38
36 46 0.41
46 37 0.39
46 38 0.41
39 46 0.2
40 46 0.2
41 46 0.57
46 42 0.65
43 46 0.09
46 44 0.41
45 46 0.31
46 57 0.0037
47 1 0.15
47 2 0.51
6 47 0.13
47 12 0.79
47 13 0.62
47 14 0.51
15 47 0.16
16 47 0.14
47 19 0.13
47 22 0.79
47 23 0.63
27 47 0.33
28 47 0.54
47 30 0.62
47 31 0.6
47 32 0.52
35 47 0.39
36 47 0.27
39 47 0.11
41 47 0.37
47 42 0.85
43 47 0.07
45 47 0.12
47 46 0.65
47 57 0.0023
2 48 0.46
48 4 0.71
48 5 0.38
48 8 0.71
48 10 0.45
12 48 0.18
13 48 0.55
14 48 0.46
15 48 0.15
16 48 0.2
18 48 0.19
19 48 0.14
20 48 0.2
21 48 0.2
22 48 0.18
48 24 0.45
48 25 0.25
26 48 0.55
27 48 0.29
28 48 0.36
48 29 0.5
30 48 0.28
32 48 0.43
48 33 0.71
35 48 0.11
36 48 0.24
48 37 0.67
38 48 0.35
39 48 0.24
40 48 0.23
41 48 0.33
43 48 0.08
48 44 0.71
45 48 0.27
46 48 0.43
57 48 0.0011
2 49 0.51
49 4 0.63
49 5 0.34
6 49 0.13
49 8 0.63
49 10 0.4
13 49 0.5
14 49 0.51
15 49 0.16
16 49 0.18
18 49 0.17
19 49 0.13
20 49 0.18
22 49 0.32
49 24 0.4
26 49 0.37
27 49 0.33
28 49 0.54
49 29 0.6
30 49 0.25
32 49 0.39
49 33 0.63
35 49 0.1
36 49 0.27
49 37 0.4
38 49 0.32
39 49 0.21
40 49 0.21
41 49 0.37
43 49 0.07
49 44 0.63
45 49 0.36
46 49 0.52
49 48 0.67
57 49 0.0010
2 50 0.32
3 50 0.08
7 50 0.2
9 50 0.35
11 50 0.15
12 50 0.25
13 50 0.2
14 50 0.32
15 50 0.1
16 50 0.14
50 17 0.71
21 50 0.58
25 50 0.35
26 50 0.2
27 50 0.21
28 50 0.17
29 50 0.24
30 50 0.2
32 50 0.2
35 50 0.15
36 50 0.17
38 50 0.5
40 50 0.16
41 50 0.23
42 50 0.27
43 50 0.11
45 50 0.19
57 50 4.0E-4
51 1 0.13
2 51 0.26
3 51 0.17
6 51 0.11
7 51 0.11
11 51 0.16
12 51 0.4
13 51 0.31
14 51 0.26
15 51 0.19
16 51 0.23
19 51 0.11
20 51 0.08
22 51 0.4
51 23 0.27
27 51 0.39
28 51 0.28
30 51 0.42
31 51 0.17
51 32 0.33
35 51 0.25
36 51 0.18
39 51 0.36
41 51 0.25
42 51 0.43
43 51 0.12
45 51 0.1
46 51 0.33
47 51 0.51
57 51 9.0E-4
1 52 0.17
2 52 0.36
3 52 0.06
7 52 0.07
11 52 0.06
12 52 0.27
13 52 0.43
14 52 0.36
15 52 0.28
16 52 0.18
18 52 0.15
19 52 0.07
21 52 0.21
22 52 0.37
52 25 0.26
26 52 0.21
27 52 0.27
28 52 0.25
52 29 0.17
30 52 0.21
31 52 0.23
32 52 0.22
52 34 0.08
35 52 0.23
36 52 0.25
52 37 0.12
38 52 0.09
40 52 0.12
41 52 0.3
42 52 0.2
43 52 0.04
45 52 0.14
46 52 0.37
47 52 0.12
52 48 0.26
52 49 0.23
51 52 0.1
57 52 3.0E-4
53 2 0.06
53 3 0.25
53 4 0.18
53 5 0.28
53 6 0.29
53 8 0.18
53 10 0.22
53 13 0.07
53 14 0.06
53 15 0.29
53 16 0.28
53 18 0.14
53 19 0.14
53 20 0.26
53 24 0.22
53 26 0.21
53 27 0.26
53 28 0.18
53 29 0.08
53 30 0.07
53 32 0.07
53 33 0.18
53 35 0.22
53 36 0.18
53 37 0.11
53 38 0.09
53 39 0.29
53 40 0.11
53 41 0.04
53 44 0.18
53 45 0.27
53 46 0.07
53 48 0.13
53 49 0.11
53 57 1.0E-4
54 1 0.13
2 54 0.61
12 54 0.13
13 54 0.42
14 54 0.52
15 54 0.19
16 54 0.27
18 54 0.07
54 21 0.46
22 54 0.4
54 25 0.19
26 54 0.21
27 54 0.39
28 54 0.28
54 29 0.5
30 54 0.21
54 32 0.22
35 54 0.25
36 54 0.32
54 38 0.53
40 54 0.26
41 54 0.43
42 54 0.14
46 54 0.44
47 54 0.17
54 48 0.19
54 49 0.34
54 50 0.27
54 51 0.14
54 52 0.29
57 54 3.0E-4
55 1 0.1
55 2 0.33
3 55 0.06
6 55 0.33
11 55 0.06
55 12 0.51
55 13 0.4
55 14 0.33
15 55 0.25
16 55 0.23
18 55 0.11
55 19 0.08
20 55 0.12
55 22 0.51
55 23 0.41
26 55 0.16
27 55 0.38
28 55 0.49
55 30 0.4
55 31 0.39
55 32 0.33
55 34 0.09
35 55 0.38
36 55 0.38
39 55 0.27
40 55 0.26
41 55 0.24
55 42 0.55
43 55 0.05
45 55 0.08
55 46 0.42
55 47 0.52
55 51 0.33
55 52 0.15
53 55 0.29
55 54 0.11
55 57 0.0011
56 2 0.15
3 56 0.07
56 4 0.47
56 5 0.5
6 56 0.38
56 8 0.47
56 10 0.45
56 13 0.18
56 14 0.15
15 56 0.22
16 56 0.27
18 56 0.26
56 19 0.1
20 56 0.2
56 24 0.6
56 26 0.55
27 56 0.25
56 28 0.32
56 29 0.22
56 30 0.28
56 32 0.19
56 33 0.47
56 35 0.15
56 36 0.28
56 37 0.3
56 38 0.24
56 39 0.47
56 40 0.38
56 41 0.11
56 43 0.05
56 44 0.47
45 56 0.27
56 46 0.19
56 48 0.33
56 49 0.3
53 56 0.33
56 55 0.19
56 57 5.0E-4
