*Vertices  28
1 "LCD显示屏"
2 "显示器"
3 "LED灯"
4 "电容"
5 "处理器"
6 "单片机"
7 "开关"
8 "触摸屏"
9 "EP"
10 "LED"
11 "液晶显示模块"
12 "二极管"
13 "三极管"
14 "接收管"
15 "LED光源"
16 "滤光片"
17 "半导体"
18 "电路板"
19 "客户"
20 "摄像机"
21 "芯片"
22 "继电器"
23 "存储器"
24 "电阻"
25 "激光"
26 "蜂鸣器"
27 "插座"
28 "GPIO"
*Arcs
28 1 0.0026
2 1 0.33
2 28 0.0014
3 1 0.04
3 2 0.08
3 28 4.0E-4
3 4 0.29
4 28 0.0012
5 1 0.09
5 2 0.26
5 3 0.14
5 4 0.05
5 28 0.0015
6 1 0.08
2 6 0.52
3 6 0.13
6 4 0.19
5 6 0.24
6 28 0.0011
7 1 0.14
2 7 0.07
3 7 0.37
7 4 0.42
5 7 0.21
7 6 0.19
7 28 0.0045
7 8 0.14
28 8 0.0103
2 9 0.07
3 9 0.12
9 4 0.11
5 9 0.14
9 6 0.06
9 7 0.11
9 28 0.0011
10 1 0.22
10 2 0.29
10 3 0.67
10 4 0.36
10 5 0.28
10 6 0.32
10 7 0.54
10 8 0.07
10 9 0.28
10 28 0.0021
1 11 0.67
2 11 0.38
5 11 0.13
6 11 0.11
7 11 0.14
10 11 0.15
28 11 0.0045
12 1 0.14
12 2 0.15
12 3 0.32
12 4 0.39
12 5 0.08
12 6 0.16
12 7 0.46
12 9 0.22
12 10 0.72
12 11 0.1
12 28 7.0E-4
13 1 0.08
2 13 0.06
3 13 0.2
13 4 0.61
6 13 0.16
7 13 0.37
9 13 0.06
10 13 0.32
13 11 0.11
12 13 0.42
13 28 0.0014
1 14 0.19
2 14 0.14
3 14 0.13
4 14 0.24
6 14 0.13
7 14 0.24
10 14 0.13
14 11 0.29
12 14 0.18
13 14 0.4
28 14 0.0058
15 1 0.07
15 2 0.15
15 3 0.36
15 4 0.04
15 5 0.11
15 6 0.09
15 7 0.06
15 9 0.22
15 10 0.36
15 11 0.1
15 12 0.29
15 13 0.09
15 14 0.12
15 28 9.0E-4
1 16 0.15
2 16 0.11
6 16 0.1
7 16 0.06
10 16 0.16
16 11 0.22
12 16 0.23
13 16 0.1
16 14 0.26
15 16 0.27
28 16 0.0035
17 1 0.05
17 2 0.11
17 3 0.29
17 4 0.15
17 5 0.08
17 6 0.03
17 7 0.14
17 8 0.15
17 9 0.28
17 10 0.5
17 12 0.55
17 13 0.1
17 14 0.09
17 15 0.3
17 16 0.13
17 28 0.0010
18 1 0.2
18 2 0.26
18 3 0.4
18 4 0.13
18 5 0.11
18 6 0.14
18 7 0.14
18 9 0.05
18 10 0.36
18 11 0.2
18 12 0.17
18 13 0.19
18 14 0.24
18 15 0.17
18 16 0.09
18 17 0.15
18 28 0.0012
19 1 0.14
2 19 0.2
3 19 0.22
4 19 0.17
5 19 0.21
7 19 0.17
9 19 0.11
10 19 0.18
12 19 0.08
13 19 0.09
19 14 0.24
15 19 0.08
17 19 0.12
18 19 0.17
28 19 0.0029
1 20 0.38
2 20 0.14
6 20 0.13
7 20 0.08
10 20 0.13
20 11 0.29
12 20 0.12
13 20 0.13
14 20 0.33
15 20 0.12
16 20 0.26
18 20 0.12
28 20 0.0051
21 1 0.24
2 21 0.27
3 21 0.3
21 4 0.37
5 21 0.12
21 6 0.33
21 7 0.28
21 8 0.12
21 9 0.35
10 21 0.62
21 11 0.24
12 21 0.58
21 13 0.33
21 14 0.21
15 21 0.22
21 16 0.16
17 21 0.6
18 21 0.22
21 19 0.1
21 20 0.07
21 28 0.0024
22 1 0.15
3 22 0.05
4 22 0.37
5 22 0.12
7 22 0.24
9 22 0.12
10 22 0.16
12 22 0.18
13 22 0.31
22 19 0.18
21 22 0.16
28 22 0.0031
1 23 0.22
2 23 0.25
3 23 0.04
4 23 0.07
5 23 0.34
6 23 0.15
7 23 0.23
9 23 0.09
10 23 0.22
23 11 0.33
12 23 0.17
13 23 0.15
23 14 0.38
15 23 0.14
23 16 0.15
17 23 0.1
18 23 0.07
19 23 0.14
23 20 0.38
21 23 0.16
28 23 0.0025
24 1 0.16
2 24 0.08
3 24 0.3
24 4 0.73
5 24 0.08
6 24 0.22
7 24 0.46
24 8 0.16
9 24 0.09
10 24 0.45
24 11 0.16
12 24 0.51
24 13 0.71
24 14 0.28
15 24 0.1
24 16 0.15
17 24 0.19
18 24 0.17
24 19 0.13
24 20 0.09
21 24 0.47
24 22 0.36
24 23 0.22
24 28 0.0061
25 1 0.09
25 2 0.2
25 3 0.12
25 5 0.14
25 6 0.06
25 7 0.04
25 8 0.27
25 10 0.28
25 12 0.24
25 15 0.16
25 16 0.36
25 17 0.39
25 18 0.11
25 19 0.11
25 21 0.26
25 24 0.17
25 28 0.0023
1 26 0.19
2 26 0.14
3 26 0.13
4 26 0.12
5 26 0.3
6 26 0.13
7 26 0.16
9 26 0.15
10 26 0.13
26 11 0.29
12 26 0.12
13 26 0.13
26 14 0.33
15 26 0.12
16 26 0.26
18 26 0.24
19 26 0.24
26 20 0.33
21 26 0.14
22 26 0.26
23 26 0.19
24 26 0.19
28 26 0.0177
3 27 0.09
4 27 0.17
5 27 0.11
6 27 0.19
7 27 0.28
9 27 0.11
10 27 0.18
12 27 0.17
27 19 0.17
21 27 0.1
22 27 0.18
24 27 0.13
27 26 0.24
28 27 0.0026
