*Vertices  11
1 "LED显示屏"
2 "控制器"
3 "处理器"
4 "色域"
5 "XYZ2xyz"
6 "XYZ2RGB"
7 "CIE"
8 "LED"
9 "基色"
10 "DMA"
11 "IP核"
*Arcs
1 11 0.0126
2 1 0.23
2 11 0.0061
3 1 0.16
3 2 0.44
3 11 0.0069
4 1 0.45
2 4 0.17
3 4 0.18
4 11 0.0496
1 5 0.32
2 5 0.24
3 5 0.26
4 5 0.71
5 11 0.0748
1 6 0.32
2 6 0.24
3 6 0.26
4 6 0.71
6 5 1.0
6 11 0.0748
7 1 0.45
2 7 0.17
3 7 0.18
7 4 1.0
7 5 0.71
7 6 0.71
7 11 0.0496
8 1 0.23
8 2 0.3
8 3 0.28
8 4 0.1
8 5 0.07
8 6 0.07
8 7 0.1
8 11 9.0E-4
9 1 0.39
9 2 0.1
3 9 0.11
9 4 0.58
9 5 0.41
9 6 0.41
9 7 0.58
8 9 0.18
9 11 0.0204
10 1 0.18
10 2 0.28
3 10 0.3
10 4 0.41
10 5 0.58
10 6 0.58
10 7 0.41
8 10 0.13
9 10 0.24
10 11 0.0313
