*Vertices  69
1 "LCD显示屏"
2 "显示器"
3 "衬底"
4 "LED灯"
5 "滤波片"
6 "光纤"
7 "控制器"
8 "荧光粉"
9 "整流器"
10 "发光荧光材料"
11 "III-V族半导体材料"
12 "GAN"
13 "保护层"
14 "PD"
15 "活性层"
16 "变压器"
17 "蒸镀方法"
18 "LED外延片"
19 "外延片"
20 "外延"
21 "LED"
22 "液晶显示模块"
23 "二极管"
24 "掩膜"
25 "玻璃"
26 "通道"
27 "LED光源"
28 "腐蚀液"
29 "缓冲层"
30 "内量子效率"
31 "滤光片"
32 "加热片"
33 "光刻胶"
34 "SiO2"
35 "半导体"
36 "Al2O3"
37 "GaAs"
38 "MQW"
39 "SMT"
40 "ESD"
41 "键合"
42 "光子晶体"
43 "FPC连接器"
44 "LED芯片"
45 "芯片"
46 "金属层"
47 "电流扩展层"
48 "Li"
49 "离子"
50 "电极"
51 "接触层"
52 "电阻"
53 "光子晶体谐振腔"
54 "激光"
55 "粘附层"
56 "MOCVD"
57 "标准芯片工艺制作"
58 "湿法刻蚀"
59 "干法刻蚀"
60 "湿法腐蚀"
61 "空穴"
62 "屏幕"
63 "透镜"
64 "透明导电层"
65 "反射层"
66 "发光层"
67 "甲基"
68 "激发光"
69 "ITO"
*Arcs
69 1 2.0E-4
2 1 0.33
2 69 1.0E-4
3 1 0.08
3 69 0.0031
4 1 0.04
4 2 0.08
4 3 0.03
4 69 0.0
3 5 0.32
69 5 0.0011
3 6 0.17
6 5 0.53
69 6 4.0E-4
1 7 0.24
2 7 0.24
4 7 0.11
7 6 0.09
69 7 0.0
8 2 0.14
8 3 0.13
8 4 0.13
8 7 0.07
8 69 1.0E-4
9 3 0.07
4 9 0.22
9 7 0.07
9 69 1.0E-4
10 2 0.13
10 3 0.18
10 4 0.21
10 8 0.54
10 69 4.0E-4
3 11 0.32
11 5 1.0
6 11 0.53
69 11 0.0011
12 1 0.12
12 3 0.65
4 12 0.04
12 5 0.5
12 6 0.27
8 12 0.1
9 12 0.1
12 11 0.5
12 69 0.0024
3 13 0.23
4 13 0.11
8 13 0.14
9 13 0.14
10 13 0.13
12 13 0.18
69 13 5.0E-4
2 14 0.11
3 14 0.21
14 5 0.63
14 6 0.68
14 11 0.63
12 14 0.32
69 14 5.0E-4
3 15 0.23
10 15 0.27
13 15 0.5
69 15 5.0E-4
2 16 0.11
16 3 0.05
4 16 0.26
16 7 0.1
8 16 0.06
16 9 0.68
16 12 0.08
16 13 0.11
16 69 0.0
3 17 0.32
10 17 0.38
69 17 2.0E-4
18 1 0.12
18 3 0.65
4 18 0.04
8 18 0.1
9 18 0.1
18 12 0.75
18 13 0.18
16 18 0.08
18 69 0.0021
19 1 0.09
19 3 0.83
4 19 0.03
19 5 0.39
19 6 0.21
8 19 0.08
9 19 0.08
10 19 0.15
19 11 0.39
19 12 0.78
19 13 0.14
19 14 0.25
16 19 0.06
19 17 0.39
19 18 0.78
19 69 0.0033
20 1 0.08
20 3 0.95
4 20 0.05
20 5 0.32
20 6 0.17
8 20 0.13
9 20 0.07
10 20 0.25
20 11 0.32
20 12 0.65
20 13 0.23
20 14 0.21
20 15 0.23
16 20 0.05
20 17 0.32
20 18 0.65
20 19 0.83
20 69 0.0035
21 1 0.22
21 2 0.29
21 3 0.32
21 4 0.67
21 5 0.1
21 6 0.19
21 7 0.3
21 8 0.25
21 9 0.25
21 10 0.28
21 11 0.1
21 12 0.21
21 13 0.15
21 14 0.16
21 15 0.07
21 16 0.34
21 17 0.1
21 18 0.21
21 19 0.27
21 20 0.32
21 69 6.0E-4
1 22 0.67
2 22 0.38
7 22 0.36
21 22 0.15
69 22 2.0E-4
23 1 0.14
23 2 0.15
23 3 0.37
23 4 0.32
23 5 0.14
23 6 0.23
23 7 0.15
23 8 0.23
23 9 0.35
23 10 0.33
23 11 0.14
23 12 0.25
23 13 0.1
23 14 0.18
23 15 0.1
23 16 0.39
23 17 0.14
23 18 0.22
23 19 0.31
23 20 0.37
23 21 0.72
23 22 0.1
23 69 6.0E-4
3 24 0.23
4 24 0.11
9 24 0.29
12 24 0.35
13 24 0.5
16 24 0.21
18 24 0.35
19 24 0.28
20 24 0.23
21 24 0.07
23 24 0.1
69 24 4.0E-4
25 2 0.19
25 3 0.13
25 4 0.27
25 5 0.27
25 6 0.29
25 8 0.11
25 10 0.1
25 11 0.27
25 12 0.14
25 14 0.34
25 16 0.08
25 19 0.16
25 20 0.13
25 21 0.38
25 23 0.27
25 69 1.0E-4
2 26 0.07
26 3 0.2
4 26 0.22
26 5 0.2
26 6 0.11
26 11 0.2
26 12 0.31
26 14 0.13
26 18 0.2
26 19 0.24
26 20 0.2
21 26 0.25
23 26 0.23
25 26 0.11
26 69 1.0E-4
27 1 0.07
27 2 0.15
27 3 0.09
27 4 0.36
27 5 0.29
27 6 0.15
27 8 0.24
27 9 0.06
27 10 0.16
27 11 0.29
27 12 0.14
27 14 0.18
27 16 0.09
27 19 0.11
27 20 0.09
27 21 0.36
27 22 0.1
27 23 0.29
27 25 0.24
27 26 0.18
27 69 1.0E-4
3 28 0.56
4 28 0.04
9 28 0.12
12 28 0.14
13 28 0.2
16 28 0.09
18 28 0.29
19 28 0.34
20 28 0.47
21 28 0.18
23 28 0.25
28 24 0.41
25 28 0.08
69 28 4.0E-4
29 1 0.12
29 3 0.65
8 29 0.1
10 29 0.19
29 12 0.63
29 17 0.5
29 18 0.75
29 19 0.78
29 20 0.65
21 29 0.21
23 29 0.22
29 26 0.2
29 69 0.0016
3 30 0.32
8 30 0.2
12 30 0.25
18 30 0.5
19 30 0.39
20 30 0.32
21 30 0.1
23 30 0.07
29 30 0.5
69 30 7.0E-4
1 31 0.15
2 31 0.11
3 31 0.21
31 5 0.63
31 6 0.68
31 11 0.63
12 31 0.32
31 14 0.6
19 31 0.25
20 31 0.21
21 31 0.16
31 22 0.22
23 31 0.23
25 31 0.26
26 31 0.13
27 31 0.27
69 31 5.0E-4
1 32 0.33
2 32 0.25
7 32 0.24
21 32 0.07
22 32 0.5
69 32 4.0E-4
3 33 0.46
4 33 0.05
9 33 0.14
12 33 0.18
13 33 0.25
16 33 0.11
18 33 0.35
19 33 0.42
20 33 0.46
21 33 0.15
23 33 0.2
33 24 0.5
25 33 0.1
28 33 0.82
69 33 5.0E-4
2 34 0.07
34 3 0.38
4 34 0.12
34 5 0.39
34 6 0.21
8 34 0.32
34 9 0.08
10 34 0.52
34 11 0.39
34 12 0.29
34 13 0.14
34 14 0.25
34 16 0.06
34 17 0.2
34 18 0.2
34 19 0.38
34 20 0.38
21 34 0.27
23 34 0.31
34 24 0.28
25 34 0.16
34 26 0.08
27 34 0.11
34 28 0.34
34 29 0.1
34 31 0.25
34 33 0.28
34 69 0.0010
35 1 0.05
35 2 0.11
35 3 0.64
35 4 0.29
35 5 0.21
35 6 0.17
35 8 0.34
35 9 0.17
35 10 0.43
35 11 0.21
35 12 0.42
35 13 0.15
35 14 0.2
35 15 0.15
35 16 0.19
35 17 0.21
35 18 0.42
35 19 0.53
35 20 0.64
35 21 0.5
35 23 0.55
35 24 0.15
35 25 0.23
35 26 0.17
35 27 0.3
35 28 0.36
35 29 0.42
35 30 0.21
35 31 0.13
35 33 0.29
35 34 0.41
35 69 0.0017
36 1 0.08
2 36 0.06
36 3 0.72
4 36 0.08
36 5 0.34
36 6 0.18
8 36 0.35
36 9 0.07
10 36 0.45
36 11 0.34
36 12 0.69
36 13 0.24
36 14 0.22
36 15 0.24
36 16 0.05
36 17 0.34
36 18 0.6
36 19 0.74
36 20 0.78
21 36 0.3
23 36 0.34
36 24 0.24
25 36 0.09
36 26 0.21
27 36 0.1
36 28 0.1
36 29 0.69
36 30 0.34
36 31 0.22
36 33 0.12
34 36 0.54
35 36 0.57
36 69 0.0031
3 37 0.61
4 37 0.04
37 5 0.47
37 6 0.25
8 37 0.1
10 37 0.18
37 11 0.47
12 37 0.24
37 14 0.3
37 17 0.24
19 37 0.37
20 37 0.69
21 37 0.22
23 37 0.27
25 37 0.19
26 37 0.1
27 37 0.14
28 37 0.41
29 37 0.12
37 31 0.3
37 33 0.33
34 37 0.37
35 37 0.44
36 37 0.4
69 37 8.0E-4
38 1 0.09
38 3 0.64
4 38 0.09
38 5 0.39
38 6 0.21
8 38 0.16
9 38 0.16
10 38 0.15
38 11 0.39
38 12 0.78
38 13 0.14
38 14 0.25
16 38 0.12
38 18 0.69
38 19 0.77
38 20 0.7
21 38 0.27
23 38 0.31
38 24 0.28
25 38 0.21
38 26 0.24
27 38 0.23
38 28 0.23
38 29 0.59
38 30 0.39
38 31 0.25
38 33 0.28
34 38 0.31
35 38 0.53
36 38 0.67
38 37 0.37
38 69 0.0026
1 39 0.47
2 39 0.35
7 39 0.34
21 39 0.1
22 39 0.71
39 32 0.71
69 39 2.0E-4
40 3 0.41
40 12 0.47
40 18 0.63
40 19 0.5
40 20 0.41
21 40 0.16
23 40 0.14
40 26 0.26
40 29 0.63
40 30 0.32
35 40 0.26
36 40 0.43
40 38 0.5
40 69 5.0E-4
3 41 0.26
4 41 0.04
41 6 0.14
8 41 0.22
10 41 0.2
41 13 0.19
41 14 0.17
41 17 0.27
19 41 0.1
20 41 0.35
21 41 0.19
23 41 0.19
25 41 0.07
41 28 0.15
29 41 0.13
41 31 0.17
34 41 0.21
35 41 0.28
36 41 0.28
41 37 0.5
38 41 0.1
69 41 1.0E-4
3 42 0.32
42 5 1.0
6 42 0.53
42 11 1.0
12 42 0.5
14 42 0.63
19 42 0.39
20 42 0.32
21 42 0.1
23 42 0.14
25 42 0.27
26 42 0.2
27 42 0.29
31 42 0.63
34 42 0.39
35 42 0.21
36 42 0.34
37 42 0.47
38 42 0.39
69 42 0.0011
1 43 0.33
2 43 0.25
7 43 0.24
21 43 0.07
22 43 0.5
43 32 1.0
43 39 0.71
69 43 4.0E-4
44 1 0.07
44 3 0.5
4 44 0.19
8 44 0.31
44 9 0.13
10 44 0.17
44 12 0.39
44 13 0.22
44 16 0.09
44 18 0.54
44 19 0.48
44 20 0.45
21 44 0.34
23 44 0.33
44 24 0.22
25 44 0.08
44 26 0.31
27 44 0.18
44 28 0.36
44 29 0.39
44 30 0.15
44 33 0.33
34 44 0.24
35 44 0.51
36 44 0.42
44 37 0.15
44 38 0.54
44 40 0.39
44 41 0.25
44 69 8.0E-4
45 1 0.24
2 45 0.27
45 3 0.49
4 45 0.3
45 5 0.17
45 6 0.09
45 7 0.23
8 45 0.35
45 9 0.14
10 45 0.35
45 11 0.17
45 12 0.34
45 13 0.12
45 14 0.11
45 16 0.18
45 17 0.17
45 18 0.34
45 19 0.43
45 20 0.49
21 45 0.62
45 22 0.24
23 45 0.58
45 24 0.12
25 45 0.21
45 26 0.24
27 45 0.22
45 28 0.29
45 29 0.34
45 30 0.17
45 31 0.16
45 32 0.12
45 33 0.24
45 34 0.4
35 45 0.6
45 36 0.46
45 37 0.36
45 38 0.43
45 39 0.17
45 40 0.27
45 41 0.27
45 42 0.17
45 43 0.12
45 44 0.55
45 69 0.0012
3 46 0.41
4 46 0.05
46 5 0.63
6 46 0.34
10 46 0.24
46 11 0.63
12 46 0.32
13 46 0.22
14 46 0.4
46 15 0.45
18 46 0.16
19 46 0.37
20 46 0.51
21 46 0.16
23 46 0.23
25 46 0.17
26 46 0.13
27 46 0.18
28 46 0.18
31 46 0.4
33 46 0.22
34 46 0.5
35 46 0.33
36 46 0.43
37 46 0.45
38 46 0.37
41 46 0.17
46 42 0.63
44 46 0.1
45 46 0.21
69 46 0.0021
3 47 0.57
4 47 0.08
47 5 0.5
47 6 0.27
9 47 0.1
10 47 0.09
47 11 0.5
12 47 0.38
13 47 0.18
47 14 0.32
16 47 0.08
18 47 0.13
19 47 0.39
20 47 0.57
21 47 0.21
23 47 0.29
47 24 0.35
25 47 0.2
26 47 0.1
27 47 0.14
47 28 0.58
47 31 0.32
47 33 0.35
34 47 0.49
35 47 0.42
36 47 0.34
47 37 0.71
38 47 0.49
41 47 0.27
47 42 0.5
44 47 0.23
45 47 0.34
47 46 0.47
69 47 0.0011
2 48 0.06
48 3 0.16
4 48 0.26
48 5 0.33
48 6 0.18
48 7 0.06
8 48 0.27
10 48 0.31
48 11 0.33
48 12 0.25
48 14 0.21
48 16 0.05
48 18 0.08
48 19 0.2
48 20 0.16
21 48 0.31
23 48 0.36
25 48 0.23
48 26 0.2
27 48 0.24
48 29 0.08
48 30 0.17
48 31 0.21
48 34 0.33
35 48 0.38
48 36 0.29
48 37 0.16
48 38 0.26
48 40 0.11
48 42 0.33
48 44 0.21
48 45 0.31
48 46 0.21
48 47 0.17
48 69 3.0E-4
49 1 0.15
2 49 0.06
49 3 0.32
4 49 0.13
49 5 0.32
49 6 0.17
8 49 0.13
10 49 0.18
49 11 0.32
49 12 0.16
49 14 0.21
49 16 0.1
49 19 0.19
49 20 0.26
21 49 0.32
23 49 0.26
25 49 0.35
49 26 0.07
27 49 0.19
49 28 0.37
49 31 0.21
49 33 0.23
49 34 0.32
35 49 0.34
49 36 0.11
49 37 0.38
49 38 0.25
49 41 0.09
49 42 0.32
49 44 0.15
49 45 0.33
49 46 0.21
49 47 0.41
49 48 0.27
49 69 2.0E-4
50 1 0.11
2 50 0.04
50 3 0.72
4 50 0.16
50 5 0.23
50 6 0.12
50 7 0.12
8 50 0.09
50 9 0.33
10 50 0.22
50 11 0.23
50 12 0.46
50 13 0.16
50 14 0.15
50 15 0.16
50 16 0.39
50 17 0.23
50 18 0.46
50 19 0.59
50 20 0.72
21 50 0.45
50 22 0.08
23 50 0.55
50 24 0.16
25 50 0.13
50 26 0.19
27 50 0.1
50 28 0.4
50 29 0.46
50 30 0.23
50 31 0.15
50 32 0.16
50 33 0.33
34 50 0.32
35 50 0.56
36 50 0.56
50 37 0.49
50 38 0.55
50 39 0.12
50 40 0.29
50 41 0.25
50 42 0.23
50 43 0.16
44 50 0.39
45 50 0.57
50 46 0.37
50 47 0.46
48 50 0.12
49 50 0.23
50 69 0.0022
51 1 0.13
51 3 0.61
4 51 0.04
8 51 0.11
9 51 0.11
51 12 0.8
51 13 0.19
16 51 0.08
51 18 0.94
51 19 0.73
51 20 0.61
21 51 0.19
23 51 0.19
51 24 0.38
51 26 0.22
51 28 0.15
51 29 0.8
51 30 0.53
51 33 0.19
34 51 0.1
35 51 0.39
36 51 0.64
51 38 0.73
51 40 0.68
44 51 0.49
45 51 0.32
51 47 0.13
48 51 0.09
50 51 0.43
51 69 0.0018
52 1 0.16
2 52 0.08
52 3 0.11
4 52 0.3
52 5 0.11
52 6 0.06
52 7 0.16
8 52 0.05
52 9 0.56
10 52 0.04
52 11 0.11
52 12 0.17
52 13 0.08
52 14 0.07
52 16 0.55
52 18 0.11
52 19 0.13
52 20 0.11
21 52 0.45
52 22 0.16
23 52 0.51
52 24 0.16
25 52 0.09
52 26 0.19
27 52 0.1
52 28 0.07
52 29 0.06
52 30 0.11
52 31 0.15
52 33 0.08
34 52 0.09
35 52 0.19
36 52 0.12
52 37 0.05
52 38 0.18
52 40 0.07
52 42 0.11
44 52 0.11
45 52 0.47
52 46 0.07
52 47 0.11
48 52 0.11
49 52 0.04
52 50 0.51
52 51 0.12
52 69 2.0E-4
3 53 0.32
53 5 1.0
6 53 0.53
53 11 1.0
12 53 0.5
14 53 0.63
19 53 0.39
20 53 0.32
21 53 0.1
23 53 0.14
25 53 0.27
26 53 0.2
27 53 0.29
31 53 0.63
34 53 0.39
35 53 0.21
36 53 0.34
37 53 0.47
38 53 0.39
53 42 1.0
45 53 0.17
46 53 0.63
47 53 0.5
48 53 0.33
49 53 0.32
50 53 0.23
52 53 0.11
69 53 0.0011
54 1 0.09
54 2 0.2
54 3 0.37
54 4 0.12
54 5 0.38
54 6 0.4
54 7 0.06
54 8 0.23
54 9 0.08
54 10 0.21
54 11 0.38
54 12 0.38
54 13 0.27
54 14 0.36
54 15 0.27
54 16 0.06
54 18 0.19
54 19 0.3
54 20 0.43
54 21 0.28
54 23 0.24
54 24 0.27
54 25 0.21
54 26 0.08
54 27 0.16
54 28 0.11
54 29 0.09
54 30 0.19
54 31 0.36
54 33 0.13
54 34 0.3
54 35 0.39
54 36 0.45
54 37 0.36
54 38 0.37
54 41 0.2
54 42 0.38
54 44 0.12
54 45 0.26
54 46 0.48
54 47 0.38
54 48 0.19
54 49 0.12
54 50 0.31
54 51 0.2
54 52 0.17
54 53 0.38
54 69 0.0013
3 55 0.23
10 55 0.27
13 55 0.5
55 15 1.0
20 55 0.23
21 55 0.07
23 55 0.1
35 55 0.15
36 55 0.24
46 55 0.45
50 55 0.16
54 55 0.27
69 55 5.0E-4
56 1 0.1
56 3 0.73
4 56 0.03
56 5 0.41
56 6 0.22
8 56 0.08
10 56 0.23
56 11 0.41
56 12 0.71
56 14 0.26
56 17 0.41
56 18 0.61
56 19 0.88
56 20 0.79
21 56 0.25
23 56 0.29
25 56 0.17
56 26 0.25
27 56 0.12
56 28 0.12
56 29 0.82
56 30 0.41
56 31 0.26
56 33 0.14
34 56 0.32
35 56 0.51
36 56 0.77
56 37 0.48
56 38 0.8
56 40 0.52
56 41 0.22
56 42 0.41
44 56 0.38
45 56 0.41
56 46 0.39
56 47 0.41
48 56 0.2
49 56 0.2
50 56 0.57
56 51 0.65
52 56 0.09
56 53 0.41
54 56 0.31
56 69 0.0028
57 1 0.15
57 3 0.51
8 57 0.13
57 12 0.63
57 18 0.79
57 19 0.62
57 20 0.51
21 57 0.16
23 57 0.14
57 26 0.13
57 29 0.79
57 30 0.63
35 57 0.33
36 57 0.54
57 38 0.62
57 40 0.6
44 57 0.39
45 57 0.27
48 57 0.11
50 57 0.37
57 51 0.85
52 57 0.07
54 57 0.12
57 56 0.65
57 69 0.0014
3 58 0.46
58 5 0.71
58 6 0.38
10 58 0.13
58 11 0.71
12 58 0.35
58 14 0.45
58 17 0.35
18 58 0.18
19 58 0.55
20 58 0.46
21 58 0.15
23 58 0.2
25 58 0.19
26 58 0.14
27 58 0.2
28 58 0.2
29 58 0.18
58 31 0.45
58 33 0.25
34 58 0.55
35 58 0.29
36 58 0.36
58 37 0.5
38 58 0.28
41 58 0.19
58 42 0.71
44 58 0.11
45 58 0.24
58 46 0.67
47 58 0.35
48 58 0.24
49 58 0.23
50 58 0.33
52 58 0.08
58 53 0.71
54 58 0.27
56 58 0.43
69 58 0.0012
3 59 0.51
59 5 0.63
59 6 0.34
8 59 0.13
10 59 0.24
59 11 0.63
12 59 0.32
59 14 0.4
59 17 0.63
19 59 0.5
20 59 0.51
21 59 0.16
23 59 0.18
25 59 0.17
26 59 0.13
27 59 0.18
29 59 0.32
59 31 0.4
34 59 0.37
35 59 0.33
36 59 0.54
59 37 0.6
38 59 0.25
41 59 0.34
59 42 0.63
44 59 0.1
45 59 0.27
59 46 0.4
47 59 0.32
48 59 0.21
49 59 0.21
50 59 0.37
52 59 0.07
59 53 0.63
54 59 0.36
56 59 0.52
59 58 0.67
69 59 0.0011
3 60 0.32
4 60 0.08
9 60 0.2
12 60 0.25
13 60 0.35
16 60 0.15
18 60 0.25
19 60 0.2
20 60 0.32
21 60 0.1
23 60 0.14
60 24 0.71
28 60 0.58
33 60 0.35
34 60 0.2
35 60 0.21
36 60 0.17
37 60 0.24
38 60 0.2
41 60 0.27
44 60 0.15
45 60 0.17
47 60 0.5
49 60 0.16
50 60 0.23
51 60 0.27
52 60 0.11
54 60 0.19
69 60 3.0E-4
61 1 0.13
3 61 0.26
4 61 0.17
8 61 0.11
9 61 0.11
12 61 0.4
16 61 0.16
18 61 0.4
19 61 0.31
20 61 0.26
21 61 0.19
23 61 0.23
26 61 0.11
27 61 0.08
29 61 0.4
61 30 0.27
35 61 0.39
36 61 0.28
38 61 0.42
40 61 0.17
44 61 0.25
45 61 0.18
48 61 0.36
50 61 0.25
51 61 0.43
52 61 0.12
54 61 0.1
56 61 0.33
57 61 0.51
61 69 6.0E-4
1 62 0.17
2 62 0.13
3 62 0.36
4 62 0.06
62 7 0.13
9 62 0.07
10 62 0.14
12 62 0.18
16 62 0.06
62 17 0.37
18 62 0.27
19 62 0.43
20 62 0.36
21 62 0.28
23 62 0.18
25 62 0.15
26 62 0.07
28 62 0.21
29 62 0.37
62 33 0.26
34 62 0.21
35 62 0.27
36 62 0.25
62 37 0.17
38 62 0.21
40 62 0.23
41 62 0.1
44 62 0.23
45 62 0.25
62 46 0.12
47 62 0.09
49 62 0.12
50 62 0.3
51 62 0.2
52 62 0.04
54 62 0.14
56 62 0.37
57 62 0.12
62 58 0.26
62 59 0.23
61 62 0.1
69 62 4.0E-4
63 2 0.13
63 3 0.06
63 4 0.25
63 5 0.18
63 6 0.28
63 8 0.29
63 10 0.33
63 11 0.18
63 12 0.09
63 14 0.22
63 19 0.07
63 20 0.06
63 21 0.29
63 23 0.28
63 25 0.14
63 26 0.14
63 27 0.26
63 31 0.22
63 34 0.21
63 35 0.26
63 36 0.18
63 37 0.08
63 38 0.07
63 42 0.18
63 44 0.22
63 45 0.18
63 46 0.11
63 47 0.09
63 48 0.29
63 49 0.11
63 50 0.04
63 53 0.18
63 54 0.27
63 56 0.07
63 58 0.13
63 59 0.11
63 69 1.0E-4
3 64 0.23
10 64 0.27
13 64 0.5
64 15 1.0
20 64 0.23
21 64 0.07
23 64 0.1
35 64 0.15
36 64 0.24
46 64 0.45
50 64 0.16
54 64 0.27
64 55 1.0
69 64 5.0E-4
3 65 0.52
8 65 0.11
10 65 0.3
13 65 0.19
65 15 0.38
65 17 0.53
18 65 0.13
19 65 0.42
20 65 0.52
21 65 0.19
23 65 0.19
25 65 0.15
28 65 0.31
29 65 0.27
65 33 0.38
34 65 0.31
35 65 0.33
36 65 0.37
65 37 0.38
38 65 0.1
41 65 0.29
44 65 0.25
45 65 0.23
65 46 0.34
47 65 0.13
49 65 0.09
50 65 0.37
54 65 0.2
65 55 0.38
56 65 0.33
65 58 0.38
65 59 0.51
65 62 0.49
65 64 0.38
69 65 7.0E-4
66 1 0.13
3 66 0.61
10 66 0.2
12 66 0.13
66 17 0.53
18 66 0.13
19 66 0.42
20 66 0.52
21 66 0.19
23 66 0.27
25 66 0.07
66 28 0.46
29 66 0.4
66 33 0.19
34 66 0.21
35 66 0.39
36 66 0.28
66 37 0.5
38 66 0.21
66 41 0.29
44 66 0.25
45 66 0.32
66 47 0.53
49 66 0.26
50 66 0.43
51 66 0.14
56 66 0.44
57 66 0.17
66 58 0.19
66 59 0.34
66 60 0.27
66 61 0.14
66 62 0.29
66 65 0.43
66 69 4.0E-4
67 1 0.1
2 67 0.14
67 3 0.33
4 67 0.06
8 67 0.33
10 67 0.23
67 12 0.41
16 67 0.06
67 18 0.51
67 19 0.4
67 20 0.33
21 67 0.25
23 67 0.23
25 67 0.11
67 26 0.08
27 67 0.12
67 29 0.51
67 30 0.41
34 67 0.16
35 67 0.38
36 67 0.49
67 38 0.4
67 40 0.39
44 67 0.38
45 67 0.38
48 67 0.27
49 67 0.26
50 67 0.24
67 51 0.55
52 67 0.05
54 67 0.08
67 56 0.42
67 57 0.52
67 61 0.33
67 62 0.15
63 67 0.29
67 66 0.11
67 69 7.0E-4
2 68 0.08
68 3 0.15
4 68 0.07
68 5 0.47
68 6 0.5
8 68 0.38
10 68 0.45
68 11 0.47
68 12 0.24
68 14 0.45
68 19 0.18
68 20 0.15
21 68 0.22
23 68 0.27
25 68 0.26
68 26 0.1
27 68 0.2
68 31 0.6
68 34 0.55
35 68 0.25
68 36 0.32
68 37 0.22
68 38 0.28
68 41 0.13
68 42 0.47
68 44 0.15
68 45 0.28
68 46 0.3
68 47 0.24
68 48 0.47
68 49 0.38
68 50 0.11
68 52 0.05
68 53 0.47
54 68 0.27
68 56 0.19
68 58 0.33
68 59 0.3
63 68 0.33
68 67 0.19
68 69 3.0E-4
