*Vertices  59
1 "LED显示屏"
2 "显示器"
3 "衬底"
4 "LED灯"
5 "光膜"
6 "传感器"
7 "控制器"
8 "处理器"
9 "单片机"
10 "开关"
11 "GAN"
12 "焊油墨"
13 "显示技术"
14 "定时器"
15 "LED外延片"
16 "外延片"
17 "外延"
18 "LED"
19 "液晶显示模块"
20 "二极管"
21 "稳压二极管"
22 "三极管"
23 "接收管"
24 "LED光源"
25 "转换器"
26 "缓冲层"
27 "滤光片"
28 "加热片"
29 "半导体"
30 "电路板"
31 "Al2O3"
32 "MQW"
33 "SMT"
34 "ITO"
35 "GPIO"
36 "客户"
37 "摄像机"
38 "锂电池"
39 "FPC连接器"
40 "FFC连接器"
41 "LED芯片"
42 "芯片"
43 "继电器"
44 "存储器"
45 "离子"
46 "电极"
47 "接触层"
48 "电阻"
49 "激光"
50 "MOCVD"
51 "标准芯片工艺制作"
52 "空穴"
53 "屏幕"
54 "读取器"
55 "发光层"
56 "甲基"
57 "信息卡"
58 "蜂鸣器"
59 "LCD显示屏"
*Arcs
59 1 5.0E-4
2 1 0.08
2 59 0.0031
3 59 2.0E-4
4 1 0.03
4 2 0.08
4 3 0.03
4 59 1.0E-4
5 2 0.29
5 4 0.13
5 59 8.0E-4
2 6 0.25
4 6 0.13
59 6 5.0E-4
7 1 0.23
2 7 0.24
4 7 0.11
7 6 0.19
59 7 0.0020
8 1 0.16
8 2 0.26
8 4 0.14
8 5 0.15
8 6 0.36
8 7 0.44
8 59 4.0E-4
9 1 0.07
2 9 0.52
4 9 0.13
9 6 0.28
9 7 0.17
8 9 0.24
9 59 2.0E-4
10 1 0.04
2 10 0.07
4 10 0.37
10 6 0.19
10 7 0.23
8 10 0.21
10 9 0.19
10 59 6.0E-4
11 3 0.65
4 11 0.04
11 59 3.0E-4
2 12 0.25
4 12 0.11
5 12 0.58
59 12 0.0012
2 13 0.35
6 13 0.14
7 13 0.34
8 13 0.18
9 13 0.16
59 13 0.0015
4 14 0.06
6 14 0.12
7 14 0.28
8 14 0.15
10 14 0.24
59 14 8.0E-4
15 3 0.65
4 15 0.04
15 11 0.75
15 59 3.0E-4
16 3 0.83
4 16 0.03
16 11 0.78
16 15 0.78
16 59 3.0E-4
17 3 0.95
4 17 0.05
17 11 0.65
17 15 0.65
17 16 0.83
17 59 2.0E-4
18 1 0.23
18 2 0.29
18 3 0.32
18 4 0.67
18 5 0.13
18 6 0.37
18 7 0.3
18 8 0.28
18 9 0.32
18 10 0.54
18 11 0.21
18 12 0.07
18 13 0.1
18 14 0.13
18 15 0.21
18 16 0.27
18 17 0.32
18 59 0.0016
2 19 0.38
6 19 0.1
7 19 0.36
8 19 0.13
9 19 0.11
10 19 0.14
19 13 0.35
14 19 0.29
18 19 0.15
59 19 0.01
20 1 0.06
20 2 0.15
20 3 0.37
20 4 0.32
20 5 0.12
20 6 0.2
20 7 0.15
20 8 0.08
20 9 0.16
20 10 0.46
20 11 0.25
20 14 0.12
20 15 0.22
20 16 0.31
20 17 0.37
20 18 0.72
20 19 0.1
20 59 7.0E-4
4 21 0.21
6 21 0.08
7 21 0.18
8 21 0.1
10 21 0.21
21 14 0.22
18 21 0.19
21 19 0.19
20 21 0.27
59 21 4.0E-4
2 22 0.06
4 22 0.2
22 6 0.05
22 7 0.11
9 22 0.16
10 22 0.37
18 22 0.32
22 19 0.11
20 22 0.42
22 21 0.26
22 59 3.0E-4
2 23 0.14
4 23 0.13
6 23 0.12
9 23 0.13
10 23 0.24
18 23 0.13
23 19 0.29
20 23 0.18
22 23 0.4
59 23 8.0E-4
24 2 0.15
24 3 0.09
24 4 0.36
24 5 0.12
24 6 0.04
24 8 0.11
24 9 0.09
24 10 0.06
24 11 0.14
24 16 0.11
24 17 0.09
24 18 0.36
24 19 0.1
24 20 0.29
24 21 0.08
24 22 0.09
24 23 0.12
24 59 2.0E-4
25 1 0.1
2 25 0.15
4 25 0.1
25 6 0.3
25 7 0.22
8 25 0.16
9 25 0.14
10 25 0.25
25 14 0.17
18 25 0.24
25 19 0.15
20 25 0.21
25 21 0.11
22 25 0.14
25 23 0.17
25 59 8.0E-4
26 3 0.65
26 11 0.63
26 15 0.75
26 16 0.78
26 17 0.65
18 26 0.21
20 26 0.22
26 59 3.0E-4
2 27 0.11
3 27 0.21
27 6 0.09
9 27 0.1
10 27 0.06
11 27 0.32
16 27 0.25
17 27 0.21
18 27 0.16
27 19 0.22
20 27 0.23
22 27 0.1
27 23 0.26
24 27 0.27
25 27 0.13
59 27 5.0E-4
2 28 0.25
7 28 0.24
18 28 0.07
19 28 0.5
59 28 0.0026
29 1 0.05
29 2 0.11
29 3 0.64
29 4 0.29
29 5 0.09
29 6 0.06
29 8 0.08
29 9 0.03
29 10 0.14
29 11 0.42
29 15 0.42
29 16 0.53
29 17 0.64
29 18 0.5
29 20 0.55
29 21 0.06
29 22 0.1
29 23 0.09
29 24 0.3
29 25 0.13
29 26 0.42
29 27 0.13
29 59 2.0E-4
30 1 0.13
30 2 0.26
30 4 0.4
30 5 0.24
30 6 0.08
30 7 0.1
30 8 0.11
30 9 0.14
30 10 0.14
30 12 0.2
30 13 0.14
30 18 0.36
30 19 0.2
30 20 0.17
30 22 0.19
30 23 0.24
30 24 0.17
30 27 0.09
30 29 0.15
30 59 0.0011
2 31 0.06
31 3 0.72
4 31 0.08
5 31 0.14
31 10 0.03
31 11 0.69
31 15 0.6
31 16 0.74
31 17 0.78
18 31 0.3
20 31 0.34
24 31 0.1
31 25 0.07
31 26 0.69
31 27 0.22
29 31 0.57
31 59 2.0E-4
32 3 0.64
4 32 0.09
10 32 0.04
32 11 0.78
32 15 0.69
32 16 0.77
32 17 0.7
18 32 0.27
20 32 0.31
32 21 0.1
22 32 0.06
24 32 0.23
32 26 0.59
32 27 0.25
29 32 0.53
31 32 0.67
32 59 3.0E-4
2 33 0.35
7 33 0.34
33 13 0.5
18 33 0.1
19 33 0.71
33 28 0.71
30 33 0.14
59 33 0.0054
2 34 0.07
3 34 0.66
4 34 0.06
34 7 0.07
11 34 0.61
15 34 0.61
16 34 0.72
17 34 0.73
18 34 0.25
34 19 0.14
20 34 0.26
24 34 0.12
26 34 0.51
34 27 0.26
34 28 0.29
29 34 0.47
31 34 0.7
32 34 0.64
34 33 0.2
34 59 0.0010
2 35 0.14
4 35 0.06
8 35 0.15
9 35 0.13
10 35 0.24
18 35 0.13
35 19 0.29
20 35 0.06
22 35 0.13
35 23 0.33
24 35 0.12
35 27 0.26
29 35 0.09
30 35 0.12
35 59 8.0E-4
2 36 0.2
4 36 0.22
5 36 0.24
36 6 0.24
8 36 0.21
10 36 0.17
36 12 0.41
18 36 0.18
20 36 0.08
22 36 0.09
36 23 0.24
24 36 0.08
25 36 0.12
29 36 0.12
30 36 0.17
31 36 0.1
35 36 0.24
36 59 6.0E-4
1 37 0.18
2 37 0.14
6 37 0.12
9 37 0.13
10 37 0.08
18 37 0.13
37 19 0.29
20 37 0.12
22 37 0.13
23 37 0.33
24 37 0.12
27 37 0.26
30 37 0.12
35 37 0.33
59 37 0.0019
4 38 0.1
38 6 0.18
38 7 0.22
8 38 0.23
9 38 0.1
10 38 0.12
38 14 0.26
18 38 0.16
38 19 0.22
20 38 0.18
38 21 0.17
38 22 0.31
38 25 0.13
30 38 0.18
38 59 6.0E-4
2 39 0.25
7 39 0.24
18 39 0.07
19 39 0.5
39 28 1.0
39 33 0.71
34 39 0.29
59 39 0.0026
2 40 0.25
7 40 0.24
40 13 0.71
18 40 0.07
19 40 0.5
30 40 0.2
40 33 0.71
59 40 0.0021
41 3 0.5
4 41 0.19
5 41 0.13
41 9 0.05
41 10 0.03
41 11 0.39
41 15 0.54
41 16 0.48
41 17 0.45
18 41 0.34
20 41 0.33
41 21 0.08
41 22 0.05
24 41 0.18
41 26 0.39
29 41 0.51
30 41 0.04
31 41 0.42
41 32 0.54
41 34 0.31
41 59 1.0E-4
42 1 0.08
2 42 0.27
42 3 0.49
4 42 0.3
5 42 0.07
42 6 0.17
42 7 0.23
8 42 0.12
42 9 0.33
42 10 0.28
42 11 0.34
42 13 0.17
42 14 0.07
42 15 0.34
42 16 0.43
42 17 0.49
18 42 0.62
42 19 0.24
20 42 0.58
42 21 0.14
42 22 0.33
42 23 0.21
24 42 0.22
42 25 0.25
42 26 0.34
42 27 0.16
42 28 0.12
29 42 0.6
30 42 0.22
42 31 0.46
42 32 0.43
42 33 0.17
42 34 0.38
42 35 0.14
42 36 0.1
42 37 0.07
42 38 0.21
42 39 0.12
42 40 0.12
42 41 0.55
42 59 0.0018
4 43 0.05
43 6 0.09
43 7 0.11
8 43 0.12
10 43 0.24
18 43 0.16
20 43 0.18
22 43 0.31
43 25 0.13
35 43 0.26
43 36 0.18
42 43 0.16
43 59 3.0E-4
2 44 0.25
4 44 0.04
44 6 0.33
44 7 0.16
8 44 0.34
9 44 0.15
10 44 0.23
44 14 0.19
18 44 0.22
44 19 0.33
20 44 0.17
44 21 0.13
22 44 0.15
44 23 0.38
24 44 0.14
25 44 0.4
44 27 0.15
29 44 0.1
30 44 0.07
35 44 0.19
36 44 0.14
44 37 0.38
38 44 0.15
42 44 0.16
59 44 0.0013
45 1 0.15
2 45 0.06
45 3 0.32
4 45 0.13
45 11 0.16
45 16 0.19
45 17 0.26
18 45 0.32
20 45 0.26
24 45 0.19
45 25 0.07
45 27 0.21
29 45 0.34
30 45 0.14
45 31 0.11
45 32 0.25
45 34 0.13
45 37 0.13
45 41 0.15
45 42 0.33
45 59 3.0E-4
2 46 0.04
46 3 0.72
4 46 0.16
46 6 0.03
46 7 0.12
9 46 0.04
10 46 0.2
46 11 0.46
46 15 0.46
46 16 0.59
46 17 0.72
18 46 0.45
46 19 0.08
20 46 0.55
46 21 0.19
22 46 0.6
46 23 0.19
24 46 0.1
46 25 0.1
46 26 0.46
46 27 0.15
46 28 0.16
29 46 0.56
30 46 0.03
31 46 0.56
46 32 0.55
46 33 0.12
46 34 0.57
46 36 0.07
38 46 0.15
46 39 0.16
41 46 0.39
42 46 0.57
46 43 0.22
46 44 0.05
45 46 0.23
46 59 6.0E-4
47 3 0.61
4 47 0.04
47 11 0.8
47 15 0.94
47 16 0.73
47 17 0.61
18 47 0.19
20 47 0.19
47 26 0.8
29 47 0.39
31 47 0.64
47 32 0.73
47 34 0.55
41 47 0.49
42 47 0.32
46 47 0.43
47 59 4.0E-4
2 48 0.08
48 3 0.11
4 48 0.3
48 6 0.16
48 7 0.16
8 48 0.08
9 48 0.22
10 48 0.46
48 11 0.17
48 14 0.09
48 15 0.11
48 16 0.13
48 17 0.11
18 48 0.45
48 19 0.16
20 48 0.51
48 21 0.43
48 22 0.71
48 23 0.28
24 48 0.1
48 25 0.29
48 26 0.06
48 27 0.15
29 48 0.19
30 48 0.17
31 48 0.12
48 32 0.18
48 34 0.14
48 35 0.28
48 36 0.13
48 37 0.09
48 38 0.29
41 48 0.11
42 48 0.47
48 43 0.36
48 44 0.22
45 48 0.04
48 46 0.51
48 47 0.12
48 59 8.0E-4
49 2 0.2
49 3 0.37
49 4 0.12
49 5 0.31
49 6 0.16
49 7 0.06
49 8 0.14
49 9 0.06
49 10 0.04
49 11 0.38
49 12 0.27
49 13 0.19
49 15 0.19
49 16 0.3
49 17 0.43
49 18 0.28
49 20 0.24
49 24 0.16
49 25 0.08
49 26 0.09
49 27 0.36
49 29 0.39
49 30 0.11
49 31 0.45
49 32 0.37
49 34 0.46
49 35 0.15
49 36 0.11
49 41 0.12
49 42 0.26
49 45 0.12
49 46 0.31
49 47 0.2
49 48 0.17
49 59 3.0E-4
50 3 0.73
4 50 0.03
50 11 0.71
50 15 0.61
50 16 0.88
50 17 0.79
18 50 0.25
20 50 0.29
24 50 0.12
50 26 0.82
50 27 0.26
29 50 0.51
31 50 0.77
50 32 0.8
50 34 0.67
41 50 0.38
42 50 0.41
45 50 0.2
46 50 0.57
50 47 0.65
48 50 0.09
49 50 0.31
50 59 3.0E-4
51 3 0.51
51 11 0.63
51 15 0.79
51 16 0.62
51 17 0.51
18 51 0.16
20 51 0.14
51 26 0.79
29 51 0.33
31 51 0.54
51 32 0.62
51 34 0.52
41 51 0.39
42 51 0.27
46 51 0.37
51 47 0.85
48 51 0.07
49 51 0.12
51 50 0.65
51 59 4.0E-4
3 52 0.26
4 52 0.17
10 52 0.1
11 52 0.4
15 52 0.4
16 52 0.31
17 52 0.26
18 52 0.19
20 52 0.23
52 21 0.14
22 52 0.09
24 52 0.08
26 52 0.4
29 52 0.39
31 52 0.28
32 52 0.42
52 34 0.33
41 52 0.25
42 52 0.18
46 52 0.25
47 52 0.43
48 52 0.12
49 52 0.1
50 52 0.33
51 52 0.51
52 59 3.0E-4
53 1 0.33
2 53 0.13
3 53 0.36
4 53 0.06
5 53 0.15
53 6 0.1
53 7 0.13
8 53 0.07
9 53 0.06
10 53 0.11
11 53 0.18
53 12 0.26
53 13 0.18
15 53 0.27
16 53 0.43
17 53 0.36
18 53 0.28
20 53 0.18
53 21 0.1
22 53 0.06
25 53 0.08
26 53 0.37
29 53 0.27
30 53 0.16
31 53 0.25
32 53 0.21
34 53 0.22
36 53 0.11
41 53 0.23
42 53 0.25
45 53 0.12
46 53 0.3
47 53 0.2
48 53 0.04
49 53 0.14
50 53 0.37
51 53 0.12
52 53 0.1
59 53 7.0E-4
6 54 0.2
7 54 0.24
8 54 0.26
10 54 0.14
14 54 0.58
18 54 0.07
19 54 0.5
20 54 0.1
21 54 0.38
25 54 0.3
38 54 0.45
42 54 0.12
44 54 0.33
48 54 0.16
59 54 0.0019
3 55 0.61
11 55 0.13
15 55 0.13
16 55 0.42
17 55 0.52
18 55 0.19
20 55 0.27
26 55 0.4
29 55 0.39
31 55 0.28
32 55 0.21
55 34 0.22
41 55 0.25
42 55 0.32
45 55 0.26
46 55 0.43
47 55 0.14
50 55 0.44
51 55 0.17
55 52 0.14
55 53 0.29
55 59 2.0E-4
2 56 0.14
56 3 0.33
4 56 0.06
5 56 0.17
10 56 0.04
56 11 0.41
56 15 0.51
56 16 0.4
56 17 0.33
18 56 0.25
20 56 0.23
24 56 0.12
25 56 0.09
56 26 0.51
29 56 0.38
30 56 0.12
31 56 0.49
56 32 0.4
56 34 0.33
56 36 0.12
41 56 0.38
42 56 0.38
45 56 0.26
46 56 0.24
56 47 0.55
48 56 0.05
49 56 0.08
56 50 0.42
56 51 0.52
56 52 0.33
56 53 0.15
56 55 0.11
56 59 2.0E-4
6 57 0.14
7 57 0.17
8 57 0.18
10 57 0.1
14 57 0.41
18 57 0.1
19 57 0.35
20 57 0.14
21 57 0.27
25 57 0.21
38 57 0.32
42 57 0.08
44 57 0.24
48 57 0.11
57 54 0.71
59 57 0.0012
2 58 0.14
4 58 0.13
6 58 0.12
7 58 0.14
8 58 0.3
9 58 0.13
10 58 0.16
18 58 0.13
58 19 0.29
20 58 0.12
22 58 0.13
58 23 0.33
24 58 0.12
27 58 0.26
30 58 0.24
35 58 0.67
36 58 0.24
58 37 0.33
38 58 0.26
42 58 0.14
43 58 0.26
44 58 0.19
48 58 0.19
59 58 9.0E-4
