*Vertices  334
1 "人体经络显示屏"
2 "LED显示屏"
3 "LCD显示屏"
4 "3D显示屏"
5 "显示器"
6 "衬底"
7 "LED灯罩"
8 "LED灯"
9 "滤波片"
10 "光纤"
11 "探头"
12 "连接带"
13 "电容"
14 "容器"
15 "光膜"
16 "传感器"
17 "控制器"
18 "处理器"
19 "单片机"
20 "发生器"
21 "音箱"
22 "叶片"
23 "折盒机"
24 "装盒机"
25 "波长检测器"
26 "荧光粉"
27 "反光杯"
28 "聚光杯"
29 "验钞紫光灯"
30 "远光灯"
31 "整流器"
32 "工质"
33 "开关"
34 "发光荧光材料"
35 "柔性高分子材料"
36 "III-V族半导体材料"
37 "GAN"
38 "塑料光转换荧光粒料"
39 "FBG"
40 "助剂"
41 "次氯酸钠溶液"
42 "保护层"
43 "刻度板"
44 "热电分离"
45 "离子络合"
46 "触发脉冲"
47 "发光球"
48 "焊油墨"
49 "PD"
50 "引发剂"
51 "聚合物树脂"
52 "蒸发皿"
53 "功率因数校正"
54 "色域"
55 "连接管"
56 "IP核"
57 "模数转换集成块"
58 "充电台灯"
59 "硼酸"
60 "活性层"
61 "圆圈基体"
62 "显示技术"
63 "握杆"
64 "组装线"
65 "蓝膜"
66 "装饰层"
67 "网孔板"
68 "激光射线"
69 "变压器"
70 "定时器"
71 "XYZ2xyz"
72 "稳压块"
73 "Zigbee"
74 "XYZ2RGB"
75 "太阳能吸收板"
76 "触摸屏"
77 "牙结石"
78 "桡动脉"
79 "加湿器"
80 "光纤耦合"
81 "CIE"
82 "阻燃塑料外壳"
83 "编解码方法"
84 "坐标方向校正方法"
85 "蒸镀方法"
86 "校准方法"
87 "解调方法"
88 "AuSn"
89 "Au5Sn"
90 "发光板"
91 "EP"
92 "LED外延片"
93 "外延片"
94 "外延"
95 "液晶显示模块"
96 "二极管"
97 "整流二极管"
98 "稳压二极管"
99 "三极管"
100 "语音警报器"
101 "挂绳"
102 "掩膜"
103 "联轴器"
104 "扩散剂"
105 "听筒"
106 "模糊增强算法"
107 "GSM"
108 "止血扣碗"
109 "教具"
110 "玻璃"
111 "雪糕板"
112 "香薰托盘"
113 "环形器"
114 "通道"
115 "接收管"
116 "LED灯具散热壳体"
117 "LED光源"
118 "日光灯平面光源"
119 "电热丝"
120 "塑料"
121 "腐蚀液"
122 "Au-Sn合金电镀液"
123 "缩水甘油"
124 "电子元器件"
125 "光电转换器件"
126 "转换器"
127 "铝基板"
128 "基板"
129 "集热板"
130 "导热板"
131 "缓冲层"
132 "晶体振荡器"
133 "导热陶瓷"
134 "绝缘靴"
135 "弹性硅胶"
136 "探针"
137 "内量子效率"
138 "基座"
139 "IP软核"
140 "红外线发射管"
141 "照明扶钉器"
142 "滤光片"
143 "螺旋管"
144 "聚光玻璃罩"
145 "聚光碗"
146 "稀释剂"
147 "发动机"
148 "电动机"
149 "散热片"
150 "散热器"
151 "电加热器"
152 "干涉仪"
153 "光谱仪"
154 "液相色谱仪"
155 "发电机"
156 "直流电机"
157 "荧光体"
158 "发光体"
159 "加热片"
160 "硅橡胶"
161 "透明胶"
162 "光刻胶"
163 "密封胶"
164 "填充区域"
165 "防音壁"
166 "SiO2"
167 "放大器"
168 "半导体"
169 "电路板"
170 "Al2O3"
171 "NH4H2PO4"
172 "GaAs"
173 "MQW"
174 "SMT"
175 "ESD"
176 "ITO"
177 "GPIO"
178 "硅氧磷灰石"
179 "键合"
180 "燃气涡轮"
181 "客户"
182 "冷却片"
183 "焊盘"
184 "滑动变阻器"
185 "介质箱"
186 "摄像机"
187 "装饰图案"
188 "含硅"
189 "光子晶体"
190 "圆盘"
191 "荧光光谱"
192 "码道"
193 "金属银纳米粒子"
194 "太阳能"
195 "太阳能电池板"
196 "风能"
197 "蓄电池"
198 "充电电池"
199 "锂电池"
200 "光电池"
201 "LED照明设备"
202 "蓄电设备"
203 "FPC连接器"
204 "FFC连接器"
205 "LED芯片"
206 "芯片"
207 "金属层"
208 "涂层"
209 "电流扩展层"
210 "电抗器"
211 "继电器"
212 "充电器"
213 "冷凝器"
214 "存储器"
215 "捕虫箱"
216 "光触媒"
217 "酸盐"
218 "硅油"
219 "SrCO3"
220 "Eu2O3"
221 "亚硫酸"
222 "硝酸"
223 "Eu2"
224 "去离子水"
225 "硬脂酰胺"
226 "Li"
227 "液体石蜡"
228 "电感"
229 "灰度"
230 "离子"
231 "耳机"
232 "电视机"
233 "电极"
234 "接触层"
235 "磁铁"
236 "边缘检测"
237 "ARCTAN"
238 "冰柜"
239 "排水槽"
240 "MP4播放器"
241 "电阻"
242 "基色"
243 "Au-Sn合金"
244 "Au-30at.％Sn合金"
245 "发射模块"
246 "驱动模块"
247 "脉冲信号"
248 "交通灯"
249 "便携棋具"
250 "蒸发腔"
251 "散热腔"
252 "加热管"
253 "防护服"
254 "光子晶体谐振腔"
255 "基料"
256 "丙酮"
257 "激光"
258 "粘附层"
259 "超声波"
260 "SIM"
261 "真空吸盘"
262 "MOCVD"
263 "标准芯片工艺制作"
264 "湿法刻蚀"
265 "干法刻蚀"
266 "湿法腐蚀"
267 "空穴"
268 "玻璃体"
269 "指南针"
270 "EP-CAB共聚物"
271 "太阳能电子板"
272 "洗墙灯"
273 "检测池"
274 "平面板"
275 "射灯"
276 "酯键"
277 "检测仪"
278 "检测板"
279 "臭氧仪"
280 "转动轴"
281 "光电耦合器"
282 "臭氧"
283 "防滑垫"
284 "屏幕"
285 "读取器"
286 "瞄准镜"
287 "聚光镜"
288 "放大镜"
289 "半透半反镜"
290 "透镜"
291 "后视镜"
292 "模拟音频"
293 "舰船"
294 "USB接头"
295 "透明装饰"
296 "同轴电缆"
297 "透明导电层"
298 "反射层"
299 "发光层"
300 "吸液芯"
301 "甲基"
302 "信息卡"
303 "防护罩"
304 "转子"
305 "弹簧"
306 "碳泡沫"
307 "芯线"
308 "电磁感应"
309 "发光笔套"
310 "CAN总线"
311 "CAB"
312 "VGA"
313 "蜂鸣器"
314 "KVM"
315 "滚轮按摩器"
316 "扬声器"
317 "绝对位置"
318 "聚光帽"
319 "电磁锁心"
320 "固定支架"
321 "激发光"
322 "发光管"
323 "光电管"
324 "提示仪"
325 "水平仪"
326 "晶体闸流管"
327 "信息存储卡"
328 "络合剂"
329 "笔筒"
330 "导热柱"
331 "DMA"
332 "插座"
333 "电流阻挡层"
334 "LED"
*Arcs
334 1 0.0
334 2 1.0E-4
3 2 0.21
334 3 1.0E-4
2 4 0.32
334 4 0.0
5 2 0.08
5 3 0.33
334 5 2.0E-4
6 3 0.08
334 6 2.0E-4
334 7 0.0
8 2 0.03
8 3 0.04
8 5 0.08
8 6 0.03
8 7 0.16
334 8 8.0E-4
6 9 0.32
334 9 0.0
6 10 0.17
10 9 0.53
334 10 1.0E-4
8 11 0.05
11 10 0.38
334 11 0.0
2 12 0.16
12 4 0.5
8 12 0.05
334 12 0.0
8 13 0.29
334 13 2.0E-4
14 6 0.09
8 14 0.12
13 14 0.23
334 14 1.0E-4
15 3 0.19
15 5 0.29
15 8 0.13
15 14 0.22
334 15 0.0
3 16 0.13
5 16 0.25
8 16 0.13
16 10 0.23
16 11 0.2
16 12 0.2
13 16 0.08
334 16 3.0E-4
17 2 0.23
3 17 0.24
5 17 0.24
8 17 0.11
17 10 0.09
17 11 0.12
13 17 0.15
14 17 0.09
17 16 0.19
334 17 2.0E-4
18 2 0.16
18 3 0.09
18 5 0.26
18 8 0.14
18 10 0.1
18 11 0.26
18 12 0.13
18 13 0.05
18 15 0.15
18 16 0.36
18 17 0.44
334 18 2.0E-4
19 2 0.07
19 3 0.08
5 19 0.52
8 19 0.13
19 13 0.19
19 16 0.28
19 17 0.17
18 19 0.24
334 19 2.0E-4
8 20 0.22
19 20 0.11
334 20 0.0
8 21 0.11
334 21 0.0
2 22 0.45
8 22 0.08
334 22 0.0
8 23 0.11
16 23 0.2
334 23 0.0
8 24 0.08
16 24 0.14
24 23 0.71
334 24 0.0
334 25 0.0
26 2 0.09
26 5 0.14
26 6 0.13
26 8 0.13
26 14 0.22
26 15 0.33
26 17 0.07
26 18 0.07
26 19 0.07
334 26 1.0E-4
8 27 0.11
334 27 0.0
8 28 0.16
13 28 0.29
334 28 0.0
334 29 0.0
16 30 0.2
334 30 0.0
31 6 0.07
8 31 0.22
13 31 0.53
31 14 0.33
31 17 0.07
31 28 0.41
334 31 1.0E-4
8 32 0.19
13 32 0.12
334 32 0.0
33 1 0.14
33 2 0.04
33 3 0.14
5 33 0.07
8 33 0.37
33 12 0.07
33 13 0.42
33 14 0.21
33 16 0.19
33 17 0.23
18 33 0.21
33 19 0.19
33 20 0.07
26 33 0.08
33 29 0.14
33 31 0.2
334 33 6.0E-4
34 5 0.13
34 6 0.18
34 8 0.21
34 14 0.2
34 15 0.31
34 18 0.07
34 19 0.06
34 20 0.13
34 26 0.54
34 33 0.07
334 34 2.0E-4
35 14 0.38
15 35 0.58
26 35 0.29
34 35 0.27
334 35 0.0
6 36 0.32
36 9 1.0
10 36 0.53
334 36 0.0
37 3 0.12
37 6 0.65
8 37 0.04
37 9 0.5
37 10 0.27
26 37 0.1
31 37 0.1
37 36 0.5
334 37 1.0E-4
5 38 0.25
8 38 0.11
26 38 0.29
33 38 0.14
34 38 0.27
334 38 0.0
10 39 0.38
16 39 0.2
334 39 0.0
5 40 0.18
8 40 0.08
40 14 0.27
15 40 0.41
26 40 0.41
33 40 0.1
34 40 0.38
40 35 0.71
40 38 0.71
334 40 0.0
6 41 0.32
334 41 0.0
6 42 0.23
8 42 0.11
26 42 0.14
31 42 0.14
34 42 0.13
37 42 0.18
334 42 0.0
16 43 0.2
334 43 0.0
8 44 0.16
13 44 0.14
32 44 0.41
334 44 0.0
334 45 0.0
13 46 0.2
17 46 0.24
334 46 0.0
33 47 0.14
334 47 0.0
3 48 0.33
5 48 0.25
8 48 0.11
15 48 0.58
334 48 0.0
5 49 0.11
6 49 0.21
49 9 0.63
49 10 0.68
49 11 0.22
49 16 0.27
18 49 0.12
49 36 0.63
37 49 0.32
334 49 1.0E-4
5 50 0.18
334 50 0.0
5 51 0.25
8 51 0.11
26 51 0.29
33 51 0.14
34 51 0.27
51 38 1.0
51 40 0.71
334 51 0.0
8 52 0.11
32 52 0.58
334 52 0.0
8 53 0.11
13 53 0.2
33 53 0.14
334 53 0.0
54 2 0.45
17 54 0.17
18 54 0.18
334 54 0.0
8 55 0.16
13 55 0.14
32 55 0.82
55 44 0.5
55 52 0.71
334 55 0.0
2 56 0.32
17 56 0.24
18 56 0.26
54 56 0.71
334 56 0.0
8 57 0.11
13 57 0.2
33 57 0.14
334 57 0.0
33 58 0.14
334 58 0.0
5 59 0.13
8 59 0.11
59 14 0.19
26 59 0.29
34 59 0.4
59 50 0.35
334 59 1.0E-4
6 60 0.23
34 60 0.27
42 60 0.5
334 60 0.0
17 61 0.24
33 61 0.14
334 61 0.0
3 62 0.24
5 62 0.35
16 62 0.14
17 62 0.34
18 62 0.18
19 62 0.16
334 62 0.0
33 63 0.14
334 63 0.0
64 24 0.71
334 64 0.0
6 65 0.32
14 65 0.27
334 65 0.0
33 66 0.14
334 66 0.0
5 67 0.25
19 67 0.23
334 67 0.0
16 68 0.2
68 43 1.0
334 68 0.0
69 1 0.21
69 2 0.07
5 69 0.11
69 6 0.05
8 69 0.26
13 69 0.52
69 14 0.24
69 16 0.04
69 17 0.1
19 69 0.05
69 20 0.11
69 21 0.21
26 69 0.06
69 28 0.3
69 31 0.68
33 69 0.29
69 37 0.08
69 42 0.11
69 50 0.15
69 53 0.21
59 69 0.11
334 69 3.0E-4
3 70 0.19
8 70 0.06
16 70 0.12
17 70 0.28
18 70 0.15
33 70 0.24
70 61 0.58
334 70 0.0
2 71 0.32
17 71 0.24
18 71 0.26
54 71 0.71
71 56 1.0
334 71 0.0
72 31 0.29
72 69 0.21
334 72 0.0
13 73 0.2
16 73 0.2
19 73 0.23
33 73 0.14
334 73 0.0
2 74 0.32
17 74 0.24
18 74 0.26
54 74 0.71
74 56 1.0
74 71 1.0
334 74 0.0
8 75 0.11
33 75 0.14
334 75 0.0
33 76 0.14
334 76 0.0
10 77 0.38
334 77 0.0
78 12 0.5
16 78 0.2
33 78 0.14
334 78 0.0
8 79 0.11
11 79 0.5
334 79 0.0
10 80 0.53
16 80 0.14
49 80 0.32
80 77 0.71
334 80 0.0
81 2 0.45
17 81 0.17
18 81 0.18
81 54 1.0
81 56 0.71
81 71 0.71
81 74 0.71
334 81 0.0
8 82 0.11
33 82 0.14
69 82 0.21
334 82 0.0
16 83 0.2
334 83 0.0
16 84 0.2
334 84 0.0
6 85 0.32
34 85 0.38
334 85 0.0
334 86 0.0
10 87 0.38
16 87 0.2
87 39 1.0
334 87 0.0
88 45 1.0
334 88 0.0
89 45 1.0
89 88 1.0
334 89 0.0
90 7 0.35
8 90 0.16
13 90 0.2
14 90 0.19
17 90 0.12
31 90 0.14
33 90 0.14
90 53 0.5
69 90 0.21
334 90 0.0
5 91 0.07
91 6 0.12
8 91 0.12
91 13 0.11
91 14 0.1
91 17 0.06
18 91 0.14
91 19 0.06
26 91 0.39
91 31 0.08
91 33 0.11
34 91 0.29
91 41 0.19
91 42 0.13
91 50 0.38
91 59 0.4
91 65 0.19
91 69 0.11
334 91 2.0E-4
92 3 0.12
92 6 0.65
8 92 0.04
26 92 0.1
31 92 0.1
92 37 0.75
92 42 0.18
69 92 0.08
334 92 1.0E-4
93 3 0.09
93 6 0.83
8 93 0.03
93 9 0.39
93 10 0.21
26 93 0.08
31 93 0.08
34 93 0.15
93 36 0.39
93 37 0.78
93 41 0.2
93 42 0.14
93 49 0.25
69 93 0.06
93 85 0.39
91 93 0.07
93 92 0.78
334 93 2.0E-4
94 3 0.08
94 6 0.95
8 94 0.05
94 9 0.32
94 10 0.17
26 94 0.13
31 94 0.07
34 94 0.25
94 36 0.32
94 37 0.65
94 41 0.32
94 42 0.23
94 49 0.21
94 60 0.23
94 65 0.16
69 94 0.05
94 85 0.32
91 94 0.06
94 92 0.65
94 93 0.83
334 94 2.0E-4
3 95 0.67
5 95 0.38
16 95 0.1
17 95 0.36
18 95 0.13
19 95 0.11
33 95 0.14
95 62 0.35
70 95 0.29
334 95 1.0E-4
96 2 0.06
96 3 0.14
96 5 0.15
96 6 0.37
96 7 0.07
96 8 0.32
96 9 0.14
96 10 0.23
96 11 0.05
96 13 0.39
96 14 0.23
96 15 0.12
96 16 0.2
96 17 0.15
96 18 0.08
96 19 0.16
96 20 0.05
96 25 0.1
96 26 0.23
96 27 0.1
96 28 0.14
96 29 0.1
96 30 0.1
96 31 0.35
96 32 0.12
96 33 0.46
96 34 0.33
96 35 0.1
96 36 0.14
96 37 0.25
96 38 0.1
96 39 0.1
96 40 0.14
96 41 0.14
96 42 0.1
96 45 0.1
96 46 0.1
96 47 0.1
96 49 0.18
96 50 0.14
96 51 0.1
96 52 0.1
96 53 0.1
96 54 0.07
96 55 0.07
96 57 0.1
96 58 0.1
96 59 0.1
96 60 0.1
96 61 0.1
96 63 0.1
96 65 0.14
96 66 0.1
96 67 0.1
96 69 0.39
96 70 0.12
96 72 0.1
96 73 0.1
96 77 0.1
96 80 0.14
96 81 0.07
96 82 0.1
96 83 0.1
96 85 0.14
96 86 0.1
96 87 0.1
96 88 0.1
96 89 0.1
96 90 0.15
96 91 0.22
96 92 0.22
96 93 0.31
96 94 0.37
96 95 0.1
96 334 0.0011
8 97 0.11
13 97 0.2
33 97 0.14
97 53 1.0
69 97 0.21
90 97 0.5
96 97 0.1
334 97 0.0
3 98 0.13
8 98 0.21
13 98 0.46
14 98 0.14
16 98 0.08
17 98 0.18
18 98 0.1
98 28 0.53
31 98 0.55
33 98 0.21
98 53 0.38
69 98 0.48
98 70 0.22
98 90 0.38
91 98 0.1
98 95 0.19
96 98 0.27
98 97 0.38
334 98 1.0E-4
99 3 0.08
5 99 0.06
8 99 0.2
99 13 0.61
99 14 0.17
99 16 0.05
99 17 0.11
19 99 0.16
99 20 0.11
99 31 0.4
33 99 0.37
34 99 0.06
99 46 0.23
99 53 0.23
99 57 0.23
99 69 0.49
99 72 0.23
99 90 0.23
91 99 0.06
99 95 0.11
96 99 0.42
99 97 0.23
99 98 0.26
334 99 2.0E-4
16 100 0.2
334 100 0.0
96 101 0.1
334 101 0.0
6 102 0.23
8 102 0.11
31 102 0.29
37 102 0.35
42 102 0.5
69 102 0.21
92 102 0.35
93 102 0.28
94 102 0.23
96 102 0.1
334 102 0.0
8 103 0.11
33 103 0.14
334 103 0.0
8 104 0.16
14 104 0.27
26 104 0.2
34 104 0.38
59 104 0.35
96 104 0.07
334 104 0.0
2 105 0.32
105 4 1.0
12 105 0.5
334 105 0.0
106 17 0.24
18 106 0.26
33 106 0.14
91 106 0.27
334 106 0.0
13 107 0.2
17 107 0.24
19 107 0.23
334 107 0.0
108 12 0.5
16 108 0.2
33 108 0.14
108 78 1.0
334 108 0.0
8 109 0.11
17 109 0.24
33 109 0.14
334 109 0.0
110 2 0.18
110 5 0.19
110 6 0.13
110 8 0.27
110 9 0.27
110 10 0.29
110 11 0.1
110 13 0.08
110 15 0.11
110 16 0.12
110 18 0.15
110 19 0.22
110 20 0.19
110 22 0.27
110 26 0.11
110 33 0.18
110 34 0.1
110 36 0.27
110 37 0.14
110 41 0.14
110 49 0.34
110 50 0.27
110 59 0.19
110 66 0.19
110 67 0.19
110 69 0.08
110 75 0.19
110 80 0.14
110 91 0.21
110 93 0.16
110 94 0.13
110 96 0.27
110 99 0.09
110 334 3.0E-4
8 111 0.11
334 111 0.0
8 112 0.11
11 112 0.5
112 79 1.0
334 112 0.0
10 113 0.38
16 113 0.2
113 39 1.0
113 87 1.0
96 113 0.1
334 113 0.0
5 114 0.07
114 6 0.2
8 114 0.22
114 9 0.2
114 10 0.11
13 114 0.12
114 16 0.12
19 114 0.07
114 32 0.33
33 114 0.04
114 36 0.2
114 37 0.31
114 44 0.2
114 49 0.13
114 52 0.29
114 55 0.41
114 92 0.2
114 93 0.24
114 94 0.2
96 114 0.23
99 114 0.07
110 114 0.11
334 114 1.0E-4
3 115 0.19
5 115 0.14
8 115 0.13
13 115 0.24
16 115 0.12
19 115 0.13
33 115 0.24
115 57 0.58
115 95 0.29
96 115 0.18
99 115 0.4
110 115 0.11
114 115 0.17
334 115 1.0E-4
8 116 0.11
334 116 0.0
117 3 0.07
117 5 0.15
117 6 0.09
117 8 0.36
117 9 0.29
117 10 0.15
117 11 0.1
117 13 0.04
117 14 0.08
117 15 0.12
117 16 0.04
117 18 0.11
117 19 0.09
117 25 0.2
117 26 0.24
117 31 0.06
117 32 0.12
117 33 0.06
117 34 0.16
117 36 0.29
117 37 0.14
117 49 0.18
117 50 0.14
117 59 0.31
117 69 0.09
117 90 0.1
117 91 0.22
117 93 0.11
117 94 0.09
117 95 0.1
117 96 0.29
117 98 0.08
117 99 0.09
117 104 0.14
117 110 0.24
117 114 0.18
117 115 0.12
117 334 2.0E-4
26 118 0.29
118 42 0.5
91 118 0.27
334 118 0.0
8 119 0.13
14 119 0.22
20 119 0.29
33 119 0.08
96 119 0.06
110 119 0.11
334 119 0.0
120 2 0.07
120 5 0.17
120 6 0.05
120 7 0.16
120 8 0.28
120 10 0.17
120 11 0.11
120 14 0.17
120 15 0.26
120 16 0.18
120 17 0.17
120 18 0.12
120 19 0.05
120 22 0.16
120 26 0.2
120 33 0.16
120 34 0.18
120 35 0.23
120 38 0.23
120 40 0.32
120 41 0.16
120 49 0.21
120 51 0.23
120 61 0.23
120 62 0.16
120 69 0.05
120 70 0.13
120 80 0.16
120 82 0.23
120 91 0.06
120 93 0.06
120 94 0.05
120 96 0.28
120 110 0.35
120 114 0.13
120 117 0.14
120 119 0.26
120 334 2.0E-4
6 121 0.56
8 121 0.04
14 121 0.15
31 121 0.12
37 121 0.14
121 41 0.58
42 121 0.2
121 65 0.29
69 121 0.09
91 121 0.22
92 121 0.29
93 121 0.34
94 121 0.47
96 121 0.25
121 102 0.41
110 121 0.08
120 121 0.09
334 121 1.0E-4
122 45 1.0
122 88 1.0
122 89 1.0
96 122 0.1
334 122 0.0
5 123 0.18
123 50 1.0
59 123 0.35
69 123 0.15
91 123 0.38
96 123 0.14
110 123 0.27
117 123 0.14
334 123 0.0
8 124 0.16
13 124 0.14
32 124 0.82
124 44 0.5
124 52 0.71
124 55 1.0
96 124 0.07
114 124 0.41
334 124 0.0
125 10 0.53
125 11 0.35
125 16 0.28
125 49 0.63
125 80 0.5
96 125 0.14
110 125 0.27
120 125 0.32
334 125 0.0
126 2 0.1
126 3 0.2
5 126 0.15
8 126 0.1
126 10 0.23
126 11 0.15
13 126 0.25
126 16 0.3
126 17 0.22
18 126 0.16
19 126 0.14
26 126 0.09
33 126 0.25
34 126 0.08
126 38 0.3
126 40 0.21
126 46 0.3
126 49 0.27
126 51 0.3
126 57 0.3
69 126 0.06
126 70 0.17
126 73 0.3
126 80 0.21
91 126 0.08
126 95 0.15
96 126 0.21
126 98 0.11
99 126 0.14
126 106 0.3
110 126 0.12
126 115 0.17
120 126 0.21
126 125 0.43
334 126 1.0E-4
127 5 0.08
127 6 0.07
127 7 0.21
127 8 0.3
127 13 0.06
127 15 0.17
127 18 0.08
127 26 0.17
127 32 0.17
127 33 0.08
127 34 0.08
127 41 0.21
127 42 0.15
127 53 0.3
127 69 0.13
127 82 0.3
127 90 0.15
127 91 0.16
127 93 0.08
127 94 0.07
127 96 0.24
127 97 0.3
127 98 0.11
127 99 0.07
127 110 0.12
127 114 0.26
127 117 0.18
127 118 0.3
127 120 0.35
127 121 0.12
127 334 1.0E-4
6 128 0.08
8 128 0.27
13 128 0.29
26 128 0.1
128 28 0.5
31 128 0.31
32 128 0.41
128 44 0.25
128 52 0.35
128 55 0.5
69 128 0.23
94 128 0.08
96 128 0.14
98 128 0.4
114 128 0.2
117 128 0.07
128 124 0.5
334 128 1.0E-4
8 129 0.11
128 129 0.35
334 129 0.0
8 130 0.16
130 27 0.71
96 130 0.07
130 114 0.2
117 130 0.14
127 130 0.21
334 130 0.0
131 3 0.12
131 6 0.65
26 131 0.1
34 131 0.19
131 37 0.63
131 85 0.5
131 92 0.75
131 93 0.78
131 94 0.65
96 131 0.22
131 114 0.2
334 131 1.0E-4
8 132 0.06
132 13 0.24
132 16 0.12
132 17 0.14
18 132 0.15
19 132 0.26
33 132 0.24
132 73 0.58
91 132 0.15
96 132 0.06
132 99 0.13
132 106 0.58
110 132 0.11
132 126 0.35
334 132 0.0
8 133 0.11
96 133 0.1
114 133 0.29
120 133 0.23
127 133 0.3
334 133 0.0
12 134 0.5
16 134 0.2
18 134 0.26
334 134 0.0
33 135 0.14
135 63 1.0
96 135 0.1
334 135 0.0
136 10 0.27
136 11 0.35
136 16 0.14
136 49 0.32
136 86 0.71
96 136 0.14
110 136 0.14
120 136 0.16
136 125 0.5
126 136 0.21
334 136 0.0
6 137 0.32
26 137 0.2
37 137 0.25
92 137 0.5
93 137 0.39
94 137 0.32
96 137 0.07
131 137 0.5
334 137 0.0
8 138 0.22
14 138 0.19
26 138 0.14
32 138 0.29
34 138 0.13
138 52 0.5
138 55 0.35
59 138 0.25
96 138 0.15
138 104 0.35
114 138 0.43
117 138 0.1
120 138 0.11
138 124 0.35
127 138 0.3
128 138 0.18
138 133 0.5
334 138 0.0
139 17 0.24
18 139 0.26
33 139 0.14
91 139 0.27
139 106 1.0
126 139 0.3
132 139 0.58
334 139 0.0
8 140 0.11
13 140 0.2
16 140 0.2
33 140 0.14
96 140 0.1
99 140 0.23
110 140 0.19
114 140 0.29
115 140 0.58
334 140 0.0
8 141 0.11
334 141 0.0
3 142 0.15
5 142 0.11
6 142 0.21
142 9 0.63
142 10 0.68
142 11 0.22
142 16 0.09
19 142 0.1
33 142 0.06
142 36 0.63
37 142 0.32
142 49 0.6
142 77 0.45
142 80 0.32
93 142 0.25
94 142 0.21
142 95 0.22
96 142 0.23
99 142 0.1
110 142 0.26
114 142 0.13
142 115 0.26
117 142 0.27
120 142 0.1
142 125 0.32
126 142 0.13
142 136 0.32
334 142 1.0E-4
8 143 0.11
96 143 0.1
117 143 0.2
334 143 0.0
33 144 0.14
144 66 1.0
96 144 0.1
110 144 0.19
334 144 0.0
8 145 0.16
13 145 0.29
145 28 1.0
31 145 0.41
69 145 0.3
96 145 0.14
98 145 0.53
128 145 0.5
334 145 0.0
5 146 0.14
146 14 0.22
15 146 0.33
26 146 0.17
34 146 0.15
146 35 0.58
146 40 0.41
146 50 0.82
59 146 0.29
69 146 0.12
91 146 0.31
96 146 0.18
110 146 0.22
117 146 0.12
120 146 0.13
146 123 0.82
334 146 0.0
8 147 0.11
147 90 0.5
96 147 0.1
117 147 0.2
334 147 0.0
5 148 0.14
8 148 0.06
16 148 0.23
17 148 0.14
18 148 0.15
19 148 0.26
26 148 0.17
148 43 0.58
148 62 0.41
148 68 0.58
91 148 0.15
117 148 0.12
120 148 0.13
334 148 0.0
8 149 0.43
149 13 0.05
149 27 0.24
149 32 0.42
149 33 0.07
149 44 0.17
149 52 0.24
149 55 0.34
149 66 0.24
149 90 0.12
96 149 0.22
110 149 0.09
149 114 0.35
117 149 0.45
120 149 0.11
149 124 0.34
127 149 0.29
149 128 0.34
149 129 0.24
149 130 0.34
149 138 0.24
149 143 0.24
149 144 0.24
149 147 0.24
334 149 2.0E-4
8 150 0.44
150 13 0.19
150 24 0.17
150 27 0.24
150 28 0.33
150 31 0.2
150 32 0.41
150 44 0.33
150 52 0.24
150 55 0.33
150 64 0.24
150 69 0.15
150 90 0.12
96 150 0.24
150 98 0.27
110 150 0.05
150 114 0.2
150 116 0.24
117 150 0.34
120 150 0.05
150 124 0.33
127 150 0.21
150 128 0.5
150 130 0.33
150 138 0.12
150 143 0.24
150 145 0.33
150 147 0.24
150 149 0.63
334 150 2.0E-4
14 151 0.38
33 151 0.14
96 151 0.1
151 119 0.58
120 151 0.23
334 151 0.0
10 152 0.38
16 152 0.2
152 39 1.0
152 87 1.0
96 152 0.1
152 113 1.0
334 152 0.0
8 153 0.08
153 10 0.27
34 153 0.19
153 59 0.35
153 77 0.71
153 80 0.5
153 91 0.19
96 153 0.07
153 142 0.32
334 153 0.0
154 25 1.0
96 154 0.1
117 154 0.2
334 154 0.0
2 155 0.16
5 155 0.13
8 155 0.11
16 155 0.1
17 155 0.12
19 155 0.11
26 155 0.14
33 155 0.14
69 155 0.21
155 90 0.25
96 155 0.1
155 103 0.5
117 155 0.1
126 155 0.15
155 147 0.5
149 155 0.12
150 155 0.12
334 155 0.0
8 156 0.11
17 156 0.24
33 156 0.14
156 109 1.0
334 156 0.0
157 14 0.22
15 157 0.33
26 157 0.5
34 157 0.46
157 35 0.58
157 40 0.41
59 157 0.29
91 157 0.31
96 157 0.18
110 157 0.11
117 157 0.12
120 157 0.13
157 146 0.33
334 157 0.0
158 5 0.09
158 8 0.21
158 13 0.08
158 15 0.22
158 16 0.08
158 18 0.1
158 26 0.22
158 33 0.1
158 34 0.2
158 90 0.19
158 91 0.1
158 96 0.23
158 99 0.09
158 110 0.15
158 114 0.11
158 115 0.22
158 117 0.23
158 120 0.09
158 127 0.11
158 140 0.38
158 147 0.38
158 149 0.09
158 150 0.09
158 155 0.19
158 157 0.22
158 334 1.0E-4
3 159 0.33
5 159 0.25
17 159 0.24
95 159 0.5
334 159 0.0
5 160 0.14
8 160 0.06
160 14 0.44
15 160 0.33
26 160 0.33
34 160 0.31
160 35 0.58
160 40 0.41
160 50 0.41
59 160 0.58
69 160 0.12
91 160 0.15
96 160 0.12
160 104 0.41
110 160 0.11
117 160 0.24
120 160 0.13
160 123 0.41
160 138 0.29
160 146 0.67
160 157 0.33
334 160 0.0
26 161 0.29
161 42 0.5
91 161 0.27
161 118 1.0
127 161 0.3
334 161 0.0
6 162 0.46
8 162 0.05
31 162 0.14
37 162 0.18
162 41 0.35
42 162 0.25
69 162 0.11
91 162 0.13
92 162 0.35
93 162 0.42
94 162 0.46
96 162 0.2
162 102 0.5
110 162 0.1
120 162 0.11
121 162 0.82
127 162 0.15
334 162 0.0
163 2 0.16
8 163 0.22
163 22 0.35
33 163 0.07
96 163 0.05
110 163 0.1
114 163 0.29
117 163 0.1
120 163 0.11
127 163 0.3
130 163 0.35
163 133 0.5
163 138 0.25
149 163 0.24
150 163 0.12
334 163 0.0
6 164 0.23
41 164 0.71
91 164 0.27
93 164 0.28
94 164 0.23
96 164 0.1
110 164 0.19
120 164 0.23
121 164 0.41
127 164 0.3
162 164 0.5
334 164 0.0
8 165 0.11
42 165 0.5
334 165 0.0
166 2 0.09
5 166 0.07
166 6 0.38
8 166 0.12
166 9 0.39
166 10 0.21
166 14 0.21
15 166 0.16
166 22 0.2
26 166 0.32
166 31 0.08
166 33 0.04
34 166 0.52
166 35 0.28
166 36 0.39
166 37 0.29
166 38 0.28
166 40 0.39
166 42 0.14
166 49 0.25
166 51 0.28
166 59 0.14
166 65 0.2
166 69 0.06
166 85 0.2
166 91 0.3
166 92 0.2
166 93 0.38
166 94 0.38
96 166 0.31
166 102 0.28
110 166 0.16
166 114 0.08
117 166 0.11
120 166 0.19
166 121 0.34
166 126 0.08
166 131 0.1
166 142 0.25
166 146 0.16
166 153 0.2
166 157 0.32
158 166 0.1
166 160 0.16
166 162 0.28
334 166 2.0E-4
167 2 0.13
5 167 0.2
8 167 0.09
13 167 0.33
167 16 0.08
167 17 0.1
18 167 0.11
19 167 0.28
31 167 0.12
33 167 0.11
167 53 0.41
167 57 0.41
69 167 0.26
167 90 0.2
96 167 0.17
167 97 0.41
167 98 0.15
99 167 0.28
167 115 0.24
167 126 0.25
127 167 0.12
167 155 0.2
334 167 1.0E-4
168 2 0.05
168 3 0.05
168 5 0.11
168 6 0.64
168 7 0.1
168 8 0.29
168 9 0.21
168 10 0.17
168 11 0.07
168 13 0.15
168 14 0.22
168 15 0.09
168 16 0.06
168 18 0.08
168 19 0.03
168 22 0.1
168 26 0.34
168 27 0.15
168 31 0.17
168 32 0.09
168 33 0.14
168 34 0.43
168 36 0.21
168 37 0.42
168 38 0.15
168 40 0.1
168 41 0.21
168 42 0.15
168 45 0.15
168 49 0.2
168 50 0.1
168 51 0.15
168 57 0.15
168 59 0.22
168 60 0.15
168 65 0.21
168 69 0.19
168 76 0.15
168 80 0.1
168 82 0.15
168 85 0.21
168 86 0.15
168 88 0.15
168 89 0.15
168 91 0.28
168 92 0.42
168 93 0.53
168 94 0.64
168 96 0.55
168 98 0.06
168 99 0.1
168 102 0.15
168 104 0.21
168 110 0.23
168 114 0.17
168 115 0.09
168 117 0.3
168 120 0.24
168 121 0.36
168 122 0.15
168 123 0.1
168 125 0.1
168 126 0.13
168 127 0.27
168 128 0.1
168 130 0.1
168 131 0.42
168 133 0.15
168 136 0.1
168 137 0.21
168 138 0.15
168 142 0.13
168 146 0.09
168 149 0.11
168 150 0.14
168 157 0.17
168 158 0.11
168 160 0.17
168 162 0.29
168 163 0.15
168 164 0.15
168 166 0.41
168 167 0.12
168 334 5.0E-4
169 2 0.13
169 3 0.2
169 5 0.26
169 8 0.4
169 11 0.1
169 13 0.13
169 14 0.08
169 15 0.24
169 16 0.08
169 17 0.1
169 18 0.11
169 19 0.14
169 20 0.1
169 22 0.29
169 26 0.12
169 33 0.14
169 34 0.16
169 44 0.14
169 48 0.2
169 50 0.14
169 59 0.1
169 62 0.14
169 69 0.04
169 79 0.2
169 91 0.05
169 95 0.2
169 96 0.17
169 99 0.19
169 104 0.29
169 110 0.39
169 112 0.2
169 114 0.06
169 115 0.24
169 117 0.17
169 120 0.19
169 123 0.14
169 127 0.06
169 132 0.12
169 138 0.1
169 140 0.2
169 142 0.09
169 146 0.12
169 149 0.05
169 150 0.1
169 158 0.23
169 160 0.12
169 163 0.1
169 166 0.06
169 168 0.15
169 334 2.0E-4
170 3 0.08
5 170 0.06
170 6 0.72
8 170 0.08
170 9 0.34
170 10 0.18
170 14 0.09
15 170 0.14
26 170 0.35
170 31 0.07
170 33 0.03
34 170 0.45
170 35 0.24
170 36 0.34
170 37 0.69
170 38 0.24
170 40 0.34
170 42 0.24
170 49 0.22
170 51 0.24
170 60 0.24
170 69 0.05
170 85 0.34
91 170 0.06
170 92 0.6
170 93 0.74
170 94 0.78
96 170 0.34
170 102 0.24
110 170 0.09
170 114 0.21
117 170 0.1
120 170 0.11
170 121 0.1
170 126 0.07
170 128 0.09
170 131 0.69
170 137 0.34
170 142 0.22
170 146 0.14
170 157 0.14
170 160 0.14
170 162 0.12
166 170 0.54
168 170 0.57
334 170 2.0E-4
26 171 0.29
34 171 0.27
91 171 0.27
96 171 0.1
157 171 0.58
158 171 0.38
166 171 0.28
168 171 0.15
334 171 0.0
6 172 0.61
8 172 0.04
172 9 0.47
172 10 0.25
26 172 0.1
34 172 0.18
172 36 0.47
37 172 0.24
172 41 0.47
172 49 0.3
65 172 0.24
172 85 0.24
91 172 0.09
93 172 0.37
94 172 0.69
96 172 0.27
110 172 0.19
114 172 0.1
117 172 0.14
120 172 0.08
121 172 0.41
127 172 0.1
172 128 0.12
131 172 0.12
172 142 0.3
172 162 0.33
172 164 0.33
166 172 0.37
168 172 0.44
170 172 0.4
334 172 1.0E-4
173 3 0.09
173 6 0.64
8 173 0.09
173 9 0.39
173 10 0.21
13 173 0.06
26 173 0.16
31 173 0.16
33 173 0.04
34 173 0.15
173 36 0.39
173 37 0.78
173 41 0.2
173 42 0.14
173 49 0.25
59 173 0.14
69 173 0.12
91 173 0.22
173 92 0.69
173 93 0.77
173 94 0.7
96 173 0.31
173 98 0.1
99 173 0.06
173 102 0.28
110 173 0.21
173 114 0.24
117 173 0.23
120 173 0.06
173 121 0.23
127 173 0.08
173 131 0.59
173 137 0.39
173 142 0.25
157 173 0.16
173 162 0.28
173 164 0.28
166 173 0.31
168 173 0.53
170 173 0.67
173 172 0.37
334 173 2.0E-4
3 174 0.47
5 174 0.35
17 174 0.34
174 62 0.5
95 174 0.71
174 159 0.71
169 174 0.14
334 174 0.0
175 6 0.41
13 175 0.09
175 16 0.09
19 175 0.1
33 175 0.06
175 37 0.47
175 73 0.45
175 92 0.63
175 93 0.5
175 94 0.41
96 175 0.14
175 114 0.26
126 175 0.13
175 131 0.63
132 175 0.26
175 137 0.32
168 175 0.26
170 175 0.43
175 173 0.5
334 175 1.0E-4
176 3 0.19
5 176 0.07
6 176 0.66
8 176 0.06
176 9 0.41
176 10 0.22
176 17 0.07
26 176 0.08
31 176 0.08
34 176 0.23
176 36 0.41
37 176 0.61
176 42 0.29
176 49 0.26
176 60 0.29
69 176 0.06
176 85 0.2
92 176 0.61
93 176 0.72
94 176 0.73
176 95 0.14
96 176 0.26
176 102 0.29
110 176 0.11
114 176 0.08
117 176 0.12
176 121 0.24
131 176 0.51
176 137 0.41
176 142 0.26
176 159 0.29
176 162 0.29
166 176 0.4
168 176 0.47
170 176 0.7
176 172 0.29
173 176 0.64
176 174 0.2
175 176 0.26
334 176 1.0E-4
177 3 0.19
5 177 0.14
8 177 0.06
13 177 0.12
18 177 0.15
19 177 0.13
33 177 0.24
177 76 0.58
91 177 0.15
177 95 0.29
96 177 0.06
99 177 0.13
177 115 0.33
117 177 0.12
177 142 0.26
168 177 0.09
169 177 0.12
334 177 0.0
26 178 0.29
34 178 0.27
91 178 0.27
96 178 0.1
157 178 0.58
158 178 0.38
166 178 0.28
168 178 0.15
178 171 1.0
334 178 0.0
6 179 0.26
8 179 0.04
179 10 0.14
179 11 0.19
13 179 0.08
179 16 0.08
19 179 0.09
26 179 0.22
34 179 0.2
179 41 0.27
179 42 0.19
179 49 0.17
179 85 0.27
91 179 0.1
93 179 0.1
94 179 0.35
96 179 0.19
110 179 0.07
179 118 0.38
120 179 0.09
179 121 0.15
179 125 0.27
126 179 0.11
127 179 0.11
179 128 0.13
131 179 0.13
179 136 0.27
179 142 0.17
179 161 0.38
166 179 0.21
167 179 0.15
168 179 0.28
170 179 0.28
179 172 0.5
173 179 0.1
176 179 0.11
334 179 1.0E-4
5 180 0.25
16 180 0.2
19 180 0.23
69 180 0.21
126 180 0.3
155 180 0.5
167 180 0.41
334 180 0.0
181 3 0.14
5 181 0.2
8 181 0.22
181 11 0.2
13 181 0.17
15 181 0.24
181 16 0.24
18 181 0.21
181 23 0.41
181 24 0.29
26 181 0.12
33 181 0.17
34 181 0.11
181 38 0.41
181 40 0.29
181 48 0.41
181 51 0.41
91 181 0.11
96 181 0.08
99 181 0.09
110 181 0.08
181 114 0.12
181 115 0.24
117 181 0.08
120 181 0.09
126 181 0.12
181 140 0.41
158 181 0.15
166 181 0.11
168 181 0.12
169 181 0.17
170 181 0.1
177 181 0.24
334 181 1.0E-4
8 182 0.11
158 182 0.38
169 182 0.2
334 182 0.0
8 183 0.06
13 183 0.12
26 183 0.17
31 183 0.17
33 183 0.08
183 42 0.29
183 45 0.58
69 183 0.12
183 88 0.58
183 89 0.58
91 183 0.31
96 183 0.12
183 98 0.22
99 183 0.13
117 183 0.12
183 118 0.58
183 122 0.58
127 183 0.17
183 161 0.58
168 183 0.17
183 173 0.16
183 179 0.22
334 183 0.0
13 184 0.14
184 14 0.27
33 184 0.19
69 184 0.15
96 184 0.14
99 184 0.16
184 119 0.41
120 184 0.16
184 151 0.71
334 184 0.0
8 185 0.11
96 185 0.1
117 185 0.2
185 143 1.0
149 185 0.24
150 185 0.24
334 185 0.0
2 186 0.18
3 186 0.38
5 186 0.14
16 186 0.12
19 186 0.13
186 30 0.58
33 186 0.08
186 95 0.29
96 186 0.12
99 186 0.13
115 186 0.33
117 186 0.12
142 186 0.26
169 186 0.12
177 186 0.33
334 186 0.0
8 187 0.11
117 187 0.2
334 187 0.0
5 188 0.25
188 50 0.71
59 188 0.5
69 188 0.21
91 188 0.27
96 188 0.1
110 188 0.19
117 188 0.2
188 123 0.71
146 188 0.58
160 188 0.58
168 188 0.15
334 188 0.0
6 189 0.32
189 9 1.0
10 189 0.53
189 36 1.0
37 189 0.5
49 189 0.63
93 189 0.39
94 189 0.32
96 189 0.14
110 189 0.27
114 189 0.2
117 189 0.29
142 189 0.63
166 189 0.39
168 189 0.21
170 189 0.34
172 189 0.47
173 189 0.39
176 189 0.41
334 189 0.0
8 190 0.11
19 190 0.23
26 190 0.29
91 190 0.27
117 190 0.2
148 190 0.58
334 190 0.0
8 191 0.08
191 10 0.27
34 191 0.19
191 59 0.35
191 77 0.71
191 80 0.5
191 91 0.19
96 191 0.07
191 142 0.32
191 153 1.0
191 166 0.2
334 191 0.0
10 192 0.27
11 192 0.35
16 192 0.14
17 192 0.17
18 192 0.18
192 83 0.71
96 192 0.07
334 192 0.0
26 193 0.29
34 193 0.27
59 193 0.5
91 193 0.27
96 193 0.1
110 193 0.19
117 193 0.2
157 193 0.58
168 193 0.15
173 193 0.28
334 193 0.0
194 2 0.2
6 194 0.07
8 194 0.14
10 194 0.12
11 194 0.16
194 12 0.16
13 194 0.06
17 194 0.23
18 194 0.08
26 194 0.09
33 194 0.17
37 194 0.11
69 194 0.07
194 75 0.32
92 194 0.11
93 194 0.09
94 194 0.07
96 194 0.13
99 194 0.07
194 101 0.32
194 109 0.32
110 194 0.12
114 194 0.09
131 194 0.11
194 155 0.16
194 156 0.32
168 194 0.05
169 194 0.06
170 194 0.08
173 194 0.09
175 194 0.14
194 192 0.22
334 194 1.0E-4
8 195 0.15
10 195 0.17
11 195 0.22
195 12 0.22
17 195 0.22
18 195 0.12
33 195 0.06
96 195 0.05
195 101 0.45
195 109 0.45
195 156 0.45
195 192 0.32
195 194 0.71
334 195 1.0E-4
2 196 0.32
17 196 0.24
26 196 0.29
33 196 0.14
69 196 0.21
96 196 0.1
155 196 0.5
194 196 0.32
334 196 0.0
197 2 0.16
8 197 0.23
197 11 0.13
197 12 0.13
13 197 0.11
197 14 0.2
197 16 0.05
197 17 0.13
18 197 0.07
26 197 0.07
197 31 0.3
33 197 0.28
197 58 0.26
197 69 0.28
197 72 0.26
197 75 0.26
96 197 0.18
99 197 0.18
197 101 0.26
197 103 0.26
197 109 0.26
110 197 0.1
117 197 0.05
197 155 0.26
197 156 0.26
168 197 0.11
197 181 0.11
197 194 0.57
197 195 0.46
197 196 0.26
334 197 1.0E-4
8 198 0.11
10 198 0.19
11 198 0.25
13 198 0.2
17 198 0.12
18 198 0.13
33 198 0.2
198 57 0.5
198 70 0.29
96 198 0.1
99 198 0.23
198 115 0.29
126 198 0.15
167 198 0.2
168 198 0.07
169 198 0.1
198 192 0.35
198 194 0.32
198 195 0.22
334 198 0.0
199 3 0.15
8 199 0.1
199 13 0.18
199 16 0.18
199 17 0.22
18 199 0.23
19 199 0.1
33 199 0.12
199 69 0.1
199 70 0.26
199 95 0.22
96 199 0.18
199 98 0.17
199 99 0.31
110 199 0.09
199 126 0.13
199 132 0.26
169 199 0.18
334 199 0.0
200 10 0.38
200 11 0.5
200 16 0.3
18 200 0.13
200 25 0.5
200 49 0.45
200 80 0.35
96 200 0.15
110 200 0.19
117 200 0.2
120 200 0.23
200 125 0.71
126 200 0.3
200 136 0.35
200 142 0.22
200 154 0.5
168 200 0.15
179 200 0.19
181 200 0.2
197 200 0.13
334 200 0.0
2 201 0.18
8 201 0.13
17 201 0.14
26 201 0.17
33 201 0.08
69 201 0.12
96 201 0.12
114 201 0.17
117 201 0.12
127 201 0.17
201 138 0.29
149 201 0.14
155 201 0.29
194 201 0.18
201 196 0.58
197 201 0.15
334 201 0.0
2 202 0.32
17 202 0.24
26 202 0.29
33 202 0.14
69 202 0.21
96 202 0.1
155 202 0.5
194 202 0.32
202 196 1.0
197 202 0.26
202 201 0.58
334 202 0.0
3 203 0.33
5 203 0.25
17 203 0.24
95 203 0.5
203 159 1.0
203 174 0.71
176 203 0.29
334 203 0.0
3 204 0.33
5 204 0.25
17 204 0.24
204 62 0.71
95 204 0.5
169 204 0.2
204 174 0.71
334 204 0.0
205 3 0.07
205 6 0.5
8 205 0.19
205 13 0.13
205 14 0.25
15 205 0.13
205 19 0.05
26 205 0.31
205 27 0.22
205 31 0.13
205 32 0.38
205 33 0.03
34 205 0.17
205 35 0.22
205 37 0.39
205 40 0.15
205 41 0.15
205 42 0.22
205 44 0.15
205 52 0.22
205 55 0.31
59 205 0.22
205 65 0.15
205 69 0.09
91 205 0.29
205 92 0.54
205 93 0.48
205 94 0.45
96 205 0.33
205 98 0.08
205 99 0.05
205 102 0.22
205 104 0.15
110 205 0.08
205 114 0.31
117 205 0.18
205 118 0.22
120 205 0.1
205 121 0.36
205 124 0.31
127 205 0.26
205 128 0.23
205 130 0.15
205 131 0.39
205 137 0.15
205 138 0.33
205 146 0.13
205 149 0.26
205 150 0.21
205 157 0.25
205 160 0.25
205 161 0.22
205 162 0.33
205 164 0.22
166 205 0.24
205 167 0.09
168 205 0.51
169 205 0.04
170 205 0.42
205 172 0.15
205 173 0.54
205 175 0.39
205 176 0.31
205 179 0.25
205 183 0.25
205 193 0.22
205 194 0.07
205 201 0.13
334 205 2.0E-4
206 2 0.08
206 3 0.24
5 206 0.27
206 6 0.49
8 206 0.3
206 9 0.17
206 10 0.09
206 13 0.37
206 14 0.14
15 206 0.07
206 16 0.17
206 17 0.23
18 206 0.12
206 19 0.33
206 20 0.06
206 22 0.08
26 206 0.35
206 27 0.12
206 31 0.14
206 32 0.21
206 33 0.28
34 206 0.35
206 35 0.12
206 36 0.17
206 37 0.34
206 38 0.12
206 40 0.17
206 41 0.17
206 42 0.12
206 44 0.08
206 45 0.12
206 46 0.12
206 49 0.11
206 50 0.17
206 51 0.12
206 52 0.12
206 53 0.12
206 55 0.17
206 57 0.12
206 59 0.24
206 62 0.17
206 65 0.17
206 69 0.18
206 70 0.07
206 73 0.12
206 76 0.12
206 85 0.17
206 86 0.12
206 88 0.12
206 89 0.12
206 90 0.06
206 91 0.35
206 92 0.34
206 93 0.43
206 94 0.49
206 95 0.24
96 206 0.58
206 97 0.12
206 98 0.14
206 99 0.33
206 102 0.12
206 104 0.08
206 107 0.12
110 206 0.21
206 114 0.24
206 115 0.21
117 206 0.22
206 118 0.12
120 206 0.11
206 121 0.29
206 122 0.12
206 123 0.17
206 124 0.17
206 126 0.25
127 206 0.22
206 128 0.13
206 130 0.08
206 131 0.34
206 132 0.14
206 136 0.08
206 137 0.17
206 138 0.18
206 140 0.12
206 142 0.16
206 146 0.21
206 148 0.14
206 149 0.17
206 150 0.14
206 153 0.08
206 155 0.06
206 157 0.21
158 206 0.09
206 159 0.12
206 160 0.21
206 161 0.12
206 162 0.24
206 163 0.06
206 164 0.12
206 166 0.4
206 167 0.29
168 206 0.6
169 206 0.22
206 170 0.46
206 171 0.12
206 172 0.36
206 173 0.43
206 174 0.17
206 175 0.27
206 176 0.38
206 177 0.14
206 178 0.12
206 179 0.27
206 180 0.12
206 181 0.1
206 183 0.21
206 184 0.08
206 186 0.07
206 188 0.12
206 189 0.17
206 190 0.12
206 191 0.08
206 193 0.12
206 194 0.08
206 198 0.12
206 199 0.21
206 201 0.07
206 203 0.12
206 204 0.12
206 205 0.55
334 206 8.0E-4
6 207 0.41
8 207 0.05
207 9 0.63
10 207 0.34
34 207 0.24
207 36 0.63
37 207 0.32
42 207 0.22
49 207 0.4
207 60 0.45
92 207 0.16
93 207 0.37
94 207 0.51
96 207 0.23
110 207 0.17
114 207 0.13
117 207 0.18
121 207 0.18
142 207 0.4
162 207 0.22
166 207 0.5
168 207 0.33
170 207 0.43
172 207 0.45
173 207 0.37
176 207 0.65
179 207 0.17
207 189 0.63
205 207 0.1
206 207 0.21
334 207 1.0E-4
8 208 0.11
208 20 0.25
26 208 0.14
34 208 0.13
208 42 0.25
208 69 0.11
91 208 0.13
96 208 0.1
110 208 0.1
117 208 0.1
158 208 0.19
208 165 0.5
166 208 0.14
168 208 0.07
169 208 0.1
208 170 0.12
206 208 0.06
334 208 0.0
6 209 0.57
8 209 0.08
209 9 0.5
209 10 0.27
14 209 0.13
31 209 0.1
34 209 0.09
209 36 0.5
37 209 0.38
209 41 0.5
42 209 0.18
209 49 0.32
209 65 0.5
69 209 0.08
91 209 0.19
92 209 0.13
93 209 0.39
94 209 0.57
96 209 0.29
209 102 0.35
110 209 0.2
114 209 0.1
117 209 0.14
120 209 0.08
209 121 0.58
127 209 0.11
209 142 0.32
209 162 0.35
209 164 0.35
166 209 0.49
168 209 0.42
170 209 0.34
209 172 0.71
173 209 0.49
176 209 0.41
179 209 0.27
209 189 0.5
205 209 0.23
206 209 0.34
209 207 0.47
334 209 1.0E-4
8 210 0.16
13 210 0.29
14 210 0.53
31 210 0.41
33 210 0.19
69 210 0.3
96 210 0.14
99 210 0.16
168 210 0.21
197 210 0.37
334 210 0.0
211 3 0.15
8 211 0.05
13 211 0.37
211 16 0.09
211 17 0.11
18 211 0.12
33 211 0.24
211 46 0.45
69 211 0.19
91 211 0.12
96 211 0.18
99 211 0.31
211 126 0.13
177 211 0.26
211 181 0.18
211 184 0.32
206 211 0.16
334 211 0.0
8 212 0.04
212 10 0.15
212 11 0.2
13 212 0.17
212 17 0.1
18 212 0.11
212 31 0.24
33 212 0.06
212 57 0.41
212 69 0.26
212 72 0.41
96 212 0.21
99 212 0.47
212 115 0.24
212 126 0.12
212 167 0.17
168 212 0.06
212 192 0.29
212 194 0.13
212 195 0.18
212 197 0.21
212 198 0.41
199 212 0.37
206 212 0.1
334 212 1.0E-4
8 213 0.11
13 213 0.2
32 213 0.58
44 213 0.71
55 213 0.71
114 213 0.29
124 213 0.71
128 213 0.35
149 213 0.24
150 213 0.24
205 213 0.22
206 213 0.12
334 213 0.0
3 214 0.22
5 214 0.25
8 214 0.04
214 11 0.17
13 214 0.07
214 16 0.33
214 17 0.16
18 214 0.34
19 214 0.15
214 30 0.33
33 214 0.23
214 49 0.15
214 57 0.33
69 214 0.07
214 70 0.19
91 214 0.09
214 95 0.33
96 214 0.17
214 98 0.13
99 214 0.15
214 106 0.33
214 115 0.38
117 214 0.14
126 214 0.4
132 214 0.19
214 139 0.33
214 142 0.15
214 155 0.17
167 214 0.27
168 214 0.1
169 214 0.07
177 214 0.19
214 180 0.33
181 214 0.14
214 186 0.38
197 214 0.09
214 198 0.17
199 214 0.15
214 200 0.17
206 214 0.16
212 214 0.14
334 214 1.0E-4
8 215 0.11
215 111 1.0
334 215 0.0
8 216 0.25
11 216 0.22
20 216 0.45
42 216 0.22
69 216 0.1
216 79 0.45
110 216 0.17
216 112 0.45
117 216 0.09
149 216 0.11
216 165 0.45
169 216 0.27
208 216 0.45
334 216 0.0
5 217 0.17
8 217 0.11
217 14 0.25
15 217 0.19
26 217 0.48
217 33 0.05
34 217 0.53
217 35 0.33
217 38 0.33
217 40 0.47
217 45 0.33
217 50 0.47
217 51 0.33
217 59 0.67
217 69 0.07
217 88 0.33
217 89 0.33
217 91 0.45
96 217 0.24
217 104 0.24
110 217 0.19
117 217 0.2
120 217 0.15
217 122 0.33
217 123 0.47
217 126 0.1
217 138 0.17
217 146 0.58
217 153 0.24
217 157 0.38
217 160 0.58
217 166 0.37
168 217 0.29
169 217 0.14
217 170 0.24
217 173 0.09
217 181 0.14
217 183 0.19
217 188 0.33
217 191 0.24
217 193 0.33
217 205 0.22
217 206 0.36
217 208 0.17
334 217 1.0E-4
218 14 0.38
15 218 0.58
26 218 0.29
34 218 0.27
218 35 1.0
218 40 0.71
96 218 0.1
120 218 0.23
218 146 0.58
218 157 0.58
218 160 0.58
166 218 0.28
170 218 0.24
205 218 0.22
206 218 0.12
217 218 0.33
334 218 0.0
8 219 0.08
26 219 0.2
34 219 0.38
219 59 0.35
219 91 0.38
96 219 0.07
219 153 0.5
219 157 0.41
158 219 0.27
219 166 0.39
168 219 0.1
219 171 0.71
219 178 0.71
219 191 0.5
219 206 0.17
219 217 0.24
334 219 0.0
8 220 0.08
26 220 0.2
34 220 0.38
220 59 0.35
220 91 0.38
96 220 0.07
220 153 0.5
220 157 0.41
158 220 0.27
220 166 0.39
168 220 0.1
220 171 0.71
220 178 0.71
220 191 0.5
220 206 0.17
220 217 0.24
220 219 1.0
334 220 0.0
221 45 1.0
221 88 1.0
221 89 1.0
96 221 0.1
221 122 1.0
168 221 0.15
221 183 0.58
206 221 0.12
217 221 0.33
334 221 0.0
8 222 0.06
26 222 0.33
34 222 0.46
222 59 0.58
222 91 0.46
96 222 0.12
110 222 0.11
117 222 0.12
222 153 0.41
222 157 0.33
222 166 0.32
168 222 0.17
222 170 0.14
222 173 0.16
222 191 0.41
222 193 0.58
222 205 0.13
222 206 0.21
222 208 0.29
222 217 0.58
222 219 0.41
222 220 0.41
334 222 0.0
8 223 0.05
26 223 0.43
34 223 0.53
223 59 0.5
223 91 0.53
96 223 0.15
110 223 0.1
117 223 0.1
223 153 0.35
223 157 0.58
158 223 0.19
223 166 0.42
168 223 0.22
223 170 0.12
223 171 0.5
223 173 0.14
223 178 0.5
223 191 0.35
223 193 0.5
223 205 0.11
223 206 0.24
223 208 0.25
223 217 0.5
223 219 0.71
223 220 0.71
223 222 0.87
334 223 0.0
224 6 0.21
8 224 0.05
224 14 0.17
34 224 0.12
224 45 0.45
224 59 0.22
224 65 0.32
224 88 0.45
224 89 0.45
224 91 0.36
224 94 0.1
96 224 0.14
224 121 0.37
224 122 0.45
224 153 0.32
224 162 0.22
224 166 0.25
168 224 0.2
224 172 0.15
224 183 0.26
224 191 0.32
224 205 0.1
224 206 0.21
224 209 0.16
224 217 0.3
224 219 0.32
224 220 0.32
224 221 0.45
224 222 0.26
224 223 0.22
334 224 0.0
5 225 0.25
8 225 0.11
26 225 0.29
33 225 0.14
34 225 0.27
225 38 1.0
225 40 0.71
225 51 1.0
96 225 0.1
120 225 0.23
126 225 0.3
166 225 0.28
168 225 0.15
170 225 0.24
225 181 0.41
206 225 0.12
217 225 0.33
334 225 0.0
5 226 0.06
226 6 0.16
226 7 0.17
8 226 0.26
226 9 0.33
226 10 0.18
226 13 0.05
226 14 0.09
15 226 0.14
226 16 0.05
226 17 0.06
18 226 0.06
226 19 0.05
26 226 0.27
226 32 0.14
226 33 0.13
34 226 0.31
226 35 0.24
226 36 0.33
226 37 0.25
226 38 0.24
226 40 0.33
226 49 0.21
226 50 0.17
226 51 0.24
226 59 0.24
226 69 0.05
226 73 0.24
226 82 0.24
226 91 0.25
226 92 0.08
226 93 0.2
226 94 0.16
96 226 0.36
226 104 0.17
226 106 0.24
110 226 0.23
226 114 0.2
117 226 0.24
120 226 0.27
226 123 0.17
226 126 0.21
127 226 0.36
226 131 0.08
226 132 0.27
226 133 0.24
226 137 0.17
226 138 0.24
226 139 0.24
226 142 0.21
226 146 0.27
226 149 0.17
226 150 0.17
226 153 0.17
226 157 0.27
226 160 0.14
226 163 0.12
226 166 0.33
168 226 0.38
169 226 0.14
226 170 0.29
226 172 0.16
226 173 0.26
226 175 0.11
226 176 0.2
226 181 0.1
226 189 0.33
226 191 0.17
226 193 0.24
226 201 0.14
226 205 0.21
226 206 0.31
226 207 0.21
226 209 0.17
226 214 0.08
226 217 0.39
226 218 0.24
226 219 0.17
226 220 0.17
226 222 0.27
226 223 0.24
226 224 0.11
226 225 0.24
334 226 2.0E-4
5 227 0.25
8 227 0.11
26 227 0.29
33 227 0.14
34 227 0.27
227 38 1.0
227 40 0.71
227 51 1.0
96 227 0.1
120 227 0.23
126 227 0.3
166 227 0.28
168 227 0.15
170 227 0.24
227 181 0.41
206 227 0.12
217 227 0.33
227 225 1.0
226 227 0.24
334 227 0.0
8 228 0.25
13 228 0.54
228 14 0.43
228 17 0.09
31 228 0.44
33 228 0.36
228 53 0.38
228 57 0.38
69 228 0.4
228 90 0.38
91 228 0.1
96 228 0.23
228 97 0.38
228 98 0.43
99 228 0.43
228 115 0.22
117 228 0.08
228 126 0.23
127 228 0.11
167 228 0.31
168 228 0.22
228 173 0.1
228 183 0.22
197 228 0.2
228 198 0.19
205 228 0.08
206 228 0.18
228 210 0.53
212 228 0.15
228 214 0.13
334 228 1.0E-4
229 17 0.24
18 229 0.26
33 229 0.14
91 229 0.27
229 106 1.0
126 229 0.3
132 229 0.58
229 139 1.0
229 214 0.33
226 229 0.24
334 229 0.0
230 2 0.15
230 3 0.15
5 230 0.06
230 6 0.32
8 230 0.13
230 9 0.32
230 10 0.17
230 11 0.11
230 14 0.09
230 20 0.34
26 230 0.13
34 230 0.18
230 36 0.32
230 37 0.16
230 41 0.32
230 45 0.23
230 49 0.21
230 50 0.32
230 59 0.34
230 65 0.16
230 69 0.1
230 79 0.23
230 88 0.23
230 89 0.23
230 91 0.49
230 93 0.19
230 94 0.26
96 230 0.26
110 230 0.35
230 112 0.23
230 114 0.07
117 230 0.19
230 119 0.13
120 230 0.05
230 121 0.37
230 122 0.23
230 123 0.32
230 126 0.07
127 230 0.07
230 142 0.21
230 146 0.26
230 153 0.16
230 157 0.26
158 230 0.09
230 160 0.13
230 162 0.23
230 164 0.23
230 166 0.32
168 230 0.34
169 230 0.14
230 170 0.11
230 171 0.23
230 172 0.38
230 173 0.25
230 176 0.13
230 178 0.23
230 179 0.09
230 183 0.13
230 186 0.13
230 188 0.23
230 189 0.32
230 191 0.16
230 193 0.23
230 205 0.15
230 206 0.33
230 207 0.21
230 208 0.11
230 209 0.41
230 216 0.31
230 217 0.38
230 219 0.32
230 220 0.32
230 221 0.23
230 222 0.26
230 223 0.34
230 224 0.51
230 226 0.27
334 230 2.0E-4
231 2 0.22
231 4 0.71
231 12 0.35
33 231 0.1
96 231 0.07
231 105 0.71
206 231 0.08
334 231 0.0
33 232 0.14
96 232 0.1
334 232 0.0
233 3 0.11
5 233 0.04
233 6 0.72
8 233 0.16
233 9 0.23
233 10 0.12
13 233 0.37
233 14 0.19
233 16 0.03
233 17 0.12
19 233 0.04
233 20 0.08
26 233 0.09
233 31 0.33
33 233 0.2
34 233 0.22
233 36 0.23
233 37 0.46
233 41 0.23
233 42 0.16
233 46 0.16
233 49 0.15
233 53 0.16
233 57 0.16
233 60 0.16
233 65 0.23
233 69 0.39
233 72 0.16
233 85 0.23
233 90 0.16
91 233 0.13
233 92 0.46
233 93 0.59
233 94 0.72
233 95 0.08
96 233 0.55
233 97 0.16
233 98 0.19
99 233 0.6
233 102 0.16
110 233 0.13
233 114 0.19
233 115 0.19
117 233 0.1
120 233 0.04
233 121 0.4
233 126 0.1
127 233 0.1
233 128 0.06
233 131 0.46
233 137 0.23
233 140 0.16
233 142 0.15
158 233 0.06
233 159 0.16
233 162 0.33
233 164 0.16
166 233 0.32
233 167 0.2
168 233 0.56
169 233 0.03
170 233 0.56
233 172 0.49
233 173 0.55
233 174 0.12
233 175 0.29
233 176 0.57
233 179 0.25
233 181 0.07
233 183 0.09
233 184 0.12
233 189 0.23
233 194 0.05
233 197 0.13
233 198 0.08
199 233 0.15
233 203 0.16
205 233 0.39
206 233 0.57
233 207 0.37
233 209 0.46
233 210 0.12
233 211 0.22
233 212 0.34
233 214 0.05
224 233 0.15
226 233 0.12
233 228 0.31
230 233 0.23
334 233 4.0E-4
234 3 0.13
234 6 0.61
8 234 0.04
26 234 0.11
31 234 0.11
234 37 0.8
234 42 0.19
69 234 0.08
234 92 0.94
234 93 0.73
234 94 0.61
96 234 0.19
234 102 0.38
234 114 0.22
234 121 0.15
234 131 0.8
234 137 0.53
234 162 0.19
166 234 0.1
168 234 0.39
170 234 0.64
234 173 0.73
234 175 0.68
234 176 0.55
234 194 0.12
205 234 0.49
206 234 0.32
234 209 0.13
226 234 0.09
233 234 0.43
334 234 1.0E-4
8 235 0.13
96 235 0.06
117 235 0.12
235 141 0.58
201 235 0.33
334 235 0.0
236 17 0.24
18 236 0.26
33 236 0.14
91 236 0.27
236 106 1.0
126 236 0.3
132 236 0.58
236 139 1.0
236 214 0.33
226 236 0.24
236 229 1.0
334 236 0.0
10 237 0.38
16 237 0.2
237 39 1.0
237 87 1.0
96 237 0.1
237 113 1.0
237 152 1.0
334 237 0.0
8 238 0.11
110 238 0.19
119 238 0.58
120 238 0.23
334 238 0.0
8 239 0.11
114 239 0.29
117 239 0.2
120 239 0.23
149 239 0.24
334 239 0.0
2 240 0.32
240 4 1.0
12 240 0.5
240 105 1.0
231 240 0.71
334 240 0.0
241 3 0.16
5 241 0.08
241 6 0.11
8 241 0.3
241 9 0.11
241 10 0.06
241 13 0.73
241 14 0.18
241 16 0.16
241 17 0.16
18 241 0.08
19 241 0.22
241 20 0.08
26 241 0.05
241 28 0.23
241 31 0.56
241 32 0.09
33 241 0.46
34 241 0.04
241 36 0.11
241 37 0.17
241 42 0.08
241 46 0.16
241 49 0.07
241 52 0.16
241 53 0.16
241 55 0.11
241 57 0.16
241 69 0.55
241 70 0.09
241 72 0.16
241 73 0.16
241 76 0.16
241 90 0.16
91 241 0.09
241 92 0.11
241 93 0.13
241 94 0.11
241 95 0.16
96 241 0.51
241 97 0.16
241 98 0.43
241 99 0.71
241 102 0.16
241 107 0.16
110 241 0.09
241 114 0.19
241 115 0.28
117 241 0.1
241 121 0.07
241 124 0.11
241 126 0.29
127 241 0.05
241 128 0.23
241 131 0.06
241 132 0.19
241 137 0.11
241 138 0.08
241 140 0.16
241 142 0.15
241 145 0.23
149 241 0.04
150 241 0.15
241 155 0.08
158 241 0.06
241 162 0.08
166 241 0.09
241 167 0.26
168 241 0.19
169 241 0.17
170 241 0.12
241 172 0.05
241 173 0.18
241 175 0.07
241 176 0.14
241 177 0.28
241 180 0.16
241 181 0.13
241 183 0.09
241 184 0.11
241 186 0.09
241 189 0.11
241 194 0.05
241 197 0.17
241 198 0.16
241 199 0.29
205 241 0.11
206 241 0.47
241 207 0.07
241 209 0.11
241 210 0.23
241 211 0.36
241 212 0.33
241 214 0.22
226 241 0.11
241 228 0.43
230 241 0.04
241 233 0.51
241 234 0.12
334 241 4.0E-4
242 2 0.39
242 6 0.09
8 242 0.04
242 17 0.1
18 242 0.11
242 22 0.29
26 242 0.24
34 242 0.22
242 54 0.58
242 56 0.41
242 59 0.41
242 71 0.41
242 74 0.41
242 81 0.58
242 91 0.22
242 94 0.09
96 242 0.08
110 242 0.16
117 242 0.08
120 242 0.09
242 128 0.14
242 153 0.29
242 157 0.24
242 166 0.23
168 242 0.12
169 242 0.08
242 170 0.1
242 172 0.14
242 173 0.11
242 179 0.15
242 191 0.29
242 193 0.41
242 205 0.18
242 206 0.15
242 217 0.27
242 219 0.29
242 220 0.29
242 222 0.47
242 223 0.41
242 224 0.18
242 226 0.19
242 230 0.19
242 233 0.07
334 242 1.0E-4
243 45 1.0
243 88 1.0
243 89 1.0
96 243 0.1
243 122 1.0
168 243 0.15
243 183 0.58
206 243 0.12
217 243 0.33
243 221 1.0
224 243 0.45
230 243 0.23
334 243 0.0
244 45 1.0
244 88 1.0
244 89 1.0
96 244 0.1
244 122 1.0
168 244 0.15
244 183 0.58
206 244 0.12
217 244 0.33
244 221 1.0
224 244 0.45
230 244 0.23
244 243 1.0
334 244 0.0
13 245 0.2
16 245 0.2
19 245 0.23
33 245 0.14
245 73 1.0
96 245 0.1
126 245 0.3
132 245 0.58
175 245 0.45
206 245 0.12
226 245 0.24
241 245 0.16
334 245 0.0
5 246 0.18
8 246 0.08
16 246 0.14
17 246 0.17
18 246 0.18
19 246 0.16
246 62 0.5
120 246 0.16
148 246 0.41
206 246 0.17
334 246 0.0
5 247 0.13
8 247 0.11
13 247 0.1
16 247 0.1
19 247 0.23
247 20 0.25
33 247 0.14
34 247 0.13
247 57 0.5
247 83 0.5
96 247 0.15
99 247 0.23
247 115 0.29
126 247 0.15
167 247 0.2
168 247 0.07
192 247 0.35
198 247 0.25
206 247 0.18
212 247 0.2
214 247 0.17
228 247 0.19
233 247 0.16
241 247 0.16
334 247 0.0
8 248 0.08
19 248 0.16
96 248 0.14
117 248 0.14
248 143 0.71
149 248 0.17
150 248 0.17
248 185 0.71
206 248 0.08
334 248 0.0
8 249 0.11
33 249 0.14
334 249 0.0
8 250 0.11
11 250 0.5
250 79 1.0
250 112 1.0
169 250 0.2
216 250 0.45
230 250 0.23
334 250 0.0
8 251 0.19
13 251 0.12
32 251 0.33
251 44 0.82
55 251 0.41
114 251 0.17
124 251 0.41
128 251 0.2
149 251 0.14
150 251 0.27
169 251 0.24
205 251 0.13
206 251 0.07
251 213 0.58
334 251 0.0
8 252 0.08
14 252 0.27
33 252 0.19
252 75 0.71
96 252 0.07
110 252 0.14
252 119 0.41
120 252 0.16
252 151 0.71
184 252 0.5
194 252 0.22
197 252 0.18
334 252 0.0
8 253 0.11
12 253 0.5
194 253 0.32
195 253 0.45
197 253 0.26
334 253 0.0
6 254 0.32
254 9 1.0
10 254 0.53
254 36 1.0
37 254 0.5
49 254 0.63
93 254 0.39
94 254 0.32
96 254 0.14
110 254 0.27
114 254 0.2
117 254 0.29
142 254 0.63
166 254 0.39
168 254 0.21
170 254 0.34
172 254 0.47
173 254 0.39
176 254 0.41
254 189 1.0
206 254 0.17
207 254 0.63
209 254 0.5
226 254 0.33
230 254 0.32
233 254 0.23
241 254 0.11
334 254 0.0
8 255 0.11
255 116 1.0
150 255 0.24
334 255 0.0
5 256 0.1
256 6 0.19
8 256 0.04
256 14 0.15
34 256 0.11
256 41 0.29
256 50 0.58
256 59 0.41
256 65 0.29
256 69 0.09
256 91 0.65
256 93 0.11
256 94 0.09
96 256 0.17
110 256 0.24
117 256 0.08
120 256 0.09
256 121 0.33
256 123 0.58
127 256 0.12
256 146 0.47
256 153 0.29
256 160 0.24
256 162 0.2
256 164 0.41
256 166 0.23
168 256 0.18
169 256 0.08
256 172 0.14
256 173 0.11
256 188 0.41
256 191 0.29
256 205 0.18
256 206 0.24
256 209 0.29
256 217 0.41
256 219 0.29
256 220 0.29
256 222 0.24
256 223 0.2
256 224 0.55
256 226 0.19
256 230 0.56
256 233 0.13
256 242 0.17
334 256 1.0E-4
257 3 0.09
257 5 0.2
257 6 0.37
257 8 0.12
257 9 0.38
257 10 0.4
257 15 0.31
257 16 0.16
257 17 0.06
257 18 0.14
257 19 0.06
257 26 0.23
257 31 0.08
257 33 0.04
257 34 0.21
257 36 0.38
257 37 0.38
257 42 0.27
257 43 0.27
257 48 0.27
257 49 0.36
257 60 0.27
257 62 0.19
257 68 0.27
257 69 0.06
257 76 0.27
257 77 0.27
257 80 0.38
257 92 0.19
257 93 0.3
257 94 0.43
257 96 0.24
257 102 0.27
257 110 0.21
257 114 0.08
257 117 0.16
257 120 0.18
257 121 0.11
257 125 0.19
257 126 0.08
257 127 0.08
257 128 0.09
257 131 0.09
257 137 0.19
257 142 0.36
257 148 0.31
257 153 0.19
257 158 0.1
257 162 0.13
257 166 0.3
257 168 0.39
257 169 0.11
257 170 0.45
257 172 0.36
257 173 0.37
257 176 0.46
257 177 0.15
257 179 0.2
257 181 0.11
257 189 0.38
257 191 0.19
257 200 0.13
257 205 0.12
257 206 0.26
257 207 0.48
257 209 0.38
257 226 0.19
257 230 0.12
257 233 0.31
257 234 0.2
257 241 0.17
257 242 0.11
257 246 0.19
257 254 0.38
257 334 2.0E-4
6 258 0.23
34 258 0.27
42 258 0.5
258 60 1.0
94 258 0.23
96 258 0.1
168 258 0.15
170 258 0.24
176 258 0.29
207 258 0.45
233 258 0.16
257 258 0.27
334 258 0.0
8 259 0.11
13 259 0.2
33 259 0.14
259 57 1.0
96 259 0.1
99 259 0.23
259 115 0.58
126 259 0.3
167 259 0.41
168 259 0.15
198 259 0.5
206 259 0.12
212 259 0.41
214 259 0.33
228 259 0.38
233 259 0.16
241 259 0.16
247 259 0.5
334 259 0.0
13 260 0.2
17 260 0.24
19 260 0.23
260 107 1.0
206 260 0.12
241 260 0.16
334 260 0.0
6 261 0.23
261 41 0.71
94 261 0.23
96 261 0.1
121 261 0.41
168 261 0.15
172 261 0.33
179 261 0.38
206 261 0.12
209 261 0.35
230 261 0.23
233 261 0.16
334 261 0.0
262 3 0.1
262 6 0.73
8 262 0.03
262 9 0.41
262 10 0.22
26 262 0.08
34 262 0.23
262 36 0.41
262 37 0.71
262 41 0.2
262 49 0.26
262 85 0.41
91 262 0.08
262 92 0.61
262 93 0.88
262 94 0.79
96 262 0.29
110 262 0.17
262 114 0.25
117 262 0.12
120 262 0.07
262 121 0.12
127 262 0.09
262 131 0.82
262 137 0.41
262 142 0.26
262 162 0.14
262 164 0.29
166 262 0.32
168 262 0.51
170 262 0.77
262 172 0.48
262 173 0.8
262 175 0.52
262 176 0.67
262 179 0.22
262 189 0.41
262 194 0.09
205 262 0.38
206 262 0.41
262 207 0.39
262 209 0.41
226 262 0.2
230 262 0.2
233 262 0.57
262 234 0.65
241 262 0.09
262 254 0.41
256 262 0.12
257 262 0.31
334 262 1.0E-4
263 3 0.15
263 6 0.51
26 263 0.13
263 37 0.63
263 92 0.79
263 93 0.62
263 94 0.51
96 263 0.14
263 114 0.13
263 131 0.79
263 137 0.63
168 263 0.33
170 263 0.54
263 173 0.62
263 175 0.6
263 176 0.52
205 263 0.39
206 263 0.27
226 263 0.11
233 263 0.37
263 234 0.85
241 263 0.07
257 263 0.12
263 262 0.65
334 263 0.0
6 264 0.46
264 9 0.71
264 10 0.38
34 264 0.13
264 36 0.71
37 264 0.35
264 49 0.45
264 85 0.35
92 264 0.18
93 264 0.55
94 264 0.46
96 264 0.2
110 264 0.19
114 264 0.14
117 264 0.2
121 264 0.2
131 264 0.18
264 142 0.45
264 162 0.25
166 264 0.55
168 264 0.29
170 264 0.36
264 172 0.5
173 264 0.28
176 264 0.43
179 264 0.19
264 189 0.71
205 264 0.11
206 264 0.24
264 207 0.67
209 264 0.35
226 264 0.24
230 264 0.23
233 264 0.33
241 264 0.08
264 254 0.71
257 264 0.27
262 264 0.43
334 264 1.0E-4
6 265 0.51
265 9 0.63
265 10 0.34
26 265 0.13
34 265 0.24
265 36 0.63
37 265 0.32
265 49 0.4
265 85 0.63
93 265 0.5
94 265 0.51
96 265 0.18
110 265 0.17
114 265 0.13
117 265 0.18
265 128 0.16
131 265 0.32
265 142 0.4
166 265 0.37
168 265 0.33
170 265 0.54
265 172 0.6
173 265 0.25
176 265 0.39
179 265 0.34
265 189 0.63
205 265 0.1
206 265 0.27
265 207 0.4
209 265 0.32
226 265 0.21
230 265 0.21
233 265 0.37
241 265 0.07
242 265 0.18
265 254 0.63
257 265 0.36
262 265 0.52
265 264 0.67
334 265 1.0E-4
6 266 0.32
8 266 0.08
31 266 0.2
37 266 0.25
266 41 0.5
42 266 0.35
69 266 0.15
92 266 0.25
93 266 0.2
94 266 0.32
96 266 0.14
266 102 0.71
121 266 0.58
162 266 0.35
166 266 0.2
168 266 0.21
170 266 0.17
172 266 0.24
173 266 0.2
176 266 0.2
179 266 0.27
205 266 0.15
206 266 0.17
209 266 0.5
230 266 0.16
233 266 0.23
234 266 0.27
241 266 0.11
257 266 0.19
266 261 0.71
334 266 0.0
267 3 0.13
6 267 0.26
267 7 0.27
8 267 0.17
13 267 0.08
26 267 0.11
31 267 0.11
33 267 0.1
37 267 0.4
69 267 0.16
267 82 0.38
91 267 0.1
92 267 0.4
93 267 0.31
94 267 0.26
96 267 0.23
267 98 0.14
99 267 0.09
114 267 0.11
117 267 0.08
120 267 0.26
127 267 0.34
131 267 0.4
267 133 0.38
267 137 0.27
267 138 0.19
267 163 0.19
168 267 0.39
170 267 0.28
173 267 0.42
175 267 0.17
267 176 0.33
183 267 0.22
205 267 0.25
206 267 0.18
226 267 0.36
228 267 0.14
233 267 0.25
234 267 0.43
241 267 0.12
257 267 0.1
262 267 0.33
263 267 0.51
334 267 1.0E-4
26 268 0.29
34 268 0.27
59 268 0.5
91 268 0.27
96 268 0.1
110 268 0.19
117 268 0.2
157 268 0.58
168 268 0.15
173 268 0.28
268 193 1.0
205 268 0.22
206 268 0.12
217 268 0.33
222 268 0.58
223 268 0.5
226 268 0.24
230 268 0.23
242 268 0.41
334 268 0.0
33 269 0.14
96 269 0.1
334 269 0.0
91 270 0.27
224 270 0.45
230 270 0.23
256 270 0.41
334 270 0.0
2 271 0.32
110 271 0.19
194 271 0.32
197 271 0.26
334 271 0.0
272 5 0.25
272 8 0.11
272 15 0.58
272 18 0.26
272 26 0.29
272 34 0.27
272 96 0.1
272 110 0.19
272 117 0.2
272 120 0.23
272 127 0.3
272 158 0.38
272 168 0.15
272 169 0.2
272 257 0.27
272 334 0.0
273 25 1.0
96 273 0.1
117 273 0.2
273 154 1.0
200 273 0.5
334 273 0.0
5 274 0.25
19 274 0.23
96 274 0.1
110 274 0.19
169 274 0.2
334 274 0.0
275 5 0.1
275 7 0.29
275 8 0.27
275 13 0.17
275 15 0.24
275 16 0.08
275 18 0.11
275 26 0.12
275 28 0.29
275 31 0.12
275 33 0.06
275 34 0.11
275 69 0.09
275 96 0.21
275 98 0.15
275 99 0.09
275 110 0.16
275 114 0.24
275 115 0.24
275 117 0.17
275 120 0.28
275 127 0.37
275 128 0.29
275 133 0.41
275 138 0.2
275 140 0.41
275 145 0.29
275 149 0.1
275 150 0.19
275 158 0.31
275 163 0.2
275 168 0.24
275 169 0.17
275 181 0.17
275 206 0.05
275 226 0.19
275 233 0.07
275 241 0.13
275 257 0.11
275 267 0.31
275 272 0.41
275 334 1.0E-4
50 276 0.71
91 276 0.27
96 276 0.1
110 276 0.19
123 276 0.71
146 276 0.58
169 276 0.2
206 276 0.12
217 276 0.33
226 276 0.24
230 276 0.23
256 276 0.41
334 276 0.0
5 277 0.25
8 277 0.05
11 277 0.25
13 277 0.1
16 277 0.3
18 277 0.13
19 277 0.23
33 277 0.07
277 57 0.5
69 277 0.11
96 277 0.05
99 277 0.11
277 115 0.29
117 277 0.1
126 277 0.3
277 155 0.25
167 277 0.41
168 277 0.15
277 180 0.5
181 277 0.2
197 277 0.13
198 277 0.25
200 277 0.25
206 277 0.12
212 277 0.2
214 277 0.5
228 277 0.19
233 277 0.08
241 277 0.16
247 277 0.25
277 259 0.5
334 277 1.0E-4
5 278 0.18
16 278 0.28
19 278 0.16
278 43 0.71
278 68 0.71
69 278 0.15
126 278 0.21
278 148 0.41
278 155 0.35
167 278 0.29
278 180 0.71
206 278 0.08
214 278 0.24
241 278 0.11
257 278 0.19
277 278 0.35
334 278 0.0
8 279 0.11
20 279 0.5
119 279 0.58
230 279 0.23
334 279 0.0
8 280 0.11
96 280 0.1
114 280 0.29
127 280 0.3
280 138 0.5
149 280 0.24
201 280 0.58
205 280 0.22
206 280 0.12
226 280 0.24
334 280 0.0
13 281 0.29
14 281 0.27
17 281 0.34
31 281 0.2
33 281 0.1
281 46 0.71
69 281 0.15
281 90 0.35
96 281 0.14
98 281 0.27
99 281 0.32
126 281 0.21
206 281 0.08
211 281 0.32
228 281 0.27
233 281 0.23
241 281 0.23
334 281 0.0
8 282 0.22
282 14 0.31
15 282 0.24
282 20 0.61
26 282 0.24
34 282 0.22
282 35 0.41
282 40 0.29
59 282 0.2
69 282 0.09
96 282 0.04
282 104 0.29
110 282 0.24
117 282 0.08
282 119 0.47
120 282 0.19
282 138 0.2
282 146 0.24
282 157 0.24
282 160 0.47
166 282 0.11
168 282 0.06
169 282 0.17
170 282 0.1
205 282 0.18
206 282 0.1
208 282 0.2
282 216 0.37
217 282 0.27
282 218 0.41
226 282 0.1
230 282 0.28
282 238 0.41
282 279 0.41
334 282 1.0E-4
8 283 0.11
283 141 1.0
283 235 0.58
334 283 0.0
284 2 0.33
3 284 0.17
284 4 0.26
5 284 0.13
6 284 0.36
8 284 0.06
284 12 0.26
13 284 0.05
14 284 0.1
15 284 0.15
284 16 0.1
284 17 0.13
18 284 0.07
19 284 0.06
284 22 0.37
31 284 0.07
33 284 0.11
34 284 0.14
37 284 0.18
284 41 0.18
284 48 0.26
284 62 0.18
69 284 0.06
284 78 0.26
284 85 0.37
284 90 0.13
91 284 0.07
92 284 0.27
93 284 0.43
94 284 0.36
96 284 0.18
284 98 0.1
99 284 0.06
284 105 0.26
284 108 0.26
110 284 0.15
114 284 0.07
120 284 0.18
121 284 0.21
126 284 0.08
127 284 0.08
131 284 0.37
284 148 0.15
284 162 0.26
284 163 0.13
284 164 0.26
166 284 0.21
168 284 0.27
169 284 0.16
170 284 0.25
284 172 0.17
173 284 0.21
175 284 0.23
176 284 0.22
179 284 0.1
181 284 0.11
284 194 0.08
205 284 0.23
206 284 0.25
284 207 0.12
209 284 0.09
228 284 0.1
230 284 0.12
231 284 0.18
284 232 0.26
233 284 0.3
234 284 0.2
284 240 0.26
241 284 0.04
242 284 0.11
284 246 0.18
256 284 0.11
257 284 0.14
262 284 0.37
263 284 0.12
284 264 0.26
284 265 0.23
267 284 0.1
284 281 0.18
334 284 2.0E-4
3 285 0.33
16 285 0.2
17 285 0.24
18 285 0.26
33 285 0.14
70 285 0.58
95 285 0.5
96 285 0.1
98 285 0.38
126 285 0.3
199 285 0.45
206 285 0.12
214 285 0.33
241 285 0.16
334 285 0.0
5 286 0.25
16 286 0.2
19 286 0.23
277 286 0.5
334 286 0.0
8 287 0.11
150 287 0.24
168 287 0.15
169 287 0.2
226 287 0.24
334 287 0.0
33 288 0.14
288 63 1.0
96 288 0.1
288 135 1.0
334 288 0.0
289 25 1.0
96 289 0.1
117 289 0.2
289 154 1.0
200 289 0.5
289 273 1.0
334 289 0.0
290 5 0.13
290 6 0.06
290 8 0.25
290 9 0.18
290 10 0.28
290 14 0.19
290 15 0.29
290 16 0.1
290 18 0.06
290 25 0.25
290 26 0.29
290 27 0.25
290 30 0.25
290 33 0.07
290 34 0.33
290 35 0.25
290 36 0.18
290 37 0.09
290 38 0.25
290 40 0.35
290 49 0.22
290 51 0.25
290 59 0.13
290 77 0.25
290 80 0.35
290 91 0.07
290 93 0.07
290 94 0.06
290 96 0.28
290 104 0.35
290 110 0.14
290 114 0.14
290 117 0.26
290 120 0.23
290 125 0.18
290 126 0.15
290 127 0.23
290 128 0.09
290 129 0.25
290 130 0.35
290 138 0.25
290 142 0.22
290 146 0.14
290 149 0.3
290 150 0.12
290 153 0.18
290 154 0.25
290 157 0.14
290 158 0.09
290 160 0.29
290 163 0.25
290 166 0.21
290 168 0.26
290 169 0.15
290 170 0.18
290 172 0.08
290 173 0.07
290 176 0.07
290 181 0.1
290 186 0.14
290 189 0.18
290 191 0.18
290 200 0.25
290 201 0.14
290 205 0.22
290 206 0.18
290 207 0.11
290 209 0.09
290 214 0.08
290 217 0.25
290 218 0.25
290 224 0.11
290 225 0.25
290 226 0.29
290 227 0.25
290 230 0.11
290 233 0.04
290 254 0.18
290 256 0.1
290 257 0.27
290 262 0.07
290 264 0.13
290 265 0.11
290 270 0.25
290 272 0.25
290 273 0.25
290 275 0.1
290 280 0.25
290 282 0.2
290 289 0.25
290 334 2.0E-4
8 291 0.11
33 291 0.14
169 291 0.2
241 291 0.16
334 291 0.0
5 292 0.25
19 292 0.23
206 292 0.12
247 292 0.5
334 292 0.0
8 293 0.11
206 293 0.12
293 246 0.71
334 293 0.0
8 294 0.11
294 21 1.0
69 294 0.21
334 294 0.0
8 295 0.11
117 295 0.2
295 187 1.0
334 295 0.0
96 296 0.1
114 296 0.29
241 296 0.16
334 296 0.0
6 297 0.23
34 297 0.27
42 297 0.5
297 60 1.0
94 297 0.23
96 297 0.1
168 297 0.15
170 297 0.24
176 297 0.29
207 297 0.45
233 297 0.16
257 297 0.27
297 258 1.0
334 297 0.0
298 2 0.12
6 298 0.52
298 22 0.27
26 298 0.11
34 298 0.3
298 41 0.27
42 298 0.19
298 60 0.38
298 85 0.53
91 298 0.1
92 298 0.13
93 298 0.42
94 298 0.52
96 298 0.19
110 298 0.15
120 298 0.17
121 298 0.31
127 298 0.11
298 128 0.13
131 298 0.27
298 162 0.38
298 164 0.38
166 298 0.31
168 298 0.33
169 298 0.08
170 298 0.37
298 172 0.38
173 298 0.1
176 298 0.33
179 298 0.29
205 298 0.25
206 298 0.23
298 207 0.34
209 298 0.13
230 298 0.09
233 298 0.37
242 298 0.31
256 298 0.15
257 298 0.2
298 258 0.38
262 298 0.33
298 264 0.38
298 265 0.51
298 284 0.49
298 297 0.38
334 298 1.0E-4
299 3 0.13
6 299 0.61
14 299 0.14
34 299 0.2
37 299 0.13
299 41 0.53
299 65 0.53
299 85 0.53
91 299 0.2
92 299 0.13
93 299 0.42
94 299 0.52
96 299 0.27
110 299 0.07
120 299 0.09
299 121 0.46
127 299 0.11
131 299 0.4
299 162 0.19
299 164 0.38
166 299 0.21
168 299 0.39
170 299 0.28
299 172 0.5
173 299 0.21
299 176 0.22
299 179 0.29
205 299 0.25
206 299 0.32
299 209 0.53
224 299 0.17
230 299 0.26
233 299 0.43
234 299 0.14
256 299 0.31
299 261 0.38
262 299 0.44
263 299 0.17
299 264 0.19
299 265 0.34
299 266 0.27
299 267 0.14
299 284 0.29
299 298 0.43
334 299 1.0E-4
8 300 0.11
300 32 0.58
96 300 0.1
117 300 0.2
127 300 0.3
149 300 0.24
150 300 0.24
168 300 0.15
205 300 0.22
206 300 0.12
226 300 0.24
334 300 0.0
301 3 0.1
5 301 0.14
301 6 0.33
8 301 0.06
301 14 0.22
15 301 0.17
26 301 0.33
33 301 0.04
34 301 0.23
301 35 0.29
301 37 0.41
301 38 0.29
301 40 0.41
301 45 0.29
301 50 0.41
301 51 0.29
59 301 0.29
69 301 0.06
301 88 0.29
301 89 0.29
91 301 0.23
301 92 0.51
301 93 0.4
301 94 0.33
96 301 0.23
301 104 0.2
110 301 0.11
301 114 0.08
117 301 0.12
120 301 0.13
301 122 0.29
301 123 0.41
126 301 0.09
301 131 0.51
301 137 0.41
301 138 0.14
301 146 0.5
301 157 0.17
301 160 0.5
166 301 0.16
168 301 0.38
169 301 0.12
170 301 0.49
301 173 0.4
301 175 0.39
301 176 0.33
301 181 0.12
301 183 0.17
301 188 0.29
301 194 0.09
205 301 0.38
206 301 0.38
217 301 0.58
301 218 0.29
301 221 0.29
224 301 0.26
301 225 0.29
226 301 0.27
301 227 0.29
230 301 0.26
233 301 0.24
301 234 0.55
241 301 0.05
301 243 0.29
301 244 0.29
256 301 0.35
257 301 0.08
301 262 0.42
301 263 0.52
301 267 0.33
301 270 0.29
301 276 0.29
301 282 0.24
301 284 0.15
290 301 0.29
301 299 0.11
334 301 1.0E-4
3 302 0.24
16 302 0.14
17 302 0.17
18 302 0.18
33 302 0.1
70 302 0.41
95 302 0.35
96 302 0.14
98 302 0.27
302 101 0.71
126 302 0.21
194 302 0.22
195 302 0.32
197 302 0.18
199 302 0.32
206 302 0.08
214 302 0.24
241 302 0.11
302 285 0.71
334 302 0.0
96 303 0.1
303 101 1.0
194 303 0.32
195 303 0.45
197 303 0.26
302 303 0.71
334 303 0.0
8 304 0.11
17 304 0.24
33 304 0.14
304 109 1.0
304 156 1.0
194 304 0.32
195 304 0.45
197 304 0.26
334 304 0.0
8 305 0.11
33 305 0.2
305 47 0.5
96 305 0.1
305 103 0.5
305 141 0.5
305 155 0.25
197 305 0.13
305 235 0.29
305 283 0.5
334 305 1.0E-4
8 306 0.11
306 116 1.0
150 306 0.24
306 255 1.0
334 306 0.0
96 307 0.1
114 307 0.29
241 307 0.16
307 296 1.0
334 307 0.0
8 308 0.08
17 308 0.17
33 308 0.1
96 308 0.07
308 109 0.71
308 156 0.71
194 308 0.22
195 308 0.32
197 308 0.18
308 235 0.41
308 304 0.71
334 308 0.0
33 309 0.14
309 47 1.0
96 309 0.1
305 309 0.5
334 309 0.0
16 310 0.2
310 100 1.0
334 310 0.0
91 311 0.27
224 311 0.45
230 311 0.23
256 311 0.41
311 270 1.0
290 311 0.25
301 311 0.29
334 311 0.0
312 17 0.24
18 312 0.26
33 312 0.14
91 312 0.27
312 106 1.0
126 312 0.3
132 312 0.58
312 139 1.0
312 214 0.33
226 312 0.24
312 229 1.0
312 236 1.0
334 312 0.0
3 313 0.19
5 313 0.14
8 313 0.13
13 313 0.12
16 313 0.12
17 313 0.14
18 313 0.3
19 313 0.13
33 313 0.16
91 313 0.15
313 95 0.29
96 313 0.12
99 313 0.13
313 115 0.33
117 313 0.12
142 313 0.26
169 313 0.24
177 313 0.67
181 313 0.24
313 186 0.33
199 313 0.26
206 313 0.14
211 313 0.26
214 313 0.19
241 313 0.19
334 313 0.0
5 314 0.25
19 314 0.23
206 314 0.12
247 314 0.5
314 292 1.0
334 314 0.0
315 29 1.0
33 315 0.14
96 315 0.1
334 315 0.0
8 316 0.11
316 13 0.1
18 316 0.26
316 19 0.23
316 33 0.27
316 57 0.5
96 316 0.1
316 99 0.11
110 316 0.19
316 115 0.29
316 126 0.15
316 167 0.2
168 316 0.07
316 198 0.25
206 316 0.12
316 212 0.2
316 214 0.17
316 228 0.19
316 231 0.35
316 233 0.08
316 241 0.08
316 247 0.25
316 259 0.5
316 277 0.25
334 316 0.0
16 317 0.2
317 83 1.0
96 317 0.1
192 317 0.71
247 317 0.5
334 317 0.0
10 318 0.38
16 318 0.2
49 318 0.45
318 80 0.71
96 318 0.1
110 318 0.19
120 318 0.23
125 318 0.71
126 318 0.3
168 318 0.15
200 318 0.5
257 318 0.27
290 318 0.25
334 318 0.0
8 319 0.11
16 319 0.2
18 319 0.26
33 319 0.14
334 319 0.0
2 320 0.22
8 320 0.16
320 22 0.5
110 320 0.14
150 320 0.17
163 320 0.35
168 320 0.21
169 320 0.29
206 320 0.08
226 320 0.17
284 320 0.18
320 287 0.71
334 320 0.0
5 321 0.08
321 6 0.15
8 321 0.07
321 9 0.47
321 10 0.5
321 11 0.17
321 14 0.13
15 321 0.19
321 16 0.07
26 321 0.38
321 33 0.05
34 321 0.45
321 35 0.33
321 36 0.47
321 37 0.24
321 38 0.33
321 40 0.47
321 49 0.45
321 51 0.33
321 59 0.33
321 77 0.33
321 80 0.24
321 91 0.27
321 93 0.18
321 94 0.15
96 321 0.27
110 321 0.26
321 114 0.1
117 321 0.2
120 321 0.23
321 125 0.24
321 126 0.2
321 136 0.24
321 142 0.6
321 146 0.19
321 153 0.47
321 157 0.58
158 321 0.13
321 160 0.19
321 166 0.55
168 321 0.25
321 170 0.32
321 171 0.33
321 172 0.22
321 173 0.28
321 176 0.19
321 178 0.33
321 179 0.13
321 181 0.14
321 189 0.47
321 191 0.47
321 193 0.33
321 200 0.17
321 205 0.15
321 206 0.28
321 207 0.3
321 209 0.24
321 217 0.44
321 218 0.33
321 219 0.47
321 220 0.47
321 222 0.38
321 223 0.5
321 224 0.15
321 225 0.33
321 226 0.47
321 227 0.33
321 230 0.38
321 233 0.11
321 241 0.05
321 242 0.27
321 254 0.47
321 256 0.14
257 321 0.27
321 262 0.19
321 264 0.33
321 265 0.3
321 268 0.33
321 282 0.14
290 321 0.33
321 301 0.19
334 321 1.0E-4
322 7 0.24
8 322 0.26
10 322 0.13
11 322 0.17
13 322 0.07
16 322 0.07
17 322 0.16
18 322 0.09
322 20 0.17
33 322 0.23
322 53 0.33
69 322 0.21
322 82 0.33
322 90 0.17
96 322 0.17
322 97 0.33
98 322 0.13
99 322 0.08
110 322 0.06
114 322 0.1
120 322 0.31
127 322 0.4
322 133 0.33
322 138 0.17
158 322 0.13
322 163 0.17
167 322 0.14
168 322 0.15
169 322 0.07
322 192 0.24
322 194 0.11
322 195 0.15
322 198 0.17
206 322 0.04
208 322 0.17
212 322 0.14
322 216 0.15
226 322 0.24
228 322 0.13
230 322 0.08
233 322 0.05
241 322 0.05
267 322 0.38
275 322 0.27
282 322 0.14
334 322 1.0E-4
10 323 0.38
11 323 0.5
17 323 0.24
18 323 0.26
323 192 0.71
323 194 0.32
323 195 0.45
323 198 0.5
212 323 0.41
323 322 0.33
334 323 0.0
8 324 0.11
13 324 0.2
33 324 0.14
324 57 1.0
96 324 0.1
99 324 0.23
324 115 0.58
126 324 0.3
167 324 0.41
168 324 0.15
198 324 0.5
206 324 0.12
212 324 0.41
214 324 0.33
228 324 0.38
233 324 0.16
241 324 0.16
247 324 0.5
324 259 1.0
277 324 0.5
316 324 0.5
334 324 0.0
16 325 0.2
325 84 1.0
334 325 0.0
8 326 0.05
13 326 0.31
326 14 0.19
31 326 0.43
33 326 0.2
69 326 0.32
96 326 0.2
99 326 0.34
168 326 0.07
197 326 0.26
206 326 0.06
326 210 0.35
326 211 0.22
212 326 0.2
326 228 0.19
233 326 0.25
241 326 0.32
334 326 0.0
8 327 0.11
16 327 0.2
18 327 0.26
33 327 0.14
327 319 1.0
334 327 0.0
328 45 1.0
328 88 1.0
328 89 1.0
96 328 0.1
328 122 1.0
168 328 0.15
328 183 0.58
206 328 0.12
217 328 0.33
328 221 1.0
224 328 0.45
230 328 0.23
328 243 1.0
328 244 1.0
328 301 0.29
334 328 0.0
33 329 0.14
96 329 0.1
305 329 0.5
334 329 0.0
8 330 0.11
96 330 0.1
114 330 0.29
120 330 0.23
127 330 0.3
330 133 1.0
138 330 0.5
163 330 0.5
168 330 0.15
226 330 0.24
267 330 0.38
275 330 0.41
322 330 0.33
334 330 0.0
331 2 0.18
5 331 0.14
331 17 0.28
18 331 0.3
33 331 0.08
331 50 0.41
331 54 0.41
331 56 0.58
59 331 0.29
69 331 0.12
331 71 0.58
331 74 0.58
331 81 0.41
91 331 0.31
96 331 0.06
331 106 0.58
110 331 0.11
117 331 0.12
331 123 0.41
126 331 0.17
132 331 0.33
331 139 0.58
146 331 0.33
160 331 0.33
168 331 0.09
331 188 0.58
206 331 0.07
331 214 0.19
217 331 0.19
226 331 0.14
331 229 0.58
230 331 0.13
331 236 0.58
242 331 0.24
256 331 0.24
301 331 0.17
331 312 0.58
334 331 0.0
8 332 0.09
13 332 0.17
332 16 0.16
18 332 0.11
19 332 0.19
33 332 0.28
332 58 0.41
332 66 0.41
332 73 0.41
91 332 0.11
96 332 0.17
110 332 0.08
126 332 0.12
132 332 0.24
332 144 0.41
149 332 0.1
332 175 0.18
177 332 0.24
332 181 0.17
197 332 0.11
206 332 0.1
211 332 0.18
226 332 0.1
332 231 0.29
241 332 0.13
332 245 0.41
332 313 0.24
316 332 0.2
334 332 1.0E-4
6 333 0.32
34 333 0.19
65 333 0.5
333 85 0.5
93 333 0.2
94 333 0.32
96 333 0.14
131 333 0.25
166 333 0.2
168 333 0.21
170 333 0.17
333 172 0.47
179 333 0.27
206 333 0.17
209 333 0.25
233 333 0.23
262 333 0.2
333 264 0.35
333 265 0.32
333 284 0.18
333 298 0.27
299 333 0.53
334 333 0.0
