*Vertices  118
1 "LCD显示屏"
2 "显示器"
3 "衬底"
4 "LED灯"
5 "滤波片"
6 "光纤"
7 "探头"
8 "电容"
9 "容器"
10 "光膜"
11 "传感器"
12 "处理器"
13 "单片机"
14 "波长检测器"
15 "荧光粉"
16 "整流器"
17 "工质"
18 "开关"
19 "发光荧光材料"
20 "III-V族半导体材料"
21 "GAN"
22 "PD"
23 "引发剂"
24 "硼酸"
25 "变压器"
26 "发光板"
27 "EP"
28 "外延片"
29 "外延"
30 "LED"
31 "液晶显示模块"
32 "二极管"
33 "稳压二极管"
34 "三极管"
35 "扩散剂"
36 "玻璃"
37 "通道"
38 "接收管"
39 "塑料"
40 "缩水甘油"
41 "铝基板"
42 "基板"
43 "导热板"
44 "基座"
45 "滤光片"
46 "螺旋管"
47 "稀释剂"
48 "发动机"
49 "电动机"
50 "散热片"
51 "散热器"
52 "液相色谱仪"
53 "发电机"
54 "荧光体"
55 "发光体"
56 "硅橡胶"
57 "密封胶"
58 "SiO2"
59 "半导体"
60 "电路板"
61 "Al2O3"
62 "GaAs"
63 "MQW"
64 "ITO"
65 "GPIO"
66 "客户"
67 "焊盘"
68 "介质箱"
69 "摄像机"
70 "装饰图案"
71 "含硅"
72 "光子晶体"
73 "圆盘"
74 "金属银纳米粒子"
75 "蓄电池"
76 "光电池"
77 "LED照明设备"
78 "LED芯片"
79 "芯片"
80 "金属层"
81 "涂层"
82 "电流扩展层"
83 "存储器"
84 "光触媒"
85 "酸盐"
86 "硝酸"
87 "Eu2"
88 "Li"
89 "电感"
90 "离子"
91 "电极"
92 "磁铁"
93 "排水槽"
94 "电阻"
95 "基色"
96 "交通灯"
97 "光子晶体谐振腔"
98 "丙酮"
99 "激光"
100 "MOCVD"
101 "湿法刻蚀"
102 "干法刻蚀"
103 "空穴"
104 "玻璃体"
105 "洗墙灯"
106 "检测池"
107 "射灯"
108 "检测仪"
109 "臭氧"
110 "半透半反镜"
111 "透镜"
112 "透明装饰"
113 "吸液芯"
114 "甲基"
115 "蜂鸣器"
116 "激发光"
117 "DMA"
118 "LED光源"
*Arcs
118 1 0.0
2 1 0.33
118 2 2.0E-4
3 1 0.08
118 3 1.0E-4
4 1 0.04
4 2 0.08
4 3 0.03
118 4 0.0012
3 5 0.32
118 5 6.0E-4
3 6 0.17
6 5 0.53
118 6 2.0E-4
4 7 0.05
7 6 0.38
118 7 1.0E-4
4 8 0.29
118 8 0.0
9 3 0.09
4 9 0.12
8 9 0.23
118 9 1.0E-4
10 1 0.19
10 2 0.29
10 4 0.13
10 9 0.22
118 10 1.0E-4
1 11 0.13
2 11 0.25
4 11 0.13
11 6 0.23
11 7 0.2
8 11 0.08
118 11 0.0
12 1 0.09
12 2 0.26
12 4 0.14
12 6 0.1
12 7 0.26
12 8 0.05
12 10 0.15
12 11 0.36
118 12 1.0E-4
13 1 0.08
2 13 0.52
4 13 0.13
13 8 0.19
13 11 0.28
12 13 0.24
118 13 1.0E-4
118 14 4.0E-4
15 2 0.14
15 3 0.13
15 4 0.13
15 9 0.22
15 10 0.33
15 12 0.07
15 13 0.07
118 15 5.0E-4
16 3 0.07
4 16 0.22
8 16 0.53
16 9 0.33
118 16 0.0
4 17 0.19
8 17 0.12
118 17 1.0E-4
18 1 0.14
2 18 0.07
4 18 0.37
18 8 0.42
18 9 0.21
18 11 0.19
12 18 0.21
18 13 0.19
15 18 0.08
18 16 0.2
118 18 1.0E-4
19 2 0.13
19 3 0.18
19 4 0.21
19 9 0.2
19 10 0.31
19 12 0.07
19 13 0.06
19 15 0.54
19 18 0.07
118 19 3.0E-4
3 20 0.32
20 5 1.0
6 20 0.53
118 20 6.0E-4
21 1 0.12
21 3 0.65
4 21 0.04
21 5 0.5
21 6 0.27
15 21 0.1
16 21 0.1
21 20 0.5
118 21 2.0E-4
2 22 0.11
3 22 0.21
22 5 0.63
22 6 0.68
22 7 0.22
22 11 0.27
12 22 0.12
22 20 0.63
21 22 0.32
118 22 3.0E-4
2 23 0.18
118 23 2.0E-4
2 24 0.13
4 24 0.11
24 9 0.19
15 24 0.29
19 24 0.4
24 23 0.35
118 24 6.0E-4
2 25 0.11
25 3 0.05
4 25 0.26
8 25 0.52
25 9 0.24
25 11 0.04
13 25 0.05
15 25 0.06
25 16 0.68
18 25 0.29
25 21 0.08
25 23 0.15
24 25 0.11
118 25 1.0E-4
4 26 0.16
8 26 0.2
9 26 0.19
16 26 0.14
18 26 0.14
25 26 0.21
118 26 1.0E-4
2 27 0.07
27 3 0.12
4 27 0.12
27 8 0.11
27 9 0.1
12 27 0.14
27 13 0.06
15 27 0.39
27 16 0.08
27 18 0.11
19 27 0.29
27 23 0.38
27 24 0.4
27 25 0.11
118 27 5.0E-4
28 1 0.09
28 3 0.83
4 28 0.03
28 5 0.39
28 6 0.21
15 28 0.08
16 28 0.08
19 28 0.15
28 20 0.39
28 21 0.78
28 22 0.25
25 28 0.06
27 28 0.07
118 28 2.0E-4
29 1 0.08
29 3 0.95
4 29 0.05
29 5 0.32
29 6 0.17
15 29 0.13
16 29 0.07
19 29 0.25
29 20 0.32
29 21 0.65
29 22 0.21
25 29 0.05
27 29 0.06
29 28 0.83
118 29 1.0E-4
30 1 0.22
30 2 0.29
30 3 0.32
30 4 0.67
30 5 0.1
30 6 0.19
30 7 0.15
30 8 0.36
30 9 0.19
30 10 0.13
30 11 0.37
30 12 0.28
30 13 0.32
30 14 0.07
30 15 0.25
30 16 0.25
30 17 0.13
30 18 0.54
30 19 0.28
30 20 0.1
30 21 0.21
30 22 0.16
30 23 0.1
30 24 0.15
30 25 0.34
30 26 0.15
30 27 0.28
30 28 0.27
30 29 0.32
118 30 0.0014
1 31 0.67
2 31 0.38
11 31 0.1
12 31 0.13
13 31 0.11
18 31 0.14
30 31 0.15
118 31 1.0E-4
32 1 0.14
32 2 0.15
32 3 0.37
32 4 0.32
32 5 0.14
32 6 0.23
32 7 0.05
32 8 0.39
32 9 0.23
32 10 0.12
32 11 0.2
32 12 0.08
32 13 0.16
32 14 0.1
32 15 0.23
32 16 0.35
32 17 0.12
32 18 0.46
32 19 0.33
32 20 0.14
32 21 0.25
32 22 0.18
32 23 0.14
32 24 0.1
32 25 0.39
32 26 0.15
32 27 0.22
32 28 0.31
32 29 0.37
32 30 0.72
32 31 0.1
118 32 0.0010
1 33 0.13
4 33 0.21
8 33 0.46
9 33 0.14
11 33 0.08
12 33 0.1
16 33 0.55
18 33 0.21
25 33 0.48
33 26 0.38
27 33 0.1
30 33 0.19
33 31 0.19
32 33 0.27
118 33 1.0E-4
34 1 0.08
2 34 0.06
4 34 0.2
34 8 0.61
34 9 0.17
34 11 0.05
13 34 0.16
34 16 0.4
18 34 0.37
19 34 0.06
34 25 0.49
34 26 0.23
27 34 0.06
30 34 0.32
34 31 0.11
32 34 0.42
34 33 0.26
118 34 1.0E-4
4 35 0.16
9 35 0.27
15 35 0.2
19 35 0.38
24 35 0.35
30 35 0.1
32 35 0.07
118 35 1.0E-4
36 2 0.19
36 3 0.13
36 4 0.27
36 5 0.27
36 6 0.29
36 7 0.1
36 8 0.08
36 10 0.11
36 11 0.12
36 12 0.15
36 13 0.22
36 15 0.11
36 18 0.18
36 19 0.1
36 20 0.27
36 21 0.14
36 22 0.34
36 23 0.27
36 24 0.19
36 25 0.08
36 27 0.21
36 28 0.16
36 29 0.13
36 30 0.38
36 32 0.27
36 34 0.09
118 36 5.0E-4
2 37 0.07
37 3 0.2
4 37 0.22
37 5 0.2
37 6 0.11
8 37 0.12
37 11 0.12
13 37 0.07
37 17 0.33
18 37 0.04
37 20 0.2
37 21 0.31
37 22 0.13
37 28 0.24
37 29 0.2
30 37 0.25
32 37 0.23
34 37 0.07
36 37 0.11
118 37 4.0E-4
1 38 0.19
2 38 0.14
4 38 0.13
8 38 0.24
11 38 0.12
13 38 0.13
18 38 0.24
30 38 0.13
38 31 0.29
32 38 0.18
34 38 0.4
36 38 0.11
37 38 0.17
118 38 1.0E-4
39 2 0.17
39 3 0.05
39 4 0.28
39 6 0.17
39 7 0.11
39 9 0.17
39 10 0.26
39 11 0.18
39 12 0.12
39 13 0.05
39 15 0.2
39 18 0.16
39 19 0.18
39 22 0.21
39 25 0.05
39 27 0.06
39 28 0.06
39 29 0.05
39 30 0.32
39 32 0.28
39 36 0.35
39 37 0.13
39 118 2.0E-4
2 40 0.18
40 23 1.0
24 40 0.35
25 40 0.15
27 40 0.38
30 40 0.1
32 40 0.14
36 40 0.27
118 40 2.0E-4
41 2 0.08
41 3 0.07
41 4 0.3
41 8 0.06
41 10 0.17
41 12 0.08
41 15 0.17
41 17 0.17
41 18 0.08
41 19 0.08
41 25 0.13
41 26 0.15
41 27 0.16
41 28 0.08
41 29 0.07
41 30 0.24
41 32 0.24
41 33 0.11
41 34 0.07
41 36 0.12
41 37 0.26
41 39 0.35
41 118 3.0E-4
3 42 0.08
4 42 0.27
8 42 0.29
15 42 0.1
16 42 0.31
17 42 0.41
25 42 0.23
29 42 0.08
30 42 0.21
32 42 0.14
33 42 0.4
37 42 0.2
118 42 1.0E-4
4 43 0.16
30 43 0.1
32 43 0.07
43 37 0.2
41 43 0.21
118 43 1.0E-4
4 44 0.22
9 44 0.19
15 44 0.14
17 44 0.29
19 44 0.13
24 44 0.25
30 44 0.15
32 44 0.15
44 35 0.35
37 44 0.43
39 44 0.11
41 44 0.3
42 44 0.18
118 44 1.0E-4
1 45 0.15
2 45 0.11
3 45 0.21
45 5 0.63
45 6 0.68
45 7 0.22
45 11 0.09
13 45 0.1
18 45 0.06
45 20 0.63
21 45 0.32
45 22 0.6
28 45 0.25
29 45 0.21
30 45 0.16
45 31 0.22
32 45 0.23
34 45 0.1
36 45 0.26
37 45 0.13
45 38 0.26
39 45 0.1
118 45 5.0E-4
4 46 0.11
30 46 0.07
32 46 0.1
118 46 3.0E-4
2 47 0.14
47 9 0.22
10 47 0.33
15 47 0.17
19 47 0.15
47 23 0.82
24 47 0.29
25 47 0.12
27 47 0.31
30 47 0.13
32 47 0.18
36 47 0.22
39 47 0.13
47 40 0.82
118 47 2.0E-4
4 48 0.11
48 26 0.5
30 48 0.07
32 48 0.1
118 48 2.0E-4
2 49 0.14
4 49 0.06
11 49 0.23
12 49 0.15
13 49 0.26
15 49 0.17
27 49 0.15
30 49 0.13
39 49 0.13
118 49 1.0E-4
4 50 0.43
50 8 0.05
50 17 0.42
50 18 0.07
50 26 0.12
30 50 0.3
32 50 0.22
36 50 0.09
50 37 0.35
39 50 0.11
41 50 0.29
50 42 0.34
50 43 0.34
50 44 0.24
50 46 0.24
50 48 0.24
118 50 0.0013
4 51 0.44
51 8 0.19
51 16 0.2
51 17 0.41
51 25 0.15
51 26 0.12
30 51 0.31
32 51 0.24
51 33 0.27
36 51 0.05
51 37 0.2
39 51 0.05
41 51 0.21
51 42 0.5
51 43 0.33
51 44 0.12
51 46 0.24
51 48 0.24
51 50 0.63
118 51 8.0E-4
52 14 1.0
30 52 0.07
32 52 0.1
118 52 4.0E-4
2 53 0.13
4 53 0.11
11 53 0.1
13 53 0.11
15 53 0.14
18 53 0.14
25 53 0.21
53 26 0.25
30 53 0.15
32 53 0.1
53 48 0.5
50 53 0.12
51 53 0.12
118 53 1.0E-4
54 9 0.22
10 54 0.33
15 54 0.5
19 54 0.46
24 54 0.29
27 54 0.31
30 54 0.13
32 54 0.18
36 54 0.11
39 54 0.13
54 47 0.33
118 54 2.0E-4
55 2 0.09
55 4 0.21
55 8 0.08
55 10 0.22
55 11 0.08
55 12 0.1
55 15 0.22
55 18 0.1
55 19 0.2
55 26 0.19
55 27 0.1
55 30 0.19
55 32 0.23
55 34 0.09
55 36 0.15
55 37 0.11
55 38 0.22
55 39 0.09
55 41 0.11
55 48 0.38
55 50 0.09
55 51 0.09
55 53 0.19
55 54 0.22
55 118 3.0E-4
2 56 0.14
4 56 0.06
56 9 0.44
10 56 0.33
15 56 0.33
19 56 0.31
56 23 0.41
24 56 0.58
25 56 0.12
27 56 0.15
30 56 0.13
32 56 0.12
56 35 0.41
36 56 0.11
39 56 0.13
56 40 0.41
56 44 0.29
56 47 0.67
56 54 0.33
118 56 4.0E-4
4 57 0.22
18 57 0.07
30 57 0.15
32 57 0.05
36 57 0.1
37 57 0.29
39 57 0.11
41 57 0.3
43 57 0.35
57 44 0.25
50 57 0.24
51 57 0.12
118 57 1.0E-4
2 58 0.07
58 3 0.38
4 58 0.12
58 5 0.39
58 6 0.21
58 9 0.21
10 58 0.16
15 58 0.32
58 16 0.08
58 18 0.04
19 58 0.52
58 20 0.39
58 21 0.29
58 22 0.25
58 24 0.14
58 25 0.06
58 27 0.3
58 28 0.38
58 29 0.38
30 58 0.27
32 58 0.31
36 58 0.16
58 37 0.08
39 58 0.19
58 45 0.25
58 47 0.16
58 54 0.32
55 58 0.1
58 56 0.16
118 58 2.0E-4
59 1 0.05
59 2 0.11
59 3 0.64
59 4 0.29
59 5 0.21
59 6 0.17
59 7 0.07
59 8 0.15
59 9 0.22
59 10 0.09
59 11 0.06
59 12 0.08
59 13 0.03
59 15 0.34
59 16 0.17
59 17 0.09
59 18 0.14
59 19 0.43
59 20 0.21
59 21 0.42
59 22 0.2
59 23 0.1
59 24 0.22
59 25 0.19
59 27 0.28
59 28 0.53
59 29 0.64
59 30 0.5
59 32 0.55
59 33 0.06
59 34 0.1
59 35 0.21
59 36 0.23
59 37 0.17
59 38 0.09
59 39 0.24
59 40 0.1
59 41 0.27
59 42 0.1
59 43 0.1
59 44 0.15
59 45 0.13
59 47 0.09
59 50 0.11
59 51 0.14
59 54 0.17
59 55 0.11
59 56 0.17
59 57 0.15
59 58 0.41
59 118 8.0E-4
60 1 0.2
60 2 0.26
60 4 0.4
60 7 0.1
60 8 0.13
60 9 0.08
60 10 0.24
60 11 0.08
60 12 0.11
60 13 0.14
60 15 0.12
60 18 0.14
60 19 0.16
60 23 0.14
60 24 0.1
60 25 0.04
60 27 0.05
60 30 0.36
60 31 0.2
60 32 0.17
60 34 0.19
60 35 0.29
60 36 0.39
60 37 0.06
60 38 0.24
60 39 0.19
60 40 0.14
60 41 0.06
60 44 0.1
60 45 0.09
60 47 0.12
60 50 0.05
60 51 0.1
60 55 0.23
60 56 0.12
60 57 0.1
60 58 0.06
60 59 0.15
60 118 2.0E-4
61 1 0.08
2 61 0.06
61 3 0.72
4 61 0.08
61 5 0.34
61 6 0.18
61 9 0.09
10 61 0.14
15 61 0.35
61 16 0.07
61 18 0.03
19 61 0.45
61 20 0.34
61 21 0.69
61 22 0.22
61 25 0.05
27 61 0.06
61 28 0.74
61 29 0.78
30 61 0.3
32 61 0.34
36 61 0.09
61 37 0.21
39 61 0.11
61 42 0.09
61 45 0.22
61 47 0.14
61 54 0.14
61 56 0.14
58 61 0.54
59 61 0.57
118 61 2.0E-4
3 62 0.61
4 62 0.04
62 5 0.47
62 6 0.25
15 62 0.1
19 62 0.18
62 20 0.47
21 62 0.24
62 22 0.3
27 62 0.09
28 62 0.37
29 62 0.69
30 62 0.22
32 62 0.27
36 62 0.19
37 62 0.1
39 62 0.08
41 62 0.1
62 42 0.12
62 45 0.3
58 62 0.37
59 62 0.44
61 62 0.4
118 62 2.0E-4
63 1 0.09
63 3 0.64
4 63 0.09
63 5 0.39
63 6 0.21
8 63 0.06
15 63 0.16
16 63 0.16
18 63 0.04
19 63 0.15
63 20 0.39
63 21 0.78
63 22 0.25
24 63 0.14
25 63 0.12
27 63 0.22
63 28 0.77
63 29 0.7
30 63 0.27
32 63 0.31
63 33 0.1
34 63 0.06
36 63 0.21
63 37 0.24
39 63 0.06
41 63 0.08
63 45 0.25
54 63 0.16
58 63 0.31
59 63 0.53
61 63 0.67
63 62 0.37
118 63 4.0E-4
64 1 0.19
2 64 0.07
3 64 0.66
4 64 0.06
64 5 0.41
64 6 0.22
15 64 0.08
16 64 0.08
19 64 0.23
64 20 0.41
21 64 0.61
64 22 0.26
25 64 0.06
28 64 0.72
29 64 0.73
30 64 0.25
64 31 0.14
32 64 0.26
36 64 0.11
37 64 0.08
64 45 0.26
58 64 0.4
59 64 0.47
61 64 0.7
64 62 0.29
63 64 0.64
118 64 2.0E-4
65 1 0.19
2 65 0.14
4 65 0.06
8 65 0.12
12 65 0.15
13 65 0.13
18 65 0.24
27 65 0.15
30 65 0.13
65 31 0.29
32 65 0.06
34 65 0.13
65 38 0.33
65 45 0.26
59 65 0.09
60 65 0.12
118 65 1.0E-4
66 1 0.14
2 66 0.2
4 66 0.22
66 7 0.2
8 66 0.17
10 66 0.24
66 11 0.24
12 66 0.21
15 66 0.12
18 66 0.17
19 66 0.11
27 66 0.11
30 66 0.18
32 66 0.08
34 66 0.09
36 66 0.08
66 37 0.12
66 38 0.24
39 66 0.09
55 66 0.15
58 66 0.11
59 66 0.12
60 66 0.17
61 66 0.1
65 66 0.24
118 66 1.0E-4
4 67 0.06
8 67 0.12
15 67 0.17
16 67 0.17
18 67 0.08
25 67 0.12
27 67 0.31
30 67 0.13
32 67 0.12
67 33 0.22
34 67 0.13
41 67 0.17
59 67 0.17
67 63 0.16
118 67 1.0E-4
4 68 0.11
30 68 0.07
32 68 0.1
68 46 1.0
50 68 0.24
51 68 0.24
118 68 3.0E-4
1 69 0.38
2 69 0.14
11 69 0.12
13 69 0.13
18 69 0.08
30 69 0.13
69 31 0.29
32 69 0.12
34 69 0.13
38 69 0.33
45 69 0.26
60 69 0.12
65 69 0.33
118 69 1.0E-4
4 70 0.11
30 70 0.07
118 70 3.0E-4
2 71 0.25
71 23 0.71
24 71 0.5
25 71 0.21
27 71 0.27
30 71 0.07
32 71 0.1
36 71 0.19
71 40 0.71
47 71 0.58
56 71 0.58
59 71 0.15
118 71 2.0E-4
3 72 0.32
72 5 1.0
6 72 0.53
72 20 1.0
21 72 0.5
22 72 0.63
28 72 0.39
29 72 0.32
30 72 0.1
32 72 0.14
36 72 0.27
37 72 0.2
45 72 0.63
58 72 0.39
59 72 0.21
61 72 0.34
62 72 0.47
63 72 0.39
64 72 0.41
118 72 6.0E-4
4 73 0.11
13 73 0.23
15 73 0.29
27 73 0.27
30 73 0.07
49 73 0.58
118 73 1.0E-4
15 74 0.29
19 74 0.27
24 74 0.5
27 74 0.27
30 74 0.07
32 74 0.1
36 74 0.19
54 74 0.58
59 74 0.15
63 74 0.28
118 74 2.0E-4
4 75 0.23
75 7 0.13
8 75 0.11
75 9 0.2
75 11 0.05
12 75 0.07
15 75 0.07
75 16 0.3
18 75 0.28
75 25 0.28
30 75 0.28
32 75 0.18
34 75 0.18
36 75 0.1
75 53 0.26
59 75 0.11
75 66 0.11
118 75 0.0
76 6 0.38
76 7 0.5
76 11 0.3
12 76 0.13
76 14 0.5
76 22 0.45
30 76 0.15
32 76 0.15
36 76 0.19
39 76 0.23
76 45 0.22
76 52 0.5
59 76 0.15
66 76 0.2
75 76 0.13
118 76 3.0E-4
4 77 0.13
15 77 0.17
18 77 0.08
25 77 0.12
30 77 0.13
32 77 0.12
37 77 0.17
41 77 0.17
77 44 0.29
50 77 0.14
53 77 0.29
75 77 0.15
118 77 1.0E-4
78 1 0.07
78 3 0.5
4 78 0.19
78 8 0.13
78 9 0.25
10 78 0.13
78 13 0.05
15 78 0.31
78 16 0.13
78 17 0.38
78 18 0.03
19 78 0.17
78 21 0.39
24 78 0.22
78 25 0.09
27 78 0.29
78 28 0.48
78 29 0.45
30 78 0.34
32 78 0.33
78 33 0.08
78 34 0.05
78 35 0.15
36 78 0.08
78 37 0.31
39 78 0.1
41 78 0.26
78 42 0.23
78 43 0.15
78 44 0.33
78 47 0.13
78 50 0.26
78 51 0.21
78 54 0.25
78 56 0.25
58 78 0.24
59 78 0.51
60 78 0.04
61 78 0.42
78 62 0.15
78 63 0.54
78 64 0.31
78 67 0.25
78 74 0.22
78 77 0.13
118 78 4.0E-4
79 1 0.24
2 79 0.27
79 3 0.49
4 79 0.3
79 5 0.17
79 6 0.09
79 8 0.37
79 9 0.14
10 79 0.07
79 11 0.17
12 79 0.12
79 13 0.33
15 79 0.35
79 16 0.14
79 17 0.21
79 18 0.28
19 79 0.35
79 20 0.17
79 21 0.34
79 22 0.11
79 23 0.17
79 24 0.24
79 25 0.18
79 26 0.06
79 27 0.35
79 28 0.43
79 29 0.49
30 79 0.62
79 31 0.24
32 79 0.58
79 33 0.14
79 34 0.33
79 35 0.08
36 79 0.21
79 37 0.24
79 38 0.21
39 79 0.11
79 40 0.17
41 79 0.22
79 42 0.13
79 43 0.08
79 44 0.18
79 45 0.16
79 47 0.21
79 49 0.14
79 50 0.17
79 51 0.14
79 53 0.06
79 54 0.21
55 79 0.09
79 56 0.21
79 57 0.06
79 58 0.4
59 79 0.6
60 79 0.22
79 61 0.46
79 62 0.36
79 63 0.43
79 64 0.38
79 65 0.14
79 66 0.1
79 67 0.21
79 69 0.07
79 71 0.12
79 72 0.17
79 73 0.12
79 74 0.12
79 77 0.07
79 78 0.55
118 79 7.0E-4
3 80 0.41
4 80 0.05
80 5 0.63
6 80 0.34
19 80 0.24
80 20 0.63
21 80 0.32
22 80 0.4
28 80 0.37
29 80 0.51
30 80 0.16
32 80 0.23
36 80 0.17
37 80 0.13
45 80 0.4
58 80 0.5
59 80 0.33
61 80 0.43
62 80 0.45
63 80 0.37
64 80 0.65
80 72 0.63
78 80 0.1
79 80 0.21
118 80 3.0E-4
4 81 0.11
15 81 0.14
19 81 0.13
81 25 0.11
27 81 0.13
30 81 0.15
32 81 0.1
36 81 0.1
55 81 0.19
58 81 0.14
59 81 0.07
60 81 0.1
81 61 0.12
79 81 0.06
118 81 1.0E-4
3 82 0.57
4 82 0.08
82 5 0.5
82 6 0.27
9 82 0.13
16 82 0.1
19 82 0.09
82 20 0.5
21 82 0.38
82 22 0.32
25 82 0.08
27 82 0.19
28 82 0.39
29 82 0.57
30 82 0.21
32 82 0.29
36 82 0.2
37 82 0.1
39 82 0.08
41 82 0.11
82 45 0.32
58 82 0.49
59 82 0.42
61 82 0.34
82 62 0.71
63 82 0.49
64 82 0.41
82 72 0.5
78 82 0.23
79 82 0.34
82 80 0.47
118 82 2.0E-4
1 83 0.22
2 83 0.25
4 83 0.04
83 7 0.17
8 83 0.07
83 11 0.33
12 83 0.34
13 83 0.15
18 83 0.23
83 22 0.15
25 83 0.07
27 83 0.09
30 83 0.22
83 31 0.33
32 83 0.17
83 33 0.13
34 83 0.15
83 38 0.38
83 45 0.15
83 53 0.17
59 83 0.1
60 83 0.07
65 83 0.19
66 83 0.14
83 69 0.38
75 83 0.09
83 76 0.17
79 83 0.16
118 83 1.0E-4
4 84 0.25
7 84 0.22
25 84 0.1
30 84 0.16
36 84 0.17
50 84 0.11
60 84 0.27
81 84 0.45
118 84 0.0
2 85 0.17
4 85 0.11
85 9 0.25
10 85 0.19
15 85 0.48
85 18 0.05
19 85 0.53
85 23 0.47
85 24 0.67
85 25 0.07
85 27 0.45
30 85 0.22
32 85 0.24
85 35 0.24
36 85 0.19
39 85 0.15
85 40 0.47
85 44 0.17
85 47 0.58
85 54 0.38
85 56 0.58
85 58 0.37
59 85 0.29
60 85 0.14
85 61 0.24
85 63 0.09
85 66 0.14
85 67 0.19
85 71 0.33
85 74 0.33
85 78 0.22
85 79 0.36
85 81 0.17
118 85 4.0E-4
4 86 0.06
15 86 0.33
19 86 0.46
86 24 0.58
86 27 0.46
30 86 0.13
32 86 0.12
36 86 0.11
86 54 0.33
86 58 0.32
59 86 0.17
86 61 0.14
86 63 0.16
86 74 0.58
86 78 0.13
86 79 0.21
86 81 0.29
86 85 0.58
118 86 1.0E-4
4 87 0.05
15 87 0.43
19 87 0.53
87 24 0.5
87 27 0.53
30 87 0.15
32 87 0.15
36 87 0.1
87 54 0.58
55 87 0.19
87 58 0.42
59 87 0.22
87 61 0.12
87 63 0.14
87 74 0.5
87 78 0.11
87 79 0.24
87 81 0.25
87 85 0.5
87 86 0.87
118 87 1.0E-4
2 88 0.06
88 3 0.16
4 88 0.26
88 5 0.33
88 6 0.18
88 8 0.05
88 9 0.09
10 88 0.14
88 11 0.05
12 88 0.06
88 13 0.05
15 88 0.27
88 17 0.14
88 18 0.13
19 88 0.31
88 20 0.33
88 21 0.25
88 22 0.21
88 23 0.17
88 24 0.24
88 25 0.05
88 27 0.25
88 28 0.2
88 29 0.16
30 88 0.31
32 88 0.36
88 35 0.17
36 88 0.23
88 37 0.2
39 88 0.27
88 40 0.17
41 88 0.36
88 44 0.24
88 45 0.21
88 47 0.27
88 50 0.17
88 51 0.17
88 54 0.27
88 56 0.14
88 57 0.12
88 58 0.33
59 88 0.38
60 88 0.14
88 61 0.29
88 62 0.16
88 63 0.26
88 64 0.2
88 66 0.1
88 72 0.33
88 74 0.24
88 77 0.14
88 78 0.21
88 79 0.31
88 80 0.21
88 82 0.17
88 83 0.08
88 85 0.39
88 86 0.27
88 87 0.24
118 88 6.0E-4
4 89 0.25
8 89 0.54
89 9 0.43
16 89 0.44
18 89 0.36
25 89 0.4
89 26 0.38
27 89 0.1
30 89 0.19
32 89 0.23
89 33 0.43
34 89 0.43
89 38 0.22
41 89 0.11
59 89 0.22
89 63 0.1
89 67 0.22
75 89 0.2
78 89 0.08
79 89 0.18
89 83 0.13
118 89 0.0
90 1 0.15
2 90 0.06
90 3 0.32
4 90 0.13
90 5 0.32
90 6 0.17
90 7 0.11
90 9 0.09
15 90 0.13
19 90 0.18
90 20 0.32
90 21 0.16
90 22 0.21
90 23 0.32
90 24 0.34
90 25 0.1
90 27 0.49
90 28 0.19
90 29 0.26
30 90 0.32
32 90 0.26
36 90 0.35
90 37 0.07
39 90 0.05
90 40 0.32
41 90 0.07
90 45 0.21
90 47 0.26
90 54 0.26
55 90 0.09
90 56 0.13
90 58 0.32
59 90 0.34
60 90 0.14
90 61 0.11
90 62 0.38
90 63 0.25
90 64 0.13
90 67 0.13
90 69 0.13
90 71 0.23
90 72 0.32
90 74 0.23
90 78 0.15
90 79 0.33
90 80 0.21
90 81 0.11
90 82 0.41
90 84 0.31
90 85 0.38
90 86 0.26
90 87 0.34
90 88 0.27
118 90 4.0E-4
91 1 0.11
2 91 0.04
91 3 0.72
4 91 0.16
91 5 0.23
91 6 0.12
8 91 0.37
91 9 0.19
91 11 0.03
13 91 0.04
15 91 0.09
91 16 0.33
18 91 0.2
19 91 0.22
91 20 0.23
91 21 0.46
91 22 0.15
91 25 0.39
91 26 0.16
27 91 0.13
91 28 0.59
91 29 0.72
30 91 0.45
91 31 0.08
32 91 0.55
91 33 0.19
34 91 0.6
36 91 0.13
91 37 0.19
91 38 0.19
39 91 0.04
41 91 0.1
91 42 0.06
91 45 0.15
55 91 0.06
58 91 0.32
59 91 0.56
60 91 0.03
61 91 0.56
91 62 0.49
91 63 0.55
91 64 0.57
91 66 0.07
91 67 0.09
91 72 0.23
91 75 0.13
78 91 0.39
79 91 0.57
91 80 0.37
91 82 0.46
91 83 0.05
88 91 0.12
91 89 0.31
90 91 0.23
118 91 2.0E-4
4 92 0.13
30 92 0.13
32 92 0.06
77 92 0.33
118 92 0.0
4 93 0.11
30 93 0.07
37 93 0.29
39 93 0.23
50 93 0.24
118 93 1.0E-4
94 1 0.16
2 94 0.08
94 3 0.11
4 94 0.3
94 5 0.11
94 6 0.06
94 8 0.73
94 9 0.18
94 11 0.16
12 94 0.08
13 94 0.22
15 94 0.05
94 16 0.56
94 17 0.09
18 94 0.46
19 94 0.04
94 20 0.11
94 21 0.17
94 22 0.07
94 25 0.55
94 26 0.16
27 94 0.09
94 28 0.13
94 29 0.11
30 94 0.45
94 31 0.16
32 94 0.51
94 33 0.43
94 34 0.71
36 94 0.09
94 37 0.19
94 38 0.28
41 94 0.05
94 42 0.23
94 44 0.08
94 45 0.15
50 94 0.04
51 94 0.15
94 53 0.08
55 94 0.06
58 94 0.09
59 94 0.19
60 94 0.17
61 94 0.12
94 62 0.05
94 63 0.18
94 64 0.14
94 65 0.28
94 66 0.13
94 67 0.09
94 69 0.09
94 72 0.11
94 75 0.17
78 94 0.11
79 94 0.47
94 80 0.07
94 82 0.11
94 83 0.22
88 94 0.11
94 89 0.43
90 94 0.04
94 91 0.51
118 94 1.0E-4
95 3 0.09
4 95 0.04
12 95 0.11
15 95 0.24
19 95 0.22
95 24 0.41
95 27 0.22
95 29 0.09
30 95 0.18
32 95 0.08
36 95 0.16
39 95 0.09
95 42 0.14
95 54 0.24
95 58 0.23
59 95 0.12
60 95 0.08
95 61 0.1
95 62 0.14
95 63 0.11
95 74 0.41
95 78 0.18
95 79 0.15
95 85 0.27
95 86 0.47
95 87 0.41
95 88 0.19
95 90 0.19
95 91 0.07
118 95 1.0E-4
4 96 0.08
13 96 0.16
30 96 0.1
32 96 0.14
96 46 0.71
50 96 0.17
51 96 0.17
96 68 0.71
79 96 0.08
118 96 2.0E-4
3 97 0.32
97 5 1.0
6 97 0.53
97 20 1.0
21 97 0.5
22 97 0.63
28 97 0.39
29 97 0.32
30 97 0.1
32 97 0.14
36 97 0.27
37 97 0.2
45 97 0.63
58 97 0.39
59 97 0.21
61 97 0.34
62 97 0.47
63 97 0.39
64 97 0.41
97 72 1.0
79 97 0.17
80 97 0.63
82 97 0.5
88 97 0.33
90 97 0.32
91 97 0.23
94 97 0.11
118 97 6.0E-4
2 98 0.1
98 3 0.19
4 98 0.04
98 9 0.15
19 98 0.11
98 23 0.58
98 24 0.41
98 25 0.09
98 27 0.65
98 28 0.11
98 29 0.09
30 98 0.18
32 98 0.17
36 98 0.24
39 98 0.09
98 40 0.58
41 98 0.12
98 47 0.47
98 56 0.24
98 58 0.23
59 98 0.18
60 98 0.08
98 62 0.14
98 63 0.11
98 71 0.41
98 78 0.18
98 79 0.24
98 82 0.29
98 85 0.41
98 86 0.24
98 87 0.2
98 88 0.19
98 90 0.56
98 91 0.13
98 95 0.17
118 98 1.0E-4
99 1 0.09
99 2 0.2
99 3 0.37
99 4 0.12
99 5 0.38
99 6 0.4
99 10 0.31
99 11 0.16
99 12 0.14
99 13 0.06
99 15 0.23
99 16 0.08
99 18 0.04
99 19 0.21
99 20 0.38
99 21 0.38
99 22 0.36
99 25 0.06
99 28 0.3
99 29 0.43
99 30 0.28
99 32 0.24
99 36 0.21
99 37 0.08
99 39 0.18
99 41 0.08
99 42 0.09
99 45 0.36
99 49 0.31
99 55 0.1
99 58 0.3
99 59 0.39
99 60 0.11
99 61 0.45
99 62 0.36
99 63 0.37
99 64 0.46
99 65 0.15
99 66 0.11
99 72 0.38
99 76 0.13
99 78 0.12
99 79 0.26
99 80 0.48
99 82 0.38
99 88 0.19
99 90 0.12
99 91 0.31
99 94 0.17
99 95 0.11
99 97 0.38
99 118 3.0E-4
100 1 0.1
100 3 0.73
4 100 0.03
100 5 0.41
100 6 0.22
15 100 0.08
19 100 0.23
100 20 0.41
100 21 0.71
100 22 0.26
27 100 0.08
100 28 0.88
100 29 0.79
30 100 0.25
32 100 0.29
36 100 0.17
100 37 0.25
39 100 0.07
41 100 0.09
100 45 0.26
58 100 0.32
59 100 0.51
61 100 0.77
100 62 0.48
100 63 0.8
100 64 0.67
100 72 0.41
78 100 0.38
79 100 0.41
100 80 0.39
100 82 0.41
88 100 0.2
90 100 0.2
91 100 0.57
94 100 0.09
100 97 0.41
98 100 0.12
99 100 0.31
118 100 2.0E-4
3 101 0.46
101 5 0.71
101 6 0.38
19 101 0.13
101 20 0.71
21 101 0.35
101 22 0.45
28 101 0.55
29 101 0.46
30 101 0.15
32 101 0.2
36 101 0.19
37 101 0.14
101 45 0.45
58 101 0.55
59 101 0.29
61 101 0.36
101 62 0.5
63 101 0.28
64 101 0.43
101 72 0.71
78 101 0.11
79 101 0.24
101 80 0.67
82 101 0.35
88 101 0.24
90 101 0.23
91 101 0.33
94 101 0.08
101 97 0.71
99 101 0.27
100 101 0.43
118 101 3.0E-4
3 102 0.51
102 5 0.63
102 6 0.34
15 102 0.13
19 102 0.24
102 20 0.63
21 102 0.32
102 22 0.4
28 102 0.5
29 102 0.51
30 102 0.16
32 102 0.18
36 102 0.17
37 102 0.13
102 42 0.16
102 45 0.4
58 102 0.37
59 102 0.33
61 102 0.54
102 62 0.6
63 102 0.25
64 102 0.39
102 72 0.63
78 102 0.1
79 102 0.27
102 80 0.4
82 102 0.32
88 102 0.21
90 102 0.21
91 102 0.37
94 102 0.07
95 102 0.18
102 97 0.63
99 102 0.36
100 102 0.52
102 101 0.67
118 102 3.0E-4
103 1 0.13
3 103 0.26
4 103 0.17
8 103 0.08
15 103 0.11
16 103 0.11
18 103 0.1
21 103 0.4
25 103 0.16
27 103 0.1
28 103 0.31
29 103 0.26
30 103 0.19
32 103 0.23
103 33 0.14
34 103 0.09
37 103 0.11
39 103 0.26
41 103 0.34
103 44 0.19
103 57 0.19
59 103 0.39
61 103 0.28
63 103 0.42
103 64 0.33
67 103 0.22
78 103 0.25
79 103 0.18
88 103 0.36
89 103 0.14
91 103 0.25
94 103 0.12
99 103 0.1
100 103 0.33
118 103 1.0E-4
15 104 0.29
19 104 0.27
24 104 0.5
27 104 0.27
30 104 0.07
32 104 0.1
36 104 0.19
54 104 0.58
59 104 0.15
63 104 0.28
104 74 1.0
78 104 0.22
79 104 0.12
85 104 0.33
86 104 0.58
87 104 0.5
88 104 0.24
90 104 0.23
95 104 0.41
118 104 2.0E-4
105 2 0.25
105 4 0.11
105 10 0.58
105 12 0.26
105 15 0.29
105 19 0.27
105 30 0.07
105 32 0.1
105 36 0.19
105 39 0.23
105 41 0.3
105 55 0.38
105 59 0.15
105 60 0.2
105 99 0.27
105 118 2.0E-4
106 14 1.0
30 106 0.07
32 106 0.1
106 52 1.0
76 106 0.5
118 106 4.0E-4
107 2 0.1
107 4 0.27
107 8 0.17
107 10 0.24
107 11 0.08
107 12 0.11
107 15 0.12
107 16 0.12
107 18 0.06
107 19 0.11
107 25 0.09
107 30 0.18
107 32 0.21
107 33 0.15
107 34 0.09
107 36 0.16
107 37 0.24
107 38 0.24
107 39 0.28
107 41 0.37
107 42 0.29
107 44 0.2
107 50 0.1
107 51 0.19
107 55 0.31
107 57 0.2
107 59 0.24
107 60 0.17
107 66 0.17
107 79 0.05
107 88 0.19
107 91 0.07
107 94 0.13
107 99 0.11
107 103 0.31
107 105 0.41
107 118 2.0E-4
2 108 0.25
4 108 0.05
7 108 0.25
8 108 0.1
11 108 0.3
12 108 0.13
13 108 0.23
18 108 0.07
25 108 0.11
30 108 0.15
32 108 0.05
34 108 0.11
108 38 0.29
108 53 0.25
59 108 0.15
66 108 0.2
75 108 0.13
76 108 0.25
79 108 0.12
83 108 0.5
89 108 0.19
91 108 0.08
94 108 0.16
118 108 1.0E-4
4 109 0.22
109 9 0.31
10 109 0.24
15 109 0.24
19 109 0.22
24 109 0.2
25 109 0.09
30 109 0.18
32 109 0.04
109 35 0.29
36 109 0.24
39 109 0.19
109 44 0.2
109 47 0.24
109 54 0.24
109 56 0.47
58 109 0.11
59 109 0.06
60 109 0.17
61 109 0.1
78 109 0.18
79 109 0.1
81 109 0.2
109 84 0.37
85 109 0.27
88 109 0.1
90 109 0.28
118 109 1.0E-4
110 14 1.0
30 110 0.07
32 110 0.1
110 52 1.0
76 110 0.5
110 106 1.0
118 110 4.0E-4
111 2 0.13
111 3 0.06
111 4 0.25
111 5 0.18
111 6 0.28
111 9 0.19
111 10 0.29
111 11 0.1
111 12 0.06
111 14 0.25
111 15 0.29
111 18 0.07
111 19 0.33
111 20 0.18
111 21 0.09
111 22 0.22
111 24 0.13
111 27 0.07
111 28 0.07
111 29 0.06
111 30 0.29
111 32 0.28
111 35 0.35
111 36 0.14
111 37 0.14
111 39 0.23
111 41 0.23
111 42 0.09
111 43 0.35
111 44 0.25
111 45 0.22
111 47 0.14
111 50 0.3
111 51 0.12
111 52 0.25
111 54 0.14
111 55 0.09
111 56 0.29
111 57 0.25
111 58 0.21
111 59 0.26
111 60 0.15
111 61 0.18
111 62 0.08
111 63 0.07
111 64 0.07
111 66 0.1
111 69 0.14
111 72 0.18
111 76 0.25
111 77 0.14
111 78 0.22
111 79 0.18
111 80 0.11
111 82 0.09
111 83 0.08
111 85 0.25
111 88 0.29
111 90 0.11
111 91 0.04
111 97 0.18
111 98 0.1
111 99 0.27
111 100 0.07
111 101 0.13
111 102 0.11
111 105 0.25
111 106 0.25
111 107 0.1
111 109 0.2
111 110 0.25
111 118 7.0E-4
4 112 0.11
30 112 0.07
112 70 1.0
118 112 3.0E-4
4 113 0.11
113 17 0.58
30 113 0.07
32 113 0.1
41 113 0.3
50 113 0.24
51 113 0.24
59 113 0.15
78 113 0.22
79 113 0.12
88 113 0.24
118 113 2.0E-4
114 1 0.1
2 114 0.14
114 3 0.33
4 114 0.06
114 9 0.22
10 114 0.17
15 114 0.33
18 114 0.04
19 114 0.23
114 21 0.41
114 23 0.41
24 114 0.29
25 114 0.06
27 114 0.23
114 28 0.4
114 29 0.33
30 114 0.25
32 114 0.23
114 35 0.2
36 114 0.11
114 37 0.08
39 114 0.13
114 40 0.41
114 44 0.14
114 47 0.5
114 54 0.17
114 56 0.5
58 114 0.16
59 114 0.38
60 114 0.12
61 114 0.49
114 63 0.4
114 64 0.33
114 66 0.12
114 67 0.17
114 71 0.29
78 114 0.38
79 114 0.38
85 114 0.58
88 114 0.27
90 114 0.26
91 114 0.24
94 114 0.05
98 114 0.35
99 114 0.08
114 100 0.42
114 103 0.33
114 109 0.24
111 114 0.29
118 114 2.0E-4
1 115 0.19
2 115 0.14
4 115 0.13
8 115 0.12
11 115 0.12
12 115 0.3
13 115 0.13
18 115 0.16
27 115 0.15
30 115 0.13
115 31 0.29
32 115 0.12
34 115 0.13
115 38 0.33
45 115 0.26
60 115 0.24
65 115 0.67
66 115 0.24
115 69 0.33
79 115 0.14
83 115 0.19
94 115 0.19
118 115 1.0E-4
2 116 0.08
116 3 0.15
4 116 0.07
116 5 0.47
116 6 0.5
116 7 0.17
116 9 0.13
10 116 0.19
116 11 0.07
15 116 0.38
116 18 0.05
19 116 0.45
116 20 0.47
116 21 0.24
116 22 0.45
116 24 0.33
116 27 0.27
116 28 0.18
116 29 0.15
30 116 0.22
32 116 0.27
36 116 0.26
116 37 0.1
39 116 0.23
116 45 0.6
116 47 0.19
116 54 0.58
55 116 0.13
116 56 0.19
116 58 0.55
59 116 0.25
116 61 0.32
116 62 0.22
116 63 0.28
116 64 0.19
116 66 0.14
116 72 0.47
116 74 0.33
116 76 0.17
116 78 0.15
116 79 0.28
116 80 0.3
116 82 0.24
116 85 0.44
116 86 0.38
116 87 0.5
116 88 0.47
116 90 0.38
116 91 0.11
116 94 0.05
116 95 0.27
116 97 0.47
116 98 0.14
99 116 0.27
116 100 0.19
116 101 0.33
116 102 0.3
116 104 0.33
116 109 0.14
111 116 0.33
116 114 0.19
118 116 4.0E-4
2 117 0.14
12 117 0.3
18 117 0.08
117 23 0.41
24 117 0.29
25 117 0.12
27 117 0.31
30 117 0.13
32 117 0.06
36 117 0.11
117 40 0.41
47 117 0.33
56 117 0.33
59 117 0.09
117 71 0.58
79 117 0.07
117 83 0.19
85 117 0.19
88 117 0.14
90 117 0.13
95 117 0.24
98 117 0.24
114 117 0.17
118 117 1.0E-4
