*Vertices  44
1 "LCD显示屏"
2 "衬底"
3 "LED灯"
4 "荧光粉"
5 "整流器"
6 "GAN"
7 "保护层"
8 "变压器"
9 "外延片"
10 "外延"
11 "LED"
12 "二极管"
13 "掩膜"
14 "通道"
15 "腐蚀液"
16 "缓冲层"
17 "内量子效率"
18 "光刻胶"
19 "SiO2"
20 "半导体"
21 "Al2O3"
22 "MQW"
23 "ESD"
24 "ITO"
25 "太阳能"
26 "LED芯片"
27 "芯片"
28 "金属层"
29 "电流扩展层"
30 "Li"
31 "电极"
32 "接触层"
33 "电阻"
34 "激光"
35 "MOCVD"
36 "标准芯片工艺制作"
37 "湿法刻蚀"
38 "湿法腐蚀"
39 "空穴"
40 "屏幕"
41 "反射层"
42 "发光层"
43 "甲基"
44 "LED外延片"
*Arcs
44 1 1.0E-4
2 1 0.08
44 2 0.0048
3 1 0.04
3 2 0.03
3 44 0.0
4 2 0.13
4 3 0.13
4 44 2.0E-4
5 2 0.07
3 5 0.22
5 44 1.0E-4
6 1 0.12
6 2 0.65
3 6 0.04
4 6 0.1
5 6 0.1
44 6 0.0054
2 7 0.23
3 7 0.11
4 7 0.14
5 7 0.14
6 7 0.18
44 7 4.0E-4
8 2 0.05
3 8 0.26
4 8 0.06
8 5 0.68
8 6 0.08
8 7 0.11
8 44 1.0E-4
9 1 0.09
9 2 0.83
3 9 0.03
4 9 0.08
5 9 0.08
9 6 0.78
9 7 0.14
8 9 0.06
9 44 0.0063
10 1 0.08
10 2 0.95
3 10 0.05
4 10 0.13
5 10 0.07
10 6 0.65
10 7 0.23
8 10 0.05
10 9 0.83
10 44 0.0048
11 1 0.22
11 2 0.32
11 3 0.67
11 4 0.25
11 5 0.25
11 6 0.21
11 7 0.15
11 8 0.34
11 9 0.27
11 10 0.32
11 44 7.0E-4
12 1 0.14
12 2 0.37
12 3 0.32
12 4 0.23
12 5 0.35
12 6 0.25
12 7 0.1
12 8 0.39
12 9 0.31
12 10 0.37
12 11 0.72
12 44 8.0E-4
2 13 0.23
3 13 0.11
5 13 0.29
6 13 0.35
7 13 0.5
8 13 0.21
9 13 0.28
10 13 0.23
11 13 0.07
12 13 0.1
44 13 0.0010
14 2 0.2
3 14 0.22
14 6 0.31
14 9 0.24
14 10 0.2
11 14 0.25
12 14 0.23
14 44 4.0E-4
2 15 0.56
3 15 0.04
5 15 0.12
6 15 0.14
7 15 0.2
8 15 0.09
9 15 0.34
10 15 0.47
11 15 0.18
12 15 0.25
15 13 0.41
44 15 9.0E-4
16 1 0.12
16 2 0.65
4 16 0.1
16 6 0.63
16 9 0.78
16 10 0.65
11 16 0.21
12 16 0.22
16 14 0.2
16 44 0.0053
2 17 0.32
4 17 0.2
6 17 0.25
9 17 0.39
10 17 0.32
11 17 0.1
12 17 0.07
16 17 0.5
44 17 0.0021
2 18 0.46
3 18 0.05
5 18 0.14
6 18 0.18
7 18 0.25
8 18 0.11
9 18 0.42
10 18 0.46
11 18 0.15
12 18 0.2
18 13 0.5
15 18 0.82
44 18 0.0011
19 2 0.38
3 19 0.12
4 19 0.32
19 5 0.08
19 6 0.29
19 7 0.14
19 8 0.06
19 9 0.38
19 10 0.38
11 19 0.27
12 19 0.31
19 13 0.28
19 14 0.08
19 15 0.34
19 16 0.1
19 18 0.28
19 44 6.0E-4
20 1 0.05
20 2 0.64
20 3 0.29
20 4 0.34
20 5 0.17
20 6 0.42
20 7 0.15
20 8 0.19
20 9 0.53
20 10 0.64
20 11 0.5
20 12 0.55
20 13 0.15
20 14 0.17
20 15 0.36
20 16 0.42
20 17 0.21
20 18 0.29
20 19 0.41
20 44 0.0023
21 1 0.08
21 2 0.72
3 21 0.08
4 21 0.35
21 5 0.07
21 6 0.69
21 7 0.24
21 8 0.05
21 9 0.74
21 10 0.78
11 21 0.3
12 21 0.34
21 13 0.24
21 14 0.21
21 15 0.1
21 16 0.69
21 17 0.34
21 18 0.12
19 21 0.54
20 21 0.57
21 44 0.0042
22 1 0.09
22 2 0.64
3 22 0.09
4 22 0.16
5 22 0.16
22 6 0.78
22 7 0.14
8 22 0.12
22 9 0.77
22 10 0.7
11 22 0.27
12 22 0.31
22 13 0.28
22 14 0.24
22 15 0.23
22 16 0.59
22 17 0.39
22 18 0.28
19 22 0.31
20 22 0.53
21 22 0.67
22 44 0.0051
23 2 0.41
23 6 0.47
23 9 0.5
23 10 0.41
11 23 0.16
12 23 0.14
23 14 0.26
23 16 0.63
23 17 0.32
20 23 0.26
21 23 0.43
23 22 0.5
23 44 0.0033
24 1 0.19
2 24 0.66
3 24 0.06
4 24 0.08
5 24 0.08
6 24 0.61
24 7 0.29
8 24 0.06
9 24 0.72
10 24 0.73
11 24 0.25
12 24 0.26
24 13 0.29
14 24 0.08
24 15 0.24
16 24 0.51
24 17 0.41
24 18 0.29
19 24 0.4
20 24 0.47
21 24 0.7
22 24 0.64
23 24 0.26
44 24 0.0040
2 25 0.07
3 25 0.14
4 25 0.09
6 25 0.11
8 25 0.07
9 25 0.09
10 25 0.07
11 25 0.23
12 25 0.13
14 25 0.09
16 25 0.11
20 25 0.05
21 25 0.08
22 25 0.09
23 25 0.14
44 25 1.0E-4
26 1 0.07
26 2 0.5
3 26 0.19
4 26 0.31
26 5 0.13
26 6 0.39
26 7 0.22
26 8 0.09
26 9 0.48
26 10 0.45
11 26 0.34
12 26 0.33
26 13 0.22
26 14 0.31
26 15 0.36
26 16 0.39
26 17 0.15
26 18 0.33
19 26 0.24
20 26 0.51
21 26 0.42
26 22 0.54
26 23 0.39
26 24 0.31
26 25 0.07
26 44 0.0029
27 1 0.24
27 2 0.49
3 27 0.3
4 27 0.35
27 5 0.14
27 6 0.34
27 7 0.12
27 8 0.18
27 9 0.43
27 10 0.49
11 27 0.62
12 27 0.58
27 13 0.12
27 14 0.24
27 15 0.29
27 16 0.34
27 17 0.17
27 18 0.24
27 19 0.4
20 27 0.6
27 21 0.46
27 22 0.43
27 23 0.27
27 24 0.38
27 25 0.08
27 26 0.55
27 44 0.0016
2 28 0.41
3 28 0.05
6 28 0.32
7 28 0.22
9 28 0.37
10 28 0.51
11 28 0.16
12 28 0.23
14 28 0.13
15 28 0.18
18 28 0.22
19 28 0.5
20 28 0.33
21 28 0.43
22 28 0.37
24 28 0.65
26 28 0.1
27 28 0.21
44 28 4.0E-4
2 29 0.57
3 29 0.08
5 29 0.1
6 29 0.38
7 29 0.18
8 29 0.08
9 29 0.39
10 29 0.57
11 29 0.21
12 29 0.29
29 13 0.35
14 29 0.1
29 15 0.58
29 18 0.35
19 29 0.49
20 29 0.42
21 29 0.34
22 29 0.49
24 29 0.41
26 29 0.23
27 29 0.34
29 28 0.47
44 29 5.0E-4
30 2 0.16
3 30 0.26
4 30 0.27
30 6 0.25
30 8 0.05
30 9 0.2
30 10 0.16
11 30 0.31
12 30 0.36
30 14 0.2
30 16 0.08
30 17 0.17
30 19 0.33
20 30 0.38
30 21 0.29
30 22 0.26
30 23 0.11
30 24 0.2
30 26 0.21
30 27 0.31
30 28 0.21
30 29 0.17
30 44 2.0E-4
31 1 0.11
31 2 0.72
3 31 0.16
4 31 0.09
31 5 0.33
31 6 0.46
31 7 0.16
31 8 0.39
31 9 0.59
31 10 0.72
11 31 0.45
12 31 0.55
31 13 0.16
31 14 0.19
31 15 0.4
31 16 0.46
31 17 0.23
31 18 0.33
19 31 0.32
20 31 0.56
21 31 0.56
31 22 0.55
31 23 0.29
31 24 0.57
31 25 0.05
26 31 0.39
27 31 0.57
31 28 0.37
31 29 0.46
30 31 0.12
31 44 0.0027
32 1 0.13
32 2 0.61
3 32 0.04
4 32 0.11
5 32 0.11
32 6 0.8
32 7 0.19
8 32 0.08
32 9 0.73
32 10 0.61
11 32 0.19
12 32 0.19
32 13 0.38
32 14 0.22
32 15 0.15
32 16 0.8
32 17 0.53
32 18 0.19
19 32 0.1
20 32 0.39
21 32 0.64
32 22 0.73
32 23 0.68
32 24 0.55
32 25 0.12
26 32 0.49
27 32 0.32
32 29 0.13
30 32 0.09
31 32 0.43
32 44 0.0075
33 1 0.16
33 2 0.11
3 33 0.3
4 33 0.05
33 5 0.56
33 6 0.17
33 7 0.08
33 8 0.55
33 9 0.13
33 10 0.11
11 33 0.45
12 33 0.51
33 13 0.16
33 14 0.19
33 15 0.07
33 16 0.06
33 17 0.11
33 18 0.08
19 33 0.09
20 33 0.19
21 33 0.12
33 22 0.18
33 23 0.07
33 24 0.14
33 25 0.05
26 33 0.11
27 33 0.47
33 28 0.07
33 29 0.11
30 33 0.11
33 31 0.51
33 32 0.12
33 44 2.0E-4
34 1 0.09
34 2 0.37
34 3 0.12
34 4 0.23
34 5 0.08
34 6 0.38
34 7 0.27
34 8 0.06
34 9 0.3
34 10 0.43
34 11 0.28
34 12 0.24
34 13 0.27
34 14 0.08
34 15 0.11
34 16 0.09
34 17 0.19
34 18 0.13
34 19 0.3
34 20 0.39
34 21 0.45
34 22 0.37
34 24 0.46
34 26 0.12
34 27 0.26
34 28 0.48
34 29 0.38
34 30 0.19
34 31 0.31
34 32 0.2
34 33 0.17
34 44 6.0E-4
35 1 0.1
35 2 0.73
3 35 0.03
4 35 0.08
35 6 0.71
35 9 0.88
35 10 0.79
11 35 0.25
12 35 0.29
35 14 0.25
35 15 0.12
35 16 0.82
35 17 0.41
35 18 0.14
19 35 0.32
20 35 0.51
21 35 0.77
35 22 0.8
35 23 0.52
35 24 0.67
35 25 0.09
26 35 0.38
27 35 0.41
35 28 0.39
35 29 0.41
30 35 0.2
31 35 0.57
35 32 0.65
33 35 0.09
34 35 0.31
35 44 0.0043
36 1 0.15
36 2 0.51
4 36 0.13
36 6 0.63
36 9 0.62
36 10 0.51
11 36 0.16
12 36 0.14
36 14 0.13
36 16 0.79
36 17 0.63
20 36 0.33
21 36 0.54
36 22 0.62
36 23 0.6
36 24 0.52
26 36 0.39
27 36 0.27
30 36 0.11
31 36 0.37
36 32 0.85
33 36 0.07
34 36 0.12
36 35 0.65
36 44 0.0053
2 37 0.46
6 37 0.35
9 37 0.55
10 37 0.46
11 37 0.15
12 37 0.2
14 37 0.14
15 37 0.2
16 37 0.18
37 18 0.25
19 37 0.55
20 37 0.29
21 37 0.36
22 37 0.28
24 37 0.43
26 37 0.11
27 37 0.24
37 28 0.67
29 37 0.35
30 37 0.24
31 37 0.33
33 37 0.08
34 37 0.27
35 37 0.43
44 37 5.0E-4
2 38 0.32
3 38 0.08
5 38 0.2
6 38 0.25
7 38 0.35
8 38 0.15
9 38 0.2
10 38 0.32
11 38 0.1
12 38 0.14
38 13 0.71
15 38 0.58
18 38 0.35
19 38 0.2
20 38 0.21
21 38 0.17
22 38 0.2
24 38 0.2
26 38 0.15
27 38 0.17
29 38 0.5
31 38 0.23
32 38 0.27
33 38 0.11
34 38 0.19
44 38 7.0E-4
39 1 0.13
2 39 0.26
3 39 0.17
4 39 0.11
5 39 0.11
6 39 0.4
8 39 0.16
9 39 0.31
10 39 0.26
11 39 0.19
12 39 0.23
14 39 0.11
16 39 0.4
39 17 0.27
20 39 0.39
21 39 0.28
22 39 0.42
23 39 0.17
39 24 0.33
26 39 0.25
27 39 0.18
30 39 0.36
31 39 0.25
32 39 0.43
33 39 0.12
34 39 0.1
35 39 0.33
36 39 0.51
44 39 0.0015
1 40 0.17
2 40 0.36
3 40 0.06
5 40 0.07
6 40 0.18
8 40 0.06
9 40 0.43
10 40 0.36
11 40 0.28
12 40 0.18
14 40 0.07
15 40 0.21
16 40 0.37
40 18 0.26
19 40 0.21
20 40 0.27
21 40 0.25
22 40 0.21
23 40 0.23
24 40 0.22
40 25 0.08
26 40 0.23
27 40 0.25
40 28 0.12
29 40 0.09
31 40 0.3
32 40 0.2
33 40 0.04
34 40 0.14
35 40 0.37
36 40 0.12
40 37 0.26
39 40 0.1
44 40 8.0E-4
2 41 0.52
4 41 0.11
7 41 0.19
9 41 0.42
10 41 0.52
11 41 0.19
12 41 0.19
15 41 0.31
16 41 0.27
41 18 0.38
19 41 0.31
20 41 0.33
21 41 0.37
22 41 0.1
24 41 0.33
26 41 0.25
27 41 0.23
41 28 0.34
29 41 0.13
31 41 0.37
34 41 0.2
35 41 0.33
41 37 0.38
41 40 0.49
44 41 3.0E-4
42 1 0.13
2 42 0.61
6 42 0.13
9 42 0.42
10 42 0.52
11 42 0.19
12 42 0.27
42 15 0.46
16 42 0.4
42 18 0.19
19 42 0.21
20 42 0.39
21 42 0.28
22 42 0.21
42 24 0.22
26 42 0.25
27 42 0.32
42 29 0.53
31 42 0.43
32 42 0.14
35 42 0.44
36 42 0.17
42 37 0.19
42 38 0.27
42 39 0.14
42 40 0.29
42 41 0.43
44 42 4.0E-4
43 1 0.1
43 2 0.33
3 43 0.06
4 43 0.33
43 6 0.41
8 43 0.06
43 9 0.4
43 10 0.33
11 43 0.25
12 43 0.23
43 14 0.08
43 16 0.51
43 17 0.41
19 43 0.16
20 43 0.38
21 43 0.49
43 22 0.4
43 23 0.39
43 24 0.33
43 25 0.09
26 43 0.38
27 43 0.38
30 43 0.27
31 43 0.24
43 32 0.55
33 43 0.05
34 43 0.08
43 35 0.42
43 36 0.52
43 39 0.33
43 40 0.15
43 42 0.11
43 44 0.0025
