*Vertices  46
1 "LCD显示屏"
2 "3D显示屏"
3 "显示器"
4 "LED灯"
5 "连接带"
6 "控制器"
7 "处理器"
8 "单片机"
9 "叶片"
10 "荧光粉"
11 "开关"
12 "色域"
13 "IP核"
14 "变压器"
15 "XYZ2xyz"
16 "XYZ2RGB"
17 "CIE"
18 "LED"
19 "二极管"
20 "听筒"
21 "玻璃"
22 "塑料"
23 "转换器"
24 "发电机"
25 "密封胶"
26 "SiO2"
27 "放大器"
28 "半导体"
29 "电路板"
30 "摄像机"
31 "太阳能"
32 "风能"
33 "蓄电池"
34 "LED照明设备"
35 "蓄电设备"
36 "芯片"
37 "离子"
38 "耳机"
39 "MP4播放器"
40 "基色"
41 "太阳能电子板"
42 "屏幕"
43 "反射层"
44 "固定支架"
45 "DMA"
46 "LED显示屏"
*Arcs
1 46 7.0E-4
46 2 0.0036
3 1 0.33
3 46 2.0E-4
4 1 0.04
4 3 0.08
4 46 1.0E-4
5 2 0.5
4 5 0.05
46 5 0.0012
1 6 0.24
3 6 0.24
4 6 0.11
6 46 0.0018
7 1 0.09
7 3 0.26
7 4 0.14
7 5 0.13
7 6 0.44
7 46 9.0E-4
8 1 0.08
3 8 0.52
4 8 0.13
8 6 0.17
7 8 0.24
8 46 1.0E-4
4 9 0.08
46 9 0.0032
10 3 0.14
10 4 0.13
10 6 0.07
10 7 0.07
10 8 0.07
10 46 3.0E-4
11 1 0.14
3 11 0.07
4 11 0.37
11 5 0.07
11 6 0.23
7 11 0.21
11 8 0.19
10 11 0.08
11 46 2.0E-4
6 12 0.17
7 12 0.18
12 46 0.0058
6 13 0.24
7 13 0.26
12 13 0.71
46 13 0.0042
3 14 0.11
4 14 0.26
14 6 0.1
8 14 0.05
10 14 0.06
11 14 0.29
14 46 2.0E-4
6 15 0.24
7 15 0.26
12 15 0.71
15 13 1.0
46 15 0.0042
6 16 0.24
7 16 0.26
12 16 0.71
16 13 1.0
16 15 1.0
46 16 0.0042
6 17 0.17
7 17 0.18
17 12 1.0
17 13 0.71
17 15 0.71
17 16 0.71
17 46 0.0058
18 1 0.22
18 2 0.07
18 3 0.29
18 4 0.67
18 5 0.15
18 6 0.3
18 7 0.28
18 8 0.32
18 9 0.1
18 10 0.25
18 11 0.54
18 12 0.1
18 13 0.07
18 14 0.34
18 15 0.07
18 16 0.07
18 17 0.1
18 46 0.0021
19 1 0.14
19 3 0.15
19 4 0.32
19 6 0.15
19 7 0.08
19 8 0.16
19 10 0.23
19 11 0.46
19 12 0.07
19 14 0.39
19 17 0.07
19 18 0.72
19 46 3.0E-4
20 2 1.0
5 20 0.5
18 20 0.07
46 20 0.0036
21 3 0.19
21 4 0.27
21 7 0.15
21 8 0.22
21 9 0.27
21 10 0.11
21 11 0.18
21 14 0.08
21 18 0.38
21 19 0.27
21 46 0.0012
22 3 0.17
22 4 0.28
22 6 0.17
22 7 0.12
22 8 0.05
22 9 0.16
22 10 0.2
22 11 0.16
22 14 0.05
22 18 0.32
22 19 0.28
22 21 0.35
22 46 2.0E-4
23 1 0.2
3 23 0.15
4 23 0.1
23 6 0.22
7 23 0.16
8 23 0.14
10 23 0.09
11 23 0.25
14 23 0.06
18 23 0.24
19 23 0.21
21 23 0.12
22 23 0.21
23 46 2.0E-4
3 24 0.13
4 24 0.11
6 24 0.12
8 24 0.11
10 24 0.14
11 24 0.14
14 24 0.21
18 24 0.15
19 24 0.1
23 24 0.15
46 24 9.0E-4
4 25 0.22
25 9 0.35
11 25 0.07
18 25 0.15
19 25 0.05
21 25 0.1
22 25 0.11
25 46 7.0E-4
3 26 0.07
4 26 0.12
26 9 0.2
10 26 0.32
26 11 0.04
26 14 0.06
18 26 0.27
19 26 0.31
21 26 0.16
22 26 0.19
26 23 0.08
26 46 2.0E-4
3 27 0.2
4 27 0.09
27 6 0.1
7 27 0.11
8 27 0.28
11 27 0.11
14 27 0.26
18 27 0.18
19 27 0.17
27 23 0.25
27 24 0.2
27 46 3.0E-4
28 1 0.05
28 3 0.11
28 4 0.29
28 7 0.08
28 8 0.03
28 9 0.1
28 10 0.34
28 11 0.14
28 14 0.19
28 18 0.5
28 19 0.55
28 21 0.23
28 22 0.24
28 23 0.13
28 25 0.15
28 26 0.41
28 27 0.12
28 46 2.0E-4
29 1 0.2
29 3 0.26
29 4 0.4
29 6 0.1
29 7 0.11
29 8 0.14
29 9 0.29
29 10 0.12
29 11 0.14
29 14 0.04
29 18 0.36
29 19 0.17
29 21 0.39
29 22 0.19
29 25 0.1
29 26 0.06
29 28 0.15
29 46 6.0E-4
1 30 0.38
3 30 0.14
8 30 0.13
11 30 0.08
18 30 0.13
19 30 0.12
29 30 0.12
46 30 4.0E-4
4 31 0.14
31 5 0.16
6 31 0.23
7 31 0.08
10 31 0.09
11 31 0.17
14 31 0.07
18 31 0.23
19 31 0.13
21 31 0.12
31 24 0.16
28 31 0.05
29 31 0.06
31 46 0.0017
6 32 0.24
10 32 0.29
11 32 0.14
14 32 0.21
18 32 0.07
19 32 0.1
24 32 0.5
31 32 0.32
46 32 0.0024
4 33 0.23
33 5 0.13
33 6 0.13
7 33 0.07
10 33 0.07
11 33 0.28
33 14 0.28
18 33 0.28
19 33 0.18
21 33 0.1
33 24 0.26
28 33 0.11
33 31 0.57
33 32 0.26
33 46 0.0011
4 34 0.13
6 34 0.14
10 34 0.17
11 34 0.08
14 34 0.12
18 34 0.13
19 34 0.12
24 34 0.29
31 34 0.18
34 32 0.58
33 34 0.15
46 34 0.0010
6 35 0.24
10 35 0.29
11 35 0.14
14 35 0.21
18 35 0.07
19 35 0.1
24 35 0.5
31 35 0.32
35 32 1.0
33 35 0.26
35 34 0.58
46 35 0.0024
36 1 0.24
3 36 0.27
4 36 0.3
36 6 0.23
7 36 0.12
36 8 0.33
36 9 0.08
10 36 0.35
36 11 0.28
36 14 0.18
18 36 0.62
19 36 0.58
21 36 0.21
22 36 0.11
36 23 0.25
36 24 0.06
36 25 0.06
36 26 0.4
36 27 0.29
28 36 0.6
29 36 0.22
36 30 0.07
36 31 0.08
36 34 0.07
36 46 3.0E-4
37 1 0.15
3 37 0.06
4 37 0.13
10 37 0.13
37 14 0.1
18 37 0.32
19 37 0.26
21 37 0.35
22 37 0.05
37 23 0.07
37 26 0.32
28 37 0.34
29 37 0.14
37 30 0.13
37 36 0.33
37 46 4.0E-4
38 2 0.71
38 5 0.35
11 38 0.1
18 38 0.1
19 38 0.07
38 20 0.71
36 38 0.08
38 46 0.0020
39 2 1.0
5 39 0.5
18 39 0.07
39 20 1.0
38 39 0.71
46 39 0.0036
4 40 0.04
40 6 0.1
7 40 0.11
40 9 0.29
10 40 0.24
40 12 0.58
40 13 0.41
40 15 0.41
40 16 0.41
40 17 0.58
18 40 0.18
19 40 0.08
21 40 0.16
22 40 0.09
40 26 0.23
28 40 0.12
29 40 0.08
40 36 0.15
40 37 0.19
40 46 0.0046
18 41 0.07
21 41 0.19
31 41 0.32
33 41 0.26
46 41 0.0013
1 42 0.17
42 2 0.26
3 42 0.13
4 42 0.06
42 5 0.26
42 6 0.13
7 42 0.07
8 42 0.06
42 9 0.37
11 42 0.11
14 42 0.06
18 42 0.28
19 42 0.18
42 20 0.26
21 42 0.15
22 42 0.18
23 42 0.08
42 25 0.13
26 42 0.21
28 42 0.27
29 42 0.16
42 31 0.08
36 42 0.25
37 42 0.12
38 42 0.18
42 39 0.26
40 42 0.11
42 46 0.0030
43 9 0.27
10 43 0.11
18 43 0.19
19 43 0.19
21 43 0.15
22 43 0.17
26 43 0.31
28 43 0.33
29 43 0.08
36 43 0.23
37 43 0.09
40 43 0.31
43 42 0.49
43 46 4.0E-4
4 44 0.16
44 9 0.5
18 44 0.1
21 44 0.14
25 44 0.35
28 44 0.21
29 44 0.29
36 44 0.08
42 44 0.18
46 44 0.0011
3 45 0.14
45 6 0.28
7 45 0.3
11 45 0.08
45 12 0.41
45 13 0.58
14 45 0.12
45 15 0.58
45 16 0.58
45 17 0.41
18 45 0.13
19 45 0.06
21 45 0.11
23 45 0.17
28 45 0.09
36 45 0.07
37 45 0.13
40 45 0.24
45 46 0.0017
