*Vertices  12
1 "LED灯"
2 "发光板"
3 "LED"
4 "二极管"
5 "塑料"
6 "铝基板"
7 "半导体"
8 "Li"
9 "空穴"
10 "射灯"
11 "发光管"
12 "LED灯罩"
*Arcs
1 12 0.0089
1 2 0.16
2 12 0.0286
3 1 0.67
3 2 0.15
3 12 0.0044
4 1 0.32
4 2 0.15
4 3 0.72
4 12 0.0026
5 1 0.28
5 3 0.32
5 4 0.28
5 12 0.0084
6 1 0.3
6 2 0.15
6 3 0.24
6 4 0.24
6 5 0.35
6 12 0.0148
7 1 0.29
7 3 0.5
7 4 0.55
7 5 0.24
7 6 0.27
7 12 0.0040
1 8 0.26
3 8 0.31
4 8 0.36
5 8 0.27
6 8 0.36
7 8 0.38
8 12 0.0092
1 9 0.17
3 9 0.19
4 9 0.23
5 9 0.26
6 9 0.34
7 9 0.39
8 9 0.36
9 12 0.0205
10 1 0.27
10 3 0.18
10 4 0.21
10 5 0.28
10 6 0.37
10 7 0.24
10 8 0.19
10 9 0.31
10 12 0.0224
1 11 0.26
11 2 0.17
3 11 0.22
4 11 0.17
5 11 0.31
6 11 0.4
7 11 0.15
8 11 0.24
9 11 0.38
10 11 0.27
11 12 0.0174
