*Vertices  192
1 "LED显示屏"
2 "LCD显示屏"
3 "显示器"
4 "衬底"
5 "LED灯罩"
6 "探头"
7 "连接带"
8 "电容"
9 "容器"
10 "光膜"
11 "传感器"
12 "控制器"
13 "处理器"
14 "单片机"
15 "发生器"
16 "音箱"
17 "叶片"
18 "折盒机"
19 "装盒机"
20 "荧光粉"
21 "反光杯"
22 "聚光杯"
23 "整流器"
24 "工质"
25 "开关"
26 "发光荧光材料"
27 "GAN"
28 "塑料光转换荧光粒料"
29 "助剂"
30 "保护层"
31 "热电分离"
32 "焊油墨"
33 "聚合物树脂"
34 "蒸发皿"
35 "功率因数校正"
36 "连接管"
37 "模数转换集成块"
38 "硼酸"
39 "变压器"
40 "定时器"
41 "太阳能吸收板"
42 "加湿器"
43 "阻燃塑料外壳"
44 "发光板"
45 "EP"
46 "LED外延片"
47 "外延片"
48 "外延"
49 "LED"
50 "二极管"
51 "整流二极管"
52 "稳压二极管"
53 "三极管"
54 "掩膜"
55 "联轴器"
56 "扩散剂"
57 "教具"
58 "玻璃"
59 "雪糕板"
60 "香薰托盘"
61 "通道"
62 "接收管"
63 "LED灯具散热壳体"
64 "LED光源"
65 "电热丝"
66 "塑料"
67 "腐蚀液"
68 "电子元器件"
69 "转换器"
70 "铝基板"
71 "基板"
72 "集热板"
73 "导热板"
74 "晶体振荡器"
75 "导热陶瓷"
76 "基座"
77 "红外线发射管"
78 "照明扶钉器"
79 "螺旋管"
80 "聚光碗"
81 "发动机"
82 "电动机"
83 "散热片"
84 "散热器"
85 "光谱仪"
86 "发电机"
87 "直流电机"
88 "发光体"
89 "硅橡胶"
90 "光刻胶"
91 "密封胶"
92 "防音壁"
93 "SiO2"
94 "放大器"
95 "半导体"
96 "电路板"
97 "Al2O3"
98 "GaAs"
99 "MQW"
100 "ITO"
101 "GPIO"
102 "键合"
103 "客户"
104 "冷却片"
105 "焊盘"
106 "介质箱"
107 "装饰图案"
108 "圆盘"
109 "荧光光谱"
110 "太阳能"
111 "太阳能电池板"
112 "蓄电池"
113 "充电电池"
114 "锂电池"
115 "LED照明设备"
116 "LED芯片"
117 "芯片"
118 "金属层"
119 "涂层"
120 "电流扩展层"
121 "电抗器"
122 "继电器"
123 "充电器"
124 "冷凝器"
125 "存储器"
126 "捕虫箱"
127 "光触媒"
128 "酸盐"
129 "SrCO3"
130 "Eu2O3"
131 "硝酸"
132 "Eu2"
133 "去离子水"
134 "硬脂酰胺"
135 "Li"
136 "液体石蜡"
137 "电感"
138 "离子"
139 "电极"
140 "接触层"
141 "磁铁"
142 "冰柜"
143 "排水槽"
144 "电阻"
145 "基色"
146 "驱动模块"
147 "脉冲信号"
148 "交通灯"
149 "便携棋具"
150 "蒸发腔"
151 "散热腔"
152 "加热管"
153 "防护服"
154 "基料"
155 "丙酮"
156 "激光"
157 "超声波"
158 "MOCVD"
159 "湿法腐蚀"
160 "空穴"
161 "洗墙灯"
162 "射灯"
163 "检测仪"
164 "臭氧仪"
165 "转动轴"
166 "臭氧"
167 "防滑垫"
168 "屏幕"
169 "聚光镜"
170 "透镜"
171 "后视镜"
172 "舰船"
173 "USB接头"
174 "透明装饰"
175 "吸液芯"
176 "甲基"
177 "转子"
178 "弹簧"
179 "碳泡沫"
180 "电磁感应"
181 "蜂鸣器"
182 "扬声器"
183 "电磁锁心"
184 "固定支架"
185 "激发光"
186 "发光管"
187 "提示仪"
188 "晶体闸流管"
189 "信息存储卡"
190 "导热柱"
191 "插座"
192 "LED灯"
*Arcs
192 1 0.0
2 1 0.21
192 2 0.0
3 1 0.08
3 2 0.33
192 3 1.0E-4
4 2 0.08
192 4 0.0
192 5 1.0E-4
192 6 0.0
1 7 0.16
192 7 0.0
192 8 5.0E-4
9 4 0.09
8 9 0.23
192 9 1.0E-4
10 2 0.19
10 3 0.29
10 9 0.22
10 192 1.0E-4
2 11 0.13
3 11 0.25
11 6 0.2
11 7 0.2
8 11 0.08
192 11 1.0E-4
12 1 0.23
2 12 0.24
3 12 0.24
12 6 0.12
8 12 0.15
9 12 0.09
12 11 0.19
192 12 1.0E-4
13 1 0.16
13 2 0.09
13 3 0.26
13 6 0.26
13 7 0.13
13 8 0.05
13 10 0.15
13 11 0.36
13 12 0.44
13 192 1.0E-4
14 1 0.07
14 2 0.08
3 14 0.52
14 8 0.19
14 11 0.28
14 12 0.17
13 14 0.24
192 14 1.0E-4
14 15 0.11
192 15 2.0E-4
192 16 1.0E-4
1 17 0.45
192 17 0.0
11 18 0.2
192 18 0.0
11 19 0.14
19 18 0.71
192 19 0.0
20 1 0.09
20 3 0.14
20 4 0.13
20 9 0.22
20 10 0.33
20 12 0.07
20 13 0.07
20 14 0.07
20 192 1.0E-4
192 21 0.0
8 22 0.29
192 22 1.0E-4
23 4 0.07
8 23 0.53
23 9 0.33
23 12 0.07
23 22 0.41
192 23 2.0E-4
8 24 0.12
192 24 2.0E-4
25 1 0.04
25 2 0.14
3 25 0.07
25 7 0.07
25 8 0.42
25 9 0.21
25 11 0.19
25 12 0.23
13 25 0.21
25 14 0.19
25 15 0.07
20 25 0.08
25 23 0.2
192 25 8.0E-4
26 3 0.13
26 4 0.18
26 9 0.2
26 10 0.31
26 13 0.07
26 14 0.06
26 15 0.13
26 20 0.54
26 25 0.07
26 192 2.0E-4
27 2 0.12
27 4 0.65
20 27 0.1
23 27 0.1
192 27 0.0
3 28 0.25
20 28 0.29
25 28 0.14
26 28 0.27
192 28 1.0E-4
3 29 0.18
29 9 0.27
10 29 0.41
20 29 0.41
25 29 0.1
26 29 0.38
29 28 0.71
192 29 1.0E-4
4 30 0.23
20 30 0.14
23 30 0.14
26 30 0.13
27 30 0.18
192 30 1.0E-4
8 31 0.14
24 31 0.41
192 31 1.0E-4
2 32 0.33
3 32 0.25
10 32 0.58
192 32 0.0
3 33 0.25
20 33 0.29
25 33 0.14
26 33 0.27
33 28 1.0
33 29 0.71
192 33 1.0E-4
24 34 0.58
192 34 1.0E-4
8 35 0.2
25 35 0.14
192 35 1.0E-4
8 36 0.14
24 36 0.82
36 31 0.5
36 34 0.71
192 36 2.0E-4
8 37 0.2
25 37 0.14
192 37 1.0E-4
3 38 0.13
38 9 0.19
20 38 0.29
26 38 0.4
192 38 1.0E-4
39 1 0.07
3 39 0.11
39 4 0.05
8 39 0.52
39 9 0.24
39 11 0.04
39 12 0.1
14 39 0.05
39 15 0.11
39 16 0.21
20 39 0.06
39 22 0.3
39 23 0.68
25 39 0.29
39 27 0.08
39 30 0.11
39 35 0.21
38 39 0.11
192 39 4.0E-4
2 40 0.19
11 40 0.12
12 40 0.28
13 40 0.15
25 40 0.24
192 40 0.0
25 41 0.14
192 41 0.0
6 42 0.5
192 42 1.0E-4
25 43 0.14
39 43 0.21
192 43 0.0
44 5 0.35
8 44 0.2
9 44 0.19
12 44 0.12
23 44 0.14
25 44 0.14
44 35 0.5
39 44 0.21
192 44 1.0E-4
3 45 0.07
45 4 0.12
45 8 0.11
45 9 0.1
45 12 0.06
13 45 0.14
45 14 0.06
20 45 0.39
45 23 0.08
45 25 0.11
26 45 0.29
45 30 0.13
45 38 0.4
45 39 0.11
192 45 1.0E-4
46 2 0.12
46 4 0.65
20 46 0.1
23 46 0.1
46 27 0.75
46 30 0.18
39 46 0.08
192 46 0.0
47 2 0.09
47 4 0.83
20 47 0.08
23 47 0.08
26 47 0.15
47 27 0.78
47 30 0.14
39 47 0.06
45 47 0.07
47 46 0.78
192 47 0.0
48 2 0.08
48 4 0.95
20 48 0.13
23 48 0.07
26 48 0.25
48 27 0.65
48 30 0.23
39 48 0.05
45 48 0.06
48 46 0.65
48 47 0.83
192 48 0.0
49 1 0.23
49 2 0.22
49 3 0.29
49 4 0.32
49 5 0.1
49 6 0.15
49 7 0.15
49 8 0.36
49 9 0.19
49 10 0.13
49 11 0.37
49 12 0.3
49 13 0.28
49 14 0.32
49 15 0.15
49 16 0.07
49 17 0.1
49 18 0.07
49 19 0.1
49 20 0.25
49 21 0.07
49 22 0.1
49 23 0.25
49 24 0.13
49 25 0.54
49 26 0.28
49 27 0.21
49 28 0.07
49 29 0.1
49 30 0.15
49 31 0.1
49 32 0.07
49 33 0.07
49 34 0.07
49 35 0.07
49 36 0.1
49 37 0.07
49 38 0.15
49 39 0.34
49 40 0.13
49 41 0.07
49 42 0.07
49 43 0.07
49 44 0.15
49 45 0.28
49 46 0.21
49 47 0.27
49 48 0.32
49 192 0.0025
50 1 0.06
50 2 0.14
50 3 0.15
50 4 0.37
50 5 0.07
50 6 0.05
50 8 0.39
50 9 0.23
50 10 0.12
50 11 0.2
50 12 0.15
50 13 0.08
50 14 0.16
50 15 0.05
50 20 0.23
50 21 0.1
50 22 0.14
50 23 0.35
50 24 0.12
50 25 0.46
50 26 0.33
50 27 0.25
50 28 0.1
50 29 0.14
50 30 0.1
50 33 0.1
50 34 0.1
50 35 0.1
50 36 0.07
50 37 0.1
50 38 0.1
50 39 0.39
50 40 0.12
50 43 0.1
50 44 0.15
50 45 0.22
50 46 0.22
50 47 0.31
50 48 0.37
50 49 0.72
50 192 7.0E-4
8 51 0.2
25 51 0.14
51 35 1.0
39 51 0.21
44 51 0.5
49 51 0.07
50 51 0.1
192 51 1.0E-4
2 52 0.13
8 52 0.46
9 52 0.14
11 52 0.08
12 52 0.18
13 52 0.1
52 22 0.53
23 52 0.55
25 52 0.21
52 35 0.38
39 52 0.48
52 40 0.22
52 44 0.38
45 52 0.1
49 52 0.19
50 52 0.27
52 51 0.38
192 52 2.0E-4
53 2 0.08
3 53 0.06
53 8 0.61
53 9 0.17
53 11 0.05
53 12 0.11
14 53 0.16
53 15 0.11
53 23 0.4
25 53 0.37
26 53 0.06
53 35 0.23
53 37 0.23
53 39 0.49
53 44 0.23
45 53 0.06
49 53 0.32
50 53 0.42
53 51 0.23
53 52 0.26
192 53 2.0E-4
4 54 0.23
23 54 0.29
27 54 0.35
30 54 0.5
39 54 0.21
46 54 0.35
47 54 0.28
48 54 0.23
49 54 0.07
50 54 0.1
192 54 0.0
25 55 0.14
49 55 0.07
192 55 0.0
9 56 0.27
20 56 0.2
26 56 0.38
38 56 0.35
49 56 0.1
50 56 0.07
192 56 1.0E-4
12 57 0.24
25 57 0.14
49 57 0.07
192 57 1.0E-4
58 1 0.18
58 3 0.19
58 4 0.13
58 6 0.1
58 8 0.08
58 10 0.11
58 11 0.12
58 13 0.15
58 14 0.22
58 15 0.19
58 17 0.27
58 20 0.11
58 25 0.18
58 26 0.1
58 27 0.14
58 38 0.19
58 39 0.08
58 41 0.19
58 45 0.21
58 47 0.16
58 48 0.13
58 49 0.38
58 50 0.27
58 53 0.09
58 192 3.0E-4
49 59 0.07
192 59 1.0E-4
6 60 0.5
60 42 1.0
49 60 0.07
192 60 1.0E-4
3 61 0.07
61 4 0.2
8 61 0.12
61 11 0.12
14 61 0.07
61 24 0.33
25 61 0.04
61 27 0.31
61 31 0.2
61 34 0.29
61 36 0.41
61 46 0.2
61 47 0.24
61 48 0.2
49 61 0.25
50 61 0.23
53 61 0.07
58 61 0.11
192 61 3.0E-4
2 62 0.19
3 62 0.14
8 62 0.24
11 62 0.12
14 62 0.13
25 62 0.24
62 37 0.58
49 62 0.13
50 62 0.18
53 62 0.4
58 62 0.11
61 62 0.17
192 62 1.0E-4
49 63 0.07
192 63 1.0E-4
64 2 0.07
64 3 0.15
64 4 0.09
64 6 0.1
64 8 0.04
64 9 0.08
64 10 0.12
64 11 0.04
64 13 0.11
64 14 0.09
64 20 0.24
64 23 0.06
64 24 0.12
64 25 0.06
64 26 0.16
64 27 0.14
64 38 0.31
64 39 0.09
64 44 0.1
64 45 0.22
64 47 0.11
64 48 0.09
64 49 0.36
64 50 0.29
64 52 0.08
64 53 0.09
64 56 0.14
64 58 0.24
64 61 0.18
64 62 0.12
64 192 6.0E-4
9 65 0.22
15 65 0.29
25 65 0.08
49 65 0.13
50 65 0.06
58 65 0.11
192 65 1.0E-4
66 1 0.07
66 3 0.17
66 4 0.05
66 5 0.16
66 6 0.11
66 9 0.17
66 10 0.26
66 11 0.18
66 12 0.17
66 13 0.12
66 14 0.05
66 17 0.16
66 20 0.2
66 25 0.16
66 26 0.18
66 28 0.23
66 29 0.32
66 33 0.23
66 39 0.05
66 40 0.13
66 43 0.23
66 45 0.06
66 47 0.06
66 48 0.05
66 49 0.32
66 50 0.28
66 58 0.35
66 61 0.13
66 64 0.14
66 65 0.26
66 192 4.0E-4
4 67 0.56
9 67 0.15
23 67 0.12
27 67 0.14
30 67 0.2
39 67 0.09
45 67 0.22
46 67 0.29
47 67 0.34
48 67 0.47
49 67 0.18
50 67 0.25
67 54 0.41
58 67 0.08
66 67 0.09
192 67 0.0
8 68 0.14
24 68 0.82
68 31 0.5
68 34 0.71
68 36 1.0
49 68 0.1
50 68 0.07
61 68 0.41
192 68 2.0E-4
69 1 0.1
69 2 0.2
3 69 0.15
69 6 0.15
8 69 0.25
69 11 0.3
69 12 0.22
13 69 0.16
14 69 0.14
20 69 0.09
25 69 0.25
26 69 0.08
69 28 0.3
69 29 0.21
69 33 0.3
69 37 0.3
39 69 0.06
69 40 0.17
45 69 0.08
49 69 0.24
50 69 0.21
69 52 0.11
53 69 0.14
58 69 0.12
69 62 0.17
66 69 0.21
192 69 1.0E-4
70 3 0.08
70 4 0.07
70 5 0.21
70 8 0.06
70 10 0.17
70 13 0.08
70 20 0.17
70 24 0.17
70 25 0.08
70 26 0.08
70 30 0.15
70 35 0.3
70 39 0.13
70 43 0.3
70 44 0.15
70 45 0.16
70 47 0.08
70 48 0.07
70 49 0.24
70 50 0.24
70 51 0.3
70 52 0.11
70 53 0.07
70 58 0.12
70 61 0.26
70 64 0.18
70 66 0.35
70 67 0.12
70 192 5.0E-4
4 71 0.08
8 71 0.29
20 71 0.1
71 22 0.5
23 71 0.31
24 71 0.41
71 31 0.25
71 34 0.35
71 36 0.5
39 71 0.23
48 71 0.08
49 71 0.21
50 71 0.14
52 71 0.4
61 71 0.2
64 71 0.07
71 68 0.5
192 71 4.0E-4
49 72 0.07
71 72 0.35
192 72 0.0
73 21 0.71
49 73 0.1
50 73 0.07
73 61 0.2
64 73 0.14
70 73 0.21
192 73 1.0E-4
74 8 0.24
74 11 0.12
74 12 0.14
13 74 0.15
14 74 0.26
25 74 0.24
45 74 0.15
49 74 0.13
50 74 0.06
74 53 0.13
58 74 0.11
74 69 0.35
192 74 0.0
49 75 0.07
50 75 0.1
61 75 0.29
66 75 0.23
70 75 0.3
192 75 1.0E-4
9 76 0.19
20 76 0.14
24 76 0.29
26 76 0.13
76 34 0.5
76 36 0.35
38 76 0.25
49 76 0.15
50 76 0.15
76 56 0.35
61 76 0.43
64 76 0.1
66 76 0.11
76 68 0.35
70 76 0.3
71 76 0.18
76 75 0.5
192 76 3.0E-4
8 77 0.2
11 77 0.2
25 77 0.14
49 77 0.07
50 77 0.1
53 77 0.23
58 77 0.19
61 77 0.29
62 77 0.58
192 77 0.0
49 78 0.07
192 78 1.0E-4
49 79 0.07
50 79 0.1
64 79 0.2
192 79 1.0E-4
8 80 0.29
80 22 1.0
23 80 0.41
39 80 0.3
49 80 0.1
50 80 0.14
52 80 0.53
71 80 0.5
192 80 1.0E-4
81 44 0.5
49 81 0.07
50 81 0.1
64 81 0.2
192 81 0.0
3 82 0.14
11 82 0.23
12 82 0.14
13 82 0.15
14 82 0.26
20 82 0.17
45 82 0.15
49 82 0.13
64 82 0.12
66 82 0.13
192 82 0.0
83 8 0.05
83 21 0.24
83 24 0.42
83 25 0.07
83 31 0.17
83 34 0.24
83 36 0.34
83 44 0.12
49 83 0.3
50 83 0.22
58 83 0.09
83 61 0.35
64 83 0.45
66 83 0.11
83 68 0.34
70 83 0.29
83 71 0.34
83 72 0.24
83 73 0.34
83 76 0.24
83 79 0.24
83 81 0.24
192 83 8.0E-4
84 8 0.19
84 19 0.17
84 21 0.24
84 22 0.33
84 23 0.2
84 24 0.41
84 31 0.33
84 34 0.24
84 36 0.33
84 39 0.15
84 44 0.12
49 84 0.31
50 84 0.24
84 52 0.27
58 84 0.05
84 61 0.2
84 63 0.24
64 84 0.34
66 84 0.05
84 68 0.33
70 84 0.21
84 71 0.5
84 73 0.33
84 76 0.12
84 79 0.24
84 80 0.33
84 81 0.24
84 83 0.63
192 84 9.0E-4
26 85 0.19
85 38 0.35
85 45 0.19
49 85 0.1
50 85 0.07
192 85 0.0
1 86 0.16
3 86 0.13
11 86 0.1
12 86 0.12
14 86 0.11
20 86 0.14
25 86 0.14
39 86 0.21
86 44 0.25
49 86 0.15
50 86 0.1
86 55 0.5
64 86 0.1
69 86 0.15
86 81 0.5
83 86 0.12
84 86 0.12
192 86 1.0E-4
12 87 0.24
25 87 0.14
49 87 0.07
87 57 1.0
192 87 1.0E-4
88 3 0.09
88 8 0.08
88 10 0.22
88 11 0.08
88 13 0.1
88 20 0.22
88 25 0.1
88 26 0.2
88 44 0.19
88 45 0.1
88 49 0.19
88 50 0.23
88 53 0.09
88 58 0.15
88 61 0.11
88 62 0.22
88 64 0.23
88 66 0.09
88 70 0.11
88 77 0.38
88 81 0.38
88 83 0.09
88 84 0.09
88 86 0.19
88 192 2.0E-4
3 89 0.14
89 9 0.44
10 89 0.33
20 89 0.33
26 89 0.31
89 29 0.41
38 89 0.58
39 89 0.12
45 89 0.15
49 89 0.13
50 89 0.12
89 56 0.41
58 89 0.11
64 89 0.24
66 89 0.13
89 76 0.29
192 89 0.0
4 90 0.46
23 90 0.14
27 90 0.18
30 90 0.25
39 90 0.11
45 90 0.13
46 90 0.35
47 90 0.42
48 90 0.46
49 90 0.15
50 90 0.2
90 54 0.5
58 90 0.1
66 90 0.11
67 90 0.82
70 90 0.15
192 90 0.0
91 1 0.16
91 17 0.35
25 91 0.07
49 91 0.15
50 91 0.05
58 91 0.1
61 91 0.29
64 91 0.1
66 91 0.11
70 91 0.3
73 91 0.35
91 75 0.5
91 76 0.25
83 91 0.24
84 91 0.12
192 91 2.0E-4
30 92 0.5
49 92 0.07
192 92 0.0
93 1 0.09
3 93 0.07
93 4 0.38
93 9 0.21
10 93 0.16
93 17 0.2
20 93 0.32
93 23 0.08
93 25 0.04
26 93 0.52
93 27 0.29
93 28 0.28
93 29 0.39
93 30 0.14
93 33 0.28
93 38 0.14
93 39 0.06
93 45 0.3
93 46 0.2
93 47 0.38
93 48 0.38
49 93 0.27
50 93 0.31
93 54 0.28
58 93 0.16
93 61 0.08
64 93 0.11
66 93 0.19
93 67 0.34
93 69 0.08
93 85 0.2
88 93 0.1
93 89 0.16
93 90 0.28
192 93 1.0E-4
94 1 0.13
3 94 0.2
8 94 0.33
94 11 0.08
94 12 0.1
13 94 0.11
14 94 0.28
23 94 0.12
25 94 0.11
94 35 0.41
94 37 0.41
39 94 0.26
94 44 0.2
49 94 0.18
50 94 0.17
94 51 0.41
94 52 0.15
53 94 0.28
94 62 0.24
94 69 0.25
70 94 0.12
94 86 0.2
192 94 1.0E-4
95 1 0.05
95 2 0.05
95 3 0.11
95 4 0.64
95 5 0.1
95 6 0.07
95 8 0.15
95 9 0.22
95 10 0.09
95 11 0.06
95 13 0.08
95 14 0.03
95 17 0.1
95 20 0.34
95 21 0.15
95 23 0.17
95 24 0.09
95 25 0.14
95 26 0.43
95 27 0.42
95 28 0.15
95 29 0.1
95 30 0.15
95 33 0.15
95 37 0.15
95 38 0.22
95 39 0.19
95 43 0.15
95 45 0.28
95 46 0.42
95 47 0.53
95 48 0.64
95 49 0.5
95 50 0.55
95 52 0.06
95 53 0.1
95 54 0.15
95 56 0.21
95 58 0.23
95 61 0.17
95 62 0.09
95 64 0.3
95 66 0.24
95 67 0.36
95 69 0.13
95 70 0.27
95 71 0.1
95 73 0.1
95 75 0.15
95 76 0.15
95 83 0.11
95 84 0.14
95 88 0.11
95 89 0.17
95 90 0.29
95 91 0.15
95 93 0.41
95 94 0.12
95 192 5.0E-4
96 1 0.13
96 2 0.2
96 3 0.26
96 6 0.1
96 8 0.13
96 9 0.08
96 10 0.24
96 11 0.08
96 12 0.1
96 13 0.11
96 14 0.14
96 15 0.1
96 17 0.29
96 20 0.12
96 25 0.14
96 26 0.16
96 31 0.14
96 32 0.2
96 38 0.1
96 39 0.04
96 42 0.2
96 45 0.05
96 49 0.36
96 50 0.17
96 53 0.19
96 56 0.29
96 58 0.39
96 60 0.2
96 61 0.06
96 62 0.24
96 64 0.17
96 66 0.19
96 70 0.06
96 74 0.12
96 76 0.1
96 77 0.2
96 83 0.05
96 84 0.1
96 88 0.23
96 89 0.12
96 91 0.1
96 93 0.06
96 95 0.15
96 192 7.0E-4
97 2 0.08
3 97 0.06
97 4 0.72
97 9 0.09
10 97 0.14
20 97 0.35
97 23 0.07
97 25 0.03
26 97 0.45
97 27 0.69
97 28 0.24
97 29 0.34
97 30 0.24
97 33 0.24
97 39 0.05
45 97 0.06
97 46 0.6
97 47 0.74
97 48 0.78
49 97 0.3
50 97 0.34
97 54 0.24
58 97 0.09
97 61 0.21
64 97 0.1
66 97 0.11
97 67 0.1
97 69 0.07
97 71 0.09
97 89 0.14
97 90 0.12
93 97 0.54
95 97 0.57
192 97 1.0E-4
4 98 0.61
20 98 0.1
26 98 0.18
27 98 0.24
45 98 0.09
47 98 0.37
48 98 0.69
49 98 0.22
50 98 0.27
58 98 0.19
61 98 0.1
64 98 0.14
66 98 0.08
67 98 0.41
70 98 0.1
98 71 0.12
98 90 0.33
93 98 0.37
95 98 0.44
97 98 0.4
192 98 0.0
99 2 0.09
99 4 0.64
8 99 0.06
20 99 0.16
23 99 0.16
25 99 0.04
26 99 0.15
99 27 0.78
99 30 0.14
38 99 0.14
39 99 0.12
45 99 0.22
99 46 0.69
99 47 0.77
99 48 0.7
49 99 0.27
50 99 0.31
99 52 0.1
53 99 0.06
99 54 0.28
58 99 0.21
99 61 0.24
64 99 0.23
66 99 0.06
99 67 0.23
70 99 0.08
99 90 0.28
93 99 0.31
95 99 0.53
97 99 0.67
99 98 0.37
192 99 1.0E-4
100 2 0.19
3 100 0.07
4 100 0.66
100 12 0.07
20 100 0.08
23 100 0.08
26 100 0.23
27 100 0.61
100 30 0.29
39 100 0.06
46 100 0.61
47 100 0.72
48 100 0.73
49 100 0.25
50 100 0.26
100 54 0.29
58 100 0.11
61 100 0.08
64 100 0.12
100 67 0.24
100 90 0.29
93 100 0.4
95 100 0.47
97 100 0.7
100 98 0.29
99 100 0.64
192 100 0.0
101 2 0.19
3 101 0.14
8 101 0.12
13 101 0.15
14 101 0.13
25 101 0.24
45 101 0.15
49 101 0.13
50 101 0.06
53 101 0.13
101 62 0.33
64 101 0.12
95 101 0.09
96 101 0.12
192 101 0.0
4 102 0.26
102 6 0.19
8 102 0.08
102 11 0.08
14 102 0.09
20 102 0.22
26 102 0.2
102 30 0.19
45 102 0.1
47 102 0.1
48 102 0.35
49 102 0.19
50 102 0.19
58 102 0.07
66 102 0.09
102 67 0.15
69 102 0.11
70 102 0.11
102 71 0.13
93 102 0.21
94 102 0.15
95 102 0.28
97 102 0.28
102 98 0.5
99 102 0.1
100 102 0.11
192 102 0.0
103 2 0.14
3 103 0.2
103 6 0.2
8 103 0.17
10 103 0.24
103 11 0.24
13 103 0.21
103 18 0.41
103 19 0.29
20 103 0.12
25 103 0.17
26 103 0.11
103 28 0.41
103 29 0.29
103 32 0.41
103 33 0.41
45 103 0.11
49 103 0.18
50 103 0.08
53 103 0.09
58 103 0.08
103 61 0.12
103 62 0.24
64 103 0.08
66 103 0.09
69 103 0.12
103 77 0.41
88 103 0.15
93 103 0.11
95 103 0.12
96 103 0.17
97 103 0.1
101 103 0.24
192 103 2.0E-4
49 104 0.07
88 104 0.38
96 104 0.2
192 104 0.0
8 105 0.12
20 105 0.17
23 105 0.17
25 105 0.08
105 30 0.29
39 105 0.12
45 105 0.31
49 105 0.13
50 105 0.12
105 52 0.22
53 105 0.13
64 105 0.12
70 105 0.17
95 105 0.17
105 99 0.16
105 102 0.22
192 105 0.0
49 106 0.07
50 106 0.1
64 106 0.2
106 79 1.0
83 106 0.24
84 106 0.24
192 106 1.0E-4
49 107 0.07
64 107 0.2
192 107 1.0E-4
14 108 0.23
20 108 0.29
45 108 0.27
49 108 0.07
64 108 0.2
82 108 0.58
192 108 0.0
26 109 0.19
109 38 0.35
109 45 0.19
49 109 0.1
50 109 0.07
109 85 1.0
109 93 0.2
192 109 0.0
110 1 0.2
4 110 0.07
6 110 0.16
110 7 0.16
8 110 0.06
12 110 0.23
13 110 0.08
20 110 0.09
25 110 0.17
27 110 0.11
39 110 0.07
110 41 0.32
46 110 0.11
47 110 0.09
48 110 0.07
49 110 0.23
50 110 0.13
53 110 0.07
110 57 0.32
58 110 0.12
61 110 0.09
110 86 0.16
110 87 0.32
95 110 0.05
96 110 0.06
97 110 0.08
99 110 0.09
192 110 1.0E-4
6 111 0.22
111 7 0.22
12 111 0.22
13 111 0.12
25 111 0.06
49 111 0.16
50 111 0.05
111 57 0.45
111 87 0.45
111 110 0.71
192 111 1.0E-4
112 1 0.16
112 6 0.13
112 7 0.13
8 112 0.11
112 9 0.2
112 11 0.05
112 12 0.13
13 112 0.07
20 112 0.07
112 23 0.3
25 112 0.28
112 39 0.28
112 41 0.26
49 112 0.28
50 112 0.18
53 112 0.18
112 55 0.26
112 57 0.26
58 112 0.1
64 112 0.05
112 86 0.26
112 87 0.26
95 112 0.11
112 103 0.11
112 110 0.57
112 111 0.46
192 112 3.0E-4
6 113 0.25
8 113 0.2
12 113 0.12
13 113 0.13
25 113 0.2
113 37 0.5
113 40 0.29
49 113 0.15
50 113 0.1
53 113 0.23
113 62 0.29
69 113 0.15
94 113 0.2
95 113 0.07
96 113 0.1
113 110 0.32
113 111 0.22
192 113 1.0E-4
114 2 0.15
114 8 0.18
114 11 0.18
114 12 0.22
13 114 0.23
14 114 0.1
25 114 0.12
114 39 0.1
114 40 0.26
49 114 0.16
50 114 0.18
114 52 0.17
114 53 0.31
58 114 0.09
114 69 0.13
114 74 0.26
96 114 0.18
192 114 0.0
1 115 0.18
12 115 0.14
20 115 0.17
25 115 0.08
39 115 0.12
49 115 0.13
50 115 0.12
61 115 0.17
64 115 0.12
70 115 0.17
115 76 0.29
83 115 0.14
86 115 0.29
110 115 0.18
112 115 0.15
192 115 1.0E-4
116 2 0.07
116 4 0.5
116 8 0.13
116 9 0.25
10 116 0.13
116 14 0.05
20 116 0.31
116 21 0.22
116 23 0.13
116 24 0.38
116 25 0.03
26 116 0.17
116 27 0.39
116 29 0.15
116 30 0.22
116 31 0.15
116 34 0.22
116 36 0.31
38 116 0.22
116 39 0.09
45 116 0.29
116 46 0.54
116 47 0.48
116 48 0.45
49 116 0.34
50 116 0.33
116 52 0.08
116 53 0.05
116 54 0.22
116 56 0.15
58 116 0.08
116 61 0.31
64 116 0.18
66 116 0.1
116 67 0.36
116 68 0.31
70 116 0.26
116 71 0.23
116 73 0.15
116 76 0.33
116 83 0.26
116 84 0.21
116 89 0.25
116 90 0.33
93 116 0.24
116 94 0.09
95 116 0.51
96 116 0.04
97 116 0.42
116 98 0.15
116 99 0.54
116 100 0.31
116 102 0.25
116 105 0.25
116 110 0.07
116 115 0.13
192 116 3.0E-4
117 1 0.08
117 2 0.24
3 117 0.27
117 4 0.49
117 8 0.37
117 9 0.14
10 117 0.07
117 11 0.17
117 12 0.23
13 117 0.12
117 14 0.33
117 15 0.06
117 17 0.08
20 117 0.35
117 21 0.12
117 23 0.14
117 24 0.21
117 25 0.28
26 117 0.35
117 27 0.34
117 28 0.12
117 29 0.17
117 30 0.12
117 31 0.08
117 33 0.12
117 34 0.12
117 35 0.12
117 36 0.17
117 37 0.12
117 38 0.24
117 39 0.18
117 40 0.07
117 44 0.06
117 45 0.35
117 46 0.34
117 47 0.43
117 48 0.49
49 117 0.62
50 117 0.58
117 51 0.12
117 52 0.14
117 53 0.33
117 54 0.12
117 56 0.08
58 117 0.21
117 61 0.24
117 62 0.21
64 117 0.22
66 117 0.11
117 67 0.29
117 68 0.17
117 69 0.25
70 117 0.22
117 71 0.13
117 73 0.08
117 74 0.14
117 76 0.18
117 77 0.12
117 82 0.14
117 83 0.17
117 84 0.14
117 85 0.08
117 86 0.06
88 117 0.09
117 89 0.21
117 90 0.24
117 91 0.06
117 93 0.4
117 94 0.29
95 117 0.6
96 117 0.22
117 97 0.46
117 98 0.36
117 99 0.43
117 100 0.38
117 101 0.14
117 102 0.27
117 103 0.1
117 105 0.21
117 108 0.12
117 109 0.08
117 110 0.08
117 113 0.12
117 114 0.21
117 115 0.07
117 116 0.55
192 117 6.0E-4
4 118 0.41
26 118 0.24
27 118 0.32
30 118 0.22
46 118 0.16
47 118 0.37
48 118 0.51
49 118 0.16
50 118 0.23
58 118 0.17
61 118 0.13
64 118 0.18
67 118 0.18
90 118 0.22
93 118 0.5
95 118 0.33
97 118 0.43
98 118 0.45
99 118 0.37
100 118 0.65
102 118 0.17
116 118 0.1
117 118 0.21
192 118 0.0
119 15 0.25
20 119 0.14
26 119 0.13
119 30 0.25
119 39 0.11
45 119 0.13
49 119 0.15
50 119 0.1
58 119 0.1
64 119 0.1
88 119 0.19
119 92 0.5
93 119 0.14
95 119 0.07
96 119 0.1
119 97 0.12
117 119 0.06
192 119 1.0E-4
4 120 0.57
9 120 0.13
23 120 0.1
26 120 0.09
27 120 0.38
30 120 0.18
39 120 0.08
45 120 0.19
46 120 0.13
47 120 0.39
48 120 0.57
49 120 0.21
50 120 0.29
120 54 0.35
58 120 0.2
61 120 0.1
64 120 0.14
66 120 0.08
120 67 0.58
70 120 0.11
120 90 0.35
93 120 0.49
95 120 0.42
97 120 0.34
120 98 0.71
99 120 0.49
100 120 0.41
102 120 0.27
116 120 0.23
117 120 0.34
120 118 0.47
192 120 0.0
8 121 0.29
9 121 0.53
23 121 0.41
25 121 0.19
39 121 0.3
49 121 0.1
50 121 0.14
53 121 0.16
95 121 0.21
112 121 0.37
192 121 1.0E-4
122 2 0.15
8 122 0.37
122 11 0.09
122 12 0.11
13 122 0.12
25 122 0.24
39 122 0.19
45 122 0.12
49 122 0.16
50 122 0.18
53 122 0.31
122 69 0.13
101 122 0.26
122 103 0.18
117 122 0.16
192 122 0.0
123 6 0.2
8 123 0.17
123 12 0.1
13 123 0.11
123 23 0.24
25 123 0.06
123 37 0.41
123 39 0.26
49 123 0.18
50 123 0.21
53 123 0.47
123 62 0.24
123 69 0.12
123 94 0.17
95 123 0.06
123 110 0.13
123 111 0.18
123 112 0.21
123 113 0.41
114 123 0.37
117 123 0.1
192 123 0.0
8 124 0.2
24 124 0.58
31 124 0.71
36 124 0.71
49 124 0.07
61 124 0.29
68 124 0.71
71 124 0.35
83 124 0.24
84 124 0.24
116 124 0.22
117 124 0.12
192 124 1.0E-4
2 125 0.22
3 125 0.25
125 6 0.17
8 125 0.07
125 11 0.33
125 12 0.16
13 125 0.34
14 125 0.15
25 125 0.23
125 37 0.33
39 125 0.07
125 40 0.19
45 125 0.09
49 125 0.22
50 125 0.17
125 52 0.13
53 125 0.15
125 62 0.38
64 125 0.14
69 125 0.4
74 125 0.19
125 86 0.17
94 125 0.27
95 125 0.1
96 125 0.07
101 125 0.19
103 125 0.14
112 125 0.09
125 113 0.17
114 125 0.15
117 125 0.16
123 125 0.14
192 125 0.0
49 126 0.07
126 59 1.0
192 126 1.0E-4
6 127 0.22
15 127 0.45
30 127 0.22
39 127 0.1
127 42 0.45
49 127 0.16
58 127 0.17
127 60 0.45
64 127 0.09
83 127 0.11
127 92 0.45
96 127 0.27
119 127 0.45
192 127 2.0E-4
3 128 0.17
128 9 0.25
10 128 0.19
20 128 0.48
128 25 0.05
26 128 0.53
128 28 0.33
128 29 0.47
128 33 0.33
128 38 0.67
128 39 0.07
128 45 0.45
49 128 0.22
50 128 0.24
128 56 0.24
58 128 0.19
64 128 0.2
66 128 0.15
128 69 0.1
128 76 0.17
128 85 0.24
128 89 0.58
128 93 0.37
95 128 0.29
96 128 0.14
128 97 0.24
128 99 0.09
128 103 0.14
128 105 0.19
128 109 0.24
128 116 0.22
128 117 0.36
128 119 0.17
192 128 1.0E-4
20 129 0.2
26 129 0.38
129 38 0.35
129 45 0.38
49 129 0.1
50 129 0.07
129 85 0.5
88 129 0.27
129 93 0.39
95 129 0.1
129 109 0.5
129 117 0.17
129 128 0.24
192 129 0.0
20 130 0.2
26 130 0.38
130 38 0.35
130 45 0.38
49 130 0.1
50 130 0.07
130 85 0.5
88 130 0.27
130 93 0.39
95 130 0.1
130 109 0.5
130 117 0.17
130 128 0.24
130 129 1.0
192 130 0.0
20 131 0.33
26 131 0.46
131 38 0.58
131 45 0.46
49 131 0.13
50 131 0.12
58 131 0.11
64 131 0.12
131 85 0.41
131 93 0.32
95 131 0.17
131 97 0.14
131 99 0.16
131 109 0.41
131 116 0.13
131 117 0.21
131 119 0.29
131 128 0.58
131 129 0.41
131 130 0.41
192 131 0.0
20 132 0.43
26 132 0.53
132 38 0.5
132 45 0.53
49 132 0.15
50 132 0.15
58 132 0.1
64 132 0.1
132 85 0.35
88 132 0.19
132 93 0.42
95 132 0.22
132 97 0.12
132 99 0.14
132 109 0.35
132 116 0.11
132 117 0.24
132 119 0.25
132 128 0.5
132 129 0.71
132 130 0.71
132 131 0.87
192 132 0.0
133 4 0.21
133 9 0.17
26 133 0.12
133 38 0.22
133 45 0.36
133 48 0.1
49 133 0.16
50 133 0.14
133 67 0.37
133 85 0.32
133 90 0.22
133 93 0.25
95 133 0.2
133 98 0.15
133 105 0.26
133 109 0.32
133 116 0.1
133 117 0.21
133 120 0.16
133 128 0.3
133 129 0.32
133 130 0.32
133 131 0.26
133 132 0.22
192 133 0.0
3 134 0.25
20 134 0.29
25 134 0.14
26 134 0.27
134 28 1.0
134 29 0.71
134 33 1.0
49 134 0.07
50 134 0.1
66 134 0.23
69 134 0.3
93 134 0.28
95 134 0.15
97 134 0.24
134 103 0.41
117 134 0.12
128 134 0.33
192 134 1.0E-4
3 135 0.06
135 4 0.16
135 5 0.17
135 8 0.05
135 9 0.09
10 135 0.14
135 11 0.05
135 12 0.06
13 135 0.06
135 14 0.05
20 135 0.27
135 24 0.14
135 25 0.13
26 135 0.31
135 27 0.25
135 28 0.24
135 29 0.33
135 33 0.24
135 38 0.24
135 39 0.05
135 43 0.24
135 45 0.25
135 46 0.08
135 47 0.2
135 48 0.16
49 135 0.31
50 135 0.36
135 56 0.17
58 135 0.23
135 61 0.2
64 135 0.24
66 135 0.27
135 69 0.21
70 135 0.36
135 74 0.27
135 75 0.24
135 76 0.24
135 83 0.17
135 84 0.17
135 85 0.17
135 89 0.14
135 91 0.12
135 93 0.33
95 135 0.38
96 135 0.14
135 97 0.29
135 98 0.16
135 99 0.26
135 100 0.2
135 103 0.1
135 109 0.17
135 115 0.14
135 116 0.21
135 117 0.31
135 118 0.21
135 120 0.17
135 125 0.08
135 128 0.39
135 129 0.17
135 130 0.17
135 131 0.27
135 132 0.24
135 133 0.11
135 134 0.24
192 135 4.0E-4
3 136 0.25
20 136 0.29
25 136 0.14
26 136 0.27
136 28 1.0
136 29 0.71
136 33 1.0
49 136 0.07
50 136 0.1
66 136 0.23
69 136 0.3
93 136 0.28
95 136 0.15
97 136 0.24
136 103 0.41
117 136 0.12
128 136 0.33
136 134 1.0
135 136 0.24
192 136 1.0E-4
8 137 0.54
137 9 0.43
137 12 0.09
23 137 0.44
25 137 0.36
137 35 0.38
137 37 0.38
39 137 0.4
137 44 0.38
45 137 0.1
49 137 0.19
50 137 0.23
137 51 0.38
137 52 0.43
53 137 0.43
137 62 0.22
64 137 0.08
137 69 0.23
70 137 0.11
94 137 0.31
95 137 0.22
137 99 0.1
137 105 0.22
112 137 0.2
137 113 0.19
116 137 0.08
117 137 0.18
137 121 0.53
123 137 0.15
137 125 0.13
192 137 3.0E-4
138 1 0.15
138 2 0.15
3 138 0.06
138 4 0.32
138 6 0.11
138 9 0.09
138 15 0.34
20 138 0.13
26 138 0.18
138 27 0.16
138 38 0.34
138 39 0.1
138 42 0.23
138 45 0.49
138 47 0.19
138 48 0.26
49 138 0.32
50 138 0.26
58 138 0.35
138 60 0.23
138 61 0.07
64 138 0.19
138 65 0.13
66 138 0.05
138 67 0.37
138 69 0.07
70 138 0.07
138 85 0.16
88 138 0.09
138 89 0.13
138 90 0.23
138 93 0.32
95 138 0.34
96 138 0.14
138 97 0.11
138 98 0.38
138 99 0.25
138 100 0.13
138 102 0.09
138 105 0.13
138 109 0.16
138 116 0.15
138 117 0.33
138 118 0.21
138 119 0.11
138 120 0.41
138 127 0.31
138 128 0.38
138 129 0.32
138 130 0.32
138 131 0.26
138 132 0.34
138 133 0.51
138 135 0.27
192 138 1.0E-4
139 2 0.11
3 139 0.04
139 4 0.72
8 139 0.37
139 9 0.19
139 11 0.03
139 12 0.12
14 139 0.04
139 15 0.08
20 139 0.09
139 23 0.33
25 139 0.2
26 139 0.22
139 27 0.46
139 30 0.16
139 35 0.16
139 37 0.16
139 39 0.39
139 44 0.16
45 139 0.13
139 46 0.46
139 47 0.59
139 48 0.72
49 139 0.45
50 139 0.55
139 51 0.16
139 52 0.19
53 139 0.6
139 54 0.16
58 139 0.13
139 61 0.19
139 62 0.19
64 139 0.1
66 139 0.04
139 67 0.4
139 69 0.1
70 139 0.1
139 71 0.06
139 77 0.16
88 139 0.06
139 90 0.33
93 139 0.32
139 94 0.2
95 139 0.56
96 139 0.03
97 139 0.56
139 98 0.49
139 99 0.55
139 100 0.57
139 102 0.25
139 103 0.07
139 105 0.09
139 110 0.05
139 112 0.13
139 113 0.08
114 139 0.15
116 139 0.39
117 139 0.57
139 118 0.37
139 120 0.46
139 121 0.12
139 122 0.22
139 123 0.34
139 125 0.05
133 139 0.15
135 139 0.12
139 137 0.31
138 139 0.23
192 139 2.0E-4
140 2 0.13
140 4 0.61
20 140 0.11
23 140 0.11
140 27 0.8
140 30 0.19
39 140 0.08
140 46 0.94
140 47 0.73
140 48 0.61
49 140 0.19
50 140 0.19
140 54 0.38
140 61 0.22
140 67 0.15
140 90 0.19
93 140 0.1
95 140 0.39
97 140 0.64
140 99 0.73
140 100 0.55
140 110 0.12
116 140 0.49
117 140 0.32
140 120 0.13
135 140 0.09
139 140 0.43
192 140 0.0
49 141 0.13
50 141 0.06
64 141 0.12
141 78 0.58
115 141 0.33
192 141 1.0E-4
49 142 0.07
58 142 0.19
65 142 0.58
66 142 0.23
192 142 0.0
49 143 0.07
61 143 0.29
64 143 0.2
66 143 0.23
83 143 0.24
192 143 0.0
144 2 0.16
3 144 0.08
144 4 0.11
144 8 0.73
144 9 0.18
144 11 0.16
144 12 0.16
13 144 0.08
14 144 0.22
144 15 0.08
20 144 0.05
144 22 0.23
144 23 0.56
144 24 0.09
25 144 0.46
26 144 0.04
144 27 0.17
144 30 0.08
144 34 0.16
144 35 0.16
144 36 0.11
144 37 0.16
144 39 0.55
144 40 0.09
144 44 0.16
45 144 0.09
144 46 0.11
144 47 0.13
144 48 0.11
49 144 0.45
50 144 0.51
144 51 0.16
144 52 0.43
144 53 0.71
144 54 0.16
58 144 0.09
144 61 0.19
144 62 0.28
64 144 0.1
144 67 0.07
144 68 0.11
144 69 0.29
70 144 0.05
144 71 0.23
144 74 0.19
144 76 0.08
144 77 0.16
144 80 0.23
83 144 0.04
84 144 0.15
144 86 0.08
88 144 0.06
144 90 0.08
93 144 0.09
144 94 0.26
95 144 0.19
96 144 0.17
97 144 0.12
144 98 0.05
144 99 0.18
144 100 0.14
144 101 0.28
144 103 0.13
144 105 0.09
144 110 0.05
144 112 0.17
144 113 0.16
144 114 0.29
116 144 0.11
117 144 0.47
144 118 0.07
144 120 0.11
144 121 0.23
144 122 0.36
144 123 0.33
144 125 0.22
135 144 0.11
144 137 0.43
138 144 0.04
144 139 0.51
144 140 0.12
192 144 5.0E-4
145 1 0.39
145 4 0.09
145 12 0.1
13 145 0.11
145 17 0.29
20 145 0.24
26 145 0.22
145 38 0.41
145 45 0.22
145 48 0.09
49 145 0.18
50 145 0.08
58 145 0.16
64 145 0.08
66 145 0.09
145 71 0.14
145 85 0.29
145 93 0.23
95 145 0.12
96 145 0.08
145 97 0.1
145 98 0.14
145 99 0.11
145 102 0.15
145 109 0.29
145 116 0.18
145 117 0.15
145 128 0.27
145 129 0.29
145 130 0.29
145 131 0.47
145 132 0.41
145 133 0.18
145 135 0.19
145 138 0.19
145 139 0.07
192 145 0.0
3 146 0.18
11 146 0.14
12 146 0.17
13 146 0.18
14 146 0.16
49 146 0.1
66 146 0.16
82 146 0.41
117 146 0.17
192 146 0.0
3 147 0.13
8 147 0.1
11 147 0.1
14 147 0.23
147 15 0.25
25 147 0.14
26 147 0.13
147 37 0.5
49 147 0.15
50 147 0.15
53 147 0.23
147 62 0.29
69 147 0.15
94 147 0.2
95 147 0.07
113 147 0.25
117 147 0.18
123 147 0.2
125 147 0.17
137 147 0.19
139 147 0.16
144 147 0.16
192 147 1.0E-4
14 148 0.16
49 148 0.1
50 148 0.14
64 148 0.14
148 79 0.71
83 148 0.17
84 148 0.17
148 106 0.71
117 148 0.08
192 148 0.0
25 149 0.14
49 149 0.07
192 149 0.0
6 150 0.5
150 42 1.0
49 150 0.07
150 60 1.0
96 150 0.2
127 150 0.45
138 150 0.23
192 150 1.0E-4
8 151 0.12
24 151 0.33
151 31 0.82
36 151 0.41
49 151 0.13
61 151 0.17
68 151 0.41
71 151 0.2
83 151 0.14
84 151 0.27
96 151 0.24
116 151 0.13
117 151 0.07
151 124 0.58
192 151 1.0E-4
9 152 0.27
25 152 0.19
152 41 0.71
49 152 0.1
50 152 0.07
58 152 0.14
152 65 0.41
66 152 0.16
110 152 0.22
112 152 0.18
192 152 0.0
7 153 0.5
49 153 0.07
110 153 0.32
111 153 0.45
112 153 0.26
192 153 0.0
49 154 0.07
154 63 1.0
84 154 0.24
192 154 1.0E-4
3 155 0.1
155 4 0.19
155 9 0.15
26 155 0.11
155 38 0.41
155 39 0.09
155 45 0.65
155 47 0.11
155 48 0.09
49 155 0.18
50 155 0.17
58 155 0.24
64 155 0.08
66 155 0.09
155 67 0.33
70 155 0.12
155 85 0.29
155 89 0.24
155 90 0.2
155 93 0.23
95 155 0.18
96 155 0.08
155 98 0.14
155 99 0.11
155 109 0.29
155 116 0.18
155 117 0.24
155 120 0.29
155 128 0.41
155 129 0.29
155 130 0.29
155 131 0.24
155 132 0.2
155 133 0.55
155 135 0.19
155 138 0.56
155 139 0.13
155 145 0.17
192 155 0.0
156 2 0.09
156 3 0.2
156 4 0.37
156 10 0.31
156 11 0.16
156 12 0.06
156 13 0.14
156 14 0.06
156 20 0.23
156 23 0.08
156 25 0.04
156 26 0.21
156 27 0.38
156 30 0.27
156 32 0.27
156 39 0.06
156 46 0.19
156 47 0.3
156 48 0.43
156 49 0.28
156 50 0.24
156 54 0.27
156 58 0.21
156 61 0.08
156 64 0.16
156 66 0.18
156 67 0.11
156 69 0.08
156 70 0.08
156 71 0.09
156 82 0.31
156 85 0.19
156 88 0.1
156 90 0.13
156 93 0.3
156 95 0.39
156 96 0.11
156 97 0.45
156 98 0.36
156 99 0.37
156 100 0.46
156 101 0.15
156 102 0.2
156 103 0.11
156 109 0.19
156 116 0.12
156 117 0.26
156 118 0.48
156 120 0.38
156 135 0.19
156 138 0.12
156 139 0.31
156 140 0.2
156 144 0.17
156 145 0.11
156 146 0.19
156 192 1.0E-4
8 157 0.2
25 157 0.14
157 37 1.0
49 157 0.07
50 157 0.1
53 157 0.23
157 62 0.58
69 157 0.3
94 157 0.41
95 157 0.15
113 157 0.5
117 157 0.12
123 157 0.41
125 157 0.33
137 157 0.38
139 157 0.16
144 157 0.16
147 157 0.5
192 157 1.0E-4
158 2 0.1
158 4 0.73
20 158 0.08
26 158 0.23
158 27 0.71
45 158 0.08
158 46 0.61
158 47 0.88
158 48 0.79
49 158 0.25
50 158 0.29
58 158 0.17
158 61 0.25
64 158 0.12
66 158 0.07
158 67 0.12
70 158 0.09
158 90 0.14
93 158 0.32
95 158 0.51
97 158 0.77
158 98 0.48
158 99 0.8
158 100 0.67
158 102 0.22
158 110 0.09
116 158 0.38
117 158 0.41
158 118 0.39
158 120 0.41
135 158 0.2
138 158 0.2
139 158 0.57
158 140 0.65
144 158 0.09
155 158 0.12
156 158 0.31
192 158 0.0
4 159 0.32
23 159 0.2
27 159 0.25
30 159 0.35
39 159 0.15
46 159 0.25
47 159 0.2
48 159 0.32
49 159 0.1
50 159 0.14
159 54 0.71
67 159 0.58
90 159 0.35
93 159 0.2
95 159 0.21
97 159 0.17
98 159 0.24
99 159 0.2
100 159 0.2
102 159 0.27
116 159 0.15
117 159 0.17
120 159 0.5
138 159 0.16
139 159 0.23
140 159 0.27
144 159 0.11
156 159 0.19
192 159 0.0
160 2 0.13
4 160 0.26
160 5 0.27
8 160 0.08
20 160 0.11
23 160 0.11
25 160 0.1
27 160 0.4
39 160 0.16
160 43 0.38
45 160 0.1
46 160 0.4
47 160 0.31
48 160 0.26
49 160 0.19
50 160 0.23
160 52 0.14
53 160 0.09
61 160 0.11
64 160 0.08
66 160 0.26
70 160 0.34
160 75 0.38
160 76 0.19
160 91 0.19
95 160 0.39
97 160 0.28
99 160 0.42
160 100 0.33
105 160 0.22
116 160 0.25
117 160 0.18
135 160 0.36
137 160 0.14
139 160 0.25
140 160 0.43
144 160 0.12
156 160 0.1
158 160 0.33
192 160 2.0E-4
161 3 0.25
161 10 0.58
161 13 0.26
161 20 0.29
161 26 0.27
161 49 0.07
161 50 0.1
161 58 0.19
161 64 0.2
161 66 0.23
161 70 0.3
161 88 0.38
161 95 0.15
161 96 0.2
161 156 0.27
161 192 0.0
162 3 0.1
162 5 0.29
162 8 0.17
162 10 0.24
162 11 0.08
162 13 0.11
162 20 0.12
162 22 0.29
162 23 0.12
162 25 0.06
162 26 0.11
162 39 0.09
162 49 0.18
162 50 0.21
162 52 0.15
162 53 0.09
162 58 0.16
162 61 0.24
162 62 0.24
162 64 0.17
162 66 0.28
162 70 0.37
162 71 0.29
162 75 0.41
162 76 0.2
162 77 0.41
162 80 0.29
162 83 0.1
162 84 0.19
162 88 0.31
162 91 0.2
162 95 0.24
162 96 0.17
162 103 0.17
162 117 0.05
162 135 0.19
162 139 0.07
162 144 0.13
162 156 0.11
162 160 0.31
162 161 0.41
162 192 3.0E-4
3 163 0.25
6 163 0.25
8 163 0.1
11 163 0.3
13 163 0.13
14 163 0.23
25 163 0.07
163 37 0.5
39 163 0.11
49 163 0.15
50 163 0.05
53 163 0.11
163 62 0.29
64 163 0.1
69 163 0.3
163 86 0.25
94 163 0.41
95 163 0.15
103 163 0.2
112 163 0.13
113 163 0.25
117 163 0.12
123 163 0.2
125 163 0.5
137 163 0.19
139 163 0.08
144 163 0.16
147 163 0.25
163 157 0.5
192 163 0.0
15 164 0.5
49 164 0.07
65 164 0.58
138 164 0.23
192 164 0.0
49 165 0.07
50 165 0.1
61 165 0.29
70 165 0.3
165 76 0.5
83 165 0.24
115 165 0.58
116 165 0.22
117 165 0.12
135 165 0.24
192 165 0.0
166 9 0.31
10 166 0.24
166 15 0.61
20 166 0.24
26 166 0.22
166 29 0.29
38 166 0.2
39 166 0.09
49 166 0.18
50 166 0.04
166 56 0.29
58 166 0.24
64 166 0.08
166 65 0.47
66 166 0.19
166 76 0.2
166 89 0.47
93 166 0.11
95 166 0.06
96 166 0.17
97 166 0.1
116 166 0.18
117 166 0.1
119 166 0.2
166 127 0.37
128 166 0.27
135 166 0.1
138 166 0.28
166 142 0.41
166 164 0.41
192 166 3.0E-4
49 167 0.07
167 78 1.0
167 141 0.58
192 167 1.0E-4
168 1 0.33
2 168 0.17
3 168 0.13
4 168 0.36
168 7 0.26
8 168 0.05
9 168 0.1
10 168 0.15
168 11 0.1
168 12 0.13
13 168 0.07
14 168 0.06
168 17 0.37
23 168 0.07
25 168 0.11
26 168 0.14
27 168 0.18
168 32 0.26
39 168 0.06
168 44 0.13
45 168 0.07
46 168 0.27
47 168 0.43
48 168 0.36
49 168 0.28
50 168 0.18
168 52 0.1
53 168 0.06
58 168 0.15
61 168 0.07
66 168 0.18
67 168 0.21
69 168 0.08
70 168 0.08
168 82 0.15
168 90 0.26
168 91 0.13
93 168 0.21
95 168 0.27
96 168 0.16
97 168 0.25
168 98 0.17
99 168 0.21
100 168 0.22
102 168 0.1
103 168 0.11
168 110 0.08
116 168 0.23
117 168 0.25
168 118 0.12
120 168 0.09
137 168 0.1
138 168 0.12
139 168 0.3
140 168 0.2
144 168 0.04
145 168 0.11
168 146 0.18
155 168 0.11
156 168 0.14
158 168 0.37
160 168 0.1
192 168 0.0
49 169 0.07
84 169 0.24
95 169 0.15
96 169 0.2
135 169 0.24
192 169 0.0
170 3 0.13
170 4 0.06
170 9 0.19
170 10 0.29
170 11 0.1
170 13 0.06
170 20 0.29
170 21 0.25
170 25 0.07
170 26 0.33
170 27 0.09
170 28 0.25
170 29 0.35
170 33 0.25
170 38 0.13
170 45 0.07
170 47 0.07
170 48 0.06
170 49 0.29
170 50 0.28
170 56 0.35
170 58 0.14
170 61 0.14
170 64 0.26
170 66 0.23
170 69 0.15
170 70 0.23
170 71 0.09
170 72 0.25
170 73 0.35
170 76 0.25
170 83 0.3
170 84 0.12
170 85 0.18
170 88 0.09
170 89 0.29
170 91 0.25
170 93 0.21
170 95 0.26
170 96 0.15
170 97 0.18
170 98 0.08
170 99 0.07
170 100 0.07
170 103 0.1
170 109 0.18
170 115 0.14
170 116 0.22
170 117 0.18
170 118 0.11
170 120 0.09
170 125 0.08
170 128 0.25
170 133 0.11
170 134 0.25
170 135 0.29
170 136 0.25
170 138 0.11
170 139 0.04
170 155 0.1
170 156 0.27
170 158 0.07
170 161 0.25
170 162 0.1
170 165 0.25
170 166 0.2
170 192 3.0E-4
25 171 0.14
49 171 0.07
96 171 0.2
144 171 0.16
192 171 0.0
49 172 0.07
117 172 0.12
172 146 0.71
192 172 0.0
173 16 1.0
39 173 0.21
49 173 0.07
192 173 1.0E-4
49 174 0.07
64 174 0.2
174 107 1.0
192 174 1.0E-4
175 24 0.58
49 175 0.07
50 175 0.1
64 175 0.2
70 175 0.3
83 175 0.24
84 175 0.24
95 175 0.15
116 175 0.22
117 175 0.12
135 175 0.24
192 175 0.0
176 2 0.1
3 176 0.14
176 4 0.33
176 9 0.22
10 176 0.17
20 176 0.33
25 176 0.04
26 176 0.23
176 27 0.41
176 28 0.29
176 29 0.41
176 33 0.29
38 176 0.29
39 176 0.06
45 176 0.23
176 46 0.51
176 47 0.4
176 48 0.33
49 176 0.25
50 176 0.23
176 56 0.2
58 176 0.11
176 61 0.08
64 176 0.12
66 176 0.13
69 176 0.09
176 76 0.14
176 89 0.5
93 176 0.16
95 176 0.38
96 176 0.12
97 176 0.49
176 99 0.4
176 100 0.33
176 103 0.12
176 105 0.17
176 110 0.09
116 176 0.38
117 176 0.38
128 176 0.58
133 176 0.26
176 134 0.29
135 176 0.27
176 136 0.29
138 176 0.26
139 176 0.24
176 140 0.55
144 176 0.05
155 176 0.35
156 176 0.08
176 158 0.42
176 160 0.33
176 166 0.24
176 168 0.15
170 176 0.29
192 176 0.0
12 177 0.24
25 177 0.14
49 177 0.07
177 57 1.0
177 87 1.0
110 177 0.32
111 177 0.45
112 177 0.26
192 177 1.0E-4
25 178 0.2
49 178 0.15
50 178 0.1
178 55 0.5
178 78 0.5
178 86 0.25
112 178 0.13
178 141 0.29
178 167 0.5
192 178 1.0E-4
49 179 0.07
179 63 1.0
84 179 0.24
179 154 1.0
192 179 1.0E-4
12 180 0.17
25 180 0.1
49 180 0.1
50 180 0.07
180 57 0.71
180 87 0.71
110 180 0.22
111 180 0.32
112 180 0.18
180 141 0.41
180 177 0.71
192 180 0.0
2 181 0.19
3 181 0.14
8 181 0.12
11 181 0.12
12 181 0.14
13 181 0.3
14 181 0.13
25 181 0.16
45 181 0.15
49 181 0.13
50 181 0.12
53 181 0.13
181 62 0.33
64 181 0.12
96 181 0.24
101 181 0.67
103 181 0.24
114 181 0.26
117 181 0.14
122 181 0.26
125 181 0.19
144 181 0.19
192 181 1.0E-4
182 8 0.1
13 182 0.26
182 14 0.23
182 25 0.27
182 37 0.5
49 182 0.15
50 182 0.1
182 53 0.11
58 182 0.19
182 62 0.29
182 69 0.15
182 94 0.2
95 182 0.07
182 113 0.25
117 182 0.12
182 123 0.2
182 125 0.17
182 137 0.19
182 139 0.08
182 144 0.08
182 147 0.25
182 157 0.5
182 163 0.25
192 182 0.0
11 183 0.2
13 183 0.26
25 183 0.14
49 183 0.07
192 183 0.0
1 184 0.22
184 17 0.5
49 184 0.1
58 184 0.14
84 184 0.17
91 184 0.35
95 184 0.21
96 184 0.29
117 184 0.08
135 184 0.17
168 184 0.18
184 169 0.71
192 184 1.0E-4
3 185 0.08
185 4 0.15
185 6 0.17
185 9 0.13
10 185 0.19
185 11 0.07
20 185 0.38
185 25 0.05
26 185 0.45
185 27 0.24
185 28 0.33
185 29 0.47
185 33 0.33
185 38 0.33
185 45 0.27
185 47 0.18
185 48 0.15
49 185 0.22
50 185 0.27
58 185 0.26
185 61 0.1
64 185 0.2
66 185 0.23
185 69 0.2
185 85 0.47
88 185 0.13
185 89 0.19
185 93 0.55
95 185 0.25
185 97 0.32
185 98 0.22
185 99 0.28
185 100 0.19
185 102 0.13
185 103 0.14
185 109 0.47
185 116 0.15
185 117 0.28
185 118 0.3
185 120 0.24
185 128 0.44
185 129 0.47
185 130 0.47
185 131 0.38
185 132 0.5
185 133 0.15
185 134 0.33
185 135 0.47
185 136 0.33
185 138 0.38
185 139 0.11
185 144 0.05
185 145 0.27
185 155 0.14
156 185 0.27
185 158 0.19
185 166 0.14
170 185 0.33
185 176 0.19
192 185 1.0E-4
186 5 0.24
6 186 0.17
8 186 0.07
11 186 0.07
12 186 0.16
13 186 0.09
186 15 0.17
25 186 0.23
186 35 0.33
39 186 0.21
186 43 0.33
186 44 0.17
49 186 0.22
50 186 0.17
186 51 0.33
52 186 0.13
53 186 0.08
58 186 0.06
61 186 0.1
66 186 0.31
70 186 0.4
186 75 0.33
186 76 0.17
88 186 0.13
186 91 0.17
94 186 0.14
95 186 0.15
96 186 0.07
186 110 0.11
186 111 0.15
186 113 0.17
117 186 0.04
119 186 0.17
123 186 0.14
186 127 0.15
135 186 0.24
137 186 0.13
138 186 0.08
139 186 0.05
144 186 0.05
160 186 0.38
162 186 0.27
166 186 0.14
192 186 3.0E-4
8 187 0.2
25 187 0.14
187 37 1.0
49 187 0.07
50 187 0.1
53 187 0.23
187 62 0.58
69 187 0.3
94 187 0.41
95 187 0.15
113 187 0.5
117 187 0.12
123 187 0.41
125 187 0.33
137 187 0.38
139 187 0.16
144 187 0.16
147 187 0.5
187 157 1.0
163 187 0.5
182 187 0.5
192 187 1.0E-4
8 188 0.31
188 9 0.19
23 188 0.43
25 188 0.2
39 188 0.32
49 188 0.15
50 188 0.2
53 188 0.34
95 188 0.07
112 188 0.26
117 188 0.06
188 121 0.35
188 122 0.22
123 188 0.2
188 137 0.19
139 188 0.25
144 188 0.32
192 188 0.0
11 189 0.2
13 189 0.26
25 189 0.14
49 189 0.07
189 183 1.0
192 189 0.0
49 190 0.07
50 190 0.1
61 190 0.29
66 190 0.23
70 190 0.3
190 75 1.0
76 190 0.5
91 190 0.5
95 190 0.15
135 190 0.24
160 190 0.38
162 190 0.41
186 190 0.33
192 190 1.0E-4
8 191 0.17
191 11 0.16
13 191 0.11
14 191 0.19
25 191 0.28
45 191 0.11
49 191 0.18
50 191 0.17
58 191 0.08
69 191 0.12
74 191 0.24
83 191 0.1
101 191 0.24
191 103 0.17
112 191 0.11
117 191 0.1
122 191 0.18
135 191 0.1
144 191 0.13
191 181 0.24
182 191 0.2
192 191 0.0
