*Vertices  25
1 "LED显示屏"
2 "LED灯"
3 "控制器"
4 "荧光粉"
5 "开关"
6 "变压器"
7 "LED"
8 "二极管"
9 "通道"
10 "LED光源"
11 "铝基板"
12 "基座"
13 "散热片"
14 "发电机"
15 "太阳能"
16 "风能"
17 "蓄电池"
18 "蓄电设备"
19 "LED芯片"
20 "芯片"
21 "Li"
22 "磁铁"
23 "转动轴"
24 "透镜"
25 "LED照明设备"
*Arcs
1 25 0.0032
2 1 0.03
2 25 0.0017
3 1 0.23
2 3 0.11
3 25 0.0020
4 1 0.09
4 2 0.13
4 3 0.07
4 25 0.0030
5 1 0.04
2 5 0.37
5 3 0.23
4 5 0.08
5 25 8.0E-4
6 1 0.07
2 6 0.26
6 3 0.1
4 6 0.06
5 6 0.29
6 25 0.0016
7 1 0.23
7 2 0.67
7 3 0.3
7 4 0.25
7 5 0.54
7 6 0.34
7 25 0.0021
8 1 0.06
8 2 0.32
8 3 0.15
8 4 0.23
8 5 0.46
8 6 0.39
8 7 0.72
8 25 0.0018
2 9 0.22
5 9 0.04
7 9 0.25
8 9 0.23
9 25 0.0025
10 2 0.36
10 4 0.24
10 5 0.06
10 6 0.09
10 7 0.36
10 8 0.29
10 9 0.18
10 25 0.0010
11 2 0.3
11 4 0.17
11 5 0.08
11 6 0.13
11 7 0.24
11 8 0.24
11 9 0.26
11 10 0.18
11 25 0.0025
2 12 0.22
4 12 0.14
7 12 0.15
8 12 0.15
9 12 0.43
10 12 0.1
11 12 0.3
25 12 0.0063
2 13 0.43
13 5 0.07
7 13 0.3
8 13 0.22
13 9 0.35
10 13 0.45
11 13 0.29
13 12 0.24
13 25 0.0018
1 14 0.16
2 14 0.11
3 14 0.12
4 14 0.14
5 14 0.14
6 14 0.21
7 14 0.15
8 14 0.1
10 14 0.1
13 14 0.12
14 25 0.0078
15 1 0.2
2 15 0.14
3 15 0.23
4 15 0.09
5 15 0.17
6 15 0.07
7 15 0.23
8 15 0.13
9 15 0.09
15 14 0.16
15 25 0.0034
1 16 0.32
3 16 0.24
4 16 0.29
5 16 0.14
6 16 0.21
7 16 0.07
8 16 0.1
14 16 0.5
15 16 0.32
25 16 0.0224
17 1 0.16
2 17 0.23
17 3 0.13
4 17 0.07
5 17 0.28
17 6 0.28
7 17 0.28
8 17 0.18
10 17 0.05
17 14 0.26
17 15 0.57
17 16 0.26
17 25 0.0025
1 18 0.32
3 18 0.24
4 18 0.29
5 18 0.14
6 18 0.21
7 18 0.07
8 18 0.1
14 18 0.5
15 18 0.32
18 16 1.0
17 18 0.26
18 25 0.0224
2 19 0.19
4 19 0.31
19 5 0.03
19 6 0.09
7 19 0.34
8 19 0.33
19 9 0.31
10 19 0.18
11 19 0.26
19 12 0.33
19 13 0.26
19 15 0.07
19 25 0.0016
20 1 0.08
2 20 0.3
20 3 0.23
4 20 0.35
20 5 0.28
20 6 0.18
7 20 0.62
8 20 0.58
20 9 0.24
10 20 0.22
11 20 0.22
20 12 0.18
20 13 0.17
20 14 0.06
20 15 0.08
20 19 0.55
20 25 7.0E-4
2 21 0.26
21 3 0.06
4 21 0.27
21 5 0.13
21 6 0.05
7 21 0.31
8 21 0.36
21 9 0.2
10 21 0.24
11 21 0.36
21 12 0.24
21 13 0.17
21 19 0.21
21 20 0.31
21 25 0.0018
2 22 0.13
7 22 0.13
8 22 0.06
10 22 0.12
25 22 0.0042
2 23 0.11
7 23 0.07
8 23 0.1
9 23 0.29
11 23 0.3
23 12 0.5
13 23 0.24
19 23 0.22
20 23 0.12
21 23 0.24
25 23 0.0142
24 2 0.25
24 4 0.29
24 5 0.07
24 7 0.29
24 8 0.28
24 9 0.14
24 10 0.26
24 11 0.23
24 12 0.25
24 13 0.3
24 19 0.22
24 20 0.18
24 21 0.29
24 23 0.25
24 25 0.0018
