*Vertices  105
1 "LCD显示屏"
2 "衬底"
3 "LED灯"
4 "电容"
5 "容器"
6 "光膜"
7 "单片机"
8 "荧光粉"
9 "反光杯"
10 "整流器"
11 "工质"
12 "开关"
13 "发光荧光材料"
14 "柔性高分子材料"
15 "GAN"
16 "助剂"
17 "次氯酸钠溶液"
18 "保护层"
19 "热电分离"
20 "蒸发皿"
21 "连接管"
22 "硼酸"
23 "蓝膜"
24 "变压器"
25 "EP"
26 "LED外延片"
27 "外延片"
28 "外延"
29 "LED"
30 "二极管"
31 "稳压二极管"
32 "三极管"
33 "掩膜"
34 "扩散剂"
35 "玻璃"
36 "通道"
37 "LED光源"
38 "日光灯平面光源"
39 "塑料"
40 "腐蚀液"
41 "电子元器件"
42 "铝基板"
43 "基板"
44 "导热板"
45 "缓冲层"
46 "内量子效率"
47 "基座"
48 "稀释剂"
49 "散热片"
50 "散热器"
51 "荧光体"
52 "硅橡胶"
53 "透明胶"
54 "光刻胶"
55 "填充区域"
56 "SiO2"
57 "放大器"
58 "半导体"
59 "电路板"
60 "Al2O3"
61 "GaAs"
62 "MQW"
63 "ESD"
64 "ITO"
65 "键合"
66 "焊盘"
67 "金属银纳米粒子"
68 "太阳能"
69 "LED照明设备"
70 "芯片"
71 "金属层"
72 "电流扩展层"
73 "冷凝器"
74 "酸盐"
75 "硅油"
76 "硝酸"
77 "Eu2"
78 "去离子水"
79 "Li"
80 "电感"
81 "离子"
82 "电极"
83 "接触层"
84 "电阻"
85 "基色"
86 "散热腔"
87 "丙酮"
88 "激光"
89 "MOCVD"
90 "标准芯片工艺制作"
91 "湿法刻蚀"
92 "干法刻蚀"
93 "湿法腐蚀"
94 "空穴"
95 "玻璃体"
96 "转动轴"
97 "臭氧"
98 "屏幕"
99 "透镜"
100 "反射层"
101 "发光层"
102 "吸液芯"
103 "甲基"
104 "激发光"
105 "LED芯片"
*Arcs
105 1 0.0
2 1 0.08
105 2 0.0014
3 1 0.04
3 2 0.03
3 105 3.0E-4
3 4 0.29
105 4 1.0E-4
5 2 0.09
3 5 0.12
4 5 0.23
105 5 3.0E-4
6 1 0.19
6 3 0.13
6 5 0.22
6 105 1.0E-4
7 1 0.08
3 7 0.13
7 4 0.19
105 7 0.0
8 2 0.13
8 3 0.13
8 5 0.22
8 6 0.33
8 7 0.07
8 105 6.0E-4
3 9 0.11
105 9 1.0E-4
10 2 0.07
3 10 0.22
4 10 0.53
10 5 0.33
105 10 1.0E-4
3 11 0.19
4 11 0.12
105 11 7.0E-4
12 1 0.14
3 12 0.37
12 4 0.42
12 5 0.21
12 7 0.19
8 12 0.08
12 10 0.2
105 12 0.0
13 2 0.18
13 3 0.21
13 5 0.2
13 6 0.31
13 7 0.06
13 8 0.54
13 12 0.07
13 105 3.0E-4
14 5 0.38
6 14 0.58
8 14 0.29
13 14 0.27
105 14 2.0E-4
15 1 0.12
15 2 0.65
3 15 0.04
8 15 0.1
10 15 0.1
105 15 8.0E-4
3 16 0.08
16 5 0.27
6 16 0.41
8 16 0.41
12 16 0.1
13 16 0.38
16 14 0.71
105 16 1.0E-4
2 17 0.32
105 17 1.0E-4
2 18 0.23
3 18 0.11
8 18 0.14
10 18 0.14
13 18 0.13
15 18 0.18
105 18 3.0E-4
3 19 0.16
4 19 0.14
11 19 0.41
105 19 2.0E-4
3 20 0.11
11 20 0.58
105 20 2.0E-4
3 21 0.16
4 21 0.14
11 21 0.82
21 19 0.5
21 20 0.71
105 21 5.0E-4
3 22 0.11
22 5 0.19
8 22 0.29
13 22 0.4
22 105 3.0E-4
2 23 0.32
5 23 0.27
105 23 1.0E-4
24 2 0.05
3 24 0.26
4 24 0.52
24 5 0.24
7 24 0.05
8 24 0.06
24 10 0.68
12 24 0.29
24 15 0.08
24 18 0.11
22 24 0.11
105 24 1.0E-4
25 2 0.12
3 25 0.12
25 4 0.11
25 5 0.1
25 7 0.06
8 25 0.39
25 10 0.08
25 12 0.11
13 25 0.29
25 17 0.19
25 18 0.13
25 22 0.4
25 23 0.19
25 24 0.11
25 105 4.0E-4
26 1 0.12
26 2 0.65
3 26 0.04
8 26 0.1
10 26 0.1
26 15 0.75
26 18 0.18
24 26 0.08
105 26 0.0013
27 1 0.09
27 2 0.83
3 27 0.03
8 27 0.08
10 27 0.08
13 27 0.15
27 15 0.78
27 17 0.2
27 18 0.14
24 27 0.06
25 27 0.07
27 26 0.78
105 27 0.0013
28 1 0.08
28 2 0.95
3 28 0.05
8 28 0.13
10 28 0.07
13 28 0.25
28 15 0.65
28 17 0.32
28 18 0.23
28 23 0.16
24 28 0.05
25 28 0.06
28 26 0.65
28 27 0.83
105 28 0.0012
29 1 0.22
29 2 0.32
29 3 0.67
29 4 0.36
29 5 0.19
29 6 0.13
29 7 0.32
29 8 0.25
29 9 0.07
29 10 0.25
29 11 0.13
29 12 0.54
29 13 0.28
29 14 0.07
29 15 0.21
29 16 0.1
29 17 0.1
29 18 0.15
29 19 0.1
29 20 0.07
29 21 0.1
29 22 0.15
29 23 0.1
29 24 0.34
29 25 0.28
29 26 0.21
29 27 0.27
29 28 0.32
29 105 8.0E-4
30 1 0.14
30 2 0.37
30 3 0.32
30 4 0.39
30 5 0.23
30 6 0.12
30 7 0.16
30 8 0.23
30 9 0.1
30 10 0.35
30 11 0.12
30 12 0.46
30 13 0.33
30 14 0.1
30 15 0.25
30 16 0.14
30 17 0.14
30 18 0.1
30 20 0.1
30 21 0.07
30 22 0.1
30 23 0.14
30 24 0.39
30 25 0.22
30 26 0.22
30 27 0.31
30 28 0.37
30 29 0.72
30 105 8.0E-4
1 31 0.13
3 31 0.21
4 31 0.46
5 31 0.14
10 31 0.55
12 31 0.21
24 31 0.48
25 31 0.1
29 31 0.19
30 31 0.27
105 31 0.0
32 1 0.08
3 32 0.2
32 4 0.61
32 5 0.17
7 32 0.16
32 10 0.4
12 32 0.37
13 32 0.06
32 24 0.49
25 32 0.06
29 32 0.32
30 32 0.42
32 31 0.26
105 32 0.0
2 33 0.23
3 33 0.11
10 33 0.29
15 33 0.35
18 33 0.5
24 33 0.21
26 33 0.35
27 33 0.28
28 33 0.23
29 33 0.07
30 33 0.1
105 33 2.0E-4
3 34 0.16
5 34 0.27
8 34 0.2
13 34 0.38
22 34 0.35
29 34 0.1
30 34 0.07
105 34 1.0E-4
35 2 0.13
35 3 0.27
35 4 0.08
35 6 0.11
35 7 0.22
35 8 0.11
35 12 0.18
35 13 0.1
35 15 0.14
35 17 0.14
35 22 0.19
35 24 0.08
35 25 0.21
35 27 0.16
35 28 0.13
35 29 0.38
35 30 0.27
35 32 0.09
35 105 1.0E-4
36 2 0.2
3 36 0.22
4 36 0.12
7 36 0.07
36 11 0.33
12 36 0.04
36 15 0.31
36 19 0.2
36 20 0.29
36 21 0.41
36 26 0.2
36 27 0.24
36 28 0.2
29 36 0.25
30 36 0.23
32 36 0.07
35 36 0.11
105 36 6.0E-4
37 1 0.07
37 2 0.09
37 3 0.36
37 4 0.04
37 5 0.08
37 6 0.12
37 7 0.09
37 8 0.24
37 10 0.06
37 11 0.12
37 12 0.06
37 13 0.16
37 15 0.14
37 22 0.31
37 24 0.09
37 25 0.22
37 27 0.11
37 28 0.09
37 29 0.36
37 30 0.29
37 31 0.08
37 32 0.09
37 34 0.14
37 35 0.24
37 36 0.18
37 105 2.0E-4
8 38 0.29
38 18 0.5
25 38 0.27
29 38 0.07
105 38 2.0E-4
39 2 0.05
39 3 0.28
39 5 0.17
39 6 0.26
39 7 0.05
39 8 0.2
39 12 0.16
39 13 0.18
39 14 0.23
39 16 0.32
39 17 0.16
39 24 0.05
39 25 0.06
39 27 0.06
39 28 0.05
39 29 0.32
39 30 0.28
39 35 0.35
39 36 0.13
39 37 0.14
39 105 1.0E-4
2 40 0.56
3 40 0.04
5 40 0.15
10 40 0.12
15 40 0.14
40 17 0.58
18 40 0.2
40 23 0.29
24 40 0.09
25 40 0.22
26 40 0.29
27 40 0.34
28 40 0.47
29 40 0.18
30 40 0.25
40 33 0.41
35 40 0.08
39 40 0.09
105 40 6.0E-4
3 41 0.16
4 41 0.14
11 41 0.82
41 19 0.5
41 20 0.71
41 21 1.0
29 41 0.1
30 41 0.07
36 41 0.41
105 41 5.0E-4
42 2 0.07
42 3 0.3
42 4 0.06
42 6 0.17
42 8 0.17
42 11 0.17
42 12 0.08
42 13 0.08
42 17 0.21
42 18 0.15
42 24 0.13
42 25 0.16
42 27 0.08
42 28 0.07
42 29 0.24
42 30 0.24
42 31 0.11
42 32 0.07
42 35 0.12
42 36 0.26
42 37 0.18
42 38 0.3
42 39 0.35
42 40 0.12
42 105 4.0E-4
2 43 0.08
3 43 0.27
4 43 0.29
8 43 0.1
10 43 0.31
11 43 0.41
43 19 0.25
43 20 0.35
43 21 0.5
24 43 0.23
28 43 0.08
29 43 0.21
30 43 0.14
31 43 0.4
36 43 0.2
37 43 0.07
43 41 0.5
105 43 3.0E-4
3 44 0.16
44 9 0.71
29 44 0.1
30 44 0.07
44 36 0.2
37 44 0.14
42 44 0.21
105 44 1.0E-4
45 1 0.12
45 2 0.65
8 45 0.1
13 45 0.19
45 15 0.63
45 26 0.75
45 27 0.78
45 28 0.65
29 45 0.21
30 45 0.22
45 36 0.2
105 45 8.0E-4
2 46 0.32
8 46 0.2
15 46 0.25
26 46 0.5
27 46 0.39
28 46 0.32
29 46 0.1
30 46 0.07
45 46 0.5
105 46 2.0E-4
3 47 0.22
5 47 0.19
8 47 0.14
11 47 0.29
13 47 0.13
47 20 0.5
47 21 0.35
22 47 0.25
29 47 0.15
30 47 0.15
47 34 0.35
36 47 0.43
37 47 0.1
39 47 0.11
47 41 0.35
42 47 0.3
43 47 0.18
105 47 5.0E-4
48 5 0.22
6 48 0.33
8 48 0.17
13 48 0.15
48 14 0.58
48 16 0.41
22 48 0.29
24 48 0.12
25 48 0.31
29 48 0.13
30 48 0.18
35 48 0.22
37 48 0.12
39 48 0.13
105 48 1.0E-4
3 49 0.43
49 4 0.05
49 9 0.24
49 11 0.42
49 12 0.07
49 19 0.17
49 20 0.24
49 21 0.34
29 49 0.3
30 49 0.22
35 49 0.09
49 36 0.35
37 49 0.45
39 49 0.11
49 41 0.34
42 49 0.29
49 43 0.34
49 44 0.34
49 47 0.24
105 49 4.0E-4
3 50 0.44
50 4 0.19
50 9 0.24
50 10 0.2
50 11 0.41
50 19 0.33
50 20 0.24
50 21 0.33
50 24 0.15
29 50 0.31
30 50 0.24
50 31 0.27
35 50 0.05
50 36 0.2
37 50 0.34
39 50 0.05
50 41 0.33
42 50 0.21
50 43 0.5
50 44 0.33
50 47 0.12
50 49 0.63
105 50 3.0E-4
51 5 0.22
6 51 0.33
8 51 0.5
13 51 0.46
51 14 0.58
51 16 0.41
22 51 0.29
25 51 0.31
29 51 0.13
30 51 0.18
35 51 0.11
37 51 0.12
39 51 0.13
51 48 0.33
105 51 3.0E-4
3 52 0.06
52 5 0.44
6 52 0.33
8 52 0.33
13 52 0.31
52 14 0.58
52 16 0.41
22 52 0.58
24 52 0.12
25 52 0.15
29 52 0.13
30 52 0.12
52 34 0.41
35 52 0.11
37 52 0.24
39 52 0.13
52 47 0.29
52 48 0.67
52 51 0.33
105 52 3.0E-4
8 53 0.29
53 18 0.5
25 53 0.27
29 53 0.07
53 38 1.0
42 53 0.3
105 53 2.0E-4
2 54 0.46
3 54 0.05
10 54 0.14
15 54 0.18
54 17 0.35
18 54 0.25
24 54 0.11
25 54 0.13
26 54 0.35
27 54 0.42
28 54 0.46
29 54 0.15
30 54 0.2
54 33 0.5
35 54 0.1
39 54 0.11
40 54 0.82
42 54 0.15
105 54 5.0E-4
2 55 0.23
17 55 0.71
25 55 0.27
27 55 0.28
28 55 0.23
29 55 0.07
30 55 0.1
35 55 0.19
39 55 0.23
40 55 0.41
42 55 0.3
54 55 0.5
105 55 2.0E-4
56 2 0.38
3 56 0.12
56 5 0.21
6 56 0.16
8 56 0.32
56 10 0.08
56 12 0.04
13 56 0.52
56 14 0.28
56 15 0.29
56 16 0.39
56 18 0.14
56 22 0.14
56 23 0.2
56 24 0.06
56 25 0.3
56 26 0.2
56 27 0.38
56 28 0.38
29 56 0.27
30 56 0.31
56 33 0.28
35 56 0.16
56 36 0.08
37 56 0.11
39 56 0.19
56 40 0.34
56 45 0.1
56 48 0.16
56 51 0.32
56 52 0.16
56 54 0.28
56 105 4.0E-4
3 57 0.09
4 57 0.33
7 57 0.28
10 57 0.12
12 57 0.11
24 57 0.26
29 57 0.18
30 57 0.17
57 31 0.15
32 57 0.28
42 57 0.12
105 57 0.0
58 1 0.05
58 2 0.64
58 3 0.29
58 4 0.15
58 5 0.22
58 6 0.09
58 7 0.03
58 8 0.34
58 9 0.15
58 10 0.17
58 11 0.09
58 12 0.14
58 13 0.43
58 15 0.42
58 16 0.1
58 17 0.21
58 18 0.15
58 22 0.22
58 23 0.21
58 24 0.19
58 25 0.28
58 26 0.42
58 27 0.53
58 28 0.64
58 29 0.5
58 30 0.55
58 31 0.06
58 32 0.1
58 33 0.15
58 34 0.21
58 35 0.23
58 36 0.17
58 37 0.3
58 39 0.24
58 40 0.36
58 42 0.27
58 43 0.1
58 44 0.1
58 45 0.42
58 46 0.21
58 47 0.15
58 48 0.09
58 49 0.11
58 50 0.14
58 51 0.17
58 52 0.17
58 54 0.29
58 55 0.15
58 56 0.41
58 57 0.12
58 105 0.0015
59 1 0.2
59 3 0.4
59 4 0.13
59 5 0.08
59 6 0.24
59 7 0.14
59 8 0.12
59 12 0.14
59 13 0.16
59 19 0.14
59 22 0.1
59 24 0.04
59 25 0.05
59 29 0.36
59 30 0.17
59 32 0.19
59 34 0.29
59 35 0.39
59 36 0.06
59 37 0.17
59 39 0.19
59 42 0.06
59 47 0.1
59 48 0.12
59 49 0.05
59 50 0.1
59 52 0.12
59 56 0.06
59 58 0.15
59 105 0.0
60 1 0.08
60 2 0.72
3 60 0.08
60 5 0.09
6 60 0.14
8 60 0.35
60 10 0.07
60 12 0.03
13 60 0.45
60 14 0.24
60 15 0.69
60 16 0.34
60 18 0.24
60 24 0.05
25 60 0.06
60 26 0.6
60 27 0.74
60 28 0.78
29 60 0.3
30 60 0.34
60 33 0.24
35 60 0.09
60 36 0.21
37 60 0.1
39 60 0.11
60 40 0.1
60 43 0.09
60 45 0.69
60 46 0.34
60 48 0.14
60 51 0.14
60 52 0.14
60 54 0.12
56 60 0.54
58 60 0.57
60 105 0.0011
2 61 0.61
3 61 0.04
8 61 0.1
13 61 0.18
15 61 0.24
61 17 0.47
23 61 0.24
25 61 0.09
27 61 0.37
28 61 0.69
29 61 0.22
30 61 0.27
35 61 0.19
36 61 0.1
37 61 0.14
39 61 0.08
40 61 0.41
42 61 0.1
61 43 0.12
45 61 0.12
61 54 0.33
61 55 0.33
56 61 0.37
58 61 0.44
60 61 0.4
105 61 2.0E-4
62 1 0.09
62 2 0.64
3 62 0.09
4 62 0.06
8 62 0.16
10 62 0.16
12 62 0.04
13 62 0.15
62 15 0.78
62 17 0.2
62 18 0.14
22 62 0.14
24 62 0.12
25 62 0.22
62 26 0.69
62 27 0.77
62 28 0.7
29 62 0.27
30 62 0.31
62 31 0.1
32 62 0.06
62 33 0.28
35 62 0.21
62 36 0.24
37 62 0.23
39 62 0.06
62 40 0.23
42 62 0.08
62 45 0.59
62 46 0.39
51 62 0.16
62 54 0.28
62 55 0.28
56 62 0.31
58 62 0.53
60 62 0.67
62 61 0.37
105 62 0.0015
63 2 0.41
4 63 0.09
7 63 0.1
12 63 0.06
63 15 0.47
63 26 0.63
63 27 0.5
63 28 0.41
29 63 0.16
30 63 0.14
63 36 0.26
63 45 0.63
63 46 0.32
58 63 0.26
60 63 0.43
63 62 0.5
105 63 6.0E-4
64 1 0.19
2 64 0.66
3 64 0.06
8 64 0.08
10 64 0.08
13 64 0.23
15 64 0.61
64 18 0.29
24 64 0.06
26 64 0.61
27 64 0.72
28 64 0.73
29 64 0.25
30 64 0.26
64 33 0.29
35 64 0.11
36 64 0.08
37 64 0.12
64 40 0.24
45 64 0.51
64 46 0.41
64 54 0.29
56 64 0.4
58 64 0.47
60 64 0.7
64 61 0.29
62 64 0.64
63 64 0.26
105 64 6.0E-4
2 65 0.26
3 65 0.04
4 65 0.08
7 65 0.09
8 65 0.22
13 65 0.2
65 17 0.27
65 18 0.19
25 65 0.1
27 65 0.1
28 65 0.35
29 65 0.19
30 65 0.19
35 65 0.07
65 38 0.38
39 65 0.09
65 40 0.15
42 65 0.11
65 43 0.13
45 65 0.13
65 53 0.38
56 65 0.21
57 65 0.15
58 65 0.28
60 65 0.28
65 61 0.5
62 65 0.1
64 65 0.11
105 65 3.0E-4
3 66 0.06
4 66 0.12
8 66 0.17
10 66 0.17
12 66 0.08
66 18 0.29
24 66 0.12
25 66 0.31
29 66 0.13
30 66 0.12
66 31 0.22
32 66 0.13
37 66 0.12
66 38 0.58
42 66 0.17
66 53 0.58
58 66 0.17
66 62 0.16
66 65 0.22
105 66 2.0E-4
8 67 0.29
13 67 0.27
22 67 0.5
25 67 0.27
29 67 0.07
30 67 0.1
35 67 0.19
37 67 0.2
51 67 0.58
58 67 0.15
62 67 0.28
105 67 2.0E-4
2 68 0.07
3 68 0.14
4 68 0.06
8 68 0.09
12 68 0.17
15 68 0.11
24 68 0.07
26 68 0.11
27 68 0.09
28 68 0.07
29 68 0.23
30 68 0.13
32 68 0.07
35 68 0.12
36 68 0.09
45 68 0.11
58 68 0.05
59 68 0.06
60 68 0.08
62 68 0.09
63 68 0.14
105 68 0.0
3 69 0.13
8 69 0.17
12 69 0.08
24 69 0.12
29 69 0.13
30 69 0.12
36 69 0.17
37 69 0.12
42 69 0.17
69 47 0.29
49 69 0.14
68 69 0.18
105 69 1.0E-4
70 1 0.24
70 2 0.49
3 70 0.3
70 4 0.37
70 5 0.14
6 70 0.07
70 7 0.33
8 70 0.35
70 9 0.12
70 10 0.14
70 11 0.21
70 12 0.28
13 70 0.35
70 14 0.12
70 15 0.34
70 16 0.17
70 17 0.17
70 18 0.12
70 19 0.08
70 20 0.12
70 21 0.17
70 22 0.24
70 23 0.17
70 24 0.18
70 25 0.35
70 26 0.34
70 27 0.43
70 28 0.49
29 70 0.62
30 70 0.58
70 31 0.14
70 32 0.33
70 33 0.12
70 34 0.08
35 70 0.21
70 36 0.24
37 70 0.22
70 38 0.12
39 70 0.11
70 40 0.29
70 41 0.17
42 70 0.22
70 43 0.13
70 44 0.08
70 45 0.34
70 46 0.17
70 47 0.18
70 48 0.21
70 49 0.17
70 50 0.14
70 51 0.21
70 52 0.21
70 53 0.12
70 54 0.24
70 55 0.12
70 56 0.4
70 57 0.29
58 70 0.6
59 70 0.22
70 60 0.46
70 61 0.36
70 62 0.43
70 63 0.27
70 64 0.38
70 65 0.27
70 66 0.21
70 67 0.12
70 68 0.08
70 69 0.07
70 105 0.0017
2 71 0.41
3 71 0.05
13 71 0.24
15 71 0.32
18 71 0.22
26 71 0.16
27 71 0.37
28 71 0.51
29 71 0.16
30 71 0.23
35 71 0.17
36 71 0.13
37 71 0.18
40 71 0.18
54 71 0.22
56 71 0.5
58 71 0.33
60 71 0.43
61 71 0.45
62 71 0.37
64 71 0.65
65 71 0.17
70 71 0.21
105 71 1.0E-4
2 72 0.57
3 72 0.08
5 72 0.13
10 72 0.1
13 72 0.09
15 72 0.38
72 17 0.5
18 72 0.18
72 23 0.5
24 72 0.08
25 72 0.19
26 72 0.13
27 72 0.39
28 72 0.57
29 72 0.21
30 72 0.29
72 33 0.35
35 72 0.2
36 72 0.1
37 72 0.14
39 72 0.08
72 40 0.58
42 72 0.11
72 54 0.35
72 55 0.35
56 72 0.49
58 72 0.42
60 72 0.34
72 61 0.71
62 72 0.49
64 72 0.41
65 72 0.27
70 72 0.34
72 71 0.47
105 72 4.0E-4
3 73 0.11
4 73 0.2
11 73 0.58
19 73 0.71
21 73 0.71
29 73 0.07
36 73 0.29
41 73 0.71
43 73 0.35
49 73 0.24
50 73 0.24
70 73 0.12
105 73 3.0E-4
3 74 0.11
74 5 0.25
6 74 0.19
8 74 0.48
74 12 0.05
13 74 0.53
74 14 0.33
74 16 0.47
74 22 0.67
74 24 0.07
74 25 0.45
29 74 0.22
30 74 0.24
74 34 0.24
35 74 0.19
37 74 0.2
39 74 0.15
74 47 0.17
74 48 0.58
74 51 0.38
74 52 0.58
74 56 0.37
58 74 0.29
59 74 0.14
74 60 0.24
74 62 0.09
74 66 0.19
74 67 0.33
74 70 0.36
74 105 3.0E-4
75 5 0.38
6 75 0.58
8 75 0.29
13 75 0.27
75 14 1.0
75 16 0.71
29 75 0.07
30 75 0.1
39 75 0.23
75 48 0.58
75 51 0.58
75 52 0.58
56 75 0.28
60 75 0.24
70 75 0.12
74 75 0.33
105 75 2.0E-4
3 76 0.06
8 76 0.33
13 76 0.46
76 22 0.58
76 25 0.46
29 76 0.13
30 76 0.12
35 76 0.11
37 76 0.12
76 51 0.33
76 56 0.32
58 76 0.17
76 60 0.14
76 62 0.16
76 67 0.58
76 70 0.21
76 74 0.58
76 105 1.0E-4
3 77 0.05
8 77 0.43
13 77 0.53
77 22 0.5
77 25 0.53
29 77 0.15
30 77 0.15
35 77 0.1
37 77 0.1
77 51 0.58
77 56 0.42
58 77 0.22
77 60 0.12
77 62 0.14
77 67 0.5
77 70 0.24
77 74 0.5
77 76 0.87
77 105 1.0E-4
78 2 0.21
3 78 0.05
78 5 0.17
13 78 0.12
78 22 0.22
78 23 0.32
78 25 0.36
78 28 0.1
29 78 0.16
30 78 0.14
78 40 0.37
78 54 0.22
78 56 0.25
58 78 0.2
78 61 0.15
78 66 0.26
78 70 0.21
78 72 0.16
78 74 0.3
78 76 0.26
78 77 0.22
78 105 1.0E-4
79 2 0.16
3 79 0.26
79 4 0.05
79 5 0.09
6 79 0.14
79 7 0.05
8 79 0.27
79 11 0.14
79 12 0.13
13 79 0.31
79 14 0.24
79 15 0.25
79 16 0.33
79 22 0.24
79 24 0.05
79 25 0.25
79 26 0.08
79 27 0.2
79 28 0.16
29 79 0.31
30 79 0.36
79 34 0.17
35 79 0.23
79 36 0.2
37 79 0.24
39 79 0.27
42 79 0.36
79 45 0.08
79 46 0.17
79 47 0.24
79 48 0.27
79 49 0.17
79 50 0.17
79 51 0.27
79 52 0.14
79 56 0.33
58 79 0.38
59 79 0.14
79 60 0.29
79 61 0.16
79 62 0.26
79 63 0.11
79 64 0.2
79 67 0.24
79 69 0.14
79 70 0.31
79 71 0.21
79 72 0.17
79 74 0.39
79 75 0.24
79 76 0.27
79 77 0.24
79 78 0.11
79 105 4.0E-4
3 80 0.25
4 80 0.54
80 5 0.43
10 80 0.44
12 80 0.36
24 80 0.4
25 80 0.1
29 80 0.19
30 80 0.23
80 31 0.43
32 80 0.43
37 80 0.08
42 80 0.11
57 80 0.31
58 80 0.22
80 62 0.1
80 66 0.22
70 80 0.18
105 80 0.0
81 1 0.15
81 2 0.32
3 81 0.13
81 5 0.09
8 81 0.13
13 81 0.18
81 15 0.16
81 17 0.32
81 22 0.34
81 23 0.16
81 24 0.1
81 25 0.49
81 27 0.19
81 28 0.26
29 81 0.32
30 81 0.26
35 81 0.35
81 36 0.07
37 81 0.19
39 81 0.05
81 40 0.37
42 81 0.07
81 48 0.26
81 51 0.26
81 52 0.13
81 54 0.23
81 55 0.23
81 56 0.32
58 81 0.34
59 81 0.14
81 60 0.11
81 61 0.38
81 62 0.25
81 64 0.13
81 65 0.09
81 66 0.13
81 67 0.23
81 70 0.33
81 71 0.21
81 72 0.41
81 74 0.38
81 76 0.26
81 77 0.34
81 78 0.51
81 79 0.27
81 105 2.0E-4
82 1 0.11
82 2 0.72
3 82 0.16
4 82 0.37
82 5 0.19
7 82 0.04
8 82 0.09
82 10 0.33
12 82 0.2
13 82 0.22
82 15 0.46
82 17 0.23
82 18 0.16
82 23 0.23
82 24 0.39
25 82 0.13
82 26 0.46
82 27 0.59
82 28 0.72
29 82 0.45
30 82 0.55
82 31 0.19
32 82 0.6
82 33 0.16
35 82 0.13
82 36 0.19
37 82 0.1
39 82 0.04
82 40 0.4
42 82 0.1
82 43 0.06
82 45 0.46
82 46 0.23
82 54 0.33
82 55 0.16
56 82 0.32
82 57 0.2
58 82 0.56
59 82 0.03
60 82 0.56
82 61 0.49
82 62 0.55
82 63 0.29
82 64 0.57
82 65 0.25
82 66 0.09
82 68 0.05
70 82 0.57
82 71 0.37
82 72 0.46
78 82 0.15
79 82 0.12
82 80 0.31
81 82 0.23
105 82 9.0E-4
83 1 0.13
83 2 0.61
3 83 0.04
8 83 0.11
10 83 0.11
83 15 0.8
83 18 0.19
24 83 0.08
83 26 0.94
83 27 0.73
83 28 0.61
29 83 0.19
30 83 0.19
83 33 0.38
83 36 0.22
83 40 0.15
83 45 0.8
83 46 0.53
83 54 0.19
56 83 0.1
58 83 0.39
60 83 0.64
83 62 0.73
83 63 0.68
83 64 0.55
83 68 0.12
70 83 0.32
83 72 0.13
79 83 0.09
82 83 0.43
105 83 0.0011
84 1 0.16
84 2 0.11
3 84 0.3
84 4 0.73
84 5 0.18
7 84 0.22
8 84 0.05
84 10 0.56
84 11 0.09
12 84 0.46
13 84 0.04
84 15 0.17
84 18 0.08
84 20 0.16
84 21 0.11
84 24 0.55
25 84 0.09
84 26 0.11
84 27 0.13
84 28 0.11
29 84 0.45
30 84 0.51
84 31 0.43
84 32 0.71
84 33 0.16
35 84 0.09
84 36 0.19
37 84 0.1
84 40 0.07
84 41 0.11
42 84 0.05
84 43 0.23
84 45 0.06
84 46 0.11
84 47 0.08
49 84 0.04
50 84 0.15
84 54 0.08
56 84 0.09
84 57 0.26
58 84 0.19
59 84 0.17
60 84 0.12
84 61 0.05
84 62 0.18
84 63 0.07
84 64 0.14
84 66 0.09
84 68 0.05
70 84 0.47
84 71 0.07
84 72 0.11
79 84 0.11
84 80 0.43
81 84 0.04
84 82 0.51
84 83 0.12
105 84 1.0E-4
85 2 0.09
3 85 0.04
8 85 0.24
13 85 0.22
85 22 0.41
85 25 0.22
85 28 0.09
29 85 0.18
30 85 0.08
35 85 0.16
37 85 0.08
39 85 0.09
85 43 0.14
85 51 0.24
85 56 0.23
58 85 0.12
59 85 0.08
85 60 0.1
85 61 0.14
85 62 0.11
85 65 0.15
85 67 0.41
85 70 0.15
85 74 0.27
85 76 0.47
85 77 0.41
85 78 0.18
85 79 0.19
85 81 0.19
85 82 0.07
85 105 1.0E-4
3 86 0.19
4 86 0.12
11 86 0.33
86 19 0.82
21 86 0.41
29 86 0.13
36 86 0.17
41 86 0.41
43 86 0.2
49 86 0.14
50 86 0.27
59 86 0.24
70 86 0.07
86 73 0.58
105 86 1.0E-4
87 2 0.19
3 87 0.04
87 5 0.15
13 87 0.11
87 17 0.29
87 22 0.41
87 23 0.29
87 24 0.09
87 25 0.65
87 27 0.11
87 28 0.09
29 87 0.18
30 87 0.17
35 87 0.24
37 87 0.08
39 87 0.09
87 40 0.33
42 87 0.12
87 48 0.47
87 52 0.24
87 54 0.2
87 55 0.41
87 56 0.23
58 87 0.18
59 87 0.08
87 61 0.14
87 62 0.11
87 70 0.24
87 72 0.29
87 74 0.41
87 76 0.24
87 77 0.2
87 78 0.55
87 79 0.19
87 81 0.56
87 82 0.13
87 85 0.17
87 105 2.0E-4
88 1 0.09
88 2 0.37
88 3 0.12
88 6 0.31
88 7 0.06
88 8 0.23
88 10 0.08
88 12 0.04
88 13 0.21
88 15 0.38
88 18 0.27
88 24 0.06
88 26 0.19
88 27 0.3
88 28 0.43
88 29 0.28
88 30 0.24
88 33 0.27
88 35 0.21
88 36 0.08
88 37 0.16
88 39 0.18
88 40 0.11
88 42 0.08
88 43 0.09
88 45 0.09
88 46 0.19
88 54 0.13
88 56 0.3
88 58 0.39
88 59 0.11
88 60 0.45
88 61 0.36
88 62 0.37
88 64 0.46
88 65 0.2
88 70 0.26
88 71 0.48
88 72 0.38
88 79 0.19
88 81 0.12
88 82 0.31
88 83 0.2
88 84 0.17
88 85 0.11
88 105 2.0E-4
89 1 0.1
89 2 0.73
3 89 0.03
8 89 0.08
13 89 0.23
89 15 0.71
89 17 0.2
25 89 0.08
89 26 0.61
89 27 0.88
89 28 0.79
29 89 0.25
30 89 0.29
35 89 0.17
89 36 0.25
37 89 0.12
39 89 0.07
89 40 0.12
42 89 0.09
89 45 0.82
89 46 0.41
89 54 0.14
89 55 0.29
56 89 0.32
58 89 0.51
60 89 0.77
89 61 0.48
89 62 0.8
89 63 0.52
89 64 0.67
89 65 0.22
89 68 0.09
70 89 0.41
89 71 0.39
89 72 0.41
79 89 0.2
81 89 0.2
82 89 0.57
89 83 0.65
84 89 0.09
87 89 0.12
88 89 0.31
105 89 9.0E-4
90 1 0.15
90 2 0.51
8 90 0.13
90 15 0.63
90 26 0.79
90 27 0.62
90 28 0.51
29 90 0.16
30 90 0.14
90 36 0.13
90 45 0.79
90 46 0.63
58 90 0.33
60 90 0.54
90 62 0.62
90 63 0.6
90 64 0.52
70 90 0.27
79 90 0.11
82 90 0.37
90 83 0.85
84 90 0.07
88 90 0.12
90 89 0.65
105 90 7.0E-4
2 91 0.46
13 91 0.13
15 91 0.35
26 91 0.18
27 91 0.55
28 91 0.46
29 91 0.15
30 91 0.2
35 91 0.19
36 91 0.14
37 91 0.2
40 91 0.2
45 91 0.18
91 54 0.25
56 91 0.55
58 91 0.29
60 91 0.36
91 61 0.5
62 91 0.28
64 91 0.43
65 91 0.19
70 91 0.24
91 71 0.67
72 91 0.35
79 91 0.24
81 91 0.23
82 91 0.33
84 91 0.08
88 91 0.27
89 91 0.43
105 91 1.0E-4
2 92 0.51
8 92 0.13
13 92 0.24
15 92 0.32
27 92 0.5
28 92 0.51
29 92 0.16
30 92 0.18
35 92 0.17
36 92 0.13
37 92 0.18
92 43 0.16
45 92 0.32
56 92 0.37
58 92 0.33
60 92 0.54
92 61 0.6
62 92 0.25
64 92 0.39
65 92 0.34
70 92 0.27
92 71 0.4
72 92 0.32
79 92 0.21
81 92 0.21
82 92 0.37
84 92 0.07
85 92 0.18
88 92 0.36
89 92 0.52
92 91 0.67
105 92 1.0E-4
2 93 0.32
3 93 0.08
10 93 0.2
15 93 0.25
93 17 0.5
18 93 0.35
24 93 0.15
26 93 0.25
27 93 0.2
28 93 0.32
29 93 0.1
30 93 0.14
93 33 0.71
40 93 0.58
54 93 0.35
56 93 0.2
58 93 0.21
60 93 0.17
61 93 0.24
62 93 0.2
64 93 0.2
65 93 0.27
70 93 0.17
72 93 0.5
81 93 0.16
82 93 0.23
83 93 0.27
84 93 0.11
88 93 0.19
105 93 2.0E-4
94 1 0.13
2 94 0.26
3 94 0.17
4 94 0.08
8 94 0.11
10 94 0.11
12 94 0.1
15 94 0.4
24 94 0.16
25 94 0.1
26 94 0.4
27 94 0.31
28 94 0.26
29 94 0.19
30 94 0.23
94 31 0.14
32 94 0.09
36 94 0.11
37 94 0.08
39 94 0.26
42 94 0.34
45 94 0.4
94 46 0.27
94 47 0.19
58 94 0.39
60 94 0.28
62 94 0.42
63 94 0.17
94 64 0.33
66 94 0.22
70 94 0.18
79 94 0.36
80 94 0.14
82 94 0.25
83 94 0.43
84 94 0.12
88 94 0.1
89 94 0.33
90 94 0.51
105 94 3.0E-4
8 95 0.29
13 95 0.27
22 95 0.5
25 95 0.27
29 95 0.07
30 95 0.1
35 95 0.19
37 95 0.2
51 95 0.58
58 95 0.15
62 95 0.28
95 67 1.0
70 95 0.12
74 95 0.33
76 95 0.58
77 95 0.5
79 95 0.24
81 95 0.23
85 95 0.41
105 95 2.0E-4
3 96 0.11
29 96 0.07
30 96 0.1
36 96 0.29
42 96 0.3
96 47 0.5
49 96 0.24
69 96 0.58
70 96 0.12
79 96 0.24
105 96 1.0E-4
3 97 0.22
97 5 0.31
6 97 0.24
8 97 0.24
13 97 0.22
97 14 0.41
97 16 0.29
22 97 0.2
24 97 0.09
29 97 0.18
30 97 0.04
97 34 0.29
35 97 0.24
37 97 0.08
39 97 0.19
97 47 0.2
97 48 0.24
97 51 0.24
97 52 0.47
56 97 0.11
58 97 0.06
59 97 0.17
60 97 0.1
70 97 0.1
74 97 0.27
97 75 0.41
79 97 0.1
81 97 0.28
105 97 1.0E-4
1 98 0.17
2 98 0.36
3 98 0.06
4 98 0.05
5 98 0.1
6 98 0.15
7 98 0.06
10 98 0.07
12 98 0.11
13 98 0.14
15 98 0.18
98 17 0.18
24 98 0.06
25 98 0.07
26 98 0.27
27 98 0.43
28 98 0.36
29 98 0.28
30 98 0.18
98 31 0.1
32 98 0.06
35 98 0.15
36 98 0.07
39 98 0.18
40 98 0.21
42 98 0.08
45 98 0.37
98 54 0.26
98 55 0.26
56 98 0.21
58 98 0.27
59 98 0.16
60 98 0.25
98 61 0.17
62 98 0.21
63 98 0.23
64 98 0.22
65 98 0.1
98 68 0.08
70 98 0.25
98 71 0.12
72 98 0.09
80 98 0.1
81 98 0.12
82 98 0.3
83 98 0.2
84 98 0.04
85 98 0.11
87 98 0.11
88 98 0.14
89 98 0.37
90 98 0.12
98 91 0.26
98 92 0.23
94 98 0.1
105 98 3.0E-4
99 2 0.06
99 3 0.25
99 5 0.19
99 6 0.29
99 8 0.29
99 9 0.25
99 12 0.07
99 13 0.33
99 14 0.25
99 15 0.09
99 16 0.35
99 22 0.13
99 25 0.07
99 27 0.07
99 28 0.06
99 29 0.29
99 30 0.28
99 34 0.35
99 35 0.14
99 36 0.14
99 37 0.26
99 39 0.23
99 42 0.23
99 43 0.09
99 44 0.35
99 47 0.25
99 48 0.14
99 49 0.3
99 50 0.12
99 51 0.14
99 52 0.29
99 56 0.21
99 58 0.26
99 59 0.15
99 60 0.18
99 61 0.08
99 62 0.07
99 64 0.07
99 69 0.14
99 70 0.18
99 71 0.11
99 72 0.09
99 74 0.25
99 75 0.25
99 78 0.11
99 79 0.29
99 81 0.11
99 82 0.04
99 87 0.1
99 88 0.27
99 89 0.07
99 91 0.13
99 92 0.11
99 96 0.25
99 97 0.2
99 105 3.0E-4
2 100 0.52
8 100 0.11
13 100 0.3
100 17 0.27
18 100 0.19
25 100 0.1
26 100 0.13
27 100 0.42
28 100 0.52
29 100 0.19
30 100 0.19
35 100 0.15
39 100 0.17
40 100 0.31
42 100 0.11
100 43 0.13
45 100 0.27
100 54 0.38
100 55 0.38
56 100 0.31
58 100 0.33
59 100 0.08
60 100 0.37
100 61 0.38
62 100 0.1
64 100 0.33
65 100 0.29
70 100 0.23
100 71 0.34
72 100 0.13
81 100 0.09
82 100 0.37
85 100 0.31
87 100 0.15
88 100 0.2
89 100 0.33
100 91 0.38
100 92 0.51
100 98 0.49
105 100 3.0E-4
101 1 0.13
2 101 0.61
5 101 0.14
13 101 0.2
15 101 0.13
101 17 0.53
101 23 0.53
25 101 0.2
26 101 0.13
27 101 0.42
28 101 0.52
29 101 0.19
30 101 0.27
35 101 0.07
39 101 0.09
101 40 0.46
42 101 0.11
45 101 0.4
101 54 0.19
101 55 0.38
56 101 0.21
58 101 0.39
60 101 0.28
101 61 0.5
62 101 0.21
101 64 0.22
101 65 0.29
70 101 0.32
101 72 0.53
78 101 0.17
81 101 0.26
82 101 0.43
83 101 0.14
87 101 0.31
89 101 0.44
90 101 0.17
101 91 0.19
101 92 0.34
101 93 0.27
101 94 0.14
101 98 0.29
101 100 0.43
105 101 4.0E-4
3 102 0.11
102 11 0.58
29 102 0.07
30 102 0.1
37 102 0.2
42 102 0.3
49 102 0.24
50 102 0.24
58 102 0.15
70 102 0.12
79 102 0.24
105 102 1.0E-4
103 1 0.1
103 2 0.33
3 103 0.06
103 5 0.22
6 103 0.17
8 103 0.33
12 103 0.04
13 103 0.23
103 14 0.29
103 15 0.41
103 16 0.41
22 103 0.29
24 103 0.06
25 103 0.23
103 26 0.51
103 27 0.4
103 28 0.33
29 103 0.25
30 103 0.23
103 34 0.2
35 103 0.11
103 36 0.08
37 103 0.12
39 103 0.13
103 45 0.51
103 46 0.41
103 47 0.14
103 48 0.5
103 51 0.17
103 52 0.5
56 103 0.16
58 103 0.38
59 103 0.12
60 103 0.49
103 62 0.4
103 63 0.39
103 64 0.33
103 66 0.17
103 68 0.09
70 103 0.38
74 103 0.58
103 75 0.29
78 103 0.26
79 103 0.27
81 103 0.26
82 103 0.24
103 83 0.55
84 103 0.05
87 103 0.35
88 103 0.08
103 89 0.42
103 90 0.52
103 94 0.33
103 97 0.24
103 98 0.15
99 103 0.29
103 101 0.11
105 103 8.0E-4
104 2 0.15
3 104 0.07
104 5 0.13
6 104 0.19
8 104 0.38
104 12 0.05
13 104 0.45
104 14 0.33
104 15 0.24
104 16 0.47
104 22 0.33
104 25 0.27
104 27 0.18
104 28 0.15
29 104 0.22
30 104 0.27
35 104 0.26
104 36 0.1
37 104 0.2
39 104 0.23
104 48 0.19
104 51 0.58
104 52 0.19
104 56 0.55
58 104 0.25
104 60 0.32
104 61 0.22
104 62 0.28
104 64 0.19
104 65 0.13
104 67 0.33
104 70 0.28
104 71 0.3
104 72 0.24
104 74 0.44
104 75 0.33
104 76 0.38
104 77 0.5
104 78 0.15
104 79 0.47
104 81 0.38
104 82 0.11
104 84 0.05
104 85 0.27
104 87 0.14
88 104 0.27
104 89 0.19
104 91 0.33
104 92 0.3
104 95 0.33
104 97 0.14
99 104 0.33
104 103 0.19
104 105 2.0E-4
