*Vertices  118
1 "显示器"
2 "衬底"
3 "LED灯罩"
4 "LED灯"
5 "滤波片"
6 "光纤"
7 "电容"
8 "容器"
9 "光膜"
10 "传感器"
11 "控制器"
12 "处理器"
13 "单片机"
14 "荧光粉"
15 "工质"
16 "开关"
17 "发光荧光材料"
18 "柔性高分子材料"
19 "III-V族半导体材料"
20 "GAN"
21 "塑料光转换荧光粒料"
22 "助剂"
23 "PD"
24 "引发剂"
25 "聚合物树脂"
26 "硼酸"
27 "变压器"
28 "Zigbee"
29 "阻燃塑料外壳"
30 "EP"
31 "LED外延片"
32 "外延片"
33 "外延"
34 "LED"
35 "二极管"
36 "扩散剂"
37 "模糊增强算法"
38 "玻璃"
39 "通道"
40 "LED光源"
41 "塑料"
42 "缩水甘油"
43 "转换器"
44 "铝基板"
45 "缓冲层"
46 "晶体振荡器"
47 "导热陶瓷"
48 "内量子效率"
49 "基座"
50 "IP软核"
51 "滤光片"
52 "稀释剂"
53 "散热片"
54 "散热器"
55 "光谱仪"
56 "荧光体"
57 "硅橡胶"
58 "密封胶"
59 "SiO2"
60 "半导体"
61 "电路板"
62 "Al2O3"
63 "GaAs"
64 "MQW"
65 "ESD"
66 "ITO"
67 "客户"
68 "光子晶体"
69 "荧光光谱"
70 "金属银纳米粒子"
71 "LED照明设备"
72 "LED芯片"
73 "芯片"
74 "金属层"
75 "电流扩展层"
76 "存储器"
77 "酸盐"
78 "硅油"
79 "SrCO3"
80 "Eu2O3"
81 "硝酸"
82 "Eu2"
83 "去离子水"
84 "硬脂酰胺"
85 "液体石蜡"
86 "灰度"
87 "离子"
88 "电极"
89 "接触层"
90 "边缘检测"
91 "电阻"
92 "基色"
93 "发射模块"
94 "光子晶体谐振腔"
95 "丙酮"
96 "激光"
97 "MOCVD"
98 "标准芯片工艺制作"
99 "湿法刻蚀"
100 "干法刻蚀"
101 "空穴"
102 "玻璃体"
103 "射灯"
104 "酯键"
105 "转动轴"
106 "臭氧"
107 "聚光镜"
108 "透镜"
109 "吸液芯"
110 "甲基"
111 "VGA"
112 "固定支架"
113 "激发光"
114 "发光管"
115 "导热柱"
116 "DMA"
117 "插座"
118 "Li"
*Arcs
1 118 0.0
118 2 2.0E-4
118 3 1.0E-4
4 1 0.08
4 2 0.03
4 3 0.16
4 118 4.0E-4
2 5 0.32
118 5 5.0E-4
2 6 0.17
6 5 0.53
118 6 2.0E-4
4 7 0.29
118 7 0.0
8 2 0.09
4 8 0.12
7 8 0.23
118 8 1.0E-4
9 1 0.29
9 4 0.13
9 8 0.22
9 118 1.0E-4
1 10 0.25
4 10 0.13
10 6 0.23
7 10 0.08
118 10 0.0
1 11 0.24
4 11 0.11
11 6 0.09
7 11 0.15
8 11 0.09
11 10 0.19
118 11 0.0
12 1 0.26
12 4 0.14
12 6 0.1
12 7 0.05
12 9 0.15
12 10 0.36
12 11 0.44
12 118 0.0
1 13 0.52
4 13 0.13
13 7 0.19
13 10 0.28
13 11 0.17
12 13 0.24
118 13 0.0
14 1 0.14
14 2 0.13
14 4 0.13
14 8 0.22
14 9 0.33
14 11 0.07
14 12 0.07
14 13 0.07
14 118 5.0E-4
4 15 0.19
7 15 0.12
118 15 1.0E-4
1 16 0.07
4 16 0.37
16 7 0.42
16 8 0.21
16 10 0.19
16 11 0.23
12 16 0.21
16 13 0.19
14 16 0.08
118 16 1.0E-4
17 1 0.13
17 2 0.18
17 4 0.21
17 8 0.2
17 9 0.31
17 12 0.07
17 13 0.06
17 14 0.54
17 16 0.07
17 118 6.0E-4
18 8 0.38
9 18 0.58
14 18 0.29
17 18 0.27
118 18 2.0E-4
2 19 0.32
19 5 1.0
6 19 0.53
118 19 5.0E-4
20 2 0.65
4 20 0.04
20 5 0.5
20 6 0.27
14 20 0.1
20 19 0.5
118 20 3.0E-4
1 21 0.25
4 21 0.11
14 21 0.29
16 21 0.14
17 21 0.27
118 21 3.0E-4
1 22 0.18
4 22 0.08
22 8 0.27
9 22 0.41
14 22 0.41
16 22 0.1
17 22 0.38
22 18 0.71
22 21 0.71
118 22 5.0E-4
1 23 0.11
2 23 0.21
23 5 0.63
23 6 0.68
23 10 0.27
12 23 0.12
23 19 0.63
20 23 0.32
118 23 2.0E-4
1 24 0.18
118 24 2.0E-4
1 25 0.25
4 25 0.11
14 25 0.29
16 25 0.14
17 25 0.27
25 21 1.0
25 22 0.71
118 25 3.0E-4
1 26 0.13
4 26 0.11
26 8 0.19
14 26 0.29
17 26 0.4
26 24 0.35
118 26 4.0E-4
1 27 0.11
27 2 0.05
4 27 0.26
7 27 0.52
27 8 0.24
27 10 0.04
27 11 0.1
13 27 0.05
14 27 0.06
16 27 0.29
27 20 0.08
27 24 0.15
26 27 0.11
118 27 0.0
7 28 0.2
10 28 0.2
13 28 0.23
16 28 0.14
118 28 2.0E-4
4 29 0.11
16 29 0.14
27 29 0.21
118 29 1.0E-4
1 30 0.07
30 2 0.12
4 30 0.12
30 7 0.11
30 8 0.1
30 11 0.06
12 30 0.14
30 13 0.06
14 30 0.39
30 16 0.11
17 30 0.29
30 24 0.38
30 26 0.4
30 27 0.11
118 30 5.0E-4
31 2 0.65
4 31 0.04
14 31 0.1
31 20 0.75
27 31 0.08
118 31 1.0E-4
32 2 0.83
4 32 0.03
32 5 0.39
32 6 0.21
14 32 0.08
17 32 0.15
32 19 0.39
32 20 0.78
32 23 0.25
27 32 0.06
30 32 0.07
32 31 0.78
118 32 3.0E-4
33 2 0.95
4 33 0.05
33 5 0.32
33 6 0.17
14 33 0.13
17 33 0.25
33 19 0.32
33 20 0.65
33 23 0.21
27 33 0.05
30 33 0.06
33 31 0.65
33 32 0.83
118 33 2.0E-4
34 1 0.29
34 2 0.32
34 3 0.1
34 4 0.67
34 5 0.1
34 6 0.19
34 7 0.36
34 8 0.19
34 9 0.13
34 10 0.37
34 11 0.3
34 12 0.28
34 13 0.32
34 14 0.25
34 15 0.13
34 16 0.54
34 17 0.28
34 18 0.07
34 19 0.1
34 20 0.21
34 21 0.07
34 22 0.1
34 23 0.16
34 24 0.1
34 25 0.07
34 26 0.15
34 27 0.34
34 28 0.07
34 29 0.07
34 30 0.28
34 31 0.21
34 32 0.27
34 33 0.32
34 118 7.0E-4
35 1 0.15
35 2 0.37
35 3 0.07
35 4 0.32
35 5 0.14
35 6 0.23
35 7 0.39
35 8 0.23
35 9 0.12
35 10 0.2
35 11 0.15
35 12 0.08
35 13 0.16
35 14 0.23
35 15 0.12
35 16 0.46
35 17 0.33
35 18 0.1
35 19 0.14
35 20 0.25
35 21 0.1
35 22 0.14
35 23 0.18
35 24 0.14
35 25 0.1
35 26 0.1
35 27 0.39
35 28 0.1
35 29 0.1
35 30 0.22
35 31 0.22
35 32 0.31
35 33 0.37
35 34 0.72
35 118 8.0E-4
4 36 0.16
8 36 0.27
14 36 0.2
17 36 0.38
26 36 0.35
34 36 0.1
35 36 0.07
118 36 1.0E-4
37 11 0.24
12 37 0.26
16 37 0.14
30 37 0.27
34 37 0.07
118 37 3.0E-4
38 1 0.19
38 2 0.13
38 4 0.27
38 5 0.27
38 6 0.29
38 7 0.08
38 9 0.11
38 10 0.12
38 12 0.15
38 13 0.22
38 14 0.11
38 16 0.18
38 17 0.1
38 19 0.27
38 20 0.14
38 23 0.34
38 24 0.27
38 26 0.19
38 27 0.08
38 30 0.21
38 32 0.16
38 33 0.13
38 34 0.38
38 35 0.27
38 118 3.0E-4
1 39 0.07
39 2 0.2
4 39 0.22
39 5 0.2
39 6 0.11
7 39 0.12
39 10 0.12
13 39 0.07
39 15 0.33
16 39 0.04
39 19 0.2
39 20 0.31
39 23 0.13
39 31 0.2
39 32 0.24
39 33 0.2
34 39 0.25
35 39 0.23
38 39 0.11
118 39 3.0E-4
40 1 0.15
40 2 0.09
40 4 0.36
40 5 0.29
40 6 0.15
40 7 0.04
40 8 0.08
40 9 0.12
40 10 0.04
40 12 0.11
40 13 0.09
40 14 0.24
40 15 0.12
40 16 0.06
40 17 0.16
40 19 0.29
40 20 0.14
40 23 0.18
40 24 0.14
40 26 0.31
40 27 0.09
40 30 0.22
40 32 0.11
40 33 0.09
40 34 0.36
40 35 0.29
40 36 0.14
40 38 0.24
40 39 0.18
40 118 3.0E-4
41 1 0.17
41 2 0.05
41 3 0.16
41 4 0.28
41 6 0.17
41 8 0.17
41 9 0.26
41 10 0.18
41 11 0.17
41 12 0.12
41 13 0.05
41 14 0.2
41 16 0.16
41 17 0.18
41 18 0.23
41 21 0.23
41 22 0.32
41 23 0.21
41 25 0.23
41 27 0.05
41 29 0.23
41 30 0.06
41 32 0.06
41 33 0.05
41 34 0.32
41 35 0.28
41 38 0.35
41 39 0.13
41 40 0.14
41 118 4.0E-4
1 42 0.18
42 24 1.0
26 42 0.35
27 42 0.15
30 42 0.38
34 42 0.1
35 42 0.14
38 42 0.27
40 42 0.14
118 42 2.0E-4
1 43 0.15
4 43 0.1
43 6 0.23
7 43 0.25
43 10 0.3
43 11 0.22
12 43 0.16
13 43 0.14
14 43 0.09
16 43 0.25
17 43 0.08
43 21 0.3
43 22 0.21
43 23 0.27
43 25 0.3
27 43 0.06
43 28 0.3
30 43 0.08
34 43 0.24
35 43 0.21
43 37 0.3
38 43 0.12
41 43 0.21
118 43 3.0E-4
44 1 0.08
44 2 0.07
44 3 0.21
44 4 0.3
44 7 0.06
44 9 0.17
44 12 0.08
44 14 0.17
44 15 0.17
44 16 0.08
44 17 0.08
44 27 0.13
44 29 0.3
44 30 0.16
44 32 0.08
44 33 0.07
44 34 0.24
44 35 0.24
44 38 0.12
44 39 0.26
44 40 0.18
44 41 0.35
44 118 6.0E-4
45 2 0.65
14 45 0.1
17 45 0.19
45 20 0.63
45 31 0.75
45 32 0.78
45 33 0.65
34 45 0.21
35 45 0.22
45 39 0.2
118 45 1.0E-4
4 46 0.06
46 7 0.24
46 10 0.12
46 11 0.14
12 46 0.15
13 46 0.26
16 46 0.24
46 28 0.58
30 46 0.15
34 46 0.13
35 46 0.06
46 37 0.58
38 46 0.11
46 43 0.35
118 46 4.0E-4
4 47 0.11
34 47 0.07
35 47 0.1
39 47 0.29
41 47 0.23
44 47 0.3
118 47 2.0E-4
2 48 0.32
14 48 0.2
20 48 0.25
31 48 0.5
32 48 0.39
33 48 0.32
34 48 0.1
35 48 0.07
45 48 0.5
118 48 1.0E-4
4 49 0.22
8 49 0.19
14 49 0.14
15 49 0.29
17 49 0.13
26 49 0.25
34 49 0.15
35 49 0.15
49 36 0.35
39 49 0.43
40 49 0.1
41 49 0.11
44 49 0.3
49 47 0.5
118 49 3.0E-4
50 11 0.24
12 50 0.26
16 50 0.14
30 50 0.27
34 50 0.07
50 37 1.0
43 50 0.3
46 50 0.58
118 50 3.0E-4
1 51 0.11
2 51 0.21
51 5 0.63
51 6 0.68
51 10 0.09
13 51 0.1
16 51 0.06
51 19 0.63
20 51 0.32
51 23 0.6
32 51 0.25
33 51 0.21
34 51 0.16
35 51 0.23
38 51 0.26
39 51 0.13
40 51 0.27
41 51 0.1
43 51 0.13
118 51 2.0E-4
1 52 0.14
52 8 0.22
9 52 0.33
14 52 0.17
17 52 0.15
52 18 0.58
52 22 0.41
52 24 0.82
26 52 0.29
27 52 0.12
30 52 0.31
34 52 0.13
35 52 0.18
38 52 0.22
40 52 0.12
41 52 0.13
52 42 0.82
118 52 4.0E-4
4 53 0.43
53 7 0.05
53 15 0.42
53 16 0.07
34 53 0.3
35 53 0.22
38 53 0.09
53 39 0.35
40 53 0.45
41 53 0.11
44 53 0.29
53 49 0.24
118 53 1.0E-4
4 54 0.44
54 7 0.19
54 15 0.41
54 27 0.15
34 54 0.31
35 54 0.24
38 54 0.05
54 39 0.2
40 54 0.34
41 54 0.05
44 54 0.21
54 49 0.12
54 53 0.63
118 54 1.0E-4
4 55 0.08
55 6 0.27
17 55 0.19
55 26 0.35
55 30 0.19
34 55 0.1
35 55 0.07
55 51 0.32
118 55 1.0E-4
56 8 0.22
9 56 0.33
14 56 0.5
17 56 0.46
56 18 0.58
56 22 0.41
26 56 0.29
30 56 0.31
34 56 0.13
35 56 0.18
38 56 0.11
40 56 0.12
41 56 0.13
56 52 0.33
118 56 4.0E-4
1 57 0.14
4 57 0.06
57 8 0.44
9 57 0.33
14 57 0.33
17 57 0.31
57 18 0.58
57 22 0.41
57 24 0.41
26 57 0.58
27 57 0.12
30 57 0.15
34 57 0.13
35 57 0.12
57 36 0.41
38 57 0.11
40 57 0.24
41 57 0.13
57 42 0.41
57 49 0.29
57 52 0.67
57 56 0.33
118 57 2.0E-4
4 58 0.22
16 58 0.07
34 58 0.15
35 58 0.05
38 58 0.1
39 58 0.29
40 58 0.1
41 58 0.11
44 58 0.3
58 47 0.5
58 49 0.25
53 58 0.24
54 58 0.12
118 58 1.0E-4
1 59 0.07
59 2 0.38
4 59 0.12
59 5 0.39
59 6 0.21
59 8 0.21
9 59 0.16
14 59 0.32
59 16 0.04
17 59 0.52
59 18 0.28
59 19 0.39
59 20 0.29
59 21 0.28
59 22 0.39
59 23 0.25
59 25 0.28
59 26 0.14
59 27 0.06
59 30 0.3
59 31 0.2
59 32 0.38
59 33 0.38
34 59 0.27
35 59 0.31
38 59 0.16
59 39 0.08
40 59 0.11
41 59 0.19
59 43 0.08
59 45 0.1
59 51 0.25
59 52 0.16
59 55 0.2
59 56 0.32
59 57 0.16
118 59 7.0E-4
60 1 0.11
60 2 0.64
60 3 0.1
60 4 0.29
60 5 0.21
60 6 0.17
60 7 0.15
60 8 0.22
60 9 0.09
60 10 0.06
60 12 0.08
60 13 0.03
60 14 0.34
60 15 0.09
60 16 0.14
60 17 0.43
60 19 0.21
60 20 0.42
60 21 0.15
60 22 0.1
60 23 0.2
60 24 0.1
60 25 0.15
60 26 0.22
60 27 0.19
60 29 0.15
60 30 0.28
60 31 0.42
60 32 0.53
60 33 0.64
60 34 0.5
60 35 0.55
60 36 0.21
60 38 0.23
60 39 0.17
60 40 0.3
60 41 0.24
60 42 0.1
60 43 0.13
60 44 0.27
60 45 0.42
60 47 0.15
60 48 0.21
60 49 0.15
60 51 0.13
60 52 0.09
60 53 0.11
60 54 0.14
60 56 0.17
60 57 0.17
60 58 0.15
60 59 0.41
60 118 0.0010
61 1 0.26
61 4 0.4
61 7 0.13
61 8 0.08
61 9 0.24
61 10 0.08
61 11 0.1
61 12 0.11
61 13 0.14
61 14 0.12
61 16 0.14
61 17 0.16
61 24 0.14
61 26 0.1
61 27 0.04
61 30 0.05
61 34 0.36
61 35 0.17
61 36 0.29
61 38 0.39
61 39 0.06
61 40 0.17
61 41 0.19
61 42 0.14
61 44 0.06
61 46 0.12
61 49 0.1
61 51 0.09
61 52 0.12
61 53 0.05
61 54 0.1
61 57 0.12
61 58 0.1
61 59 0.06
61 60 0.15
61 118 1.0E-4
1 62 0.06
62 2 0.72
4 62 0.08
62 5 0.34
62 6 0.18
62 8 0.09
9 62 0.14
14 62 0.35
62 16 0.03
17 62 0.45
62 18 0.24
62 19 0.34
62 20 0.69
62 21 0.24
62 22 0.34
62 23 0.22
62 25 0.24
62 27 0.05
30 62 0.06
62 31 0.6
62 32 0.74
62 33 0.78
34 62 0.3
35 62 0.34
38 62 0.09
62 39 0.21
40 62 0.1
41 62 0.11
62 43 0.07
62 45 0.69
62 48 0.34
62 51 0.22
62 52 0.14
62 56 0.14
62 57 0.14
59 62 0.54
60 62 0.57
118 62 6.0E-4
2 63 0.61
4 63 0.04
63 5 0.47
63 6 0.25
14 63 0.1
17 63 0.18
63 19 0.47
20 63 0.24
63 23 0.3
30 63 0.09
32 63 0.37
33 63 0.69
34 63 0.22
35 63 0.27
38 63 0.19
39 63 0.1
40 63 0.14
41 63 0.08
44 63 0.1
45 63 0.12
63 51 0.3
59 63 0.37
60 63 0.44
62 63 0.4
118 63 2.0E-4
64 2 0.64
4 64 0.09
64 5 0.39
64 6 0.21
7 64 0.06
14 64 0.16
16 64 0.04
17 64 0.15
64 19 0.39
64 20 0.78
64 23 0.25
26 64 0.14
27 64 0.12
30 64 0.22
64 31 0.69
64 32 0.77
64 33 0.7
34 64 0.27
35 64 0.31
38 64 0.21
64 39 0.24
40 64 0.23
41 64 0.06
44 64 0.08
64 45 0.59
64 48 0.39
64 51 0.25
56 64 0.16
59 64 0.31
60 64 0.53
62 64 0.67
64 63 0.37
118 64 4.0E-4
65 2 0.41
7 65 0.09
65 10 0.09
13 65 0.1
16 65 0.06
65 20 0.47
65 28 0.45
65 31 0.63
65 32 0.5
65 33 0.41
34 65 0.16
35 65 0.14
65 39 0.26
43 65 0.13
65 45 0.63
46 65 0.26
65 48 0.32
60 65 0.26
62 65 0.43
65 64 0.5
118 65 1.0E-4
1 66 0.07
2 66 0.66
4 66 0.06
66 5 0.41
66 6 0.22
66 11 0.07
14 66 0.08
17 66 0.23
66 19 0.41
20 66 0.61
66 23 0.26
27 66 0.06
31 66 0.61
32 66 0.72
33 66 0.73
34 66 0.25
35 66 0.26
38 66 0.11
39 66 0.08
40 66 0.12
45 66 0.51
66 48 0.41
66 51 0.26
59 66 0.4
60 66 0.47
62 66 0.7
66 63 0.29
64 66 0.64
65 66 0.26
118 66 3.0E-4
1 67 0.2
4 67 0.22
7 67 0.17
9 67 0.24
67 10 0.24
12 67 0.21
14 67 0.12
16 67 0.17
17 67 0.11
67 21 0.41
67 22 0.29
67 25 0.41
30 67 0.11
34 67 0.18
35 67 0.08
38 67 0.08
67 39 0.12
40 67 0.08
41 67 0.09
43 67 0.12
59 67 0.11
60 67 0.12
61 67 0.17
62 67 0.1
118 67 1.0E-4
2 68 0.32
68 5 1.0
6 68 0.53
68 19 1.0
20 68 0.5
23 68 0.63
32 68 0.39
33 68 0.32
34 68 0.1
35 68 0.14
38 68 0.27
39 68 0.2
40 68 0.29
51 68 0.63
59 68 0.39
60 68 0.21
62 68 0.34
63 68 0.47
64 68 0.39
66 68 0.41
118 68 5.0E-4
4 69 0.08
69 6 0.27
17 69 0.19
69 26 0.35
69 30 0.19
34 69 0.1
35 69 0.07
69 51 0.32
69 55 1.0
69 59 0.2
118 69 1.0E-4
14 70 0.29
17 70 0.27
26 70 0.5
30 70 0.27
34 70 0.07
35 70 0.1
38 70 0.19
40 70 0.2
56 70 0.58
60 70 0.15
64 70 0.28
118 70 2.0E-4
4 71 0.13
11 71 0.14
14 71 0.17
16 71 0.08
27 71 0.12
34 71 0.13
35 71 0.12
39 71 0.17
40 71 0.12
44 71 0.17
71 49 0.29
53 71 0.14
118 71 1.0E-4
72 2 0.5
4 72 0.19
72 7 0.13
72 8 0.25
9 72 0.13
72 13 0.05
14 72 0.31
72 15 0.38
72 16 0.03
17 72 0.17
72 18 0.22
72 20 0.39
72 22 0.15
26 72 0.22
72 27 0.09
30 72 0.29
72 31 0.54
72 32 0.48
72 33 0.45
34 72 0.34
35 72 0.33
72 36 0.15
38 72 0.08
72 39 0.31
40 72 0.18
41 72 0.1
44 72 0.26
72 45 0.39
72 48 0.15
72 49 0.33
72 52 0.13
72 53 0.26
72 54 0.21
72 56 0.25
72 57 0.25
59 72 0.24
60 72 0.51
61 72 0.04
62 72 0.42
72 63 0.15
72 64 0.54
72 65 0.39
72 66 0.31
72 70 0.22
72 71 0.13
118 72 4.0E-4
1 73 0.27
73 2 0.49
4 73 0.3
73 5 0.17
73 6 0.09
73 7 0.37
73 8 0.14
9 73 0.07
73 10 0.17
73 11 0.23
12 73 0.12
73 13 0.33
14 73 0.35
73 15 0.21
73 16 0.28
17 73 0.35
73 18 0.12
73 19 0.17
73 20 0.34
73 21 0.12
73 22 0.17
73 23 0.11
73 24 0.17
73 25 0.12
73 26 0.24
73 27 0.18
73 28 0.12
73 30 0.35
73 31 0.34
73 32 0.43
73 33 0.49
34 73 0.62
35 73 0.58
73 36 0.08
38 73 0.21
73 39 0.24
40 73 0.22
41 73 0.11
73 42 0.17
73 43 0.25
44 73 0.22
73 45 0.34
73 46 0.14
73 48 0.17
73 49 0.18
73 51 0.16
73 52 0.21
73 53 0.17
73 54 0.14
73 55 0.08
73 56 0.21
73 57 0.21
73 58 0.06
73 59 0.4
60 73 0.6
61 73 0.22
73 62 0.46
73 63 0.36
73 64 0.43
73 65 0.27
73 66 0.38
73 67 0.1
73 68 0.17
73 69 0.08
73 70 0.12
73 71 0.07
73 72 0.55
118 73 7.0E-4
2 74 0.41
4 74 0.05
74 5 0.63
6 74 0.34
17 74 0.24
74 19 0.63
20 74 0.32
23 74 0.4
31 74 0.16
32 74 0.37
33 74 0.51
34 74 0.16
35 74 0.23
38 74 0.17
39 74 0.13
40 74 0.18
51 74 0.4
59 74 0.5
60 74 0.33
62 74 0.43
63 74 0.45
64 74 0.37
66 74 0.65
74 68 0.63
72 74 0.1
73 74 0.21
118 74 2.0E-4
2 75 0.57
4 75 0.08
75 5 0.5
75 6 0.27
8 75 0.13
17 75 0.09
75 19 0.5
20 75 0.38
75 23 0.32
27 75 0.08
30 75 0.19
31 75 0.13
32 75 0.39
33 75 0.57
34 75 0.21
35 75 0.29
38 75 0.2
39 75 0.1
40 75 0.14
41 75 0.08
44 75 0.11
75 51 0.32
59 75 0.49
60 75 0.42
62 75 0.34
75 63 0.71
64 75 0.49
66 75 0.41
75 68 0.5
72 75 0.23
73 75 0.34
75 74 0.47
118 75 2.0E-4
1 76 0.25
4 76 0.04
7 76 0.07
76 10 0.33
76 11 0.16
12 76 0.34
13 76 0.15
16 76 0.23
76 23 0.15
27 76 0.07
30 76 0.09
34 76 0.22
35 76 0.17
76 37 0.33
40 76 0.14
43 76 0.4
46 76 0.19
76 50 0.33
76 51 0.15
60 76 0.1
61 76 0.07
67 76 0.14
73 76 0.16
118 76 1.0E-4
1 77 0.17
4 77 0.11
77 8 0.25
9 77 0.19
14 77 0.48
77 16 0.05
17 77 0.53
77 18 0.33
77 21 0.33
77 22 0.47
77 24 0.47
77 25 0.33
77 26 0.67
77 27 0.07
77 30 0.45
34 77 0.22
35 77 0.24
77 36 0.24
38 77 0.19
40 77 0.2
41 77 0.15
77 42 0.47
77 43 0.1
77 49 0.17
77 52 0.58
77 55 0.24
77 56 0.38
77 57 0.58
77 59 0.37
60 77 0.29
61 77 0.14
77 62 0.24
77 64 0.09
77 67 0.14
77 69 0.24
77 70 0.33
77 72 0.22
77 73 0.36
118 77 9.0E-4
78 8 0.38
9 78 0.58
14 78 0.29
17 78 0.27
78 18 1.0
78 22 0.71
34 78 0.07
35 78 0.1
41 78 0.23
78 52 0.58
78 56 0.58
78 57 0.58
59 78 0.28
62 78 0.24
72 78 0.22
73 78 0.12
77 78 0.33
118 78 2.0E-4
4 79 0.08
14 79 0.2
17 79 0.38
79 26 0.35
79 30 0.38
34 79 0.1
35 79 0.07
79 55 0.5
79 56 0.41
79 59 0.39
60 79 0.1
79 69 0.5
79 73 0.17
79 77 0.24
118 79 2.0E-4
4 80 0.08
14 80 0.2
17 80 0.38
80 26 0.35
80 30 0.38
34 80 0.1
35 80 0.07
80 55 0.5
80 56 0.41
80 59 0.39
60 80 0.1
80 69 0.5
80 73 0.17
80 77 0.24
80 79 1.0
118 80 2.0E-4
4 81 0.06
14 81 0.33
17 81 0.46
81 26 0.58
81 30 0.46
34 81 0.13
35 81 0.12
38 81 0.11
40 81 0.12
81 55 0.41
81 56 0.33
81 59 0.32
60 81 0.17
81 62 0.14
81 64 0.16
81 69 0.41
81 70 0.58
81 72 0.13
81 73 0.21
81 77 0.58
81 79 0.41
81 80 0.41
118 81 3.0E-4
4 82 0.05
14 82 0.43
17 82 0.53
82 26 0.5
82 30 0.53
34 82 0.15
35 82 0.15
38 82 0.1
40 82 0.1
82 55 0.35
82 56 0.58
82 59 0.42
60 82 0.22
82 62 0.12
82 64 0.14
82 69 0.35
82 70 0.5
82 72 0.11
82 73 0.24
82 77 0.5
82 79 0.71
82 80 0.71
82 81 0.87
118 82 3.0E-4
83 2 0.21
4 83 0.05
83 8 0.17
17 83 0.12
83 26 0.22
83 30 0.36
83 33 0.1
34 83 0.16
35 83 0.14
83 55 0.32
83 59 0.25
60 83 0.2
83 63 0.15
83 69 0.32
83 72 0.1
83 73 0.21
83 75 0.16
83 77 0.3
83 79 0.32
83 80 0.32
83 81 0.26
83 82 0.22
118 83 1.0E-4
1 84 0.25
4 84 0.11
14 84 0.29
16 84 0.14
17 84 0.27
84 21 1.0
84 22 0.71
84 25 1.0
34 84 0.07
35 84 0.1
41 84 0.23
43 84 0.3
59 84 0.28
60 84 0.15
62 84 0.24
84 67 0.41
73 84 0.12
77 84 0.33
118 84 3.0E-4
1 85 0.25
4 85 0.11
14 85 0.29
16 85 0.14
17 85 0.27
85 21 1.0
85 22 0.71
85 25 1.0
34 85 0.07
35 85 0.1
41 85 0.23
43 85 0.3
59 85 0.28
60 85 0.15
62 85 0.24
85 67 0.41
73 85 0.12
77 85 0.33
85 84 1.0
118 85 3.0E-4
86 11 0.24
12 86 0.26
16 86 0.14
30 86 0.27
34 86 0.07
86 37 1.0
43 86 0.3
46 86 0.58
86 50 1.0
86 76 0.33
118 86 3.0E-4
1 87 0.06
87 2 0.32
4 87 0.13
87 5 0.32
87 6 0.17
87 8 0.09
14 87 0.13
17 87 0.18
87 19 0.32
87 20 0.16
87 23 0.21
87 24 0.32
87 26 0.34
87 27 0.1
87 30 0.49
87 32 0.19
87 33 0.26
34 87 0.32
35 87 0.26
38 87 0.35
87 39 0.07
40 87 0.19
41 87 0.05
87 42 0.32
87 43 0.07
44 87 0.07
87 51 0.21
87 52 0.26
87 55 0.16
87 56 0.26
87 57 0.13
87 59 0.32
60 87 0.34
61 87 0.14
87 62 0.11
87 63 0.38
87 64 0.25
87 66 0.13
87 68 0.32
87 69 0.16
87 70 0.23
87 72 0.15
87 73 0.33
87 74 0.21
87 75 0.41
87 77 0.38
87 79 0.32
87 80 0.32
87 81 0.26
87 82 0.34
87 83 0.51
87 118 4.0E-4
1 88 0.04
88 2 0.72
4 88 0.16
88 5 0.23
88 6 0.12
7 88 0.37
88 8 0.19
88 10 0.03
88 11 0.12
13 88 0.04
14 88 0.09
16 88 0.2
17 88 0.22
88 19 0.23
88 20 0.46
88 23 0.15
88 27 0.39
30 88 0.13
88 31 0.46
88 32 0.59
88 33 0.72
34 88 0.45
35 88 0.55
38 88 0.13
88 39 0.19
40 88 0.1
41 88 0.04
88 43 0.1
44 88 0.1
88 45 0.46
88 48 0.23
88 51 0.15
59 88 0.32
60 88 0.56
61 88 0.03
62 88 0.56
88 63 0.49
88 64 0.55
88 65 0.29
88 66 0.57
88 67 0.07
88 68 0.23
72 88 0.39
73 88 0.57
88 74 0.37
88 75 0.46
88 76 0.05
83 88 0.15
87 88 0.23
118 88 2.0E-4
89 2 0.61
4 89 0.04
14 89 0.11
89 20 0.8
27 89 0.08
89 31 0.94
89 32 0.73
89 33 0.61
34 89 0.19
35 89 0.19
89 39 0.22
89 45 0.8
89 48 0.53
59 89 0.1
60 89 0.39
62 89 0.64
89 64 0.73
89 65 0.68
89 66 0.55
72 89 0.49
73 89 0.32
89 75 0.13
88 89 0.43
118 89 1.0E-4
90 11 0.24
12 90 0.26
16 90 0.14
30 90 0.27
34 90 0.07
90 37 1.0
43 90 0.3
46 90 0.58
90 50 1.0
90 76 0.33
90 86 1.0
118 90 3.0E-4
1 91 0.08
91 2 0.11
4 91 0.3
91 5 0.11
91 6 0.06
91 7 0.73
91 8 0.18
91 10 0.16
91 11 0.16
12 91 0.08
13 91 0.22
14 91 0.05
91 15 0.09
16 91 0.46
17 91 0.04
91 19 0.11
91 20 0.17
91 23 0.07
91 27 0.55
91 28 0.16
30 91 0.09
91 31 0.11
91 32 0.13
91 33 0.11
34 91 0.45
35 91 0.51
38 91 0.09
91 39 0.19
40 91 0.1
91 43 0.29
44 91 0.05
91 45 0.06
91 46 0.19
91 48 0.11
91 49 0.08
91 51 0.15
53 91 0.04
54 91 0.15
59 91 0.09
60 91 0.19
61 91 0.17
62 91 0.12
91 63 0.05
91 64 0.18
91 65 0.07
91 66 0.14
91 67 0.13
91 68 0.11
72 91 0.11
73 91 0.47
91 74 0.07
91 75 0.11
91 76 0.22
87 91 0.04
91 88 0.51
91 89 0.12
118 91 1.0E-4
92 2 0.09
4 92 0.04
92 11 0.1
12 92 0.11
14 92 0.24
17 92 0.22
92 26 0.41
92 30 0.22
92 33 0.09
34 92 0.18
35 92 0.08
38 92 0.16
40 92 0.08
41 92 0.09
92 55 0.29
92 56 0.24
92 59 0.23
60 92 0.12
61 92 0.08
92 62 0.1
92 63 0.14
92 64 0.11
92 69 0.29
92 70 0.41
92 72 0.18
92 73 0.15
92 77 0.27
92 79 0.29
92 80 0.29
92 81 0.47
92 82 0.41
92 83 0.18
92 87 0.19
92 88 0.07
92 118 2.0E-4
7 93 0.2
10 93 0.2
13 93 0.23
16 93 0.14
93 28 1.0
34 93 0.07
35 93 0.1
43 93 0.3
46 93 0.58
65 93 0.45
73 93 0.12
91 93 0.16
118 93 2.0E-4
2 94 0.32
94 5 1.0
6 94 0.53
94 19 1.0
20 94 0.5
23 94 0.63
32 94 0.39
33 94 0.32
34 94 0.1
35 94 0.14
38 94 0.27
39 94 0.2
40 94 0.29
51 94 0.63
59 94 0.39
60 94 0.21
62 94 0.34
63 94 0.47
64 94 0.39
66 94 0.41
94 68 1.0
73 94 0.17
74 94 0.63
75 94 0.5
87 94 0.32
88 94 0.23
91 94 0.11
118 94 5.0E-4
1 95 0.1
95 2 0.19
4 95 0.04
95 8 0.15
17 95 0.11
95 24 0.58
95 26 0.41
95 27 0.09
95 30 0.65
95 32 0.11
95 33 0.09
34 95 0.18
35 95 0.17
38 95 0.24
40 95 0.08
41 95 0.09
95 42 0.58
44 95 0.12
95 52 0.47
95 55 0.29
95 57 0.24
95 59 0.23
60 95 0.18
61 95 0.08
95 63 0.14
95 64 0.11
95 69 0.29
95 72 0.18
95 73 0.24
95 75 0.29
95 77 0.41
95 79 0.29
95 80 0.29
95 81 0.24
95 82 0.2
95 83 0.55
95 87 0.56
95 88 0.13
95 92 0.17
95 118 2.0E-4
96 1 0.2
96 2 0.37
96 4 0.12
96 5 0.38
96 6 0.4
96 9 0.31
96 10 0.16
96 11 0.06
96 12 0.14
96 13 0.06
96 14 0.23
96 16 0.04
96 17 0.21
96 19 0.38
96 20 0.38
96 23 0.36
96 27 0.06
96 31 0.19
96 32 0.3
96 33 0.43
96 34 0.28
96 35 0.24
96 38 0.21
96 39 0.08
96 40 0.16
96 41 0.18
96 43 0.08
96 44 0.08
96 45 0.09
96 48 0.19
96 51 0.36
96 55 0.19
96 59 0.3
96 60 0.39
96 61 0.11
96 62 0.45
96 63 0.36
96 64 0.37
96 66 0.46
96 67 0.11
96 68 0.38
96 69 0.19
96 72 0.12
96 73 0.26
96 74 0.48
96 75 0.38
96 87 0.12
96 88 0.31
96 89 0.2
96 91 0.17
96 92 0.11
96 94 0.38
96 118 2.0E-4
97 2 0.73
4 97 0.03
97 5 0.41
97 6 0.22
14 97 0.08
17 97 0.23
97 19 0.41
97 20 0.71
97 23 0.26
30 97 0.08
97 31 0.61
97 32 0.88
97 33 0.79
34 97 0.25
35 97 0.29
38 97 0.17
97 39 0.25
40 97 0.12
41 97 0.07
44 97 0.09
97 45 0.82
97 48 0.41
97 51 0.26
59 97 0.32
60 97 0.51
62 97 0.77
97 63 0.48
97 64 0.8
97 65 0.52
97 66 0.67
97 68 0.41
72 97 0.38
73 97 0.41
97 74 0.39
97 75 0.41
87 97 0.2
88 97 0.57
97 89 0.65
91 97 0.09
97 94 0.41
95 97 0.12
96 97 0.31
118 97 3.0E-4
98 2 0.51
14 98 0.13
98 20 0.63
98 31 0.79
98 32 0.62
98 33 0.51
34 98 0.16
35 98 0.14
98 39 0.13
98 45 0.79
98 48 0.63
60 98 0.33
62 98 0.54
98 64 0.62
98 65 0.6
98 66 0.52
72 98 0.39
73 98 0.27
88 98 0.37
98 89 0.85
91 98 0.07
96 98 0.12
98 97 0.65
118 98 1.0E-4
2 99 0.46
99 5 0.71
99 6 0.38
17 99 0.13
99 19 0.71
20 99 0.35
99 23 0.45
31 99 0.18
32 99 0.55
33 99 0.46
34 99 0.15
35 99 0.2
38 99 0.19
39 99 0.14
40 99 0.2
45 99 0.18
99 51 0.45
59 99 0.55
60 99 0.29
62 99 0.36
99 63 0.5
64 99 0.28
66 99 0.43
99 68 0.71
72 99 0.11
73 99 0.24
99 74 0.67
75 99 0.35
87 99 0.23
88 99 0.33
91 99 0.08
99 94 0.71
96 99 0.27
97 99 0.43
118 99 3.0E-4
2 100 0.51
100 5 0.63
100 6 0.34
14 100 0.13
17 100 0.24
100 19 0.63
20 100 0.32
100 23 0.4
32 100 0.5
33 100 0.51
34 100 0.16
35 100 0.18
38 100 0.17
39 100 0.13
40 100 0.18
45 100 0.32
100 51 0.4
59 100 0.37
60 100 0.33
62 100 0.54
100 63 0.6
64 100 0.25
66 100 0.39
100 68 0.63
72 100 0.1
73 100 0.27
100 74 0.4
75 100 0.32
87 100 0.21
88 100 0.37
91 100 0.07
92 100 0.18
100 94 0.63
96 100 0.36
97 100 0.52
100 99 0.67
118 100 2.0E-4
2 101 0.26
101 3 0.27
4 101 0.17
7 101 0.08
14 101 0.11
16 101 0.1
20 101 0.4
27 101 0.16
101 29 0.38
30 101 0.1
31 101 0.4
32 101 0.31
33 101 0.26
34 101 0.19
35 101 0.23
39 101 0.11
40 101 0.08
41 101 0.26
44 101 0.34
45 101 0.4
101 47 0.38
101 48 0.27
101 49 0.19
101 58 0.19
60 101 0.39
62 101 0.28
64 101 0.42
65 101 0.17
101 66 0.33
72 101 0.25
73 101 0.18
88 101 0.25
89 101 0.43
91 101 0.12
96 101 0.1
97 101 0.33
98 101 0.51
118 101 5.0E-4
14 102 0.29
17 102 0.27
26 102 0.5
30 102 0.27
34 102 0.07
35 102 0.1
38 102 0.19
40 102 0.2
56 102 0.58
60 102 0.15
64 102 0.28
102 70 1.0
72 102 0.22
73 102 0.12
77 102 0.33
81 102 0.58
82 102 0.5
87 102 0.23
92 102 0.41
118 102 2.0E-4
103 1 0.1
103 3 0.29
103 4 0.27
103 7 0.17
103 9 0.24
103 10 0.08
103 12 0.11
103 14 0.12
103 16 0.06
103 17 0.11
103 27 0.09
103 34 0.18
103 35 0.21
103 38 0.16
103 39 0.24
103 40 0.17
103 41 0.28
103 44 0.37
103 47 0.41
103 49 0.2
103 53 0.1
103 54 0.19
103 58 0.2
103 60 0.24
103 61 0.17
103 67 0.17
103 73 0.05
103 88 0.07
103 91 0.13
103 96 0.11
103 101 0.31
103 118 2.0E-4
24 104 0.71
30 104 0.27
34 104 0.07
35 104 0.1
38 104 0.19
42 104 0.71
52 104 0.58
61 104 0.2
73 104 0.12
77 104 0.33
87 104 0.23
95 104 0.41
118 104 2.0E-4
4 105 0.11
34 105 0.07
35 105 0.1
39 105 0.29
44 105 0.3
105 49 0.5
53 105 0.24
71 105 0.58
72 105 0.22
73 105 0.12
118 105 1.0E-4
4 106 0.22
106 8 0.31
9 106 0.24
14 106 0.24
17 106 0.22
106 18 0.41
106 22 0.29
26 106 0.2
27 106 0.09
34 106 0.18
35 106 0.04
106 36 0.29
38 106 0.24
40 106 0.08
41 106 0.19
106 49 0.2
106 52 0.24
106 56 0.24
106 57 0.47
59 106 0.11
60 106 0.06
61 106 0.17
62 106 0.1
72 106 0.18
73 106 0.1
77 106 0.27
106 78 0.41
87 106 0.28
118 106 1.0E-4
4 107 0.11
34 107 0.07
54 107 0.24
60 107 0.15
61 107 0.2
118 107 1.0E-4
108 1 0.13
108 2 0.06
108 4 0.25
108 5 0.18
108 6 0.28
108 8 0.19
108 9 0.29
108 10 0.1
108 12 0.06
108 14 0.29
108 16 0.07
108 17 0.33
108 18 0.25
108 19 0.18
108 20 0.09
108 21 0.25
108 22 0.35
108 23 0.22
108 25 0.25
108 26 0.13
108 30 0.07
108 32 0.07
108 33 0.06
108 34 0.29
108 35 0.28
108 36 0.35
108 38 0.14
108 39 0.14
108 40 0.26
108 41 0.23
108 43 0.15
108 44 0.23
108 49 0.25
108 51 0.22
108 52 0.14
108 53 0.3
108 54 0.12
108 55 0.18
108 56 0.14
108 57 0.29
108 58 0.25
108 59 0.21
108 60 0.26
108 61 0.15
108 62 0.18
108 63 0.08
108 64 0.07
108 66 0.07
108 67 0.1
108 68 0.18
108 69 0.18
108 71 0.14
108 72 0.22
108 73 0.18
108 74 0.11
108 75 0.09
108 76 0.08
108 77 0.25
108 78 0.25
108 83 0.11
108 84 0.25
108 85 0.25
108 87 0.11
108 88 0.04
108 94 0.18
108 95 0.1
108 96 0.27
108 97 0.07
108 99 0.13
108 100 0.11
108 103 0.1
108 105 0.25
108 106 0.2
108 118 5.0E-4
4 109 0.11
109 15 0.58
34 109 0.07
35 109 0.1
40 109 0.2
44 109 0.3
53 109 0.24
54 109 0.24
60 109 0.15
72 109 0.22
73 109 0.12
118 109 1.0E-4
1 110 0.14
110 2 0.33
4 110 0.06
110 8 0.22
9 110 0.17
14 110 0.33
16 110 0.04
17 110 0.23
110 18 0.29
110 20 0.41
110 21 0.29
110 22 0.41
110 24 0.41
110 25 0.29
26 110 0.29
27 110 0.06
30 110 0.23
110 31 0.51
110 32 0.4
110 33 0.33
34 110 0.25
35 110 0.23
110 36 0.2
38 110 0.11
110 39 0.08
40 110 0.12
41 110 0.13
110 42 0.41
43 110 0.09
110 45 0.51
110 48 0.41
110 49 0.14
110 52 0.5
110 56 0.17
110 57 0.5
59 110 0.16
60 110 0.38
61 110 0.12
62 110 0.49
110 64 0.4
110 65 0.39
110 66 0.33
110 67 0.12
72 110 0.38
73 110 0.38
77 110 0.58
110 78 0.29
83 110 0.26
110 84 0.29
110 85 0.29
87 110 0.26
88 110 0.24
110 89 0.55
91 110 0.05
95 110 0.35
96 110 0.08
110 97 0.42
110 98 0.52
110 101 0.33
110 104 0.29
110 106 0.24
108 110 0.29
118 110 5.0E-4
111 11 0.24
12 111 0.26
16 111 0.14
30 111 0.27
34 111 0.07
111 37 1.0
43 111 0.3
46 111 0.58
111 50 1.0
111 76 0.33
111 86 1.0
111 90 1.0
118 111 3.0E-4
4 112 0.16
34 112 0.1
38 112 0.14
54 112 0.17
58 112 0.35
60 112 0.21
61 112 0.29
73 112 0.08
112 107 0.71
118 112 1.0E-4
1 113 0.08
113 2 0.15
4 113 0.07
113 5 0.47
113 6 0.5
113 8 0.13
9 113 0.19
113 10 0.07
14 113 0.38
113 16 0.05
17 113 0.45
113 18 0.33
113 19 0.47
113 20 0.24
113 21 0.33
113 22 0.47
113 23 0.45
113 25 0.33
113 26 0.33
113 30 0.27
113 32 0.18
113 33 0.15
34 113 0.22
35 113 0.27
38 113 0.26
113 39 0.1
40 113 0.2
41 113 0.23
113 43 0.2
113 51 0.6
113 52 0.19
113 55 0.47
113 56 0.58
113 57 0.19
113 59 0.55
60 113 0.25
113 62 0.32
113 63 0.22
113 64 0.28
113 66 0.19
113 67 0.14
113 68 0.47
113 69 0.47
113 70 0.33
113 72 0.15
113 73 0.28
113 74 0.3
113 75 0.24
113 77 0.44
113 78 0.33
113 79 0.47
113 80 0.47
113 81 0.38
113 82 0.5
113 83 0.15
113 84 0.33
113 85 0.33
113 87 0.38
113 88 0.11
113 91 0.05
113 92 0.27
113 94 0.47
113 95 0.14
96 113 0.27
113 97 0.19
113 99 0.33
113 100 0.3
113 102 0.33
113 106 0.14
108 113 0.33
113 110 0.19
113 118 0.0011
114 3 0.24
4 114 0.26
6 114 0.13
7 114 0.07
10 114 0.07
11 114 0.16
12 114 0.09
16 114 0.23
27 114 0.21
114 29 0.33
34 114 0.22
35 114 0.17
38 114 0.06
39 114 0.1
41 114 0.31
44 114 0.4
114 47 0.33
114 49 0.17
114 58 0.17
60 114 0.15
61 114 0.07
73 114 0.04
87 114 0.08
88 114 0.05
91 114 0.05
101 114 0.38
103 114 0.27
106 114 0.14
118 114 3.0E-4
4 115 0.11
34 115 0.07
35 115 0.1
39 115 0.29
41 115 0.23
44 115 0.3
115 47 1.0
49 115 0.5
58 115 0.5
60 115 0.15
101 115 0.38
103 115 0.41
114 115 0.33
118 115 2.0E-4
1 116 0.14
116 11 0.28
12 116 0.3
16 116 0.08
116 24 0.41
26 116 0.29
27 116 0.12
30 116 0.31
34 116 0.13
35 116 0.06
116 37 0.58
38 116 0.11
40 116 0.12
116 42 0.41
43 116 0.17
46 116 0.33
116 50 0.58
52 116 0.33
57 116 0.33
60 116 0.09
73 116 0.07
116 76 0.19
77 116 0.19
116 86 0.58
87 116 0.13
116 90 0.58
92 116 0.24
95 116 0.24
110 116 0.17
116 111 0.58
118 116 2.0E-4
4 117 0.09
7 117 0.17
117 10 0.16
12 117 0.11
13 117 0.19
16 117 0.28
117 28 0.41
30 117 0.11
34 117 0.18
35 117 0.17
38 117 0.08
43 117 0.12
46 117 0.24
53 117 0.1
117 65 0.18
117 67 0.17
73 117 0.1
91 117 0.13
117 93 0.41
118 117 1.0E-4
