*Vertices  63
1 "LCD显示屏"
2 "衬底"
3 "LED灯"
4 "滤波片"
5 "光纤"
6 "荧光粉"
7 "发光荧光材料"
8 "III-V族半导体材料"
9 "GAN"
10 "次氯酸钠溶液"
11 "PD"
12 "蒸镀方法"
13 "EP"
14 "LED外延片"
15 "外延片"
16 "外延"
17 "LED"
18 "二极管"
19 "玻璃"
20 "通道"
21 "LED光源"
22 "塑料"
23 "腐蚀液"
24 "铝基板"
25 "缓冲层"
26 "内量子效率"
27 "滤光片"
28 "光刻胶"
29 "填充区域"
30 "SiO2"
31 "半导体"
32 "Al2O3"
33 "GaAs"
34 "MQW"
35 "ESD"
36 "ITO"
37 "键合"
38 "光子晶体"
39 "太阳能"
40 "LED芯片"
41 "芯片"
42 "金属层"
43 "电流扩展层"
44 "Li"
45 "离子"
46 "电极"
47 "接触层"
48 "电阻"
49 "光子晶体谐振腔"
50 "丙酮"
51 "激光"
52 "标准芯片工艺制作"
53 "湿法刻蚀"
54 "干法刻蚀"
55 "空穴"
56 "屏幕"
57 "透镜"
58 "反射层"
59 "发光层"
60 "甲基"
61 "激发光"
62 "电流阻挡层"
63 "MOCVD"
*Arcs
63 1 1.0E-4
2 1 0.08
63 2 0.0035
3 1 0.04
3 2 0.03
3 63 0.0
2 4 0.32
63 4 0.0011
2 5 0.17
5 4 0.53
63 5 4.0E-4
6 2 0.13
6 3 0.13
6 63 1.0E-4
7 2 0.18
7 3 0.21
7 6 0.54
7 63 3.0E-4
2 8 0.32
8 4 1.0
5 8 0.53
63 8 0.0011
9 1 0.12
9 2 0.65
3 9 0.04
9 4 0.5
9 5 0.27
6 9 0.1
9 8 0.5
63 9 0.0029
2 10 0.32
63 10 2.0E-4
2 11 0.21
11 4 0.63
11 5 0.68
11 8 0.63
9 11 0.32
63 11 5.0E-4
2 12 0.32
7 12 0.38
63 12 7.0E-4
13 2 0.12
3 13 0.12
6 13 0.39
7 13 0.29
13 10 0.19
13 63 1.0E-4
14 1 0.12
14 2 0.65
3 14 0.04
6 14 0.1
14 9 0.75
63 14 0.0022
15 1 0.09
15 2 0.83
3 15 0.03
15 4 0.39
15 5 0.21
6 15 0.08
7 15 0.15
15 8 0.39
15 9 0.78
15 10 0.2
15 11 0.25
15 12 0.39
13 15 0.07
15 14 0.78
63 15 0.0044
16 1 0.08
16 2 0.95
3 16 0.05
16 4 0.32
16 5 0.17
6 16 0.13
7 16 0.25
16 8 0.32
16 9 0.65
16 10 0.32
16 11 0.21
16 12 0.32
13 16 0.06
16 14 0.65
16 15 0.83
63 16 0.0039
17 1 0.22
17 2 0.32
17 3 0.67
17 4 0.1
17 5 0.19
17 6 0.25
17 7 0.28
17 8 0.1
17 9 0.21
17 10 0.1
17 11 0.16
17 12 0.1
17 13 0.28
17 14 0.21
17 15 0.27
17 16 0.32
17 63 6.0E-4
18 1 0.14
18 2 0.37
18 3 0.32
18 4 0.14
18 5 0.23
18 6 0.23
18 7 0.33
18 8 0.14
18 9 0.25
18 10 0.14
18 11 0.18
18 12 0.14
18 13 0.22
18 14 0.22
18 15 0.31
18 16 0.37
18 17 0.72
18 63 7.0E-4
19 2 0.13
19 3 0.27
19 4 0.27
19 5 0.29
19 6 0.11
19 7 0.1
19 8 0.27
19 9 0.14
19 10 0.14
19 11 0.34
19 13 0.21
19 15 0.16
19 16 0.13
19 17 0.38
19 18 0.27
19 63 2.0E-4
20 2 0.2
3 20 0.22
20 4 0.2
20 5 0.11
20 8 0.2
20 9 0.31
20 11 0.13
20 14 0.2
20 15 0.24
20 16 0.2
17 20 0.25
18 20 0.23
19 20 0.11
63 20 4.0E-4
21 1 0.07
21 2 0.09
21 3 0.36
21 4 0.29
21 5 0.15
21 6 0.24
21 7 0.16
21 8 0.29
21 9 0.14
21 11 0.18
21 13 0.22
21 15 0.11
21 16 0.09
21 17 0.36
21 18 0.29
21 19 0.24
21 20 0.18
21 63 1.0E-4
22 2 0.05
22 3 0.28
22 5 0.17
22 6 0.2
22 7 0.18
22 10 0.16
22 11 0.21
22 13 0.06
22 15 0.06
22 16 0.05
22 17 0.32
22 18 0.28
22 19 0.35
22 20 0.13
22 21 0.14
22 63 1.0E-4
2 23 0.56
3 23 0.04
9 23 0.14
23 10 0.58
13 23 0.22
14 23 0.29
15 23 0.34
16 23 0.47
17 23 0.18
18 23 0.25
19 23 0.08
22 23 0.09
63 23 2.0E-4
24 2 0.07
24 3 0.3
24 6 0.17
24 7 0.08
24 10 0.21
24 13 0.16
24 15 0.08
24 16 0.07
24 17 0.24
24 18 0.24
24 19 0.12
24 20 0.26
24 21 0.18
24 22 0.35
24 23 0.12
24 63 1.0E-4
25 1 0.12
25 2 0.65
6 25 0.1
7 25 0.19
25 9 0.63
25 12 0.5
25 14 0.75
25 15 0.78
25 16 0.65
17 25 0.21
18 25 0.22
25 20 0.2
63 25 0.0033
2 26 0.32
6 26 0.2
9 26 0.25
14 26 0.5
15 26 0.39
16 26 0.32
17 26 0.1
18 26 0.07
25 26 0.5
63 26 8.0E-4
1 27 0.15
2 27 0.21
27 4 0.63
27 5 0.68
27 8 0.63
9 27 0.32
27 11 0.6
15 27 0.25
16 27 0.21
17 27 0.16
18 27 0.23
19 27 0.26
20 27 0.13
21 27 0.27
22 27 0.1
63 27 5.0E-4
2 28 0.46
3 28 0.05
9 28 0.18
28 10 0.35
13 28 0.13
14 28 0.35
15 28 0.42
16 28 0.46
17 28 0.15
18 28 0.2
19 28 0.1
22 28 0.11
23 28 0.82
24 28 0.15
63 28 2.0E-4
2 29 0.23
10 29 0.71
13 29 0.27
15 29 0.28
16 29 0.23
17 29 0.07
18 29 0.1
19 29 0.19
22 29 0.23
23 29 0.41
24 29 0.3
28 29 0.5
63 29 3.0E-4
30 2 0.38
3 30 0.12
30 4 0.39
30 5 0.21
6 30 0.32
7 30 0.52
30 8 0.39
30 9 0.29
30 11 0.25
30 12 0.2
30 13 0.3
30 14 0.2
30 15 0.38
30 16 0.38
17 30 0.27
18 30 0.31
19 30 0.16
30 20 0.08
21 30 0.11
22 30 0.19
30 23 0.34
30 25 0.1
30 27 0.25
30 28 0.28
30 63 8.0E-4
31 1 0.05
31 2 0.64
31 3 0.29
31 4 0.21
31 5 0.17
31 6 0.34
31 7 0.43
31 8 0.21
31 9 0.42
31 10 0.21
31 11 0.2
31 12 0.21
31 13 0.28
31 14 0.42
31 15 0.53
31 16 0.64
31 17 0.5
31 18 0.55
31 19 0.23
31 20 0.17
31 21 0.3
31 22 0.24
31 23 0.36
31 24 0.27
31 25 0.42
31 26 0.21
31 27 0.13
31 28 0.29
31 29 0.15
31 30 0.41
31 63 0.0019
32 1 0.08
32 2 0.72
3 32 0.08
32 4 0.34
32 5 0.18
6 32 0.35
7 32 0.45
32 8 0.34
32 9 0.69
32 11 0.22
32 12 0.34
13 32 0.06
32 14 0.6
32 15 0.74
32 16 0.78
17 32 0.3
18 32 0.34
19 32 0.09
32 20 0.21
21 32 0.1
22 32 0.11
32 23 0.1
32 25 0.69
32 26 0.34
32 27 0.22
32 28 0.12
30 32 0.54
31 32 0.57
32 63 0.0035
2 33 0.61
3 33 0.04
33 4 0.47
33 5 0.25
6 33 0.1
7 33 0.18
33 8 0.47
9 33 0.24
33 10 0.47
33 11 0.3
33 12 0.24
13 33 0.09
15 33 0.37
16 33 0.69
17 33 0.22
18 33 0.27
19 33 0.19
20 33 0.1
21 33 0.14
22 33 0.08
23 33 0.41
24 33 0.1
25 33 0.12
33 27 0.3
33 28 0.33
33 29 0.33
30 33 0.37
31 33 0.44
32 33 0.4
63 33 0.0015
34 1 0.09
34 2 0.64
3 34 0.09
34 4 0.39
34 5 0.21
6 34 0.16
7 34 0.15
34 8 0.39
34 9 0.78
34 10 0.2
34 11 0.25
13 34 0.22
34 14 0.69
34 15 0.77
34 16 0.7
17 34 0.27
18 34 0.31
19 34 0.21
34 20 0.24
21 34 0.23
22 34 0.06
34 23 0.23
24 34 0.08
34 25 0.59
34 26 0.39
34 27 0.25
34 28 0.28
34 29 0.28
30 34 0.31
31 34 0.53
32 34 0.67
34 33 0.37
63 34 0.0035
35 2 0.41
35 9 0.47
35 14 0.63
35 15 0.5
35 16 0.41
17 35 0.16
18 35 0.14
35 20 0.26
35 25 0.63
35 26 0.32
31 35 0.26
32 35 0.43
35 34 0.5
63 35 0.0013
36 1 0.19
2 36 0.66
3 36 0.06
36 4 0.41
36 5 0.22
6 36 0.08
7 36 0.23
36 8 0.41
9 36 0.61
36 11 0.26
36 12 0.2
14 36 0.61
15 36 0.72
16 36 0.73
17 36 0.25
18 36 0.26
19 36 0.11
20 36 0.08
21 36 0.12
36 23 0.24
25 36 0.51
36 26 0.41
36 27 0.26
36 28 0.29
30 36 0.4
31 36 0.47
32 36 0.7
36 33 0.29
34 36 0.64
35 36 0.26
63 36 0.0027
2 37 0.26
3 37 0.04
37 5 0.14
6 37 0.22
7 37 0.2
37 10 0.27
37 11 0.17
37 12 0.27
13 37 0.1
15 37 0.1
16 37 0.35
17 37 0.19
18 37 0.19
19 37 0.07
22 37 0.09
37 23 0.15
24 37 0.11
25 37 0.13
37 27 0.17
30 37 0.21
31 37 0.28
32 37 0.28
37 33 0.5
34 37 0.1
36 37 0.11
63 37 3.0E-4
2 38 0.32
38 4 1.0
5 38 0.53
38 8 1.0
9 38 0.5
11 38 0.63
15 38 0.39
16 38 0.32
17 38 0.1
18 38 0.14
19 38 0.27
20 38 0.2
21 38 0.29
27 38 0.63
30 38 0.39
31 38 0.21
32 38 0.34
33 38 0.47
34 38 0.39
36 38 0.41
63 38 0.0011
2 39 0.07
3 39 0.14
5 39 0.12
6 39 0.09
9 39 0.11
14 39 0.11
15 39 0.09
16 39 0.07
17 39 0.23
18 39 0.13
19 39 0.12
20 39 0.09
25 39 0.11
31 39 0.05
32 39 0.08
34 39 0.09
35 39 0.14
63 39 0.0
40 1 0.07
40 2 0.5
3 40 0.19
6 40 0.31
7 40 0.17
40 9 0.39
40 10 0.15
13 40 0.29
40 14 0.54
40 15 0.48
40 16 0.45
17 40 0.34
18 40 0.33
19 40 0.08
40 20 0.31
21 40 0.18
22 40 0.1
40 23 0.36
24 40 0.26
40 25 0.39
40 26 0.15
40 28 0.33
40 29 0.22
30 40 0.24
31 40 0.51
32 40 0.42
40 33 0.15
40 34 0.54
40 35 0.39
40 36 0.31
40 37 0.25
40 39 0.07
40 63 0.0010
41 1 0.24
41 2 0.49
3 41 0.3
41 4 0.17
41 5 0.09
6 41 0.35
7 41 0.35
41 8 0.17
41 9 0.34
41 10 0.17
41 11 0.11
41 12 0.17
41 13 0.35
41 14 0.34
41 15 0.43
41 16 0.49
17 41 0.62
18 41 0.58
19 41 0.21
41 20 0.24
21 41 0.22
22 41 0.11
41 23 0.29
24 41 0.22
41 25 0.34
41 26 0.17
41 27 0.16
41 28 0.24
41 29 0.12
41 30 0.4
31 41 0.6
41 32 0.46
41 33 0.36
41 34 0.43
41 35 0.27
41 36 0.38
41 37 0.27
41 38 0.17
41 39 0.08
41 40 0.55
41 63 0.0013
2 42 0.41
3 42 0.05
42 4 0.63
5 42 0.34
7 42 0.24
42 8 0.63
9 42 0.32
11 42 0.4
14 42 0.16
15 42 0.37
16 42 0.51
17 42 0.16
18 42 0.23
19 42 0.17
20 42 0.13
21 42 0.18
23 42 0.18
27 42 0.4
28 42 0.22
30 42 0.5
31 42 0.33
32 42 0.43
33 42 0.45
34 42 0.37
36 42 0.65
37 42 0.17
42 38 0.63
40 42 0.1
41 42 0.21
63 42 0.0010
2 43 0.57
3 43 0.08
43 4 0.5
43 5 0.27
7 43 0.09
43 8 0.5
9 43 0.38
43 10 0.5
43 11 0.32
13 43 0.19
14 43 0.13
15 43 0.39
16 43 0.57
17 43 0.21
18 43 0.29
19 43 0.2
20 43 0.1
21 43 0.14
22 43 0.08
43 23 0.58
24 43 0.11
43 27 0.32
43 28 0.35
43 29 0.35
30 43 0.49
31 43 0.42
32 43 0.34
43 33 0.71
34 43 0.49
36 43 0.41
37 43 0.27
43 38 0.5
40 43 0.23
41 43 0.34
43 42 0.47
63 43 0.0012
44 2 0.16
3 44 0.26
44 4 0.33
44 5 0.18
6 44 0.27
7 44 0.31
44 8 0.33
44 9 0.25
44 11 0.21
44 13 0.25
44 14 0.08
44 15 0.2
44 16 0.16
17 44 0.31
18 44 0.36
19 44 0.23
44 20 0.2
21 44 0.24
22 44 0.27
24 44 0.36
44 25 0.08
44 26 0.17
44 27 0.21
44 30 0.33
31 44 0.38
44 32 0.29
44 33 0.16
44 34 0.26
44 35 0.11
44 36 0.2
44 38 0.33
44 40 0.21
44 41 0.31
44 42 0.21
44 43 0.17
44 63 4.0E-4
45 1 0.15
45 2 0.32
3 45 0.13
45 4 0.32
45 5 0.17
6 45 0.13
7 45 0.18
45 8 0.32
45 9 0.16
45 10 0.32
45 11 0.21
45 13 0.49
45 15 0.19
45 16 0.26
17 45 0.32
18 45 0.26
19 45 0.35
45 20 0.07
21 45 0.19
22 45 0.05
45 23 0.37
24 45 0.07
45 27 0.21
45 28 0.23
45 29 0.23
45 30 0.32
31 45 0.34
45 32 0.11
45 33 0.38
45 34 0.25
45 36 0.13
45 37 0.09
45 38 0.32
45 40 0.15
45 41 0.33
45 42 0.21
45 43 0.41
45 44 0.27
45 63 4.0E-4
46 1 0.11
46 2 0.72
3 46 0.16
46 4 0.23
46 5 0.12
6 46 0.09
7 46 0.22
46 8 0.23
46 9 0.46
46 10 0.23
46 11 0.15
46 12 0.23
13 46 0.13
46 14 0.46
46 15 0.59
46 16 0.72
17 46 0.45
18 46 0.55
19 46 0.13
46 20 0.19
21 46 0.1
22 46 0.04
46 23 0.4
24 46 0.1
46 25 0.46
46 26 0.23
46 27 0.15
46 28 0.33
46 29 0.16
30 46 0.32
31 46 0.56
32 46 0.56
46 33 0.49
46 34 0.55
46 35 0.29
46 36 0.57
46 37 0.25
46 38 0.23
46 39 0.05
40 46 0.39
41 46 0.57
46 42 0.37
46 43 0.46
44 46 0.12
45 46 0.23
46 63 0.0021
47 1 0.13
47 2 0.61
3 47 0.04
6 47 0.11
47 9 0.8
47 14 0.94
47 15 0.73
47 16 0.61
17 47 0.19
18 47 0.19
47 20 0.22
47 23 0.15
47 25 0.8
47 26 0.53
47 28 0.19
30 47 0.1
31 47 0.39
32 47 0.64
47 34 0.73
47 35 0.68
47 36 0.55
47 39 0.12
40 47 0.49
41 47 0.32
47 43 0.13
44 47 0.09
46 47 0.43
63 47 0.0023
48 1 0.16
48 2 0.11
3 48 0.3
48 4 0.11
48 5 0.06
6 48 0.05
7 48 0.04
48 8 0.11
48 9 0.17
48 11 0.07
13 48 0.09
48 14 0.11
48 15 0.13
48 16 0.11
17 48 0.45
18 48 0.51
19 48 0.09
48 20 0.19
21 48 0.1
48 23 0.07
24 48 0.05
48 25 0.06
48 26 0.11
48 27 0.15
48 28 0.08
30 48 0.09
31 48 0.19
32 48 0.12
48 33 0.05
48 34 0.18
48 35 0.07
48 36 0.14
48 38 0.11
48 39 0.05
40 48 0.11
41 48 0.47
48 42 0.07
48 43 0.11
44 48 0.11
45 48 0.04
48 46 0.51
48 47 0.12
48 63 1.0E-4
2 49 0.32
49 4 1.0
5 49 0.53
49 8 1.0
9 49 0.5
11 49 0.63
15 49 0.39
16 49 0.32
17 49 0.1
18 49 0.14
19 49 0.27
20 49 0.2
21 49 0.29
27 49 0.63
30 49 0.39
31 49 0.21
32 49 0.34
33 49 0.47
34 49 0.39
36 49 0.41
49 38 1.0
41 49 0.17
42 49 0.63
43 49 0.5
44 49 0.33
45 49 0.32
46 49 0.23
48 49 0.11
63 49 0.0011
50 2 0.19
3 50 0.04
7 50 0.11
50 10 0.29
50 13 0.65
50 15 0.11
50 16 0.09
17 50 0.18
18 50 0.17
19 50 0.24
21 50 0.08
22 50 0.09
50 23 0.33
24 50 0.12
50 28 0.2
50 29 0.41
50 30 0.23
31 50 0.18
50 33 0.14
50 34 0.11
50 40 0.18
50 41 0.24
50 43 0.29
50 44 0.19
50 45 0.56
50 46 0.13
50 63 1.0E-4
51 1 0.09
51 2 0.37
51 3 0.12
51 4 0.38
51 5 0.4
51 6 0.23
51 7 0.21
51 8 0.38
51 9 0.38
51 11 0.36
51 14 0.19
51 15 0.3
51 16 0.43
51 17 0.28
51 18 0.24
51 19 0.21
51 20 0.08
51 21 0.16
51 22 0.18
51 23 0.11
51 24 0.08
51 25 0.09
51 26 0.19
51 27 0.36
51 28 0.13
51 30 0.3
51 31 0.39
51 32 0.45
51 33 0.36
51 34 0.37
51 36 0.46
51 37 0.2
51 38 0.38
51 40 0.12
51 41 0.26
51 42 0.48
51 43 0.38
51 44 0.19
51 45 0.12
51 46 0.31
51 47 0.2
51 48 0.17
51 49 0.38
51 63 7.0E-4
52 1 0.15
52 2 0.51
6 52 0.13
52 9 0.63
52 14 0.79
52 15 0.62
52 16 0.51
17 52 0.16
18 52 0.14
52 20 0.13
52 25 0.79
52 26 0.63
31 52 0.33
32 52 0.54
52 34 0.62
52 35 0.6
52 36 0.52
40 52 0.39
41 52 0.27
44 52 0.11
46 52 0.37
52 47 0.85
48 52 0.07
51 52 0.12
52 63 0.0021
2 53 0.46
53 4 0.71
53 5 0.38
7 53 0.13
53 8 0.71
9 53 0.35
53 11 0.45
53 12 0.35
14 53 0.18
15 53 0.55
16 53 0.46
17 53 0.15
18 53 0.2
19 53 0.19
20 53 0.14
21 53 0.2
23 53 0.2
25 53 0.18
53 27 0.45
53 28 0.25
30 53 0.55
31 53 0.29
32 53 0.36
53 33 0.5
34 53 0.28
36 53 0.43
37 53 0.19
53 38 0.71
40 53 0.11
41 53 0.24
53 42 0.67
43 53 0.35
44 53 0.24
45 53 0.23
46 53 0.33
48 53 0.08
53 49 0.71
51 53 0.27
63 53 0.0013
2 54 0.51
54 4 0.63
54 5 0.34
6 54 0.13
7 54 0.24
54 8 0.63
9 54 0.32
54 11 0.4
54 12 0.63
15 54 0.5
16 54 0.51
17 54 0.16
18 54 0.18
19 54 0.17
20 54 0.13
21 54 0.18
25 54 0.32
54 27 0.4
30 54 0.37
31 54 0.33
32 54 0.54
54 33 0.6
34 54 0.25
36 54 0.39
37 54 0.34
54 38 0.63
40 54 0.1
41 54 0.27
54 42 0.4
43 54 0.32
44 54 0.21
45 54 0.21
46 54 0.37
48 54 0.07
54 49 0.63
51 54 0.36
54 53 0.67
63 54 0.0016
55 1 0.13
2 55 0.26
3 55 0.17
6 55 0.11
9 55 0.4
13 55 0.1
14 55 0.4
15 55 0.31
16 55 0.26
17 55 0.19
18 55 0.23
20 55 0.11
21 55 0.08
22 55 0.26
24 55 0.34
25 55 0.4
55 26 0.27
31 55 0.39
32 55 0.28
34 55 0.42
35 55 0.17
55 36 0.33
40 55 0.25
41 55 0.18
44 55 0.36
46 55 0.25
47 55 0.43
48 55 0.12
51 55 0.1
52 55 0.51
63 55 6.0E-4
1 56 0.17
2 56 0.36
3 56 0.06
7 56 0.14
9 56 0.18
56 10 0.18
56 12 0.37
13 56 0.07
14 56 0.27
15 56 0.43
16 56 0.36
17 56 0.28
18 56 0.18
19 56 0.15
20 56 0.07
22 56 0.18
23 56 0.21
24 56 0.08
25 56 0.37
56 28 0.26
56 29 0.26
30 56 0.21
31 56 0.27
32 56 0.25
56 33 0.17
34 56 0.21
35 56 0.23
36 56 0.22
37 56 0.1
56 39 0.08
40 56 0.23
41 56 0.25
56 42 0.12
43 56 0.09
45 56 0.12
46 56 0.3
47 56 0.2
48 56 0.04
50 56 0.11
51 56 0.14
52 56 0.12
56 53 0.26
56 54 0.23
55 56 0.1
63 56 8.0E-4
57 2 0.06
57 3 0.25
57 4 0.18
57 5 0.28
57 6 0.29
57 7 0.33
57 8 0.18
57 9 0.09
57 11 0.22
57 13 0.07
57 15 0.07
57 16 0.06
57 17 0.29
57 18 0.28
57 19 0.14
57 20 0.14
57 21 0.26
57 22 0.23
57 24 0.23
57 27 0.22
57 30 0.21
57 31 0.26
57 32 0.18
57 33 0.08
57 34 0.07
57 36 0.07
57 38 0.18
57 40 0.22
57 41 0.18
57 42 0.11
57 43 0.09
57 44 0.29
57 45 0.11
57 46 0.04
57 49 0.18
57 50 0.1
57 51 0.27
57 53 0.13
57 54 0.11
57 63 1.0E-4
2 58 0.52
6 58 0.11
7 58 0.3
58 10 0.27
58 12 0.53
13 58 0.1
14 58 0.13
15 58 0.42
16 58 0.52
17 58 0.19
18 58 0.19
19 58 0.15
22 58 0.17
23 58 0.31
24 58 0.11
25 58 0.27
58 28 0.38
58 29 0.38
30 58 0.31
31 58 0.33
32 58 0.37
58 33 0.38
34 58 0.1
36 58 0.33
37 58 0.29
40 58 0.25
41 58 0.23
58 42 0.34
43 58 0.13
45 58 0.09
46 58 0.37
50 58 0.15
51 58 0.2
58 53 0.38
58 54 0.51
58 56 0.49
63 58 7.0E-4
59 1 0.13
2 59 0.61
7 59 0.2
9 59 0.13
59 10 0.53
59 12 0.53
13 59 0.2
14 59 0.13
15 59 0.42
16 59 0.52
17 59 0.19
18 59 0.27
19 59 0.07
22 59 0.09
59 23 0.46
24 59 0.11
25 59 0.4
59 28 0.19
59 29 0.38
30 59 0.21
31 59 0.39
32 59 0.28
59 33 0.5
34 59 0.21
59 36 0.22
59 37 0.29
40 59 0.25
41 59 0.32
59 43 0.53
45 59 0.26
46 59 0.43
47 59 0.14
50 59 0.31
52 59 0.17
59 53 0.19
59 54 0.34
59 55 0.14
59 56 0.29
59 58 0.43
63 59 0.0011
60 1 0.1
60 2 0.33
3 60 0.06
6 60 0.33
7 60 0.23
60 9 0.41
13 60 0.23
60 14 0.51
60 15 0.4
60 16 0.33
17 60 0.25
18 60 0.23
19 60 0.11
60 20 0.08
21 60 0.12
22 60 0.13
60 25 0.51
60 26 0.41
30 60 0.16
31 60 0.38
32 60 0.49
60 34 0.4
60 35 0.39
60 36 0.33
60 39 0.09
40 60 0.38
41 60 0.38
44 60 0.27
45 60 0.26
46 60 0.24
60 47 0.55
48 60 0.05
50 60 0.35
51 60 0.08
60 52 0.52
60 55 0.33
60 56 0.15
57 60 0.29
60 59 0.11
60 63 0.0010
61 2 0.15
3 61 0.07
61 4 0.47
61 5 0.5
6 61 0.38
7 61 0.45
61 8 0.47
61 9 0.24
61 11 0.45
61 13 0.27
61 15 0.18
61 16 0.15
17 61 0.22
18 61 0.27
19 61 0.26
61 20 0.1
21 61 0.2
22 61 0.23
61 27 0.6
61 30 0.55
31 61 0.25
61 32 0.32
61 33 0.22
61 34 0.28
61 36 0.19
61 37 0.13
61 38 0.47
61 40 0.15
61 41 0.28
61 42 0.3
61 43 0.24
61 44 0.47
61 45 0.38
61 46 0.11
61 48 0.05
61 49 0.47
61 50 0.14
51 61 0.27
61 53 0.33
61 54 0.3
57 61 0.33
61 60 0.19
61 63 3.0E-4
2 62 0.32
7 62 0.19
62 12 0.5
15 62 0.2
16 62 0.32
17 62 0.1
18 62 0.14
25 62 0.25
30 62 0.2
31 62 0.21
32 62 0.17
62 33 0.47
37 62 0.27
41 62 0.17
43 62 0.25
46 62 0.23
62 53 0.35
62 54 0.32
62 56 0.18
62 58 0.27
59 62 0.53
63 62 3.0E-4
