*Vertices  80
1 "LCD显示屏"
2 "衬底"
3 "LED灯"
4 "滤波片"
5 "光纤"
6 "电容"
7 "荧光粉"
8 "整流器"
9 "开关"
10 "发光荧光材料"
11 "III-V族半导体材料"
12 "GAN"
13 "次氯酸钠溶液"
14 "保护层"
15 "PD"
16 "硼酸"
17 "变压器"
18 "EP"
19 "LED外延片"
20 "外延片"
21 "外延"
22 "LED"
23 "二极管"
24 "稳压二极管"
25 "三极管"
26 "掩膜"
27 "玻璃"
28 "通道"
29 "LED光源"
30 "塑料"
31 "腐蚀液"
32 "铝基板"
33 "缓冲层"
34 "内量子效率"
35 "滤光片"
36 "荧光体"
37 "光刻胶"
38 "填充区域"
39 "SiO2"
40 "半导体"
41 "Al2O3"
42 "GaAs"
43 "ESD"
44 "ITO"
45 "键合"
46 "焊盘"
47 "光子晶体"
48 "金属银纳米粒子"
49 "太阳能"
50 "LED芯片"
51 "芯片"
52 "金属层"
53 "电流扩展层"
54 "酸盐"
55 "硝酸"
56 "Eu2"
57 "Li"
58 "电感"
59 "离子"
60 "电极"
61 "接触层"
62 "电阻"
63 "基色"
64 "光子晶体谐振腔"
65 "丙酮"
66 "激光"
67 "MOCVD"
68 "标准芯片工艺制作"
69 "湿法刻蚀"
70 "干法刻蚀"
71 "湿法腐蚀"
72 "空穴"
73 "玻璃体"
74 "屏幕"
75 "透镜"
76 "反射层"
77 "发光层"
78 "甲基"
79 "激发光"
80 "MQW"
*Arcs
80 1 0.0
2 1 0.08
80 2 0.0025
3 1 0.04
3 2 0.03
3 80 1.0E-4
2 4 0.32
80 4 8.0E-4
2 5 0.17
5 4 0.53
80 5 3.0E-4
3 6 0.29
6 80 0.0
7 2 0.13
7 3 0.13
7 80 2.0E-4
8 2 0.07
3 8 0.22
6 8 0.53
8 80 1.0E-4
9 1 0.14
3 9 0.37
9 6 0.42
7 9 0.08
9 8 0.2
9 80 0.0
10 2 0.18
10 3 0.21
10 7 0.54
10 9 0.07
10 80 2.0E-4
2 11 0.32
11 4 1.0
5 11 0.53
80 11 8.0E-4
12 1 0.12
12 2 0.65
3 12 0.04
12 4 0.5
12 5 0.27
7 12 0.1
8 12 0.1
12 11 0.5
80 12 0.0029
2 13 0.32
80 13 2.0E-4
2 14 0.23
3 14 0.11
7 14 0.14
8 14 0.14
10 14 0.13
12 14 0.18
80 14 1.0E-4
2 15 0.21
15 4 0.63
15 5 0.68
15 11 0.63
12 15 0.32
80 15 4.0E-4
3 16 0.11
7 16 0.29
10 16 0.4
16 80 1.0E-4
17 2 0.05
3 17 0.26
6 17 0.52
7 17 0.06
17 8 0.68
9 17 0.29
17 12 0.08
17 14 0.11
16 17 0.11
17 80 1.0E-4
18 2 0.12
3 18 0.12
18 6 0.11
7 18 0.39
18 8 0.08
18 9 0.11
10 18 0.29
18 13 0.19
18 14 0.13
18 16 0.4
18 17 0.11
18 80 3.0E-4
19 1 0.12
19 2 0.65
3 19 0.04
7 19 0.1
8 19 0.1
19 12 0.75
19 14 0.18
17 19 0.08
80 19 0.0022
20 1 0.09
20 2 0.83
3 20 0.03
20 4 0.39
20 5 0.21
7 20 0.08
8 20 0.08
10 20 0.15
20 11 0.39
20 12 0.78
20 13 0.2
20 14 0.14
20 15 0.25
17 20 0.06
18 20 0.07
20 19 0.78
80 20 0.0032
21 1 0.08
21 2 0.95
3 21 0.05
21 4 0.32
21 5 0.17
7 21 0.13
8 21 0.07
10 21 0.25
21 11 0.32
21 12 0.65
21 13 0.32
21 14 0.23
21 15 0.21
17 21 0.05
18 21 0.06
21 19 0.65
21 20 0.83
80 21 0.0028
22 1 0.22
22 2 0.32
22 3 0.67
22 4 0.1
22 5 0.19
22 6 0.36
22 7 0.25
22 8 0.25
22 9 0.54
22 10 0.28
22 11 0.1
22 12 0.21
22 13 0.1
22 14 0.15
22 15 0.16
22 16 0.15
22 17 0.34
22 18 0.28
22 19 0.21
22 20 0.27
22 21 0.32
22 80 6.0E-4
23 1 0.14
23 2 0.37
23 3 0.32
23 4 0.14
23 5 0.23
23 6 0.39
23 7 0.23
23 8 0.35
23 9 0.46
23 10 0.33
23 11 0.14
23 12 0.25
23 13 0.14
23 14 0.1
23 15 0.18
23 16 0.1
23 17 0.39
23 18 0.22
23 19 0.22
23 20 0.31
23 21 0.37
23 22 0.72
23 80 7.0E-4
1 24 0.13
3 24 0.21
6 24 0.46
8 24 0.55
9 24 0.21
17 24 0.48
18 24 0.1
22 24 0.19
23 24 0.27
80 24 0.0
25 1 0.08
3 25 0.2
25 6 0.61
25 8 0.4
9 25 0.37
10 25 0.06
25 17 0.49
18 25 0.06
22 25 0.32
23 25 0.42
25 24 0.26
25 80 0.0
2 26 0.23
3 26 0.11
8 26 0.29
12 26 0.35
14 26 0.5
17 26 0.21
19 26 0.35
20 26 0.28
21 26 0.23
22 26 0.07
23 26 0.1
80 26 3.0E-4
27 2 0.13
27 3 0.27
27 4 0.27
27 5 0.29
27 6 0.08
27 7 0.11
27 9 0.18
27 10 0.1
27 11 0.27
27 12 0.14
27 13 0.14
27 15 0.34
27 16 0.19
27 17 0.08
27 18 0.21
27 20 0.16
27 21 0.13
27 22 0.38
27 23 0.27
27 25 0.09
27 80 3.0E-4
28 2 0.2
3 28 0.22
28 4 0.2
28 5 0.11
6 28 0.12
9 28 0.04
28 11 0.2
28 12 0.31
28 15 0.13
28 19 0.2
28 20 0.24
28 21 0.2
22 28 0.25
23 28 0.23
25 28 0.07
27 28 0.11
80 28 3.0E-4
29 1 0.07
29 2 0.09
29 3 0.36
29 4 0.29
29 5 0.15
29 6 0.04
29 7 0.24
29 8 0.06
29 9 0.06
29 10 0.16
29 11 0.29
29 12 0.14
29 15 0.18
29 16 0.31
29 17 0.09
29 18 0.22
29 20 0.11
29 21 0.09
29 22 0.36
29 23 0.29
29 24 0.08
29 25 0.09
29 27 0.24
29 28 0.18
29 80 3.0E-4
30 2 0.05
30 3 0.28
30 5 0.17
30 7 0.2
30 9 0.16
30 10 0.18
30 13 0.16
30 15 0.21
30 17 0.05
30 18 0.06
30 20 0.06
30 21 0.05
30 22 0.32
30 23 0.28
30 27 0.35
30 28 0.13
30 29 0.14
30 80 0.0
2 31 0.56
3 31 0.04
8 31 0.12
12 31 0.14
31 13 0.58
14 31 0.2
17 31 0.09
18 31 0.22
19 31 0.29
20 31 0.34
21 31 0.47
22 31 0.18
23 31 0.25
31 26 0.41
27 31 0.08
30 31 0.09
80 31 4.0E-4
32 2 0.07
32 3 0.3
32 6 0.06
32 7 0.17
32 9 0.08
32 10 0.08
32 13 0.21
32 14 0.15
32 17 0.13
32 18 0.16
32 20 0.08
32 21 0.07
32 22 0.24
32 23 0.24
32 24 0.11
32 25 0.07
32 27 0.12
32 28 0.26
32 29 0.18
32 30 0.35
32 31 0.12
32 80 1.0E-4
33 1 0.12
33 2 0.65
7 33 0.1
10 33 0.19
33 12 0.63
33 19 0.75
33 20 0.78
33 21 0.65
22 33 0.21
23 33 0.22
33 28 0.2
80 33 0.0017
2 34 0.32
7 34 0.2
12 34 0.25
19 34 0.5
20 34 0.39
21 34 0.32
22 34 0.1
23 34 0.07
33 34 0.5
80 34 7.0E-4
1 35 0.15
2 35 0.21
35 4 0.63
35 5 0.68
9 35 0.06
35 11 0.63
12 35 0.32
35 15 0.6
20 35 0.25
21 35 0.21
22 35 0.16
23 35 0.23
25 35 0.1
27 35 0.26
28 35 0.13
29 35 0.27
30 35 0.1
80 35 4.0E-4
7 36 0.5
10 36 0.46
16 36 0.29
18 36 0.31
22 36 0.13
23 36 0.18
27 36 0.11
29 36 0.12
30 36 0.13
36 80 1.0E-4
2 37 0.46
3 37 0.05
8 37 0.14
12 37 0.18
37 13 0.35
14 37 0.25
17 37 0.11
18 37 0.13
19 37 0.35
20 37 0.42
21 37 0.46
22 37 0.15
23 37 0.2
37 26 0.5
27 37 0.1
30 37 0.11
31 37 0.82
32 37 0.15
80 37 5.0E-4
2 38 0.23
13 38 0.71
18 38 0.27
20 38 0.28
21 38 0.23
22 38 0.07
23 38 0.1
27 38 0.19
30 38 0.23
31 38 0.41
32 38 0.3
37 38 0.5
80 38 3.0E-4
39 2 0.38
3 39 0.12
39 4 0.39
39 5 0.21
7 39 0.32
39 8 0.08
39 9 0.04
10 39 0.52
39 11 0.39
39 12 0.29
39 14 0.14
39 15 0.25
39 16 0.14
39 17 0.06
39 18 0.3
39 19 0.2
39 20 0.38
39 21 0.38
22 39 0.27
23 39 0.31
39 26 0.28
27 39 0.16
39 28 0.08
29 39 0.11
30 39 0.19
39 31 0.34
39 33 0.1
39 35 0.25
39 36 0.32
39 37 0.28
39 80 7.0E-4
40 1 0.05
40 2 0.64
40 3 0.29
40 4 0.21
40 5 0.17
40 6 0.15
40 7 0.34
40 8 0.17
40 9 0.14
40 10 0.43
40 11 0.21
40 12 0.42
40 13 0.21
40 14 0.15
40 15 0.2
40 16 0.22
40 17 0.19
40 18 0.28
40 19 0.42
40 20 0.53
40 21 0.64
40 22 0.5
40 23 0.55
40 24 0.06
40 25 0.1
40 26 0.15
40 27 0.23
40 28 0.17
40 29 0.3
40 30 0.24
40 31 0.36
40 32 0.27
40 33 0.42
40 34 0.21
40 35 0.13
40 36 0.17
40 37 0.29
40 38 0.15
40 39 0.41
40 80 0.0017
41 1 0.08
41 2 0.72
3 41 0.08
41 4 0.34
41 5 0.18
7 41 0.35
41 8 0.07
41 9 0.03
10 41 0.45
41 11 0.34
41 12 0.69
41 14 0.24
41 15 0.22
41 17 0.05
18 41 0.06
41 19 0.6
41 20 0.74
41 21 0.78
22 41 0.3
23 41 0.34
41 26 0.24
27 41 0.09
41 28 0.21
29 41 0.1
30 41 0.11
41 31 0.1
41 33 0.69
41 34 0.34
41 35 0.22
41 36 0.14
41 37 0.12
39 41 0.54
40 41 0.57
41 80 0.0025
2 42 0.61
3 42 0.04
42 4 0.47
42 5 0.25
7 42 0.1
10 42 0.18
42 11 0.47
12 42 0.24
42 13 0.47
42 15 0.3
18 42 0.09
20 42 0.37
21 42 0.69
22 42 0.22
23 42 0.27
27 42 0.19
28 42 0.1
29 42 0.14
30 42 0.08
31 42 0.41
32 42 0.1
33 42 0.12
42 35 0.3
42 37 0.33
42 38 0.33
39 42 0.37
40 42 0.44
41 42 0.4
80 42 9.0E-4
43 2 0.41
6 43 0.09
9 43 0.06
43 12 0.47
43 19 0.63
43 20 0.5
43 21 0.41
22 43 0.16
23 43 0.14
43 28 0.26
43 33 0.63
43 34 0.32
40 43 0.26
41 43 0.43
43 80 0.0010
44 1 0.19
2 44 0.66
3 44 0.06
44 4 0.41
44 5 0.22
7 44 0.08
8 44 0.08
10 44 0.23
44 11 0.41
12 44 0.61
44 14 0.29
44 15 0.26
17 44 0.06
19 44 0.61
20 44 0.72
21 44 0.73
22 44 0.25
23 44 0.26
44 26 0.29
27 44 0.11
28 44 0.08
29 44 0.12
44 31 0.24
33 44 0.51
44 34 0.41
44 35 0.26
44 37 0.29
39 44 0.4
40 44 0.47
41 44 0.7
44 42 0.29
43 44 0.26
80 44 0.0022
2 45 0.26
3 45 0.04
45 5 0.14
6 45 0.08
7 45 0.22
10 45 0.2
45 13 0.27
45 14 0.19
45 15 0.17
18 45 0.1
20 45 0.1
21 45 0.35
22 45 0.19
23 45 0.19
27 45 0.07
30 45 0.09
45 31 0.15
32 45 0.11
33 45 0.13
45 35 0.17
39 45 0.21
40 45 0.28
41 45 0.28
45 42 0.5
44 45 0.11
80 45 1.0E-4
3 46 0.06
6 46 0.12
7 46 0.17
8 46 0.17
9 46 0.08
46 14 0.29
17 46 0.12
18 46 0.31
22 46 0.13
23 46 0.12
46 24 0.22
25 46 0.13
29 46 0.12
32 46 0.17
40 46 0.17
46 45 0.22
46 80 1.0E-4
2 47 0.32
47 4 1.0
5 47 0.53
47 11 1.0
12 47 0.5
15 47 0.63
20 47 0.39
21 47 0.32
22 47 0.1
23 47 0.14
27 47 0.27
28 47 0.2
29 47 0.29
35 47 0.63
39 47 0.39
40 47 0.21
41 47 0.34
42 47 0.47
44 47 0.41
80 47 8.0E-4
7 48 0.29
10 48 0.27
16 48 0.5
18 48 0.27
22 48 0.07
23 48 0.1
27 48 0.19
29 48 0.2
36 48 0.58
40 48 0.15
80 48 3.0E-4
2 49 0.07
3 49 0.14
5 49 0.12
6 49 0.06
7 49 0.09
9 49 0.17
12 49 0.11
17 49 0.07
19 49 0.11
20 49 0.09
21 49 0.07
22 49 0.23
23 49 0.13
25 49 0.07
27 49 0.12
28 49 0.09
33 49 0.11
40 49 0.05
41 49 0.08
43 49 0.14
80 49 0.0
50 1 0.07
50 2 0.5
3 50 0.19
50 6 0.13
7 50 0.31
50 8 0.13
50 9 0.03
10 50 0.17
50 12 0.39
50 13 0.15
50 14 0.22
16 50 0.22
50 17 0.09
18 50 0.29
50 19 0.54
50 20 0.48
50 21 0.45
22 50 0.34
23 50 0.33
50 24 0.08
50 25 0.05
50 26 0.22
27 50 0.08
50 28 0.31
29 50 0.18
30 50 0.1
50 31 0.36
32 50 0.26
50 33 0.39
50 34 0.15
50 36 0.25
50 37 0.33
50 38 0.22
39 50 0.24
40 50 0.51
41 50 0.42
50 42 0.15
50 43 0.39
50 44 0.31
50 45 0.25
50 46 0.25
50 48 0.22
50 49 0.07
50 80 0.0015
51 1 0.24
51 2 0.49
3 51 0.3
51 4 0.17
51 5 0.09
51 6 0.37
7 51 0.35
51 8 0.14
51 9 0.28
10 51 0.35
51 11 0.17
51 12 0.34
51 13 0.17
51 14 0.12
51 15 0.11
51 16 0.24
51 17 0.18
51 18 0.35
51 19 0.34
51 20 0.43
51 21 0.49
22 51 0.62
23 51 0.58
51 24 0.14
51 25 0.33
51 26 0.12
27 51 0.21
51 28 0.24
29 51 0.22
30 51 0.11
51 31 0.29
32 51 0.22
51 33 0.34
51 34 0.17
51 35 0.16
51 36 0.21
51 37 0.24
51 38 0.12
51 39 0.4
40 51 0.6
51 41 0.46
51 42 0.36
51 43 0.27
51 44 0.38
51 45 0.27
51 46 0.21
51 47 0.17
51 48 0.12
51 49 0.08
51 50 0.55
51 80 0.0012
2 52 0.41
3 52 0.05
52 4 0.63
5 52 0.34
10 52 0.24
52 11 0.63
12 52 0.32
14 52 0.22
15 52 0.4
19 52 0.16
20 52 0.37
21 52 0.51
22 52 0.16
23 52 0.23
27 52 0.17
28 52 0.13
29 52 0.18
31 52 0.18
35 52 0.4
37 52 0.22
39 52 0.5
40 52 0.33
41 52 0.43
42 52 0.45
44 52 0.65
45 52 0.17
52 47 0.63
50 52 0.1
51 52 0.21
80 52 8.0E-4
2 53 0.57
3 53 0.08
53 4 0.5
53 5 0.27
8 53 0.1
10 53 0.09
53 11 0.5
12 53 0.38
53 13 0.5
14 53 0.18
53 15 0.32
17 53 0.08
18 53 0.19
19 53 0.13
20 53 0.39
21 53 0.57
22 53 0.21
23 53 0.29
53 26 0.35
27 53 0.2
28 53 0.1
29 53 0.14
30 53 0.08
53 31 0.58
32 53 0.11
53 35 0.32
53 37 0.35
53 38 0.35
39 53 0.49
40 53 0.42
41 53 0.34
53 42 0.71
44 53 0.41
45 53 0.27
53 47 0.5
50 53 0.23
51 53 0.34
53 52 0.47
80 53 0.0013
3 54 0.11
7 54 0.48
54 9 0.05
10 54 0.53
54 16 0.67
54 17 0.07
54 18 0.45
22 54 0.22
23 54 0.24
27 54 0.19
29 54 0.2
30 54 0.15
54 36 0.38
54 39 0.37
40 54 0.29
54 41 0.24
54 46 0.19
54 48 0.33
54 50 0.22
54 51 0.36
54 80 1.0E-4
3 55 0.06
7 55 0.33
10 55 0.46
55 16 0.58
55 18 0.46
22 55 0.13
23 55 0.12
27 55 0.11
29 55 0.12
55 36 0.33
55 39 0.32
40 55 0.17
55 41 0.14
55 48 0.58
55 50 0.13
55 51 0.21
55 54 0.58
55 80 1.0E-4
3 56 0.05
7 56 0.43
10 56 0.53
56 16 0.5
56 18 0.53
22 56 0.15
23 56 0.15
27 56 0.1
29 56 0.1
56 36 0.58
56 39 0.42
40 56 0.22
56 41 0.12
56 48 0.5
56 50 0.11
56 51 0.24
56 54 0.5
56 55 0.87
56 80 1.0E-4
57 2 0.16
3 57 0.26
57 4 0.33
57 5 0.18
57 6 0.05
7 57 0.27
57 9 0.13
10 57 0.31
57 11 0.33
57 12 0.25
57 15 0.21
57 16 0.24
57 17 0.05
57 18 0.25
57 19 0.08
57 20 0.2
57 21 0.16
22 57 0.31
23 57 0.36
27 57 0.23
57 28 0.2
29 57 0.24
30 57 0.27
32 57 0.36
57 33 0.08
57 34 0.17
57 35 0.21
57 36 0.27
57 39 0.33
40 57 0.38
57 41 0.29
57 42 0.16
57 43 0.11
57 44 0.2
57 47 0.33
57 48 0.24
57 50 0.21
57 51 0.31
57 52 0.21
57 53 0.17
57 54 0.39
57 55 0.27
57 56 0.24
57 80 5.0E-4
3 58 0.25
6 58 0.54
8 58 0.44
9 58 0.36
17 58 0.4
18 58 0.1
22 58 0.19
23 58 0.23
58 24 0.43
25 58 0.43
29 58 0.08
32 58 0.11
40 58 0.22
58 46 0.22
50 58 0.08
51 58 0.18
58 80 0.0
59 1 0.15
59 2 0.32
3 59 0.13
59 4 0.32
59 5 0.17
7 59 0.13
10 59 0.18
59 11 0.32
59 12 0.16
59 13 0.32
59 15 0.21
59 16 0.34
59 17 0.1
59 18 0.49
59 20 0.19
59 21 0.26
22 59 0.32
23 59 0.26
27 59 0.35
59 28 0.07
29 59 0.19
30 59 0.05
59 31 0.37
32 59 0.07
59 35 0.21
59 36 0.26
59 37 0.23
59 38 0.23
59 39 0.32
40 59 0.34
59 41 0.11
59 42 0.38
59 44 0.13
59 45 0.09
59 46 0.13
59 47 0.32
59 48 0.23
59 50 0.15
59 51 0.33
59 52 0.21
59 53 0.41
59 54 0.38
59 55 0.26
59 56 0.34
59 57 0.27
59 80 4.0E-4
60 1 0.11
60 2 0.72
3 60 0.16
60 4 0.23
60 5 0.12
6 60 0.37
7 60 0.09
60 8 0.33
9 60 0.2
10 60 0.22
60 11 0.23
60 12 0.46
60 13 0.23
60 14 0.16
60 15 0.15
60 17 0.39
18 60 0.13
60 19 0.46
60 20 0.59
60 21 0.72
22 60 0.45
23 60 0.55
60 24 0.19
25 60 0.6
60 26 0.16
27 60 0.13
60 28 0.19
29 60 0.1
30 60 0.04
60 31 0.4
32 60 0.1
60 33 0.46
60 34 0.23
60 35 0.15
60 37 0.33
60 38 0.16
39 60 0.32
40 60 0.56
41 60 0.56
60 42 0.49
60 43 0.29
60 44 0.57
60 45 0.25
60 46 0.09
60 47 0.23
60 49 0.05
50 60 0.39
51 60 0.57
60 52 0.37
60 53 0.46
57 60 0.12
60 58 0.31
59 60 0.23
60 80 0.0018
61 1 0.13
61 2 0.61
3 61 0.04
7 61 0.11
8 61 0.11
61 12 0.8
61 14 0.19
17 61 0.08
61 19 0.94
61 20 0.73
61 21 0.61
22 61 0.19
23 61 0.19
61 26 0.38
61 28 0.22
61 31 0.15
61 33 0.8
61 34 0.53
61 37 0.19
39 61 0.1
40 61 0.39
41 61 0.64
61 43 0.68
61 44 0.55
61 49 0.12
50 61 0.49
51 61 0.32
61 53 0.13
57 61 0.09
60 61 0.43
61 80 0.0024
62 1 0.16
62 2 0.11
3 62 0.3
62 4 0.11
62 5 0.06
62 6 0.73
7 62 0.05
62 8 0.56
9 62 0.46
10 62 0.04
62 11 0.11
62 12 0.17
62 14 0.08
62 15 0.07
62 17 0.55
18 62 0.09
62 19 0.11
62 20 0.13
62 21 0.11
22 62 0.45
23 62 0.51
62 24 0.43
62 25 0.71
62 26 0.16
27 62 0.09
62 28 0.19
29 62 0.1
62 31 0.07
32 62 0.05
62 33 0.06
62 34 0.11
62 35 0.15
62 37 0.08
39 62 0.09
40 62 0.19
41 62 0.12
62 42 0.05
62 43 0.07
62 44 0.14
62 46 0.09
62 47 0.11
62 49 0.05
50 62 0.11
51 62 0.47
62 52 0.07
62 53 0.11
57 62 0.11
62 58 0.43
59 62 0.04
62 60 0.51
62 61 0.12
62 80 2.0E-4
63 2 0.09
3 63 0.04
7 63 0.24
10 63 0.22
63 16 0.41
63 18 0.22
63 21 0.09
22 63 0.18
23 63 0.08
27 63 0.16
29 63 0.08
30 63 0.09
63 36 0.24
63 39 0.23
40 63 0.12
63 41 0.1
63 42 0.14
63 45 0.15
63 48 0.41
63 50 0.18
63 51 0.15
63 54 0.27
63 55 0.47
63 56 0.41
63 57 0.19
63 59 0.19
63 60 0.07
63 80 1.0E-4
2 64 0.32
64 4 1.0
5 64 0.53
64 11 1.0
12 64 0.5
15 64 0.63
20 64 0.39
21 64 0.32
22 64 0.1
23 64 0.14
27 64 0.27
28 64 0.2
29 64 0.29
35 64 0.63
39 64 0.39
40 64 0.21
41 64 0.34
42 64 0.47
44 64 0.41
64 47 1.0
51 64 0.17
52 64 0.63
53 64 0.5
57 64 0.33
59 64 0.32
60 64 0.23
62 64 0.11
80 64 8.0E-4
65 2 0.19
3 65 0.04
10 65 0.11
65 13 0.29
65 16 0.41
65 17 0.09
65 18 0.65
65 20 0.11
65 21 0.09
22 65 0.18
23 65 0.17
27 65 0.24
29 65 0.08
30 65 0.09
65 31 0.33
32 65 0.12
65 37 0.2
65 38 0.41
65 39 0.23
40 65 0.18
65 42 0.14
65 50 0.18
65 51 0.24
65 53 0.29
65 54 0.41
65 55 0.24
65 56 0.2
65 57 0.19
65 59 0.56
65 60 0.13
65 63 0.17
65 80 1.0E-4
66 1 0.09
66 2 0.37
66 3 0.12
66 4 0.38
66 5 0.4
66 7 0.23
66 8 0.08
66 9 0.04
66 10 0.21
66 11 0.38
66 12 0.38
66 14 0.27
66 15 0.36
66 17 0.06
66 19 0.19
66 20 0.3
66 21 0.43
66 22 0.28
66 23 0.24
66 26 0.27
66 27 0.21
66 28 0.08
66 29 0.16
66 30 0.18
66 31 0.11
66 32 0.08
66 33 0.09
66 34 0.19
66 35 0.36
66 37 0.13
66 39 0.3
66 40 0.39
66 41 0.45
66 42 0.36
66 44 0.46
66 45 0.2
66 47 0.38
66 50 0.12
66 51 0.26
66 52 0.48
66 53 0.38
66 57 0.19
66 59 0.12
66 60 0.31
66 61 0.2
66 62 0.17
66 63 0.11
66 64 0.38
66 80 8.0E-4
67 1 0.1
67 2 0.73
3 67 0.03
67 4 0.41
67 5 0.22
7 67 0.08
10 67 0.23
67 11 0.41
67 12 0.71
67 13 0.2
67 15 0.26
18 67 0.08
67 19 0.61
67 20 0.88
67 21 0.79
22 67 0.25
23 67 0.29
27 67 0.17
67 28 0.25
29 67 0.12
30 67 0.07
67 31 0.12
32 67 0.09
67 33 0.82
67 34 0.41
67 35 0.26
67 37 0.14
67 38 0.29
39 67 0.32
40 67 0.51
41 67 0.77
67 42 0.48
67 43 0.52
67 44 0.67
67 45 0.22
67 47 0.41
67 49 0.09
50 67 0.38
51 67 0.41
67 52 0.39
67 53 0.41
57 67 0.2
59 67 0.2
60 67 0.57
67 61 0.65
62 67 0.09
67 64 0.41
65 67 0.12
66 67 0.31
67 80 0.0031
68 1 0.15
68 2 0.51
7 68 0.13
68 12 0.63
68 19 0.79
68 20 0.62
68 21 0.51
22 68 0.16
23 68 0.14
68 28 0.13
68 33 0.79
68 34 0.63
40 68 0.33
41 68 0.54
68 43 0.6
68 44 0.52
50 68 0.39
51 68 0.27
57 68 0.11
60 68 0.37
68 61 0.85
62 68 0.07
66 68 0.12
68 67 0.65
68 80 0.0017
2 69 0.46
69 4 0.71
69 5 0.38
10 69 0.13
69 11 0.71
12 69 0.35
69 15 0.45
19 69 0.18
20 69 0.55
21 69 0.46
22 69 0.15
23 69 0.2
27 69 0.19
28 69 0.14
29 69 0.2
31 69 0.2
33 69 0.18
69 35 0.45
69 37 0.25
39 69 0.55
40 69 0.29
41 69 0.36
69 42 0.5
44 69 0.43
45 69 0.19
69 47 0.71
50 69 0.11
51 69 0.24
69 52 0.67
53 69 0.35
57 69 0.24
59 69 0.23
60 69 0.33
62 69 0.08
69 64 0.71
66 69 0.27
67 69 0.43
80 69 6.0E-4
2 70 0.51
70 4 0.63
70 5 0.34
7 70 0.13
10 70 0.24
70 11 0.63
12 70 0.32
70 15 0.4
20 70 0.5
21 70 0.51
22 70 0.16
23 70 0.18
27 70 0.17
28 70 0.13
29 70 0.18
33 70 0.32
70 35 0.4
39 70 0.37
40 70 0.33
41 70 0.54
70 42 0.6
44 70 0.39
45 70 0.34
70 47 0.63
50 70 0.1
51 70 0.27
70 52 0.4
53 70 0.32
57 70 0.21
59 70 0.21
60 70 0.37
62 70 0.07
63 70 0.18
70 64 0.63
66 70 0.36
67 70 0.52
70 69 0.67
80 70 5.0E-4
2 71 0.32
3 71 0.08
8 71 0.2
12 71 0.25
71 13 0.5
14 71 0.35
17 71 0.15
19 71 0.25
20 71 0.2
21 71 0.32
22 71 0.1
23 71 0.14
71 26 0.71
31 71 0.58
37 71 0.35
39 71 0.2
40 71 0.21
41 71 0.17
42 71 0.24
44 71 0.2
45 71 0.27
50 71 0.15
51 71 0.17
53 71 0.5
59 71 0.16
60 71 0.23
61 71 0.27
62 71 0.11
66 71 0.19
80 71 3.0E-4
72 1 0.13
2 72 0.26
3 72 0.17
6 72 0.08
7 72 0.11
8 72 0.11
9 72 0.1
12 72 0.4
17 72 0.16
18 72 0.1
19 72 0.4
20 72 0.31
21 72 0.26
22 72 0.19
23 72 0.23
72 24 0.14
25 72 0.09
28 72 0.11
29 72 0.08
30 72 0.26
32 72 0.34
33 72 0.4
72 34 0.27
40 72 0.39
41 72 0.28
43 72 0.17
72 44 0.33
46 72 0.22
50 72 0.25
51 72 0.18
57 72 0.36
58 72 0.14
60 72 0.25
61 72 0.43
62 72 0.12
66 72 0.1
67 72 0.33
68 72 0.51
80 72 7.0E-4
7 73 0.29
10 73 0.27
16 73 0.5
18 73 0.27
22 73 0.07
23 73 0.1
27 73 0.19
29 73 0.2
36 73 0.58
40 73 0.15
73 48 1.0
50 73 0.22
51 73 0.12
54 73 0.33
55 73 0.58
56 73 0.5
57 73 0.24
59 73 0.23
63 73 0.41
80 73 3.0E-4
1 74 0.17
2 74 0.36
3 74 0.06
6 74 0.05
8 74 0.07
9 74 0.11
10 74 0.14
12 74 0.18
74 13 0.18
17 74 0.06
18 74 0.07
19 74 0.27
20 74 0.43
21 74 0.36
22 74 0.28
23 74 0.18
74 24 0.1
25 74 0.06
27 74 0.15
28 74 0.07
30 74 0.18
31 74 0.21
32 74 0.08
33 74 0.37
74 37 0.26
74 38 0.26
39 74 0.21
40 74 0.27
41 74 0.25
74 42 0.17
43 74 0.23
44 74 0.22
45 74 0.1
74 49 0.08
50 74 0.23
51 74 0.25
74 52 0.12
53 74 0.09
58 74 0.1
59 74 0.12
60 74 0.3
61 74 0.2
62 74 0.04
63 74 0.11
65 74 0.11
66 74 0.14
67 74 0.37
68 74 0.12
74 69 0.26
74 70 0.23
72 74 0.1
80 74 3.0E-4
75 2 0.06
75 3 0.25
75 4 0.18
75 5 0.28
75 7 0.29
75 9 0.07
75 10 0.33
75 11 0.18
75 12 0.09
75 15 0.22
75 16 0.13
75 18 0.07
75 20 0.07
75 21 0.06
75 22 0.29
75 23 0.28
75 27 0.14
75 28 0.14
75 29 0.26
75 30 0.23
75 32 0.23
75 35 0.22
75 36 0.14
75 39 0.21
75 40 0.26
75 41 0.18
75 42 0.08
75 44 0.07
75 47 0.18
75 50 0.22
75 51 0.18
75 52 0.11
75 53 0.09
75 54 0.25
75 57 0.29
75 59 0.11
75 60 0.04
75 64 0.18
75 65 0.1
75 66 0.27
75 67 0.07
75 69 0.13
75 70 0.11
75 80 1.0E-4
2 76 0.52
7 76 0.11
10 76 0.3
76 13 0.27
14 76 0.19
18 76 0.1
19 76 0.13
20 76 0.42
21 76 0.52
22 76 0.19
23 76 0.19
27 76 0.15
30 76 0.17
31 76 0.31
32 76 0.11
33 76 0.27
76 37 0.38
76 38 0.38
39 76 0.31
40 76 0.33
41 76 0.37
76 42 0.38
44 76 0.33
45 76 0.29
50 76 0.25
51 76 0.23
76 52 0.34
53 76 0.13
59 76 0.09
60 76 0.37
63 76 0.31
65 76 0.15
66 76 0.2
67 76 0.33
76 69 0.38
76 70 0.51
76 74 0.49
80 76 2.0E-4
77 1 0.13
2 77 0.61
10 77 0.2
12 77 0.13
77 13 0.53
18 77 0.2
19 77 0.13
20 77 0.42
21 77 0.52
22 77 0.19
23 77 0.27
27 77 0.07
30 77 0.09
77 31 0.46
32 77 0.11
33 77 0.4
77 37 0.19
77 38 0.38
39 77 0.21
40 77 0.39
41 77 0.28
77 42 0.5
77 44 0.22
77 45 0.29
50 77 0.25
51 77 0.32
77 53 0.53
59 77 0.26
60 77 0.43
61 77 0.14
65 77 0.31
67 77 0.44
68 77 0.17
77 69 0.19
77 70 0.34
77 71 0.27
77 72 0.14
77 74 0.29
77 76 0.43
80 77 4.0E-4
78 1 0.1
78 2 0.33
3 78 0.06
7 78 0.33
9 78 0.04
10 78 0.23
78 12 0.41
16 78 0.29
17 78 0.06
18 78 0.23
78 19 0.51
78 20 0.4
78 21 0.33
22 78 0.25
23 78 0.23
27 78 0.11
78 28 0.08
29 78 0.12
30 78 0.13
78 33 0.51
78 34 0.41
78 36 0.17
39 78 0.16
40 78 0.38
41 78 0.49
78 43 0.39
78 44 0.33
78 46 0.17
78 49 0.09
50 78 0.38
51 78 0.38
54 78 0.58
57 78 0.27
59 78 0.26
60 78 0.24
78 61 0.55
62 78 0.05
65 78 0.35
66 78 0.08
78 67 0.42
78 68 0.52
78 72 0.33
78 74 0.15
75 78 0.29
78 77 0.11
78 80 9.0E-4
79 2 0.15
3 79 0.07
79 4 0.47
79 5 0.5
7 79 0.38
79 9 0.05
10 79 0.45
79 11 0.47
79 12 0.24
79 15 0.45
79 16 0.33
79 18 0.27
79 20 0.18
79 21 0.15
22 79 0.22
23 79 0.27
27 79 0.26
79 28 0.1
29 79 0.2
30 79 0.23
79 35 0.6
79 36 0.58
79 39 0.55
40 79 0.25
79 41 0.32
79 42 0.22
79 44 0.19
79 45 0.13
79 47 0.47
79 48 0.33
79 50 0.15
79 51 0.28
79 52 0.3
79 53 0.24
79 54 0.44
79 55 0.38
79 56 0.5
79 57 0.47
79 59 0.38
79 60 0.11
79 62 0.05
79 63 0.27
79 64 0.47
79 65 0.14
66 79 0.27
79 67 0.19
79 69 0.33
79 70 0.3
79 73 0.33
75 79 0.33
79 78 0.19
79 80 5.0E-4
