*Vertices  17
1 "荧光粉"
2 "发光荧光材料"
3 "EP"
4 "LED"
5 "二极管"
6 "荧光体"
7 "发光体"
8 "SiO2"
9 "半导体"
10 "硅氧磷灰石"
11 "芯片"
12 "SrCO3"
13 "Eu2O3"
14 "Eu2"
15 "离子"
16 "激发光"
17 "NH4H2PO4"
*Arcs
1 17 0.0055
2 1 0.54
2 17 0.0057
1 3 0.39
2 3 0.29
3 17 0.0053
4 1 0.25
4 2 0.28
4 3 0.28
4 17 6.0E-4
5 1 0.23
5 2 0.33
5 3 0.22
5 4 0.72
5 17 9.0E-4
1 6 0.5
2 6 0.46
3 6 0.31
4 6 0.13
5 6 0.18
6 17 0.0181
7 1 0.22
7 2 0.2
7 3 0.1
7 4 0.19
7 5 0.23
7 6 0.22
7 17 0.0074
1 8 0.32
2 8 0.52
8 3 0.3
4 8 0.27
5 8 0.31
8 6 0.32
7 8 0.1
8 17 0.0057
9 1 0.34
9 2 0.43
9 3 0.28
9 4 0.5
9 5 0.55
9 6 0.17
9 7 0.11
9 8 0.41
9 17 0.0016
1 10 0.29
2 10 0.27
3 10 0.27
4 10 0.07
5 10 0.1
6 10 0.58
7 10 0.38
8 10 0.28
9 10 0.15
10 17 0.0396
1 11 0.35
2 11 0.35
11 3 0.35
4 11 0.62
5 11 0.58
11 6 0.21
7 11 0.09
11 8 0.4
9 11 0.6
11 10 0.12
11 17 0.0013
1 12 0.2
2 12 0.38
12 3 0.38
4 12 0.1
5 12 0.07
12 6 0.41
7 12 0.27
12 8 0.39
9 12 0.1
12 10 0.71
12 11 0.17
12 17 0.0274
1 13 0.2
2 13 0.38
13 3 0.38
4 13 0.1
5 13 0.07
13 6 0.41
7 13 0.27
13 8 0.39
9 13 0.1
13 10 0.71
13 11 0.17
13 12 1.0
13 17 0.0274
1 14 0.43
2 14 0.53
14 3 0.53
4 14 0.15
5 14 0.15
14 6 0.58
7 14 0.19
14 8 0.42
9 14 0.22
14 10 0.5
14 11 0.24
14 12 0.71
14 13 0.71
14 17 0.0162
1 15 0.13
2 15 0.18
15 3 0.49
4 15 0.32
5 15 0.26
15 6 0.26
7 15 0.09
15 8 0.32
9 15 0.34
15 10 0.23
15 11 0.33
15 12 0.32
15 13 0.32
15 14 0.34
15 17 0.0038
1 16 0.38
2 16 0.45
16 3 0.27
4 16 0.22
5 16 0.27
16 6 0.58
7 16 0.13
16 8 0.55
9 16 0.25
16 10 0.33
16 11 0.28
16 12 0.47
16 13 0.47
16 14 0.5
16 15 0.38
16 17 0.0080
