*Vertices  48
1 "显示器"
2 "衬底"
3 "滤波片"
4 "光纤"
5 "探头"
6 "传感器"
7 "处理器"
8 "III-V族半导体材料"
9 "GAN"
10 "光纤耦合"
11 "外延片"
12 "外延"
13 "LED"
14 "二极管"
15 "玻璃"
16 "通道"
17 "LED光源"
18 "塑料"
19 "光电转换器件"
20 "转换器"
21 "探针"
22 "滤光片"
23 "SiO2"
24 "半导体"
25 "Al2O3"
26 "GaAs"
27 "MQW"
28 "ITO"
29 "键合"
30 "光子晶体"
31 "光电池"
32 "芯片"
33 "金属层"
34 "电流扩展层"
35 "存储器"
36 "Li"
37 "离子"
38 "电极"
39 "电阻"
40 "光子晶体谐振腔"
41 "激光"
42 "MOCVD"
43 "湿法刻蚀"
44 "干法刻蚀"
45 "透镜"
46 "聚光帽"
47 "激发光"
48 "PD"
*Arcs
1 48 1.0E-4
2 48 9.0E-4
2 3 0.32
48 3 0.0042
2 4 0.17
4 3 0.53
48 4 0.0053
5 4 0.38
48 5 6.0E-4
1 6 0.25
6 4 0.23
6 5 0.2
48 6 7.0E-4
7 1 0.26
7 4 0.1
7 5 0.26
7 6 0.36
7 48 1.0E-4
2 8 0.32
8 3 1.0
4 8 0.53
48 8 0.0042
9 2 0.65
9 3 0.5
9 4 0.27
9 8 0.5
9 48 0.0014
4 10 0.53
6 10 0.14
48 10 0.0013
11 2 0.83
11 3 0.39
11 4 0.21
11 8 0.39
11 9 0.78
11 48 0.0011
12 2 0.95
12 3 0.32
12 4 0.17
12 8 0.32
12 9 0.65
12 11 0.83
12 48 9.0E-4
13 1 0.29
13 2 0.32
13 3 0.1
13 4 0.19
13 5 0.15
13 6 0.37
13 7 0.28
13 8 0.1
13 9 0.21
13 10 0.1
13 11 0.27
13 12 0.32
13 48 6.0E-4
14 1 0.15
14 2 0.37
14 3 0.14
14 4 0.23
14 5 0.05
14 6 0.2
14 7 0.08
14 8 0.14
14 9 0.25
14 10 0.14
14 11 0.31
14 12 0.37
14 13 0.72
14 48 7.0E-4
15 1 0.19
15 2 0.13
15 3 0.27
15 4 0.29
15 5 0.1
15 6 0.12
15 7 0.15
15 8 0.27
15 9 0.14
15 10 0.14
15 11 0.16
15 12 0.13
15 13 0.38
15 14 0.27
15 48 0.0014
1 16 0.07
16 2 0.2
16 3 0.2
16 4 0.11
16 6 0.12
16 8 0.2
16 9 0.31
16 11 0.24
16 12 0.2
13 16 0.25
14 16 0.23
15 16 0.11
16 48 2.0E-4
17 1 0.15
17 2 0.09
17 3 0.29
17 4 0.15
17 5 0.1
17 6 0.04
17 7 0.11
17 8 0.29
17 9 0.14
17 11 0.11
17 12 0.09
17 13 0.36
17 14 0.29
17 15 0.24
17 16 0.18
17 48 5.0E-4
18 1 0.17
18 2 0.05
18 4 0.17
18 5 0.11
18 6 0.18
18 7 0.12
18 10 0.16
18 11 0.06
18 12 0.05
18 13 0.32
18 14 0.28
18 15 0.35
18 16 0.13
18 17 0.14
18 48 6.0E-4
19 4 0.53
19 5 0.35
19 6 0.28
19 10 0.5
13 19 0.1
14 19 0.14
15 19 0.27
18 19 0.32
19 48 0.0036
1 20 0.15
20 4 0.23
20 5 0.15
20 6 0.3
7 20 0.16
20 10 0.21
13 20 0.24
14 20 0.21
15 20 0.12
18 20 0.21
20 19 0.43
20 48 9.0E-4
21 4 0.27
21 5 0.35
21 6 0.14
13 21 0.1
14 21 0.14
15 21 0.14
18 21 0.16
21 19 0.5
20 21 0.21
21 48 9.0E-4
1 22 0.11
2 22 0.21
22 3 0.63
22 4 0.68
22 5 0.22
22 6 0.09
22 8 0.63
9 22 0.32
22 10 0.32
11 22 0.25
12 22 0.21
13 22 0.16
14 22 0.23
15 22 0.26
16 22 0.13
17 22 0.27
18 22 0.1
22 19 0.32
20 22 0.13
22 21 0.32
22 48 0.0041
1 23 0.07
23 2 0.38
23 3 0.39
23 4 0.21
23 8 0.39
23 9 0.29
23 11 0.38
23 12 0.38
13 23 0.27
14 23 0.31
15 23 0.16
23 16 0.08
17 23 0.11
18 23 0.19
23 20 0.08
23 22 0.25
23 48 0.0010
24 1 0.11
24 2 0.64
24 3 0.21
24 4 0.17
24 5 0.07
24 6 0.06
24 7 0.08
24 8 0.21
24 9 0.42
24 10 0.1
24 11 0.53
24 12 0.64
24 13 0.5
24 14 0.55
24 15 0.23
24 16 0.17
24 17 0.3
24 18 0.24
24 19 0.1
24 20 0.13
24 21 0.1
24 22 0.13
24 23 0.41
24 48 9.0E-4
1 25 0.06
25 2 0.72
25 3 0.34
25 4 0.18
25 8 0.34
25 9 0.69
25 11 0.74
25 12 0.78
13 25 0.3
14 25 0.34
15 25 0.09
25 16 0.21
17 25 0.1
18 25 0.11
25 20 0.07
25 22 0.22
23 25 0.54
24 25 0.57
25 48 9.0E-4
2 26 0.61
26 3 0.47
26 4 0.25
26 8 0.47
9 26 0.24
11 26 0.37
12 26 0.69
13 26 0.22
14 26 0.27
15 26 0.19
16 26 0.1
17 26 0.14
18 26 0.08
26 22 0.3
23 26 0.37
24 26 0.44
25 26 0.4
26 48 0.0013
27 2 0.64
27 3 0.39
27 4 0.21
27 8 0.39
27 9 0.78
27 11 0.77
27 12 0.7
13 27 0.27
14 27 0.31
15 27 0.21
27 16 0.24
17 27 0.23
18 27 0.06
27 22 0.25
23 27 0.31
24 27 0.53
25 27 0.67
27 26 0.37
27 48 0.0010
1 28 0.07
2 28 0.66
28 3 0.41
28 4 0.22
28 8 0.41
9 28 0.61
11 28 0.72
12 28 0.73
13 28 0.25
14 28 0.26
15 28 0.11
16 28 0.08
17 28 0.12
28 22 0.26
23 28 0.4
24 28 0.47
25 28 0.7
28 26 0.29
27 28 0.64
28 48 0.0011
2 29 0.26
29 4 0.14
29 5 0.19
29 6 0.08
11 29 0.1
12 29 0.35
13 29 0.19
14 29 0.19
15 29 0.07
18 29 0.09
29 19 0.27
20 29 0.11
29 21 0.27
29 22 0.17
23 29 0.21
24 29 0.28
25 29 0.28
29 26 0.5
27 29 0.1
28 29 0.11
29 48 4.0E-4
2 30 0.32
30 3 1.0
4 30 0.53
30 8 1.0
9 30 0.5
11 30 0.39
12 30 0.32
13 30 0.1
14 30 0.14
15 30 0.27
16 30 0.2
17 30 0.29
22 30 0.63
23 30 0.39
24 30 0.21
25 30 0.34
26 30 0.47
27 30 0.39
28 30 0.41
48 30 0.0042
31 4 0.38
31 5 0.5
31 6 0.3
7 31 0.13
31 10 0.35
13 31 0.15
14 31 0.15
15 31 0.19
17 31 0.2
18 31 0.23
31 19 0.71
20 31 0.3
31 21 0.35
31 22 0.22
24 31 0.15
29 31 0.19
31 48 0.0022
1 32 0.27
32 2 0.49
32 3 0.17
32 4 0.09
32 6 0.17
7 32 0.12
32 8 0.17
32 9 0.34
32 11 0.43
32 12 0.49
13 32 0.62
14 32 0.58
15 32 0.21
32 16 0.24
17 32 0.22
18 32 0.11
32 20 0.25
32 21 0.08
32 22 0.16
32 23 0.4
24 32 0.6
32 25 0.46
32 26 0.36
32 27 0.43
32 28 0.38
32 29 0.27
32 30 0.17
32 48 4.0E-4
2 33 0.41
33 3 0.63
4 33 0.34
33 8 0.63
9 33 0.32
11 33 0.37
12 33 0.51
13 33 0.16
14 33 0.23
15 33 0.17
16 33 0.13
17 33 0.18
22 33 0.4
23 33 0.5
24 33 0.33
25 33 0.43
26 33 0.45
27 33 0.37
28 33 0.65
29 33 0.17
33 30 0.63
32 33 0.21
48 33 0.0020
2 34 0.57
34 3 0.5
34 4 0.27
34 8 0.5
9 34 0.38
11 34 0.39
12 34 0.57
13 34 0.21
14 34 0.29
15 34 0.2
16 34 0.1
17 34 0.14
18 34 0.08
34 22 0.32
23 34 0.49
24 34 0.42
25 34 0.34
34 26 0.71
27 34 0.49
28 34 0.41
29 34 0.27
34 30 0.5
32 34 0.34
34 33 0.47
34 48 0.0014
1 35 0.25
35 5 0.17
35 6 0.33
7 35 0.34
13 35 0.22
14 35 0.17
17 35 0.14
20 35 0.4
35 22 0.15
24 35 0.1
35 31 0.17
32 35 0.16
35 48 2.0E-4
1 36 0.06
36 2 0.16
36 3 0.33
36 4 0.18
36 6 0.05
7 36 0.06
36 8 0.33
36 9 0.25
36 11 0.2
36 12 0.16
13 36 0.31
14 36 0.36
15 36 0.23
36 16 0.2
17 36 0.24
18 36 0.27
36 20 0.21
36 22 0.21
36 23 0.33
24 36 0.38
36 25 0.29
36 26 0.16
36 27 0.26
36 28 0.2
36 30 0.33
36 32 0.31
36 33 0.21
36 34 0.17
36 35 0.08
36 48 6.0E-4
1 37 0.06
37 2 0.32
37 3 0.32
37 4 0.17
37 5 0.11
37 8 0.32
37 9 0.16
37 11 0.19
37 12 0.26
13 37 0.32
14 37 0.26
15 37 0.35
37 16 0.07
17 37 0.19
18 37 0.05
37 20 0.07
37 22 0.21
37 23 0.32
24 37 0.34
37 25 0.11
37 26 0.38
37 27 0.25
37 28 0.13
37 29 0.09
37 30 0.32
37 32 0.33
37 33 0.21
37 34 0.41
37 36 0.27
37 48 6.0E-4
1 38 0.04
38 2 0.72
38 3 0.23
38 4 0.12
38 6 0.03
38 8 0.23
38 9 0.46
38 11 0.59
38 12 0.72
13 38 0.45
14 38 0.55
15 38 0.13
38 16 0.19
17 38 0.1
18 38 0.04
38 20 0.1
38 22 0.15
23 38 0.32
24 38 0.56
25 38 0.56
38 26 0.49
38 27 0.55
38 28 0.57
38 29 0.25
38 30 0.23
32 38 0.57
38 33 0.37
38 34 0.46
38 35 0.05
36 38 0.12
37 38 0.23
38 48 5.0E-4
1 39 0.08
39 2 0.11
39 3 0.11
39 4 0.06
39 6 0.16
7 39 0.08
39 8 0.11
39 9 0.17
39 11 0.13
39 12 0.11
13 39 0.45
14 39 0.51
15 39 0.09
39 16 0.19
17 39 0.1
39 20 0.29
39 22 0.15
23 39 0.09
24 39 0.19
25 39 0.12
39 26 0.05
39 27 0.18
39 28 0.14
39 30 0.11
32 39 0.47
39 33 0.07
39 34 0.11
39 35 0.22
36 39 0.11
37 39 0.04
39 38 0.51
39 48 1.0E-4
2 40 0.32
40 3 1.0
4 40 0.53
40 8 1.0
9 40 0.5
11 40 0.39
12 40 0.32
13 40 0.1
14 40 0.14
15 40 0.27
16 40 0.2
17 40 0.29
22 40 0.63
23 40 0.39
24 40 0.21
25 40 0.34
26 40 0.47
27 40 0.39
28 40 0.41
40 30 1.0
32 40 0.17
33 40 0.63
34 40 0.5
36 40 0.33
37 40 0.32
38 40 0.23
39 40 0.11
48 40 0.0042
41 1 0.2
41 2 0.37
41 3 0.38
41 4 0.4
41 6 0.16
41 7 0.14
41 8 0.38
41 9 0.38
41 10 0.38
41 11 0.3
41 12 0.43
41 13 0.28
41 14 0.24
41 15 0.21
41 16 0.08
41 17 0.16
41 18 0.18
41 19 0.19
41 20 0.08
41 22 0.36
41 23 0.3
41 24 0.39
41 25 0.45
41 26 0.36
41 27 0.37
41 28 0.46
41 29 0.2
41 30 0.38
41 31 0.13
41 32 0.26
41 33 0.48
41 34 0.38
41 36 0.19
41 37 0.12
41 38 0.31
41 39 0.17
41 40 0.38
41 48 0.0019
42 2 0.73
42 3 0.41
42 4 0.22
42 8 0.41
42 9 0.71
42 11 0.88
42 12 0.79
13 42 0.25
14 42 0.29
15 42 0.17
42 16 0.25
17 42 0.12
18 42 0.07
42 22 0.26
23 42 0.32
24 42 0.51
25 42 0.77
42 26 0.48
42 27 0.8
42 28 0.67
42 29 0.22
42 30 0.41
32 42 0.41
42 33 0.39
42 34 0.41
36 42 0.2
37 42 0.2
38 42 0.57
39 42 0.09
42 40 0.41
41 42 0.31
42 48 0.0011
2 43 0.46
43 3 0.71
43 4 0.38
43 8 0.71
9 43 0.35
11 43 0.55
12 43 0.46
13 43 0.15
14 43 0.2
15 43 0.19
16 43 0.14
17 43 0.2
43 22 0.45
23 43 0.55
24 43 0.29
25 43 0.36
43 26 0.5
27 43 0.28
28 43 0.43
29 43 0.19
43 30 0.71
32 43 0.24
43 33 0.67
34 43 0.35
36 43 0.24
37 43 0.23
38 43 0.33
39 43 0.08
43 40 0.71
41 43 0.27
42 43 0.43
43 48 0.0025
2 44 0.51
44 3 0.63
44 4 0.34
44 8 0.63
9 44 0.32
11 44 0.5
12 44 0.51
13 44 0.16
14 44 0.18
15 44 0.17
16 44 0.13
17 44 0.18
44 22 0.4
23 44 0.37
24 44 0.33
25 44 0.54
44 26 0.6
27 44 0.25
28 44 0.39
29 44 0.34
44 30 0.63
32 44 0.27
44 33 0.4
34 44 0.32
36 44 0.21
37 44 0.21
38 44 0.37
39 44 0.07
44 40 0.63
41 44 0.36
42 44 0.52
44 43 0.67
44 48 0.0020
45 1 0.13
45 2 0.06
45 3 0.18
45 4 0.28
45 6 0.1
45 7 0.06
45 8 0.18
45 9 0.09
45 10 0.35
45 11 0.07
45 12 0.06
45 13 0.29
45 14 0.28
45 15 0.14
45 16 0.14
45 17 0.26
45 18 0.23
45 19 0.18
45 20 0.15
45 22 0.22
45 23 0.21
45 24 0.26
45 25 0.18
45 26 0.08
45 27 0.07
45 28 0.07
45 30 0.18
45 31 0.25
45 32 0.18
45 33 0.11
45 34 0.09
45 35 0.08
45 36 0.29
45 37 0.11
45 38 0.04
45 40 0.18
45 41 0.27
45 42 0.07
45 43 0.13
45 44 0.11
45 48 7.0E-4
4 46 0.38
6 46 0.2
46 10 0.71
13 46 0.07
14 46 0.1
15 46 0.19
18 46 0.23
19 46 0.71
20 46 0.3
24 46 0.15
31 46 0.5
41 46 0.27
45 46 0.25
48 46 0.0018
1 47 0.08
47 2 0.15
47 3 0.47
47 4 0.5
47 5 0.17
47 6 0.07
47 8 0.47
47 9 0.24
47 10 0.24
47 11 0.18
47 12 0.15
13 47 0.22
14 47 0.27
15 47 0.26
47 16 0.1
17 47 0.2
18 47 0.23
47 19 0.24
47 20 0.2
47 21 0.24
47 22 0.6
47 23 0.55
24 47 0.25
47 25 0.32
47 26 0.22
47 27 0.28
47 28 0.19
47 29 0.13
47 30 0.47
47 31 0.17
47 32 0.28
47 33 0.3
47 34 0.24
47 36 0.47
47 37 0.38
47 38 0.11
47 39 0.05
47 40 0.47
41 47 0.27
47 42 0.19
47 43 0.33
47 44 0.3
45 47 0.33
47 48 0.0025
