*Vertices  94
1 "LED显示屏"
2 "显示器"
3 "衬底"
4 "LED灯"
5 "滤波片"
6 "光纤"
7 "容器"
8 "光膜"
9 "叶片"
10 "荧光粉"
11 "整流器"
12 "开关"
13 "发光荧光材料"
14 "柔性高分子材料"
15 "III-V族半导体材料"
16 "GAN"
17 "塑料光转换荧光粒料"
18 "助剂"
19 "保护层"
20 "PD"
21 "聚合物树脂"
22 "硼酸"
23 "蓝膜"
24 "变压器"
25 "蒸镀方法"
26 "EP"
27 "LED外延片"
28 "外延片"
29 "外延"
30 "LED"
31 "二极管"
32 "掩膜"
33 "玻璃"
34 "通道"
35 "LED光源"
36 "塑料"
37 "腐蚀液"
38 "转换器"
39 "缓冲层"
40 "滤光片"
41 "稀释剂"
42 "光谱仪"
43 "荧光体"
44 "发光体"
45 "硅橡胶"
46 "光刻胶"
47 "半导体"
48 "电路板"
49 "Al2O3"
50 "NH4H2PO4"
51 "GaAs"
52 "MQW"
53 "ITO"
54 "硅氧磷灰石"
55 "键合"
56 "客户"
57 "光子晶体"
58 "荧光光谱"
59 "LED芯片"
60 "芯片"
61 "金属层"
62 "涂层"
63 "电流扩展层"
64 "酸盐"
65 "硅油"
66 "SrCO3"
67 "Eu2O3"
68 "硝酸"
69 "Eu2"
70 "去离子水"
71 "硬脂酰胺"
72 "Li"
73 "液体石蜡"
74 "离子"
75 "电极"
76 "接触层"
77 "电阻"
78 "基色"
79 "光子晶体谐振腔"
80 "丙酮"
81 "激光"
82 "MOCVD"
83 "湿法刻蚀"
84 "干法刻蚀"
85 "湿法腐蚀"
86 "臭氧"
87 "屏幕"
88 "透镜"
89 "反射层"
90 "发光层"
91 "甲基"
92 "激发光"
93 "电流阻挡层"
94 "SiO2"
*Arcs
94 1 0.0
2 1 0.08
2 94 0.0
94 3 0.0010
4 1 0.03
4 2 0.08
4 3 0.03
4 94 1.0E-4
3 5 0.32
94 5 8.0E-4
3 6 0.17
6 5 0.53
94 6 3.0E-4
7 3 0.09
4 7 0.12
94 7 2.0E-4
8 2 0.29
8 4 0.13
8 7 0.22
8 94 1.0E-4
1 9 0.45
4 9 0.08
94 9 1.0E-4
10 1 0.09
10 2 0.14
10 3 0.13
10 4 0.13
10 7 0.22
10 8 0.33
10 94 6.0E-4
11 3 0.07
4 11 0.22
11 7 0.33
94 11 0.0
12 1 0.04
2 12 0.07
4 12 0.37
12 7 0.21
10 12 0.08
12 11 0.2
94 12 0.0
13 2 0.13
13 3 0.18
13 4 0.21
13 7 0.2
13 8 0.31
13 10 0.54
13 12 0.07
13 94 0.0013
14 7 0.38
8 14 0.58
10 14 0.29
13 14 0.27
94 14 3.0E-4
3 15 0.32
15 5 1.0
6 15 0.53
94 15 8.0E-4
16 3 0.65
4 16 0.04
16 5 0.5
16 6 0.27
10 16 0.1
11 16 0.1
16 15 0.5
94 16 6.0E-4
2 17 0.25
4 17 0.11
10 17 0.29
12 17 0.14
13 17 0.27
94 17 4.0E-4
2 18 0.18
4 18 0.08
18 7 0.27
8 18 0.41
10 18 0.41
12 18 0.1
13 18 0.38
18 14 0.71
18 17 0.71
94 18 7.0E-4
3 19 0.23
4 19 0.11
10 19 0.14
11 19 0.14
13 19 0.13
16 19 0.18
94 19 1.0E-4
2 20 0.11
3 20 0.21
20 5 0.63
20 6 0.68
20 15 0.63
16 20 0.32
94 20 4.0E-4
2 21 0.25
4 21 0.11
10 21 0.29
12 21 0.14
13 21 0.27
21 17 1.0
21 18 0.71
94 21 4.0E-4
2 22 0.13
4 22 0.11
22 7 0.19
10 22 0.29
13 22 0.4
94 22 2.0E-4
3 23 0.32
7 23 0.27
94 23 1.0E-4
24 1 0.07
2 24 0.11
24 3 0.05
4 24 0.26
24 7 0.24
10 24 0.06
24 11 0.68
12 24 0.29
24 16 0.08
24 19 0.11
22 24 0.11
94 24 0.0
3 25 0.32
13 25 0.38
94 25 2.0E-4
2 26 0.07
26 3 0.12
4 26 0.12
26 7 0.1
10 26 0.39
26 11 0.08
26 12 0.11
13 26 0.29
26 19 0.13
26 22 0.4
26 23 0.19
26 24 0.11
94 26 5.0E-4
27 3 0.65
4 27 0.04
10 27 0.1
11 27 0.1
27 16 0.75
27 19 0.18
24 27 0.08
94 27 3.0E-4
28 3 0.83
4 28 0.03
28 5 0.39
28 6 0.21
10 28 0.08
11 28 0.08
13 28 0.15
28 15 0.39
28 16 0.78
28 19 0.14
28 20 0.25
24 28 0.06
28 25 0.39
26 28 0.07
28 27 0.78
94 28 9.0E-4
29 3 0.95
4 29 0.05
29 5 0.32
29 6 0.17
10 29 0.13
11 29 0.07
13 29 0.25
29 15 0.32
29 16 0.65
29 19 0.23
29 20 0.21
29 23 0.16
24 29 0.05
29 25 0.32
26 29 0.06
29 27 0.65
29 28 0.83
94 29 0.0010
30 1 0.23
30 2 0.29
30 3 0.32
30 4 0.67
30 5 0.1
30 6 0.19
30 7 0.19
30 8 0.13
30 9 0.1
30 10 0.25
30 11 0.25
30 12 0.54
30 13 0.28
30 14 0.07
30 15 0.1
30 16 0.21
30 17 0.07
30 18 0.1
30 19 0.15
30 20 0.16
30 21 0.07
30 22 0.15
30 23 0.1
30 24 0.34
30 25 0.1
30 26 0.28
30 27 0.21
30 28 0.27
30 29 0.32
30 94 6.0E-4
31 1 0.06
31 2 0.15
31 3 0.37
31 4 0.32
31 5 0.14
31 6 0.23
31 7 0.23
31 8 0.12
31 10 0.23
31 11 0.35
31 12 0.46
31 13 0.33
31 14 0.1
31 15 0.14
31 16 0.25
31 17 0.1
31 18 0.14
31 19 0.1
31 20 0.18
31 21 0.1
31 22 0.1
31 23 0.14
31 24 0.39
31 25 0.14
31 26 0.22
31 27 0.22
31 28 0.31
31 29 0.37
31 30 0.72
31 94 7.0E-4
3 32 0.23
4 32 0.11
11 32 0.29
16 32 0.35
19 32 0.5
24 32 0.21
27 32 0.35
28 32 0.28
29 32 0.23
30 32 0.07
31 32 0.1
94 32 3.0E-4
33 1 0.18
33 2 0.19
33 3 0.13
33 4 0.27
33 5 0.27
33 6 0.29
33 8 0.11
33 9 0.27
33 10 0.11
33 12 0.18
33 13 0.1
33 15 0.27
33 16 0.14
33 20 0.34
33 22 0.19
33 24 0.08
33 26 0.21
33 28 0.16
33 29 0.13
33 30 0.38
33 31 0.27
33 94 2.0E-4
2 34 0.07
34 3 0.2
4 34 0.22
34 5 0.2
34 6 0.11
12 34 0.04
34 15 0.2
34 16 0.31
34 20 0.13
34 27 0.2
34 28 0.24
34 29 0.2
30 34 0.25
31 34 0.23
33 34 0.11
94 34 1.0E-4
35 2 0.15
35 3 0.09
35 4 0.36
35 5 0.29
35 6 0.15
35 7 0.08
35 8 0.12
35 10 0.24
35 11 0.06
35 12 0.06
35 13 0.16
35 15 0.29
35 16 0.14
35 20 0.18
35 22 0.31
35 24 0.09
35 26 0.22
35 28 0.11
35 29 0.09
35 30 0.36
35 31 0.29
35 33 0.24
35 34 0.18
35 94 1.0E-4
36 1 0.07
36 2 0.17
36 3 0.05
36 4 0.28
36 6 0.17
36 7 0.17
36 8 0.26
36 9 0.16
36 10 0.2
36 12 0.16
36 13 0.18
36 14 0.23
36 17 0.23
36 18 0.32
36 20 0.21
36 21 0.23
36 24 0.05
36 26 0.06
36 28 0.06
36 29 0.05
36 30 0.32
36 31 0.28
36 33 0.35
36 34 0.13
36 35 0.14
36 94 2.0E-4
3 37 0.56
4 37 0.04
7 37 0.15
11 37 0.12
16 37 0.14
19 37 0.2
37 23 0.29
24 37 0.09
26 37 0.22
27 37 0.29
28 37 0.34
29 37 0.47
30 37 0.18
31 37 0.25
37 32 0.41
33 37 0.08
36 37 0.09
94 37 5.0E-4
38 1 0.1
2 38 0.15
4 38 0.1
38 6 0.23
10 38 0.09
12 38 0.25
13 38 0.08
38 17 0.3
38 18 0.21
38 20 0.27
38 21 0.3
24 38 0.06
26 38 0.08
30 38 0.24
31 38 0.21
33 38 0.12
36 38 0.21
94 38 1.0E-4
39 3 0.65
10 39 0.1
13 39 0.19
39 16 0.63
39 25 0.5
39 27 0.75
39 28 0.78
39 29 0.65
30 39 0.21
31 39 0.22
39 34 0.2
94 39 1.0E-4
2 40 0.11
3 40 0.21
40 5 0.63
40 6 0.68
12 40 0.06
40 15 0.63
16 40 0.32
40 20 0.6
28 40 0.25
29 40 0.21
30 40 0.16
31 40 0.23
33 40 0.26
34 40 0.13
35 40 0.27
36 40 0.1
38 40 0.13
94 40 4.0E-4
2 41 0.14
41 7 0.22
8 41 0.33
10 41 0.17
13 41 0.15
41 14 0.58
41 18 0.41
22 41 0.29
24 41 0.12
26 41 0.31
30 41 0.13
31 41 0.18
33 41 0.22
35 41 0.12
36 41 0.13
94 41 2.0E-4
4 42 0.08
42 6 0.27
13 42 0.19
42 22 0.35
42 26 0.19
30 42 0.1
31 42 0.07
42 40 0.32
94 42 2.0E-4
43 7 0.22
8 43 0.33
10 43 0.5
13 43 0.46
43 14 0.58
43 18 0.41
22 43 0.29
26 43 0.31
30 43 0.13
31 43 0.18
33 43 0.11
35 43 0.12
36 43 0.13
43 41 0.33
94 43 6.0E-4
44 2 0.09
44 4 0.21
44 8 0.22
44 10 0.22
44 12 0.1
44 13 0.2
44 26 0.1
44 30 0.19
44 31 0.23
44 33 0.15
44 34 0.11
44 35 0.23
44 36 0.09
44 43 0.22
44 94 1.0E-4
2 45 0.14
4 45 0.06
45 7 0.44
8 45 0.33
10 45 0.33
13 45 0.31
45 14 0.58
45 18 0.41
22 45 0.58
24 45 0.12
26 45 0.15
30 45 0.13
31 45 0.12
33 45 0.11
35 45 0.24
36 45 0.13
45 41 0.67
45 43 0.33
94 45 2.0E-4
3 46 0.46
4 46 0.05
11 46 0.14
16 46 0.18
19 46 0.25
24 46 0.11
26 46 0.13
27 46 0.35
28 46 0.42
29 46 0.46
30 46 0.15
31 46 0.2
46 32 0.5
33 46 0.1
36 46 0.11
37 46 0.82
94 46 3.0E-4
47 1 0.05
47 2 0.11
47 3 0.64
47 4 0.29
47 5 0.21
47 6 0.17
47 7 0.22
47 8 0.09
47 9 0.1
47 10 0.34
47 11 0.17
47 12 0.14
47 13 0.43
47 15 0.21
47 16 0.42
47 17 0.15
47 18 0.1
47 19 0.15
47 20 0.2
47 21 0.15
47 22 0.22
47 23 0.21
47 24 0.19
47 25 0.21
47 26 0.28
47 27 0.42
47 28 0.53
47 29 0.64
47 30 0.5
47 31 0.55
47 32 0.15
47 33 0.23
47 34 0.17
47 35 0.3
47 36 0.24
47 37 0.36
47 38 0.13
47 39 0.42
47 40 0.13
47 41 0.09
47 43 0.17
47 44 0.11
47 45 0.17
47 46 0.29
47 94 0.0011
48 1 0.13
48 2 0.26
48 4 0.4
48 7 0.08
48 8 0.24
48 9 0.29
48 10 0.12
48 12 0.14
48 13 0.16
48 22 0.1
48 24 0.04
48 26 0.05
48 30 0.36
48 31 0.17
48 33 0.39
48 34 0.06
48 35 0.17
48 36 0.19
48 40 0.09
48 41 0.12
48 44 0.23
48 45 0.12
48 47 0.15
48 94 0.0
2 49 0.06
49 3 0.72
4 49 0.08
49 5 0.34
49 6 0.18
49 7 0.09
8 49 0.14
10 49 0.35
49 11 0.07
49 12 0.03
13 49 0.45
49 14 0.24
49 15 0.34
49 16 0.69
49 17 0.24
49 18 0.34
49 19 0.24
49 20 0.22
49 21 0.24
49 24 0.05
49 25 0.34
26 49 0.06
49 27 0.6
49 28 0.74
49 29 0.78
30 49 0.3
31 49 0.34
49 32 0.24
33 49 0.09
49 34 0.21
35 49 0.1
36 49 0.11
49 37 0.1
49 38 0.07
49 39 0.69
49 40 0.22
49 41 0.14
49 43 0.14
49 45 0.14
49 46 0.12
47 49 0.57
94 49 0.0016
10 50 0.29
13 50 0.27
26 50 0.27
30 50 0.07
31 50 0.1
43 50 0.58
44 50 0.38
47 50 0.15
94 50 3.0E-4
3 51 0.61
4 51 0.04
51 5 0.47
51 6 0.25
10 51 0.1
13 51 0.18
51 15 0.47
16 51 0.24
51 20 0.3
23 51 0.24
51 25 0.24
26 51 0.09
28 51 0.37
29 51 0.69
30 51 0.22
31 51 0.27
33 51 0.19
34 51 0.1
35 51 0.14
36 51 0.08
37 51 0.41
39 51 0.12
51 40 0.3
51 46 0.33
47 51 0.44
49 51 0.4
94 51 8.0E-4
52 3 0.64
4 52 0.09
52 5 0.39
52 6 0.21
10 52 0.16
11 52 0.16
12 52 0.04
13 52 0.15
52 15 0.39
52 16 0.78
52 19 0.14
52 20 0.25
22 52 0.14
24 52 0.12
26 52 0.22
52 27 0.69
52 28 0.77
52 29 0.7
30 52 0.27
31 52 0.31
52 32 0.28
33 52 0.21
52 34 0.24
35 52 0.23
36 52 0.06
52 37 0.23
52 39 0.59
52 40 0.25
43 52 0.16
52 46 0.28
47 52 0.53
49 52 0.67
52 51 0.37
94 52 7.0E-4
2 53 0.07
3 53 0.66
4 53 0.06
53 5 0.41
53 6 0.22
10 53 0.08
11 53 0.08
13 53 0.23
53 15 0.41
16 53 0.61
53 19 0.29
53 20 0.26
24 53 0.06
53 25 0.2
27 53 0.61
28 53 0.72
29 53 0.73
30 53 0.25
31 53 0.26
53 32 0.29
33 53 0.11
34 53 0.08
35 53 0.12
53 37 0.24
39 53 0.51
53 40 0.26
53 46 0.29
47 53 0.47
49 53 0.7
53 51 0.29
52 53 0.64
94 53 8.0E-4
10 54 0.29
13 54 0.27
26 54 0.27
30 54 0.07
31 54 0.1
43 54 0.58
44 54 0.38
47 54 0.15
54 50 1.0
94 54 3.0E-4
3 55 0.26
4 55 0.04
55 6 0.14
10 55 0.22
13 55 0.2
55 19 0.19
55 20 0.17
55 25 0.27
26 55 0.1
28 55 0.1
29 55 0.35
30 55 0.19
31 55 0.19
33 55 0.07
36 55 0.09
55 37 0.15
38 55 0.11
39 55 0.13
55 40 0.17
47 55 0.28
49 55 0.28
55 51 0.5
52 55 0.1
53 55 0.11
94 55 2.0E-4
2 56 0.2
4 56 0.22
8 56 0.24
10 56 0.12
12 56 0.17
13 56 0.11
56 17 0.41
56 18 0.29
56 21 0.41
26 56 0.11
30 56 0.18
31 56 0.08
33 56 0.08
56 34 0.12
35 56 0.08
36 56 0.09
38 56 0.12
44 56 0.15
47 56 0.12
48 56 0.17
49 56 0.1
94 56 1.0E-4
3 57 0.32
57 5 1.0
6 57 0.53
57 15 1.0
16 57 0.5
20 57 0.63
28 57 0.39
29 57 0.32
30 57 0.1
31 57 0.14
33 57 0.27
34 57 0.2
35 57 0.29
40 57 0.63
47 57 0.21
49 57 0.34
51 57 0.47
52 57 0.39
53 57 0.41
94 57 8.0E-4
4 58 0.08
58 6 0.27
13 58 0.19
58 22 0.35
58 26 0.19
30 58 0.1
31 58 0.07
58 40 0.32
58 42 1.0
58 94 2.0E-4
59 3 0.5
4 59 0.19
59 7 0.25
8 59 0.13
10 59 0.31
59 11 0.13
59 12 0.03
13 59 0.17
59 14 0.22
59 16 0.39
59 18 0.15
59 19 0.22
22 59 0.22
59 23 0.15
59 24 0.09
26 59 0.29
59 27 0.54
59 28 0.48
59 29 0.45
30 59 0.34
31 59 0.33
59 32 0.22
33 59 0.08
59 34 0.31
35 59 0.18
36 59 0.1
59 37 0.36
59 39 0.39
59 41 0.13
59 43 0.25
59 45 0.25
59 46 0.33
47 59 0.51
48 59 0.04
49 59 0.42
59 51 0.15
59 52 0.54
59 53 0.31
59 55 0.25
94 59 4.0E-4
60 1 0.08
2 60 0.27
60 3 0.49
4 60 0.3
60 5 0.17
60 6 0.09
60 7 0.14
8 60 0.07
60 9 0.08
10 60 0.35
60 11 0.14
60 12 0.28
13 60 0.35
60 14 0.12
60 15 0.17
60 16 0.34
60 17 0.12
60 18 0.17
60 19 0.12
60 20 0.11
60 21 0.12
60 22 0.24
60 23 0.17
60 24 0.18
60 25 0.17
60 26 0.35
60 27 0.34
60 28 0.43
60 29 0.49
30 60 0.62
31 60 0.58
60 32 0.12
33 60 0.21
60 34 0.24
35 60 0.22
36 60 0.11
60 37 0.29
60 38 0.25
60 39 0.34
60 40 0.16
60 41 0.21
60 42 0.08
60 43 0.21
44 60 0.09
60 45 0.21
60 46 0.24
47 60 0.6
48 60 0.22
60 49 0.46
60 50 0.12
60 51 0.36
60 52 0.43
60 53 0.38
60 54 0.12
60 55 0.27
60 56 0.1
60 57 0.17
60 58 0.08
60 59 0.55
60 94 0.0010
3 61 0.41
4 61 0.05
61 5 0.63
6 61 0.34
13 61 0.24
61 15 0.63
16 61 0.32
19 61 0.22
20 61 0.4
27 61 0.16
28 61 0.37
29 61 0.51
30 61 0.16
31 61 0.23
33 61 0.17
34 61 0.13
35 61 0.18
37 61 0.18
40 61 0.4
46 61 0.22
47 61 0.33
49 61 0.43
51 61 0.45
52 61 0.37
53 61 0.65
55 61 0.17
61 57 0.63
59 61 0.1
60 61 0.21
94 61 0.0010
4 62 0.11
10 62 0.14
13 62 0.13
62 19 0.25
62 24 0.11
26 62 0.13
30 62 0.15
31 62 0.1
33 62 0.1
35 62 0.1
44 62 0.19
47 62 0.07
48 62 0.1
62 49 0.12
60 62 0.06
94 62 1.0E-4
3 63 0.57
4 63 0.08
63 5 0.5
63 6 0.27
7 63 0.13
11 63 0.1
13 63 0.09
63 15 0.5
16 63 0.38
19 63 0.18
63 20 0.32
63 23 0.5
24 63 0.08
26 63 0.19
27 63 0.13
28 63 0.39
29 63 0.57
30 63 0.21
31 63 0.29
63 32 0.35
33 63 0.2
34 63 0.1
35 63 0.14
36 63 0.08
63 37 0.58
63 40 0.32
63 46 0.35
47 63 0.42
49 63 0.34
63 51 0.71
52 63 0.49
53 63 0.41
55 63 0.27
63 57 0.5
59 63 0.23
60 63 0.34
63 61 0.47
94 63 0.0011
2 64 0.17
4 64 0.11
64 7 0.25
8 64 0.19
10 64 0.48
64 12 0.05
13 64 0.53
64 14 0.33
64 17 0.33
64 18 0.47
64 21 0.33
64 22 0.67
64 24 0.07
64 26 0.45
30 64 0.22
31 64 0.24
33 64 0.19
35 64 0.2
36 64 0.15
64 38 0.1
64 41 0.58
64 42 0.24
64 43 0.38
64 45 0.58
47 64 0.29
48 64 0.14
64 49 0.24
64 52 0.09
64 56 0.14
64 58 0.24
64 59 0.22
64 60 0.36
64 62 0.17
64 94 8.0E-4
65 7 0.38
8 65 0.58
10 65 0.29
13 65 0.27
65 14 1.0
65 18 0.71
30 65 0.07
31 65 0.1
36 65 0.23
65 41 0.58
65 43 0.58
65 45 0.58
49 65 0.24
59 65 0.22
60 65 0.12
64 65 0.33
94 65 3.0E-4
4 66 0.08
10 66 0.2
13 66 0.38
66 22 0.35
66 26 0.38
30 66 0.1
31 66 0.07
66 42 0.5
66 43 0.41
44 66 0.27
47 66 0.1
66 50 0.71
66 54 0.71
66 58 0.5
66 60 0.17
66 64 0.24
66 94 7.0E-4
4 67 0.08
10 67 0.2
13 67 0.38
67 22 0.35
67 26 0.38
30 67 0.1
31 67 0.07
67 42 0.5
67 43 0.41
44 67 0.27
47 67 0.1
67 50 0.71
67 54 0.71
67 58 0.5
67 60 0.17
67 64 0.24
67 66 1.0
67 94 7.0E-4
4 68 0.06
10 68 0.33
13 68 0.46
68 22 0.58
68 26 0.46
30 68 0.13
31 68 0.12
33 68 0.11
35 68 0.12
68 42 0.41
68 43 0.33
47 68 0.17
68 49 0.14
68 52 0.16
68 58 0.41
68 59 0.13
68 60 0.21
68 62 0.29
68 64 0.58
68 66 0.41
68 67 0.41
68 94 4.0E-4
4 69 0.05
10 69 0.43
13 69 0.53
69 22 0.5
69 26 0.53
30 69 0.15
31 69 0.15
33 69 0.1
35 69 0.1
69 42 0.35
69 43 0.58
44 69 0.19
47 69 0.22
69 49 0.12
69 50 0.5
69 52 0.14
69 54 0.5
69 58 0.35
69 59 0.11
69 60 0.24
69 62 0.25
69 64 0.5
69 66 0.71
69 67 0.71
69 68 0.87
69 94 8.0E-4
70 3 0.21
4 70 0.05
70 7 0.17
13 70 0.12
70 22 0.22
70 23 0.32
70 26 0.36
70 29 0.1
30 70 0.16
31 70 0.14
70 37 0.37
70 42 0.32
70 46 0.22
47 70 0.2
70 51 0.15
70 58 0.32
70 59 0.1
70 60 0.21
70 63 0.16
70 64 0.3
70 66 0.32
70 67 0.32
70 68 0.26
70 69 0.22
70 94 3.0E-4
2 71 0.25
4 71 0.11
10 71 0.29
12 71 0.14
13 71 0.27
71 17 1.0
71 18 0.71
71 21 1.0
30 71 0.07
31 71 0.1
36 71 0.23
38 71 0.3
47 71 0.15
49 71 0.24
71 56 0.41
60 71 0.12
64 71 0.33
94 71 4.0E-4
2 72 0.06
72 3 0.16
4 72 0.26
72 5 0.33
72 6 0.18
72 7 0.09
8 72 0.14
10 72 0.27
72 12 0.13
13 72 0.31
72 14 0.24
72 15 0.33
72 16 0.25
72 17 0.24
72 18 0.33
72 20 0.21
72 21 0.24
72 22 0.24
72 24 0.05
72 26 0.25
72 27 0.08
72 28 0.2
72 29 0.16
30 72 0.31
31 72 0.36
33 72 0.23
72 34 0.2
35 72 0.24
36 72 0.27
72 38 0.21
72 39 0.08
72 40 0.21
72 41 0.27
72 42 0.17
72 43 0.27
72 45 0.14
47 72 0.38
48 72 0.14
72 49 0.29
72 51 0.16
72 52 0.26
72 53 0.2
72 56 0.1
72 57 0.33
72 58 0.17
72 59 0.21
72 60 0.31
72 61 0.21
72 63 0.17
72 64 0.39
72 65 0.24
72 66 0.17
72 67 0.17
72 68 0.27
72 69 0.24
72 70 0.11
72 71 0.24
72 94 7.0E-4
2 73 0.25
4 73 0.11
10 73 0.29
12 73 0.14
13 73 0.27
73 17 1.0
73 18 0.71
73 21 1.0
30 73 0.07
31 73 0.1
36 73 0.23
38 73 0.3
47 73 0.15
49 73 0.24
73 56 0.41
60 73 0.12
64 73 0.33
73 71 1.0
72 73 0.24
94 73 4.0E-4
74 1 0.15
2 74 0.06
74 3 0.32
4 74 0.13
74 5 0.32
74 6 0.17
74 7 0.09
10 74 0.13
13 74 0.18
74 15 0.32
74 16 0.16
74 20 0.21
74 22 0.34
74 23 0.16
74 24 0.1
74 26 0.49
74 28 0.19
74 29 0.26
30 74 0.32
31 74 0.26
33 74 0.35
74 34 0.07
35 74 0.19
36 74 0.05
74 37 0.37
74 38 0.07
74 40 0.21
74 41 0.26
74 42 0.16
74 43 0.26
44 74 0.09
74 45 0.13
74 46 0.23
47 74 0.34
48 74 0.14
74 49 0.11
74 50 0.23
74 51 0.38
74 52 0.25
74 53 0.13
74 54 0.23
74 55 0.09
74 57 0.32
74 58 0.16
74 59 0.15
74 60 0.33
74 61 0.21
74 62 0.11
74 63 0.41
74 64 0.38
74 66 0.32
74 67 0.32
74 68 0.26
74 69 0.34
74 70 0.51
74 72 0.27
74 94 7.0E-4
2 75 0.04
75 3 0.72
4 75 0.16
75 5 0.23
75 6 0.12
75 7 0.19
10 75 0.09
75 11 0.33
12 75 0.2
13 75 0.22
75 15 0.23
75 16 0.46
75 19 0.16
75 20 0.15
75 23 0.23
75 24 0.39
75 25 0.23
26 75 0.13
75 27 0.46
75 28 0.59
75 29 0.72
30 75 0.45
31 75 0.55
75 32 0.16
33 75 0.13
75 34 0.19
35 75 0.1
36 75 0.04
75 37 0.4
75 38 0.1
75 39 0.46
75 40 0.15
44 75 0.06
75 46 0.33
47 75 0.56
48 75 0.03
49 75 0.56
75 51 0.49
75 52 0.55
75 53 0.57
75 55 0.25
75 56 0.07
75 57 0.23
59 75 0.39
60 75 0.57
75 61 0.37
75 63 0.46
70 75 0.15
72 75 0.12
74 75 0.23
94 75 7.0E-4
76 3 0.61
4 76 0.04
10 76 0.11
11 76 0.11
76 16 0.8
76 19 0.19
24 76 0.08
76 27 0.94
76 28 0.73
76 29 0.61
30 76 0.19
31 76 0.19
76 32 0.38
76 34 0.22
76 37 0.15
76 39 0.8
76 46 0.19
47 76 0.39
49 76 0.64
76 52 0.73
76 53 0.55
59 76 0.49
60 76 0.32
76 63 0.13
72 76 0.09
75 76 0.43
94 76 1.0E-4
2 77 0.08
77 3 0.11
4 77 0.3
77 5 0.11
77 6 0.06
77 7 0.18
10 77 0.05
77 11 0.56
12 77 0.46
13 77 0.04
77 15 0.11
77 16 0.17
77 19 0.08
77 20 0.07
77 24 0.55
26 77 0.09
77 27 0.11
77 28 0.13
77 29 0.11
30 77 0.45
31 77 0.51
77 32 0.16
33 77 0.09
77 34 0.19
35 77 0.1
77 37 0.07
77 38 0.29
77 39 0.06
77 40 0.15
44 77 0.06
77 46 0.08
47 77 0.19
48 77 0.17
49 77 0.12
77 51 0.05
77 52 0.18
77 53 0.14
77 56 0.13
77 57 0.11
59 77 0.11
60 77 0.47
77 61 0.07
77 63 0.11
72 77 0.11
74 77 0.04
77 75 0.51
77 76 0.12
94 77 1.0E-4
78 1 0.39
78 3 0.09
4 78 0.04
78 9 0.29
10 78 0.24
13 78 0.22
78 22 0.41
78 26 0.22
78 29 0.09
30 78 0.18
31 78 0.08
33 78 0.16
35 78 0.08
36 78 0.09
78 42 0.29
78 43 0.24
47 78 0.12
48 78 0.08
78 49 0.1
78 51 0.14
78 52 0.11
78 55 0.15
78 58 0.29
78 59 0.18
78 60 0.15
78 64 0.27
78 66 0.29
78 67 0.29
78 68 0.47
78 69 0.41
78 70 0.18
78 72 0.19
78 74 0.19
78 75 0.07
78 94 3.0E-4
3 79 0.32
79 5 1.0
6 79 0.53
79 15 1.0
16 79 0.5
20 79 0.63
28 79 0.39
29 79 0.32
30 79 0.1
31 79 0.14
33 79 0.27
34 79 0.2
35 79 0.29
40 79 0.63
47 79 0.21
49 79 0.34
51 79 0.47
52 79 0.39
53 79 0.41
79 57 1.0
60 79 0.17
61 79 0.63
63 79 0.5
72 79 0.33
74 79 0.32
75 79 0.23
77 79 0.11
94 79 8.0E-4
2 80 0.1
80 3 0.19
4 80 0.04
80 7 0.15
13 80 0.11
80 22 0.41
80 23 0.29
80 24 0.09
80 26 0.65
80 28 0.11
80 29 0.09
30 80 0.18
31 80 0.17
33 80 0.24
35 80 0.08
36 80 0.09
80 37 0.33
80 41 0.47
80 42 0.29
80 45 0.24
80 46 0.2
47 80 0.18
48 80 0.08
80 51 0.14
80 52 0.11
80 58 0.29
80 59 0.18
80 60 0.24
80 63 0.29
80 64 0.41
80 66 0.29
80 67 0.29
80 68 0.24
80 69 0.2
80 70 0.55
80 72 0.19
80 74 0.56
80 75 0.13
80 78 0.17
80 94 3.0E-4
81 2 0.2
81 3 0.37
81 4 0.12
81 5 0.38
81 6 0.4
81 8 0.31
81 10 0.23
81 11 0.08
81 12 0.04
81 13 0.21
81 15 0.38
81 16 0.38
81 19 0.27
81 20 0.36
81 24 0.06
81 27 0.19
81 28 0.3
81 29 0.43
81 30 0.28
81 31 0.24
81 32 0.27
81 33 0.21
81 34 0.08
81 35 0.16
81 36 0.18
81 37 0.11
81 38 0.08
81 39 0.09
81 40 0.36
81 42 0.19
81 44 0.1
81 46 0.13
81 47 0.39
81 48 0.11
81 49 0.45
81 51 0.36
81 52 0.37
81 53 0.46
81 55 0.2
81 56 0.11
81 57 0.38
81 58 0.19
81 59 0.12
81 60 0.26
81 61 0.48
81 63 0.38
81 72 0.19
81 74 0.12
81 75 0.31
81 76 0.2
81 77 0.17
81 78 0.11
81 79 0.38
81 94 5.0E-4
82 3 0.73
4 82 0.03
82 5 0.41
82 6 0.22
10 82 0.08
13 82 0.23
82 15 0.41
82 16 0.71
82 20 0.26
82 25 0.41
26 82 0.08
82 27 0.61
82 28 0.88
82 29 0.79
30 82 0.25
31 82 0.29
33 82 0.17
82 34 0.25
35 82 0.12
36 82 0.07
82 37 0.12
82 39 0.82
82 40 0.26
82 46 0.14
47 82 0.51
49 82 0.77
82 51 0.48
82 52 0.8
82 53 0.67
82 55 0.22
82 57 0.41
59 82 0.38
60 82 0.41
82 61 0.39
82 63 0.41
72 82 0.2
74 82 0.2
75 82 0.57
82 76 0.65
77 82 0.09
82 79 0.41
80 82 0.12
81 82 0.31
94 82 7.0E-4
3 83 0.46
83 5 0.71
83 6 0.38
13 83 0.13
83 15 0.71
16 83 0.35
83 20 0.45
83 25 0.35
27 83 0.18
28 83 0.55
29 83 0.46
30 83 0.15
31 83 0.2
33 83 0.19
34 83 0.14
35 83 0.2
37 83 0.2
39 83 0.18
83 40 0.45
83 46 0.25
47 83 0.29
49 83 0.36
83 51 0.5
52 83 0.28
53 83 0.43
55 83 0.19
83 57 0.71
59 83 0.11
60 83 0.24
83 61 0.67
63 83 0.35
72 83 0.24
74 83 0.23
75 83 0.33
77 83 0.08
83 79 0.71
81 83 0.27
82 83 0.43
94 83 0.0012
3 84 0.51
84 5 0.63
84 6 0.34
10 84 0.13
13 84 0.24
84 15 0.63
16 84 0.32
84 20 0.4
84 25 0.63
28 84 0.5
29 84 0.51
30 84 0.16
31 84 0.18
33 84 0.17
34 84 0.13
35 84 0.18
39 84 0.32
84 40 0.4
47 84 0.33
49 84 0.54
84 51 0.6
52 84 0.25
53 84 0.39
55 84 0.34
84 57 0.63
59 84 0.1
60 84 0.27
84 61 0.4
63 84 0.32
72 84 0.21
74 84 0.21
75 84 0.37
77 84 0.07
78 84 0.18
84 79 0.63
81 84 0.36
82 84 0.52
84 83 0.67
94 84 8.0E-4
3 85 0.32
4 85 0.08
11 85 0.2
16 85 0.25
19 85 0.35
24 85 0.15
27 85 0.25
28 85 0.2
29 85 0.32
30 85 0.1
31 85 0.14
85 32 0.71
37 85 0.58
46 85 0.35
47 85 0.21
49 85 0.17
51 85 0.24
52 85 0.2
53 85 0.2
55 85 0.27
59 85 0.15
60 85 0.17
63 85 0.5
74 85 0.16
75 85 0.23
76 85 0.27
77 85 0.11
81 85 0.19
94 85 2.0E-4
4 86 0.22
86 7 0.31
8 86 0.24
10 86 0.24
13 86 0.22
86 14 0.41
86 18 0.29
22 86 0.2
24 86 0.09
30 86 0.18
31 86 0.04
33 86 0.24
35 86 0.08
36 86 0.19
86 41 0.24
86 43 0.24
86 45 0.47
47 86 0.06
48 86 0.17
49 86 0.1
59 86 0.18
60 86 0.1
62 86 0.2
64 86 0.27
86 65 0.41
72 86 0.1
74 86 0.28
94 86 1.0E-4
87 1 0.33
2 87 0.13
3 87 0.36
4 87 0.06
7 87 0.1
8 87 0.15
87 9 0.37
11 87 0.07
12 87 0.11
13 87 0.14
16 87 0.18
24 87 0.06
87 25 0.37
26 87 0.07
27 87 0.27
28 87 0.43
29 87 0.36
30 87 0.28
31 87 0.18
33 87 0.15
34 87 0.07
36 87 0.18
37 87 0.21
38 87 0.08
39 87 0.37
87 46 0.26
47 87 0.27
48 87 0.16
49 87 0.25
87 51 0.17
52 87 0.21
53 87 0.22
55 87 0.1
56 87 0.11
59 87 0.23
60 87 0.25
87 61 0.12
63 87 0.09
74 87 0.12
75 87 0.3
76 87 0.2
77 87 0.04
78 87 0.11
80 87 0.11
81 87 0.14
82 87 0.37
87 83 0.26
87 84 0.23
94 87 3.0E-4
88 2 0.13
88 3 0.06
88 4 0.25
88 5 0.18
88 6 0.28
88 7 0.19
88 8 0.29
88 10 0.29
88 12 0.07
88 13 0.33
88 14 0.25
88 15 0.18
88 16 0.09
88 17 0.25
88 18 0.35
88 20 0.22
88 21 0.25
88 22 0.13
88 26 0.07
88 28 0.07
88 29 0.06
88 30 0.29
88 31 0.28
88 33 0.14
88 34 0.14
88 35 0.26
88 36 0.23
88 38 0.15
88 40 0.22
88 41 0.14
88 42 0.18
88 43 0.14
88 44 0.09
88 45 0.29
88 47 0.26
88 48 0.15
88 49 0.18
88 51 0.08
88 52 0.07
88 53 0.07
88 56 0.1
88 57 0.18
88 58 0.18
88 59 0.22
88 60 0.18
88 61 0.11
88 63 0.09
88 64 0.25
88 65 0.25
88 70 0.11
88 71 0.25
88 72 0.29
88 73 0.25
88 74 0.11
88 75 0.04
88 79 0.18
88 80 0.1
88 81 0.27
88 82 0.07
88 83 0.13
88 84 0.11
88 86 0.2
88 94 3.0E-4
89 1 0.12
3 89 0.52
89 9 0.27
10 89 0.11
13 89 0.3
19 89 0.19
89 25 0.53
26 89 0.1
27 89 0.13
28 89 0.42
29 89 0.52
30 89 0.19
31 89 0.19
33 89 0.15
36 89 0.17
37 89 0.31
39 89 0.27
89 46 0.38
47 89 0.33
48 89 0.08
49 89 0.37
89 51 0.38
52 89 0.1
53 89 0.33
55 89 0.29
59 89 0.25
60 89 0.23
89 61 0.34
63 89 0.13
74 89 0.09
75 89 0.37
78 89 0.31
80 89 0.15
81 89 0.2
82 89 0.33
89 83 0.38
89 84 0.51
89 87 0.49
94 89 5.0E-4
3 90 0.61
7 90 0.14
13 90 0.2
16 90 0.13
90 23 0.53
90 25 0.53
26 90 0.2
27 90 0.13
28 90 0.42
29 90 0.52
30 90 0.19
31 90 0.27
33 90 0.07
36 90 0.09
90 37 0.46
39 90 0.4
90 46 0.19
47 90 0.39
49 90 0.28
90 51 0.5
52 90 0.21
90 53 0.22
90 55 0.29
59 90 0.25
60 90 0.32
90 63 0.53
70 90 0.17
74 90 0.26
75 90 0.43
76 90 0.14
80 90 0.31
82 90 0.44
90 83 0.19
90 84 0.34
90 85 0.27
90 87 0.29
90 89 0.43
94 90 3.0E-4
2 91 0.14
91 3 0.33
4 91 0.06
91 7 0.22
8 91 0.17
10 91 0.33
12 91 0.04
13 91 0.23
91 14 0.29
91 16 0.41
91 17 0.29
91 18 0.41
91 21 0.29
22 91 0.29
24 91 0.06
26 91 0.23
91 27 0.51
91 28 0.4
91 29 0.33
30 91 0.25
31 91 0.23
33 91 0.11
91 34 0.08
35 91 0.12
36 91 0.13
38 91 0.09
91 39 0.51
91 41 0.5
91 43 0.17
91 45 0.5
47 91 0.38
48 91 0.12
49 91 0.49
91 52 0.4
91 53 0.33
91 56 0.12
59 91 0.38
60 91 0.38
64 91 0.58
91 65 0.29
70 91 0.26
91 71 0.29
72 91 0.27
91 73 0.29
74 91 0.26
75 91 0.24
91 76 0.55
77 91 0.05
80 91 0.35
81 91 0.08
91 82 0.42
91 86 0.24
91 87 0.15
88 91 0.29
91 90 0.11
94 91 3.0E-4
2 92 0.08
92 3 0.15
4 92 0.07
92 5 0.47
92 6 0.5
92 7 0.13
8 92 0.19
10 92 0.38
92 12 0.05
13 92 0.45
92 14 0.33
92 15 0.47
92 16 0.24
92 17 0.33
92 18 0.47
92 20 0.45
92 21 0.33
92 22 0.33
92 26 0.27
92 28 0.18
92 29 0.15
30 92 0.22
31 92 0.27
33 92 0.26
92 34 0.1
35 92 0.2
36 92 0.23
92 38 0.2
92 40 0.6
92 41 0.19
92 42 0.47
92 43 0.58
44 92 0.13
92 45 0.19
47 92 0.25
92 49 0.32
92 50 0.33
92 51 0.22
92 52 0.28
92 53 0.19
92 54 0.33
92 55 0.13
92 56 0.14
92 57 0.47
92 58 0.47
92 59 0.15
92 60 0.28
92 61 0.3
92 63 0.24
92 64 0.44
92 65 0.33
92 66 0.47
92 67 0.47
92 68 0.38
92 69 0.5
92 70 0.15
92 71 0.33
92 72 0.47
92 73 0.33
92 74 0.38
92 75 0.11
92 77 0.05
92 78 0.27
92 79 0.47
92 80 0.14
81 92 0.27
92 82 0.19
92 83 0.33
92 84 0.3
92 86 0.14
88 92 0.33
92 91 0.19
92 94 0.0017
3 93 0.32
13 93 0.19
23 93 0.5
93 25 0.5
28 93 0.2
29 93 0.32
30 93 0.1
31 93 0.14
39 93 0.25
47 93 0.21
49 93 0.17
93 51 0.47
55 93 0.27
60 93 0.17
63 93 0.25
75 93 0.23
82 93 0.2
93 83 0.35
93 84 0.32
93 87 0.18
93 89 0.27
90 93 0.53
94 93 2.0E-4
