*Vertices  14
1 "LCD显示屏"
2 "显示器"
3 "控制器"
4 "显示技术"
5 "LED"
6 "液晶显示模块"
7 "加热片"
8 "电路板"
9 "ITO"
10 "FPC连接器"
11 "FFC连接器"
12 "芯片"
13 "电极"
14 "SMT"
*Arcs
1 14 0.0216
2 1 0.33
2 14 0.0129
1 3 0.24
2 3 0.24
3 14 0.0119
1 4 0.24
2 4 0.35
3 4 0.34
14 4 0.0188
5 1 0.22
5 2 0.29
5 3 0.3
5 4 0.1
5 14 0.0014
1 6 0.67
2 6 0.38
3 6 0.36
6 4 0.35
5 6 0.15
6 14 0.0447
1 7 0.33
2 7 0.25
3 7 0.24
5 7 0.07
6 7 0.5
14 7 0.0346
8 1 0.2
8 2 0.26
8 3 0.1
8 4 0.14
8 5 0.36
8 6 0.2
8 14 0.0020
9 1 0.19
2 9 0.07
9 3 0.07
5 9 0.25
9 6 0.14
9 7 0.29
9 14 0.0042
1 10 0.33
2 10 0.25
3 10 0.24
5 10 0.07
6 10 0.5
10 7 1.0
9 10 0.29
10 14 0.0346
1 11 0.33
2 11 0.25
3 11 0.24
11 4 0.71
5 11 0.07
6 11 0.5
8 11 0.2
11 14 0.0265
12 1 0.24
2 12 0.27
12 3 0.23
12 4 0.17
5 12 0.62
12 6 0.24
12 7 0.12
8 12 0.22
12 9 0.38
12 10 0.12
12 11 0.12
12 14 0.0036
13 1 0.11
2 13 0.04
13 3 0.12
5 13 0.45
13 6 0.08
13 7 0.16
8 13 0.03
13 9 0.57
13 10 0.16
12 13 0.57
13 14 0.0015
