*Vertices  27
1 "LED灯"
2 "荧光粉"
3 "发光荧光材料"
4 "硼酸"
5 "EP"
6 "LED"
7 "二极管"
8 "光谱仪"
9 "荧光体"
10 "发光体"
11 "SiO2"
12 "半导体"
13 "NH4H2PO4"
14 "硅氧磷灰石"
15 "荧光光谱"
16 "芯片"
17 "酸盐"
18 "Eu2O3"
19 "硝酸"
20 "Eu2"
21 "去离子水"
22 "Li"
23 "离子"
24 "基色"
25 "丙酮"
26 "激发光"
27 "SrCO3"
*Arcs
1 27 2.0E-4
2 1 0.13
2 27 0.0018
3 1 0.21
3 2 0.54
3 27 0.0045
1 4 0.11
2 4 0.29
3 4 0.4
27 4 0.0034
1 5 0.12
2 5 0.39
3 5 0.29
5 4 0.4
27 5 0.0046
6 1 0.67
6 2 0.25
6 3 0.28
6 4 0.15
6 5 0.28
6 27 5.0E-4
7 1 0.32
7 2 0.23
7 3 0.33
7 4 0.1
7 5 0.22
7 6 0.72
7 27 4.0E-4
1 8 0.08
3 8 0.19
8 4 0.35
8 5 0.19
6 8 0.1
7 8 0.07
27 8 0.0055
2 9 0.5
3 9 0.46
4 9 0.29
5 9 0.31
6 9 0.13
7 9 0.18
27 9 0.0055
10 1 0.21
10 2 0.22
10 3 0.2
10 5 0.1
10 6 0.19
10 7 0.23
10 9 0.22
10 27 0.0020
1 11 0.12
2 11 0.32
3 11 0.52
11 4 0.14
11 5 0.3
6 11 0.27
7 11 0.31
11 8 0.2
11 9 0.32
10 11 0.1
27 11 0.0045
12 1 0.29
12 2 0.34
12 3 0.43
12 4 0.22
12 5 0.28
12 6 0.5
12 7 0.55
12 9 0.17
12 10 0.11
12 11 0.41
12 27 6.0E-4
2 13 0.29
3 13 0.27
5 13 0.27
6 13 0.07
7 13 0.1
9 13 0.58
10 13 0.38
11 13 0.28
12 13 0.15
27 13 0.0108
2 14 0.29
3 14 0.27
5 14 0.27
6 14 0.07
7 14 0.1
9 14 0.58
10 14 0.38
11 14 0.28
12 14 0.15
14 13 1.0
27 14 0.0108
1 15 0.08
3 15 0.19
15 4 0.35
15 5 0.19
6 15 0.1
7 15 0.07
15 8 1.0
15 11 0.2
27 15 0.0055
1 16 0.3
2 16 0.35
3 16 0.35
16 4 0.24
16 5 0.35
6 16 0.62
7 16 0.58
16 8 0.08
16 9 0.21
10 16 0.09
16 11 0.4
12 16 0.6
16 13 0.12
16 14 0.12
16 15 0.08
27 16 0.0011
1 17 0.11
2 17 0.48
3 17 0.53
17 4 0.67
17 5 0.45
6 17 0.22
7 17 0.24
17 8 0.24
17 9 0.38
17 11 0.37
12 17 0.29
17 15 0.24
17 16 0.36
27 17 0.0022
1 18 0.08
2 18 0.2
3 18 0.38
18 4 0.35
18 5 0.38
6 18 0.1
7 18 0.07
18 8 0.5
18 9 0.41
10 18 0.27
18 11 0.39
12 18 0.1
18 13 0.71
18 14 0.71
18 15 0.5
18 16 0.17
18 17 0.24
18 27 0.021
1 19 0.06
2 19 0.33
3 19 0.46
19 4 0.58
19 5 0.46
6 19 0.13
7 19 0.12
19 8 0.41
19 9 0.33
19 11 0.32
12 19 0.17
19 15 0.41
19 16 0.21
19 17 0.58
19 18 0.41
19 27 0.0046
1 20 0.05
2 20 0.43
3 20 0.53
20 4 0.5
20 5 0.53
6 20 0.15
7 20 0.15
20 8 0.35
20 9 0.58
10 20 0.19
20 11 0.42
12 20 0.22
20 13 0.5
20 14 0.5
20 15 0.35
20 16 0.24
20 17 0.5
20 18 0.71
20 19 0.87
20 27 0.0131
1 21 0.05
3 21 0.12
21 4 0.22
21 5 0.36
6 21 0.16
7 21 0.14
21 8 0.32
21 11 0.25
12 21 0.2
21 15 0.32
21 16 0.21
21 17 0.3
21 18 0.32
21 19 0.26
21 20 0.22
21 27 0.0024
1 22 0.26
2 22 0.27
3 22 0.31
22 4 0.24
22 5 0.25
6 22 0.31
7 22 0.36
22 8 0.17
22 9 0.27
22 11 0.33
12 22 0.38
22 15 0.17
22 16 0.31
22 17 0.39
22 18 0.17
22 19 0.27
22 20 0.24
22 21 0.11
22 27 0.0010
1 23 0.13
2 23 0.13
3 23 0.18
23 4 0.34
23 5 0.49
6 23 0.32
7 23 0.26
23 8 0.16
23 9 0.26
10 23 0.09
23 11 0.32
12 23 0.34
23 13 0.23
23 14 0.23
23 15 0.16
23 16 0.33
23 17 0.38
23 18 0.32
23 19 0.26
23 20 0.34
23 21 0.51
23 22 0.27
23 27 0.0032
1 24 0.04
2 24 0.24
3 24 0.22
24 4 0.41
24 5 0.22
6 24 0.18
7 24 0.08
24 8 0.29
24 9 0.24
24 11 0.23
12 24 0.12
24 15 0.29
24 16 0.15
24 17 0.27
24 18 0.29
24 19 0.47
24 20 0.41
24 21 0.18
24 22 0.19
24 23 0.19
24 27 0.0023
1 25 0.04
3 25 0.11
25 4 0.41
25 5 0.65
6 25 0.18
7 25 0.17
25 8 0.29
25 11 0.23
12 25 0.18
25 15 0.29
25 16 0.24
25 17 0.41
25 18 0.29
25 19 0.24
25 20 0.2
25 21 0.55
25 22 0.19
25 23 0.56
25 24 0.17
25 27 0.0022
1 26 0.07
2 26 0.38
3 26 0.45
26 4 0.33
26 5 0.27
6 26 0.22
7 26 0.27
26 8 0.47
26 9 0.58
10 26 0.13
26 11 0.55
12 26 0.25
26 13 0.33
26 14 0.33
26 15 0.47
26 16 0.28
26 17 0.44
26 18 0.47
26 19 0.38
26 20 0.5
26 21 0.15
26 22 0.47
26 23 0.38
26 24 0.27
26 25 0.14
26 27 0.0068
