*Vertices  15
1 "控制器"
2 "处理器"
3 "开关"
4 "EP"
5 "LED"
6 "模糊增强算法"
7 "转换器"
8 "晶体振荡器"
9 "IP软核"
10 "存储器"
11 "Li"
12 "灰度"
13 "边缘检测"
14 "DMA"
15 "VGA"
*Arcs
15 1 0.0036
2 1 0.44
2 15 0.0042
3 1 0.23
2 3 0.21
3 15 0.0014
4 1 0.06
2 4 0.14
4 3 0.11
4 15 0.0043
5 1 0.3
5 2 0.28
5 3 0.54
5 4 0.28
5 15 5.0E-4
6 1 0.24
2 6 0.26
3 6 0.14
4 6 0.27
5 6 0.07
15 6 0.0475
7 1 0.22
2 7 0.16
3 7 0.25
4 7 0.08
5 7 0.24
7 6 0.3
7 15 0.0056
8 1 0.14
2 8 0.15
3 8 0.24
4 8 0.15
5 8 0.13
8 6 0.58
8 7 0.35
8 15 0.0184
9 1 0.24
2 9 0.26
3 9 0.14
4 9 0.27
5 9 0.07
9 6 1.0
7 9 0.3
8 9 0.58
15 9 0.0475
10 1 0.16
2 10 0.34
3 10 0.23
4 10 0.09
5 10 0.22
10 6 0.33
7 10 0.4
8 10 0.19
10 9 0.33
15 10 0.0064
11 1 0.06
2 11 0.06
11 3 0.13
11 4 0.25
5 11 0.31
11 6 0.24
11 7 0.21
11 8 0.27
11 9 0.24
11 10 0.08
11 15 0.0035
12 1 0.24
2 12 0.26
3 12 0.14
4 12 0.27
5 12 0.07
12 6 1.0
7 12 0.3
8 12 0.58
12 9 1.0
12 10 0.33
11 12 0.24
15 12 0.0475
13 1 0.24
2 13 0.26
3 13 0.14
4 13 0.27
5 13 0.07
13 6 1.0
7 13 0.3
8 13 0.58
13 9 1.0
13 10 0.33
11 13 0.24
13 12 1.0
15 13 0.0475
14 1 0.28
2 14 0.3
3 14 0.08
4 14 0.31
5 14 0.13
14 6 0.58
7 14 0.17
8 14 0.33
14 9 0.58
14 10 0.19
11 14 0.14
14 12 0.58
14 13 0.58
14 15 0.0187
