*Vertices  15
1 "电容"
2 "传感器"
3 "单片机"
4 "开关"
5 "LED"
6 "二极管"
7 "转换器"
8 "晶体振荡器"
9 "ESD"
10 "芯片"
11 "Li"
12 "电阻"
13 "发射模块"
14 "插座"
15 "Zigbee"
*Arcs
1 15 0.0051
1 2 0.08
2 15 0.0047
3 1 0.19
3 2 0.28
3 15 0.0063
4 1 0.42
4 2 0.19
4 3 0.19
4 15 0.0031
5 1 0.36
5 2 0.37
5 3 0.32
5 4 0.54
5 15 0.0013
6 1 0.39
6 2 0.2
6 3 0.16
6 4 0.46
6 5 0.72
6 15 0.0017
1 7 0.25
7 2 0.3
3 7 0.14
4 7 0.25
5 7 0.24
6 7 0.21
7 15 0.0103
8 1 0.24
8 2 0.12
3 8 0.26
4 8 0.24
5 8 0.13
6 8 0.06
8 7 0.35
8 15 0.0334
1 9 0.09
9 2 0.09
3 9 0.1
4 9 0.06
5 9 0.16
6 9 0.14
7 9 0.13
8 9 0.26
9 15 0.0203
10 1 0.37
10 2 0.17
10 3 0.33
10 4 0.28
5 10 0.62
6 10 0.58
10 7 0.25
10 8 0.14
10 9 0.27
10 15 0.0024
11 1 0.05
11 2 0.05
11 3 0.05
11 4 0.13
5 11 0.31
6 11 0.36
11 7 0.21
11 8 0.27
11 9 0.11
11 10 0.31
11 15 0.0065
12 1 0.73
12 2 0.16
3 12 0.22
4 12 0.46
5 12 0.45
6 12 0.51
12 7 0.29
12 8 0.19
12 9 0.07
10 12 0.47
11 12 0.11
12 15 0.0036
1 13 0.2
2 13 0.2
3 13 0.23
4 13 0.14
5 13 0.07
6 13 0.1
7 13 0.3
8 13 0.58
9 13 0.45
10 13 0.12
11 13 0.24
12 13 0.16
13 15 0.0696
1 14 0.17
14 2 0.16
3 14 0.19
4 14 0.28
5 14 0.18
6 14 0.17
7 14 0.12
8 14 0.24
14 9 0.18
10 14 0.1
11 14 0.1
12 14 0.13
14 13 0.41
14 15 0.017
