*Vertices  69
1 "LCD显示屏"
2 "显示器"
3 "LED灯"
4 "电容"
5 "容器"
6 "传感器"
7 "控制器"
8 "单片机"
9 "发生器"
10 "整流器"
11 "开关"
12 "发光荧光材料"
13 "触发脉冲"
14 "功率因数校正"
15 "模数转换集成块"
16 "变压器"
17 "稳压块"
18 "发光板"
19 "EP"
20 "LED"
21 "液晶显示模块"
22 "二极管"
23 "整流二极管"
24 "稳压二极管"
25 "玻璃"
26 "通道"
27 "接收管"
28 "LED光源"
29 "转换器"
30 "铝基板"
31 "晶体振荡器"
32 "红外线发射管"
33 "滤光片"
34 "发光体"
35 "放大器"
36 "半导体"
37 "电路板"
38 "MQW"
39 "GPIO"
40 "客户"
41 "焊盘"
42 "滑动变阻器"
43 "摄像机"
44 "太阳能"
45 "蓄电池"
46 "充电电池"
47 "锂电池"
48 "LED芯片"
49 "芯片"
50 "电抗器"
51 "继电器"
52 "充电器"
53 "存储器"
54 "电感"
55 "电极"
56 "电阻"
57 "脉冲信号"
58 "超声波"
59 "空穴"
60 "射灯"
61 "检测仪"
62 "光电耦合器"
63 "屏幕"
64 "蜂鸣器"
65 "扬声器"
66 "发光管"
67 "提示仪"
68 "晶体闸流管"
69 "三极管"
*Arcs
69 1 1.0E-4
2 1 0.33
2 69 1.0E-4
3 1 0.04
3 2 0.08
3 69 8.0E-4
3 4 0.29
69 4 0.0047
3 5 0.12
4 5 0.23
69 5 5.0E-4
1 6 0.13
2 6 0.25
3 6 0.13
4 6 0.08
69 6 1.0E-4
1 7 0.24
2 7 0.24
3 7 0.11
4 7 0.15
5 7 0.09
7 6 0.19
69 7 3.0E-4
8 1 0.08
2 8 0.52
3 8 0.13
8 4 0.19
8 6 0.28
8 7 0.17
8 69 3.0E-4
3 9 0.22
8 9 0.11
69 9 1.0E-4
3 10 0.22
4 10 0.53
10 5 0.33
10 7 0.07
69 10 0.0021
11 1 0.14
2 11 0.07
3 11 0.37
11 4 0.42
11 5 0.21
11 6 0.19
11 7 0.23
11 8 0.19
11 9 0.07
11 10 0.2
11 69 0.0020
12 2 0.13
12 3 0.21
12 5 0.2
12 8 0.06
12 9 0.13
12 11 0.07
12 69 1.0E-4
4 13 0.2
7 13 0.24
69 13 5.0E-4
3 14 0.11
4 14 0.2
11 14 0.14
69 14 7.0E-4
3 15 0.11
4 15 0.2
11 15 0.14
69 15 9.0E-4
2 16 0.11
3 16 0.26
4 16 0.52
16 5 0.24
16 6 0.04
16 7 0.1
8 16 0.05
16 9 0.11
16 10 0.68
11 16 0.29
16 14 0.21
69 16 0.0030
17 10 0.29
17 16 0.21
69 17 4.0E-4
3 18 0.16
4 18 0.2
5 18 0.19
7 18 0.12
10 18 0.14
11 18 0.14
18 14 0.5
16 18 0.21
69 18 7.0E-4
2 19 0.07
3 19 0.12
19 4 0.11
19 5 0.1
19 7 0.06
19 8 0.06
19 10 0.08
19 11 0.11
12 19 0.29
19 16 0.11
19 69 1.0E-4
20 1 0.22
20 2 0.29
20 3 0.67
20 4 0.36
20 5 0.19
20 6 0.37
20 7 0.3
20 8 0.32
20 9 0.15
20 10 0.25
20 11 0.54
20 12 0.28
20 13 0.07
20 14 0.07
20 15 0.07
20 16 0.34
20 17 0.07
20 18 0.15
20 19 0.28
20 69 0.0018
1 21 0.67
2 21 0.38
6 21 0.1
7 21 0.36
8 21 0.11
11 21 0.14
20 21 0.15
69 21 2.0E-4
22 1 0.14
22 2 0.15
22 3 0.32
22 4 0.39
22 5 0.23
22 6 0.2
22 7 0.15
22 8 0.16
22 9 0.05
22 10 0.35
22 11 0.46
22 12 0.33
22 13 0.1
22 14 0.1
22 15 0.1
22 16 0.39
22 17 0.1
22 18 0.15
22 19 0.22
22 20 0.72
22 21 0.1
22 69 0.0026
3 23 0.11
4 23 0.2
11 23 0.14
23 14 1.0
16 23 0.21
18 23 0.5
20 23 0.07
22 23 0.1
69 23 7.0E-4
1 24 0.13
3 24 0.21
4 24 0.46
5 24 0.14
6 24 0.08
7 24 0.18
10 24 0.55
11 24 0.21
24 14 0.38
16 24 0.48
24 18 0.38
19 24 0.1
20 24 0.19
24 21 0.19
22 24 0.27
24 23 0.38
69 24 0.0010
25 2 0.19
25 3 0.27
25 4 0.08
25 6 0.12
25 8 0.22
25 9 0.19
25 11 0.18
25 12 0.1
25 16 0.08
25 19 0.21
25 20 0.38
25 22 0.27
25 69 1.0E-4
2 26 0.07
3 26 0.22
4 26 0.12
26 6 0.12
8 26 0.07
11 26 0.04
20 26 0.25
22 26 0.23
25 26 0.11
69 26 1.0E-4
1 27 0.19
2 27 0.14
3 27 0.13
4 27 0.24
6 27 0.12
8 27 0.13
11 27 0.24
27 15 0.58
20 27 0.13
27 21 0.29
22 27 0.18
25 27 0.11
26 27 0.17
69 27 0.0019
28 1 0.07
28 2 0.15
28 3 0.36
28 4 0.04
28 5 0.08
28 6 0.04
28 8 0.09
28 10 0.06
28 11 0.06
28 12 0.16
28 16 0.09
28 18 0.1
28 19 0.22
28 20 0.36
28 21 0.1
28 22 0.29
28 24 0.08
28 25 0.24
28 26 0.18
28 27 0.12
28 69 1.0E-4
29 1 0.2
2 29 0.15
3 29 0.1
4 29 0.25
29 6 0.3
29 7 0.22
8 29 0.14
11 29 0.25
12 29 0.08
29 13 0.3
29 15 0.3
16 29 0.06
19 29 0.08
20 29 0.24
29 21 0.15
22 29 0.21
29 24 0.11
25 29 0.12
29 27 0.17
69 29 5.0E-4
30 2 0.08
30 3 0.3
30 4 0.06
30 11 0.08
30 12 0.08
30 14 0.3
30 16 0.13
30 18 0.15
30 19 0.16
30 20 0.24
30 22 0.24
30 23 0.3
30 24 0.11
30 25 0.12
30 26 0.26
30 28 0.18
30 69 1.0E-4
3 31 0.06
31 4 0.24
31 6 0.12
31 7 0.14
8 31 0.26
11 31 0.24
19 31 0.15
20 31 0.13
22 31 0.06
25 31 0.11
31 29 0.35
31 69 2.0E-4
3 32 0.11
4 32 0.2
6 32 0.2
11 32 0.14
20 32 0.07
22 32 0.1
25 32 0.19
26 32 0.29
27 32 0.58
69 32 4.0E-4
1 33 0.15
2 33 0.11
33 6 0.09
8 33 0.1
11 33 0.06
20 33 0.16
33 21 0.22
22 33 0.23
25 33 0.26
26 33 0.13
33 27 0.26
28 33 0.27
29 33 0.13
69 33 1.0E-4
34 2 0.09
34 3 0.21
34 4 0.08
34 6 0.08
34 11 0.1
34 12 0.2
34 18 0.19
34 19 0.1
34 20 0.19
34 22 0.23
34 25 0.15
34 26 0.11
34 27 0.22
34 28 0.23
34 30 0.11
34 32 0.38
34 69 1.0E-4
2 35 0.2
3 35 0.09
4 35 0.33
35 6 0.08
35 7 0.1
8 35 0.28
10 35 0.12
11 35 0.11
35 14 0.41
35 15 0.41
16 35 0.26
35 18 0.2
20 35 0.18
22 35 0.17
35 23 0.41
35 24 0.15
35 27 0.24
35 29 0.25
30 35 0.12
69 35 0.0011
36 1 0.05
36 2 0.11
36 3 0.29
36 4 0.15
36 5 0.22
36 6 0.06
36 8 0.03
36 10 0.17
36 11 0.14
36 12 0.43
36 15 0.15
36 16 0.19
36 19 0.28
36 20 0.5
36 22 0.55
36 24 0.06
36 25 0.23
36 26 0.17
36 27 0.09
36 28 0.3
36 29 0.13
36 30 0.27
36 33 0.13
36 34 0.11
36 35 0.12
36 69 3.0E-4
37 1 0.2
37 2 0.26
37 3 0.4
37 4 0.13
37 5 0.08
37 6 0.08
37 7 0.1
37 8 0.14
37 9 0.1
37 11 0.14
37 12 0.16
37 16 0.04
37 19 0.05
37 20 0.36
37 21 0.2
37 22 0.17
37 25 0.39
37 26 0.06
37 27 0.24
37 28 0.17
37 30 0.06
37 31 0.12
37 32 0.2
37 33 0.09
37 34 0.23
37 36 0.15
37 69 4.0E-4
38 1 0.09
3 38 0.09
4 38 0.06
10 38 0.16
11 38 0.04
12 38 0.15
16 38 0.12
19 38 0.22
20 38 0.27
22 38 0.31
38 24 0.1
25 38 0.21
38 26 0.24
28 38 0.23
30 38 0.08
38 33 0.25
36 38 0.53
69 38 1.0E-4
39 1 0.19
2 39 0.14
3 39 0.06
4 39 0.12
8 39 0.13
11 39 0.24
19 39 0.15
20 39 0.13
39 21 0.29
22 39 0.06
39 27 0.33
28 39 0.12
39 33 0.26
36 39 0.09
37 39 0.12
69 39 2.0E-4
40 1 0.14
2 40 0.2
3 40 0.22
4 40 0.17
40 6 0.24
11 40 0.17
12 40 0.11
19 40 0.11
20 40 0.18
22 40 0.08
25 40 0.08
40 26 0.12
40 27 0.24
28 40 0.08
29 40 0.12
40 32 0.41
34 40 0.15
36 40 0.12
37 40 0.17
39 40 0.24
69 40 2.0E-4
3 41 0.06
4 41 0.12
10 41 0.17
11 41 0.08
16 41 0.12
19 41 0.31
20 41 0.13
22 41 0.12
41 24 0.22
28 41 0.12
30 41 0.17
36 41 0.17
41 38 0.16
69 41 2.0E-4
4 42 0.14
42 5 0.27
11 42 0.19
16 42 0.15
20 42 0.1
22 42 0.14
69 42 2.0E-4
1 43 0.38
2 43 0.14
6 43 0.12
8 43 0.13
11 43 0.08
20 43 0.13
43 21 0.29
22 43 0.12
27 43 0.33
28 43 0.12
33 43 0.26
37 43 0.12
39 43 0.33
69 43 2.0E-4
3 44 0.14
4 44 0.06
7 44 0.23
11 44 0.17
16 44 0.07
20 44 0.23
22 44 0.13
25 44 0.12
26 44 0.09
36 44 0.05
37 44 0.06
38 44 0.09
69 44 1.0E-4
3 45 0.23
4 45 0.11
45 5 0.2
45 6 0.05
45 7 0.13
45 10 0.3
11 45 0.28
45 16 0.28
45 17 0.26
20 45 0.28
22 45 0.18
25 45 0.1
28 45 0.05
36 45 0.11
45 40 0.11
45 44 0.57
69 45 5.0E-4
3 46 0.11
4 46 0.2
7 46 0.12
11 46 0.2
46 15 0.5
20 46 0.15
22 46 0.1
46 27 0.29
29 46 0.15
35 46 0.2
36 46 0.07
37 46 0.1
46 44 0.32
69 46 7.0E-4
47 1 0.15
3 47 0.1
47 4 0.18
47 6 0.18
47 7 0.22
8 47 0.1
11 47 0.12
47 16 0.1
20 47 0.16
47 21 0.22
22 47 0.18
47 24 0.17
25 47 0.09
47 29 0.13
47 31 0.26
37 47 0.18
47 69 8.0E-4
48 1 0.07
3 48 0.19
48 4 0.13
48 5 0.25
48 8 0.05
48 10 0.13
48 11 0.03
12 48 0.17
48 16 0.09
19 48 0.29
20 48 0.34
22 48 0.33
48 24 0.08
25 48 0.08
48 26 0.31
28 48 0.18
30 48 0.26
48 35 0.09
36 48 0.51
37 48 0.04
48 38 0.54
48 41 0.25
48 44 0.07
48 69 1.0E-4
49 1 0.24
2 49 0.27
3 49 0.3
49 4 0.37
49 5 0.14
49 6 0.17
49 7 0.23
49 8 0.33
49 9 0.06
49 10 0.14
49 11 0.28
12 49 0.35
49 13 0.12
49 14 0.12
49 15 0.12
49 16 0.18
49 18 0.06
49 19 0.35
20 49 0.62
49 21 0.24
22 49 0.58
49 23 0.12
49 24 0.14
25 49 0.21
49 26 0.24
49 27 0.21
28 49 0.22
49 29 0.25
30 49 0.22
49 31 0.14
49 32 0.12
49 33 0.16
34 49 0.09
49 35 0.29
36 49 0.6
37 49 0.22
49 38 0.43
49 39 0.14
49 40 0.1
49 41 0.21
49 42 0.08
49 43 0.07
49 44 0.08
49 46 0.12
49 47 0.21
49 48 0.55
49 69 0.0017
3 50 0.16
4 50 0.29
5 50 0.53
10 50 0.41
11 50 0.19
16 50 0.3
20 50 0.1
22 50 0.14
36 50 0.21
45 50 0.37
69 50 4.0E-4
51 1 0.15
3 51 0.05
4 51 0.37
51 6 0.09
51 7 0.11
11 51 0.24
51 13 0.45
16 51 0.19
19 51 0.12
20 51 0.16
22 51 0.18
51 29 0.13
39 51 0.26
51 40 0.18
51 42 0.32
49 51 0.16
69 51 0.0011
3 52 0.04
4 52 0.17
52 7 0.1
52 10 0.24
11 52 0.06
52 15 0.41
52 16 0.26
52 17 0.41
20 52 0.18
22 52 0.21
52 27 0.24
52 29 0.12
52 35 0.17
36 52 0.06
52 44 0.13
52 45 0.21
52 46 0.41
47 52 0.37
49 52 0.1
69 52 0.0024
1 53 0.22
2 53 0.25
3 53 0.04
4 53 0.07
53 6 0.33
53 7 0.16
8 53 0.15
11 53 0.23
53 15 0.33
16 53 0.07
19 53 0.09
20 53 0.22
53 21 0.33
22 53 0.17
53 24 0.13
53 27 0.38
28 53 0.14
29 53 0.4
31 53 0.19
53 33 0.15
35 53 0.27
36 53 0.1
37 53 0.07
39 53 0.19
40 53 0.14
53 43 0.38
45 53 0.09
53 46 0.17
47 53 0.15
49 53 0.16
52 53 0.14
69 53 5.0E-4
3 54 0.25
4 54 0.54
54 5 0.43
54 7 0.09
10 54 0.44
11 54 0.36
54 14 0.38
54 15 0.38
16 54 0.4
54 18 0.38
19 54 0.1
20 54 0.19
22 54 0.23
54 23 0.38
54 24 0.43
54 27 0.22
28 54 0.08
54 29 0.23
30 54 0.11
35 54 0.31
36 54 0.22
54 38 0.1
54 41 0.22
45 54 0.2
54 46 0.19
48 54 0.08
49 54 0.18
54 50 0.53
52 54 0.15
54 53 0.13
69 54 0.0026
55 1 0.11
2 55 0.04
3 55 0.16
4 55 0.37
55 5 0.19
55 6 0.03
55 7 0.12
8 55 0.04
55 9 0.08
55 10 0.33
11 55 0.2
12 55 0.22
55 13 0.16
55 14 0.16
55 15 0.16
55 16 0.39
55 17 0.16
55 18 0.16
19 55 0.13
20 55 0.45
55 21 0.08
22 55 0.55
55 23 0.16
55 24 0.19
25 55 0.13
55 26 0.19
55 27 0.19
28 55 0.1
55 29 0.1
30 55 0.1
55 32 0.16
55 33 0.15
34 55 0.06
55 35 0.2
36 55 0.56
37 55 0.03
55 38 0.55
55 40 0.07
55 41 0.09
55 42 0.12
55 44 0.05
55 45 0.13
55 46 0.08
47 55 0.15
48 55 0.39
49 55 0.57
55 50 0.12
55 51 0.22
55 52 0.34
55 53 0.05
55 54 0.31
69 55 0.0041
56 1 0.16
2 56 0.08
3 56 0.3
56 4 0.73
56 5 0.18
56 6 0.16
56 7 0.16
8 56 0.22
56 9 0.08
56 10 0.56
11 56 0.46
12 56 0.04
56 13 0.16
56 14 0.16
56 15 0.16
56 16 0.55
56 17 0.16
56 18 0.16
19 56 0.09
20 56 0.45
56 21 0.16
22 56 0.51
56 23 0.16
56 24 0.43
25 56 0.09
56 26 0.19
56 27 0.28
28 56 0.1
56 29 0.29
30 56 0.05
56 31 0.19
56 32 0.16
56 33 0.15
34 56 0.06
56 35 0.26
36 56 0.19
37 56 0.17
56 38 0.18
56 39 0.28
56 40 0.13
56 41 0.09
56 42 0.11
56 43 0.09
56 44 0.05
56 45 0.17
56 46 0.16
56 47 0.29
48 56 0.11
49 56 0.47
56 50 0.23
56 51 0.36
56 52 0.33
56 53 0.22
56 54 0.43
56 55 0.51
56 69 0.0061
2 57 0.13
3 57 0.11
4 57 0.1
6 57 0.1
8 57 0.23
57 9 0.25
11 57 0.14
12 57 0.13
57 15 0.5
20 57 0.15
22 57 0.15
57 27 0.29
29 57 0.15
35 57 0.2
36 57 0.07
46 57 0.25
49 57 0.18
52 57 0.2
53 57 0.17
54 57 0.19
55 57 0.16
56 57 0.16
69 57 6.0E-4
3 58 0.11
4 58 0.2
11 58 0.14
58 15 1.0
20 58 0.07
22 58 0.1
58 27 0.58
29 58 0.3
35 58 0.41
36 58 0.15
46 58 0.5
49 58 0.12
52 58 0.41
53 58 0.33
54 58 0.38
55 58 0.16
56 58 0.16
57 58 0.5
69 58 9.0E-4
59 1 0.13
3 59 0.17
4 59 0.08
10 59 0.11
11 59 0.1
16 59 0.16
19 59 0.1
20 59 0.19
22 59 0.23
59 24 0.14
26 59 0.11
28 59 0.08
30 59 0.34
36 59 0.39
38 59 0.42
41 59 0.22
48 59 0.25
49 59 0.18
54 59 0.14
55 59 0.25
56 59 0.12
69 59 1.0E-4
60 2 0.1
60 3 0.27
60 4 0.17
60 6 0.08
60 10 0.12
60 11 0.06
60 12 0.11
60 16 0.09
60 20 0.18
60 22 0.21
60 24 0.15
60 25 0.16
60 26 0.24
60 27 0.24
60 28 0.17
60 30 0.37
60 32 0.41
60 34 0.31
60 36 0.24
60 37 0.17
60 40 0.17
60 49 0.05
60 55 0.07
60 56 0.13
60 59 0.31
60 69 1.0E-4
2 61 0.25
3 61 0.05
4 61 0.1
6 61 0.3
8 61 0.23
11 61 0.07
61 15 0.5
16 61 0.11
20 61 0.15
22 61 0.05
61 27 0.29
28 61 0.1
29 61 0.3
35 61 0.41
36 61 0.15
40 61 0.2
45 61 0.13
46 61 0.25
49 61 0.12
52 61 0.2
53 61 0.5
54 61 0.19
55 61 0.08
56 61 0.16
57 61 0.25
61 58 0.5
69 61 3.0E-4
4 62 0.29
5 62 0.27
7 62 0.34
10 62 0.2
11 62 0.1
62 13 0.71
16 62 0.15
62 18 0.35
20 62 0.1
22 62 0.14
24 62 0.27
29 62 0.21
49 62 0.08
51 62 0.32
54 62 0.27
55 62 0.23
56 62 0.23
69 62 0.0011
1 63 0.17
2 63 0.13
3 63 0.06
4 63 0.05
5 63 0.1
63 6 0.1
63 7 0.13
8 63 0.06
10 63 0.07
11 63 0.11
12 63 0.14
16 63 0.06
63 18 0.13
19 63 0.07
20 63 0.28
22 63 0.18
63 24 0.1
25 63 0.15
26 63 0.07
29 63 0.08
30 63 0.08
36 63 0.27
37 63 0.16
38 63 0.21
40 63 0.11
63 44 0.08
48 63 0.23
49 63 0.25
54 63 0.1
55 63 0.3
56 63 0.04
59 63 0.1
63 62 0.18
69 63 1.0E-4
1 64 0.19
2 64 0.14
3 64 0.13
4 64 0.12
6 64 0.12
7 64 0.14
8 64 0.13
11 64 0.16
19 64 0.15
20 64 0.13
64 21 0.29
22 64 0.12
64 27 0.33
28 64 0.12
33 64 0.26
37 64 0.24
39 64 0.67
40 64 0.24
64 43 0.33
47 64 0.26
49 64 0.14
51 64 0.26
53 64 0.19
56 64 0.19
69 64 3.0E-4
3 65 0.11
65 4 0.1
65 8 0.23
65 11 0.27
65 15 0.5
20 65 0.15
22 65 0.1
25 65 0.19
65 27 0.29
65 29 0.15
65 35 0.2
36 65 0.07
65 46 0.25
49 65 0.12
65 52 0.2
65 53 0.17
65 54 0.19
65 55 0.08
65 56 0.08
65 57 0.25
65 58 0.5
65 61 0.25
65 69 3.0E-4
3 66 0.26
4 66 0.07
6 66 0.07
7 66 0.16
66 9 0.17
11 66 0.23
66 14 0.33
16 66 0.21
66 18 0.17
20 66 0.22
22 66 0.17
66 23 0.33
24 66 0.13
25 66 0.06
26 66 0.1
30 66 0.4
34 66 0.13
35 66 0.14
36 66 0.15
37 66 0.07
66 44 0.11
66 46 0.17
49 66 0.04
52 66 0.14
54 66 0.13
55 66 0.05
56 66 0.05
59 66 0.38
60 66 0.27
69 66 2.0E-4
3 67 0.11
4 67 0.2
11 67 0.14
67 15 1.0
20 67 0.07
22 67 0.1
67 27 0.58
29 67 0.3
35 67 0.41
36 67 0.15
46 67 0.5
49 67 0.12
52 67 0.41
53 67 0.33
54 67 0.38
55 67 0.16
56 67 0.16
57 67 0.5
67 58 1.0
61 67 0.5
65 67 0.5
69 67 9.0E-4
3 68 0.05
4 68 0.31
68 5 0.19
10 68 0.43
11 68 0.2
16 68 0.32
20 68 0.15
22 68 0.2
36 68 0.07
45 68 0.26
49 68 0.06
68 50 0.35
68 51 0.22
52 68 0.2
68 54 0.19
55 68 0.25
56 68 0.32
69 68 0.0010
