*Vertices  248
1 "LED显示屏"
2 "LCD显示屏"
3 "显示器"
4 "衬底"
5 "LED灯罩"
6 "LED灯"
7 "滤波片"
8 "光纤"
9 "探头"
10 "电容"
11 "容器"
12 "光膜"
13 "传感器"
14 "控制器"
15 "处理器"
16 "单片机"
17 "发生器"
18 "波长检测器"
19 "荧光粉"
20 "反光杯"
21 "聚光杯"
22 "验钞紫光灯"
23 "远光灯"
24 "整流器"
25 "工质"
26 "开关"
27 "发光荧光材料"
28 "柔性高分子材料"
29 "III-V族半导体材料"
30 "GAN"
31 "塑料光转换荧光粒料"
32 "FBG"
33 "助剂"
34 "次氯酸钠溶液"
35 "保护层"
36 "离子络合"
37 "触发脉冲"
38 "发光球"
39 "PD"
40 "引发剂"
41 "聚合物树脂"
42 "蒸发皿"
43 "功率因数校正"
44 "色域"
45 "连接管"
46 "模数转换集成块"
47 "充电台灯"
48 "硼酸"
49 "活性层"
50 "圆圈基体"
51 "握杆"
52 "蓝膜"
53 "装饰层"
54 "网孔板"
55 "变压器"
56 "定时器"
57 "稳压块"
58 "Zigbee"
59 "牙结石"
60 "光纤耦合"
61 "CIE"
62 "阻燃塑料外壳"
63 "编解码方法"
64 "蒸镀方法"
65 "校准方法"
66 "解调方法"
67 "AuSn"
68 "Au5Sn"
69 "发光板"
70 "EP"
71 "LED外延片"
72 "外延片"
73 "外延"
74 "LED"
75 "液晶显示模块"
76 "整流二极管"
77 "稳压二极管"
78 "三极管"
79 "挂绳"
80 "掩膜"
81 "扩散剂"
82 "玻璃"
83 "环形器"
84 "通道"
85 "接收管"
86 "LED光源"
87 "电热丝"
88 "塑料"
89 "腐蚀液"
90 "Au-Sn合金电镀液"
91 "缩水甘油"
92 "电子元器件"
93 "光电转换器件"
94 "转换器"
95 "铝基板"
96 "基板"
97 "导热板"
98 "缓冲层"
99 "晶体振荡器"
100 "导热陶瓷"
101 "弹性硅胶"
102 "探针"
103 "内量子效率"
104 "基座"
105 "红外线发射管"
106 "滤光片"
107 "螺旋管"
108 "聚光玻璃罩"
109 "聚光碗"
110 "稀释剂"
111 "发动机"
112 "散热片"
113 "散热器"
114 "电加热器"
115 "干涉仪"
116 "光谱仪"
117 "液相色谱仪"
118 "发电机"
119 "荧光体"
120 "发光体"
121 "硅橡胶"
122 "光刻胶"
123 "密封胶"
124 "填充区域"
125 "SiO2"
126 "放大器"
127 "半导体"
128 "电路板"
129 "Al2O3"
130 "NH4H2PO4"
131 "GaAs"
132 "MQW"
133 "ESD"
134 "ITO"
135 "GPIO"
136 "硅氧磷灰石"
137 "键合"
138 "客户"
139 "焊盘"
140 "滑动变阻器"
141 "介质箱"
142 "摄像机"
143 "含硅"
144 "光子晶体"
145 "荧光光谱"
146 "码道"
147 "金属银纳米粒子"
148 "太阳能"
149 "太阳能电池板"
150 "风能"
151 "蓄电池"
152 "充电电池"
153 "锂电池"
154 "光电池"
155 "LED照明设备"
156 "蓄电设备"
157 "LED芯片"
158 "芯片"
159 "金属层"
160 "涂层"
161 "电流扩展层"
162 "电抗器"
163 "继电器"
164 "充电器"
165 "存储器"
166 "酸盐"
167 "硅油"
168 "SrCO3"
169 "Eu2O3"
170 "亚硫酸"
171 "硝酸"
172 "Eu2"
173 "去离子水"
174 "硬脂酰胺"
175 "Li"
176 "液体石蜡"
177 "电感"
178 "离子"
179 "耳机"
180 "电视机"
181 "电极"
182 "接触层"
183 "磁铁"
184 "ARCTAN"
185 "电阻"
186 "基色"
187 "Au-Sn合金"
188 "Au-30at.％Sn合金"
189 "发射模块"
190 "脉冲信号"
191 "交通灯"
192 "加热管"
193 "光子晶体谐振腔"
194 "丙酮"
195 "激光"
196 "粘附层"
197 "超声波"
198 "真空吸盘"
199 "MOCVD"
200 "标准芯片工艺制作"
201 "湿法刻蚀"
202 "干法刻蚀"
203 "湿法腐蚀"
204 "空穴"
205 "玻璃体"
206 "指南针"
207 "洗墙灯"
208 "检测池"
209 "平面板"
210 "射灯"
211 "酯键"
212 "检测仪"
213 "转动轴"
214 "光电耦合器"
215 "臭氧"
216 "屏幕"
217 "读取器"
218 "放大镜"
219 "半透半反镜"
220 "透镜"
221 "同轴电缆"
222 "透明导电层"
223 "反射层"
224 "发光层"
225 "吸液芯"
226 "甲基"
227 "信息卡"
228 "防护罩"
229 "弹簧"
230 "芯线"
231 "电磁感应"
232 "发光笔套"
233 "蜂鸣器"
234 "滚轮按摩器"
235 "扬声器"
236 "绝对位置"
237 "聚光帽"
238 "激发光"
239 "发光管"
240 "提示仪"
241 "晶体闸流管"
242 "络合剂"
243 "笔筒"
244 "导热柱"
245 "DMA"
246 "插座"
247 "电流阻挡层"
248 "二极管"
*Arcs
248 1 0.0
2 1 0.21
248 2 0.0
3 1 0.08
3 2 0.33
248 3 1.0E-4
4 2 0.08
248 4 4.0E-4
248 5 0.0
6 1 0.03
6 2 0.04
6 3 0.08
6 4 0.03
6 5 0.16
248 6 3.0E-4
4 7 0.32
248 7 1.0E-4
4 8 0.17
8 7 0.53
248 8 2.0E-4
6 9 0.05
9 8 0.38
248 9 0.0
6 10 0.29
248 10 3.0E-4
11 4 0.09
6 11 0.12
10 11 0.23
248 11 1.0E-4
12 2 0.19
12 3 0.29
12 6 0.13
12 11 0.22
248 12 0.0
2 13 0.13
3 13 0.25
6 13 0.13
13 8 0.23
13 9 0.2
10 13 0.08
248 13 1.0E-4
14 1 0.23
2 14 0.24
3 14 0.24
6 14 0.11
14 8 0.09
14 9 0.12
10 14 0.15
11 14 0.09
14 13 0.19
248 14 1.0E-4
15 1 0.16
15 2 0.09
15 3 0.26
15 6 0.14
15 8 0.1
15 9 0.26
15 10 0.05
15 12 0.15
15 13 0.36
15 14 0.44
248 15 0.0
16 1 0.07
16 2 0.08
3 16 0.52
6 16 0.13
16 10 0.19
16 13 0.28
16 14 0.17
15 16 0.24
248 16 1.0E-4
6 17 0.22
16 17 0.11
248 17 0.0
248 18 0.0
19 1 0.09
19 3 0.14
19 4 0.13
19 6 0.13
19 11 0.22
19 12 0.33
19 14 0.07
19 15 0.07
19 16 0.07
248 19 2.0E-4
6 20 0.11
248 20 0.0
6 21 0.16
10 21 0.29
248 21 0.0
248 22 0.0
13 23 0.2
248 23 0.0
24 4 0.07
6 24 0.22
10 24 0.53
24 11 0.33
24 14 0.07
24 21 0.41
248 24 2.0E-4
6 25 0.19
10 25 0.12
248 25 0.0
26 1 0.04
26 2 0.14
3 26 0.07
6 26 0.37
26 10 0.42
26 11 0.21
26 13 0.19
26 14 0.23
15 26 0.21
26 16 0.19
26 17 0.07
19 26 0.08
26 22 0.14
26 24 0.2
248 26 6.0E-4
27 3 0.13
27 4 0.18
27 6 0.21
27 11 0.2
27 12 0.31
27 15 0.07
27 16 0.06
27 17 0.13
27 19 0.54
27 26 0.07
248 27 3.0E-4
28 11 0.38
12 28 0.58
19 28 0.29
27 28 0.27
248 28 0.0
4 29 0.32
29 7 1.0
8 29 0.53
248 29 1.0E-4
30 2 0.12
30 4 0.65
6 30 0.04
30 7 0.5
30 8 0.27
19 30 0.1
24 30 0.1
30 29 0.5
248 30 2.0E-4
3 31 0.25
6 31 0.11
19 31 0.29
26 31 0.14
27 31 0.27
248 31 0.0
8 32 0.38
13 32 0.2
248 32 0.0
3 33 0.18
6 33 0.08
33 11 0.27
12 33 0.41
19 33 0.41
26 33 0.1
27 33 0.38
33 28 0.71
33 31 0.71
248 33 1.0E-4
4 34 0.32
248 34 1.0E-4
4 35 0.23
6 35 0.11
19 35 0.14
24 35 0.14
27 35 0.13
30 35 0.18
248 35 0.0
248 36 0.0
10 37 0.2
14 37 0.24
248 37 0.0
26 38 0.14
248 38 0.0
3 39 0.11
4 39 0.21
39 7 0.63
39 8 0.68
39 9 0.22
39 13 0.27
15 39 0.12
39 29 0.63
30 39 0.32
248 39 1.0E-4
3 40 0.18
248 40 0.0
3 41 0.25
6 41 0.11
19 41 0.29
26 41 0.14
27 41 0.27
41 31 1.0
41 33 0.71
248 41 0.0
6 42 0.11
25 42 0.58
248 42 0.0
6 43 0.11
10 43 0.2
26 43 0.14
248 43 0.0
44 1 0.45
14 44 0.17
15 44 0.18
248 44 0.0
6 45 0.16
10 45 0.14
25 45 0.82
45 42 0.71
248 45 0.0
6 46 0.11
10 46 0.2
26 46 0.14
248 46 0.0
26 47 0.14
248 47 0.0
3 48 0.13
6 48 0.11
48 11 0.19
19 48 0.29
27 48 0.4
48 40 0.35
248 48 0.0
4 49 0.23
27 49 0.27
35 49 0.5
248 49 0.0
14 50 0.24
26 50 0.14
248 50 0.0
26 51 0.14
248 51 0.0
4 52 0.32
11 52 0.27
248 52 0.0
26 53 0.14
248 53 0.0
3 54 0.25
16 54 0.23
248 54 0.0
55 1 0.07
3 55 0.11
55 4 0.05
6 55 0.26
10 55 0.52
55 11 0.24
55 13 0.04
55 14 0.1
16 55 0.05
55 17 0.11
19 55 0.06
55 21 0.3
55 24 0.68
26 55 0.29
55 30 0.08
55 35 0.11
55 40 0.15
55 43 0.21
48 55 0.11
248 55 3.0E-4
2 56 0.19
6 56 0.06
13 56 0.12
14 56 0.28
15 56 0.15
26 56 0.24
56 50 0.58
248 56 0.0
57 24 0.29
57 55 0.21
248 57 0.0
10 58 0.2
13 58 0.2
16 58 0.23
26 58 0.14
248 58 0.0
8 59 0.38
248 59 0.0
8 60 0.53
13 60 0.14
39 60 0.32
60 59 0.71
248 60 0.0
61 1 0.45
14 61 0.17
15 61 0.18
61 44 1.0
248 61 0.0
6 62 0.11
26 62 0.14
55 62 0.21
248 62 0.0
13 63 0.2
248 63 0.0
4 64 0.32
27 64 0.38
248 64 0.0
248 65 0.0
8 66 0.38
13 66 0.2
66 32 1.0
248 66 0.0
67 36 1.0
248 67 0.0
68 36 1.0
68 67 1.0
248 68 0.0
69 5 0.35
6 69 0.16
10 69 0.2
11 69 0.19
14 69 0.12
24 69 0.14
26 69 0.14
69 43 0.5
55 69 0.21
248 69 1.0E-4
3 70 0.07
70 4 0.12
6 70 0.12
70 10 0.11
70 11 0.1
70 14 0.06
15 70 0.14
70 16 0.06
19 70 0.39
70 24 0.08
70 26 0.11
27 70 0.29
70 34 0.19
70 35 0.13
70 40 0.38
70 48 0.4
70 52 0.19
70 55 0.11
248 70 1.0E-4
71 2 0.12
71 4 0.65
6 71 0.04
19 71 0.1
24 71 0.1
71 30 0.75
71 35 0.18
55 71 0.08
248 71 1.0E-4
72 2 0.09
72 4 0.83
6 72 0.03
72 7 0.39
72 8 0.21
19 72 0.08
24 72 0.08
27 72 0.15
72 29 0.39
72 30 0.78
72 34 0.2
72 35 0.14
72 39 0.25
55 72 0.06
72 64 0.39
70 72 0.07
72 71 0.78
248 72 3.0E-4
73 2 0.08
73 4 0.95
6 73 0.05
73 7 0.32
73 8 0.17
19 73 0.13
24 73 0.07
27 73 0.25
73 29 0.32
73 30 0.65
73 34 0.32
73 35 0.23
73 39 0.21
73 49 0.23
73 52 0.16
55 73 0.05
73 64 0.32
70 73 0.06
73 71 0.65
73 72 0.83
248 73 4.0E-4
74 1 0.23
74 2 0.22
74 3 0.29
74 4 0.32
74 5 0.1
74 6 0.67
74 7 0.1
74 8 0.19
74 9 0.15
74 10 0.36
74 11 0.19
74 12 0.13
74 13 0.37
74 14 0.3
74 15 0.28
74 16 0.32
74 17 0.15
74 18 0.07
74 19 0.25
74 20 0.07
74 21 0.1
74 22 0.07
74 23 0.07
74 24 0.25
74 25 0.13
74 26 0.54
74 27 0.28
74 28 0.07
74 29 0.1
74 30 0.21
74 31 0.07
74 32 0.07
74 33 0.1
74 34 0.1
74 35 0.15
74 36 0.07
74 37 0.07
74 38 0.07
74 39 0.16
74 40 0.1
74 41 0.07
74 42 0.07
74 43 0.07
74 44 0.1
74 45 0.1
74 46 0.07
74 47 0.07
74 48 0.15
74 49 0.07
74 50 0.07
74 51 0.07
74 52 0.1
74 53 0.07
74 54 0.07
74 55 0.34
74 56 0.13
74 57 0.07
74 58 0.07
74 59 0.07
74 60 0.1
74 61 0.1
74 62 0.07
74 63 0.07
74 64 0.1
74 65 0.07
74 66 0.07
74 67 0.07
74 68 0.07
74 69 0.15
74 70 0.28
74 71 0.21
74 72 0.27
74 73 0.32
248 74 0.0014
2 75 0.67
3 75 0.38
13 75 0.1
14 75 0.36
15 75 0.13
16 75 0.11
26 75 0.14
56 75 0.29
74 75 0.15
248 75 0.0
6 76 0.11
10 76 0.2
26 76 0.14
76 43 1.0
55 76 0.21
69 76 0.5
74 76 0.07
248 76 0.0
2 77 0.13
6 77 0.21
10 77 0.46
11 77 0.14
13 77 0.08
14 77 0.18
15 77 0.1
77 21 0.53
24 77 0.55
26 77 0.21
77 43 0.38
55 77 0.48
77 56 0.22
77 69 0.38
70 77 0.1
74 77 0.19
77 75 0.19
77 76 0.38
248 77 2.0E-4
78 2 0.08
3 78 0.06
6 78 0.2
78 10 0.61
78 11 0.17
78 13 0.05
78 14 0.11
16 78 0.16
78 17 0.11
78 24 0.4
26 78 0.37
27 78 0.06
78 37 0.23
78 43 0.23
78 46 0.23
78 55 0.49
78 57 0.23
78 69 0.23
70 78 0.06
74 78 0.32
78 75 0.11
78 76 0.23
78 77 0.26
248 78 3.0E-4
74 79 0.07
248 79 0.0
4 80 0.23
6 80 0.11
24 80 0.29
30 80 0.35
35 80 0.5
55 80 0.21
71 80 0.35
72 80 0.28
73 80 0.23
74 80 0.07
248 80 0.0
6 81 0.16
11 81 0.27
19 81 0.2
27 81 0.38
48 81 0.35
74 81 0.1
248 81 0.0
82 1 0.18
82 3 0.19
82 4 0.13
82 6 0.27
82 7 0.27
82 8 0.29
82 9 0.1
82 10 0.08
82 12 0.11
82 13 0.12
82 15 0.15
82 16 0.22
82 17 0.19
82 19 0.11
82 26 0.18
82 27 0.1
82 29 0.27
82 30 0.14
82 34 0.14
82 39 0.34
82 40 0.27
82 48 0.19
82 53 0.19
82 54 0.19
82 55 0.08
82 60 0.14
82 70 0.21
82 72 0.16
82 73 0.13
82 74 0.38
82 78 0.09
82 248 2.0E-4
8 83 0.38
13 83 0.2
83 32 1.0
83 66 1.0
74 83 0.07
248 83 0.0
3 84 0.07
84 4 0.2
6 84 0.22
84 7 0.2
84 8 0.11
10 84 0.12
84 13 0.12
16 84 0.07
84 25 0.33
26 84 0.04
84 29 0.2
84 30 0.31
84 39 0.13
84 42 0.29
84 45 0.41
84 71 0.2
84 72 0.24
84 73 0.2
74 84 0.25
78 84 0.07
82 84 0.11
248 84 2.0E-4
2 85 0.19
3 85 0.14
6 85 0.13
10 85 0.24
13 85 0.12
16 85 0.13
26 85 0.24
85 46 0.58
74 85 0.13
85 75 0.29
78 85 0.4
82 85 0.11
84 85 0.17
248 85 1.0E-4
86 2 0.07
86 3 0.15
86 4 0.09
86 6 0.36
86 7 0.29
86 8 0.15
86 9 0.1
86 10 0.04
86 11 0.08
86 12 0.12
86 13 0.04
86 15 0.11
86 16 0.09
86 18 0.2
86 19 0.24
86 24 0.06
86 25 0.12
86 26 0.06
86 27 0.16
86 29 0.29
86 30 0.14
86 39 0.18
86 40 0.14
86 48 0.31
86 55 0.09
86 69 0.1
86 70 0.22
86 72 0.11
86 73 0.09
86 74 0.36
86 75 0.1
86 77 0.08
86 78 0.09
86 81 0.14
86 82 0.24
86 84 0.18
86 85 0.12
86 248 2.0E-4
6 87 0.13
11 87 0.22
17 87 0.29
26 87 0.08
74 87 0.13
82 87 0.11
248 87 0.0
88 1 0.07
88 3 0.17
88 4 0.05
88 5 0.16
88 6 0.28
88 8 0.17
88 9 0.11
88 11 0.17
88 12 0.26
88 13 0.18
88 14 0.17
88 15 0.12
88 16 0.05
88 19 0.2
88 26 0.16
88 27 0.18
88 28 0.23
88 31 0.23
88 33 0.32
88 34 0.16
88 39 0.21
88 41 0.23
88 50 0.23
88 55 0.05
88 56 0.13
88 60 0.16
88 62 0.23
88 70 0.06
88 72 0.06
88 73 0.05
88 74 0.32
88 82 0.35
88 84 0.13
88 86 0.14
88 87 0.26
88 248 2.0E-4
4 89 0.56
6 89 0.04
11 89 0.15
24 89 0.12
30 89 0.14
89 34 0.58
35 89 0.2
89 52 0.29
55 89 0.09
70 89 0.22
71 89 0.29
72 89 0.34
73 89 0.47
74 89 0.18
89 80 0.41
82 89 0.08
88 89 0.09
248 89 1.0E-4
90 36 1.0
90 67 1.0
90 68 1.0
74 90 0.07
248 90 0.0
3 91 0.18
91 40 1.0
48 91 0.35
55 91 0.15
70 91 0.38
74 91 0.1
82 91 0.27
86 91 0.14
248 91 0.0
6 92 0.16
10 92 0.14
25 92 0.82
92 42 0.71
92 45 1.0
74 92 0.1
84 92 0.41
248 92 0.0
93 8 0.53
93 9 0.35
93 13 0.28
93 39 0.63
93 60 0.5
74 93 0.1
82 93 0.27
88 93 0.32
248 93 0.0
94 1 0.1
94 2 0.2
3 94 0.15
6 94 0.1
94 8 0.23
94 9 0.15
10 94 0.25
94 13 0.3
94 14 0.22
15 94 0.16
16 94 0.14
19 94 0.09
26 94 0.25
27 94 0.08
94 31 0.3
94 33 0.21
94 37 0.3
94 39 0.27
94 41 0.3
94 46 0.3
55 94 0.06
94 56 0.17
94 58 0.3
94 60 0.21
70 94 0.08
74 94 0.24
94 75 0.15
94 77 0.11
78 94 0.14
82 94 0.12
94 85 0.17
88 94 0.21
94 93 0.43
248 94 1.0E-4
95 3 0.08
95 4 0.07
95 5 0.21
95 6 0.3
95 10 0.06
95 12 0.17
95 15 0.08
95 19 0.17
95 25 0.17
95 26 0.08
95 27 0.08
95 34 0.21
95 35 0.15
95 43 0.3
95 55 0.13
95 62 0.3
95 69 0.15
95 70 0.16
95 72 0.08
95 73 0.07
95 74 0.24
95 76 0.3
95 77 0.11
95 78 0.07
95 82 0.12
95 84 0.26
95 86 0.18
95 88 0.35
95 89 0.12
95 248 2.0E-4
4 96 0.08
6 96 0.27
10 96 0.29
19 96 0.1
96 21 0.5
24 96 0.31
25 96 0.41
96 42 0.35
96 45 0.5
55 96 0.23
73 96 0.08
74 96 0.21
77 96 0.4
84 96 0.2
86 96 0.07
96 92 0.5
248 96 1.0E-4
6 97 0.16
97 20 0.71
74 97 0.1
97 84 0.2
86 97 0.14
95 97 0.21
248 97 0.0
98 2 0.12
98 4 0.65
19 98 0.1
27 98 0.19
98 30 0.63
98 64 0.5
98 71 0.75
98 72 0.78
98 73 0.65
74 98 0.21
98 84 0.2
248 98 1.0E-4
6 99 0.06
99 10 0.24
99 13 0.12
99 14 0.14
15 99 0.15
16 99 0.26
26 99 0.24
99 58 0.58
70 99 0.15
74 99 0.13
99 78 0.13
82 99 0.11
99 94 0.35
248 99 0.0
6 100 0.11
74 100 0.07
84 100 0.29
88 100 0.23
95 100 0.3
248 100 0.0
26 101 0.14
101 51 1.0
74 101 0.07
248 101 0.0
102 8 0.27
102 9 0.35
102 13 0.14
102 39 0.32
102 65 0.71
74 102 0.1
82 102 0.14
88 102 0.16
102 93 0.5
94 102 0.21
248 102 0.0
4 103 0.32
19 103 0.2
30 103 0.25
71 103 0.5
72 103 0.39
73 103 0.32
74 103 0.1
98 103 0.5
248 103 0.0
6 104 0.22
11 104 0.19
19 104 0.14
25 104 0.29
27 104 0.13
104 42 0.5
104 45 0.35
48 104 0.25
74 104 0.15
104 81 0.35
84 104 0.43
86 104 0.1
88 104 0.11
104 92 0.35
95 104 0.3
96 104 0.18
104 100 0.5
248 104 1.0E-4
6 105 0.11
10 105 0.2
13 105 0.2
26 105 0.14
74 105 0.07
78 105 0.23
82 105 0.19
84 105 0.29
85 105 0.58
248 105 0.0
2 106 0.15
3 106 0.11
4 106 0.21
106 7 0.63
106 8 0.68
106 9 0.22
106 13 0.09
16 106 0.1
26 106 0.06
106 29 0.63
30 106 0.32
106 39 0.6
106 59 0.45
106 60 0.32
72 106 0.25
73 106 0.21
74 106 0.16
106 75 0.22
78 106 0.1
82 106 0.26
84 106 0.13
106 85 0.26
86 106 0.27
88 106 0.1
106 93 0.32
94 106 0.13
106 102 0.32
248 106 1.0E-4
6 107 0.11
74 107 0.07
86 107 0.2
248 107 0.0
26 108 0.14
108 53 1.0
74 108 0.07
82 108 0.19
248 108 0.0
6 109 0.16
10 109 0.29
109 21 1.0
24 109 0.41
55 109 0.3
74 109 0.1
77 109 0.53
96 109 0.5
248 109 0.0
3 110 0.14
110 11 0.22
12 110 0.33
19 110 0.17
27 110 0.15
110 28 0.58
110 33 0.41
110 40 0.82
48 110 0.29
55 110 0.12
70 110 0.31
74 110 0.13
82 110 0.22
86 110 0.12
88 110 0.13
110 91 0.82
248 110 1.0E-4
6 111 0.11
111 69 0.5
74 111 0.07
86 111 0.2
248 111 0.0
6 112 0.43
112 10 0.05
112 20 0.24
112 25 0.42
112 26 0.07
112 42 0.24
112 45 0.34
112 53 0.24
112 69 0.12
74 112 0.3
82 112 0.09
112 84 0.35
86 112 0.45
88 112 0.11
112 92 0.34
95 112 0.29
112 96 0.34
112 97 0.34
112 104 0.24
112 107 0.24
112 108 0.24
112 111 0.24
248 112 1.0E-4
6 113 0.44
113 10 0.19
113 20 0.24
113 21 0.33
113 24 0.2
113 25 0.41
113 42 0.24
113 45 0.33
113 55 0.15
113 69 0.12
74 113 0.31
113 77 0.27
82 113 0.05
113 84 0.2
86 113 0.34
88 113 0.05
113 92 0.33
95 113 0.21
113 96 0.5
113 97 0.33
113 104 0.12
113 107 0.24
113 109 0.33
113 111 0.24
113 112 0.63
248 113 1.0E-4
11 114 0.38
26 114 0.14
74 114 0.07
114 87 0.58
88 114 0.23
248 114 0.0
8 115 0.38
13 115 0.2
115 32 1.0
115 66 1.0
74 115 0.07
115 83 1.0
248 115 0.0
6 116 0.08
116 8 0.27
27 116 0.19
116 48 0.35
116 59 0.71
116 60 0.5
116 70 0.19
74 116 0.1
116 106 0.32
248 116 0.0
117 18 1.0
74 117 0.07
86 117 0.2
248 117 0.0
1 118 0.16
3 118 0.13
6 118 0.11
13 118 0.1
14 118 0.12
16 118 0.11
19 118 0.14
26 118 0.14
55 118 0.21
118 69 0.25
74 118 0.15
86 118 0.1
94 118 0.15
118 111 0.5
112 118 0.12
113 118 0.12
248 118 0.0
119 11 0.22
12 119 0.33
19 119 0.5
27 119 0.46
119 28 0.58
119 33 0.41
48 119 0.29
70 119 0.31
74 119 0.13
82 119 0.11
86 119 0.12
88 119 0.13
119 110 0.33
248 119 1.0E-4
120 3 0.09
120 6 0.21
120 10 0.08
120 12 0.22
120 13 0.08
120 15 0.1
120 19 0.22
120 26 0.1
120 27 0.2
120 69 0.19
120 70 0.1
120 74 0.19
120 78 0.09
120 82 0.15
120 84 0.11
120 85 0.22
120 86 0.23
120 88 0.09
120 95 0.11
120 105 0.38
120 111 0.38
120 112 0.09
120 113 0.09
120 118 0.19
120 119 0.22
120 248 1.0E-4
3 121 0.14
6 121 0.06
121 11 0.44
12 121 0.33
19 121 0.33
27 121 0.31
121 28 0.58
121 33 0.41
121 40 0.41
48 121 0.58
55 121 0.12
70 121 0.15
74 121 0.13
121 81 0.41
82 121 0.11
86 121 0.24
88 121 0.13
121 91 0.41
121 104 0.29
121 110 0.67
121 119 0.33
248 121 1.0E-4
4 122 0.46
6 122 0.05
24 122 0.14
30 122 0.18
122 34 0.35
35 122 0.25
55 122 0.11
70 122 0.13
71 122 0.35
72 122 0.42
73 122 0.46
74 122 0.15
122 80 0.5
82 122 0.1
88 122 0.11
89 122 0.82
95 122 0.15
248 122 1.0E-4
123 1 0.16
6 123 0.22
26 123 0.07
74 123 0.15
82 123 0.1
84 123 0.29
86 123 0.1
88 123 0.11
95 123 0.3
97 123 0.35
123 100 0.5
123 104 0.25
112 123 0.24
113 123 0.12
248 123 0.0
4 124 0.23
34 124 0.71
70 124 0.27
72 124 0.28
73 124 0.23
74 124 0.07
82 124 0.19
88 124 0.23
89 124 0.41
95 124 0.3
122 124 0.5
248 124 0.0
125 1 0.09
3 125 0.07
125 4 0.38
6 125 0.12
125 7 0.39
125 8 0.21
125 11 0.21
12 125 0.16
19 125 0.32
125 24 0.08
125 26 0.04
27 125 0.52
125 28 0.28
125 29 0.39
125 30 0.29
125 31 0.28
125 33 0.39
125 35 0.14
125 39 0.25
125 41 0.28
125 48 0.14
125 52 0.2
125 55 0.06
125 64 0.2
125 70 0.3
125 71 0.2
125 72 0.38
125 73 0.38
74 125 0.27
125 80 0.28
82 125 0.16
125 84 0.08
86 125 0.11
88 125 0.19
125 89 0.34
125 94 0.08
125 98 0.1
125 106 0.25
125 110 0.16
125 116 0.2
125 119 0.32
120 125 0.1
125 121 0.16
125 122 0.28
248 125 3.0E-4
126 1 0.13
3 126 0.2
6 126 0.09
10 126 0.33
126 13 0.08
126 14 0.1
15 126 0.11
16 126 0.28
24 126 0.12
26 126 0.11
126 43 0.41
126 46 0.41
55 126 0.26
126 69 0.2
74 126 0.18
126 76 0.41
126 77 0.15
78 126 0.28
126 85 0.24
126 94 0.25
95 126 0.12
126 118 0.2
248 126 1.0E-4
127 1 0.05
127 2 0.05
127 3 0.11
127 4 0.64
127 5 0.1
127 6 0.29
127 7 0.21
127 8 0.17
127 9 0.07
127 10 0.15
127 11 0.22
127 12 0.09
127 13 0.06
127 15 0.08
127 16 0.03
127 19 0.34
127 20 0.15
127 24 0.17
127 25 0.09
127 26 0.14
127 27 0.43
127 29 0.21
127 30 0.42
127 31 0.15
127 33 0.1
127 34 0.21
127 35 0.15
127 36 0.15
127 39 0.2
127 40 0.1
127 41 0.15
127 46 0.15
127 48 0.22
127 49 0.15
127 52 0.21
127 55 0.19
127 60 0.1
127 62 0.15
127 64 0.21
127 65 0.15
127 67 0.15
127 68 0.15
127 70 0.28
127 71 0.42
127 72 0.53
127 73 0.64
127 74 0.5
127 77 0.06
127 78 0.1
127 80 0.15
127 81 0.21
127 82 0.23
127 84 0.17
127 85 0.09
127 86 0.3
127 88 0.24
127 89 0.36
127 90 0.15
127 91 0.1
127 93 0.1
127 94 0.13
127 95 0.27
127 96 0.1
127 97 0.1
127 98 0.42
127 100 0.15
127 102 0.1
127 103 0.21
127 104 0.15
127 106 0.13
127 110 0.09
127 112 0.11
127 113 0.14
127 119 0.17
127 120 0.11
127 121 0.17
127 122 0.29
127 123 0.15
127 124 0.15
127 125 0.41
127 126 0.12
127 248 8.0E-4
128 1 0.13
128 2 0.2
128 3 0.26
128 6 0.4
128 9 0.1
128 10 0.13
128 11 0.08
128 12 0.24
128 13 0.08
128 14 0.1
128 15 0.11
128 16 0.14
128 17 0.1
128 19 0.12
128 26 0.14
128 27 0.16
128 40 0.14
128 48 0.1
128 55 0.04
128 70 0.05
128 74 0.36
128 75 0.2
128 78 0.19
128 81 0.29
128 82 0.39
128 84 0.06
128 85 0.24
128 86 0.17
128 88 0.19
128 91 0.14
128 95 0.06
128 99 0.12
128 104 0.1
128 105 0.2
128 106 0.09
128 110 0.12
128 112 0.05
128 113 0.1
128 120 0.23
128 121 0.12
128 123 0.1
128 125 0.06
128 127 0.15
128 248 1.0E-4
129 2 0.08
3 129 0.06
129 4 0.72
6 129 0.08
129 7 0.34
129 8 0.18
129 11 0.09
12 129 0.14
19 129 0.35
129 24 0.07
129 26 0.03
27 129 0.45
129 28 0.24
129 29 0.34
129 30 0.69
129 31 0.24
129 33 0.34
129 35 0.24
129 39 0.22
129 41 0.24
129 49 0.24
129 55 0.05
129 64 0.34
70 129 0.06
129 71 0.6
129 72 0.74
129 73 0.78
74 129 0.3
129 80 0.24
82 129 0.09
129 84 0.21
86 129 0.1
88 129 0.11
129 89 0.1
129 94 0.07
129 96 0.09
129 98 0.69
129 103 0.34
129 106 0.22
129 110 0.14
129 119 0.14
129 121 0.14
129 122 0.12
125 129 0.54
127 129 0.57
248 129 3.0E-4
19 130 0.29
27 130 0.27
70 130 0.27
74 130 0.07
119 130 0.58
120 130 0.38
125 130 0.28
127 130 0.15
248 130 0.0
4 131 0.61
6 131 0.04
131 7 0.47
131 8 0.25
19 131 0.1
27 131 0.18
131 29 0.47
30 131 0.24
131 34 0.47
131 39 0.3
52 131 0.24
131 64 0.24
70 131 0.09
72 131 0.37
73 131 0.69
74 131 0.22
82 131 0.19
84 131 0.1
86 131 0.14
88 131 0.08
89 131 0.41
95 131 0.1
131 96 0.12
98 131 0.12
131 106 0.3
131 122 0.33
131 124 0.33
125 131 0.37
127 131 0.44
129 131 0.4
248 131 2.0E-4
132 2 0.09
132 4 0.64
6 132 0.09
132 7 0.39
132 8 0.21
10 132 0.06
19 132 0.16
24 132 0.16
26 132 0.04
27 132 0.15
132 29 0.39
132 30 0.78
132 34 0.2
132 35 0.14
132 39 0.25
48 132 0.14
55 132 0.12
70 132 0.22
132 71 0.69
132 72 0.77
132 73 0.7
74 132 0.27
132 77 0.1
78 132 0.06
132 80 0.28
82 132 0.21
132 84 0.24
86 132 0.23
88 132 0.06
132 89 0.23
95 132 0.08
132 98 0.59
132 103 0.39
132 106 0.25
119 132 0.16
132 122 0.28
132 124 0.28
125 132 0.31
127 132 0.53
129 132 0.67
132 131 0.37
248 132 3.0E-4
133 4 0.41
10 133 0.09
133 13 0.09
16 133 0.1
26 133 0.06
133 30 0.47
133 58 0.45
133 71 0.63
133 72 0.5
133 73 0.41
74 133 0.16
133 84 0.26
94 133 0.13
133 98 0.63
99 133 0.26
133 103 0.32
127 133 0.26
129 133 0.43
133 132 0.5
248 133 1.0E-4
134 2 0.19
3 134 0.07
4 134 0.66
6 134 0.06
134 7 0.41
134 8 0.22
134 14 0.07
19 134 0.08
24 134 0.08
27 134 0.23
134 29 0.41
30 134 0.61
134 35 0.29
134 39 0.26
134 49 0.29
55 134 0.06
134 64 0.2
71 134 0.61
72 134 0.72
73 134 0.73
74 134 0.25
134 75 0.14
134 80 0.29
82 134 0.11
84 134 0.08
86 134 0.12
134 89 0.24
98 134 0.51
134 103 0.41
134 106 0.26
134 122 0.29
125 134 0.4
127 134 0.47
129 134 0.7
134 131 0.29
132 134 0.64
133 134 0.26
248 134 2.0E-4
135 2 0.19
3 135 0.14
6 135 0.06
10 135 0.12
15 135 0.15
16 135 0.13
26 135 0.24
70 135 0.15
74 135 0.13
135 75 0.29
78 135 0.13
135 85 0.33
86 135 0.12
135 106 0.26
127 135 0.09
128 135 0.12
248 135 0.0
19 136 0.29
27 136 0.27
70 136 0.27
74 136 0.07
119 136 0.58
120 136 0.38
125 136 0.28
127 136 0.15
136 130 1.0
248 136 0.0
4 137 0.26
6 137 0.04
137 8 0.14
137 9 0.19
10 137 0.08
137 13 0.08
16 137 0.09
19 137 0.22
27 137 0.2
137 34 0.27
137 35 0.19
137 39 0.17
137 64 0.27
70 137 0.1
72 137 0.1
73 137 0.35
74 137 0.19
82 137 0.07
88 137 0.09
137 89 0.15
137 93 0.27
94 137 0.11
95 137 0.11
137 96 0.13
98 137 0.13
137 102 0.27
137 106 0.17
125 137 0.21
126 137 0.15
127 137 0.28
129 137 0.28
137 131 0.5
132 137 0.1
134 137 0.11
248 137 1.0E-4
138 2 0.14
3 138 0.2
6 138 0.22
138 9 0.2
10 138 0.17
12 138 0.24
138 13 0.24
15 138 0.21
19 138 0.12
26 138 0.17
27 138 0.11
138 31 0.41
138 33 0.29
138 41 0.41
70 138 0.11
74 138 0.18
78 138 0.09
82 138 0.08
138 84 0.12
138 85 0.24
86 138 0.08
88 138 0.09
94 138 0.12
138 105 0.41
120 138 0.15
125 138 0.11
127 138 0.12
128 138 0.17
129 138 0.1
135 138 0.24
248 138 0.0
6 139 0.06
10 139 0.12
19 139 0.17
24 139 0.17
26 139 0.08
139 35 0.29
139 36 0.58
55 139 0.12
139 67 0.58
139 68 0.58
70 139 0.31
74 139 0.13
139 77 0.22
78 139 0.13
86 139 0.12
139 90 0.58
95 139 0.17
127 139 0.17
139 132 0.16
139 137 0.22
248 139 0.0
10 140 0.14
140 11 0.27
26 140 0.19
55 140 0.15
74 140 0.1
78 140 0.16
140 87 0.41
88 140 0.16
140 114 0.71
248 140 0.0
6 141 0.11
74 141 0.07
86 141 0.2
141 107 1.0
112 141 0.24
113 141 0.24
248 141 0.0
1 142 0.18
2 142 0.38
3 142 0.14
13 142 0.12
16 142 0.13
142 23 0.58
26 142 0.08
74 142 0.13
142 75 0.29
78 142 0.13
85 142 0.33
86 142 0.12
106 142 0.26
128 142 0.12
135 142 0.33
248 142 0.0
3 143 0.25
143 40 0.71
48 143 0.5
55 143 0.21
70 143 0.27
74 143 0.07
82 143 0.19
86 143 0.2
143 91 0.71
110 143 0.58
121 143 0.58
127 143 0.15
248 143 0.0
4 144 0.32
144 7 1.0
8 144 0.53
144 29 1.0
30 144 0.5
39 144 0.63
72 144 0.39
73 144 0.32
74 144 0.1
82 144 0.27
84 144 0.2
86 144 0.29
106 144 0.63
125 144 0.39
127 144 0.21
129 144 0.34
131 144 0.47
132 144 0.39
134 144 0.41
248 144 1.0E-4
6 145 0.08
145 8 0.27
27 145 0.19
145 48 0.35
145 59 0.71
145 60 0.5
145 70 0.19
74 145 0.1
145 106 0.32
145 116 1.0
145 125 0.2
248 145 0.0
8 146 0.27
9 146 0.35
13 146 0.14
14 146 0.17
15 146 0.18
146 63 0.71
74 146 0.1
248 146 0.0
19 147 0.29
27 147 0.27
48 147 0.5
70 147 0.27
74 147 0.07
82 147 0.19
86 147 0.2
119 147 0.58
127 147 0.15
132 147 0.28
248 147 0.0
148 1 0.2
4 148 0.07
6 148 0.14
8 148 0.12
9 148 0.16
10 148 0.06
14 148 0.23
15 148 0.08
19 148 0.09
26 148 0.17
30 148 0.11
55 148 0.07
71 148 0.11
72 148 0.09
73 148 0.07
74 148 0.23
78 148 0.07
148 79 0.32
82 148 0.12
84 148 0.09
98 148 0.11
148 118 0.16
127 148 0.05
128 148 0.06
129 148 0.08
132 148 0.09
133 148 0.14
148 146 0.22
248 148 0.0
6 149 0.15
8 149 0.17
9 149 0.22
14 149 0.22
15 149 0.12
26 149 0.06
74 149 0.16
149 79 0.45
149 146 0.32
149 148 0.71
248 149 0.0
1 150 0.32
14 150 0.24
19 150 0.29
26 150 0.14
55 150 0.21
74 150 0.07
118 150 0.5
148 150 0.32
248 150 0.0
151 1 0.16
6 151 0.23
151 9 0.13
10 151 0.11
151 11 0.2
151 13 0.05
151 14 0.13
15 151 0.07
19 151 0.07
151 24 0.3
26 151 0.28
151 47 0.26
151 55 0.28
151 57 0.26
74 151 0.28
78 151 0.18
151 79 0.26
82 151 0.1
86 151 0.05
151 118 0.26
127 151 0.11
151 138 0.11
151 148 0.57
151 149 0.46
151 150 0.26
248 151 1.0E-4
6 152 0.11
8 152 0.19
9 152 0.25
10 152 0.2
14 152 0.12
15 152 0.13
26 152 0.2
152 46 0.5
152 56 0.29
74 152 0.15
78 152 0.23
152 85 0.29
94 152 0.15
126 152 0.2
127 152 0.07
128 152 0.1
152 146 0.35
152 148 0.32
152 149 0.22
248 152 0.0
153 2 0.15
6 153 0.1
153 10 0.18
153 13 0.18
153 14 0.22
15 153 0.23
16 153 0.1
26 153 0.12
153 55 0.1
153 56 0.26
74 153 0.16
153 75 0.22
153 77 0.17
153 78 0.31
82 153 0.09
153 94 0.13
153 99 0.26
128 153 0.18
248 153 1.0E-4
154 8 0.38
154 9 0.5
154 13 0.3
15 154 0.13
154 18 0.5
154 39 0.45
154 60 0.35
74 154 0.15
82 154 0.19
86 154 0.2
88 154 0.23
154 93 0.71
94 154 0.3
154 102 0.35
154 106 0.22
154 117 0.5
127 154 0.15
137 154 0.19
138 154 0.2
151 154 0.13
248 154 1.0E-4
1 155 0.18
6 155 0.13
14 155 0.14
19 155 0.17
26 155 0.08
55 155 0.12
74 155 0.13
84 155 0.17
86 155 0.12
95 155 0.17
155 104 0.29
112 155 0.14
118 155 0.29
148 155 0.18
155 150 0.58
151 155 0.15
248 155 0.0
1 156 0.32
14 156 0.24
19 156 0.29
26 156 0.14
55 156 0.21
74 156 0.07
118 156 0.5
148 156 0.32
156 150 1.0
151 156 0.26
156 155 0.58
248 156 0.0
157 2 0.07
157 4 0.5
6 157 0.19
157 10 0.13
157 11 0.25
12 157 0.13
157 16 0.05
19 157 0.31
157 20 0.22
157 24 0.13
157 25 0.38
157 26 0.03
27 157 0.17
157 28 0.22
157 30 0.39
157 33 0.15
157 34 0.15
157 35 0.22
157 42 0.22
157 45 0.31
48 157 0.22
157 52 0.15
157 55 0.09
70 157 0.29
157 71 0.54
157 72 0.48
157 73 0.45
74 157 0.34
157 77 0.08
157 78 0.05
157 80 0.22
157 81 0.15
82 157 0.08
157 84 0.31
86 157 0.18
88 157 0.1
157 89 0.36
157 92 0.31
95 157 0.26
157 96 0.23
157 97 0.15
157 98 0.39
157 103 0.15
157 104 0.33
157 110 0.13
157 112 0.26
157 113 0.21
157 119 0.25
157 121 0.25
157 122 0.33
157 124 0.22
125 157 0.24
157 126 0.09
127 157 0.51
128 157 0.04
129 157 0.42
157 131 0.15
157 132 0.54
157 133 0.39
157 134 0.31
157 137 0.25
157 139 0.25
157 147 0.22
157 148 0.07
157 155 0.13
248 157 3.0E-4
158 1 0.08
158 2 0.24
3 158 0.27
158 4 0.49
6 158 0.3
158 7 0.17
158 8 0.09
158 10 0.37
158 11 0.14
12 158 0.07
158 13 0.17
158 14 0.23
15 158 0.12
158 16 0.33
158 17 0.06
19 158 0.35
158 20 0.12
158 24 0.14
158 25 0.21
158 26 0.28
27 158 0.35
158 28 0.12
158 29 0.17
158 30 0.34
158 31 0.12
158 33 0.17
158 34 0.17
158 35 0.12
158 36 0.12
158 37 0.12
158 39 0.11
158 40 0.17
158 41 0.12
158 42 0.12
158 43 0.12
158 45 0.17
158 46 0.12
158 48 0.24
158 52 0.17
158 55 0.18
158 56 0.07
158 58 0.12
158 64 0.17
158 65 0.12
158 67 0.12
158 68 0.12
158 69 0.06
158 70 0.35
158 71 0.34
158 72 0.43
158 73 0.49
74 158 0.62
158 75 0.24
158 76 0.12
158 77 0.14
158 78 0.33
158 80 0.12
158 81 0.08
82 158 0.21
158 84 0.24
158 85 0.21
86 158 0.22
88 158 0.11
158 89 0.29
158 90 0.12
158 91 0.17
158 92 0.17
158 94 0.25
95 158 0.22
158 96 0.13
158 97 0.08
158 98 0.34
158 99 0.14
158 102 0.08
158 103 0.17
158 104 0.18
158 105 0.12
158 106 0.16
158 110 0.21
158 112 0.17
158 113 0.14
158 116 0.08
158 118 0.06
158 119 0.21
120 158 0.09
158 121 0.21
158 122 0.24
158 123 0.06
158 124 0.12
158 125 0.4
158 126 0.29
127 158 0.6
128 158 0.22
158 129 0.46
158 130 0.12
158 131 0.36
158 132 0.43
158 133 0.27
158 134 0.38
158 135 0.14
158 136 0.12
158 137 0.27
158 138 0.1
158 139 0.21
158 140 0.08
158 142 0.07
158 143 0.12
158 144 0.17
158 145 0.08
158 147 0.12
158 148 0.08
158 152 0.12
158 153 0.21
158 155 0.07
158 157 0.55
248 158 9.0E-4
4 159 0.41
6 159 0.05
159 7 0.63
8 159 0.34
27 159 0.24
159 29 0.63
30 159 0.32
35 159 0.22
39 159 0.4
159 49 0.45
71 159 0.16
72 159 0.37
73 159 0.51
74 159 0.16
82 159 0.17
84 159 0.13
86 159 0.18
89 159 0.18
106 159 0.4
122 159 0.22
125 159 0.5
127 159 0.33
129 159 0.43
131 159 0.45
132 159 0.37
134 159 0.65
137 159 0.17
159 144 0.63
157 159 0.1
158 159 0.21
248 159 1.0E-4
6 160 0.11
160 17 0.25
19 160 0.14
27 160 0.13
160 35 0.25
160 55 0.11
70 160 0.13
74 160 0.15
82 160 0.1
86 160 0.1
120 160 0.19
125 160 0.14
127 160 0.07
128 160 0.1
160 129 0.12
158 160 0.06
248 160 0.0
4 161 0.57
6 161 0.08
161 7 0.5
161 8 0.27
11 161 0.13
24 161 0.1
27 161 0.09
161 29 0.5
30 161 0.38
161 34 0.5
35 161 0.18
161 39 0.32
161 52 0.5
55 161 0.08
70 161 0.19
71 161 0.13
72 161 0.39
73 161 0.57
74 161 0.21
161 80 0.35
82 161 0.2
84 161 0.1
86 161 0.14
88 161 0.08
161 89 0.58
95 161 0.11
161 106 0.32
161 122 0.35
161 124 0.35
125 161 0.49
127 161 0.42
129 161 0.34
161 131 0.71
132 161 0.49
134 161 0.41
137 161 0.27
161 144 0.5
157 161 0.23
158 161 0.34
161 159 0.47
248 161 2.0E-4
6 162 0.16
10 162 0.29
11 162 0.53
24 162 0.41
26 162 0.19
55 162 0.3
74 162 0.1
78 162 0.16
127 162 0.21
151 162 0.37
248 162 0.0
163 2 0.15
6 163 0.05
10 163 0.37
163 13 0.09
163 14 0.11
15 163 0.12
26 163 0.24
163 37 0.45
55 163 0.19
70 163 0.12
74 163 0.16
78 163 0.31
163 94 0.13
135 163 0.26
163 138 0.18
163 140 0.32
158 163 0.16
248 163 1.0E-4
6 164 0.04
164 8 0.15
164 9 0.2
10 164 0.17
164 14 0.1
15 164 0.11
164 24 0.24
26 164 0.06
164 46 0.41
164 55 0.26
164 57 0.41
74 164 0.18
78 164 0.47
164 85 0.24
164 94 0.12
164 126 0.17
127 164 0.06
164 146 0.29
164 148 0.13
164 149 0.18
164 151 0.21
164 152 0.41
153 164 0.37
158 164 0.1
248 164 1.0E-4
2 165 0.22
3 165 0.25
6 165 0.04
165 9 0.17
10 165 0.07
165 13 0.33
165 14 0.16
15 165 0.34
16 165 0.15
165 23 0.33
26 165 0.23
165 39 0.15
165 46 0.33
55 165 0.07
165 56 0.19
70 165 0.09
74 165 0.22
165 75 0.33
165 77 0.13
78 165 0.15
165 85 0.38
86 165 0.14
94 165 0.4
99 165 0.19
165 106 0.15
165 118 0.17
126 165 0.27
127 165 0.1
128 165 0.07
135 165 0.19
138 165 0.14
165 142 0.38
151 165 0.09
165 152 0.17
153 165 0.15
165 154 0.17
158 165 0.16
164 165 0.14
248 165 1.0E-4
3 166 0.17
6 166 0.11
166 11 0.25
12 166 0.19
19 166 0.48
166 26 0.05
27 166 0.53
166 28 0.33
166 31 0.33
166 33 0.47
166 36 0.33
166 40 0.47
166 41 0.33
166 48 0.67
166 55 0.07
166 67 0.33
166 68 0.33
166 70 0.45
74 166 0.22
166 81 0.24
82 166 0.19
86 166 0.2
88 166 0.15
166 90 0.33
166 91 0.47
166 94 0.1
166 104 0.17
166 110 0.58
166 116 0.24
166 119 0.38
166 121 0.58
166 125 0.37
127 166 0.29
128 166 0.14
166 129 0.24
166 132 0.09
166 138 0.14
166 139 0.19
166 143 0.33
166 145 0.24
166 147 0.33
166 157 0.22
166 158 0.36
166 160 0.17
248 166 2.0E-4
167 11 0.38
12 167 0.58
19 167 0.29
27 167 0.27
167 28 1.0
167 33 0.71
74 167 0.07
88 167 0.23
167 110 0.58
167 119 0.58
167 121 0.58
125 167 0.28
129 167 0.24
157 167 0.22
158 167 0.12
166 167 0.33
248 167 0.0
6 168 0.08
19 168 0.2
27 168 0.38
168 48 0.35
168 70 0.38
74 168 0.1
168 116 0.5
168 119 0.41
120 168 0.27
168 125 0.39
127 168 0.1
168 130 0.71
168 136 0.71
168 145 0.5
168 158 0.17
168 166 0.24
248 168 0.0
6 169 0.08
19 169 0.2
27 169 0.38
169 48 0.35
169 70 0.38
74 169 0.1
169 116 0.5
169 119 0.41
120 169 0.27
169 125 0.39
127 169 0.1
169 130 0.71
169 136 0.71
169 145 0.5
169 158 0.17
169 166 0.24
169 168 1.0
248 169 0.0
170 36 1.0
170 67 1.0
170 68 1.0
74 170 0.07
170 90 1.0
127 170 0.15
170 139 0.58
158 170 0.12
166 170 0.33
248 170 0.0
6 171 0.06
19 171 0.33
27 171 0.46
171 48 0.58
171 70 0.46
74 171 0.13
82 171 0.11
86 171 0.12
171 116 0.41
171 119 0.33
171 125 0.32
127 171 0.17
171 129 0.14
171 132 0.16
171 145 0.41
171 147 0.58
171 157 0.13
171 158 0.21
171 160 0.29
171 166 0.58
171 168 0.41
171 169 0.41
248 171 0.0
6 172 0.05
19 172 0.43
27 172 0.53
172 48 0.5
172 70 0.53
74 172 0.15
82 172 0.1
86 172 0.1
172 116 0.35
172 119 0.58
120 172 0.19
172 125 0.42
127 172 0.22
172 129 0.12
172 130 0.5
172 132 0.14
172 136 0.5
172 145 0.35
172 147 0.5
172 157 0.11
172 158 0.24
172 160 0.25
172 166 0.5
172 168 0.71
172 169 0.71
172 171 0.87
248 172 1.0E-4
173 4 0.21
6 173 0.05
173 11 0.17
27 173 0.12
173 36 0.45
173 48 0.22
173 52 0.32
173 67 0.45
173 68 0.45
173 70 0.36
173 73 0.1
74 173 0.16
173 89 0.37
173 90 0.45
173 116 0.32
173 122 0.22
173 125 0.25
127 173 0.2
173 131 0.15
173 139 0.26
173 145 0.32
173 157 0.1
173 158 0.21
173 161 0.16
173 166 0.3
173 168 0.32
173 169 0.32
173 170 0.45
173 171 0.26
173 172 0.22
248 173 1.0E-4
3 174 0.25
6 174 0.11
19 174 0.29
26 174 0.14
27 174 0.27
174 31 1.0
174 33 0.71
174 41 1.0
74 174 0.07
88 174 0.23
94 174 0.3
125 174 0.28
127 174 0.15
129 174 0.24
174 138 0.41
158 174 0.12
166 174 0.33
248 174 0.0
3 175 0.06
175 4 0.16
175 5 0.17
6 175 0.26
175 7 0.33
175 8 0.18
175 10 0.05
175 11 0.09
12 175 0.14
175 13 0.05
175 14 0.06
15 175 0.06
175 16 0.05
19 175 0.27
175 25 0.14
175 26 0.13
27 175 0.31
175 28 0.24
175 29 0.33
175 30 0.25
175 31 0.24
175 33 0.33
175 39 0.21
175 40 0.17
175 41 0.24
175 48 0.24
175 55 0.05
175 58 0.24
175 62 0.24
175 70 0.25
175 71 0.08
175 72 0.2
175 73 0.16
74 175 0.31
175 81 0.17
82 175 0.23
175 84 0.2
86 175 0.24
88 175 0.27
175 91 0.17
175 94 0.21
95 175 0.36
175 98 0.08
175 99 0.27
175 100 0.24
175 103 0.17
175 104 0.24
175 106 0.21
175 110 0.27
175 112 0.17
175 113 0.17
175 116 0.17
175 119 0.27
175 121 0.14
175 123 0.12
175 125 0.33
127 175 0.38
128 175 0.14
175 129 0.29
175 131 0.16
175 132 0.26
175 133 0.11
175 134 0.2
175 138 0.1
175 144 0.33
175 145 0.17
175 147 0.24
175 155 0.14
175 157 0.21
175 158 0.31
175 159 0.21
175 161 0.17
175 165 0.08
175 166 0.39
175 167 0.24
175 168 0.17
175 169 0.17
175 171 0.27
175 172 0.24
175 173 0.11
175 174 0.24
248 175 3.0E-4
3 176 0.25
6 176 0.11
19 176 0.29
26 176 0.14
27 176 0.27
176 31 1.0
176 33 0.71
176 41 1.0
74 176 0.07
88 176 0.23
94 176 0.3
125 176 0.28
127 176 0.15
129 176 0.24
176 138 0.41
158 176 0.12
166 176 0.33
176 174 1.0
175 176 0.24
248 176 0.0
6 177 0.25
10 177 0.54
177 11 0.43
177 14 0.09
24 177 0.44
26 177 0.36
177 43 0.38
177 46 0.38
55 177 0.4
177 69 0.38
70 177 0.1
74 177 0.19
177 76 0.38
177 77 0.43
78 177 0.43
177 85 0.22
86 177 0.08
177 94 0.23
95 177 0.11
126 177 0.31
127 177 0.22
177 132 0.1
177 139 0.22
151 177 0.2
177 152 0.19
157 177 0.08
158 177 0.18
177 162 0.53
164 177 0.15
177 165 0.13
248 177 1.0E-4
178 1 0.15
178 2 0.15
3 178 0.06
178 4 0.32
6 178 0.13
178 7 0.32
178 8 0.17
178 9 0.11
178 11 0.09
178 17 0.34
19 178 0.13
27 178 0.18
178 29 0.32
178 30 0.16
178 34 0.32
178 36 0.23
178 39 0.21
178 40 0.32
178 48 0.34
178 52 0.16
178 55 0.1
178 67 0.23
178 68 0.23
178 70 0.49
178 72 0.19
178 73 0.26
74 178 0.32
82 178 0.35
178 84 0.07
86 178 0.19
178 87 0.13
88 178 0.05
178 89 0.37
178 90 0.23
178 91 0.32
178 94 0.07
95 178 0.07
178 106 0.21
178 110 0.26
178 116 0.16
178 119 0.26
120 178 0.09
178 121 0.13
178 122 0.23
178 124 0.23
178 125 0.32
127 178 0.34
128 178 0.14
178 129 0.11
178 130 0.23
178 131 0.38
178 132 0.25
178 134 0.13
178 136 0.23
178 137 0.09
178 139 0.13
178 142 0.13
178 143 0.23
178 144 0.32
178 145 0.16
178 147 0.23
178 157 0.15
178 158 0.33
178 159 0.21
178 160 0.11
178 161 0.41
178 166 0.38
178 168 0.32
178 169 0.32
178 170 0.23
178 171 0.26
178 172 0.34
178 173 0.51
178 175 0.27
248 178 2.0E-4
179 1 0.22
26 179 0.1
74 179 0.1
158 179 0.08
248 179 0.0
26 180 0.14
74 180 0.07
248 180 0.0
181 2 0.11
3 181 0.04
181 4 0.72
6 181 0.16
181 7 0.23
181 8 0.12
10 181 0.37
181 11 0.19
181 13 0.03
181 14 0.12
16 181 0.04
181 17 0.08
19 181 0.09
181 24 0.33
26 181 0.2
27 181 0.22
181 29 0.23
181 30 0.46
181 34 0.23
181 35 0.16
181 37 0.16
181 39 0.15
181 43 0.16
181 46 0.16
181 49 0.16
181 52 0.23
181 55 0.39
181 57 0.16
181 64 0.23
181 69 0.16
70 181 0.13
181 71 0.46
181 72 0.59
181 73 0.72
74 181 0.45
181 75 0.08
181 76 0.16
181 77 0.19
78 181 0.6
181 80 0.16
82 181 0.13
181 84 0.19
181 85 0.19
86 181 0.1
88 181 0.04
181 89 0.4
181 94 0.1
95 181 0.1
181 96 0.06
181 98 0.46
181 103 0.23
181 105 0.16
181 106 0.15
120 181 0.06
181 122 0.33
181 124 0.16
125 181 0.32
181 126 0.2
127 181 0.56
128 181 0.03
129 181 0.56
181 131 0.49
181 132 0.55
181 133 0.29
181 134 0.57
181 137 0.25
181 138 0.07
181 139 0.09
181 140 0.12
181 144 0.23
181 148 0.05
181 151 0.13
181 152 0.08
153 181 0.15
157 181 0.39
158 181 0.57
181 159 0.37
181 161 0.46
181 162 0.12
181 163 0.22
181 164 0.34
181 165 0.05
173 181 0.15
175 181 0.12
181 177 0.31
178 181 0.23
248 181 7.0E-4
182 2 0.13
182 4 0.61
6 182 0.04
19 182 0.11
24 182 0.11
182 30 0.8
182 35 0.19
55 182 0.08
182 71 0.94
182 72 0.73
182 73 0.61
74 182 0.19
182 80 0.38
182 84 0.22
182 89 0.15
182 98 0.8
182 103 0.53
182 122 0.19
125 182 0.1
127 182 0.39
129 182 0.64
182 132 0.73
182 133 0.68
182 134 0.55
182 148 0.12
157 182 0.49
158 182 0.32
182 161 0.13
175 182 0.09
181 182 0.43
248 182 1.0E-4
6 183 0.13
74 183 0.13
86 183 0.12
155 183 0.33
248 183 0.0
8 184 0.38
13 184 0.2
184 32 1.0
184 66 1.0
74 184 0.07
184 83 1.0
184 115 1.0
248 184 0.0
185 2 0.16
3 185 0.08
185 4 0.11
6 185 0.3
185 7 0.11
185 8 0.06
185 10 0.73
185 11 0.18
185 13 0.16
185 14 0.16
15 185 0.08
16 185 0.22
185 17 0.08
19 185 0.05
185 21 0.23
185 24 0.56
185 25 0.09
26 185 0.46
27 185 0.04
185 29 0.11
185 30 0.17
185 35 0.08
185 37 0.16
185 39 0.07
185 42 0.16
185 43 0.16
185 45 0.11
185 46 0.16
185 55 0.55
185 56 0.09
185 57 0.16
185 58 0.16
185 69 0.16
70 185 0.09
185 71 0.11
185 72 0.13
185 73 0.11
74 185 0.45
185 75 0.16
185 76 0.16
185 77 0.43
185 78 0.71
185 80 0.16
82 185 0.09
185 84 0.19
185 85 0.28
86 185 0.1
185 89 0.07
185 92 0.11
185 94 0.29
95 185 0.05
185 96 0.23
185 98 0.06
185 99 0.19
185 103 0.11
185 104 0.08
185 105 0.16
185 106 0.15
185 109 0.23
112 185 0.04
113 185 0.15
185 118 0.08
120 185 0.06
185 122 0.08
125 185 0.09
185 126 0.26
127 185 0.19
128 185 0.17
129 185 0.12
185 131 0.05
185 132 0.18
185 133 0.07
185 134 0.14
185 135 0.28
185 138 0.13
185 139 0.09
185 140 0.11
185 142 0.09
185 144 0.11
185 148 0.05
185 151 0.17
185 152 0.16
185 153 0.29
157 185 0.11
158 185 0.47
185 159 0.07
185 161 0.11
185 162 0.23
185 163 0.36
185 164 0.33
185 165 0.22
175 185 0.11
185 177 0.43
178 185 0.04
185 181 0.51
185 182 0.12
248 185 6.0E-4
186 1 0.39
186 4 0.09
6 186 0.04
186 14 0.1
15 186 0.11
19 186 0.24
27 186 0.22
186 44 0.58
186 48 0.41
186 61 0.58
186 70 0.22
186 73 0.09
74 186 0.18
82 186 0.16
86 186 0.08
88 186 0.09
186 96 0.14
186 116 0.29
186 119 0.24
186 125 0.23
127 186 0.12
128 186 0.08
186 129 0.1
186 131 0.14
186 132 0.11
186 137 0.15
186 145 0.29
186 147 0.41
186 157 0.18
186 158 0.15
186 166 0.27
186 168 0.29
186 169 0.29
186 171 0.47
186 172 0.41
186 173 0.18
186 175 0.19
186 178 0.19
186 181 0.07
248 186 0.0
187 36 1.0
187 67 1.0
187 68 1.0
74 187 0.07
187 90 1.0
127 187 0.15
187 139 0.58
158 187 0.12
166 187 0.33
187 170 1.0
173 187 0.45
178 187 0.23
248 187 0.0
188 36 1.0
188 67 1.0
188 68 1.0
74 188 0.07
188 90 1.0
127 188 0.15
188 139 0.58
158 188 0.12
166 188 0.33
188 170 1.0
173 188 0.45
178 188 0.23
188 187 1.0
248 188 0.0
10 189 0.2
13 189 0.2
16 189 0.23
26 189 0.14
189 58 1.0
74 189 0.07
94 189 0.3
99 189 0.58
133 189 0.45
158 189 0.12
175 189 0.24
185 189 0.16
248 189 0.0
3 190 0.13
6 190 0.11
10 190 0.1
13 190 0.1
16 190 0.23
190 17 0.25
26 190 0.14
27 190 0.13
190 46 0.5
190 63 0.5
74 190 0.15
78 190 0.23
190 85 0.29
94 190 0.15
126 190 0.2
127 190 0.07
146 190 0.35
152 190 0.25
158 190 0.18
164 190 0.2
165 190 0.17
177 190 0.19
181 190 0.16
185 190 0.16
248 190 1.0E-4
6 191 0.08
16 191 0.16
74 191 0.1
86 191 0.14
191 107 0.71
112 191 0.17
113 191 0.17
191 141 0.71
158 191 0.08
248 191 0.0
6 192 0.08
11 192 0.27
26 192 0.19
74 192 0.1
82 192 0.14
192 87 0.41
88 192 0.16
192 114 0.71
140 192 0.5
148 192 0.22
151 192 0.18
248 192 0.0
4 193 0.32
193 7 1.0
8 193 0.53
193 29 1.0
30 193 0.5
39 193 0.63
72 193 0.39
73 193 0.32
74 193 0.1
82 193 0.27
84 193 0.2
86 193 0.29
106 193 0.63
125 193 0.39
127 193 0.21
129 193 0.34
131 193 0.47
132 193 0.39
134 193 0.41
193 144 1.0
158 193 0.17
159 193 0.63
161 193 0.5
175 193 0.33
178 193 0.32
181 193 0.23
185 193 0.11
248 193 1.0E-4
3 194 0.1
194 4 0.19
6 194 0.04
194 11 0.15
27 194 0.11
194 34 0.29
194 40 0.58
194 48 0.41
194 52 0.29
194 55 0.09
194 70 0.65
194 72 0.11
194 73 0.09
74 194 0.18
82 194 0.24
86 194 0.08
88 194 0.09
194 89 0.33
194 91 0.58
95 194 0.12
194 110 0.47
194 116 0.29
194 121 0.24
194 122 0.2
194 124 0.41
194 125 0.23
127 194 0.18
128 194 0.08
194 131 0.14
194 132 0.11
194 143 0.41
194 145 0.29
194 157 0.18
194 158 0.24
194 161 0.29
194 166 0.41
194 168 0.29
194 169 0.29
194 171 0.24
194 172 0.2
194 173 0.55
194 175 0.19
194 178 0.56
194 181 0.13
194 186 0.17
248 194 1.0E-4
195 2 0.09
195 3 0.2
195 4 0.37
195 6 0.12
195 7 0.38
195 8 0.4
195 12 0.31
195 13 0.16
195 14 0.06
195 15 0.14
195 16 0.06
195 19 0.23
195 24 0.08
195 26 0.04
195 27 0.21
195 29 0.38
195 30 0.38
195 35 0.27
195 39 0.36
195 49 0.27
195 55 0.06
195 59 0.27
195 60 0.38
195 71 0.19
195 72 0.3
195 73 0.43
195 74 0.28
195 80 0.27
195 82 0.21
195 84 0.08
195 86 0.16
195 88 0.18
195 89 0.11
195 93 0.19
195 94 0.08
195 95 0.08
195 96 0.09
195 98 0.09
195 103 0.19
195 106 0.36
195 116 0.19
195 120 0.1
195 122 0.13
195 125 0.3
195 127 0.39
195 128 0.11
195 129 0.45
195 131 0.36
195 132 0.37
195 134 0.46
195 135 0.15
195 137 0.2
195 138 0.11
195 144 0.38
195 145 0.19
195 154 0.13
195 157 0.12
195 158 0.26
195 159 0.48
195 161 0.38
195 175 0.19
195 178 0.12
195 181 0.31
195 182 0.2
195 185 0.17
195 186 0.11
195 193 0.38
195 248 2.0E-4
4 196 0.23
27 196 0.27
35 196 0.5
196 49 1.0
73 196 0.23
74 196 0.07
127 196 0.15
129 196 0.24
134 196 0.29
159 196 0.45
181 196 0.16
195 196 0.27
248 196 0.0
6 197 0.11
10 197 0.2
26 197 0.14
197 46 1.0
74 197 0.07
78 197 0.23
197 85 0.58
94 197 0.3
126 197 0.41
127 197 0.15
152 197 0.5
158 197 0.12
164 197 0.41
165 197 0.33
177 197 0.38
181 197 0.16
185 197 0.16
190 197 0.5
248 197 0.0
4 198 0.23
198 34 0.71
73 198 0.23
74 198 0.07
89 198 0.41
127 198 0.15
131 198 0.33
137 198 0.38
158 198 0.12
161 198 0.35
178 198 0.23
181 198 0.16
248 198 0.0
199 2 0.1
199 4 0.73
6 199 0.03
199 7 0.41
199 8 0.22
19 199 0.08
27 199 0.23
199 29 0.41
199 30 0.71
199 34 0.2
199 39 0.26
199 64 0.41
70 199 0.08
199 71 0.61
199 72 0.88
199 73 0.79
74 199 0.25
82 199 0.17
199 84 0.25
86 199 0.12
88 199 0.07
199 89 0.12
95 199 0.09
199 98 0.82
199 103 0.41
199 106 0.26
199 122 0.14
199 124 0.29
125 199 0.32
127 199 0.51
129 199 0.77
199 131 0.48
199 132 0.8
199 133 0.52
199 134 0.67
199 137 0.22
199 144 0.41
199 148 0.09
157 199 0.38
158 199 0.41
199 159 0.39
199 161 0.41
175 199 0.2
178 199 0.2
181 199 0.57
199 182 0.65
185 199 0.09
199 193 0.41
194 199 0.12
195 199 0.31
248 199 2.0E-4
200 2 0.15
200 4 0.51
19 200 0.13
200 30 0.63
200 71 0.79
200 72 0.62
200 73 0.51
74 200 0.16
200 84 0.13
200 98 0.79
200 103 0.63
127 200 0.33
129 200 0.54
200 132 0.62
200 133 0.6
200 134 0.52
157 200 0.39
158 200 0.27
175 200 0.11
181 200 0.37
200 182 0.85
185 200 0.07
195 200 0.12
200 199 0.65
248 200 1.0E-4
4 201 0.46
201 7 0.71
201 8 0.38
27 201 0.13
201 29 0.71
30 201 0.35
201 39 0.45
201 64 0.35
71 201 0.18
72 201 0.55
73 201 0.46
74 201 0.15
82 201 0.19
84 201 0.14
86 201 0.2
89 201 0.2
98 201 0.18
201 106 0.45
201 122 0.25
125 201 0.55
127 201 0.29
129 201 0.36
201 131 0.5
132 201 0.28
134 201 0.43
137 201 0.19
201 144 0.71
157 201 0.11
158 201 0.24
201 159 0.67
161 201 0.35
175 201 0.24
178 201 0.23
181 201 0.33
185 201 0.08
201 193 0.71
195 201 0.27
199 201 0.43
248 201 1.0E-4
4 202 0.51
202 7 0.63
202 8 0.34
19 202 0.13
27 202 0.24
202 29 0.63
30 202 0.32
202 39 0.4
202 64 0.63
72 202 0.5
73 202 0.51
74 202 0.16
82 202 0.17
84 202 0.13
86 202 0.18
202 96 0.16
98 202 0.32
202 106 0.4
125 202 0.37
127 202 0.33
129 202 0.54
202 131 0.6
132 202 0.25
134 202 0.39
137 202 0.34
202 144 0.63
157 202 0.1
158 202 0.27
202 159 0.4
161 202 0.32
175 202 0.21
178 202 0.21
181 202 0.37
185 202 0.07
186 202 0.18
202 193 0.63
195 202 0.36
199 202 0.52
202 201 0.67
248 202 1.0E-4
4 203 0.32
6 203 0.08
24 203 0.2
30 203 0.25
203 34 0.5
35 203 0.35
55 203 0.15
71 203 0.25
72 203 0.2
73 203 0.32
74 203 0.1
203 80 0.71
89 203 0.58
122 203 0.35
125 203 0.2
127 203 0.21
129 203 0.17
131 203 0.24
132 203 0.2
134 203 0.2
137 203 0.27
157 203 0.15
158 203 0.17
161 203 0.5
178 203 0.16
181 203 0.23
182 203 0.27
185 203 0.11
195 203 0.19
203 198 0.71
248 203 1.0E-4
204 2 0.13
4 204 0.26
204 5 0.27
6 204 0.17
10 204 0.08
19 204 0.11
24 204 0.11
26 204 0.1
30 204 0.4
55 204 0.16
204 62 0.38
70 204 0.1
71 204 0.4
72 204 0.31
73 204 0.26
74 204 0.19
204 77 0.14
78 204 0.09
84 204 0.11
86 204 0.08
88 204 0.26
95 204 0.34
98 204 0.4
204 100 0.38
204 103 0.27
204 104 0.19
204 123 0.19
127 204 0.39
129 204 0.28
132 204 0.42
133 204 0.17
204 134 0.33
139 204 0.22
157 204 0.25
158 204 0.18
175 204 0.36
177 204 0.14
181 204 0.25
182 204 0.43
185 204 0.12
195 204 0.1
199 204 0.33
200 204 0.51
248 204 1.0E-4
19 205 0.29
27 205 0.27
48 205 0.5
70 205 0.27
74 205 0.07
82 205 0.19
86 205 0.2
119 205 0.58
127 205 0.15
132 205 0.28
205 147 1.0
157 205 0.22
158 205 0.12
166 205 0.33
171 205 0.58
172 205 0.5
175 205 0.24
178 205 0.23
186 205 0.41
248 205 0.0
26 206 0.14
74 206 0.07
248 206 0.0
207 3 0.25
207 6 0.11
207 12 0.58
207 15 0.26
207 19 0.29
207 27 0.27
207 74 0.07
207 82 0.19
207 86 0.2
207 88 0.23
207 95 0.3
207 120 0.38
207 127 0.15
207 128 0.2
207 195 0.27
207 248 0.0
208 18 1.0
74 208 0.07
86 208 0.2
208 117 1.0
154 208 0.5
248 208 0.0
3 209 0.25
16 209 0.23
74 209 0.07
82 209 0.19
128 209 0.2
248 209 0.0
210 3 0.1
210 5 0.29
210 6 0.27
210 10 0.17
210 12 0.24
210 13 0.08
210 15 0.11
210 19 0.12
210 21 0.29
210 24 0.12
210 26 0.06
210 27 0.11
210 55 0.09
210 74 0.18
210 77 0.15
210 78 0.09
210 82 0.16
210 84 0.24
210 85 0.24
210 86 0.17
210 88 0.28
210 95 0.37
210 96 0.29
210 100 0.41
210 104 0.2
210 105 0.41
210 109 0.29
210 112 0.1
210 113 0.19
210 120 0.31
210 123 0.2
210 127 0.24
210 128 0.17
210 138 0.17
210 158 0.05
210 175 0.19
210 181 0.07
210 185 0.13
210 195 0.11
210 204 0.31
210 207 0.41
210 248 1.0E-4
40 211 0.71
70 211 0.27
74 211 0.07
82 211 0.19
91 211 0.71
110 211 0.58
128 211 0.2
158 211 0.12
166 211 0.33
175 211 0.24
178 211 0.23
194 211 0.41
248 211 0.0
3 212 0.25
6 212 0.05
9 212 0.25
10 212 0.1
13 212 0.3
15 212 0.13
16 212 0.23
26 212 0.07
212 46 0.5
55 212 0.11
74 212 0.15
78 212 0.11
212 85 0.29
86 212 0.1
94 212 0.3
212 118 0.25
126 212 0.41
127 212 0.15
138 212 0.2
151 212 0.13
152 212 0.25
154 212 0.25
158 212 0.12
164 212 0.2
165 212 0.5
177 212 0.19
181 212 0.08
185 212 0.16
190 212 0.25
212 197 0.5
248 212 0.0
6 213 0.11
74 213 0.07
84 213 0.29
95 213 0.3
213 104 0.5
112 213 0.24
155 213 0.58
157 213 0.22
158 213 0.12
175 213 0.24
248 213 0.0
10 214 0.29
11 214 0.27
14 214 0.34
24 214 0.2
26 214 0.1
214 37 0.71
55 214 0.15
214 69 0.35
74 214 0.1
77 214 0.27
78 214 0.32
94 214 0.21
158 214 0.08
163 214 0.32
177 214 0.27
181 214 0.23
185 214 0.23
248 214 0.0
6 215 0.22
215 11 0.31
12 215 0.24
215 17 0.61
19 215 0.24
27 215 0.22
215 28 0.41
215 33 0.29
48 215 0.2
55 215 0.09
74 215 0.18
215 81 0.29
82 215 0.24
86 215 0.08
215 87 0.47
88 215 0.19
215 104 0.2
215 110 0.24
215 119 0.24
215 121 0.47
125 215 0.11
127 215 0.06
128 215 0.17
129 215 0.1
157 215 0.18
158 215 0.1
160 215 0.2
166 215 0.27
215 167 0.41
175 215 0.1
178 215 0.28
248 215 0.0
216 1 0.33
2 216 0.17
3 216 0.13
4 216 0.36
6 216 0.06
10 216 0.05
11 216 0.1
12 216 0.15
216 13 0.1
216 14 0.13
15 216 0.07
16 216 0.06
24 216 0.07
26 216 0.11
27 216 0.14
30 216 0.18
216 34 0.18
55 216 0.06
216 64 0.37
216 69 0.13
70 216 0.07
71 216 0.27
72 216 0.43
73 216 0.36
74 216 0.28
216 77 0.1
78 216 0.06
82 216 0.15
84 216 0.07
88 216 0.18
89 216 0.21
94 216 0.08
95 216 0.08
98 216 0.37
216 122 0.26
216 123 0.13
216 124 0.26
125 216 0.21
127 216 0.27
128 216 0.16
129 216 0.25
216 131 0.17
132 216 0.21
133 216 0.23
134 216 0.22
137 216 0.1
138 216 0.11
216 148 0.08
157 216 0.23
158 216 0.25
216 159 0.12
161 216 0.09
177 216 0.1
178 216 0.12
179 216 0.18
216 180 0.26
181 216 0.3
182 216 0.2
185 216 0.04
186 216 0.11
194 216 0.11
195 216 0.14
199 216 0.37
200 216 0.12
216 201 0.26
216 202 0.23
204 216 0.1
216 214 0.18
248 216 1.0E-4
2 217 0.33
13 217 0.2
14 217 0.24
15 217 0.26
26 217 0.14
56 217 0.58
74 217 0.07
75 217 0.5
77 217 0.38
94 217 0.3
153 217 0.45
158 217 0.12
165 217 0.33
185 217 0.16
248 217 0.0
26 218 0.14
218 51 1.0
74 218 0.07
218 101 1.0
248 218 0.0
219 18 1.0
74 219 0.07
86 219 0.2
219 117 1.0
154 219 0.5
219 208 1.0
248 219 0.0
220 3 0.13
220 4 0.06
220 6 0.25
220 7 0.18
220 8 0.28
220 11 0.19
220 12 0.29
220 13 0.1
220 15 0.06
220 18 0.25
220 19 0.29
220 20 0.25
220 23 0.25
220 26 0.07
220 27 0.33
220 28 0.25
220 29 0.18
220 30 0.09
220 31 0.25
220 33 0.35
220 39 0.22
220 41 0.25
220 48 0.13
220 59 0.25
220 60 0.35
220 70 0.07
220 72 0.07
220 73 0.06
220 74 0.29
220 81 0.35
220 82 0.14
220 84 0.14
220 86 0.26
220 88 0.23
220 93 0.18
220 94 0.15
220 95 0.23
220 96 0.09
220 97 0.35
220 104 0.25
220 106 0.22
220 110 0.14
220 112 0.3
220 113 0.12
220 116 0.18
220 117 0.25
220 119 0.14
220 120 0.09
220 121 0.29
220 123 0.25
220 125 0.21
220 127 0.26
220 128 0.15
220 129 0.18
220 131 0.08
220 132 0.07
220 134 0.07
220 138 0.1
220 142 0.14
220 144 0.18
220 145 0.18
220 154 0.25
220 155 0.14
220 157 0.22
220 158 0.18
220 159 0.11
220 161 0.09
220 165 0.08
220 166 0.25
220 167 0.25
220 173 0.11
220 174 0.25
220 175 0.29
220 176 0.25
220 178 0.11
220 181 0.04
220 193 0.18
220 194 0.1
220 195 0.27
220 199 0.07
220 201 0.13
220 202 0.11
220 207 0.25
220 208 0.25
220 210 0.1
220 213 0.25
220 215 0.2
220 219 0.25
220 248 2.0E-4
74 221 0.07
84 221 0.29
185 221 0.16
248 221 0.0
4 222 0.23
27 222 0.27
35 222 0.5
222 49 1.0
73 222 0.23
74 222 0.07
127 222 0.15
129 222 0.24
134 222 0.29
159 222 0.45
181 222 0.16
195 222 0.27
222 196 1.0
248 222 0.0
223 1 0.12
4 223 0.52
19 223 0.11
27 223 0.3
223 34 0.27
35 223 0.19
223 49 0.38
223 64 0.53
70 223 0.1
71 223 0.13
72 223 0.42
73 223 0.52
74 223 0.19
82 223 0.15
88 223 0.17
89 223 0.31
95 223 0.11
223 96 0.13
98 223 0.27
223 122 0.38
223 124 0.38
125 223 0.31
127 223 0.33
128 223 0.08
129 223 0.37
223 131 0.38
132 223 0.1
134 223 0.33
137 223 0.29
157 223 0.25
158 223 0.23
223 159 0.34
161 223 0.13
178 223 0.09
181 223 0.37
186 223 0.31
194 223 0.15
195 223 0.2
223 196 0.38
199 223 0.33
223 201 0.38
223 202 0.51
223 216 0.49
223 222 0.38
248 223 1.0E-4
224 2 0.13
4 224 0.61
11 224 0.14
27 224 0.2
30 224 0.13
224 34 0.53
224 52 0.53
224 64 0.53
70 224 0.2
71 224 0.13
72 224 0.42
73 224 0.52
74 224 0.19
82 224 0.07
88 224 0.09
224 89 0.46
95 224 0.11
98 224 0.4
224 122 0.19
224 124 0.38
125 224 0.21
127 224 0.39
129 224 0.28
224 131 0.5
132 224 0.21
224 134 0.22
224 137 0.29
157 224 0.25
158 224 0.32
224 161 0.53
173 224 0.17
178 224 0.26
181 224 0.43
182 224 0.14
194 224 0.31
224 198 0.38
199 224 0.44
200 224 0.17
224 201 0.19
224 202 0.34
224 203 0.27
224 204 0.14
224 216 0.29
224 223 0.43
248 224 2.0E-4
6 225 0.11
225 25 0.58
74 225 0.07
86 225 0.2
95 225 0.3
112 225 0.24
113 225 0.24
127 225 0.15
157 225 0.22
158 225 0.12
175 225 0.24
248 225 0.0
226 2 0.1
3 226 0.14
226 4 0.33
6 226 0.06
226 11 0.22
12 226 0.17
19 226 0.33
26 226 0.04
27 226 0.23
226 28 0.29
226 30 0.41
226 31 0.29
226 33 0.41
226 36 0.29
226 40 0.41
226 41 0.29
48 226 0.29
55 226 0.06
226 67 0.29
226 68 0.29
70 226 0.23
226 71 0.51
226 72 0.4
226 73 0.33
74 226 0.25
226 81 0.2
82 226 0.11
226 84 0.08
86 226 0.12
88 226 0.13
226 90 0.29
226 91 0.41
94 226 0.09
226 98 0.51
226 103 0.41
226 104 0.14
226 110 0.5
226 119 0.17
226 121 0.5
125 226 0.16
127 226 0.38
128 226 0.12
129 226 0.49
226 132 0.4
226 133 0.39
226 134 0.33
226 138 0.12
226 139 0.17
226 143 0.29
226 148 0.09
157 226 0.38
158 226 0.38
166 226 0.58
226 167 0.29
226 170 0.29
173 226 0.26
226 174 0.29
175 226 0.27
226 176 0.29
178 226 0.26
181 226 0.24
226 182 0.55
185 226 0.05
226 187 0.29
226 188 0.29
194 226 0.35
195 226 0.08
226 199 0.42
226 200 0.52
226 204 0.33
226 211 0.29
226 215 0.24
226 216 0.15
220 226 0.29
226 224 0.11
248 226 2.0E-4
2 227 0.24
13 227 0.14
14 227 0.17
15 227 0.18
26 227 0.1
56 227 0.41
74 227 0.1
75 227 0.35
77 227 0.27
227 79 0.71
94 227 0.21
148 227 0.22
149 227 0.32
151 227 0.18
153 227 0.32
158 227 0.08
165 227 0.24
185 227 0.11
227 217 0.71
248 227 0.0
74 228 0.07
228 79 1.0
148 228 0.32
149 228 0.45
151 228 0.26
227 228 0.71
248 228 0.0
6 229 0.11
26 229 0.2
229 38 0.5
74 229 0.15
229 118 0.25
151 229 0.13
229 183 0.29
248 229 0.0
74 230 0.07
84 230 0.29
185 230 0.16
230 221 1.0
248 230 0.0
6 231 0.08
14 231 0.17
26 231 0.1
74 231 0.1
148 231 0.22
149 231 0.32
151 231 0.18
231 183 0.41
248 231 0.0
26 232 0.14
232 38 1.0
74 232 0.07
229 232 0.5
248 232 0.0
2 233 0.19
3 233 0.14
6 233 0.13
10 233 0.12
13 233 0.12
14 233 0.14
15 233 0.3
16 233 0.13
26 233 0.16
70 233 0.15
74 233 0.13
233 75 0.29
78 233 0.13
233 85 0.33
86 233 0.12
106 233 0.26
128 233 0.24
135 233 0.67
138 233 0.24
233 142 0.33
153 233 0.26
158 233 0.14
163 233 0.26
165 233 0.19
185 233 0.19
248 233 0.0
234 22 1.0
26 234 0.14
74 234 0.07
248 234 0.0
6 235 0.11
235 10 0.1
15 235 0.26
235 16 0.23
235 26 0.27
235 46 0.5
74 235 0.15
235 78 0.11
82 235 0.19
235 85 0.29
235 94 0.15
235 126 0.2
127 235 0.07
235 152 0.25
158 235 0.12
235 164 0.2
235 165 0.17
235 177 0.19
235 179 0.35
235 181 0.08
235 185 0.08
235 190 0.25
235 197 0.5
235 212 0.25
248 235 0.0
13 236 0.2
236 63 1.0
74 236 0.07
146 236 0.71
190 236 0.5
248 236 0.0
8 237 0.38
13 237 0.2
39 237 0.45
237 60 0.71
74 237 0.07
82 237 0.19
88 237 0.23
93 237 0.71
94 237 0.3
127 237 0.15
154 237 0.5
195 237 0.27
220 237 0.25
248 237 0.0
3 238 0.08
238 4 0.15
6 238 0.07
238 7 0.47
238 8 0.5
238 9 0.17
238 11 0.13
12 238 0.19
238 13 0.07
19 238 0.38
238 26 0.05
27 238 0.45
238 28 0.33
238 29 0.47
238 30 0.24
238 31 0.33
238 33 0.47
238 39 0.45
238 41 0.33
238 48 0.33
238 59 0.33
238 60 0.24
238 70 0.27
238 72 0.18
238 73 0.15
74 238 0.22
82 238 0.26
238 84 0.1
86 238 0.2
88 238 0.23
238 93 0.24
238 94 0.2
238 102 0.24
238 106 0.6
238 110 0.19
238 116 0.47
238 119 0.58
120 238 0.13
238 121 0.19
238 125 0.55
127 238 0.25
238 129 0.32
238 130 0.33
238 131 0.22
238 132 0.28
238 134 0.19
238 136 0.33
238 137 0.13
238 138 0.14
238 144 0.47
238 145 0.47
238 147 0.33
238 154 0.17
238 157 0.15
238 158 0.28
238 159 0.3
238 161 0.24
238 166 0.44
238 167 0.33
238 168 0.47
238 169 0.47
238 171 0.38
238 172 0.5
238 173 0.15
238 174 0.33
238 175 0.47
238 176 0.33
238 178 0.38
238 181 0.11
238 185 0.05
238 186 0.27
238 193 0.47
238 194 0.14
195 238 0.27
238 199 0.19
238 201 0.33
238 202 0.3
238 205 0.33
238 215 0.14
220 238 0.33
238 226 0.19
248 238 2.0E-4
239 5 0.24
6 239 0.26
8 239 0.13
9 239 0.17
10 239 0.07
13 239 0.07
14 239 0.16
15 239 0.09
239 17 0.17
26 239 0.23
239 43 0.33
55 239 0.21
239 62 0.33
239 69 0.17
74 239 0.22
239 76 0.33
77 239 0.13
78 239 0.08
82 239 0.06
84 239 0.1
88 239 0.31
95 239 0.4
239 100 0.33
239 104 0.17
120 239 0.13
239 123 0.17
126 239 0.14
127 239 0.15
128 239 0.07
239 146 0.24
239 148 0.11
239 149 0.15
239 152 0.17
158 239 0.04
160 239 0.17
164 239 0.14
175 239 0.24
177 239 0.13
178 239 0.08
181 239 0.05
185 239 0.05
204 239 0.38
210 239 0.27
215 239 0.14
248 239 1.0E-4
6 240 0.11
10 240 0.2
26 240 0.14
240 46 1.0
74 240 0.07
78 240 0.23
240 85 0.58
94 240 0.3
126 240 0.41
127 240 0.15
152 240 0.5
158 240 0.12
164 240 0.41
165 240 0.33
177 240 0.38
181 240 0.16
185 240 0.16
190 240 0.5
240 197 1.0
212 240 0.5
235 240 0.5
248 240 0.0
6 241 0.05
10 241 0.31
241 11 0.19
24 241 0.43
26 241 0.2
55 241 0.32
74 241 0.15
78 241 0.34
127 241 0.07
151 241 0.26
158 241 0.06
241 162 0.35
241 163 0.22
164 241 0.2
241 177 0.19
181 241 0.25
185 241 0.32
248 241 1.0E-4
242 36 1.0
242 67 1.0
242 68 1.0
74 242 0.07
242 90 1.0
127 242 0.15
242 139 0.58
158 242 0.12
166 242 0.33
242 170 1.0
173 242 0.45
178 242 0.23
242 187 1.0
242 188 1.0
242 226 0.29
248 242 0.0
26 243 0.14
74 243 0.07
229 243 0.5
248 243 0.0
6 244 0.11
74 244 0.07
84 244 0.29
88 244 0.23
95 244 0.3
244 100 1.0
104 244 0.5
123 244 0.5
127 244 0.15
175 244 0.24
204 244 0.38
210 244 0.41
239 244 0.33
248 244 0.0
245 1 0.18
3 245 0.14
245 14 0.28
15 245 0.3
26 245 0.08
245 40 0.41
245 44 0.41
48 245 0.29
55 245 0.12
245 61 0.41
70 245 0.31
74 245 0.13
82 245 0.11
86 245 0.12
245 91 0.41
94 245 0.17
99 245 0.33
110 245 0.33
121 245 0.33
127 245 0.09
245 143 0.58
158 245 0.07
245 165 0.19
166 245 0.19
175 245 0.14
178 245 0.13
186 245 0.24
194 245 0.24
226 245 0.17
248 245 0.0
6 246 0.09
10 246 0.17
246 13 0.16
15 246 0.11
16 246 0.19
26 246 0.28
246 47 0.41
246 53 0.41
246 58 0.41
70 246 0.11
74 246 0.18
82 246 0.08
94 246 0.12
99 246 0.24
246 108 0.41
112 246 0.1
246 133 0.18
135 246 0.24
246 138 0.17
151 246 0.11
158 246 0.1
163 246 0.18
175 246 0.1
246 179 0.29
185 246 0.13
246 189 0.41
246 233 0.24
235 246 0.2
248 246 1.0E-4
4 247 0.32
27 247 0.19
52 247 0.5
247 64 0.5
72 247 0.2
73 247 0.32
74 247 0.1
98 247 0.25
125 247 0.2
127 247 0.21
129 247 0.17
247 131 0.47
137 247 0.27
158 247 0.17
161 247 0.25
181 247 0.23
199 247 0.2
247 201 0.35
247 202 0.32
247 216 0.18
247 223 0.27
224 247 0.53
248 247 0.0
