*Vertices  11
1 "LED灯"
2 "单片机"
3 "LED"
4 "二极管"
5 "LED光源"
6 "螺旋管"
7 "散热片"
8 "散热器"
9 "介质箱"
10 "芯片"
11 "交通灯"
*Arcs
1 11 0.0042
1 2 0.13
2 11 0.0044
3 1 0.67
3 2 0.32
3 11 0.0042
4 1 0.32
4 2 0.16
4 3 0.72
4 11 0.0072
5 1 0.36
5 2 0.09
5 3 0.36
5 4 0.29
5 11 0.0115
1 6 0.11
3 6 0.07
4 6 0.1
5 6 0.2
11 6 0.1605
1 7 0.43
3 7 0.3
4 7 0.22
5 7 0.45
7 6 0.24
7 11 0.0162
1 8 0.44
3 8 0.31
4 8 0.24
5 8 0.34
8 6 0.24
8 7 0.63
8 11 0.0163
1 9 0.11
3 9 0.07
4 9 0.1
5 9 0.2
9 6 1.0
7 9 0.24
8 9 0.24
11 9 0.1605
1 10 0.3
10 2 0.33
3 10 0.62
4 10 0.58
5 10 0.22
10 7 0.17
10 8 0.14
10 11 0.0015
