*Vertices  93
1 "LCD显示屏"
2 "显示器"
3 "LED灯"
4 "光纤"
5 "探头"
6 "连接带"
7 "电容"
8 "控制器"
9 "处理器"
10 "单片机"
11 "折盒机"
12 "装盒机"
13 "远光灯"
14 "开关"
15 "FBG"
16 "刻度板"
17 "PD"
18 "显示技术"
19 "激光射线"
20 "变压器"
21 "定时器"
22 "Zigbee"
23 "桡动脉"
24 "光纤耦合"
25 "编解码方法"
26 "坐标方向校正方法"
27 "解调方法"
28 "LED"
29 "液晶显示模块"
30 "二极管"
31 "稳压二极管"
32 "三极管"
33 "语音警报器"
34 "止血扣碗"
35 "玻璃"
36 "环形器"
37 "通道"
38 "接收管"
39 "LED光源"
40 "塑料"
41 "光电转换器件"
42 "转换器"
43 "晶体振荡器"
44 "绝缘靴"
45 "探针"
46 "红外线发射管"
47 "滤光片"
48 "电动机"
49 "干涉仪"
50 "发电机"
51 "发光体"
52 "放大器"
53 "半导体"
54 "电路板"
55 "ESD"
56 "键合"
57 "燃气涡轮"
58 "客户"
59 "摄像机"
60 "码道"
61 "蓄电池"
62 "锂电池"
63 "光电池"
64 "芯片"
65 "继电器"
66 "存储器"
67 "Li"
68 "电极"
69 "ARCTAN"
70 "电阻"
71 "发射模块"
72 "驱动模块"
73 "脉冲信号"
74 "激光"
75 "射灯"
76 "检测仪"
77 "检测板"
78 "屏幕"
79 "读取器"
80 "瞄准镜"
81 "透镜"
82 "信息卡"
83 "CAN总线"
84 "蜂鸣器"
85 "绝对位置"
86 "聚光帽"
87 "电磁锁心"
88 "激发光"
89 "发光管"
90 "水平仪"
91 "信息存储卡"
92 "插座"
93 "传感器"
*Arcs
1 93 2.0E-4
2 1 0.33
2 93 8.0E-4
3 1 0.04
3 2 0.08
3 93 3.0E-4
93 4 8.0E-4
3 5 0.05
5 4 0.38
93 5 4.0E-4
3 6 0.05
93 6 7.0E-4
3 7 0.29
7 93 2.0E-4
1 8 0.24
2 8 0.24
3 8 0.11
8 4 0.09
8 5 0.12
7 8 0.15
8 93 4.0E-4
9 1 0.09
9 2 0.26
9 3 0.14
9 4 0.1
9 5 0.26
9 6 0.13
9 7 0.05
9 8 0.44
9 93 0.0016
10 1 0.08
2 10 0.52
3 10 0.13
10 7 0.19
10 8 0.17
9 10 0.24
10 93 9.0E-4
3 11 0.11
93 11 3.0E-4
3 12 0.08
12 11 0.71
93 12 3.0E-4
93 13 2.0E-4
14 1 0.14
2 14 0.07
3 14 0.37
14 6 0.07
14 7 0.42
14 8 0.23
9 14 0.21
14 10 0.19
14 93 6.0E-4
4 15 0.38
93 15 6.0E-4
93 16 5.0E-4
2 17 0.11
17 4 0.68
17 5 0.22
9 17 0.12
17 93 7.0E-4
1 18 0.24
2 18 0.35
8 18 0.34
9 18 0.18
10 18 0.16
93 18 2.0E-4
19 16 1.0
93 19 5.0E-4
2 20 0.11
3 20 0.26
7 20 0.52
20 8 0.1
10 20 0.05
14 20 0.29
20 93 1.0E-4
1 21 0.19
3 21 0.06
8 21 0.28
9 21 0.15
14 21 0.24
93 21 2.0E-4
7 22 0.2
10 22 0.23
14 22 0.14
93 22 4.0E-4
23 6 0.5
14 23 0.14
93 23 4.0E-4
4 24 0.53
17 24 0.32
93 24 2.0E-4
93 25 4.0E-4
93 26 5.0E-4
4 27 0.38
27 15 1.0
93 27 6.0E-4
28 1 0.22
28 2 0.29
28 3 0.67
28 4 0.19
28 5 0.15
28 6 0.15
28 7 0.36
28 8 0.3
28 9 0.28
28 10 0.32
28 11 0.07
28 12 0.1
28 13 0.07
28 14 0.54
28 15 0.07
28 16 0.07
28 17 0.16
28 18 0.1
28 19 0.07
28 20 0.34
28 21 0.13
28 22 0.07
28 23 0.07
28 24 0.1
28 25 0.07
28 26 0.07
28 27 0.07
28 93 0.0023
1 29 0.67
2 29 0.38
8 29 0.36
9 29 0.13
10 29 0.11
14 29 0.14
29 18 0.35
21 29 0.29
28 29 0.15
93 29 2.0E-4
30 1 0.14
30 2 0.15
30 3 0.32
30 4 0.23
30 5 0.05
30 7 0.39
30 8 0.15
30 9 0.08
30 10 0.16
30 13 0.1
30 14 0.46
30 15 0.1
30 17 0.18
30 20 0.39
30 21 0.12
30 22 0.1
30 24 0.14
30 25 0.1
30 27 0.1
30 28 0.72
30 29 0.1
30 93 7.0E-4
1 31 0.13
3 31 0.21
7 31 0.46
8 31 0.18
9 31 0.1
14 31 0.21
20 31 0.48
31 21 0.22
28 31 0.19
31 29 0.19
30 31 0.27
93 31 1.0E-4
32 1 0.08
2 32 0.06
3 32 0.2
32 7 0.61
32 8 0.11
10 32 0.16
14 32 0.37
32 20 0.49
28 32 0.32
32 29 0.11
30 32 0.42
32 31 0.26
32 93 1.0E-4
28 33 0.07
93 33 5.0E-4
34 6 0.5
14 34 0.14
34 23 1.0
28 34 0.07
93 34 4.0E-4
35 2 0.19
35 3 0.27
35 4 0.29
35 5 0.1
35 7 0.08
35 9 0.15
35 10 0.22
35 14 0.18
35 17 0.34
35 20 0.08
35 24 0.14
35 28 0.38
35 30 0.27
35 32 0.09
35 93 2.0E-4
4 36 0.38
36 15 1.0
36 27 1.0
28 36 0.07
30 36 0.1
93 36 6.0E-4
2 37 0.07
3 37 0.22
37 4 0.11
7 37 0.12
10 37 0.07
14 37 0.04
37 17 0.13
28 37 0.25
30 37 0.23
32 37 0.07
35 37 0.11
37 93 1.0E-4
1 38 0.19
2 38 0.14
3 38 0.13
7 38 0.24
10 38 0.13
14 38 0.24
28 38 0.13
38 29 0.29
30 38 0.18
32 38 0.4
35 38 0.11
37 38 0.17
93 38 2.0E-4
39 1 0.07
39 2 0.15
39 3 0.36
39 4 0.15
39 5 0.1
39 7 0.04
39 9 0.11
39 10 0.09
39 14 0.06
39 17 0.18
39 20 0.09
39 28 0.36
39 29 0.1
39 30 0.29
39 31 0.08
39 32 0.09
39 35 0.24
39 37 0.18
39 38 0.12
39 93 1.0E-4
40 2 0.17
40 3 0.28
40 4 0.17
40 5 0.11
40 8 0.17
40 9 0.12
40 10 0.05
40 14 0.16
40 17 0.21
40 18 0.16
40 20 0.05
40 21 0.13
40 24 0.16
40 28 0.32
40 30 0.28
40 35 0.35
40 37 0.13
40 39 0.14
40 93 4.0E-4
41 4 0.53
41 5 0.35
41 17 0.63
41 24 0.5
28 41 0.1
30 41 0.14
35 41 0.27
40 41 0.32
41 93 7.0E-4
42 1 0.2
2 42 0.15
3 42 0.1
42 4 0.23
42 5 0.15
7 42 0.25
42 8 0.22
9 42 0.16
10 42 0.14
14 42 0.25
42 17 0.27
20 42 0.06
42 21 0.17
42 22 0.3
42 24 0.21
28 42 0.24
42 29 0.15
30 42 0.21
42 31 0.11
32 42 0.14
35 42 0.12
42 38 0.17
40 42 0.21
42 41 0.43
42 93 0.0012
3 43 0.06
43 7 0.24
43 8 0.14
9 43 0.15
10 43 0.26
14 43 0.24
43 22 0.58
28 43 0.13
30 43 0.06
43 32 0.13
35 43 0.11
43 42 0.35
43 93 2.0E-4
6 44 0.5
9 44 0.26
28 44 0.07
93 44 2.0E-4
45 4 0.27
45 5 0.35
45 17 0.32
28 45 0.1
30 45 0.14
35 45 0.14
40 45 0.16
45 41 0.5
42 45 0.21
45 93 2.0E-4
3 46 0.11
7 46 0.2
14 46 0.14
28 46 0.07
30 46 0.1
32 46 0.23
35 46 0.19
37 46 0.29
38 46 0.58
93 46 2.0E-4
1 47 0.15
2 47 0.11
47 4 0.68
47 5 0.22
10 47 0.1
14 47 0.06
47 17 0.6
47 24 0.32
28 47 0.16
47 29 0.22
30 47 0.23
32 47 0.1
35 47 0.26
37 47 0.13
47 38 0.26
39 47 0.27
40 47 0.1
47 41 0.32
42 47 0.13
47 45 0.32
47 93 2.0E-4
2 48 0.14
3 48 0.06
8 48 0.14
9 48 0.15
10 48 0.26
48 16 0.58
48 18 0.41
48 19 0.58
28 48 0.13
39 48 0.12
40 48 0.13
93 48 6.0E-4
4 49 0.38
49 15 1.0
49 27 1.0
28 49 0.07
30 49 0.1
49 36 1.0
93 49 6.0E-4
2 50 0.13
3 50 0.11
8 50 0.12
10 50 0.11
14 50 0.14
20 50 0.21
28 50 0.15
30 50 0.1
39 50 0.1
42 50 0.15
93 50 1.0E-4
51 2 0.09
51 3 0.21
51 7 0.08
51 9 0.1
51 14 0.1
51 28 0.19
51 30 0.23
51 32 0.09
51 35 0.15
51 37 0.11
51 38 0.22
51 39 0.23
51 40 0.09
51 46 0.38
51 50 0.19
51 93 1.0E-4
2 52 0.2
3 52 0.09
7 52 0.33
52 8 0.1
9 52 0.11
10 52 0.28
14 52 0.11
20 52 0.26
28 52 0.18
30 52 0.17
52 31 0.15
32 52 0.28
52 38 0.24
52 42 0.25
52 50 0.2
52 93 1.0E-4
53 1 0.05
53 2 0.11
53 3 0.29
53 4 0.17
53 5 0.07
53 7 0.15
53 9 0.08
53 10 0.03
53 14 0.14
53 17 0.2
53 20 0.19
53 24 0.1
53 28 0.5
53 30 0.55
53 31 0.06
53 32 0.1
53 35 0.23
53 37 0.17
53 38 0.09
53 39 0.3
53 40 0.24
53 41 0.1
53 42 0.13
53 45 0.1
53 47 0.13
53 51 0.11
53 52 0.12
53 93 1.0E-4
54 1 0.2
54 2 0.26
54 3 0.4
54 5 0.1
54 7 0.13
54 8 0.1
54 9 0.11
54 10 0.14
54 14 0.14
54 18 0.14
54 20 0.04
54 28 0.36
54 29 0.2
54 30 0.17
54 32 0.19
54 35 0.39
54 37 0.06
54 38 0.24
54 39 0.17
54 40 0.19
54 43 0.12
54 46 0.2
54 47 0.09
54 51 0.23
54 53 0.15
54 93 1.0E-4
7 55 0.09
10 55 0.1
14 55 0.06
55 22 0.45
28 55 0.16
30 55 0.14
55 37 0.26
42 55 0.13
43 55 0.26
53 55 0.26
55 93 1.0E-4
3 56 0.04
56 4 0.14
56 5 0.19
7 56 0.08
10 56 0.09
56 17 0.17
28 56 0.19
30 56 0.19
35 56 0.07
40 56 0.09
56 41 0.27
42 56 0.11
56 45 0.27
56 47 0.17
52 56 0.15
53 56 0.28
56 93 1.0E-4
2 57 0.25
10 57 0.23
20 57 0.21
28 57 0.07
42 57 0.3
50 57 0.5
52 57 0.41
93 57 4.0E-4
58 1 0.14
2 58 0.2
3 58 0.22
58 5 0.2
7 58 0.17
9 58 0.21
58 11 0.41
58 12 0.29
14 58 0.17
28 58 0.18
30 58 0.08
32 58 0.09
35 58 0.08
58 37 0.12
58 38 0.24
39 58 0.08
40 58 0.09
42 58 0.12
58 46 0.41
51 58 0.15
53 58 0.12
54 58 0.17
58 93 7.0E-4
1 59 0.38
2 59 0.14
10 59 0.13
59 13 0.58
14 59 0.08
28 59 0.13
59 29 0.29
30 59 0.12
32 59 0.13
38 59 0.33
39 59 0.12
47 59 0.26
54 59 0.12
93 59 2.0E-4
4 60 0.27
5 60 0.35
8 60 0.17
9 60 0.18
60 25 0.71
28 60 0.1
30 60 0.07
93 60 3.0E-4
3 61 0.23
61 5 0.13
61 6 0.13
7 61 0.11
61 8 0.13
9 61 0.07
14 61 0.28
61 20 0.28
28 61 0.28
30 61 0.18
32 61 0.18
35 61 0.1
39 61 0.05
61 50 0.26
53 61 0.11
61 58 0.11
61 93 0.0
62 1 0.15
3 62 0.1
62 7 0.18
62 8 0.22
9 62 0.23
10 62 0.1
14 62 0.12
62 20 0.1
62 21 0.26
28 62 0.16
62 29 0.22
30 62 0.18
62 31 0.17
62 32 0.31
35 62 0.09
62 42 0.13
62 43 0.26
54 62 0.18
62 93 3.0E-4
63 4 0.38
63 5 0.5
9 63 0.13
63 17 0.45
63 24 0.35
28 63 0.15
30 63 0.15
35 63 0.19
39 63 0.2
40 63 0.23
63 41 0.71
42 63 0.3
63 45 0.35
63 47 0.22
53 63 0.15
56 63 0.19
58 63 0.2
61 63 0.13
63 93 8.0E-4
64 1 0.24
2 64 0.27
3 64 0.3
64 4 0.09
64 7 0.37
64 8 0.23
9 64 0.12
64 10 0.33
64 14 0.28
64 17 0.11
64 18 0.17
64 20 0.18
64 21 0.07
64 22 0.12
28 64 0.62
64 29 0.24
30 64 0.58
64 31 0.14
64 32 0.33
35 64 0.21
64 37 0.24
64 38 0.21
39 64 0.22
40 64 0.11
64 42 0.25
64 43 0.14
64 45 0.08
64 46 0.12
64 47 0.16
64 48 0.14
64 50 0.06
51 64 0.09
64 52 0.29
53 64 0.6
54 64 0.22
64 55 0.27
64 56 0.27
64 57 0.12
64 58 0.1
64 59 0.07
64 62 0.21
64 93 5.0E-4
65 1 0.15
3 65 0.05
7 65 0.37
65 8 0.11
9 65 0.12
14 65 0.24
20 65 0.19
28 65 0.16
30 65 0.18
32 65 0.31
65 42 0.13
65 58 0.18
64 65 0.16
65 93 1.0E-4
1 66 0.22
2 66 0.25
3 66 0.04
66 5 0.17
7 66 0.07
66 8 0.16
9 66 0.34
10 66 0.15
66 13 0.33
14 66 0.23
66 17 0.15
20 66 0.07
66 21 0.19
28 66 0.22
66 29 0.33
30 66 0.17
66 31 0.13
32 66 0.15
66 38 0.38
39 66 0.14
42 66 0.4
43 66 0.19
66 47 0.15
66 50 0.17
52 66 0.27
53 66 0.1
54 66 0.07
66 57 0.33
58 66 0.14
66 59 0.38
61 66 0.09
62 66 0.15
66 63 0.17
64 66 0.16
66 93 0.0012
2 67 0.06
3 67 0.26
67 4 0.18
67 7 0.05
67 8 0.06
9 67 0.06
67 10 0.05
67 14 0.13
67 17 0.21
67 20 0.05
67 22 0.24
28 67 0.31
30 67 0.36
35 67 0.23
67 37 0.2
39 67 0.24
40 67 0.27
67 42 0.21
67 43 0.27
67 47 0.21
53 67 0.38
54 67 0.14
67 55 0.11
67 58 0.1
67 64 0.31
67 66 0.08
67 93 1.0E-4
68 1 0.11
2 68 0.04
3 68 0.16
68 4 0.12
7 68 0.37
68 8 0.12
10 68 0.04
14 68 0.2
68 17 0.15
68 20 0.39
28 68 0.45
68 29 0.08
30 68 0.55
68 31 0.19
32 68 0.6
35 68 0.13
68 37 0.19
68 38 0.19
39 68 0.1
40 68 0.04
68 42 0.1
68 46 0.16
68 47 0.15
51 68 0.06
68 52 0.2
53 68 0.56
54 68 0.03
68 55 0.29
68 56 0.25
68 58 0.07
68 61 0.13
62 68 0.15
64 68 0.57
68 65 0.22
68 66 0.05
67 68 0.12
68 93 0.0
4 69 0.38
69 15 1.0
69 27 1.0
28 69 0.07
30 69 0.1
69 36 1.0
69 49 1.0
93 69 6.0E-4
70 1 0.16
2 70 0.08
3 70 0.3
70 4 0.06
70 7 0.73
70 8 0.16
9 70 0.08
10 70 0.22
14 70 0.46
70 17 0.07
70 20 0.55
70 21 0.09
70 22 0.16
28 70 0.45
70 29 0.16
30 70 0.51
70 31 0.43
70 32 0.71
35 70 0.09
70 37 0.19
70 38 0.28
39 70 0.1
70 42 0.29
70 43 0.19
70 46 0.16
70 47 0.15
70 50 0.08
51 70 0.06
70 52 0.26
53 70 0.19
54 70 0.17
70 55 0.07
70 57 0.16
70 58 0.13
70 59 0.09
70 61 0.17
70 62 0.29
64 70 0.47
70 65 0.36
70 66 0.22
67 70 0.11
70 68 0.51
70 93 4.0E-4
7 71 0.2
10 71 0.23
14 71 0.14
71 22 1.0
28 71 0.07
30 71 0.1
42 71 0.3
43 71 0.58
55 71 0.45
64 71 0.12
67 71 0.24
70 71 0.16
93 71 4.0E-4
2 72 0.18
3 72 0.08
8 72 0.17
9 72 0.18
10 72 0.16
72 18 0.5
28 72 0.1
40 72 0.16
48 72 0.41
64 72 0.17
93 72 2.0E-4
2 73 0.13
3 73 0.11
7 73 0.1
10 73 0.23
14 73 0.14
73 25 0.5
28 73 0.15
30 73 0.15
32 73 0.23
73 38 0.29
42 73 0.15
52 73 0.2
53 73 0.07
60 73 0.35
64 73 0.18
66 73 0.17
68 73 0.16
70 73 0.16
93 73 2.0E-4
74 1 0.09
74 2 0.2
74 3 0.12
74 4 0.4
74 8 0.06
74 9 0.14
74 10 0.06
74 14 0.04
74 16 0.27
74 17 0.36
74 18 0.19
74 19 0.27
74 20 0.06
74 24 0.38
74 28 0.28
74 30 0.24
74 35 0.21
74 37 0.08
74 39 0.16
74 40 0.18
74 41 0.19
74 42 0.08
74 47 0.36
74 48 0.31
74 51 0.1
74 53 0.39
74 54 0.11
74 56 0.2
74 58 0.11
74 63 0.13
74 64 0.26
74 67 0.19
74 68 0.31
74 70 0.17
74 72 0.19
74 93 4.0E-4
75 2 0.1
75 3 0.27
75 7 0.17
75 9 0.11
75 14 0.06
75 20 0.09
75 28 0.18
75 30 0.21
75 31 0.15
75 32 0.09
75 35 0.16
75 37 0.24
75 38 0.24
75 39 0.17
75 40 0.28
75 46 0.41
75 51 0.31
75 53 0.24
75 54 0.17
75 58 0.17
75 64 0.05
75 67 0.19
75 68 0.07
75 70 0.13
75 74 0.11
75 93 1.0E-4
2 76 0.25
3 76 0.05
5 76 0.25
7 76 0.1
9 76 0.13
10 76 0.23
14 76 0.07
20 76 0.11
28 76 0.15
30 76 0.05
32 76 0.11
76 38 0.29
39 76 0.1
42 76 0.3
76 50 0.25
52 76 0.41
53 76 0.15
76 57 0.5
58 76 0.2
61 76 0.13
63 76 0.25
64 76 0.12
66 76 0.5
68 76 0.08
70 76 0.16
73 76 0.25
93 76 0.0011
2 77 0.18
10 77 0.16
77 16 0.71
77 19 0.71
20 77 0.15
28 77 0.1
42 77 0.21
77 48 0.41
77 50 0.35
52 77 0.29
77 57 0.71
64 77 0.08
66 77 0.24
70 77 0.11
74 77 0.19
76 77 0.35
93 77 0.0010
1 78 0.17
2 78 0.13
3 78 0.06
78 6 0.26
7 78 0.05
78 8 0.13
9 78 0.07
10 78 0.06
14 78 0.11
78 18 0.18
20 78 0.06
78 23 0.26
28 78 0.28
30 78 0.18
78 31 0.1
32 78 0.06
78 34 0.26
35 78 0.15
37 78 0.07
40 78 0.18
42 78 0.08
78 48 0.15
53 78 0.27
54 78 0.16
55 78 0.23
56 78 0.1
58 78 0.11
64 78 0.25
68 78 0.3
70 78 0.04
78 72 0.18
74 78 0.14
78 93 2.0E-4
1 79 0.33
8 79 0.24
9 79 0.26
14 79 0.14
21 79 0.58
28 79 0.07
29 79 0.5
30 79 0.1
31 79 0.38
42 79 0.3
62 79 0.45
64 79 0.12
66 79 0.33
70 79 0.16
93 79 4.0E-4
2 80 0.25
10 80 0.23
28 80 0.07
76 80 0.5
93 80 2.0E-4
81 2 0.13
81 3 0.25
81 4 0.28
81 9 0.06
81 13 0.25
81 14 0.07
81 17 0.22
81 24 0.35
81 28 0.29
81 30 0.28
81 35 0.14
81 37 0.14
81 39 0.26
81 40 0.23
81 41 0.18
81 42 0.15
81 47 0.22
81 51 0.09
81 53 0.26
81 54 0.15
81 58 0.1
81 59 0.14
81 63 0.25
81 64 0.18
81 66 0.08
81 67 0.29
81 68 0.04
81 74 0.27
81 75 0.1
81 93 2.0E-4
1 82 0.24
8 82 0.17
9 82 0.18
14 82 0.1
21 82 0.41
28 82 0.1
29 82 0.35
30 82 0.14
31 82 0.27
42 82 0.21
61 82 0.18
62 82 0.32
64 82 0.08
66 82 0.24
70 82 0.11
82 79 0.71
93 82 2.0E-4
28 83 0.07
83 33 1.0
93 83 5.0E-4
1 84 0.19
2 84 0.14
3 84 0.13
7 84 0.12
8 84 0.14
9 84 0.3
10 84 0.13
14 84 0.16
28 84 0.13
84 29 0.29
30 84 0.12
32 84 0.13
84 38 0.33
39 84 0.12
47 84 0.26
54 84 0.24
58 84 0.24
84 59 0.33
62 84 0.26
64 84 0.14
65 84 0.26
66 84 0.19
70 84 0.19
93 84 2.0E-4
85 25 1.0
28 85 0.07
30 85 0.1
60 85 0.71
73 85 0.5
93 85 4.0E-4
4 86 0.38
17 86 0.45
86 24 0.71
28 86 0.07
30 86 0.1
35 86 0.19
40 86 0.23
41 86 0.71
42 86 0.3
53 86 0.15
63 86 0.5
74 86 0.27
81 86 0.25
93 86 4.0E-4
3 87 0.11
9 87 0.26
14 87 0.14
28 87 0.07
93 87 4.0E-4
2 88 0.08
3 88 0.07
88 4 0.5
88 5 0.17
88 14 0.05
88 17 0.45
88 24 0.24
28 88 0.22
30 88 0.27
35 88 0.26
88 37 0.1
39 88 0.2
40 88 0.23
88 41 0.24
88 42 0.2
88 45 0.24
88 47 0.6
51 88 0.13
53 88 0.25
88 56 0.13
88 58 0.14
88 63 0.17
88 64 0.28
88 67 0.47
88 68 0.11
88 70 0.05
74 88 0.27
81 88 0.33
88 93 1.0E-4
3 89 0.26
4 89 0.13
5 89 0.17
7 89 0.07
8 89 0.16
9 89 0.09
14 89 0.23
20 89 0.21
28 89 0.22
30 89 0.17
31 89 0.13
32 89 0.08
35 89 0.06
37 89 0.1
40 89 0.31
51 89 0.13
52 89 0.14
53 89 0.15
54 89 0.07
89 60 0.24
64 89 0.04
67 89 0.24
68 89 0.05
70 89 0.05
75 89 0.27
93 89 0.0
90 26 1.0
28 90 0.07
93 90 5.0E-4
3 91 0.11
9 91 0.26
14 91 0.14
28 91 0.07
91 87 1.0
93 91 4.0E-4
3 92 0.09
7 92 0.17
9 92 0.11
10 92 0.19
14 92 0.28
92 22 0.41
28 92 0.18
30 92 0.17
35 92 0.08
42 92 0.12
43 92 0.24
92 55 0.18
92 58 0.17
61 92 0.11
64 92 0.1
65 92 0.18
67 92 0.1
70 92 0.13
92 71 0.41
92 84 0.24
92 93 2.0E-4
