*Vertices  43
1 "衬底"
2 "LED灯"
3 "荧光粉"
4 "整流器"
5 "发光荧光材料"
6 "GAN"
7 "活性层"
8 "变压器"
9 "EP"
10 "LED外延片"
11 "外延片"
12 "外延"
13 "LED"
14 "二极管"
15 "掩膜"
16 "日光灯平面光源"
17 "腐蚀液"
18 "铝基板"
19 "透明胶"
20 "光刻胶"
21 "防音壁"
22 "SiO2"
23 "半导体"
24 "Al2O3"
25 "MQW"
26 "ITO"
27 "键合"
28 "焊盘"
29 "LED芯片"
30 "芯片"
31 "金属层"
32 "涂层"
33 "电流扩展层"
34 "光触媒"
35 "电极"
36 "接触层"
37 "电阻"
38 "激光"
39 "粘附层"
40 "湿法腐蚀"
41 "透明导电层"
42 "反射层"
43 "保护层"
*Arcs
1 43 0.0020
2 1 0.03
2 43 4.0E-4
3 1 0.13
3 2 0.13
3 43 7.0E-4
4 1 0.07
2 4 0.22
4 43 4.0E-4
5 1 0.18
5 2 0.21
5 3 0.54
5 43 7.0E-4
6 1 0.65
2 6 0.04
3 6 0.1
4 6 0.1
6 43 9.0E-4
1 7 0.23
5 7 0.27
43 7 0.0052
8 1 0.05
2 8 0.26
3 8 0.06
8 4 0.68
8 6 0.08
8 43 3.0E-4
9 1 0.12
2 9 0.12
3 9 0.39
9 4 0.08
5 9 0.29
9 8 0.11
9 43 6.0E-4
10 1 0.65
2 10 0.04
3 10 0.1
4 10 0.1
10 6 0.75
8 10 0.08
10 43 9.0E-4
11 1 0.83
2 11 0.03
3 11 0.08
4 11 0.08
5 11 0.15
11 6 0.78
8 11 0.06
9 11 0.07
11 10 0.78
11 43 8.0E-4
12 1 0.95
2 12 0.05
3 12 0.13
4 12 0.07
5 12 0.25
12 6 0.65
12 7 0.23
8 12 0.05
9 12 0.06
12 10 0.65
12 11 0.83
12 43 0.0020
13 1 0.32
13 2 0.67
13 3 0.25
13 4 0.25
13 5 0.28
13 6 0.21
13 7 0.07
13 8 0.34
13 9 0.28
13 10 0.21
13 11 0.27
13 12 0.32
13 43 0.0010
14 1 0.37
14 2 0.32
14 3 0.23
14 4 0.35
14 5 0.33
14 6 0.25
14 7 0.1
14 8 0.39
14 9 0.22
14 10 0.22
14 11 0.31
14 12 0.37
14 13 0.72
14 43 5.0E-4
1 15 0.23
2 15 0.11
4 15 0.29
6 15 0.35
8 15 0.21
10 15 0.35
11 15 0.28
12 15 0.23
13 15 0.07
14 15 0.1
43 15 0.0035
3 16 0.29
9 16 0.27
13 16 0.07
16 43 0.0045
1 17 0.56
2 17 0.04
4 17 0.12
6 17 0.14
8 17 0.09
9 17 0.22
10 17 0.29
11 17 0.34
12 17 0.47
13 17 0.18
14 17 0.25
17 15 0.41
43 17 0.0011
18 1 0.07
18 2 0.3
18 3 0.17
18 5 0.08
18 8 0.13
18 9 0.16
18 11 0.08
18 12 0.07
18 13 0.24
18 14 0.24
18 16 0.3
18 17 0.12
18 43 7.0E-4
3 19 0.29
9 19 0.27
13 19 0.07
19 16 1.0
18 19 0.3
19 43 0.0045
1 20 0.46
2 20 0.05
4 20 0.14
6 20 0.18
8 20 0.11
9 20 0.13
10 20 0.35
11 20 0.42
12 20 0.46
13 20 0.15
14 20 0.2
20 15 0.5
17 20 0.82
18 20 0.15
43 20 0.0013
2 21 0.11
13 21 0.07
43 21 0.0030
22 1 0.38
2 22 0.12
3 22 0.32
22 4 0.08
5 22 0.52
22 6 0.29
22 8 0.06
22 9 0.3
22 10 0.2
22 11 0.38
22 12 0.38
13 22 0.27
14 22 0.31
22 15 0.28
22 17 0.34
22 20 0.28
22 43 7.0E-4
23 1 0.64
23 2 0.29
23 3 0.34
23 4 0.17
23 5 0.43
23 6 0.42
23 7 0.15
23 8 0.19
23 9 0.28
23 10 0.42
23 11 0.53
23 12 0.64
23 13 0.5
23 14 0.55
23 15 0.15
23 17 0.36
23 18 0.27
23 20 0.29
23 22 0.41
23 43 0.0011
24 1 0.72
2 24 0.08
3 24 0.35
24 4 0.07
5 24 0.45
24 6 0.69
24 7 0.24
24 8 0.05
9 24 0.06
24 10 0.6
24 11 0.74
24 12 0.78
13 24 0.3
14 24 0.34
24 15 0.24
24 17 0.1
24 20 0.12
22 24 0.54
23 24 0.57
24 43 0.0020
25 1 0.64
2 25 0.09
3 25 0.16
4 25 0.16
5 25 0.15
25 6 0.78
8 25 0.12
9 25 0.22
25 10 0.69
25 11 0.77
25 12 0.7
13 25 0.27
14 25 0.31
25 15 0.28
25 17 0.23
18 25 0.08
25 20 0.28
22 25 0.31
23 25 0.53
24 25 0.67
25 43 8.0E-4
1 26 0.66
2 26 0.06
3 26 0.08
4 26 0.08
5 26 0.23
6 26 0.61
26 7 0.29
8 26 0.06
10 26 0.61
11 26 0.72
12 26 0.73
13 26 0.25
14 26 0.26
26 15 0.29
26 17 0.24
26 20 0.29
22 26 0.4
23 26 0.47
24 26 0.7
25 26 0.64
26 43 0.0025
1 27 0.26
2 27 0.04
3 27 0.22
5 27 0.2
9 27 0.1
11 27 0.1
12 27 0.35
13 27 0.19
14 27 0.19
27 16 0.38
27 17 0.15
18 27 0.11
27 19 0.38
22 27 0.21
23 27 0.28
24 27 0.28
25 27 0.1
26 27 0.11
27 43 0.0012
2 28 0.06
3 28 0.17
4 28 0.17
8 28 0.12
9 28 0.31
13 28 0.13
14 28 0.12
28 16 0.58
18 28 0.17
28 19 0.58
23 28 0.17
28 25 0.16
28 27 0.22
28 43 0.0022
29 1 0.5
2 29 0.19
3 29 0.31
29 4 0.13
5 29 0.17
29 6 0.39
29 8 0.09
9 29 0.29
29 10 0.54
29 11 0.48
29 12 0.45
13 29 0.34
14 29 0.33
29 15 0.22
29 16 0.22
29 17 0.36
18 29 0.26
29 19 0.22
29 20 0.33
22 29 0.24
23 29 0.51
24 29 0.42
29 25 0.54
29 26 0.31
29 27 0.25
29 28 0.25
29 43 0.0015
30 1 0.49
2 30 0.3
3 30 0.35
30 4 0.14
5 30 0.35
30 6 0.34
30 8 0.18
30 9 0.35
30 10 0.34
30 11 0.43
30 12 0.49
13 30 0.62
14 30 0.58
30 15 0.12
30 16 0.12
30 17 0.29
18 30 0.22
30 19 0.12
30 20 0.24
30 22 0.4
23 30 0.6
30 24 0.46
30 25 0.43
30 26 0.38
30 27 0.27
30 28 0.21
30 29 0.55
30 43 7.0E-4
1 31 0.41
2 31 0.05
5 31 0.24
6 31 0.32
31 7 0.45
10 31 0.16
11 31 0.37
12 31 0.51
13 31 0.16
14 31 0.23
17 31 0.18
20 31 0.22
22 31 0.5
23 31 0.33
24 31 0.43
25 31 0.37
26 31 0.65
27 31 0.17
29 31 0.1
30 31 0.21
43 31 0.0017
2 32 0.11
3 32 0.14
5 32 0.13
32 8 0.11
9 32 0.13
13 32 0.15
14 32 0.1
32 21 0.5
22 32 0.14
23 32 0.07
32 24 0.12
30 32 0.06
32 43 0.0019
1 33 0.57
2 33 0.08
4 33 0.1
5 33 0.09
6 33 0.38
8 33 0.08
9 33 0.19
10 33 0.13
11 33 0.39
12 33 0.57
13 33 0.21
14 33 0.29
33 15 0.35
33 17 0.58
18 33 0.11
33 20 0.35
22 33 0.49
23 33 0.42
24 33 0.34
25 33 0.49
26 33 0.41
27 33 0.27
29 33 0.23
30 33 0.34
33 31 0.47
43 33 9.0E-4
2 34 0.25
8 34 0.1
13 34 0.16
34 21 0.45
32 34 0.45
43 34 0.0015
35 1 0.72
2 35 0.16
3 35 0.09
35 4 0.33
5 35 0.22
35 6 0.46
35 7 0.16
35 8 0.39
9 35 0.13
35 10 0.46
35 11 0.59
35 12 0.72
13 35 0.45
14 35 0.55
35 15 0.16
35 17 0.4
18 35 0.1
35 20 0.33
22 35 0.32
23 35 0.56
24 35 0.56
35 25 0.55
35 26 0.57
35 27 0.25
35 28 0.09
29 35 0.39
30 35 0.57
35 31 0.37
35 33 0.46
35 43 0.0011
36 1 0.61
2 36 0.04
3 36 0.11
4 36 0.11
36 6 0.8
8 36 0.08
36 10 0.94
36 11 0.73
36 12 0.61
13 36 0.19
14 36 0.19
36 15 0.38
36 17 0.15
36 20 0.19
22 36 0.1
23 36 0.39
24 36 0.64
36 25 0.73
36 26 0.55
29 36 0.49
30 36 0.32
36 33 0.13
35 36 0.43
36 43 9.0E-4
37 1 0.11
2 37 0.3
3 37 0.05
37 4 0.56
5 37 0.04
37 6 0.17
37 8 0.55
9 37 0.09
37 10 0.11
37 11 0.13
37 12 0.11
13 37 0.45
14 37 0.51
37 15 0.16
37 17 0.07
18 37 0.05
37 20 0.08
22 37 0.09
23 37 0.19
24 37 0.12
37 25 0.18
37 26 0.14
37 28 0.09
29 37 0.11
30 37 0.47
37 31 0.07
37 33 0.11
37 35 0.51
37 36 0.12
37 43 2.0E-4
38 1 0.37
38 2 0.12
38 3 0.23
38 4 0.08
38 5 0.21
38 6 0.38
38 7 0.27
38 8 0.06
38 10 0.19
38 11 0.3
38 12 0.43
38 13 0.28
38 14 0.24
38 15 0.27
38 17 0.11
38 18 0.08
38 20 0.13
38 22 0.3
38 23 0.39
38 24 0.45
38 25 0.37
38 26 0.46
38 27 0.2
38 29 0.12
38 30 0.26
38 31 0.48
38 33 0.38
38 35 0.31
38 36 0.2
38 37 0.17
38 43 0.0019
1 39 0.23
5 39 0.27
39 7 1.0
12 39 0.23
13 39 0.07
14 39 0.1
23 39 0.15
24 39 0.24
26 39 0.29
31 39 0.45
35 39 0.16
38 39 0.27
43 39 0.0052
1 40 0.32
2 40 0.08
4 40 0.2
6 40 0.25
8 40 0.15
10 40 0.25
11 40 0.2
12 40 0.32
13 40 0.1
14 40 0.14
40 15 0.71
17 40 0.58
20 40 0.35
22 40 0.2
23 40 0.21
24 40 0.17
25 40 0.2
26 40 0.2
27 40 0.27
29 40 0.15
30 40 0.17
33 40 0.5
35 40 0.23
36 40 0.27
37 40 0.11
38 40 0.19
43 40 0.0021
1 41 0.23
5 41 0.27
41 7 1.0
12 41 0.23
13 41 0.07
14 41 0.1
23 41 0.15
24 41 0.24
26 41 0.29
31 41 0.45
35 41 0.16
38 41 0.27
41 39 1.0
43 41 0.0052
1 42 0.52
3 42 0.11
5 42 0.3
42 7 0.38
9 42 0.1
10 42 0.13
11 42 0.42
12 42 0.52
13 42 0.19
14 42 0.19
17 42 0.31
18 42 0.11
42 20 0.38
22 42 0.31
23 42 0.33
24 42 0.37
25 42 0.1
26 42 0.33
27 42 0.29
29 42 0.25
30 42 0.23
42 31 0.34
33 42 0.13
35 42 0.37
38 42 0.2
42 39 0.38
42 41 0.38
43 42 0.0013
