*Vertices  22
1 "LCD显示屏"
2 "传感器"
3 "控制器"
4 "处理器"
5 "开关"
6 "定时器"
7 "LED"
8 "液晶显示模块"
9 "二极管"
10 "稳压二极管"
11 "挂绳"
12 "转换器"
13 "太阳能"
14 "太阳能电池板"
15 "蓄电池"
16 "锂电池"
17 "芯片"
18 "存储器"
19 "电阻"
20 "读取器"
21 "防护罩"
22 "信息卡"
*Arcs
1 22 0.0037
1 2 0.13
2 22 0.0014
1 3 0.24
3 2 0.19
3 22 0.0026
4 1 0.09
4 2 0.36
4 3 0.44
4 22 0.0023
5 1 0.14
5 2 0.19
5 3 0.23
4 5 0.21
5 22 0.0011
1 6 0.19
2 6 0.12
3 6 0.28
4 6 0.15
5 6 0.24
6 22 0.0085
7 1 0.22
7 2 0.37
7 3 0.3
7 4 0.28
7 5 0.54
7 6 0.13
7 22 0.0014
1 8 0.67
2 8 0.1
3 8 0.36
4 8 0.13
5 8 0.14
6 8 0.29
7 8 0.15
8 22 0.0071
9 1 0.14
9 2 0.2
9 3 0.15
9 4 0.08
9 5 0.46
9 6 0.12
9 7 0.72
9 8 0.1
9 22 0.0020
1 10 0.13
2 10 0.08
3 10 0.18
4 10 0.1
5 10 0.21
10 6 0.22
7 10 0.19
10 8 0.19
9 10 0.27
10 22 0.0041
7 11 0.07
9 11 0.1
22 11 0.0278
12 1 0.2
12 2 0.3
12 3 0.22
4 12 0.16
5 12 0.25
12 6 0.17
7 12 0.24
12 8 0.15
9 12 0.21
12 10 0.11
12 22 0.0027
3 13 0.23
4 13 0.08
5 13 0.17
7 13 0.23
9 13 0.13
13 11 0.32
13 22 0.0051
3 14 0.22
4 14 0.12
5 14 0.06
7 14 0.16
9 14 0.05
14 11 0.45
14 13 0.71
14 22 0.0092
15 2 0.05
15 3 0.13
4 15 0.07
5 15 0.28
7 15 0.28
9 15 0.18
15 11 0.26
15 13 0.57
15 14 0.46
15 22 0.0035
16 1 0.15
16 2 0.18
16 3 0.22
4 16 0.23
5 16 0.12
16 6 0.26
7 16 0.16
16 8 0.22
9 16 0.18
16 10 0.17
16 12 0.13
16 22 0.0055
17 1 0.24
17 2 0.17
17 3 0.23
4 17 0.12
17 5 0.28
17 6 0.07
7 17 0.62
17 8 0.24
9 17 0.58
17 10 0.14
17 12 0.25
17 13 0.08
17 16 0.21
17 22 7.0E-4
1 18 0.22
18 2 0.33
18 3 0.16
4 18 0.34
5 18 0.23
18 6 0.19
7 18 0.22
18 8 0.33
9 18 0.17
18 10 0.13
12 18 0.4
15 18 0.09
16 18 0.15
17 18 0.16
18 22 0.0036
19 1 0.16
19 2 0.16
19 3 0.16
4 19 0.08
5 19 0.46
19 6 0.09
7 19 0.45
19 8 0.16
9 19 0.51
19 10 0.43
19 12 0.29
19 13 0.05
19 15 0.17
19 16 0.29
17 19 0.47
19 18 0.22
19 22 0.0012
1 20 0.33
2 20 0.2
3 20 0.24
4 20 0.26
5 20 0.14
6 20 0.58
7 20 0.07
8 20 0.5
9 20 0.1
10 20 0.38
12 20 0.3
16 20 0.45
17 20 0.12
18 20 0.33
19 20 0.16
22 20 0.0204
7 21 0.07
9 21 0.1
21 11 1.0
13 21 0.32
14 21 0.45
15 21 0.26
22 21 0.0278
