*Vertices  34
1 "LED灯"
2 "光纤"
3 "探头"
4 "电容"
5 "控制器"
6 "处理器"
7 "开关"
8 "模数转换集成块"
9 "定时器"
10 "LED"
11 "二极管"
12 "三极管"
13 "接收管"
14 "转换器"
15 "放大器"
16 "半导体"
17 "电路板"
18 "码道"
19 "太阳能"
20 "太阳能电池板"
21 "芯片"
22 "充电器"
23 "存储器"
24 "电感"
25 "电极"
26 "电阻"
27 "脉冲信号"
28 "超声波"
29 "检测仪"
30 "扬声器"
31 "发光管"
32 "光电管"
33 "提示仪"
34 "充电电池"
*Arcs
1 34 6.0E-4
2 34 0.0014
1 3 0.05
3 2 0.38
3 34 0.0024
1 4 0.29
4 34 0.0017
1 5 0.11
5 2 0.09
5 3 0.12
4 5 0.15
5 34 9.0E-4
6 1 0.14
6 2 0.1
6 3 0.26
6 4 0.05
6 5 0.44
6 34 9.0E-4
1 7 0.37
7 4 0.42
7 5 0.23
6 7 0.21
7 34 0.0017
1 8 0.11
4 8 0.2
7 8 0.14
34 8 0.0094
1 9 0.06
5 9 0.28
6 9 0.15
7 9 0.24
34 9 0.0015
10 1 0.67
10 2 0.19
10 3 0.15
10 4 0.36
10 5 0.3
10 6 0.28
10 7 0.54
10 8 0.07
10 9 0.13
10 34 0.0014
11 1 0.32
11 2 0.23
11 3 0.05
11 4 0.39
11 5 0.15
11 6 0.08
11 7 0.46
11 8 0.1
11 9 0.12
11 10 0.72
11 34 8.0E-4
1 12 0.2
12 4 0.61
12 5 0.11
7 12 0.37
12 8 0.23
10 12 0.32
11 12 0.42
12 34 0.0023
1 13 0.13
4 13 0.24
7 13 0.24
13 8 0.58
10 13 0.13
11 13 0.18
12 13 0.4
34 13 0.0038
1 14 0.1
14 2 0.23
14 3 0.15
4 14 0.25
14 5 0.22
6 14 0.16
7 14 0.25
14 8 0.3
14 9 0.17
10 14 0.24
11 14 0.21
12 14 0.14
14 13 0.17
14 34 0.0014
1 15 0.09
4 15 0.33
15 5 0.1
6 15 0.11
7 15 0.11
15 8 0.41
10 15 0.18
11 15 0.17
12 15 0.28
15 13 0.24
15 14 0.25
15 34 0.0021
16 1 0.29
16 2 0.17
16 3 0.07
16 4 0.15
16 6 0.08
16 7 0.14
16 8 0.15
16 10 0.5
16 11 0.55
16 12 0.1
16 13 0.09
16 14 0.13
16 15 0.12
16 34 4.0E-4
17 1 0.4
17 3 0.1
17 4 0.13
17 5 0.1
17 6 0.11
17 7 0.14
17 10 0.36
17 11 0.17
17 12 0.19
17 13 0.24
17 16 0.15
17 34 3.0E-4
2 18 0.27
3 18 0.35
5 18 0.17
6 18 0.18
10 18 0.1
11 18 0.07
34 18 0.0042
1 19 0.14
2 19 0.12
3 19 0.16
4 19 0.06
5 19 0.23
6 19 0.08
7 19 0.17
10 19 0.23
11 19 0.13
12 19 0.07
16 19 0.05
17 19 0.06
19 18 0.22
34 19 0.0029
1 20 0.15
2 20 0.17
3 20 0.22
5 20 0.22
6 20 0.12
7 20 0.06
10 20 0.16
11 20 0.05
20 18 0.32
20 19 0.71
34 20 0.0020
1 21 0.3
21 2 0.09
21 4 0.37
21 5 0.23
6 21 0.12
21 7 0.28
21 8 0.12
21 9 0.07
10 21 0.62
11 21 0.58
21 12 0.33
21 13 0.21
21 14 0.25
21 15 0.29
16 21 0.6
17 21 0.22
21 19 0.08
21 34 8.0E-4
1 22 0.04
22 2 0.15
22 3 0.2
4 22 0.17
22 5 0.1
6 22 0.11
7 22 0.06
22 8 0.41
10 22 0.18
11 22 0.21
12 22 0.47
22 13 0.24
22 14 0.12
22 15 0.17
16 22 0.06
22 18 0.29
22 19 0.13
22 20 0.18
21 22 0.1
22 34 0.0067
1 23 0.04
23 3 0.17
4 23 0.07
23 5 0.16
6 23 0.34
7 23 0.23
23 8 0.33
23 9 0.19
10 23 0.22
11 23 0.17
12 23 0.15
23 13 0.38
14 23 0.4
15 23 0.27
16 23 0.1
17 23 0.07
21 23 0.16
22 23 0.14
23 34 0.0017
1 24 0.25
4 24 0.54
24 5 0.09
7 24 0.36
24 8 0.38
10 24 0.19
11 24 0.23
12 24 0.43
24 13 0.22
24 14 0.23
15 24 0.31
16 24 0.22
21 24 0.18
22 24 0.15
24 23 0.13
24 34 0.0019
1 25 0.16
25 2 0.12
4 25 0.37
25 5 0.12
7 25 0.2
25 8 0.16
10 25 0.45
11 25 0.55
12 25 0.6
25 13 0.19
25 14 0.1
25 15 0.2
16 25 0.56
17 25 0.03
25 19 0.05
21 25 0.57
25 22 0.34
25 23 0.05
25 24 0.31
25 34 6.0E-4
1 26 0.3
26 2 0.06
26 4 0.73
26 5 0.16
6 26 0.08
7 26 0.46
26 8 0.16
26 9 0.09
10 26 0.45
11 26 0.51
26 12 0.71
26 13 0.28
26 14 0.29
26 15 0.26
16 26 0.19
17 26 0.17
26 19 0.05
21 26 0.47
26 22 0.33
26 23 0.22
26 24 0.43
26 25 0.51
26 34 0.0014
1 27 0.11
4 27 0.1
7 27 0.14
27 8 0.5
10 27 0.15
11 27 0.15
12 27 0.23
27 13 0.29
14 27 0.15
15 27 0.2
16 27 0.07
18 27 0.35
21 27 0.18
22 27 0.2
23 27 0.17
24 27 0.19
25 27 0.16
26 27 0.16
34 27 0.0030
1 28 0.11
4 28 0.2
7 28 0.14
28 8 1.0
10 28 0.07
11 28 0.1
12 28 0.23
28 13 0.58
14 28 0.3
15 28 0.41
16 28 0.15
21 28 0.12
22 28 0.41
23 28 0.33
24 28 0.38
25 28 0.16
26 28 0.16
27 28 0.5
34 28 0.0094
1 29 0.05
3 29 0.25
4 29 0.1
6 29 0.13
7 29 0.07
29 8 0.5
10 29 0.15
11 29 0.05
12 29 0.11
29 13 0.29
14 29 0.3
15 29 0.41
16 29 0.15
21 29 0.12
22 29 0.2
23 29 0.5
24 29 0.19
25 29 0.08
26 29 0.16
27 29 0.25
29 28 0.5
34 29 0.0029
1 30 0.11
30 4 0.1
6 30 0.26
30 7 0.27
30 8 0.5
10 30 0.15
11 30 0.1
30 12 0.11
30 13 0.29
30 14 0.15
30 15 0.2
16 30 0.07
21 30 0.12
30 22 0.2
30 23 0.17
30 24 0.19
30 25 0.08
30 26 0.08
30 27 0.25
30 28 0.5
30 29 0.25
30 34 0.0027
1 31 0.26
2 31 0.13
3 31 0.17
4 31 0.07
5 31 0.16
6 31 0.09
7 31 0.23
10 31 0.22
11 31 0.17
12 31 0.08
15 31 0.14
16 31 0.15
17 31 0.07
31 18 0.24
31 19 0.11
31 20 0.15
21 31 0.04
22 31 0.14
24 31 0.13
25 31 0.05
26 31 0.05
31 34 0.0012
2 32 0.38
3 32 0.5
5 32 0.24
6 32 0.26
10 32 0.07
32 18 0.71
32 19 0.32
32 20 0.45
22 32 0.41
32 31 0.33
32 34 0.0065
1 33 0.11
4 33 0.2
7 33 0.14
33 8 1.0
10 33 0.07
11 33 0.1
12 33 0.23
33 13 0.58
14 33 0.3
15 33 0.41
16 33 0.15
21 33 0.12
22 33 0.41
23 33 0.33
24 33 0.38
25 33 0.16
26 33 0.16
27 33 0.5
33 28 1.0
29 33 0.5
30 33 0.5
34 33 0.0094
