*Vertices  38
1 "LED灯"
2 "光纤"
3 "探头"
4 "电容"
5 "控制器"
6 "处理器"
7 "整流器"
8 "开关"
9 "模数转换集成块"
10 "变压器"
11 "稳压块"
12 "LED"
13 "二极管"
14 "三极管"
15 "接收管"
16 "转换器"
17 "放大器"
18 "半导体"
19 "码道"
20 "太阳能"
21 "太阳能电池板"
22 "蓄电池"
23 "充电电池"
24 "锂电池"
25 "芯片"
26 "存储器"
27 "电感"
28 "电极"
29 "电阻"
30 "脉冲信号"
31 "超声波"
32 "检测仪"
33 "扬声器"
34 "发光管"
35 "光电管"
36 "提示仪"
37 "晶体闸流管"
38 "充电器"
*Arcs
1 38 3.0E-4
38 2 8.0E-4
1 3 0.05
3 2 0.38
38 3 0.0014
1 4 0.29
4 38 0.0016
1 5 0.11
5 2 0.09
5 3 0.12
4 5 0.15
38 5 5.0E-4
6 1 0.14
6 2 0.1
6 3 0.26
6 4 0.05
6 5 0.44
6 38 6.0E-4
1 7 0.22
4 7 0.53
7 5 0.07
38 7 0.0021
1 8 0.37
8 4 0.42
8 5 0.23
6 8 0.21
8 7 0.2
8 38 6.0E-4
1 9 0.11
4 9 0.2
8 9 0.14
38 9 0.0056
1 10 0.26
4 10 0.52
10 5 0.1
10 7 0.68
8 10 0.29
38 10 0.0023
11 7 0.29
11 10 0.21
38 11 0.0027
12 1 0.67
12 2 0.19
12 3 0.15
12 4 0.36
12 5 0.3
12 6 0.28
12 7 0.25
12 8 0.54
12 9 0.07
12 10 0.34
12 11 0.07
12 38 0.0016
13 1 0.32
13 2 0.23
13 3 0.05
13 4 0.39
13 5 0.15
13 6 0.08
13 7 0.35
13 8 0.46
13 9 0.1
13 10 0.39
13 11 0.1
13 12 0.72
13 38 0.0019
1 14 0.2
14 4 0.61
14 5 0.11
14 7 0.4
8 14 0.37
14 9 0.23
14 10 0.49
14 11 0.23
12 14 0.32
13 14 0.42
14 38 0.0068
1 15 0.13
4 15 0.24
8 15 0.24
15 9 0.58
12 15 0.13
13 15 0.18
14 15 0.4
38 15 0.0023
1 16 0.1
16 2 0.23
16 3 0.15
4 16 0.25
16 5 0.22
6 16 0.16
8 16 0.25
16 9 0.3
10 16 0.06
12 16 0.24
13 16 0.21
14 16 0.14
16 15 0.17
38 16 8.0E-4
1 17 0.09
4 17 0.33
17 5 0.1
6 17 0.11
7 17 0.12
8 17 0.11
17 9 0.41
10 17 0.26
12 17 0.18
13 17 0.17
14 17 0.28
17 15 0.24
17 16 0.25
38 17 0.0014
18 1 0.29
18 2 0.17
18 3 0.07
18 4 0.15
18 6 0.08
18 7 0.17
18 8 0.14
18 9 0.15
18 10 0.19
18 12 0.5
18 13 0.55
18 14 0.1
18 15 0.09
18 16 0.13
18 17 0.12
18 38 3.0E-4
2 19 0.27
3 19 0.35
5 19 0.17
6 19 0.18
12 19 0.1
13 19 0.07
38 19 0.0024
1 20 0.14
2 20 0.12
3 20 0.16
4 20 0.06
5 20 0.23
6 20 0.08
8 20 0.17
10 20 0.07
12 20 0.23
13 20 0.13
14 20 0.07
18 20 0.05
20 19 0.22
38 20 8.0E-4
1 21 0.15
2 21 0.17
3 21 0.22
5 21 0.22
6 21 0.12
8 21 0.06
12 21 0.16
13 21 0.05
21 19 0.32
21 20 0.71
38 21 0.0011
1 22 0.23
22 3 0.13
4 22 0.11
22 5 0.13
6 22 0.07
22 7 0.3
8 22 0.28
22 10 0.28
22 11 0.26
12 22 0.28
13 22 0.18
14 22 0.18
18 22 0.11
22 20 0.57
22 21 0.46
38 22 0.0016
1 23 0.11
2 23 0.19
3 23 0.25
4 23 0.2
5 23 0.12
6 23 0.13
8 23 0.2
23 9 0.5
12 23 0.15
13 23 0.1
14 23 0.23
23 15 0.29
16 23 0.15
17 23 0.2
18 23 0.07
23 19 0.35
23 20 0.32
23 21 0.22
38 23 0.0056
1 24 0.1
24 4 0.18
24 5 0.22
6 24 0.23
8 24 0.12
24 10 0.1
12 24 0.16
13 24 0.18
24 14 0.31
24 16 0.13
24 38 0.0022
1 25 0.3
25 2 0.09
25 4 0.37
25 5 0.23
6 25 0.12
25 7 0.14
25 8 0.28
25 9 0.12
25 10 0.18
12 25 0.62
13 25 0.58
25 14 0.33
25 15 0.21
25 16 0.25
25 17 0.29
18 25 0.6
25 20 0.08
25 23 0.12
25 24 0.21
25 38 7.0E-4
1 26 0.04
26 3 0.17
4 26 0.07
26 5 0.16
6 26 0.34
8 26 0.23
26 9 0.33
10 26 0.07
12 26 0.22
13 26 0.17
14 26 0.15
26 15 0.38
16 26 0.4
17 26 0.27
18 26 0.1
22 26 0.09
26 23 0.17
24 26 0.15
25 26 0.16
38 26 0.0011
1 27 0.25
4 27 0.54
27 5 0.09
7 27 0.44
8 27 0.36
27 9 0.38
10 27 0.4
12 27 0.19
13 27 0.23
14 27 0.43
27 15 0.22
27 16 0.23
17 27 0.31
18 27 0.22
22 27 0.2
27 23 0.19
25 27 0.18
27 26 0.13
38 27 0.0014
1 28 0.16
28 2 0.12
4 28 0.37
28 5 0.12
28 7 0.33
8 28 0.2
28 9 0.16
28 10 0.39
28 11 0.16
12 28 0.45
13 28 0.55
14 28 0.6
28 15 0.19
28 16 0.1
28 17 0.2
18 28 0.56
28 20 0.05
28 22 0.13
28 23 0.08
24 28 0.15
25 28 0.57
28 26 0.05
28 27 0.31
28 38 0.0036
1 29 0.3
29 2 0.06
29 4 0.73
29 5 0.16
6 29 0.08
29 7 0.56
8 29 0.46
29 9 0.16
29 10 0.55
29 11 0.16
12 29 0.45
13 29 0.51
29 14 0.71
29 15 0.28
29 16 0.29
29 17 0.26
18 29 0.19
29 20 0.05
29 22 0.17
29 23 0.16
29 24 0.29
25 29 0.47
29 26 0.22
29 27 0.43
29 28 0.51
29 38 0.0041
1 30 0.11
4 30 0.1
8 30 0.14
30 9 0.5
12 30 0.15
13 30 0.15
14 30 0.23
30 15 0.29
16 30 0.15
17 30 0.2
18 30 0.07
19 30 0.35
23 30 0.25
25 30 0.18
26 30 0.17
27 30 0.19
28 30 0.16
29 30 0.16
38 30 0.0018
1 31 0.11
4 31 0.2
8 31 0.14
31 9 1.0
12 31 0.07
13 31 0.1
14 31 0.23
31 15 0.58
16 31 0.3
17 31 0.41
18 31 0.15
23 31 0.5
25 31 0.12
26 31 0.33
27 31 0.38
28 31 0.16
29 31 0.16
30 31 0.5
38 31 0.0056
1 32 0.05
3 32 0.25
4 32 0.1
6 32 0.13
8 32 0.07
32 9 0.5
10 32 0.11
12 32 0.15
13 32 0.05
14 32 0.11
32 15 0.29
16 32 0.3
17 32 0.41
18 32 0.15
22 32 0.13
23 32 0.25
25 32 0.12
26 32 0.5
27 32 0.19
28 32 0.08
29 32 0.16
30 32 0.25
32 31 0.5
38 32 0.0017
1 33 0.11
33 4 0.1
6 33 0.26
33 8 0.27
33 9 0.5
12 33 0.15
13 33 0.1
33 14 0.11
33 15 0.29
33 16 0.15
33 17 0.2
18 33 0.07
33 23 0.25
25 33 0.12
33 26 0.17
33 27 0.19
33 28 0.08
33 29 0.08
33 30 0.25
33 31 0.5
33 32 0.25
33 38 0.0015
1 34 0.26
2 34 0.13
3 34 0.17
4 34 0.07
5 34 0.16
6 34 0.09
8 34 0.23
10 34 0.21
12 34 0.22
13 34 0.17
14 34 0.08
17 34 0.14
18 34 0.15
34 19 0.24
34 20 0.11
34 21 0.15
34 23 0.17
25 34 0.04
27 34 0.13
28 34 0.05
29 34 0.05
38 34 7.0E-4
2 35 0.38
3 35 0.5
5 35 0.24
6 35 0.26
12 35 0.07
35 19 0.71
35 20 0.32
35 21 0.45
35 23 0.5
35 34 0.33
38 35 0.0038
1 36 0.11
4 36 0.2
8 36 0.14
36 9 1.0
12 36 0.07
13 36 0.1
14 36 0.23
36 15 0.58
16 36 0.3
17 36 0.41
18 36 0.15
23 36 0.5
25 36 0.12
26 36 0.33
27 36 0.38
28 36 0.16
29 36 0.16
30 36 0.5
36 31 1.0
32 36 0.5
33 36 0.5
38 36 0.0056
1 37 0.05
4 37 0.31
7 37 0.43
8 37 0.2
10 37 0.32
12 37 0.15
13 37 0.2
14 37 0.34
18 37 0.07
22 37 0.26
25 37 0.06
37 27 0.19
28 37 0.25
29 37 0.32
38 37 9.0E-4
