*Vertices  35
1 "衬底"
2 "滤波片"
3 "光纤"
4 "III-V族半导体材料"
5 "GAN"
6 "PD"
7 "外延片"
8 "外延"
9 "LED"
10 "二极管"
11 "玻璃"
12 "通道"
13 "LED光源"
14 "滤光片"
15 "SiO2"
16 "半导体"
17 "Al2O3"
18 "GaAs"
19 "MQW"
20 "ITO"
21 "光子晶体"
22 "芯片"
23 "金属层"
24 "电流扩展层"
25 "Li"
26 "离子"
27 "电极"
28 "电阻"
29 "激光"
30 "MOCVD"
31 "湿法刻蚀"
32 "干法刻蚀"
33 "透镜"
34 "激发光"
35 "光子晶体谐振腔"
*Arcs
1 35 0.0018
1 2 0.32
35 2 0.0094
1 3 0.17
3 2 0.53
3 35 0.0032
1 4 0.32
4 2 1.0
3 4 0.53
35 4 0.0094
5 1 0.65
5 2 0.5
5 3 0.27
5 4 0.5
5 35 0.0031
1 6 0.21
6 2 0.63
6 3 0.68
6 4 0.63
5 6 0.32
6 35 0.0042
7 1 0.83
7 2 0.39
7 3 0.21
7 4 0.39
7 5 0.78
7 6 0.25
7 35 0.0023
8 1 0.95
8 2 0.32
8 3 0.17
8 4 0.32
8 5 0.65
8 6 0.21
8 7 0.83
8 35 0.0019
9 1 0.32
9 2 0.1
9 3 0.19
9 4 0.1
9 5 0.21
9 6 0.16
9 7 0.27
9 8 0.32
9 35 3.0E-4
10 1 0.37
10 2 0.14
10 3 0.23
10 4 0.14
10 5 0.25
10 6 0.18
10 7 0.31
10 8 0.37
10 9 0.72
10 35 5.0E-4
11 1 0.13
11 2 0.27
11 3 0.29
11 4 0.27
11 5 0.14
11 6 0.34
11 7 0.16
11 8 0.13
11 9 0.38
11 10 0.27
11 35 9.0E-4
12 1 0.2
12 2 0.2
12 3 0.11
12 4 0.2
12 5 0.31
12 6 0.13
12 7 0.24
12 8 0.2
9 12 0.25
10 12 0.23
11 12 0.11
12 35 5.0E-4
13 1 0.09
13 2 0.29
13 3 0.15
13 4 0.29
13 5 0.14
13 6 0.18
13 7 0.11
13 8 0.09
13 9 0.36
13 10 0.29
13 11 0.24
13 12 0.18
13 35 9.0E-4
1 14 0.21
14 2 0.63
14 3 0.68
14 4 0.63
5 14 0.32
14 6 0.6
7 14 0.25
8 14 0.21
9 14 0.16
10 14 0.23
11 14 0.26
12 14 0.13
13 14 0.27
14 35 0.0043
15 1 0.38
15 2 0.39
15 3 0.21
15 4 0.39
15 5 0.29
15 6 0.25
15 7 0.38
15 8 0.38
9 15 0.27
10 15 0.31
11 15 0.16
15 12 0.08
13 15 0.11
15 14 0.25
15 35 0.0021
16 1 0.64
16 2 0.21
16 3 0.17
16 4 0.21
16 5 0.42
16 6 0.2
16 7 0.53
16 8 0.64
16 9 0.5
16 10 0.55
16 11 0.23
16 12 0.17
16 13 0.3
16 14 0.13
16 15 0.41
16 35 0.0010
17 1 0.72
17 2 0.34
17 3 0.18
17 4 0.34
17 5 0.69
17 6 0.22
17 7 0.74
17 8 0.78
9 17 0.3
10 17 0.34
11 17 0.09
17 12 0.21
13 17 0.1
17 14 0.22
15 17 0.54
16 17 0.57
17 35 0.0019
1 18 0.61
18 2 0.47
18 3 0.25
18 4 0.47
5 18 0.24
18 6 0.3
7 18 0.37
8 18 0.69
9 18 0.22
10 18 0.27
11 18 0.19
12 18 0.1
13 18 0.14
18 14 0.3
15 18 0.37
16 18 0.44
17 18 0.4
18 35 0.0028
19 1 0.64
19 2 0.39
19 3 0.21
19 4 0.39
19 5 0.78
19 6 0.25
19 7 0.77
19 8 0.7
9 19 0.27
10 19 0.31
11 19 0.21
19 12 0.24
13 19 0.23
19 14 0.25
15 19 0.31
16 19 0.53
17 19 0.67
19 18 0.37
19 35 0.0022
1 20 0.66
20 2 0.41
20 3 0.22
20 4 0.41
5 20 0.61
20 6 0.26
7 20 0.72
8 20 0.73
9 20 0.25
10 20 0.26
11 20 0.11
12 20 0.08
13 20 0.12
20 14 0.26
15 20 0.4
16 20 0.47
17 20 0.7
20 18 0.29
19 20 0.64
20 35 0.0024
1 21 0.32
21 2 1.0
3 21 0.53
21 4 1.0
5 21 0.5
6 21 0.63
7 21 0.39
8 21 0.32
9 21 0.1
10 21 0.14
11 21 0.27
12 21 0.2
13 21 0.29
14 21 0.63
15 21 0.39
16 21 0.21
17 21 0.34
18 21 0.47
19 21 0.39
20 21 0.41
35 21 0.0094
22 1 0.49
22 2 0.17
22 3 0.09
22 4 0.17
22 5 0.34
22 6 0.11
22 7 0.43
22 8 0.49
9 22 0.62
10 22 0.58
11 22 0.21
22 12 0.24
13 22 0.22
22 14 0.16
22 15 0.4
16 22 0.6
22 17 0.46
22 18 0.36
22 19 0.43
22 20 0.38
22 21 0.17
22 35 6.0E-4
1 23 0.41
23 2 0.63
3 23 0.34
23 4 0.63
5 23 0.32
6 23 0.4
7 23 0.37
8 23 0.51
9 23 0.16
10 23 0.23
11 23 0.17
12 23 0.13
13 23 0.18
14 23 0.4
15 23 0.5
16 23 0.33
17 23 0.43
18 23 0.45
19 23 0.37
20 23 0.65
23 21 0.63
22 23 0.21
23 35 0.0044
1 24 0.57
24 2 0.5
24 3 0.27
24 4 0.5
5 24 0.38
24 6 0.32
7 24 0.39
8 24 0.57
9 24 0.21
10 24 0.29
11 24 0.2
12 24 0.1
13 24 0.14
24 14 0.32
15 24 0.49
16 24 0.42
17 24 0.34
24 18 0.71
19 24 0.49
20 24 0.41
24 21 0.5
22 24 0.34
24 23 0.47
24 35 0.0030
25 1 0.16
25 2 0.33
25 3 0.18
25 4 0.33
25 5 0.25
25 6 0.21
25 7 0.2
25 8 0.16
9 25 0.31
10 25 0.36
11 25 0.23
25 12 0.2
13 25 0.24
25 14 0.21
25 15 0.33
16 25 0.38
25 17 0.29
25 18 0.16
25 19 0.26
25 20 0.2
25 21 0.33
25 22 0.31
25 23 0.21
25 24 0.17
25 35 0.0013
26 1 0.32
26 2 0.32
26 3 0.17
26 4 0.32
26 5 0.16
26 6 0.21
26 7 0.19
26 8 0.26
9 26 0.32
10 26 0.26
11 26 0.35
26 12 0.07
13 26 0.19
26 14 0.21
26 15 0.32
16 26 0.34
26 17 0.11
26 18 0.38
26 19 0.25
26 20 0.13
26 21 0.32
26 22 0.33
26 23 0.21
26 24 0.41
26 25 0.27
26 35 0.0013
27 1 0.72
27 2 0.23
27 3 0.12
27 4 0.23
27 5 0.46
27 6 0.15
27 7 0.59
27 8 0.72
9 27 0.45
10 27 0.55
11 27 0.13
27 12 0.19
13 27 0.1
27 14 0.15
15 27 0.32
16 27 0.56
17 27 0.56
27 18 0.49
27 19 0.55
27 20 0.57
27 21 0.23
22 27 0.57
27 23 0.37
27 24 0.46
25 27 0.12
26 27 0.23
27 35 0.0011
28 1 0.11
28 2 0.11
28 3 0.06
28 4 0.11
28 5 0.17
28 6 0.07
28 7 0.13
28 8 0.11
9 28 0.45
10 28 0.51
11 28 0.09
28 12 0.19
13 28 0.1
28 14 0.15
15 28 0.09
16 28 0.19
17 28 0.12
28 18 0.05
28 19 0.18
28 20 0.14
28 21 0.11
22 28 0.47
28 23 0.07
28 24 0.11
25 28 0.11
26 28 0.04
28 27 0.51
28 35 2.0E-4
29 1 0.37
29 2 0.38
29 3 0.4
29 4 0.38
29 5 0.38
29 6 0.36
29 7 0.3
29 8 0.43
29 9 0.28
29 10 0.24
29 11 0.21
29 12 0.08
29 13 0.16
29 14 0.36
29 15 0.3
29 16 0.39
29 17 0.45
29 18 0.36
29 19 0.37
29 20 0.46
29 21 0.38
29 22 0.26
29 23 0.48
29 24 0.38
29 25 0.19
29 26 0.12
29 27 0.31
29 28 0.17
29 35 0.0020
30 1 0.73
30 2 0.41
30 3 0.22
30 4 0.41
30 5 0.71
30 6 0.26
30 7 0.88
30 8 0.79
9 30 0.25
10 30 0.29
11 30 0.17
30 12 0.25
13 30 0.12
30 14 0.26
15 30 0.32
16 30 0.51
17 30 0.77
30 18 0.48
30 19 0.8
30 20 0.67
30 21 0.41
22 30 0.41
30 23 0.39
30 24 0.41
25 30 0.2
26 30 0.2
27 30 0.57
28 30 0.09
29 30 0.31
30 35 0.0025
1 31 0.46
31 2 0.71
31 3 0.38
31 4 0.71
5 31 0.35
31 6 0.45
7 31 0.55
8 31 0.46
9 31 0.15
10 31 0.2
11 31 0.19
12 31 0.14
13 31 0.2
31 14 0.45
15 31 0.55
16 31 0.29
17 31 0.36
31 18 0.5
19 31 0.28
20 31 0.43
31 21 0.71
22 31 0.24
31 23 0.67
24 31 0.35
25 31 0.24
26 31 0.23
27 31 0.33
28 31 0.08
29 31 0.27
30 31 0.43
31 35 0.0054
1 32 0.51
32 2 0.63
32 3 0.34
32 4 0.63
5 32 0.32
32 6 0.4
7 32 0.5
8 32 0.51
9 32 0.16
10 32 0.18
11 32 0.17
12 32 0.13
13 32 0.18
32 14 0.4
15 32 0.37
16 32 0.33
17 32 0.54
32 18 0.6
19 32 0.25
20 32 0.39
32 21 0.63
22 32 0.27
32 23 0.4
24 32 0.32
25 32 0.21
26 32 0.21
27 32 0.37
28 32 0.07
29 32 0.36
30 32 0.52
32 31 0.67
32 35 0.0044
33 1 0.06
33 2 0.18
33 3 0.28
33 4 0.18
33 5 0.09
33 6 0.22
33 7 0.07
33 8 0.06
33 9 0.29
33 10 0.28
33 11 0.14
33 12 0.14
33 13 0.26
33 14 0.22
33 15 0.21
33 16 0.26
33 17 0.18
33 18 0.08
33 19 0.07
33 20 0.07
33 21 0.18
33 22 0.18
33 23 0.11
33 24 0.09
33 25 0.29
33 26 0.11
33 27 0.04
33 29 0.27
33 30 0.07
33 31 0.13
33 32 0.11
33 35 4.0E-4
34 1 0.15
34 2 0.47
34 3 0.5
34 4 0.47
34 5 0.24
34 6 0.45
34 7 0.18
34 8 0.15
9 34 0.22
10 34 0.27
11 34 0.26
34 12 0.1
13 34 0.2
34 14 0.6
34 15 0.55
16 34 0.25
34 17 0.32
34 18 0.22
34 19 0.28
34 20 0.19
34 21 0.47
34 22 0.28
34 23 0.3
34 24 0.24
34 25 0.47
34 26 0.38
34 27 0.11
34 28 0.05
29 34 0.27
34 30 0.19
34 31 0.33
34 32 0.3
33 34 0.33
34 35 0.0026
