*Vertices  43
1 "衬底"
2 "LED灯"
3 "整流器"
4 "GAN"
5 "次氯酸钠溶液"
6 "保护层"
7 "变压器"
8 "EP"
9 "LED外延片"
10 "外延片"
11 "外延"
12 "LED"
13 "二极管"
14 "掩膜"
15 "玻璃"
16 "塑料"
17 "腐蚀液"
18 "铝基板"
19 "填充区域"
20 "SiO2"
21 "半导体"
22 "Al2O3"
23 "GaAs"
24 "MQW"
25 "ITO"
26 "LED芯片"
27 "芯片"
28 "金属层"
29 "电流扩展层"
30 "去离子水"
31 "离子"
32 "电极"
33 "接触层"
34 "电阻"
35 "丙酮"
36 "激光"
37 "MOCVD"
38 "湿法刻蚀"
39 "湿法腐蚀"
40 "屏幕"
41 "反射层"
42 "发光层"
43 "光刻胶"
*Arcs
1 43 0.0046
2 1 0.03
2 43 1.0E-4
3 1 0.07
2 3 0.22
3 43 4.0E-4
4 1 0.65
2 4 0.04
3 4 0.1
4 43 0.0011
1 5 0.32
43 5 0.0023
1 6 0.23
2 6 0.11
3 6 0.14
4 6 0.18
6 43 0.0011
7 1 0.05
2 7 0.26
7 3 0.68
7 4 0.08
7 6 0.11
7 43 3.0E-4
8 1 0.12
2 8 0.12
8 3 0.08
8 5 0.19
8 6 0.13
8 7 0.11
8 43 4.0E-4
9 1 0.65
2 9 0.04
3 9 0.1
9 4 0.75
9 6 0.18
7 9 0.08
9 43 0.0023
10 1 0.83
2 10 0.03
3 10 0.08
10 4 0.78
10 5 0.2
10 6 0.14
7 10 0.06
8 10 0.07
10 9 0.78
10 43 0.0037
11 1 0.95
2 11 0.05
3 11 0.07
11 4 0.65
11 5 0.32
11 6 0.23
7 11 0.05
8 11 0.06
11 9 0.65
11 10 0.83
11 43 0.0045
12 1 0.32
12 2 0.67
12 3 0.25
12 4 0.21
12 5 0.1
12 6 0.15
12 7 0.34
12 8 0.28
12 9 0.21
12 10 0.27
12 11 0.32
12 43 7.0E-4
13 1 0.37
13 2 0.32
13 3 0.35
13 4 0.25
13 5 0.14
13 6 0.1
13 7 0.39
13 8 0.22
13 9 0.22
13 10 0.31
13 11 0.37
13 12 0.72
13 43 0.0011
1 14 0.23
2 14 0.11
3 14 0.29
4 14 0.35
6 14 0.5
7 14 0.21
9 14 0.35
10 14 0.28
11 14 0.23
12 14 0.07
13 14 0.1
43 14 0.0032
15 1 0.13
15 2 0.27
15 4 0.14
15 5 0.14
15 7 0.08
15 8 0.21
15 10 0.16
15 11 0.13
15 12 0.38
15 13 0.27
15 43 3.0E-4
16 1 0.05
16 2 0.28
16 5 0.16
16 7 0.05
16 8 0.06
16 10 0.06
16 11 0.05
16 12 0.32
16 13 0.28
16 15 0.35
16 43 2.0E-4
1 17 0.56
2 17 0.04
3 17 0.12
4 17 0.14
17 5 0.58
6 17 0.2
7 17 0.09
8 17 0.22
9 17 0.29
10 17 0.34
11 17 0.47
12 17 0.18
13 17 0.25
17 14 0.41
15 17 0.08
16 17 0.09
17 43 0.0090
18 1 0.07
18 2 0.3
18 5 0.21
18 6 0.15
18 7 0.13
18 8 0.16
18 10 0.08
18 11 0.07
18 12 0.24
18 13 0.24
18 15 0.12
18 16 0.35
18 17 0.12
18 43 4.0E-4
1 19 0.23
5 19 0.71
8 19 0.27
10 19 0.28
11 19 0.23
12 19 0.07
13 19 0.1
15 19 0.19
16 19 0.23
17 19 0.41
18 19 0.3
43 19 0.0032
20 1 0.38
2 20 0.12
20 3 0.08
20 4 0.29
20 6 0.14
20 7 0.06
20 8 0.3
20 9 0.2
20 10 0.38
20 11 0.38
12 20 0.27
13 20 0.31
20 14 0.28
15 20 0.16
16 20 0.19
20 17 0.34
20 43 0.0017
21 1 0.64
21 2 0.29
21 3 0.17
21 4 0.42
21 5 0.21
21 6 0.15
21 7 0.19
21 8 0.28
21 9 0.42
21 10 0.53
21 11 0.64
21 12 0.5
21 13 0.55
21 14 0.15
21 15 0.23
21 16 0.24
21 17 0.36
21 18 0.27
21 19 0.15
21 20 0.41
21 43 0.0022
22 1 0.72
2 22 0.08
22 3 0.07
22 4 0.69
22 6 0.24
22 7 0.05
8 22 0.06
22 9 0.6
22 10 0.74
22 11 0.78
12 22 0.3
13 22 0.34
22 14 0.24
15 22 0.09
16 22 0.11
22 17 0.1
20 22 0.54
21 22 0.57
22 43 9.0E-4
1 23 0.61
2 23 0.04
4 23 0.24
23 5 0.47
8 23 0.09
10 23 0.37
11 23 0.69
12 23 0.22
13 23 0.27
15 23 0.19
16 23 0.08
17 23 0.41
18 23 0.1
23 19 0.33
20 23 0.37
21 23 0.44
22 23 0.4
23 43 0.0023
24 1 0.64
2 24 0.09
3 24 0.16
24 4 0.78
24 5 0.2
24 6 0.14
7 24 0.12
8 24 0.22
24 9 0.69
24 10 0.77
24 11 0.7
12 24 0.27
13 24 0.31
24 14 0.28
15 24 0.21
16 24 0.06
24 17 0.23
18 24 0.08
24 19 0.28
20 24 0.31
21 24 0.53
22 24 0.67
24 23 0.37
24 43 0.0021
1 25 0.66
2 25 0.06
3 25 0.08
4 25 0.61
25 6 0.29
7 25 0.06
9 25 0.61
10 25 0.72
11 25 0.73
12 25 0.25
13 25 0.26
25 14 0.29
15 25 0.11
25 17 0.24
20 25 0.4
21 25 0.47
22 25 0.7
25 23 0.29
24 25 0.64
25 43 0.0020
26 1 0.5
2 26 0.19
26 3 0.13
26 4 0.39
26 5 0.15
26 6 0.22
26 7 0.09
8 26 0.29
26 9 0.54
26 10 0.48
26 11 0.45
12 26 0.34
13 26 0.33
26 14 0.22
15 26 0.08
16 26 0.1
26 17 0.36
18 26 0.26
26 19 0.22
20 26 0.24
21 26 0.51
22 26 0.42
26 23 0.15
26 24 0.54
26 25 0.31
26 43 0.0022
27 1 0.49
2 27 0.3
27 3 0.14
27 4 0.34
27 5 0.17
27 6 0.12
27 7 0.18
27 8 0.35
27 9 0.34
27 10 0.43
27 11 0.49
12 27 0.62
13 27 0.58
27 14 0.12
15 27 0.21
16 27 0.11
27 17 0.29
18 27 0.22
27 19 0.12
27 20 0.4
21 27 0.6
27 22 0.46
27 23 0.36
27 24 0.43
27 25 0.38
27 26 0.55
27 43 0.0015
1 28 0.41
2 28 0.05
4 28 0.32
6 28 0.22
9 28 0.16
10 28 0.37
11 28 0.51
12 28 0.16
13 28 0.23
15 28 0.17
17 28 0.18
20 28 0.5
21 28 0.33
22 28 0.43
23 28 0.45
24 28 0.37
25 28 0.65
26 28 0.1
27 28 0.21
43 28 0.0010
1 29 0.57
2 29 0.08
3 29 0.1
4 29 0.38
29 5 0.5
6 29 0.18
7 29 0.08
8 29 0.19
9 29 0.13
10 29 0.39
11 29 0.57
12 29 0.21
13 29 0.29
29 14 0.35
15 29 0.2
16 29 0.08
29 17 0.58
18 29 0.11
29 19 0.35
20 29 0.49
21 29 0.42
22 29 0.34
29 23 0.71
24 29 0.49
25 29 0.41
26 29 0.23
27 29 0.34
29 28 0.47
29 43 0.0030
30 1 0.21
2 30 0.05
30 8 0.36
30 11 0.1
12 30 0.16
13 30 0.14
30 17 0.37
30 20 0.25
21 30 0.2
30 23 0.15
30 26 0.1
30 27 0.21
30 29 0.16
30 43 6.0E-4
31 1 0.32
2 31 0.13
31 4 0.16
31 5 0.32
31 7 0.1
31 8 0.49
31 10 0.19
31 11 0.26
12 31 0.32
13 31 0.26
15 31 0.35
16 31 0.05
31 17 0.37
18 31 0.07
31 19 0.23
31 20 0.32
21 31 0.34
31 22 0.11
31 23 0.38
31 24 0.25
31 25 0.13
31 26 0.15
31 27 0.33
31 28 0.21
31 29 0.41
31 30 0.51
31 43 0.0012
32 1 0.72
2 32 0.16
32 3 0.33
32 4 0.46
32 5 0.23
32 6 0.16
32 7 0.39
8 32 0.13
32 9 0.46
32 10 0.59
32 11 0.72
12 32 0.45
13 32 0.55
32 14 0.16
15 32 0.13
16 32 0.04
32 17 0.4
18 32 0.1
32 19 0.16
20 32 0.32
21 32 0.56
22 32 0.56
32 23 0.49
32 24 0.55
32 25 0.57
26 32 0.39
27 32 0.57
32 28 0.37
32 29 0.46
30 32 0.15
31 32 0.23
32 43 0.0026
33 1 0.61
2 33 0.04
3 33 0.11
33 4 0.8
33 6 0.19
7 33 0.08
33 9 0.94
33 10 0.73
33 11 0.61
12 33 0.19
13 33 0.19
33 14 0.38
33 17 0.15
20 33 0.1
21 33 0.39
22 33 0.64
33 24 0.73
33 25 0.55
26 33 0.49
27 33 0.32
33 29 0.13
32 33 0.43
33 43 0.0010
34 1 0.11
2 34 0.3
34 3 0.56
34 4 0.17
34 6 0.08
34 7 0.55
8 34 0.09
34 9 0.11
34 10 0.13
34 11 0.11
12 34 0.45
13 34 0.51
34 14 0.16
15 34 0.09
34 17 0.07
18 34 0.05
20 34 0.09
21 34 0.19
22 34 0.12
34 23 0.05
34 24 0.18
34 25 0.14
26 34 0.11
27 34 0.47
34 28 0.07
34 29 0.11
31 34 0.04
34 32 0.51
34 33 0.12
34 43 2.0E-4
35 1 0.19
2 35 0.04
35 5 0.29
35 7 0.09
35 8 0.65
35 10 0.11
35 11 0.09
12 35 0.18
13 35 0.17
15 35 0.24
16 35 0.09
35 17 0.33
18 35 0.12
35 19 0.41
35 20 0.23
21 35 0.18
35 23 0.14
35 24 0.11
35 26 0.18
35 27 0.24
35 29 0.29
35 30 0.55
35 31 0.56
35 32 0.13
35 43 8.0E-4
36 1 0.37
36 2 0.12
36 3 0.08
36 4 0.38
36 6 0.27
36 7 0.06
36 9 0.19
36 10 0.3
36 11 0.43
36 12 0.28
36 13 0.24
36 14 0.27
36 15 0.21
36 16 0.18
36 17 0.11
36 18 0.08
36 20 0.3
36 21 0.39
36 22 0.45
36 23 0.36
36 24 0.37
36 25 0.46
36 26 0.12
36 27 0.26
36 28 0.48
36 29 0.38
36 31 0.12
36 32 0.31
36 33 0.2
36 34 0.17
36 43 6.0E-4
37 1 0.73
2 37 0.03
37 4 0.71
37 5 0.2
8 37 0.08
37 9 0.61
37 10 0.88
37 11 0.79
12 37 0.25
13 37 0.29
15 37 0.17
16 37 0.07
37 17 0.12
18 37 0.09
37 19 0.29
20 37 0.32
21 37 0.51
22 37 0.77
37 23 0.48
37 24 0.8
37 25 0.67
26 37 0.38
27 37 0.41
37 28 0.39
37 29 0.41
31 37 0.2
32 37 0.57
37 33 0.65
34 37 0.09
35 37 0.12
36 37 0.31
37 43 0.0010
1 38 0.46
4 38 0.35
9 38 0.18
10 38 0.55
11 38 0.46
12 38 0.15
13 38 0.2
15 38 0.19
17 38 0.2
20 38 0.55
21 38 0.29
22 38 0.36
38 23 0.5
24 38 0.28
25 38 0.43
26 38 0.11
27 38 0.24
38 28 0.67
29 38 0.35
31 38 0.23
32 38 0.33
34 38 0.08
36 38 0.27
37 38 0.43
38 43 0.0011
1 39 0.32
2 39 0.08
3 39 0.2
4 39 0.25
39 5 0.5
6 39 0.35
7 39 0.15
9 39 0.25
10 39 0.2
11 39 0.32
12 39 0.1
13 39 0.14
39 14 0.71
17 39 0.58
20 39 0.2
21 39 0.21
22 39 0.17
23 39 0.24
24 39 0.2
25 39 0.2
26 39 0.15
27 39 0.17
29 39 0.5
31 39 0.16
32 39 0.23
33 39 0.27
34 39 0.11
36 39 0.19
43 39 0.0023
1 40 0.36
2 40 0.06
3 40 0.07
4 40 0.18
40 5 0.18
7 40 0.06
8 40 0.07
9 40 0.27
10 40 0.43
11 40 0.36
12 40 0.28
13 40 0.18
15 40 0.15
16 40 0.18
17 40 0.21
18 40 0.08
40 19 0.26
20 40 0.21
21 40 0.27
22 40 0.25
40 23 0.17
24 40 0.21
25 40 0.22
26 40 0.23
27 40 0.25
40 28 0.12
29 40 0.09
31 40 0.12
32 40 0.3
33 40 0.2
34 40 0.04
35 40 0.11
36 40 0.14
37 40 0.37
40 38 0.26
40 43 0.0012
1 41 0.52
41 5 0.27
6 41 0.19
8 41 0.1
9 41 0.13
10 41 0.42
11 41 0.52
12 41 0.19
13 41 0.19
15 41 0.15
16 41 0.17
17 41 0.31
18 41 0.11
41 19 0.38
20 41 0.31
21 41 0.33
22 41 0.37
41 23 0.38
24 41 0.1
25 41 0.33
26 41 0.25
27 41 0.23
41 28 0.34
29 41 0.13
31 41 0.09
32 41 0.37
35 41 0.15
36 41 0.2
37 41 0.33
41 38 0.38
41 40 0.49
41 43 0.0024
1 42 0.61
4 42 0.13
42 5 0.53
8 42 0.2
9 42 0.13
10 42 0.42
11 42 0.52
12 42 0.19
13 42 0.27
15 42 0.07
16 42 0.09
42 17 0.46
18 42 0.11
42 19 0.38
20 42 0.21
21 42 0.39
22 42 0.28
42 23 0.5
24 42 0.21
42 25 0.22
26 42 0.25
27 42 0.32
42 29 0.53
30 42 0.17
31 42 0.26
32 42 0.43
33 42 0.14
35 42 0.31
37 42 0.44
42 38 0.19
42 39 0.27
42 40 0.29
42 41 0.43
42 43 0.0012
