*Vertices  12
1 "光纤"
2 "探头"
3 "控制器"
4 "处理器"
5 "LED"
6 "码道"
7 "太阳能"
8 "太阳能电池板"
9 "充电电池"
10 "充电器"
11 "发光管"
12 "光电管"
*Arcs
1 12 0.0134
2 1 0.38
2 12 0.0217
3 1 0.09
3 2 0.12
3 12 0.0059
4 1 0.1
4 2 0.26
4 3 0.44
4 12 0.0065
5 1 0.19
5 2 0.15
5 3 0.3
5 4 0.28
5 12 0.0013
1 6 0.27
2 6 0.35
3 6 0.17
4 6 0.18
5 6 0.1
12 6 0.0383
1 7 0.12
2 7 0.16
3 7 0.23
4 7 0.08
5 7 0.23
7 6 0.22
12 7 0.0113
1 8 0.17
2 8 0.22
3 8 0.22
4 8 0.12
5 8 0.16
8 6 0.32
8 7 0.71
12 8 0.0185
1 9 0.19
2 9 0.25
3 9 0.12
4 9 0.13
5 9 0.15
9 6 0.35
9 7 0.32
9 8 0.22
12 9 0.0222
10 1 0.15
10 2 0.2
10 3 0.1
4 10 0.11
5 10 0.18
10 6 0.29
10 7 0.13
10 8 0.18
10 9 0.41
10 12 0.0153
1 11 0.13
2 11 0.17
3 11 0.16
4 11 0.09
5 11 0.22
11 6 0.24
11 7 0.11
11 8 0.15
11 9 0.17
10 11 0.14
12 11 0.0097
