*Vertices  20
1 "光纤"
2 "探头"
3 "传感器"
4 "PD"
5 "光纤耦合"
6 "LED"
7 "二极管"
8 "玻璃"
9 "塑料"
10 "转换器"
11 "探针"
12 "滤光片"
13 "半导体"
14 "键合"
15 "光电池"
16 "激光"
17 "透镜"
18 "聚光帽"
19 "激发光"
20 "光电转换器件"
*Arcs
20 1 0.0135
2 1 0.38
20 2 0.0049
3 1 0.23
3 2 0.2
20 3 0.0037
4 1 0.68
4 2 0.22
4 3 0.27
20 4 0.0168
1 5 0.53
3 5 0.14
4 5 0.32
20 5 0.0107
6 1 0.19
6 2 0.15
6 3 0.37
6 4 0.16
6 5 0.1
6 20 9.0E-4
7 1 0.23
7 2 0.05
7 3 0.2
7 4 0.18
7 5 0.14
7 6 0.72
7 20 0.0014
8 1 0.29
8 2 0.1
8 3 0.12
8 4 0.34
8 5 0.14
8 6 0.38
8 7 0.27
8 20 0.0034
9 1 0.17
9 2 0.11
9 3 0.18
9 4 0.21
9 5 0.16
9 6 0.32
9 7 0.28
9 8 0.35
9 20 0.0044
10 1 0.23
10 2 0.15
10 3 0.3
10 4 0.27
10 5 0.21
6 10 0.24
7 10 0.21
8 10 0.12
9 10 0.21
10 20 0.0076
11 1 0.27
11 2 0.35
11 3 0.14
11 4 0.32
6 11 0.1
7 11 0.14
8 11 0.14
9 11 0.16
10 11 0.21
11 20 0.0077
12 1 0.68
12 2 0.22
12 3 0.09
12 4 0.6
12 5 0.32
6 12 0.16
7 12 0.23
8 12 0.26
9 12 0.1
10 12 0.13
12 11 0.32
12 20 0.0051
13 1 0.17
13 2 0.07
13 3 0.06
13 4 0.2
13 5 0.1
13 6 0.5
13 7 0.55
13 8 0.23
13 9 0.24
13 10 0.13
13 11 0.1
13 12 0.13
13 20 9.0E-4
14 1 0.14
14 2 0.19
14 3 0.08
14 4 0.17
6 14 0.19
7 14 0.19
8 14 0.07
9 14 0.09
10 14 0.11
14 11 0.27
14 12 0.17
13 14 0.28
14 20 0.0027
15 1 0.38
15 2 0.5
15 3 0.3
15 4 0.45
15 5 0.35
6 15 0.15
7 15 0.15
8 15 0.19
9 15 0.23
10 15 0.3
15 11 0.35
15 12 0.22
13 15 0.15
14 15 0.19
15 20 0.0194
16 1 0.4
16 3 0.16
16 4 0.36
16 5 0.38
16 6 0.28
16 7 0.24
16 8 0.21
16 9 0.18
16 10 0.08
16 12 0.36
16 13 0.39
16 14 0.2
16 15 0.13
16 20 0.0024
17 1 0.28
17 3 0.1
17 4 0.22
17 5 0.35
17 6 0.29
17 7 0.28
17 8 0.14
17 9 0.23
17 10 0.15
17 12 0.22
17 13 0.26
17 15 0.25
17 16 0.27
17 20 0.0021
1 18 0.38
3 18 0.2
4 18 0.45
18 5 0.71
6 18 0.07
7 18 0.1
8 18 0.19
9 18 0.23
10 18 0.3
13 18 0.15
15 18 0.5
16 18 0.27
17 18 0.25
20 18 0.0162
19 1 0.5
19 2 0.17
19 3 0.07
19 4 0.45
19 5 0.24
6 19 0.22
7 19 0.27
8 19 0.26
9 19 0.23
19 10 0.2
19 11 0.24
19 12 0.6
13 19 0.25
19 14 0.13
19 15 0.17
16 19 0.27
17 19 0.33
19 20 0.0031
