*Vertices  30
1 "光纤"
2 "探头"
3 "传感器"
4 "处理器"
5 "波长检测器"
6 "PD"
7 "光纤耦合"
8 "LED"
9 "二极管"
10 "玻璃"
11 "LED光源"
12 "塑料"
13 "光电转换器件"
14 "转换器"
15 "探针"
16 "滤光片"
17 "液相色谱仪"
18 "半导体"
19 "键合"
20 "客户"
21 "蓄电池"
22 "存储器"
23 "激光"
24 "检测池"
25 "检测仪"
26 "半透半反镜"
27 "透镜"
28 "聚光帽"
29 "激发光"
30 "光电池"
*Arcs
30 1 0.0049
2 1 0.38
30 2 0.0049
3 1 0.23
3 2 0.2
30 3 0.0025
4 1 0.1
4 2 0.26
4 3 0.36
4 30 4.0E-4
30 5 0.0099
6 1 0.68
6 2 0.22
6 3 0.27
4 6 0.12
30 6 0.0060
1 7 0.53
3 7 0.14
6 7 0.32
30 7 0.0036
8 1 0.19
8 2 0.15
8 3 0.37
8 4 0.28
8 5 0.07
8 6 0.16
8 7 0.1
8 30 0.0011
9 1 0.23
9 2 0.05
9 3 0.2
9 4 0.08
9 5 0.1
9 6 0.18
9 7 0.14
9 8 0.72
9 30 0.0012
10 1 0.29
10 2 0.1
10 3 0.12
10 4 0.15
10 6 0.34
10 7 0.14
10 8 0.38
10 9 0.27
10 30 0.0013
11 1 0.15
11 2 0.1
11 3 0.04
11 4 0.11
11 5 0.2
11 6 0.18
11 8 0.36
11 9 0.29
11 10 0.24
11 30 0.0015
12 1 0.17
12 2 0.11
12 3 0.18
12 4 0.12
12 6 0.21
12 7 0.16
12 8 0.32
12 9 0.28
12 10 0.35
12 11 0.14
12 30 0.0016
13 1 0.53
13 2 0.35
13 3 0.28
13 6 0.63
13 7 0.5
8 13 0.1
9 13 0.14
10 13 0.27
12 13 0.32
30 13 0.0116
14 1 0.23
14 2 0.15
14 3 0.3
4 14 0.16
14 6 0.27
14 7 0.21
8 14 0.24
9 14 0.21
10 14 0.12
12 14 0.21
14 13 0.43
14 30 0.0028
15 1 0.27
15 2 0.35
15 3 0.14
15 6 0.32
8 15 0.1
9 15 0.14
10 15 0.14
12 15 0.16
15 13 0.5
14 15 0.21
30 15 0.0028
16 1 0.68
16 2 0.22
16 3 0.09
16 6 0.6
16 7 0.32
8 16 0.16
9 16 0.23
10 16 0.26
11 16 0.27
12 16 0.1
16 13 0.32
14 16 0.13
16 15 0.32
30 16 0.0018
17 5 1.0
8 17 0.07
9 17 0.1
11 17 0.2
30 17 0.0099
18 1 0.17
18 2 0.07
18 3 0.06
18 4 0.08
18 6 0.2
18 7 0.1
18 8 0.5
18 9 0.55
18 10 0.23
18 11 0.3
18 12 0.24
18 13 0.1
18 14 0.13
18 15 0.1
18 16 0.13
18 30 8.0E-4
19 1 0.14
19 2 0.19
19 3 0.08
19 6 0.17
8 19 0.19
9 19 0.19
10 19 0.07
12 19 0.09
19 13 0.27
14 19 0.11
19 15 0.27
19 16 0.17
18 19 0.28
19 30 0.0010
20 2 0.2
20 3 0.24
4 20 0.21
8 20 0.18
9 20 0.08
10 20 0.08
11 20 0.08
12 20 0.09
14 20 0.12
18 20 0.12
20 30 7.0E-4
21 2 0.13
21 3 0.05
4 21 0.07
8 21 0.28
9 21 0.18
10 21 0.1
11 21 0.05
18 21 0.11
21 20 0.11
21 30 3.0E-4
22 2 0.17
22 3 0.33
4 22 0.34
22 6 0.15
8 22 0.22
9 22 0.17
11 22 0.14
14 22 0.4
22 16 0.15
18 22 0.1
20 22 0.14
21 22 0.09
22 30 7.0E-4
23 1 0.4
23 3 0.16
23 4 0.14
23 6 0.36
23 7 0.38
23 8 0.28
23 9 0.24
23 10 0.21
23 11 0.16
23 12 0.18
23 13 0.19
23 14 0.08
23 16 0.36
23 18 0.39
23 19 0.2
23 20 0.11
23 30 8.0E-4
24 5 1.0
8 24 0.07
9 24 0.1
11 24 0.2
24 17 1.0
30 24 0.0099
2 25 0.25
3 25 0.3
4 25 0.13
8 25 0.15
9 25 0.05
11 25 0.1
14 25 0.3
18 25 0.15
20 25 0.2
21 25 0.13
22 25 0.5
30 25 0.0011
26 5 1.0
8 26 0.07
9 26 0.1
11 26 0.2
26 17 1.0
26 24 1.0
30 26 0.0099
27 1 0.28
27 3 0.1
27 4 0.06
27 5 0.25
27 6 0.22
27 7 0.35
27 8 0.29
27 9 0.28
27 10 0.14
27 11 0.26
27 12 0.23
27 13 0.18
27 14 0.15
27 16 0.22
27 17 0.25
27 18 0.26
27 20 0.1
27 22 0.08
27 23 0.27
27 24 0.25
27 26 0.25
27 30 0.0030
1 28 0.38
3 28 0.2
6 28 0.45
28 7 0.71
8 28 0.07
9 28 0.1
10 28 0.19
12 28 0.23
13 28 0.71
14 28 0.3
18 28 0.15
23 28 0.27
27 28 0.25
30 28 0.0056
29 1 0.5
29 2 0.17
29 3 0.07
29 6 0.45
29 7 0.24
8 29 0.22
9 29 0.27
10 29 0.26
11 29 0.2
12 29 0.23
29 13 0.24
29 14 0.2
29 15 0.24
29 16 0.6
18 29 0.25
29 19 0.13
29 20 0.14
23 29 0.27
27 29 0.33
29 30 0.0012
