*Vertices  20
1 "电容"
2 "容器"
3 "控制器"
4 "整流器"
5 "开关"
6 "触发脉冲"
7 "变压器"
8 "发光板"
9 "LED"
10 "二极管"
11 "稳压二极管"
12 "三极管"
13 "转换器"
14 "芯片"
15 "继电器"
16 "电感"
17 "电极"
18 "电阻"
19 "屏幕"
20 "光电耦合器"
*Arcs
1 20 0.0092
1 2 0.23
2 20 0.0045
1 3 0.15
2 3 0.09
3 20 0.0086
1 4 0.53
4 2 0.33
4 3 0.07
4 20 0.0034
5 1 0.42
5 2 0.21
5 3 0.23
5 4 0.2
5 20 0.0015
1 6 0.2
3 6 0.24
20 6 0.0255
1 7 0.52
7 2 0.24
7 3 0.1
7 4 0.68
5 7 0.29
7 20 0.0027
1 8 0.2
2 8 0.19
3 8 0.12
4 8 0.14
5 8 0.14
7 8 0.21
20 8 0.0069
9 1 0.36
9 2 0.19
9 3 0.3
9 4 0.25
9 5 0.54
9 6 0.07
9 7 0.34
9 8 0.15
9 20 0.0017
10 1 0.39
10 2 0.23
10 3 0.15
10 4 0.35
10 5 0.46
10 6 0.1
10 7 0.39
10 8 0.15
10 9 0.72
10 20 0.0028
1 11 0.46
2 11 0.14
3 11 0.18
4 11 0.55
5 11 0.21
7 11 0.48
11 8 0.38
9 11 0.19
10 11 0.27
11 20 0.0053
12 1 0.61
12 2 0.17
12 3 0.11
12 4 0.4
5 12 0.37
12 6 0.23
12 7 0.49
12 8 0.23
9 12 0.32
10 12 0.42
12 11 0.26
12 20 0.01
1 13 0.25
13 3 0.22
5 13 0.25
13 6 0.3
7 13 0.06
9 13 0.24
10 13 0.21
13 11 0.11
12 13 0.14
13 20 0.0047
14 1 0.37
14 2 0.14
14 3 0.23
14 4 0.14
14 5 0.28
14 6 0.12
14 7 0.18
14 8 0.06
9 14 0.62
10 14 0.58
14 11 0.14
14 12 0.33
14 13 0.25
14 20 0.0014
1 15 0.37
15 3 0.11
5 15 0.24
15 6 0.45
7 15 0.19
9 15 0.16
10 15 0.18
12 15 0.31
15 13 0.13
14 15 0.16
15 20 0.0095
1 16 0.54
16 2 0.43
16 3 0.09
4 16 0.44
5 16 0.36
7 16 0.4
16 8 0.38
9 16 0.19
10 16 0.23
16 11 0.43
12 16 0.43
16 13 0.23
14 16 0.18
16 20 0.0057
1 17 0.37
17 2 0.19
17 3 0.12
17 4 0.33
5 17 0.2
17 6 0.16
17 7 0.39
17 8 0.16
9 17 0.45
10 17 0.55
17 11 0.19
12 17 0.6
17 13 0.1
14 17 0.57
17 15 0.22
17 16 0.31
17 20 0.0056
18 1 0.73
18 2 0.18
18 3 0.16
18 4 0.56
5 18 0.46
18 6 0.16
18 7 0.55
18 8 0.16
9 18 0.45
10 18 0.51
18 11 0.43
18 12 0.71
18 13 0.29
14 18 0.47
18 15 0.36
18 16 0.43
18 17 0.51
18 20 0.0067
1 19 0.05
2 19 0.1
19 3 0.13
4 19 0.07
5 19 0.11
7 19 0.06
19 8 0.13
9 19 0.28
10 19 0.18
19 11 0.1
12 19 0.06
13 19 0.08
14 19 0.25
16 19 0.1
17 19 0.3
18 19 0.04
19 20 0.0019
