*Vertices  20
1 "光纤"
2 "传感器"
3 "PD"
4 "牙结石"
5 "LED"
6 "二极管"
7 "玻璃"
8 "塑料"
9 "光电转换器件"
10 "转换器"
11 "滤光片"
12 "光谱仪"
13 "半导体"
14 "荧光光谱"
15 "光电池"
16 "激光"
17 "透镜"
18 "聚光帽"
19 "激发光"
20 "光纤耦合"
*Arcs
1 20 0.0157
2 1 0.23
2 20 0.0013
3 1 0.68
3 2 0.27
3 20 0.0065
1 4 0.38
20 4 0.0169
5 1 0.19
5 2 0.37
5 3 0.16
5 4 0.07
5 20 9.0E-4
6 1 0.23
6 2 0.2
6 3 0.18
6 4 0.1
6 5 0.72
6 20 0.0014
7 1 0.29
7 2 0.12
7 3 0.34
7 5 0.38
7 6 0.27
7 20 0.0014
8 1 0.17
8 2 0.18
8 3 0.21
8 5 0.32
8 6 0.28
8 7 0.35
8 20 0.0016
9 1 0.53
9 2 0.28
9 3 0.63
5 9 0.1
6 9 0.14
7 9 0.27
8 9 0.32
9 20 0.012
10 1 0.23
10 2 0.3
10 3 0.27
5 10 0.24
6 10 0.21
7 10 0.12
8 10 0.21
10 9 0.43
10 20 0.0027
11 1 0.68
11 2 0.09
11 3 0.6
11 4 0.45
5 11 0.16
6 11 0.23
7 11 0.26
8 11 0.1
11 9 0.32
10 11 0.13
11 20 0.0068
12 1 0.27
12 4 0.71
5 12 0.1
6 12 0.07
12 11 0.32
12 20 0.0125
13 1 0.17
13 2 0.06
13 3 0.2
13 5 0.5
13 6 0.55
13 7 0.23
13 8 0.24
13 9 0.1
13 10 0.13
13 11 0.13
13 20 7.0E-4
14 1 0.27
14 4 0.71
5 14 0.1
6 14 0.07
14 11 0.32
14 12 1.0
14 20 0.0125
15 1 0.38
15 2 0.3
15 3 0.45
5 15 0.15
6 15 0.15
7 15 0.19
8 15 0.23
15 9 0.71
10 15 0.3
15 11 0.22
13 15 0.15
15 20 0.0068
16 1 0.4
16 2 0.16
16 3 0.36
16 4 0.27
16 5 0.28
16 6 0.24
16 7 0.21
16 8 0.18
16 9 0.19
16 10 0.08
16 11 0.36
16 12 0.19
16 13 0.39
16 14 0.19
16 15 0.13
16 20 0.0076
17 1 0.28
17 2 0.1
17 3 0.22
17 4 0.25
17 5 0.29
17 6 0.28
17 7 0.14
17 8 0.23
17 9 0.18
17 10 0.15
17 11 0.22
17 12 0.18
17 13 0.26
17 14 0.18
17 15 0.25
17 16 0.27
17 20 0.0064
1 18 0.38
2 18 0.2
3 18 0.45
5 18 0.07
6 18 0.1
7 18 0.19
8 18 0.23
9 18 0.71
10 18 0.3
13 18 0.15
15 18 0.5
16 18 0.27
17 18 0.25
18 20 0.0166
19 1 0.5
19 2 0.07
19 3 0.45
19 4 0.33
5 19 0.22
6 19 0.27
7 19 0.26
8 19 0.23
19 9 0.24
19 10 0.2
19 11 0.6
19 12 0.47
13 19 0.25
19 14 0.47
19 15 0.17
16 19 0.27
17 19 0.33
19 20 0.0047
