*Vertices  62
1 "衬底"
2 "滤波片"
3 "探头"
4 "传感器"
5 "控制器"
6 "处理器"
7 "III-V族半导体材料"
8 "GAN"
9 "FBG"
10 "PD"
11 "牙结石"
12 "光纤耦合"
13 "解调方法"
14 "外延片"
15 "外延"
16 "LED"
17 "二极管"
18 "玻璃"
19 "环形器"
20 "通道"
21 "LED光源"
22 "塑料"
23 "光电转换器件"
24 "转换器"
25 "探针"
26 "滤光片"
27 "干涉仪"
28 "光谱仪"
29 "SiO2"
30 "半导体"
31 "Al2O3"
32 "GaAs"
33 "MQW"
34 "ITO"
35 "键合"
36 "光子晶体"
37 "荧光光谱"
38 "码道"
39 "太阳能"
40 "太阳能电池板"
41 "充电电池"
42 "光电池"
43 "芯片"
44 "金属层"
45 "电流扩展层"
46 "充电器"
47 "Li"
48 "离子"
49 "电极"
50 "ARCTAN"
51 "电阻"
52 "光子晶体谐振腔"
53 "激光"
54 "MOCVD"
55 "湿法刻蚀"
56 "干法刻蚀"
57 "透镜"
58 "聚光帽"
59 "激发光"
60 "发光管"
61 "光电管"
62 "光纤"
*Arcs
1 62 4.0E-4
1 2 0.32
62 2 0.0022
3 62 0.0011
4 3 0.2
4 62 6.0E-4
5 3 0.12
5 4 0.19
5 62 1.0E-4
6 3 0.26
6 4 0.36
6 5 0.44
6 62 1.0E-4
1 7 0.32
7 2 1.0
62 7 0.0022
8 1 0.65
8 2 0.5
8 7 0.5
8 62 7.0E-4
4 9 0.2
62 9 0.0016
1 10 0.21
10 2 0.63
10 3 0.22
10 4 0.27
6 10 0.12
10 7 0.63
8 10 0.32
10 62 0.0037
62 11 9.0E-4
4 12 0.14
10 12 0.32
12 11 0.71
62 12 0.0021
4 13 0.2
13 9 1.0
62 13 0.0016
14 1 0.83
14 2 0.39
14 7 0.39
14 8 0.78
14 10 0.25
14 62 6.0E-4
15 1 0.95
15 2 0.32
15 7 0.32
15 8 0.65
15 10 0.21
15 14 0.83
15 62 5.0E-4
16 1 0.32
16 2 0.1
16 3 0.15
16 4 0.37
16 5 0.3
16 6 0.28
16 7 0.1
16 8 0.21
16 9 0.07
16 10 0.16
16 11 0.07
16 12 0.1
16 13 0.07
16 14 0.27
16 15 0.32
16 62 6.0E-4
17 1 0.37
17 2 0.14
17 3 0.05
17 4 0.2
17 5 0.15
17 6 0.08
17 7 0.14
17 8 0.25
17 9 0.1
17 10 0.18
17 11 0.1
17 12 0.14
17 13 0.1
17 14 0.31
17 15 0.37
17 16 0.72
17 62 8.0E-4
18 1 0.13
18 2 0.27
18 3 0.1
18 4 0.12
18 6 0.15
18 7 0.27
18 8 0.14
18 10 0.34
18 12 0.14
18 14 0.16
18 15 0.13
18 16 0.38
18 17 0.27
18 62 8.0E-4
4 19 0.2
19 9 1.0
19 13 1.0
16 19 0.07
17 19 0.1
62 19 0.0016
20 1 0.2
20 2 0.2
20 4 0.12
20 7 0.2
20 8 0.31
20 10 0.13
20 14 0.24
20 15 0.2
16 20 0.25
17 20 0.23
18 20 0.11
20 62 1.0E-4
21 1 0.09
21 2 0.29
21 3 0.1
21 4 0.04
21 6 0.11
21 7 0.29
21 8 0.14
21 10 0.18
21 14 0.11
21 15 0.09
21 16 0.36
21 17 0.29
21 18 0.24
21 20 0.18
21 62 3.0E-4
22 1 0.05
22 3 0.11
22 4 0.18
22 5 0.17
22 6 0.12
22 10 0.21
22 12 0.16
22 14 0.06
22 15 0.05
22 16 0.32
22 17 0.28
22 18 0.35
22 20 0.13
22 21 0.14
22 62 3.0E-4
23 3 0.35
23 4 0.28
23 10 0.63
23 12 0.5
16 23 0.1
17 23 0.14
18 23 0.27
22 23 0.32
23 62 0.0020
24 3 0.15
24 4 0.3
24 5 0.22
6 24 0.16
24 10 0.27
24 12 0.21
16 24 0.24
17 24 0.21
18 24 0.12
22 24 0.21
24 23 0.43
24 62 5.0E-4
25 3 0.35
25 4 0.14
25 10 0.32
16 25 0.1
17 25 0.14
18 25 0.14
22 25 0.16
25 23 0.5
24 25 0.21
25 62 5.0E-4
1 26 0.21
26 2 0.63
26 3 0.22
26 4 0.09
26 7 0.63
8 26 0.32
26 10 0.6
26 11 0.45
26 12 0.32
14 26 0.25
15 26 0.21
16 26 0.16
17 26 0.23
18 26 0.26
20 26 0.13
21 26 0.27
22 26 0.1
26 23 0.32
24 26 0.13
26 25 0.32
26 62 0.0036
4 27 0.2
27 9 1.0
27 13 1.0
16 27 0.07
17 27 0.1
27 19 1.0
62 27 0.0016
28 11 0.71
28 12 0.5
16 28 0.1
17 28 0.07
28 26 0.32
28 62 7.0E-4
29 1 0.38
29 2 0.39
29 7 0.39
29 8 0.29
29 10 0.25
29 14 0.38
29 15 0.38
16 29 0.27
17 29 0.31
18 29 0.16
29 20 0.08
21 29 0.11
22 29 0.19
29 24 0.08
29 26 0.25
29 28 0.2
29 62 6.0E-4
30 1 0.64
30 2 0.21
30 3 0.07
30 4 0.06
30 6 0.08
30 7 0.21
30 8 0.42
30 10 0.2
30 12 0.1
30 14 0.53
30 15 0.64
30 16 0.5
30 17 0.55
30 18 0.23
30 20 0.17
30 21 0.3
30 22 0.24
30 23 0.1
30 24 0.13
30 25 0.1
30 26 0.13
30 29 0.41
30 62 5.0E-4
31 1 0.72
31 2 0.34
31 7 0.34
31 8 0.69
31 10 0.22
31 14 0.74
31 15 0.78
16 31 0.3
17 31 0.34
18 31 0.09
31 20 0.21
21 31 0.1
22 31 0.11
31 24 0.07
31 26 0.22
29 31 0.54
30 31 0.57
31 62 5.0E-4
1 32 0.61
32 2 0.47
32 7 0.47
8 32 0.24
32 10 0.3
14 32 0.37
15 32 0.69
16 32 0.22
17 32 0.27
18 32 0.19
20 32 0.1
21 32 0.14
22 32 0.08
32 26 0.3
29 32 0.37
30 32 0.44
31 32 0.4
32 62 7.0E-4
33 1 0.64
33 2 0.39
33 7 0.39
33 8 0.78
33 10 0.25
33 14 0.77
33 15 0.7
16 33 0.27
17 33 0.31
18 33 0.21
33 20 0.24
21 33 0.23
22 33 0.06
33 26 0.25
29 33 0.31
30 33 0.53
31 33 0.67
33 32 0.37
33 62 5.0E-4
1 34 0.66
34 2 0.41
34 5 0.07
34 7 0.41
8 34 0.61
34 10 0.26
14 34 0.72
15 34 0.73
16 34 0.25
17 34 0.26
18 34 0.11
20 34 0.08
21 34 0.12
34 26 0.26
29 34 0.4
30 34 0.47
31 34 0.7
34 32 0.29
33 34 0.64
34 62 6.0E-4
1 35 0.26
35 3 0.19
35 4 0.08
35 10 0.17
14 35 0.1
15 35 0.35
16 35 0.19
17 35 0.19
18 35 0.07
22 35 0.09
35 23 0.27
24 35 0.11
35 25 0.27
35 26 0.17
29 35 0.21
30 35 0.28
31 35 0.28
35 32 0.5
33 35 0.1
34 35 0.11
35 62 2.0E-4
1 36 0.32
36 2 1.0
36 7 1.0
8 36 0.5
10 36 0.63
14 36 0.39
15 36 0.32
16 36 0.1
17 36 0.14
18 36 0.27
20 36 0.2
21 36 0.29
26 36 0.63
29 36 0.39
30 36 0.21
31 36 0.34
32 36 0.47
33 36 0.39
34 36 0.41
62 36 0.0022
37 11 0.71
37 12 0.5
16 37 0.1
17 37 0.07
37 26 0.32
37 28 1.0
37 29 0.2
37 62 7.0E-4
3 38 0.35
4 38 0.14
5 38 0.17
6 38 0.18
16 38 0.1
17 38 0.07
62 38 5.0E-4
1 39 0.07
3 39 0.16
5 39 0.23
6 39 0.08
8 39 0.11
14 39 0.09
15 39 0.07
16 39 0.23
17 39 0.13
18 39 0.12
20 39 0.09
30 39 0.05
31 39 0.08
33 39 0.09
39 38 0.22
62 39 1.0E-4
3 40 0.22
5 40 0.22
6 40 0.12
16 40 0.16
17 40 0.05
40 38 0.32
40 39 0.71
62 40 2.0E-4
3 41 0.25
5 41 0.12
6 41 0.13
16 41 0.15
17 41 0.1
24 41 0.15
30 41 0.07
41 38 0.35
41 39 0.32
41 40 0.22
62 41 3.0E-4
42 3 0.5
42 4 0.3
6 42 0.13
42 10 0.45
42 12 0.35
16 42 0.15
17 42 0.15
18 42 0.19
21 42 0.2
22 42 0.23
42 23 0.71
24 42 0.3
42 25 0.35
42 26 0.22
30 42 0.15
35 42 0.19
42 62 0.0012
43 1 0.49
43 2 0.17
43 4 0.17
43 5 0.23
6 43 0.12
43 7 0.17
43 8 0.34
43 10 0.11
43 14 0.43
43 15 0.49
16 43 0.62
17 43 0.58
18 43 0.21
43 20 0.24
21 43 0.22
22 43 0.11
43 24 0.25
43 25 0.08
43 26 0.16
43 28 0.08
43 29 0.4
30 43 0.6
43 31 0.46
43 32 0.36
43 33 0.43
43 34 0.38
43 35 0.27
43 36 0.17
43 37 0.08
43 39 0.08
43 41 0.12
43 62 2.0E-4
1 44 0.41
44 2 0.63
44 7 0.63
8 44 0.32
10 44 0.4
14 44 0.37
15 44 0.51
16 44 0.16
17 44 0.23
18 44 0.17
20 44 0.13
21 44 0.18
26 44 0.4
29 44 0.5
30 44 0.33
31 44 0.43
32 44 0.45
33 44 0.37
34 44 0.65
35 44 0.17
44 36 0.63
43 44 0.21
62 44 0.0011
1 45 0.57
45 2 0.5
45 7 0.5
8 45 0.38
45 10 0.32
14 45 0.39
15 45 0.57
16 45 0.21
17 45 0.29
18 45 0.2
20 45 0.1
21 45 0.14
22 45 0.08
45 26 0.32
29 45 0.49
30 45 0.42
31 45 0.34
45 32 0.71
33 45 0.49
34 45 0.41
35 45 0.27
45 36 0.5
43 45 0.34
45 44 0.47
45 62 7.0E-4
46 3 0.2
46 5 0.1
6 46 0.11
16 46 0.18
17 46 0.21
46 24 0.12
30 46 0.06
46 38 0.29
46 39 0.13
46 40 0.18
46 41 0.41
43 46 0.1
46 62 2.0E-4
47 1 0.16
47 2 0.33
47 4 0.05
47 5 0.06
6 47 0.06
47 7 0.33
47 8 0.25
47 10 0.21
47 14 0.2
47 15 0.16
16 47 0.31
17 47 0.36
18 47 0.23
47 20 0.2
21 47 0.24
22 47 0.27
47 24 0.21
47 26 0.21
47 28 0.17
47 29 0.33
30 47 0.38
47 31 0.29
47 32 0.16
47 33 0.26
47 34 0.2
47 36 0.33
47 37 0.17
47 43 0.31
47 44 0.21
47 45 0.17
47 62 4.0E-4
48 1 0.32
48 2 0.32
48 3 0.11
48 7 0.32
48 8 0.16
48 10 0.21
48 14 0.19
48 15 0.26
16 48 0.32
17 48 0.26
18 48 0.35
48 20 0.07
21 48 0.19
22 48 0.05
48 24 0.07
48 26 0.21
48 28 0.16
48 29 0.32
30 48 0.34
48 31 0.11
48 32 0.38
48 33 0.25
48 34 0.13
48 35 0.09
48 36 0.32
48 37 0.16
48 43 0.33
48 44 0.21
48 45 0.41
48 47 0.27
48 62 3.0E-4
49 1 0.72
49 2 0.23
49 4 0.03
49 5 0.12
49 7 0.23
49 8 0.46
49 10 0.15
49 14 0.59
49 15 0.72
16 49 0.45
17 49 0.55
18 49 0.13
49 20 0.19
21 49 0.1
22 49 0.04
49 24 0.1
49 26 0.15
29 49 0.32
30 49 0.56
31 49 0.56
49 32 0.49
49 33 0.55
49 34 0.57
49 35 0.25
49 36 0.23
49 39 0.05
49 41 0.08
43 49 0.57
49 44 0.37
49 45 0.46
49 46 0.34
47 49 0.12
48 49 0.23
49 62 3.0E-4
4 50 0.2
50 9 1.0
50 13 1.0
16 50 0.07
17 50 0.1
50 19 1.0
50 27 1.0
62 50 0.0016
51 1 0.11
51 2 0.11
51 4 0.16
51 5 0.16
6 51 0.08
51 7 0.11
51 8 0.17
51 10 0.07
51 14 0.13
51 15 0.11
16 51 0.45
17 51 0.51
18 51 0.09
51 20 0.19
21 51 0.1
51 24 0.29
51 26 0.15
29 51 0.09
30 51 0.19
31 51 0.12
51 32 0.05
51 33 0.18
51 34 0.14
51 36 0.11
51 39 0.05
51 41 0.16
43 51 0.47
51 44 0.07
51 45 0.11
51 46 0.33
47 51 0.11
48 51 0.04
51 49 0.51
51 62 1.0E-4
1 52 0.32
52 2 1.0
52 7 1.0
8 52 0.5
10 52 0.63
14 52 0.39
15 52 0.32
16 52 0.1
17 52 0.14
18 52 0.27
20 52 0.2
21 52 0.29
26 52 0.63
29 52 0.39
30 52 0.21
31 52 0.34
32 52 0.47
33 52 0.39
34 52 0.41
52 36 1.0
43 52 0.17
44 52 0.63
45 52 0.5
47 52 0.33
48 52 0.32
49 52 0.23
51 52 0.11
62 52 0.0022
53 1 0.37
53 2 0.38
53 4 0.16
53 5 0.06
53 6 0.14
53 7 0.38
53 8 0.38
53 10 0.36
53 11 0.27
53 12 0.38
53 14 0.3
53 15 0.43
53 16 0.28
53 17 0.24
53 18 0.21
53 20 0.08
53 21 0.16
53 22 0.18
53 23 0.19
53 24 0.08
53 26 0.36
53 28 0.19
53 29 0.3
53 30 0.39
53 31 0.45
53 32 0.36
53 33 0.37
53 34 0.46
53 35 0.2
53 36 0.38
53 37 0.19
53 42 0.13
53 43 0.26
53 44 0.48
53 45 0.38
53 47 0.19
53 48 0.12
53 49 0.31
53 51 0.17
53 52 0.38
53 62 0.0016
54 1 0.73
54 2 0.41
54 7 0.41
54 8 0.71
54 10 0.26
54 14 0.88
54 15 0.79
16 54 0.25
17 54 0.29
18 54 0.17
54 20 0.25
21 54 0.12
22 54 0.07
54 26 0.26
29 54 0.32
30 54 0.51
31 54 0.77
54 32 0.48
54 33 0.8
54 34 0.67
54 35 0.22
54 36 0.41
54 39 0.09
43 54 0.41
54 44 0.39
54 45 0.41
47 54 0.2
48 54 0.2
49 54 0.57
51 54 0.09
54 52 0.41
53 54 0.31
54 62 6.0E-4
1 55 0.46
55 2 0.71
55 7 0.71
8 55 0.35
55 10 0.45
14 55 0.55
15 55 0.46
16 55 0.15
17 55 0.2
18 55 0.19
20 55 0.14
21 55 0.2
55 26 0.45
29 55 0.55
30 55 0.29
31 55 0.36
55 32 0.5
33 55 0.28
34 55 0.43
35 55 0.19
55 36 0.71
43 55 0.24
55 44 0.67
45 55 0.35
47 55 0.24
48 55 0.23
49 55 0.33
51 55 0.08
55 52 0.71
53 55 0.27
54 55 0.43
55 62 0.0013
1 56 0.51
56 2 0.63
56 7 0.63
8 56 0.32
56 10 0.4
14 56 0.5
15 56 0.51
16 56 0.16
17 56 0.18
18 56 0.17
20 56 0.13
21 56 0.18
56 26 0.4
29 56 0.37
30 56 0.33
31 56 0.54
56 32 0.6
33 56 0.25
34 56 0.39
35 56 0.34
56 36 0.63
43 56 0.27
56 44 0.4
45 56 0.32
47 56 0.21
48 56 0.21
49 56 0.37
51 56 0.07
56 52 0.63
53 56 0.36
54 56 0.52
56 55 0.67
56 62 0.0011
57 1 0.06
57 2 0.18
57 4 0.1
57 6 0.06
57 7 0.18
57 8 0.09
57 10 0.22
57 11 0.25
57 12 0.35
57 14 0.07
57 15 0.06
57 16 0.29
57 17 0.28
57 18 0.14
57 20 0.14
57 21 0.26
57 22 0.23
57 23 0.18
57 24 0.15
57 26 0.22
57 28 0.18
57 29 0.21
57 30 0.26
57 31 0.18
57 32 0.08
57 33 0.07
57 34 0.07
57 36 0.18
57 37 0.18
57 42 0.25
57 43 0.18
57 44 0.11
57 45 0.09
57 47 0.29
57 48 0.11
57 49 0.04
57 52 0.18
57 53 0.27
57 54 0.07
57 55 0.13
57 56 0.11
57 62 8.0E-4
4 58 0.2
10 58 0.45
58 12 0.71
16 58 0.07
17 58 0.1
18 58 0.19
22 58 0.23
23 58 0.71
24 58 0.3
30 58 0.15
42 58 0.5
53 58 0.27
57 58 0.25
62 58 0.0010
59 1 0.15
59 2 0.47
59 3 0.17
59 4 0.07
59 7 0.47
59 8 0.24
59 10 0.45
59 11 0.33
59 12 0.24
59 14 0.18
59 15 0.15
16 59 0.22
17 59 0.27
18 59 0.26
59 20 0.1
21 59 0.2
22 59 0.23
59 23 0.24
59 24 0.2
59 25 0.24
59 26 0.6
59 28 0.47
59 29 0.55
30 59 0.25
59 31 0.32
59 32 0.22
59 33 0.28
59 34 0.19
59 35 0.13
59 36 0.47
59 37 0.47
59 42 0.17
59 43 0.28
59 44 0.3
59 45 0.24
59 47 0.47
59 48 0.38
59 49 0.11
59 51 0.05
59 52 0.47
53 59 0.27
59 54 0.19
59 55 0.33
59 56 0.3
57 59 0.33
59 62 0.0022
3 60 0.17
4 60 0.07
5 60 0.16
6 60 0.09
16 60 0.22
17 60 0.17
18 60 0.06
20 60 0.1
22 60 0.31
30 60 0.15
60 38 0.24
60 39 0.11
60 40 0.15
60 41 0.17
43 60 0.04
46 60 0.14
47 60 0.24
48 60 0.08
49 60 0.05
51 60 0.05
62 60 1.0E-4
3 61 0.5
5 61 0.24
6 61 0.26
16 61 0.07
61 38 0.71
61 39 0.32
61 40 0.45
61 41 0.5
46 61 0.41
61 60 0.33
62 61 8.0E-4
