*Vertices  39
1 "LCD显示屏"
2 "显示器"
3 "LED灯"
4 "容器"
5 "处理器"
6 "荧光粉"
7 "发光荧光材料"
8 "柔性高分子材料"
9 "助剂"
10 "焊油墨"
11 "LED"
12 "二极管"
13 "玻璃"
14 "LED光源"
15 "塑料"
16 "铝基板"
17 "稀释剂"
18 "荧光体"
19 "发光体"
20 "硅橡胶"
21 "SiO2"
22 "半导体"
23 "电路板"
24 "Al2O3"
25 "客户"
26 "LED芯片"
27 "芯片"
28 "酸盐"
29 "硅油"
30 "Li"
31 "激光"
32 "洗墙灯"
33 "射灯"
34 "臭氧"
35 "屏幕"
36 "透镜"
37 "甲基"
38 "激发光"
39 "光膜"
*Arcs
39 1 9.0E-4
2 1 0.33
39 2 0.0022
3 1 0.04
3 2 0.08
39 3 7.0E-4
3 4 0.12
39 4 0.0013
5 1 0.09
5 2 0.26
5 3 0.14
5 39 5.0E-4
6 2 0.14
6 3 0.13
6 4 0.22
6 5 0.07
6 39 0.0030
7 2 0.13
7 3 0.21
7 4 0.2
7 5 0.07
7 6 0.54
7 39 0.0027
8 4 0.38
6 8 0.29
7 8 0.27
39 8 0.0067
2 9 0.18
3 9 0.08
9 4 0.27
6 9 0.41
7 9 0.38
9 8 0.71
39 9 0.0042
1 10 0.33
2 10 0.25
3 10 0.11
39 10 0.0042
11 1 0.22
11 2 0.29
11 3 0.67
11 4 0.19
11 5 0.28
11 6 0.25
11 7 0.28
11 8 0.07
11 9 0.1
11 10 0.07
11 39 8.0E-4
12 1 0.14
12 2 0.15
12 3 0.32
12 4 0.23
12 5 0.08
12 6 0.23
12 7 0.33
12 8 0.1
12 9 0.14
12 11 0.72
12 39 7.0E-4
13 2 0.19
13 3 0.27
13 5 0.15
13 6 0.11
13 7 0.1
13 11 0.38
13 12 0.27
13 39 5.0E-4
14 1 0.07
14 2 0.15
14 3 0.36
14 4 0.08
14 5 0.11
14 6 0.24
14 7 0.16
14 11 0.36
14 12 0.29
14 13 0.24
14 39 5.0E-4
15 2 0.17
15 3 0.28
15 4 0.17
15 5 0.12
15 6 0.2
15 7 0.18
15 8 0.23
15 9 0.32
15 11 0.32
15 12 0.28
15 13 0.35
15 14 0.14
15 39 0.0018
16 2 0.08
16 3 0.3
16 5 0.08
16 6 0.17
16 7 0.08
16 11 0.24
16 12 0.24
16 13 0.12
16 14 0.18
16 15 0.35
16 39 7.0E-4
2 17 0.14
17 4 0.22
6 17 0.17
7 17 0.15
17 8 0.58
17 9 0.41
11 17 0.13
12 17 0.18
13 17 0.22
14 17 0.12
15 17 0.13
39 17 0.0028
18 4 0.22
6 18 0.5
7 18 0.46
18 8 0.58
18 9 0.41
11 18 0.13
12 18 0.18
13 18 0.11
14 18 0.12
15 18 0.13
18 17 0.33
39 18 0.0028
19 2 0.09
19 3 0.21
19 5 0.1
19 6 0.22
19 7 0.2
19 11 0.19
19 12 0.23
19 13 0.15
19 14 0.23
19 15 0.09
19 16 0.11
19 18 0.22
19 39 0.0011
2 20 0.14
3 20 0.06
20 4 0.44
6 20 0.33
7 20 0.31
20 8 0.58
20 9 0.41
11 20 0.13
12 20 0.12
13 20 0.11
14 20 0.24
15 20 0.13
20 17 0.67
20 18 0.33
39 20 0.0030
2 21 0.07
3 21 0.12
21 4 0.21
6 21 0.32
7 21 0.52
21 8 0.28
21 9 0.39
11 21 0.27
12 21 0.31
13 21 0.16
14 21 0.11
15 21 0.19
21 17 0.16
21 18 0.32
19 21 0.1
21 20 0.16
39 21 0.0010
22 1 0.05
22 2 0.11
22 3 0.29
22 4 0.22
22 5 0.08
22 6 0.34
22 7 0.43
22 9 0.1
22 11 0.5
22 12 0.55
22 13 0.23
22 14 0.3
22 15 0.24
22 16 0.27
22 17 0.09
22 18 0.17
22 19 0.11
22 20 0.17
22 21 0.41
22 39 5.0E-4
23 1 0.2
23 2 0.26
23 3 0.4
23 4 0.08
23 5 0.11
23 6 0.12
23 7 0.16
23 10 0.2
23 11 0.36
23 12 0.17
23 13 0.39
23 14 0.17
23 15 0.19
23 16 0.06
23 17 0.12
23 19 0.23
23 20 0.12
23 21 0.06
23 22 0.15
23 39 0.0016
24 1 0.08
2 24 0.06
3 24 0.08
24 4 0.09
6 24 0.35
7 24 0.45
24 8 0.24
24 9 0.34
11 24 0.3
12 24 0.34
13 24 0.09
14 24 0.1
15 24 0.11
24 17 0.14
24 18 0.14
24 20 0.14
21 24 0.54
22 24 0.57
39 24 7.0E-4
25 1 0.14
2 25 0.2
3 25 0.22
5 25 0.21
6 25 0.12
7 25 0.11
25 9 0.29
25 10 0.41
11 25 0.18
12 25 0.08
13 25 0.08
14 25 0.08
15 25 0.09
19 25 0.15
21 25 0.11
22 25 0.12
23 25 0.17
24 25 0.1
39 25 0.0016
26 1 0.07
3 26 0.19
26 4 0.25
6 26 0.31
7 26 0.17
26 8 0.22
26 9 0.15
11 26 0.34
12 26 0.33
13 26 0.08
14 26 0.18
15 26 0.1
16 26 0.26
26 17 0.13
26 18 0.25
26 20 0.25
21 26 0.24
22 26 0.51
23 26 0.04
24 26 0.42
39 26 6.0E-4
27 1 0.24
2 27 0.27
3 27 0.3
27 4 0.14
5 27 0.12
6 27 0.35
7 27 0.35
27 8 0.12
27 9 0.17
11 27 0.62
12 27 0.58
13 27 0.21
14 27 0.22
15 27 0.11
16 27 0.22
27 17 0.21
27 18 0.21
19 27 0.09
27 20 0.21
27 21 0.4
22 27 0.6
23 27 0.22
27 24 0.46
27 25 0.1
27 26 0.55
39 27 4.0E-4
2 28 0.17
3 28 0.11
28 4 0.25
6 28 0.48
7 28 0.53
28 8 0.33
28 9 0.47
11 28 0.22
12 28 0.24
13 28 0.19
14 28 0.2
15 28 0.15
28 17 0.58
28 18 0.38
28 20 0.58
28 21 0.37
22 28 0.29
23 28 0.14
28 24 0.24
28 25 0.14
28 26 0.22
28 27 0.36
39 28 0.0014
29 4 0.38
6 29 0.29
7 29 0.27
29 8 1.0
29 9 0.71
11 29 0.07
12 29 0.1
15 29 0.23
29 17 0.58
29 18 0.58
29 20 0.58
21 29 0.28
24 29 0.24
26 29 0.22
27 29 0.12
28 29 0.33
39 29 0.0067
2 30 0.06
3 30 0.26
30 4 0.09
5 30 0.06
6 30 0.27
7 30 0.31
30 8 0.24
30 9 0.33
11 30 0.31
12 30 0.36
13 30 0.23
14 30 0.24
15 30 0.27
16 30 0.36
30 17 0.27
30 18 0.27
30 20 0.14
30 21 0.33
22 30 0.38
23 30 0.14
30 24 0.29
30 25 0.1
30 26 0.21
30 27 0.31
30 28 0.39
30 29 0.24
39 30 8.0E-4
31 1 0.09
31 2 0.2
31 3 0.12
31 5 0.14
31 6 0.23
31 7 0.21
31 10 0.27
31 11 0.28
31 12 0.24
31 13 0.21
31 14 0.16
31 15 0.18
31 16 0.08
31 19 0.1
31 21 0.3
31 22 0.39
31 23 0.11
31 24 0.45
31 25 0.11
31 26 0.12
31 27 0.26
31 30 0.19
31 39 0.0023
32 2 0.25
32 3 0.11
32 5 0.26
32 6 0.29
32 7 0.27
32 11 0.07
32 12 0.1
32 13 0.19
32 14 0.2
32 15 0.23
32 16 0.3
32 19 0.38
32 22 0.15
32 23 0.2
32 31 0.27
32 39 0.0046
33 2 0.1
33 3 0.27
33 5 0.11
33 6 0.12
33 7 0.11
33 11 0.18
33 12 0.21
33 13 0.16
33 14 0.17
33 15 0.28
33 16 0.37
33 19 0.31
33 22 0.24
33 23 0.17
33 25 0.17
33 27 0.05
33 30 0.19
33 31 0.11
33 32 0.41
33 39 0.0012
3 34 0.22
34 4 0.31
6 34 0.24
7 34 0.22
34 8 0.41
34 9 0.29
11 34 0.18
12 34 0.04
13 34 0.24
14 34 0.08
15 34 0.19
34 17 0.24
34 18 0.24
34 20 0.47
21 34 0.11
22 34 0.06
23 34 0.17
24 34 0.1
26 34 0.18
27 34 0.1
28 34 0.27
34 29 0.41
30 34 0.1
39 34 0.0015
1 35 0.17
2 35 0.13
3 35 0.06
4 35 0.1
5 35 0.07
7 35 0.14
35 10 0.26
11 35 0.28
12 35 0.18
13 35 0.15
15 35 0.18
16 35 0.08
21 35 0.21
22 35 0.27
23 35 0.16
24 35 0.25
25 35 0.11
26 35 0.23
27 35 0.25
31 35 0.14
39 35 7.0E-4
36 2 0.13
36 3 0.25
36 4 0.19
36 5 0.06
36 6 0.29
36 7 0.33
36 8 0.25
36 9 0.35
36 11 0.29
36 12 0.28
36 13 0.14
36 14 0.26
36 15 0.23
36 16 0.23
36 17 0.14
36 18 0.14
36 19 0.09
36 20 0.29
36 21 0.21
36 22 0.26
36 23 0.15
36 24 0.18
36 25 0.1
36 26 0.22
36 27 0.18
36 28 0.25
36 29 0.25
36 30 0.29
36 31 0.27
36 32 0.25
36 33 0.1
36 34 0.2
36 39 0.0022
37 1 0.1
2 37 0.14
3 37 0.06
37 4 0.22
6 37 0.33
7 37 0.23
37 8 0.29
37 9 0.41
11 37 0.25
12 37 0.23
13 37 0.11
14 37 0.12
15 37 0.13
37 17 0.5
37 18 0.17
37 20 0.5
21 37 0.16
22 37 0.38
23 37 0.12
24 37 0.49
37 25 0.12
26 37 0.38
27 37 0.38
28 37 0.58
37 29 0.29
30 37 0.27
31 37 0.08
37 34 0.24
37 35 0.15
36 37 0.29
39 37 0.0011
2 38 0.08
3 38 0.07
38 4 0.13
6 38 0.38
7 38 0.45
38 8 0.33
38 9 0.47
11 38 0.22
12 38 0.27
13 38 0.26
14 38 0.2
15 38 0.23
38 17 0.19
38 18 0.58
19 38 0.13
38 20 0.19
38 21 0.55
22 38 0.25
38 24 0.32
38 25 0.14
38 26 0.15
38 27 0.28
38 28 0.44
38 29 0.33
38 30 0.47
31 38 0.27
38 34 0.14
36 38 0.33
38 37 0.19
39 38 0.0013
