*Vertices  19
1 "LED灯"
2 "探头"
3 "发生器"
4 "保护层"
5 "变压器"
6 "加湿器"
7 "LED"
8 "玻璃"
9 "香薰托盘"
10 "LED光源"
11 "散热片"
12 "防音壁"
13 "电路板"
14 "涂层"
15 "离子"
16 "蒸发腔"
17 "臭氧"
18 "发光管"
19 "光触媒"
*Arcs
1 19 0.0060
1 2 0.05
2 19 0.0067
1 3 0.22
3 19 0.0101
1 4 0.11
4 19 0.0057
1 5 0.26
5 3 0.11
5 4 0.11
5 19 7.0E-4
1 6 0.11
2 6 0.5
19 6 0.02
7 1 0.67
7 2 0.15
7 3 0.15
7 4 0.15
7 5 0.34
7 6 0.07
7 19 0.0031
8 1 0.27
8 2 0.1
8 3 0.19
8 5 0.08
8 7 0.38
8 19 0.0021
1 9 0.11
2 9 0.5
9 6 1.0
7 9 0.07
19 9 0.02
10 1 0.36
10 2 0.1
10 5 0.09
10 7 0.36
10 8 0.24
10 19 6.0E-4
1 11 0.43
7 11 0.3
8 11 0.09
10 11 0.45
11 19 5.0E-4
1 12 0.11
4 12 0.5
7 12 0.07
19 12 0.0101
13 1 0.4
13 2 0.1
13 3 0.1
13 5 0.04
13 6 0.2
13 7 0.36
13 8 0.39
13 9 0.2
13 10 0.17
13 11 0.05
13 19 0.0058
1 14 0.11
14 3 0.25
14 4 0.25
14 5 0.11
7 14 0.15
8 14 0.1
10 14 0.1
14 12 0.5
13 14 0.1
14 19 0.0155
1 15 0.13
15 2 0.11
15 3 0.34
15 5 0.1
15 6 0.23
7 15 0.32
8 15 0.35
15 9 0.23
10 15 0.19
13 15 0.14
15 14 0.11
15 19 0.0084
1 16 0.11
2 16 0.5
16 6 1.0
7 16 0.07
16 9 1.0
13 16 0.2
15 16 0.23
19 16 0.02
1 17 0.22
17 3 0.61
5 17 0.09
7 17 0.18
8 17 0.24
10 17 0.08
13 17 0.17
14 17 0.2
15 17 0.28
17 19 0.0084
1 18 0.26
2 18 0.17
18 3 0.17
5 18 0.21
7 18 0.22
8 18 0.06
13 18 0.07
14 18 0.17
15 18 0.08
17 18 0.14
18 19 0.0016
