*Vertices  26
1 "衬底"
2 "荧光粉"
3 "GAN"
4 "LED外延片"
5 "外延片"
6 "外延"
7 "LED"
8 "二极管"
9 "缓冲层"
10 "半导体"
11 "Al2O3"
12 "MQW"
13 "ESD"
14 "ITO"
15 "LED芯片"
16 "芯片"
17 "Li"
18 "电极"
19 "接触层"
20 "电阻"
21 "激光"
22 "MOCVD"
23 "标准芯片工艺制作"
24 "空穴"
25 "甲基"
26 "内量子效率"
*Arcs
1 26 0.0050
2 1 0.13
2 26 0.0011
3 1 0.65
2 3 0.1
3 26 0.0040
4 1 0.65
2 4 0.1
4 3 0.75
4 26 0.0093
5 1 0.83
2 5 0.08
5 3 0.78
5 4 0.78
5 26 0.0069
6 1 0.95
2 6 0.13
6 3 0.65
6 4 0.65
6 5 0.83
6 26 0.0051
7 1 0.32
7 2 0.25
7 3 0.21
7 4 0.21
7 5 0.27
7 6 0.32
7 26 7.0E-4
8 1 0.37
8 2 0.23
8 3 0.25
8 4 0.22
8 5 0.31
8 6 0.37
8 7 0.72
8 26 5.0E-4
9 1 0.65
2 9 0.1
9 3 0.63
9 4 0.75
9 5 0.78
9 6 0.65
7 9 0.21
8 9 0.22
9 26 0.0091
10 1 0.64
10 2 0.34
10 3 0.42
10 4 0.42
10 5 0.53
10 6 0.64
10 7 0.5
10 8 0.55
10 9 0.42
10 26 0.0025
11 1 0.72
2 11 0.35
11 3 0.69
11 4 0.6
11 5 0.74
11 6 0.78
7 11 0.3
8 11 0.34
11 9 0.69
10 11 0.57
11 26 0.0055
12 1 0.64
2 12 0.16
12 3 0.78
12 4 0.69
12 5 0.77
12 6 0.7
7 12 0.27
8 12 0.31
12 9 0.59
10 12 0.53
11 12 0.67
12 26 0.0066
13 1 0.41
13 3 0.47
13 4 0.63
13 5 0.5
13 6 0.41
7 13 0.16
8 13 0.14
13 9 0.63
10 13 0.26
11 13 0.43
13 12 0.5
13 26 0.0041
1 14 0.66
2 14 0.08
3 14 0.61
4 14 0.61
5 14 0.72
6 14 0.73
7 14 0.25
8 14 0.26
9 14 0.51
10 14 0.47
11 14 0.7
12 14 0.64
13 14 0.26
14 26 0.0063
15 1 0.5
2 15 0.31
15 3 0.39
15 4 0.54
15 5 0.48
15 6 0.45
7 15 0.34
8 15 0.33
15 9 0.39
10 15 0.51
11 15 0.42
15 12 0.54
15 13 0.39
15 14 0.31
15 26 0.0017
16 1 0.49
2 16 0.35
16 3 0.34
16 4 0.34
16 5 0.43
16 6 0.49
7 16 0.62
8 16 0.58
16 9 0.34
10 16 0.6
16 11 0.46
16 12 0.43
16 13 0.27
16 14 0.38
16 15 0.55
16 26 0.0017
17 1 0.16
2 17 0.27
17 3 0.25
17 4 0.08
17 5 0.2
17 6 0.16
7 17 0.31
8 17 0.36
17 9 0.08
10 17 0.38
17 11 0.29
17 12 0.26
17 13 0.11
17 14 0.2
17 15 0.21
17 16 0.31
17 26 0.0010
18 1 0.72
2 18 0.09
18 3 0.46
18 4 0.46
18 5 0.59
18 6 0.72
7 18 0.45
8 18 0.55
18 9 0.46
10 18 0.56
11 18 0.56
18 12 0.55
18 13 0.29
18 14 0.57
15 18 0.39
16 18 0.57
17 18 0.12
18 26 0.0028
19 1 0.61
2 19 0.11
19 3 0.8
19 4 0.94
19 5 0.73
19 6 0.61
7 19 0.19
8 19 0.19
19 9 0.8
10 19 0.39
11 19 0.64
19 12 0.73
19 13 0.68
19 14 0.55
15 19 0.49
16 19 0.32
17 19 0.09
18 19 0.43
19 26 0.0102
20 1 0.11
2 20 0.05
20 3 0.17
20 4 0.11
20 5 0.13
20 6 0.11
7 20 0.45
8 20 0.51
20 9 0.06
10 20 0.19
11 20 0.12
20 12 0.18
20 13 0.07
20 14 0.14
15 20 0.11
16 20 0.47
17 20 0.11
20 18 0.51
20 19 0.12
20 26 4.0E-4
21 1 0.37
21 2 0.23
21 3 0.38
21 4 0.19
21 5 0.3
21 6 0.43
21 7 0.28
21 8 0.24
21 9 0.09
21 10 0.39
21 11 0.45
21 12 0.37
21 14 0.46
21 15 0.12
21 16 0.26
21 17 0.19
21 18 0.31
21 19 0.2
21 20 0.17
21 26 0.0013
22 1 0.73
2 22 0.08
22 3 0.71
22 4 0.61
22 5 0.88
22 6 0.79
7 22 0.25
8 22 0.29
22 9 0.82
10 22 0.51
11 22 0.77
22 12 0.8
22 13 0.52
22 14 0.67
15 22 0.38
16 22 0.41
17 22 0.2
18 22 0.57
22 19 0.65
20 22 0.09
21 22 0.31
22 26 0.0071
23 1 0.51
2 23 0.13
23 3 0.63
23 4 0.79
23 5 0.62
23 6 0.51
7 23 0.16
8 23 0.14
23 9 0.79
10 23 0.33
11 23 0.54
23 12 0.62
23 13 0.6
23 14 0.52
15 23 0.39
16 23 0.27
17 23 0.11
18 23 0.37
23 19 0.85
20 23 0.07
21 23 0.12
23 22 0.65
23 26 0.012
1 24 0.26
2 24 0.11
3 24 0.4
4 24 0.4
5 24 0.31
6 24 0.26
7 24 0.19
8 24 0.23
9 24 0.4
10 24 0.39
11 24 0.28
12 24 0.42
13 24 0.17
24 14 0.33
15 24 0.25
16 24 0.18
17 24 0.36
18 24 0.25
19 24 0.43
20 24 0.12
21 24 0.1
22 24 0.33
23 24 0.51
24 26 0.0028
25 1 0.33
2 25 0.33
25 3 0.41
25 4 0.51
25 5 0.4
25 6 0.33
7 25 0.25
8 25 0.23
25 9 0.51
10 25 0.38
11 25 0.49
25 12 0.4
25 13 0.39
25 14 0.33
15 25 0.38
16 25 0.38
17 25 0.27
18 25 0.24
25 19 0.55
20 25 0.05
21 25 0.08
25 22 0.42
25 23 0.52
25 24 0.33
25 26 0.0056
