*Vertices  15
1 "LED灯"
2 "电容"
3 "工质"
4 "热电分离"
5 "连接管"
6 "LED"
7 "通道"
8 "电子元器件"
9 "基板"
10 "散热片"
11 "散热器"
12 "LED芯片"
13 "芯片"
14 "散热腔"
15 "冷凝器"
*Arcs
1 15 0.0023
1 2 0.29
2 15 0.0034
1 3 0.19
2 3 0.12
3 15 0.0306
1 4 0.16
2 4 0.14
3 4 0.41
4 15 0.0366
1 5 0.16
2 5 0.14
3 5 0.82
5 4 0.5
5 15 0.0419
6 1 0.67
6 2 0.36
6 3 0.13
6 4 0.1
6 5 0.1
6 15 0.0011
1 7 0.22
2 7 0.12
7 3 0.33
7 4 0.2
7 5 0.41
6 7 0.25
7 15 0.0086
1 8 0.16
2 8 0.14
3 8 0.82
8 4 0.5
8 5 1.0
6 8 0.1
7 8 0.41
8 15 0.0419
1 9 0.27
2 9 0.29
3 9 0.41
9 4 0.25
9 5 0.5
6 9 0.21
7 9 0.2
9 8 0.5
9 15 0.0126
1 10 0.43
10 2 0.05
10 3 0.42
10 4 0.17
10 5 0.34
6 10 0.3
10 7 0.35
10 8 0.34
10 9 0.34
10 15 0.0068
1 11 0.44
11 2 0.19
11 3 0.41
11 4 0.33
11 5 0.33
6 11 0.31
11 7 0.2
11 8 0.33
11 9 0.5
11 10 0.63
11 15 0.0083
1 12 0.19
12 2 0.13
12 3 0.38
12 4 0.15
12 5 0.31
6 12 0.34
12 7 0.31
12 8 0.31
12 9 0.23
12 10 0.26
12 11 0.21
12 15 0.0055
1 13 0.3
13 2 0.37
13 3 0.21
13 4 0.08
13 5 0.17
6 13 0.62
13 7 0.24
13 8 0.17
13 9 0.13
13 10 0.17
13 11 0.14
13 12 0.55
13 15 0.0018
1 14 0.19
2 14 0.12
3 14 0.33
14 4 0.82
5 14 0.41
6 14 0.13
7 14 0.17
8 14 0.41
9 14 0.2
10 14 0.14
11 14 0.27
12 14 0.13
13 14 0.07
14 15 0.0265
