*Vertices  18
1 "LED灯"
2 "电容"
3 "开关"
4 "变压器"
5 "发光板"
6 "LED"
7 "二极管"
8 "整流二极管"
9 "稳压二极管"
10 "三极管"
11 "铝基板"
12 "放大器"
13 "芯片"
14 "电感"
15 "电极"
16 "电阻"
17 "发光管"
18 "功率因数校正"
*Arcs
1 18 0.0017
1 2 0.29
2 18 0.0051
1 3 0.37
3 2 0.42
3 18 0.0025
1 4 0.26
2 4 0.52
3 4 0.29
4 18 0.0053
1 5 0.16
2 5 0.2
3 5 0.14
4 5 0.21
5 18 0.0191
6 1 0.67
6 2 0.36
6 3 0.54
6 4 0.34
6 5 0.15
6 18 0.0011
7 1 0.32
7 2 0.39
7 3 0.46
7 4 0.39
7 5 0.15
7 6 0.72
7 18 0.0017
1 8 0.11
2 8 0.2
3 8 0.14
4 8 0.21
5 8 0.5
6 8 0.07
7 8 0.1
8 18 0.054
1 9 0.21
2 9 0.46
3 9 0.21
4 9 0.48
9 5 0.38
6 9 0.19
7 9 0.27
9 8 0.38
9 18 0.0127
1 10 0.2
10 2 0.61
3 10 0.37
10 4 0.49
10 5 0.23
6 10 0.32
7 10 0.42
10 8 0.23
10 9 0.26
10 18 0.0058
11 1 0.3
11 2 0.06
11 3 0.08
11 4 0.13
11 5 0.15
11 6 0.24
11 7 0.24
11 8 0.3
11 9 0.11
11 10 0.07
11 18 0.0073
1 12 0.09
2 12 0.33
3 12 0.11
4 12 0.26
12 5 0.2
6 12 0.18
7 12 0.17
12 8 0.41
12 9 0.15
10 12 0.28
11 12 0.12
12 18 0.0132
1 13 0.3
13 2 0.37
13 3 0.28
13 4 0.18
13 5 0.06
6 13 0.62
7 13 0.58
13 8 0.12
13 9 0.14
13 10 0.33
11 13 0.22
13 12 0.29
13 18 0.0018
1 14 0.25
2 14 0.54
3 14 0.36
4 14 0.4
14 5 0.38
6 14 0.19
7 14 0.23
14 8 0.38
14 9 0.43
10 14 0.43
11 14 0.11
12 14 0.31
13 14 0.18
14 18 0.0133
1 15 0.16
2 15 0.37
3 15 0.2
15 4 0.39
15 5 0.16
6 15 0.45
7 15 0.55
15 8 0.16
15 9 0.19
10 15 0.6
11 15 0.1
15 12 0.2
13 15 0.57
15 14 0.31
15 18 0.0030
1 16 0.3
16 2 0.73
3 16 0.46
16 4 0.55
16 5 0.16
6 16 0.45
7 16 0.51
16 8 0.16
16 9 0.43
16 10 0.71
11 16 0.05
16 12 0.26
13 16 0.47
16 14 0.43
16 15 0.51
16 18 0.0036
1 17 0.26
2 17 0.07
3 17 0.23
4 17 0.21
17 5 0.17
6 17 0.22
7 17 0.17
17 8 0.33
9 17 0.13
10 17 0.08
11 17 0.4
12 17 0.14
13 17 0.04
14 17 0.13
15 17 0.05
16 17 0.05
17 18 0.0086
