*Vertices  14
1 "LED灯"
2 "容器"
3 "开关"
4 "太阳能吸收板"
5 "LED"
6 "二极管"
7 "玻璃"
8 "电热丝"
9 "塑料"
10 "电加热器"
11 "滑动变阻器"
12 "太阳能"
13 "蓄电池"
14 "加热管"
*Arcs
1 14 0.0017
1 2 0.12
2 14 0.0131
1 3 0.37
3 2 0.21
3 14 0.0079
1 4 0.11
3 4 0.14
14 4 0.0375
5 1 0.67
5 2 0.19
5 3 0.54
5 4 0.07
5 14 0.0028
6 1 0.32
6 2 0.23
6 3 0.46
6 5 0.72
6 14 0.0014
7 1 0.27
7 3 0.18
7 4 0.19
7 5 0.38
7 6 0.27
7 14 0.0040
1 8 0.13
2 8 0.22
3 8 0.08
5 8 0.13
6 8 0.06
7 8 0.11
14 8 0.0273
9 1 0.28
9 2 0.17
9 3 0.16
9 5 0.32
9 6 0.28
9 7 0.35
9 8 0.26
9 14 0.0053
2 10 0.38
3 10 0.14
5 10 0.07
6 10 0.1
10 8 0.58
9 10 0.23
14 10 0.0548
11 2 0.27
3 11 0.19
5 11 0.1
6 11 0.14
11 8 0.41
9 11 0.16
11 10 0.71
11 14 0.0371
1 12 0.14
3 12 0.17
12 4 0.32
5 12 0.23
6 12 0.13
7 12 0.12
12 14 0.0092
1 13 0.23
13 2 0.2
3 13 0.28
13 4 0.26
5 13 0.28
6 13 0.18
7 13 0.1
13 12 0.57
13 14 0.0066
