*Vertices  33
1 "显示器"
2 "LED灯"
3 "容器"
4 "光膜"
5 "荧光粉"
6 "开关"
7 "发光荧光材料"
8 "柔性高分子材料"
9 "塑料光转换荧光粒料"
10 "聚合物树脂"
11 "LED"
12 "二极管"
13 "塑料"
14 "转换器"
15 "稀释剂"
16 "荧光体"
17 "硅橡胶"
18 "SiO2"
19 "半导体"
20 "Al2O3"
21 "客户"
22 "LED芯片"
23 "芯片"
24 "酸盐"
25 "硅油"
26 "硬脂酰胺"
27 "Li"
28 "液体石蜡"
29 "臭氧"
30 "透镜"
31 "甲基"
32 "激发光"
33 "助剂"
*Arcs
1 33 7.0E-4
2 1 0.08
2 33 2.0E-4
2 3 0.12
33 3 0.0013
4 1 0.29
4 2 0.13
4 3 0.22
4 33 0.0027
5 1 0.14
5 2 0.13
5 3 0.22
5 4 0.33
5 33 0.0034
1 6 0.07
2 6 0.37
6 3 0.21
5 6 0.08
6 33 2.0E-4
7 1 0.13
7 2 0.21
7 3 0.2
7 4 0.31
7 5 0.54
7 6 0.07
7 33 0.0030
8 3 0.38
4 8 0.58
5 8 0.29
7 8 0.27
33 8 0.0065
1 9 0.25
2 9 0.11
5 9 0.29
6 9 0.14
7 9 0.27
33 9 0.0078
1 10 0.25
2 10 0.11
5 10 0.29
6 10 0.14
7 10 0.27
10 9 1.0
10 33 0.0078
11 1 0.29
11 2 0.67
11 3 0.19
11 4 0.13
11 5 0.25
11 6 0.54
11 7 0.28
11 8 0.07
11 9 0.07
11 10 0.07
11 33 4.0E-4
12 1 0.15
12 2 0.32
12 3 0.23
12 4 0.12
12 5 0.23
12 6 0.46
12 7 0.33
12 8 0.1
12 9 0.1
12 10 0.1
12 11 0.72
12 33 6.0E-4
13 1 0.17
13 2 0.28
13 3 0.17
13 4 0.26
13 5 0.2
13 6 0.16
13 7 0.18
13 8 0.23
13 9 0.23
13 10 0.23
13 11 0.32
13 12 0.28
13 33 0.0019
1 14 0.15
2 14 0.1
5 14 0.09
6 14 0.25
7 14 0.08
14 9 0.3
14 10 0.3
11 14 0.24
12 14 0.21
13 14 0.21
14 33 9.0E-4
1 15 0.14
15 3 0.22
4 15 0.33
5 15 0.17
7 15 0.15
15 8 0.58
11 15 0.13
12 15 0.18
13 15 0.13
15 33 0.0028
16 3 0.22
4 16 0.33
5 16 0.5
7 16 0.46
16 8 0.58
11 16 0.13
12 16 0.18
13 16 0.13
16 15 0.33
16 33 0.0028
1 17 0.14
2 17 0.06
17 3 0.44
4 17 0.33
5 17 0.33
7 17 0.31
17 8 0.58
11 17 0.13
12 17 0.12
13 17 0.13
17 15 0.67
17 16 0.33
17 33 0.0029
1 18 0.07
2 18 0.12
18 3 0.21
4 18 0.16
5 18 0.32
18 6 0.04
7 18 0.52
18 8 0.28
18 9 0.28
18 10 0.28
11 18 0.27
12 18 0.31
13 18 0.19
18 14 0.08
18 15 0.16
18 16 0.32
18 17 0.16
18 33 0.0029
19 1 0.11
19 2 0.29
19 3 0.22
19 4 0.09
19 5 0.34
19 6 0.14
19 7 0.43
19 9 0.15
19 10 0.15
19 11 0.5
19 12 0.55
19 13 0.24
19 14 0.13
19 15 0.09
19 16 0.17
19 17 0.17
19 18 0.41
19 33 5.0E-4
1 20 0.06
2 20 0.08
20 3 0.09
4 20 0.14
5 20 0.35
20 6 0.03
7 20 0.45
20 8 0.24
20 9 0.24
20 10 0.24
11 20 0.3
12 20 0.34
13 20 0.11
20 14 0.07
20 15 0.14
20 16 0.14
20 17 0.14
18 20 0.54
19 20 0.57
20 33 0.0022
1 21 0.2
2 21 0.22
4 21 0.24
5 21 0.12
6 21 0.17
7 21 0.11
21 9 0.41
21 10 0.41
11 21 0.18
12 21 0.08
13 21 0.09
14 21 0.12
18 21 0.11
19 21 0.12
20 21 0.1
21 33 0.0016
2 22 0.19
22 3 0.25
4 22 0.13
5 22 0.31
22 6 0.03
7 22 0.17
22 8 0.22
11 22 0.34
12 22 0.33
13 22 0.1
22 15 0.13
22 16 0.25
22 17 0.25
18 22 0.24
19 22 0.51
20 22 0.42
22 33 5.0E-4
1 23 0.27
2 23 0.3
23 3 0.14
4 23 0.07
5 23 0.35
23 6 0.28
7 23 0.35
23 8 0.12
23 9 0.12
23 10 0.12
11 23 0.62
12 23 0.58
13 23 0.11
23 14 0.25
23 15 0.21
23 16 0.21
23 17 0.21
23 18 0.4
19 23 0.6
23 20 0.46
23 21 0.1
23 22 0.55
23 33 8.0E-4
1 24 0.17
2 24 0.11
24 3 0.25
4 24 0.19
5 24 0.48
24 6 0.05
7 24 0.53
24 8 0.33
24 9 0.33
24 10 0.33
11 24 0.22
12 24 0.24
13 24 0.15
24 14 0.1
24 15 0.58
24 16 0.38
24 17 0.58
24 18 0.37
19 24 0.29
24 20 0.24
24 21 0.14
24 22 0.22
24 23 0.36
24 33 0.0045
25 3 0.38
4 25 0.58
5 25 0.29
7 25 0.27
25 8 1.0
11 25 0.07
12 25 0.1
13 25 0.23
25 15 0.58
25 16 0.58
25 17 0.58
18 25 0.28
20 25 0.24
22 25 0.22
23 25 0.12
24 25 0.33
25 33 0.0065
1 26 0.25
2 26 0.11
5 26 0.29
6 26 0.14
7 26 0.27
26 9 1.0
26 10 1.0
11 26 0.07
12 26 0.1
13 26 0.23
14 26 0.3
18 26 0.28
19 26 0.15
20 26 0.24
26 21 0.41
23 26 0.12
24 26 0.33
26 33 0.0078
1 27 0.06
2 27 0.26
27 3 0.09
4 27 0.14
5 27 0.27
27 6 0.13
7 27 0.31
27 8 0.24
27 9 0.24
27 10 0.24
11 27 0.31
12 27 0.36
13 27 0.27
27 14 0.21
27 15 0.27
27 16 0.27
27 17 0.14
27 18 0.33
19 27 0.38
27 20 0.29
27 21 0.1
27 22 0.21
27 23 0.31
27 24 0.39
27 25 0.24
27 26 0.24
27 33 0.0022
1 28 0.25
2 28 0.11
5 28 0.29
6 28 0.14
7 28 0.27
28 9 1.0
28 10 1.0
11 28 0.07
12 28 0.1
13 28 0.23
14 28 0.3
18 28 0.28
19 28 0.15
20 28 0.24
28 21 0.41
23 28 0.12
24 28 0.33
28 26 1.0
27 28 0.24
28 33 0.0078
2 29 0.22
29 3 0.31
4 29 0.24
5 29 0.24
7 29 0.22
29 8 0.41
11 29 0.18
12 29 0.04
13 29 0.19
29 15 0.24
29 16 0.24
29 17 0.47
18 29 0.11
19 29 0.06
20 29 0.1
22 29 0.18
23 29 0.1
24 29 0.27
29 25 0.41
27 29 0.1
29 33 0.0014
30 1 0.13
30 2 0.25
30 3 0.19
30 4 0.29
30 5 0.29
30 6 0.07
30 7 0.33
30 8 0.25
30 9 0.25
30 10 0.25
30 11 0.29
30 12 0.28
30 13 0.23
30 14 0.15
30 15 0.14
30 16 0.14
30 17 0.29
30 18 0.21
30 19 0.26
30 20 0.18
30 21 0.1
30 22 0.22
30 23 0.18
30 24 0.25
30 25 0.25
30 26 0.25
30 27 0.29
30 28 0.25
30 29 0.2
30 33 0.0024
1 31 0.14
2 31 0.06
31 3 0.22
4 31 0.17
5 31 0.33
6 31 0.04
7 31 0.23
31 8 0.29
31 9 0.29
31 10 0.29
11 31 0.25
12 31 0.23
13 31 0.13
14 31 0.09
31 15 0.5
31 16 0.17
31 17 0.5
18 31 0.16
19 31 0.38
20 31 0.49
31 21 0.12
22 31 0.38
23 31 0.38
24 31 0.58
31 25 0.29
31 26 0.29
27 31 0.27
31 28 0.29
31 29 0.24
30 31 0.29
31 33 0.0033
1 32 0.08
2 32 0.07
32 3 0.13
4 32 0.19
5 32 0.38
32 6 0.05
7 32 0.45
32 8 0.33
32 9 0.33
32 10 0.33
11 32 0.22
12 32 0.27
13 32 0.23
32 14 0.2
32 15 0.19
32 16 0.58
32 17 0.19
32 18 0.55
19 32 0.25
32 20 0.32
32 21 0.14
32 22 0.15
32 23 0.28
32 24 0.44
32 25 0.33
32 26 0.33
32 27 0.47
32 28 0.33
32 29 0.14
30 32 0.33
32 31 0.19
32 33 0.0041
