*Vertices  167
1 "LED显示屏"
2 "LCD显示屏"
3 "显示器"
4 "衬底"
5 "LED灯罩"
6 "LED灯"
7 "滤波片"
8 "光纤"
9 "探头"
10 "电容"
11 "容器"
12 "光膜"
13 "传感器"
14 "处理器"
15 "单片机"
16 "叶片"
17 "荧光粉"
18 "反光杯"
19 "整流器"
20 "工质"
21 "开关"
22 "发光荧光材料"
23 "III-V族半导体材料"
24 "GAN"
25 "塑料光转换荧光粒料"
26 "助剂"
27 "次氯酸钠溶液"
28 "保护层"
29 "离子络合"
30 "PD"
31 "引发剂"
32 "聚合物树脂"
33 "模数转换集成块"
34 "硼酸"
35 "活性层"
36 "蓝膜"
37 "变压器"
38 "触摸屏"
39 "光纤耦合"
40 "阻燃塑料外壳"
41 "蒸镀方法"
42 "校准方法"
43 "AuSn"
44 "Au5Sn"
45 "EP"
46 "LED外延片"
47 "外延片"
48 "外延"
49 "LED"
50 "二极管"
51 "稳压二极管"
52 "三极管"
53 "掩膜"
54 "扩散剂"
55 "玻璃"
56 "通道"
57 "接收管"
58 "LED光源"
59 "塑料"
60 "腐蚀液"
61 "Au-Sn合金电镀液"
62 "缩水甘油"
63 "光电转换器件"
64 "转换器"
65 "铝基板"
66 "基板"
67 "导热板"
68 "缓冲层"
69 "导热陶瓷"
70 "探针"
71 "内量子效率"
72 "基座"
73 "滤光片"
74 "稀释剂"
75 "散热片"
76 "散热器"
77 "荧光体"
78 "发光体"
79 "硅橡胶"
80 "光刻胶"
81 "密封胶"
82 "填充区域"
83 "SiO2"
84 "放大器"
85 "电路板"
86 "Al2O3"
87 "NH4H2PO4"
88 "GaAs"
89 "MQW"
90 "ESD"
91 "ITO"
92 "GPIO"
93 "硅氧磷灰石"
94 "键合"
95 "客户"
96 "焊盘"
97 "含硅"
98 "光子晶体"
99 "金属银纳米粒子"
100 "太阳能"
101 "蓄电池"
102 "充电电池"
103 "光电池"
104 "LED芯片"
105 "芯片"
106 "金属层"
107 "涂层"
108 "电流扩展层"
109 "电抗器"
110 "充电器"
111 "存储器"
112 "酸盐"
113 "SrCO3"
114 "Eu2O3"
115 "亚硫酸"
116 "硝酸"
117 "Eu2"
118 "去离子水"
119 "硬脂酰胺"
120 "Li"
121 "液体石蜡"
122 "电感"
123 "离子"
124 "电极"
125 "接触层"
126 "电阻"
127 "基色"
128 "Au-Sn合金"
129 "Au-30at.％Sn合金"
130 "脉冲信号"
131 "光子晶体谐振腔"
132 "丙酮"
133 "激光"
134 "粘附层"
135 "超声波"
136 "真空吸盘"
137 "MOCVD"
138 "标准芯片工艺制作"
139 "湿法刻蚀"
140 "干法刻蚀"
141 "湿法腐蚀"
142 "空穴"
143 "玻璃体"
144 "洗墙灯"
145 "射灯"
146 "检测仪"
147 "臭氧"
148 "屏幕"
149 "聚光镜"
150 "透镜"
151 "透明导电层"
152 "反射层"
153 "发光层"
154 "吸液芯"
155 "甲基"
156 "扬声器"
157 "聚光帽"
158 "固定支架"
159 "激发光"
160 "发光管"
161 "提示仪"
162 "晶体闸流管"
163 "络合剂"
164 "导热柱"
165 "DMA"
166 "电流阻挡层"
167 "半导体"
*Arcs
167 1 0.0
2 1 0.21
167 2 0.0
3 1 0.08
3 2 0.33
167 3 0.0
4 2 0.08
167 4 0.0012
167 5 0.0
6 1 0.03
6 2 0.04
6 3 0.08
6 4 0.03
6 5 0.16
167 6 3.0E-4
4 7 0.32
167 7 2.0E-4
4 8 0.17
8 7 0.53
167 8 1.0E-4
6 9 0.05
9 8 0.38
167 9 0.0
6 10 0.29
167 10 1.0E-4
11 4 0.09
6 11 0.12
10 11 0.23
167 11 1.0E-4
12 2 0.19
12 3 0.29
12 6 0.13
12 11 0.22
167 12 0.0
2 13 0.13
3 13 0.25
6 13 0.13
13 8 0.23
13 9 0.2
10 13 0.08
167 13 0.0
14 1 0.16
14 2 0.09
14 3 0.26
14 6 0.14
14 8 0.1
14 9 0.26
14 10 0.05
14 12 0.15
14 13 0.36
167 14 0.0
15 1 0.07
15 2 0.08
3 15 0.52
6 15 0.13
15 10 0.19
15 13 0.28
14 15 0.24
167 15 0.0
1 16 0.45
6 16 0.08
167 16 0.0
17 1 0.09
17 3 0.14
17 4 0.13
17 6 0.13
17 11 0.22
17 12 0.33
17 14 0.07
17 15 0.07
167 17 3.0E-4
6 18 0.11
167 18 0.0
19 4 0.07
6 19 0.22
10 19 0.53
19 11 0.33
167 19 1.0E-4
6 20 0.19
10 20 0.12
167 20 0.0
21 1 0.04
21 2 0.14
3 21 0.07
6 21 0.37
21 10 0.42
21 11 0.21
21 13 0.19
14 21 0.21
21 15 0.19
17 21 0.08
21 19 0.2
167 21 1.0E-4
22 3 0.13
22 4 0.18
22 6 0.21
22 11 0.2
22 12 0.31
22 14 0.07
22 15 0.06
22 17 0.54
22 21 0.07
167 22 5.0E-4
4 23 0.32
23 7 1.0
8 23 0.53
167 23 2.0E-4
24 2 0.12
24 4 0.65
6 24 0.04
24 7 0.5
24 8 0.27
17 24 0.1
19 24 0.1
24 23 0.5
167 24 5.0E-4
3 25 0.25
6 25 0.11
17 25 0.29
21 25 0.14
22 25 0.27
167 25 1.0E-4
3 26 0.18
6 26 0.08
26 11 0.27
12 26 0.41
17 26 0.41
21 26 0.1
22 26 0.38
26 25 0.71
167 26 1.0E-4
4 27 0.32
167 27 1.0E-4
4 28 0.23
6 28 0.11
17 28 0.14
19 28 0.14
22 28 0.13
24 28 0.18
167 28 1.0E-4
167 29 1.0E-4
3 30 0.11
4 30 0.21
30 7 0.63
30 8 0.68
30 9 0.22
30 13 0.27
14 30 0.12
30 23 0.63
24 30 0.32
167 30 2.0E-4
3 31 0.18
167 31 0.0
3 32 0.25
6 32 0.11
17 32 0.29
21 32 0.14
22 32 0.27
32 25 1.0
32 26 0.71
167 32 1.0E-4
6 33 0.11
10 33 0.2
21 33 0.14
167 33 1.0E-4
3 34 0.13
6 34 0.11
34 11 0.19
17 34 0.29
22 34 0.4
34 31 0.35
167 34 1.0E-4
4 35 0.23
22 35 0.27
28 35 0.5
167 35 1.0E-4
4 36 0.32
11 36 0.27
167 36 1.0E-4
37 1 0.07
3 37 0.11
37 4 0.05
6 37 0.26
10 37 0.52
37 11 0.24
37 13 0.04
15 37 0.05
17 37 0.06
37 19 0.68
21 37 0.29
37 24 0.08
37 28 0.11
37 31 0.15
34 37 0.11
167 37 1.0E-4
21 38 0.14
167 38 0.0
8 39 0.53
13 39 0.14
30 39 0.32
167 39 0.0
6 40 0.11
21 40 0.14
37 40 0.21
167 40 0.0
4 41 0.32
22 41 0.38
167 41 1.0E-4
167 42 0.0
43 29 1.0
167 43 1.0E-4
44 29 1.0
44 43 1.0
167 44 1.0E-4
3 45 0.07
45 4 0.12
6 45 0.12
45 10 0.11
45 11 0.1
14 45 0.14
45 15 0.06
17 45 0.39
45 19 0.08
45 21 0.11
22 45 0.29
45 27 0.19
45 28 0.13
45 31 0.38
45 34 0.4
45 36 0.19
45 37 0.11
167 45 2.0E-4
46 2 0.12
46 4 0.65
6 46 0.04
17 46 0.1
19 46 0.1
46 24 0.75
46 28 0.18
37 46 0.08
167 46 5.0E-4
47 2 0.09
47 4 0.83
6 47 0.03
47 7 0.39
47 8 0.21
17 47 0.08
19 47 0.08
22 47 0.15
47 23 0.39
47 24 0.78
47 27 0.2
47 28 0.14
47 30 0.25
37 47 0.06
47 41 0.39
45 47 0.07
47 46 0.78
167 47 9.0E-4
48 2 0.08
48 4 0.95
6 48 0.05
48 7 0.32
48 8 0.17
17 48 0.13
19 48 0.07
22 48 0.25
48 23 0.32
48 24 0.65
48 27 0.32
48 28 0.23
48 30 0.21
48 35 0.23
48 36 0.16
37 48 0.05
48 41 0.32
45 48 0.06
48 46 0.65
48 47 0.83
167 48 0.0011
49 1 0.23
49 2 0.22
49 3 0.29
49 4 0.32
49 5 0.1
49 6 0.67
49 7 0.1
49 8 0.19
49 9 0.15
49 10 0.36
49 11 0.19
49 12 0.13
49 13 0.37
49 14 0.28
49 15 0.32
49 16 0.1
49 17 0.25
49 18 0.07
49 19 0.25
49 20 0.13
49 21 0.54
49 22 0.28
49 23 0.1
49 24 0.21
49 25 0.07
49 26 0.1
49 27 0.1
49 28 0.15
49 29 0.07
49 30 0.16
49 31 0.1
49 32 0.07
49 33 0.07
49 34 0.15
49 35 0.07
49 36 0.1
49 37 0.34
49 38 0.07
49 39 0.1
49 40 0.07
49 41 0.1
49 42 0.07
49 43 0.07
49 44 0.07
49 45 0.28
49 46 0.21
49 47 0.27
49 48 0.32
167 49 9.0E-4
50 1 0.06
50 2 0.14
50 3 0.15
50 4 0.37
50 5 0.07
50 6 0.32
50 7 0.14
50 8 0.23
50 9 0.05
50 10 0.39
50 11 0.23
50 12 0.12
50 13 0.2
50 14 0.08
50 15 0.16
50 17 0.23
50 18 0.1
50 19 0.35
50 20 0.12
50 21 0.46
50 22 0.33
50 23 0.14
50 24 0.25
50 25 0.1
50 26 0.14
50 27 0.14
50 28 0.1
50 29 0.1
50 30 0.18
50 31 0.14
50 32 0.1
50 33 0.1
50 34 0.1
50 35 0.1
50 36 0.14
50 37 0.39
50 39 0.14
50 40 0.1
50 41 0.14
50 42 0.1
50 43 0.1
50 44 0.1
50 45 0.22
50 46 0.22
50 47 0.31
50 48 0.37
50 49 0.72
167 50 0.0010
2 51 0.13
6 51 0.21
10 51 0.46
11 51 0.14
13 51 0.08
14 51 0.1
19 51 0.55
21 51 0.21
37 51 0.48
45 51 0.1
49 51 0.19
50 51 0.27
167 51 0.0
52 2 0.08
3 52 0.06
6 52 0.2
52 10 0.61
52 11 0.17
52 13 0.05
15 52 0.16
52 19 0.4
21 52 0.37
22 52 0.06
52 33 0.23
52 37 0.49
45 52 0.06
49 52 0.32
50 52 0.42
52 51 0.26
167 52 0.0
4 53 0.23
6 53 0.11
19 53 0.29
24 53 0.35
28 53 0.5
37 53 0.21
46 53 0.35
47 53 0.28
48 53 0.23
49 53 0.07
50 53 0.1
167 53 1.0E-4
6 54 0.16
11 54 0.27
17 54 0.2
22 54 0.38
34 54 0.35
49 54 0.1
50 54 0.07
167 54 1.0E-4
55 1 0.18
55 3 0.19
55 4 0.13
55 6 0.27
55 7 0.27
55 8 0.29
55 9 0.1
55 10 0.08
55 12 0.11
55 13 0.12
55 14 0.15
55 15 0.22
55 16 0.27
55 17 0.11
55 21 0.18
55 22 0.1
55 23 0.27
55 24 0.14
55 27 0.14
55 30 0.34
55 31 0.27
55 34 0.19
55 37 0.08
55 39 0.14
55 45 0.21
55 47 0.16
55 48 0.13
55 49 0.38
55 50 0.27
55 52 0.09
167 55 2.0E-4
3 56 0.07
56 4 0.2
6 56 0.22
56 7 0.2
56 8 0.11
10 56 0.12
56 13 0.12
15 56 0.07
56 20 0.33
21 56 0.04
56 23 0.2
56 24 0.31
56 30 0.13
56 46 0.2
56 47 0.24
56 48 0.2
49 56 0.25
50 56 0.23
52 56 0.07
55 56 0.11
167 56 1.0E-4
2 57 0.19
3 57 0.14
6 57 0.13
10 57 0.24
13 57 0.12
15 57 0.13
21 57 0.24
57 33 0.58
49 57 0.13
50 57 0.18
52 57 0.4
55 57 0.11
56 57 0.17
167 57 0.0
58 2 0.07
58 3 0.15
58 4 0.09
58 6 0.36
58 7 0.29
58 8 0.15
58 9 0.1
58 10 0.04
58 11 0.08
58 12 0.12
58 13 0.04
58 14 0.11
58 15 0.09
58 17 0.24
58 19 0.06
58 20 0.12
58 21 0.06
58 22 0.16
58 23 0.29
58 24 0.14
58 30 0.18
58 31 0.14
58 34 0.31
58 37 0.09
58 45 0.22
58 47 0.11
58 48 0.09
58 49 0.36
58 50 0.29
58 51 0.08
58 52 0.09
58 54 0.14
58 55 0.24
58 56 0.18
58 57 0.12
167 58 2.0E-4
59 1 0.07
59 3 0.17
59 4 0.05
59 5 0.16
59 6 0.28
59 8 0.17
59 9 0.11
59 11 0.17
59 12 0.26
59 13 0.18
59 14 0.12
59 15 0.05
59 16 0.16
59 17 0.2
59 21 0.16
59 22 0.18
59 25 0.23
59 26 0.32
59 27 0.16
59 30 0.21
59 32 0.23
59 37 0.05
59 39 0.16
59 40 0.23
59 45 0.06
59 47 0.06
59 48 0.05
59 49 0.32
59 50 0.28
59 55 0.35
59 56 0.13
59 58 0.14
167 59 2.0E-4
4 60 0.56
6 60 0.04
11 60 0.15
19 60 0.12
24 60 0.14
60 27 0.58
28 60 0.2
60 36 0.29
37 60 0.09
45 60 0.22
46 60 0.29
47 60 0.34
48 60 0.47
49 60 0.18
50 60 0.25
60 53 0.41
55 60 0.08
59 60 0.09
167 60 3.0E-4
61 29 1.0
61 43 1.0
61 44 1.0
49 61 0.07
50 61 0.1
167 61 1.0E-4
3 62 0.18
62 31 1.0
34 62 0.35
37 62 0.15
45 62 0.38
49 62 0.1
50 62 0.14
55 62 0.27
58 62 0.14
167 62 0.0
63 8 0.53
63 9 0.35
63 13 0.28
63 30 0.63
63 39 0.5
49 63 0.1
50 63 0.14
55 63 0.27
59 63 0.32
167 63 0.0
64 1 0.1
64 2 0.2
3 64 0.15
6 64 0.1
64 8 0.23
64 9 0.15
10 64 0.25
64 13 0.3
14 64 0.16
15 64 0.14
17 64 0.09
21 64 0.25
22 64 0.08
64 25 0.3
64 26 0.21
64 30 0.27
64 32 0.3
64 33 0.3
37 64 0.06
64 39 0.21
45 64 0.08
49 64 0.24
50 64 0.21
64 51 0.11
52 64 0.14
55 64 0.12
64 57 0.17
59 64 0.21
64 63 0.43
167 64 1.0E-4
65 3 0.08
65 4 0.07
65 5 0.21
65 6 0.3
65 10 0.06
65 12 0.17
65 14 0.08
65 17 0.17
65 20 0.17
65 21 0.08
65 22 0.08
65 27 0.21
65 28 0.15
65 37 0.13
65 40 0.3
65 45 0.16
65 47 0.08
65 48 0.07
65 49 0.24
65 50 0.24
65 51 0.11
65 52 0.07
65 55 0.12
65 56 0.26
65 58 0.18
65 59 0.35
65 60 0.12
167 65 2.0E-4
4 66 0.08
6 66 0.27
10 66 0.29
17 66 0.1
19 66 0.31
20 66 0.41
37 66 0.23
48 66 0.08
49 66 0.21
50 66 0.14
51 66 0.4
56 66 0.2
58 66 0.07
167 66 0.0
6 67 0.16
67 18 0.71
49 67 0.1
50 67 0.07
67 56 0.2
58 67 0.14
65 67 0.21
167 67 0.0
68 2 0.12
68 4 0.65
17 68 0.1
22 68 0.19
68 24 0.63
68 41 0.5
68 46 0.75
68 47 0.78
68 48 0.65
49 68 0.21
50 68 0.22
68 56 0.2
167 68 5.0E-4
6 69 0.11
49 69 0.07
50 69 0.1
56 69 0.29
59 69 0.23
65 69 0.3
167 69 1.0E-4
70 8 0.27
70 9 0.35
70 13 0.14
70 30 0.32
70 42 0.71
49 70 0.1
50 70 0.14
55 70 0.14
59 70 0.16
70 63 0.5
64 70 0.21
167 70 0.0
4 71 0.32
17 71 0.2
24 71 0.25
46 71 0.5
47 71 0.39
48 71 0.32
49 71 0.1
50 71 0.07
68 71 0.5
167 71 1.0E-4
6 72 0.22
11 72 0.19
17 72 0.14
20 72 0.29
22 72 0.13
34 72 0.25
49 72 0.15
50 72 0.15
72 54 0.35
56 72 0.43
58 72 0.1
59 72 0.11
65 72 0.3
66 72 0.18
72 69 0.5
167 72 1.0E-4
2 73 0.15
3 73 0.11
4 73 0.21
73 7 0.63
73 8 0.68
73 9 0.22
73 13 0.09
15 73 0.1
21 73 0.06
73 23 0.63
24 73 0.32
73 30 0.6
73 39 0.32
47 73 0.25
48 73 0.21
49 73 0.16
50 73 0.23
52 73 0.1
55 73 0.26
56 73 0.13
73 57 0.26
58 73 0.27
59 73 0.1
73 63 0.32
64 73 0.13
73 70 0.32
167 73 1.0E-4
3 74 0.14
74 11 0.22
12 74 0.33
17 74 0.17
22 74 0.15
74 26 0.41
74 31 0.82
34 74 0.29
37 74 0.12
45 74 0.31
49 74 0.13
50 74 0.18
55 74 0.22
58 74 0.12
59 74 0.13
74 62 0.82
167 74 0.0
6 75 0.43
75 10 0.05
75 18 0.24
75 20 0.42
75 21 0.07
49 75 0.3
50 75 0.22
55 75 0.09
75 56 0.35
58 75 0.45
59 75 0.11
65 75 0.29
75 66 0.34
75 67 0.34
75 72 0.24
167 75 0.0
6 76 0.44
76 10 0.19
76 18 0.24
76 19 0.2
76 20 0.41
76 37 0.15
49 76 0.31
50 76 0.24
76 51 0.27
55 76 0.05
76 56 0.2
58 76 0.34
59 76 0.05
65 76 0.21
76 66 0.5
76 67 0.33
76 72 0.12
76 75 0.63
167 76 1.0E-4
77 11 0.22
12 77 0.33
17 77 0.5
22 77 0.46
77 26 0.41
34 77 0.29
45 77 0.31
49 77 0.13
50 77 0.18
55 77 0.11
58 77 0.12
59 77 0.13
77 74 0.33
167 77 1.0E-4
78 3 0.09
78 6 0.21
78 10 0.08
78 12 0.22
78 13 0.08
78 14 0.1
78 17 0.22
78 21 0.1
78 22 0.2
78 45 0.1
78 49 0.19
78 50 0.23
78 52 0.09
78 55 0.15
78 56 0.11
78 57 0.22
78 58 0.23
78 59 0.09
78 65 0.11
78 75 0.09
78 76 0.09
78 77 0.22
167 78 0.0
3 79 0.14
6 79 0.06
79 11 0.44
12 79 0.33
17 79 0.33
22 79 0.31
79 26 0.41
79 31 0.41
34 79 0.58
37 79 0.12
45 79 0.15
49 79 0.13
50 79 0.12
79 54 0.41
55 79 0.11
58 79 0.24
59 79 0.13
79 62 0.41
79 72 0.29
79 74 0.67
79 77 0.33
167 79 1.0E-4
4 80 0.46
6 80 0.05
19 80 0.14
24 80 0.18
80 27 0.35
28 80 0.25
37 80 0.11
45 80 0.13
46 80 0.35
47 80 0.42
48 80 0.46
49 80 0.15
50 80 0.2
80 53 0.5
55 80 0.1
59 80 0.11
60 80 0.82
65 80 0.15
167 80 2.0E-4
81 1 0.16
6 81 0.22
81 16 0.35
21 81 0.07
49 81 0.15
50 81 0.05
55 81 0.1
56 81 0.29
58 81 0.1
59 81 0.11
65 81 0.3
67 81 0.35
81 69 0.5
81 72 0.25
75 81 0.24
76 81 0.12
167 81 1.0E-4
4 82 0.23
27 82 0.71
45 82 0.27
47 82 0.28
48 82 0.23
49 82 0.07
50 82 0.1
55 82 0.19
59 82 0.23
60 82 0.41
65 82 0.3
80 82 0.5
167 82 1.0E-4
83 1 0.09
3 83 0.07
83 4 0.38
6 83 0.12
83 7 0.39
83 8 0.21
83 11 0.21
12 83 0.16
83 16 0.2
17 83 0.32
83 19 0.08
83 21 0.04
22 83 0.52
83 23 0.39
83 24 0.29
83 25 0.28
83 26 0.39
83 28 0.14
83 30 0.25
83 32 0.28
83 34 0.14
83 36 0.2
83 37 0.06
83 41 0.2
83 45 0.3
83 46 0.2
83 47 0.38
83 48 0.38
49 83 0.27
50 83 0.31
83 53 0.28
55 83 0.16
83 56 0.08
58 83 0.11
59 83 0.19
83 60 0.34
83 64 0.08
83 68 0.1
83 73 0.25
83 74 0.16
83 77 0.32
78 83 0.1
83 79 0.16
83 80 0.28
167 83 6.0E-4
84 1 0.13
3 84 0.2
6 84 0.09
10 84 0.33
84 13 0.08
14 84 0.11
15 84 0.28
19 84 0.12
21 84 0.11
84 33 0.41
37 84 0.26
49 84 0.18
50 84 0.17
84 51 0.15
52 84 0.28
84 57 0.24
84 64 0.25
65 84 0.12
167 84 0.0
85 1 0.13
85 2 0.2
85 3 0.26
85 6 0.4
85 9 0.1
85 10 0.13
85 11 0.08
85 12 0.24
85 13 0.08
85 14 0.11
85 15 0.14
85 16 0.29
85 17 0.12
85 21 0.14
85 22 0.16
85 31 0.14
85 34 0.1
85 37 0.04
85 45 0.05
85 49 0.36
85 50 0.17
85 52 0.19
85 54 0.29
85 55 0.39
85 56 0.06
85 57 0.24
85 58 0.17
85 59 0.19
85 62 0.14
85 65 0.06
85 72 0.1
85 73 0.09
85 74 0.12
85 75 0.05
85 76 0.1
85 78 0.23
85 79 0.12
85 81 0.1
85 83 0.06
85 167 1.0E-4
86 2 0.08
3 86 0.06
86 4 0.72
6 86 0.08
86 7 0.34
86 8 0.18
86 11 0.09
12 86 0.14
17 86 0.35
86 19 0.07
86 21 0.03
22 86 0.45
86 23 0.34
86 24 0.69
86 25 0.24
86 26 0.34
86 28 0.24
86 30 0.22
86 32 0.24
86 35 0.24
86 37 0.05
86 41 0.34
45 86 0.06
86 46 0.6
86 47 0.74
86 48 0.78
49 86 0.3
50 86 0.34
86 53 0.24
55 86 0.09
86 56 0.21
58 86 0.1
59 86 0.11
86 60 0.1
86 64 0.07
86 66 0.09
86 68 0.69
86 71 0.34
86 73 0.22
86 74 0.14
86 77 0.14
86 79 0.14
86 80 0.12
83 86 0.54
167 86 0.0010
17 87 0.29
22 87 0.27
45 87 0.27
49 87 0.07
50 87 0.1
77 87 0.58
78 87 0.38
83 87 0.28
167 87 0.0
4 88 0.61
6 88 0.04
88 7 0.47
88 8 0.25
17 88 0.1
22 88 0.18
88 23 0.47
24 88 0.24
88 27 0.47
88 30 0.3
36 88 0.24
88 41 0.24
45 88 0.09
47 88 0.37
48 88 0.69
49 88 0.22
50 88 0.27
55 88 0.19
56 88 0.1
58 88 0.14
59 88 0.08
60 88 0.41
65 88 0.1
88 66 0.12
68 88 0.12
88 73 0.3
88 80 0.33
88 82 0.33
83 88 0.37
86 88 0.4
167 88 5.0E-4
89 2 0.09
89 4 0.64
6 89 0.09
89 7 0.39
89 8 0.21
10 89 0.06
17 89 0.16
19 89 0.16
21 89 0.04
22 89 0.15
89 23 0.39
89 24 0.78
89 27 0.2
89 28 0.14
89 30 0.25
34 89 0.14
37 89 0.12
45 89 0.22
89 46 0.69
89 47 0.77
89 48 0.7
49 89 0.27
50 89 0.31
89 51 0.1
52 89 0.06
89 53 0.28
55 89 0.21
89 56 0.24
58 89 0.23
59 89 0.06
89 60 0.23
65 89 0.08
89 68 0.59
89 71 0.39
89 73 0.25
77 89 0.16
89 80 0.28
89 82 0.28
83 89 0.31
86 89 0.67
89 88 0.37
167 89 8.0E-4
90 4 0.41
10 90 0.09
90 13 0.09
15 90 0.1
21 90 0.06
90 24 0.47
90 46 0.63
90 47 0.5
90 48 0.41
49 90 0.16
50 90 0.14
90 56 0.26
64 90 0.13
90 68 0.63
90 71 0.32
86 90 0.43
90 89 0.5
167 90 2.0E-4
91 2 0.19
3 91 0.07
4 91 0.66
6 91 0.06
91 7 0.41
91 8 0.22
17 91 0.08
19 91 0.08
22 91 0.23
91 23 0.41
24 91 0.61
91 28 0.29
91 30 0.26
91 35 0.29
37 91 0.06
91 41 0.2
46 91 0.61
47 91 0.72
48 91 0.73
49 91 0.25
50 91 0.26
91 53 0.29
55 91 0.11
56 91 0.08
58 91 0.12
91 60 0.24
68 91 0.51
91 71 0.41
91 73 0.26
91 80 0.29
83 91 0.4
86 91 0.7
91 88 0.29
89 91 0.64
90 91 0.26
167 91 7.0E-4
92 2 0.19
3 92 0.14
6 92 0.06
10 92 0.12
14 92 0.15
15 92 0.13
21 92 0.24
92 38 0.58
45 92 0.15
49 92 0.13
50 92 0.06
52 92 0.13
92 57 0.33
58 92 0.12
92 73 0.26
85 92 0.12
167 92 0.0
17 93 0.29
22 93 0.27
45 93 0.27
49 93 0.07
50 93 0.1
77 93 0.58
78 93 0.38
83 93 0.28
93 87 1.0
167 93 0.0
4 94 0.26
6 94 0.04
94 8 0.14
94 9 0.19
10 94 0.08
94 13 0.08
15 94 0.09
17 94 0.22
22 94 0.2
94 27 0.27
94 28 0.19
94 30 0.17
94 41 0.27
45 94 0.1
47 94 0.1
48 94 0.35
49 94 0.19
50 94 0.19
55 94 0.07
59 94 0.09
94 60 0.15
94 63 0.27
64 94 0.11
65 94 0.11
94 66 0.13
68 94 0.13
94 70 0.27
94 73 0.17
83 94 0.21
84 94 0.15
86 94 0.28
94 88 0.5
89 94 0.1
91 94 0.11
167 94 2.0E-4
95 2 0.14
3 95 0.2
6 95 0.22
95 9 0.2
10 95 0.17
12 95 0.24
95 13 0.24
14 95 0.21
17 95 0.12
21 95 0.17
22 95 0.11
95 25 0.41
95 26 0.29
95 32 0.41
45 95 0.11
49 95 0.18
50 95 0.08
52 95 0.09
55 95 0.08
95 56 0.12
95 57 0.24
58 95 0.08
59 95 0.09
64 95 0.12
78 95 0.15
83 95 0.11
85 95 0.17
86 95 0.1
92 95 0.24
167 95 0.0
6 96 0.06
10 96 0.12
17 96 0.17
19 96 0.17
21 96 0.08
96 28 0.29
96 29 0.58
37 96 0.12
96 43 0.58
96 44 0.58
45 96 0.31
49 96 0.13
50 96 0.12
96 51 0.22
52 96 0.13
58 96 0.12
96 61 0.58
65 96 0.17
96 89 0.16
96 94 0.22
167 96 1.0E-4
3 97 0.25
97 31 0.71
34 97 0.5
37 97 0.21
45 97 0.27
49 97 0.07
50 97 0.1
55 97 0.19
58 97 0.2
97 62 0.71
74 97 0.58
79 97 0.58
167 97 0.0
4 98 0.32
98 7 1.0
8 98 0.53
98 23 1.0
24 98 0.5
30 98 0.63
47 98 0.39
48 98 0.32
49 98 0.1
50 98 0.14
55 98 0.27
56 98 0.2
58 98 0.29
73 98 0.63
83 98 0.39
86 98 0.34
88 98 0.47
89 98 0.39
91 98 0.41
167 98 2.0E-4
17 99 0.29
22 99 0.27
34 99 0.5
45 99 0.27
49 99 0.07
50 99 0.1
55 99 0.19
58 99 0.2
77 99 0.58
89 99 0.28
167 99 1.0E-4
100 1 0.2
4 100 0.07
6 100 0.14
8 100 0.12
9 100 0.16
10 100 0.06
14 100 0.08
17 100 0.09
21 100 0.17
24 100 0.11
37 100 0.07
46 100 0.11
47 100 0.09
48 100 0.07
49 100 0.23
50 100 0.13
52 100 0.07
55 100 0.12
56 100 0.09
68 100 0.11
85 100 0.06
86 100 0.08
89 100 0.09
90 100 0.14
167 100 0.0
101 1 0.16
6 101 0.23
101 9 0.13
10 101 0.11
101 11 0.2
101 13 0.05
14 101 0.07
17 101 0.07
101 19 0.3
21 101 0.28
101 37 0.28
49 101 0.28
50 101 0.18
52 101 0.18
55 101 0.1
58 101 0.05
101 95 0.11
101 100 0.57
167 101 0.0
6 102 0.11
8 102 0.19
9 102 0.25
10 102 0.2
14 102 0.13
21 102 0.2
102 33 0.5
49 102 0.15
50 102 0.1
52 102 0.23
102 57 0.29
64 102 0.15
84 102 0.2
85 102 0.1
102 100 0.32
167 102 0.0
103 8 0.38
103 9 0.5
103 13 0.3
14 103 0.13
103 30 0.45
103 39 0.35
49 103 0.15
50 103 0.15
55 103 0.19
58 103 0.2
59 103 0.23
103 63 0.71
64 103 0.3
103 70 0.35
103 73 0.22
94 103 0.19
95 103 0.2
101 103 0.13
167 103 0.0
104 2 0.07
104 4 0.5
6 104 0.19
104 10 0.13
104 11 0.25
12 104 0.13
104 15 0.05
17 104 0.31
104 18 0.22
104 19 0.13
104 20 0.38
104 21 0.03
22 104 0.17
104 24 0.39
104 26 0.15
104 27 0.15
104 28 0.22
34 104 0.22
104 36 0.15
104 37 0.09
45 104 0.29
104 46 0.54
104 47 0.48
104 48 0.45
49 104 0.34
50 104 0.33
104 51 0.08
104 52 0.05
104 53 0.22
104 54 0.15
55 104 0.08
104 56 0.31
58 104 0.18
59 104 0.1
104 60 0.36
65 104 0.26
104 66 0.23
104 67 0.15
104 68 0.39
104 71 0.15
104 72 0.33
104 74 0.13
104 75 0.26
104 76 0.21
104 77 0.25
104 79 0.25
104 80 0.33
104 82 0.22
83 104 0.24
104 84 0.09
85 104 0.04
86 104 0.42
104 88 0.15
104 89 0.54
104 90 0.39
104 91 0.31
104 94 0.25
104 96 0.25
104 99 0.22
104 100 0.07
167 104 7.0E-4
105 1 0.08
105 2 0.24
3 105 0.27
105 4 0.49
6 105 0.3
105 7 0.17
105 8 0.09
105 10 0.37
105 11 0.14
12 105 0.07
105 13 0.17
14 105 0.12
105 15 0.33
105 16 0.08
17 105 0.35
105 18 0.12
105 19 0.14
105 20 0.21
105 21 0.28
22 105 0.35
105 23 0.17
105 24 0.34
105 25 0.12
105 26 0.17
105 27 0.17
105 28 0.12
105 29 0.12
105 30 0.11
105 31 0.17
105 32 0.12
105 33 0.12
105 34 0.24
105 36 0.17
105 37 0.18
105 38 0.12
105 41 0.17
105 42 0.12
105 43 0.12
105 44 0.12
105 45 0.35
105 46 0.34
105 47 0.43
105 48 0.49
49 105 0.62
50 105 0.58
105 51 0.14
105 52 0.33
105 53 0.12
105 54 0.08
55 105 0.21
105 56 0.24
105 57 0.21
58 105 0.22
59 105 0.11
105 60 0.29
105 61 0.12
105 62 0.17
105 64 0.25
65 105 0.22
105 66 0.13
105 67 0.08
105 68 0.34
105 70 0.08
105 71 0.17
105 72 0.18
105 73 0.16
105 74 0.21
105 75 0.17
105 76 0.14
105 77 0.21
78 105 0.09
105 79 0.21
105 80 0.24
105 81 0.06
105 82 0.12
105 83 0.4
105 84 0.29
85 105 0.22
105 86 0.46
105 87 0.12
105 88 0.36
105 89 0.43
105 90 0.27
105 91 0.38
105 92 0.14
105 93 0.12
105 94 0.27
105 95 0.1
105 96 0.21
105 97 0.12
105 98 0.17
105 99 0.12
105 100 0.08
105 102 0.12
105 104 0.55
167 105 0.0011
4 106 0.41
6 106 0.05
106 7 0.63
8 106 0.34
22 106 0.24
106 23 0.63
24 106 0.32
28 106 0.22
30 106 0.4
106 35 0.45
46 106 0.16
47 106 0.37
48 106 0.51
49 106 0.16
50 106 0.23
55 106 0.17
56 106 0.13
58 106 0.18
60 106 0.18
73 106 0.4
80 106 0.22
83 106 0.5
86 106 0.43
88 106 0.45
89 106 0.37
91 106 0.65
94 106 0.17
106 98 0.63
104 106 0.1
105 106 0.21
167 106 3.0E-4
6 107 0.11
17 107 0.14
22 107 0.13
107 28 0.25
107 37 0.11
45 107 0.13
49 107 0.15
50 107 0.1
55 107 0.1
58 107 0.1
78 107 0.19
83 107 0.14
85 107 0.1
107 86 0.12
105 107 0.06
167 107 0.0
4 108 0.57
6 108 0.08
108 7 0.5
108 8 0.27
11 108 0.13
19 108 0.1
22 108 0.09
108 23 0.5
24 108 0.38
108 27 0.5
28 108 0.18
108 30 0.32
108 36 0.5
37 108 0.08
45 108 0.19
46 108 0.13
47 108 0.39
48 108 0.57
49 108 0.21
50 108 0.29
108 53 0.35
55 108 0.2
56 108 0.1
58 108 0.14
59 108 0.08
108 60 0.58
65 108 0.11
108 73 0.32
108 80 0.35
108 82 0.35
83 108 0.49
86 108 0.34
108 88 0.71
89 108 0.49
91 108 0.41
94 108 0.27
108 98 0.5
104 108 0.23
105 108 0.34
108 106 0.47
167 108 5.0E-4
6 109 0.16
10 109 0.29
11 109 0.53
19 109 0.41
21 109 0.19
37 109 0.3
49 109 0.1
50 109 0.14
52 109 0.16
101 109 0.37
167 109 1.0E-4
6 110 0.04
110 8 0.15
110 9 0.2
10 110 0.17
14 110 0.11
110 19 0.24
21 110 0.06
110 33 0.41
110 37 0.26
49 110 0.18
50 110 0.21
52 110 0.47
110 57 0.24
110 64 0.12
110 84 0.17
110 100 0.13
110 101 0.21
110 102 0.41
105 110 0.1
167 110 0.0
2 111 0.22
3 111 0.25
6 111 0.04
111 9 0.17
10 111 0.07
111 13 0.33
14 111 0.34
15 111 0.15
21 111 0.23
111 30 0.15
111 33 0.33
37 111 0.07
45 111 0.09
49 111 0.22
50 111 0.17
111 51 0.13
52 111 0.15
111 57 0.38
58 111 0.14
64 111 0.4
111 73 0.15
84 111 0.27
85 111 0.07
92 111 0.19
95 111 0.14
101 111 0.09
111 102 0.17
111 103 0.17
105 111 0.16
110 111 0.14
167 111 0.0
3 112 0.17
6 112 0.11
112 11 0.25
12 112 0.19
17 112 0.48
112 21 0.05
22 112 0.53
112 25 0.33
112 26 0.47
112 29 0.33
112 31 0.47
112 32 0.33
112 34 0.67
112 37 0.07
112 43 0.33
112 44 0.33
112 45 0.45
49 112 0.22
50 112 0.24
112 54 0.24
55 112 0.19
58 112 0.2
59 112 0.15
112 61 0.33
112 62 0.47
112 64 0.1
112 72 0.17
112 74 0.58
112 77 0.38
112 79 0.58
112 83 0.37
85 112 0.14
112 86 0.24
112 89 0.09
112 95 0.14
112 96 0.19
112 97 0.33
112 99 0.33
112 104 0.22
112 105 0.36
112 107 0.17
167 112 3.0E-4
6 113 0.08
17 113 0.2
22 113 0.38
113 34 0.35
113 45 0.38
49 113 0.1
50 113 0.07
113 77 0.41
78 113 0.27
113 83 0.39
113 87 0.71
113 93 0.71
113 105 0.17
113 112 0.24
167 113 0.0
6 114 0.08
17 114 0.2
22 114 0.38
114 34 0.35
114 45 0.38
49 114 0.1
50 114 0.07
114 77 0.41
78 114 0.27
114 83 0.39
114 87 0.71
114 93 0.71
114 105 0.17
114 112 0.24
114 113 1.0
167 114 0.0
115 29 1.0
115 43 1.0
115 44 1.0
49 115 0.07
50 115 0.1
115 61 1.0
115 96 0.58
105 115 0.12
112 115 0.33
167 115 1.0E-4
6 116 0.06
17 116 0.33
22 116 0.46
116 34 0.58
116 45 0.46
49 116 0.13
50 116 0.12
55 116 0.11
58 116 0.12
116 77 0.33
116 83 0.32
116 86 0.14
116 89 0.16
116 99 0.58
116 104 0.13
116 105 0.21
116 107 0.29
116 112 0.58
116 113 0.41
116 114 0.41
167 116 1.0E-4
6 117 0.05
17 117 0.43
22 117 0.53
117 34 0.5
117 45 0.53
49 117 0.15
50 117 0.15
55 117 0.1
58 117 0.1
117 77 0.58
78 117 0.19
117 83 0.42
117 86 0.12
117 87 0.5
117 89 0.14
117 93 0.5
117 99 0.5
117 104 0.11
117 105 0.24
117 107 0.25
117 112 0.5
117 113 0.71
117 114 0.71
117 116 0.87
167 117 1.0E-4
118 4 0.21
6 118 0.05
118 11 0.17
22 118 0.12
118 29 0.45
118 34 0.22
118 36 0.32
118 43 0.45
118 44 0.45
118 45 0.36
118 48 0.1
49 118 0.16
50 118 0.14
118 60 0.37
118 61 0.45
118 80 0.22
118 83 0.25
118 88 0.15
118 96 0.26
118 104 0.1
118 105 0.21
118 108 0.16
118 112 0.3
118 113 0.32
118 114 0.32
118 115 0.45
118 116 0.26
118 117 0.22
167 118 1.0E-4
3 119 0.25
6 119 0.11
17 119 0.29
21 119 0.14
22 119 0.27
119 25 1.0
119 26 0.71
119 32 1.0
49 119 0.07
50 119 0.1
59 119 0.23
64 119 0.3
83 119 0.28
86 119 0.24
119 95 0.41
105 119 0.12
112 119 0.33
167 119 1.0E-4
3 120 0.06
120 4 0.16
120 5 0.17
6 120 0.26
120 7 0.33
120 8 0.18
120 10 0.05
120 11 0.09
12 120 0.14
120 13 0.05
14 120 0.06
120 15 0.05
17 120 0.27
120 20 0.14
120 21 0.13
22 120 0.31
120 23 0.33
120 24 0.25
120 25 0.24
120 26 0.33
120 30 0.21
120 31 0.17
120 32 0.24
120 34 0.24
120 37 0.05
120 40 0.24
120 45 0.25
120 46 0.08
120 47 0.2
120 48 0.16
49 120 0.31
50 120 0.36
120 54 0.17
55 120 0.23
120 56 0.2
58 120 0.24
59 120 0.27
120 62 0.17
120 64 0.21
65 120 0.36
120 68 0.08
120 69 0.24
120 71 0.17
120 72 0.24
120 73 0.21
120 74 0.27
120 75 0.17
120 76 0.17
120 77 0.27
120 79 0.14
120 81 0.12
120 83 0.33
85 120 0.14
120 86 0.29
120 88 0.16
120 89 0.26
120 90 0.11
120 91 0.2
120 95 0.1
120 98 0.33
120 99 0.24
120 104 0.21
120 105 0.31
120 106 0.21
120 108 0.17
120 111 0.08
120 112 0.39
120 113 0.17
120 114 0.17
120 116 0.27
120 117 0.24
120 118 0.11
120 119 0.24
167 120 5.0E-4
3 121 0.25
6 121 0.11
17 121 0.29
21 121 0.14
22 121 0.27
121 25 1.0
121 26 0.71
121 32 1.0
49 121 0.07
50 121 0.1
59 121 0.23
64 121 0.3
83 121 0.28
86 121 0.24
121 95 0.41
105 121 0.12
112 121 0.33
121 119 1.0
120 121 0.24
167 121 1.0E-4
6 122 0.25
10 122 0.54
122 11 0.43
19 122 0.44
21 122 0.36
122 33 0.38
37 122 0.4
45 122 0.1
49 122 0.19
50 122 0.23
122 51 0.43
52 122 0.43
122 57 0.22
58 122 0.08
122 64 0.23
65 122 0.11
84 122 0.31
122 89 0.1
122 96 0.22
101 122 0.2
122 102 0.19
104 122 0.08
105 122 0.18
122 109 0.53
110 122 0.15
122 111 0.13
167 122 1.0E-4
123 1 0.15
123 2 0.15
3 123 0.06
123 4 0.32
6 123 0.13
123 7 0.32
123 8 0.17
123 9 0.11
123 11 0.09
17 123 0.13
22 123 0.18
123 23 0.32
123 24 0.16
123 27 0.32
123 29 0.23
123 30 0.21
123 31 0.32
123 34 0.34
123 36 0.16
123 37 0.1
123 43 0.23
123 44 0.23
123 45 0.49
123 47 0.19
123 48 0.26
49 123 0.32
50 123 0.26
55 123 0.35
123 56 0.07
58 123 0.19
59 123 0.05
123 60 0.37
123 61 0.23
123 62 0.32
123 64 0.07
65 123 0.07
123 73 0.21
123 74 0.26
123 77 0.26
78 123 0.09
123 79 0.13
123 80 0.23
123 82 0.23
123 83 0.32
85 123 0.14
123 86 0.11
123 87 0.23
123 88 0.38
123 89 0.25
123 91 0.13
123 93 0.23
123 94 0.09
123 96 0.13
123 97 0.23
123 98 0.32
123 99 0.23
123 104 0.15
123 105 0.33
123 106 0.21
123 107 0.11
123 108 0.41
123 112 0.38
123 113 0.32
123 114 0.32
123 115 0.23
123 116 0.26
123 117 0.34
123 118 0.51
123 120 0.27
167 123 4.0E-4
124 2 0.11
3 124 0.04
124 4 0.72
6 124 0.16
124 7 0.23
124 8 0.12
10 124 0.37
124 11 0.19
124 13 0.03
15 124 0.04
17 124 0.09
124 19 0.33
21 124 0.2
22 124 0.22
124 23 0.23
124 24 0.46
124 27 0.23
124 28 0.16
124 30 0.15
124 33 0.16
124 35 0.16
124 36 0.23
124 37 0.39
124 41 0.23
45 124 0.13
124 46 0.46
124 47 0.59
124 48 0.72
49 124 0.45
50 124 0.55
124 51 0.19
52 124 0.6
124 53 0.16
55 124 0.13
124 56 0.19
124 57 0.19
58 124 0.1
59 124 0.04
124 60 0.4
124 64 0.1
65 124 0.1
124 66 0.06
124 68 0.46
124 71 0.23
124 73 0.15
78 124 0.06
124 80 0.33
124 82 0.16
83 124 0.32
124 84 0.2
85 124 0.03
86 124 0.56
124 88 0.49
124 89 0.55
124 90 0.29
124 91 0.57
124 94 0.25
124 95 0.07
124 96 0.09
124 98 0.23
124 100 0.05
124 101 0.13
124 102 0.08
104 124 0.39
105 124 0.57
124 106 0.37
124 108 0.46
124 109 0.12
124 110 0.34
124 111 0.05
118 124 0.15
120 124 0.12
124 122 0.31
123 124 0.23
167 124 9.0E-4
125 2 0.13
125 4 0.61
6 125 0.04
17 125 0.11
19 125 0.11
125 24 0.8
125 28 0.19
37 125 0.08
125 46 0.94
125 47 0.73
125 48 0.61
49 125 0.19
50 125 0.19
125 53 0.38
125 56 0.22
125 60 0.15
125 68 0.8
125 71 0.53
125 80 0.19
83 125 0.1
86 125 0.64
125 89 0.73
125 90 0.68
125 91 0.55
125 100 0.12
104 125 0.49
105 125 0.32
125 108 0.13
120 125 0.09
124 125 0.43
167 125 4.0E-4
126 2 0.16
3 126 0.08
126 4 0.11
6 126 0.3
126 7 0.11
126 8 0.06
126 10 0.73
126 11 0.18
126 13 0.16
14 126 0.08
15 126 0.22
17 126 0.05
126 19 0.56
126 20 0.09
21 126 0.46
22 126 0.04
126 23 0.11
126 24 0.17
126 28 0.08
126 30 0.07
126 33 0.16
126 37 0.55
126 38 0.16
45 126 0.09
126 46 0.11
126 47 0.13
126 48 0.11
49 126 0.45
50 126 0.51
126 51 0.43
126 52 0.71
126 53 0.16
55 126 0.09
126 56 0.19
126 57 0.28
58 126 0.1
126 60 0.07
126 64 0.29
65 126 0.05
126 66 0.23
126 68 0.06
126 71 0.11
126 72 0.08
126 73 0.15
75 126 0.04
76 126 0.15
78 126 0.06
126 80 0.08
83 126 0.09
126 84 0.26
85 126 0.17
86 126 0.12
126 88 0.05
126 89 0.18
126 90 0.07
126 91 0.14
126 92 0.28
126 95 0.13
126 96 0.09
126 98 0.11
126 100 0.05
126 101 0.17
126 102 0.16
104 126 0.11
105 126 0.47
126 106 0.07
126 108 0.11
126 109 0.23
126 110 0.33
126 111 0.22
120 126 0.11
126 122 0.43
123 126 0.04
126 124 0.51
126 125 0.12
167 126 2.0E-4
127 1 0.39
127 4 0.09
6 127 0.04
14 127 0.11
127 16 0.29
17 127 0.24
22 127 0.22
127 34 0.41
127 45 0.22
127 48 0.09
49 127 0.18
50 127 0.08
55 127 0.16
58 127 0.08
59 127 0.09
127 66 0.14
127 77 0.24
127 83 0.23
85 127 0.08
127 86 0.1
127 88 0.14
127 89 0.11
127 94 0.15
127 99 0.41
127 104 0.18
127 105 0.15
127 112 0.27
127 113 0.29
127 114 0.29
127 116 0.47
127 117 0.41
127 118 0.18
127 120 0.19
127 123 0.19
127 124 0.07
167 127 1.0E-4
128 29 1.0
128 43 1.0
128 44 1.0
49 128 0.07
50 128 0.1
128 61 1.0
128 96 0.58
105 128 0.12
112 128 0.33
128 115 1.0
118 128 0.45
123 128 0.23
167 128 1.0E-4
129 29 1.0
129 43 1.0
129 44 1.0
49 129 0.07
50 129 0.1
129 61 1.0
129 96 0.58
105 129 0.12
112 129 0.33
129 115 1.0
118 129 0.45
123 129 0.23
129 128 1.0
167 129 1.0E-4
3 130 0.13
6 130 0.11
10 130 0.1
13 130 0.1
15 130 0.23
21 130 0.14
22 130 0.13
130 33 0.5
49 130 0.15
50 130 0.15
52 130 0.23
130 57 0.29
64 130 0.15
84 130 0.2
102 130 0.25
105 130 0.18
110 130 0.2
111 130 0.17
122 130 0.19
124 130 0.16
126 130 0.16
167 130 0.0
4 131 0.32
131 7 1.0
8 131 0.53
131 23 1.0
24 131 0.5
30 131 0.63
47 131 0.39
48 131 0.32
49 131 0.1
50 131 0.14
55 131 0.27
56 131 0.2
58 131 0.29
73 131 0.63
83 131 0.39
86 131 0.34
88 131 0.47
89 131 0.39
91 131 0.41
131 98 1.0
105 131 0.17
106 131 0.63
108 131 0.5
120 131 0.33
123 131 0.32
124 131 0.23
126 131 0.11
167 131 2.0E-4
3 132 0.1
132 4 0.19
6 132 0.04
132 11 0.15
22 132 0.11
132 27 0.29
132 31 0.58
132 34 0.41
132 36 0.29
132 37 0.09
132 45 0.65
132 47 0.11
132 48 0.09
49 132 0.18
50 132 0.17
55 132 0.24
58 132 0.08
59 132 0.09
132 60 0.33
132 62 0.58
65 132 0.12
132 74 0.47
132 79 0.24
132 80 0.2
132 82 0.41
132 83 0.23
85 132 0.08
132 88 0.14
132 89 0.11
132 97 0.41
132 104 0.18
132 105 0.24
132 108 0.29
132 112 0.41
132 113 0.29
132 114 0.29
132 116 0.24
132 117 0.2
132 118 0.55
132 120 0.19
132 123 0.56
132 124 0.13
132 127 0.17
167 132 1.0E-4
133 2 0.09
133 3 0.2
133 4 0.37
133 6 0.12
133 7 0.38
133 8 0.4
133 12 0.31
133 13 0.16
133 14 0.14
133 15 0.06
133 17 0.23
133 19 0.08
133 21 0.04
133 22 0.21
133 23 0.38
133 24 0.38
133 28 0.27
133 30 0.36
133 35 0.27
133 37 0.06
133 38 0.27
133 39 0.38
133 46 0.19
133 47 0.3
133 48 0.43
133 49 0.28
133 50 0.24
133 53 0.27
133 55 0.21
133 56 0.08
133 58 0.16
133 59 0.18
133 60 0.11
133 63 0.19
133 64 0.08
133 65 0.08
133 66 0.09
133 68 0.09
133 71 0.19
133 73 0.36
133 78 0.1
133 80 0.13
133 83 0.3
133 85 0.11
133 86 0.45
133 88 0.36
133 89 0.37
133 91 0.46
133 92 0.15
133 94 0.2
133 95 0.11
133 98 0.38
133 103 0.13
133 104 0.12
133 105 0.26
133 106 0.48
133 108 0.38
133 120 0.19
133 123 0.12
133 124 0.31
133 125 0.2
133 126 0.17
133 127 0.11
133 131 0.38
133 167 5.0E-4
4 134 0.23
22 134 0.27
28 134 0.5
134 35 1.0
48 134 0.23
49 134 0.07
50 134 0.1
86 134 0.24
91 134 0.29
106 134 0.45
124 134 0.16
133 134 0.27
167 134 1.0E-4
6 135 0.11
10 135 0.2
21 135 0.14
135 33 1.0
49 135 0.07
50 135 0.1
52 135 0.23
135 57 0.58
64 135 0.3
84 135 0.41
102 135 0.5
105 135 0.12
110 135 0.41
111 135 0.33
122 135 0.38
124 135 0.16
126 135 0.16
130 135 0.5
167 135 1.0E-4
4 136 0.23
136 27 0.71
48 136 0.23
49 136 0.07
50 136 0.1
60 136 0.41
88 136 0.33
94 136 0.38
105 136 0.12
108 136 0.35
123 136 0.23
124 136 0.16
167 136 1.0E-4
137 2 0.1
137 4 0.73
6 137 0.03
137 7 0.41
137 8 0.22
17 137 0.08
22 137 0.23
137 23 0.41
137 24 0.71
137 27 0.2
137 30 0.26
137 41 0.41
45 137 0.08
137 46 0.61
137 47 0.88
137 48 0.79
49 137 0.25
50 137 0.29
55 137 0.17
137 56 0.25
58 137 0.12
59 137 0.07
137 60 0.12
65 137 0.09
137 68 0.82
137 71 0.41
137 73 0.26
137 80 0.14
137 82 0.29
83 137 0.32
86 137 0.77
137 88 0.48
137 89 0.8
137 90 0.52
137 91 0.67
137 94 0.22
137 98 0.41
137 100 0.09
104 137 0.38
105 137 0.41
137 106 0.39
137 108 0.41
120 137 0.2
123 137 0.2
124 137 0.57
137 125 0.65
126 137 0.09
137 131 0.41
132 137 0.12
133 137 0.31
167 137 8.0E-4
138 2 0.15
138 4 0.51
17 138 0.13
138 24 0.63
138 46 0.79
138 47 0.62
138 48 0.51
49 138 0.16
50 138 0.14
138 56 0.13
138 68 0.79
138 71 0.63
86 138 0.54
138 89 0.62
138 90 0.6
138 91 0.52
104 138 0.39
105 138 0.27
120 138 0.11
124 138 0.37
138 125 0.85
126 138 0.07
133 138 0.12
138 137 0.65
167 138 3.0E-4
4 139 0.46
139 7 0.71
139 8 0.38
22 139 0.13
139 23 0.71
24 139 0.35
139 30 0.45
139 41 0.35
46 139 0.18
47 139 0.55
48 139 0.46
49 139 0.15
50 139 0.2
55 139 0.19
56 139 0.14
58 139 0.2
60 139 0.2
68 139 0.18
139 73 0.45
139 80 0.25
83 139 0.55
86 139 0.36
139 88 0.5
89 139 0.28
91 139 0.43
94 139 0.19
139 98 0.71
104 139 0.11
105 139 0.24
139 106 0.67
108 139 0.35
120 139 0.24
123 139 0.23
124 139 0.33
126 139 0.08
139 131 0.71
133 139 0.27
137 139 0.43
167 139 3.0E-4
4 140 0.51
140 7 0.63
140 8 0.34
17 140 0.13
22 140 0.24
140 23 0.63
24 140 0.32
140 30 0.4
140 41 0.63
47 140 0.5
48 140 0.51
49 140 0.16
50 140 0.18
55 140 0.17
56 140 0.13
58 140 0.18
140 66 0.16
68 140 0.32
140 73 0.4
83 140 0.37
86 140 0.54
140 88 0.6
89 140 0.25
91 140 0.39
94 140 0.34
140 98 0.63
104 140 0.1
105 140 0.27
140 106 0.4
108 140 0.32
120 140 0.21
123 140 0.21
124 140 0.37
126 140 0.07
127 140 0.18
140 131 0.63
133 140 0.36
137 140 0.52
140 139 0.67
167 140 3.0E-4
4 141 0.32
6 141 0.08
19 141 0.2
24 141 0.25
141 27 0.5
28 141 0.35
37 141 0.15
46 141 0.25
47 141 0.2
48 141 0.32
49 141 0.1
50 141 0.14
141 53 0.71
60 141 0.58
80 141 0.35
83 141 0.2
86 141 0.17
88 141 0.24
89 141 0.2
91 141 0.2
94 141 0.27
104 141 0.15
105 141 0.17
108 141 0.5
123 141 0.16
124 141 0.23
125 141 0.27
126 141 0.11
133 141 0.19
141 136 0.71
167 141 1.0E-4
142 2 0.13
4 142 0.26
142 5 0.27
6 142 0.17
10 142 0.08
17 142 0.11
19 142 0.11
21 142 0.1
24 142 0.4
37 142 0.16
142 40 0.38
45 142 0.1
46 142 0.4
47 142 0.31
48 142 0.26
49 142 0.19
50 142 0.23
142 51 0.14
52 142 0.09
56 142 0.11
58 142 0.08
59 142 0.26
65 142 0.34
68 142 0.4
142 69 0.38
142 71 0.27
142 72 0.19
142 81 0.19
86 142 0.28
89 142 0.42
90 142 0.17
142 91 0.33
96 142 0.22
104 142 0.25
105 142 0.18
120 142 0.36
122 142 0.14
124 142 0.25
125 142 0.43
126 142 0.12
133 142 0.1
137 142 0.33
138 142 0.51
167 142 4.0E-4
17 143 0.29
22 143 0.27
34 143 0.5
45 143 0.27
49 143 0.07
50 143 0.1
55 143 0.19
58 143 0.2
77 143 0.58
89 143 0.28
143 99 1.0
104 143 0.22
105 143 0.12
112 143 0.33
116 143 0.58
117 143 0.5
120 143 0.24
123 143 0.23
127 143 0.41
167 143 1.0E-4
144 3 0.25
144 6 0.11
144 12 0.58
144 14 0.26
144 17 0.29
144 22 0.27
144 49 0.07
144 50 0.1
144 55 0.19
144 58 0.2
144 59 0.23
144 65 0.3
144 78 0.38
144 85 0.2
144 133 0.27
144 167 0.0
145 3 0.1
145 5 0.29
145 6 0.27
145 10 0.17
145 12 0.24
145 13 0.08
145 14 0.11
145 17 0.12
145 19 0.12
145 21 0.06
145 22 0.11
145 37 0.09
145 49 0.18
145 50 0.21
145 51 0.15
145 52 0.09
145 55 0.16
145 56 0.24
145 57 0.24
145 58 0.17
145 59 0.28
145 65 0.37
145 66 0.29
145 69 0.41
145 72 0.2
145 75 0.1
145 76 0.19
145 78 0.31
145 81 0.2
145 85 0.17
145 95 0.17
145 105 0.05
145 120 0.19
145 124 0.07
145 126 0.13
145 133 0.11
145 142 0.31
145 144 0.41
145 167 1.0E-4
3 146 0.25
6 146 0.05
9 146 0.25
10 146 0.1
13 146 0.3
14 146 0.13
15 146 0.23
21 146 0.07
146 33 0.5
37 146 0.11
49 146 0.15
50 146 0.05
52 146 0.11
146 57 0.29
58 146 0.1
64 146 0.3
84 146 0.41
95 146 0.2
101 146 0.13
102 146 0.25
103 146 0.25
105 146 0.12
110 146 0.2
111 146 0.5
122 146 0.19
124 146 0.08
126 146 0.16
130 146 0.25
146 135 0.5
167 146 0.0
6 147 0.22
147 11 0.31
12 147 0.24
17 147 0.24
22 147 0.22
147 26 0.29
34 147 0.2
37 147 0.09
49 147 0.18
50 147 0.04
147 54 0.29
55 147 0.24
58 147 0.08
59 147 0.19
147 72 0.2
147 74 0.24
147 77 0.24
147 79 0.47
83 147 0.11
85 147 0.17
86 147 0.1
104 147 0.18
105 147 0.1
107 147 0.2
112 147 0.27
120 147 0.1
123 147 0.28
167 147 0.0
148 1 0.33
2 148 0.17
3 148 0.13
4 148 0.36
6 148 0.06
10 148 0.05
11 148 0.1
12 148 0.15
148 13 0.1
14 148 0.07
15 148 0.06
148 16 0.37
19 148 0.07
21 148 0.11
22 148 0.14
24 148 0.18
148 27 0.18
37 148 0.06
148 41 0.37
45 148 0.07
46 148 0.27
47 148 0.43
48 148 0.36
49 148 0.28
50 148 0.18
148 51 0.1
52 148 0.06
55 148 0.15
56 148 0.07
59 148 0.18
60 148 0.21
64 148 0.08
65 148 0.08
68 148 0.37
148 80 0.26
148 81 0.13
148 82 0.26
83 148 0.21
85 148 0.16
86 148 0.25
148 88 0.17
89 148 0.21
90 148 0.23
91 148 0.22
94 148 0.1
95 148 0.11
148 100 0.08
104 148 0.23
105 148 0.25
148 106 0.12
108 148 0.09
122 148 0.1
123 148 0.12
124 148 0.3
125 148 0.2
126 148 0.04
127 148 0.11
132 148 0.11
133 148 0.14
137 148 0.37
138 148 0.12
148 139 0.26
148 140 0.23
142 148 0.1
167 148 2.0E-4
6 149 0.11
49 149 0.07
76 149 0.24
85 149 0.2
120 149 0.24
167 149 0.0
150 3 0.13
150 4 0.06
150 6 0.25
150 7 0.18
150 8 0.28
150 11 0.19
150 12 0.29
150 13 0.1
150 14 0.06
150 17 0.29
150 18 0.25
150 21 0.07
150 22 0.33
150 23 0.18
150 24 0.09
150 25 0.25
150 26 0.35
150 30 0.22
150 32 0.25
150 34 0.13
150 39 0.35
150 45 0.07
150 47 0.07
150 48 0.06
150 49 0.29
150 50 0.28
150 54 0.35
150 55 0.14
150 56 0.14
150 58 0.26
150 59 0.23
150 63 0.18
150 64 0.15
150 65 0.23
150 66 0.09
150 67 0.35
150 72 0.25
150 73 0.22
150 74 0.14
150 75 0.3
150 76 0.12
150 77 0.14
150 78 0.09
150 79 0.29
150 81 0.25
150 83 0.21
150 85 0.15
150 86 0.18
150 88 0.08
150 89 0.07
150 91 0.07
150 95 0.1
150 98 0.18
150 103 0.25
150 104 0.22
150 105 0.18
150 106 0.11
150 108 0.09
150 111 0.08
150 112 0.25
150 118 0.11
150 119 0.25
150 120 0.29
150 121 0.25
150 123 0.11
150 124 0.04
150 131 0.18
150 132 0.1
150 133 0.27
150 137 0.07
150 139 0.13
150 140 0.11
150 144 0.25
150 145 0.1
150 147 0.2
150 167 2.0E-4
4 151 0.23
22 151 0.27
28 151 0.5
151 35 1.0
48 151 0.23
49 151 0.07
50 151 0.1
86 151 0.24
91 151 0.29
106 151 0.45
124 151 0.16
133 151 0.27
151 134 1.0
167 151 1.0E-4
152 1 0.12
4 152 0.52
152 16 0.27
17 152 0.11
22 152 0.3
152 27 0.27
28 152 0.19
152 35 0.38
152 41 0.53
45 152 0.1
46 152 0.13
47 152 0.42
48 152 0.52
49 152 0.19
50 152 0.19
55 152 0.15
59 152 0.17
60 152 0.31
65 152 0.11
152 66 0.13
68 152 0.27
152 80 0.38
152 82 0.38
83 152 0.31
85 152 0.08
86 152 0.37
152 88 0.38
89 152 0.1
91 152 0.33
94 152 0.29
104 152 0.25
105 152 0.23
152 106 0.34
108 152 0.13
123 152 0.09
124 152 0.37
127 152 0.31
132 152 0.15
133 152 0.2
152 134 0.38
137 152 0.33
152 139 0.38
152 140 0.51
152 148 0.49
152 151 0.38
167 152 3.0E-4
153 2 0.13
4 153 0.61
11 153 0.14
22 153 0.2
24 153 0.13
153 27 0.53
153 36 0.53
153 41 0.53
45 153 0.2
46 153 0.13
47 153 0.42
48 153 0.52
49 153 0.19
50 153 0.27
55 153 0.07
59 153 0.09
153 60 0.46
65 153 0.11
68 153 0.4
153 80 0.19
153 82 0.38
83 153 0.21
86 153 0.28
153 88 0.5
89 153 0.21
153 91 0.22
153 94 0.29
104 153 0.25
105 153 0.32
153 108 0.53
118 153 0.17
123 153 0.26
124 153 0.43
125 153 0.14
132 153 0.31
153 136 0.38
137 153 0.44
138 153 0.17
153 139 0.19
153 140 0.34
153 141 0.27
153 142 0.14
153 148 0.29
153 152 0.43
167 153 4.0E-4
6 154 0.11
154 20 0.58
49 154 0.07
50 154 0.1
58 154 0.2
65 154 0.3
75 154 0.24
76 154 0.24
104 154 0.22
105 154 0.12
120 154 0.24
167 154 0.0
155 2 0.1
3 155 0.14
155 4 0.33
6 155 0.06
155 11 0.22
12 155 0.17
17 155 0.33
21 155 0.04
22 155 0.23
155 24 0.41
155 25 0.29
155 26 0.41
155 29 0.29
155 31 0.41
155 32 0.29
34 155 0.29
37 155 0.06
155 43 0.29
155 44 0.29
45 155 0.23
155 46 0.51
155 47 0.4
155 48 0.33
49 155 0.25
50 155 0.23
155 54 0.2
55 155 0.11
155 56 0.08
58 155 0.12
59 155 0.13
155 61 0.29
155 62 0.41
64 155 0.09
155 68 0.51
155 71 0.41
155 72 0.14
155 74 0.5
155 77 0.17
155 79 0.5
83 155 0.16
85 155 0.12
86 155 0.49
155 89 0.4
155 90 0.39
155 91 0.33
155 95 0.12
155 96 0.17
155 97 0.29
155 100 0.09
104 155 0.38
105 155 0.38
112 155 0.58
155 115 0.29
118 155 0.26
155 119 0.29
120 155 0.27
155 121 0.29
123 155 0.26
124 155 0.24
155 125 0.55
126 155 0.05
155 128 0.29
155 129 0.29
132 155 0.35
133 155 0.08
155 137 0.42
155 138 0.52
155 142 0.33
155 147 0.24
155 148 0.15
150 155 0.29
155 153 0.11
167 155 5.0E-4
6 156 0.11
156 10 0.1
14 156 0.26
156 15 0.23
156 21 0.27
156 33 0.5
49 156 0.15
50 156 0.1
156 52 0.11
55 156 0.19
156 57 0.29
156 64 0.15
156 84 0.2
156 102 0.25
105 156 0.12
156 110 0.2
156 111 0.17
156 122 0.19
156 124 0.08
156 126 0.08
156 130 0.25
156 135 0.5
156 146 0.25
167 156 0.0
8 157 0.38
13 157 0.2
30 157 0.45
157 39 0.71
49 157 0.07
50 157 0.1
55 157 0.19
59 157 0.23
63 157 0.71
64 157 0.3
103 157 0.5
133 157 0.27
150 157 0.25
167 157 0.0
1 158 0.22
6 158 0.16
158 16 0.5
49 158 0.1
55 158 0.14
76 158 0.17
81 158 0.35
85 158 0.29
105 158 0.08
120 158 0.17
148 158 0.18
158 149 0.71
167 158 1.0E-4
3 159 0.08
159 4 0.15
6 159 0.07
159 7 0.47
159 8 0.5
159 9 0.17
159 11 0.13
12 159 0.19
159 13 0.07
17 159 0.38
159 21 0.05
22 159 0.45
159 23 0.47
159 24 0.24
159 25 0.33
159 26 0.47
159 30 0.45
159 32 0.33
159 34 0.33
159 39 0.24
159 45 0.27
159 47 0.18
159 48 0.15
49 159 0.22
50 159 0.27
55 159 0.26
159 56 0.1
58 159 0.2
59 159 0.23
159 63 0.24
159 64 0.2
159 70 0.24
159 73 0.6
159 74 0.19
159 77 0.58
78 159 0.13
159 79 0.19
159 83 0.55
159 86 0.32
159 87 0.33
159 88 0.22
159 89 0.28
159 91 0.19
159 93 0.33
159 94 0.13
159 95 0.14
159 98 0.47
159 99 0.33
159 103 0.17
159 104 0.15
159 105 0.28
159 106 0.3
159 108 0.24
159 112 0.44
159 113 0.47
159 114 0.47
159 116 0.38
159 117 0.5
159 118 0.15
159 119 0.33
159 120 0.47
159 121 0.33
159 123 0.38
159 124 0.11
159 126 0.05
159 127 0.27
159 131 0.47
159 132 0.14
133 159 0.27
159 137 0.19
159 139 0.33
159 140 0.3
159 143 0.33
159 147 0.14
150 159 0.33
159 155 0.19
167 159 3.0E-4
160 5 0.24
6 160 0.26
8 160 0.13
9 160 0.17
10 160 0.07
13 160 0.07
14 160 0.09
21 160 0.23
37 160 0.21
160 40 0.33
49 160 0.22
50 160 0.17
51 160 0.13
52 160 0.08
55 160 0.06
56 160 0.1
59 160 0.31
65 160 0.4
160 69 0.33
160 72 0.17
78 160 0.13
160 81 0.17
84 160 0.14
85 160 0.07
160 100 0.11
160 102 0.17
105 160 0.04
107 160 0.17
110 160 0.14
120 160 0.24
122 160 0.13
123 160 0.08
124 160 0.05
126 160 0.05
142 160 0.38
145 160 0.27
147 160 0.14
167 160 1.0E-4
6 161 0.11
10 161 0.2
21 161 0.14
161 33 1.0
49 161 0.07
50 161 0.1
52 161 0.23
161 57 0.58
64 161 0.3
84 161 0.41
102 161 0.5
105 161 0.12
110 161 0.41
111 161 0.33
122 161 0.38
124 161 0.16
126 161 0.16
130 161 0.5
161 135 1.0
146 161 0.5
156 161 0.5
167 161 1.0E-4
6 162 0.05
10 162 0.31
162 11 0.19
19 162 0.43
21 162 0.2
37 162 0.32
49 162 0.15
50 162 0.2
52 162 0.34
101 162 0.26
105 162 0.06
162 109 0.35
110 162 0.2
162 122 0.19
124 162 0.25
126 162 0.32
167 162 0.0
163 29 1.0
163 43 1.0
163 44 1.0
49 163 0.07
50 163 0.1
163 61 1.0
163 96 0.58
105 163 0.12
112 163 0.33
163 115 1.0
118 163 0.45
123 163 0.23
163 128 1.0
163 129 1.0
163 155 0.29
167 163 1.0E-4
6 164 0.11
49 164 0.07
50 164 0.1
56 164 0.29
59 164 0.23
65 164 0.3
164 69 1.0
72 164 0.5
81 164 0.5
120 164 0.24
142 164 0.38
145 164 0.41
160 164 0.33
167 164 1.0E-4
165 1 0.18
3 165 0.14
14 165 0.3
21 165 0.08
165 31 0.41
34 165 0.29
37 165 0.12
45 165 0.31
49 165 0.13
50 165 0.06
55 165 0.11
58 165 0.12
165 62 0.41
64 165 0.17
74 165 0.33
79 165 0.33
165 97 0.58
105 165 0.07
165 111 0.19
112 165 0.19
120 165 0.14
123 165 0.13
127 165 0.24
132 165 0.24
155 165 0.17
167 165 0.0
4 166 0.32
22 166 0.19
36 166 0.5
166 41 0.5
47 166 0.2
48 166 0.32
49 166 0.1
50 166 0.14
68 166 0.25
83 166 0.2
86 166 0.17
166 88 0.47
94 166 0.27
105 166 0.17
108 166 0.25
124 166 0.23
137 166 0.2
166 139 0.35
166 140 0.32
166 148 0.18
166 152 0.27
153 166 0.53
167 166 1.0E-4
