*Vertices  65
1 "LED显示屏"
2 "LCD显示屏"
3 "显示器"
4 "LED灯"
5 "电容"
6 "传感器"
7 "控制器"
8 "处理器"
9 "发生器"
10 "荧光粉"
11 "开关"
12 "发光荧光材料"
13 "显示技术"
14 "网孔板"
15 "变压器"
16 "Zigbee"
17 "EP"
18 "LED"
19 "液晶显示模块"
20 "二极管"
21 "三极管"
22 "GSM"
23 "玻璃"
24 "通道"
25 "接收管"
26 "LED光源"
27 "塑料"
28 "转换器"
29 "晶体振荡器"
30 "滤光片"
31 "电动机"
32 "发电机"
33 "放大器"
34 "半导体"
35 "电路板"
36 "ESD"
37 "GPIO"
38 "键合"
39 "燃气涡轮"
40 "摄像机"
41 "圆盘"
42 "锂电池"
43 "LED芯片"
44 "芯片"
45 "存储器"
46 "Li"
47 "电极"
48 "电阻"
49 "发射模块"
50 "驱动模块"
51 "脉冲信号"
52 "交通灯"
53 "激光"
54 "SIM"
55 "平面板"
56 "检测仪"
57 "检测板"
58 "屏幕"
59 "瞄准镜"
60 "模拟音频"
61 "蜂鸣器"
62 "KVM"
63 "扬声器"
64 "插座"
65 "单片机"
*Arcs
65 1 1.0E-4
2 1 0.21
65 2 2.0E-4
3 1 0.08
3 2 0.33
3 65 0.0067
4 1 0.03
4 2 0.04
4 3 0.08
4 65 5.0E-4
4 5 0.29
65 5 0.0011
2 6 0.13
3 6 0.25
4 6 0.13
5 6 0.08
65 6 0.0019
7 1 0.23
2 7 0.24
3 7 0.24
4 7 0.11
5 7 0.15
7 6 0.19
65 7 9.0E-4
8 1 0.16
8 2 0.09
8 3 0.26
8 4 0.14
8 5 0.05
8 6 0.36
8 7 0.44
8 65 0.0011
4 9 0.22
65 9 1.0E-4
10 1 0.09
10 3 0.14
10 4 0.13
10 7 0.07
10 8 0.07
10 65 2.0E-4
11 1 0.04
11 2 0.14
3 11 0.07
4 11 0.37
11 5 0.42
11 6 0.19
11 7 0.23
8 11 0.21
11 9 0.07
10 11 0.08
11 65 9.0E-4
12 3 0.13
12 4 0.21
12 8 0.07
12 9 0.13
12 10 0.54
12 11 0.07
12 65 1.0E-4
2 13 0.24
3 13 0.35
6 13 0.14
7 13 0.34
8 13 0.18
65 13 5.0E-4
3 14 0.25
65 14 5.0E-4
15 1 0.07
3 15 0.11
4 15 0.26
5 15 0.52
15 6 0.04
15 7 0.1
15 9 0.11
10 15 0.06
11 15 0.29
65 15 1.0E-4
5 16 0.2
6 16 0.2
11 16 0.14
65 16 0.0010
3 17 0.07
4 17 0.12
17 5 0.11
17 7 0.06
8 17 0.14
10 17 0.39
17 11 0.11
12 17 0.29
17 15 0.11
17 65 2.0E-4
18 1 0.23
18 2 0.22
18 3 0.29
18 4 0.67
18 5 0.36
18 6 0.37
18 7 0.3
18 8 0.28
18 9 0.15
18 10 0.25
18 11 0.54
18 12 0.28
18 13 0.1
18 14 0.07
18 15 0.34
18 16 0.07
18 17 0.28
18 65 0.0030
2 19 0.67
3 19 0.38
6 19 0.1
7 19 0.36
8 19 0.13
11 19 0.14
19 13 0.35
18 19 0.15
65 19 3.0E-4
20 1 0.06
20 2 0.14
20 3 0.15
20 4 0.32
20 5 0.39
20 6 0.2
20 7 0.15
20 8 0.08
20 9 0.05
20 10 0.23
20 11 0.46
20 12 0.33
20 14 0.1
20 15 0.39
20 16 0.1
20 17 0.22
20 18 0.72
20 19 0.1
20 65 0.0010
21 2 0.08
3 21 0.06
4 21 0.2
21 5 0.61
21 6 0.05
21 7 0.11
21 9 0.11
11 21 0.37
12 21 0.06
21 15 0.49
17 21 0.06
18 21 0.32
21 19 0.11
20 21 0.42
65 21 6.0E-4
5 22 0.2
7 22 0.24
18 22 0.07
65 22 0.0011
23 1 0.18
23 3 0.19
23 4 0.27
23 5 0.08
23 6 0.12
23 8 0.15
23 9 0.19
23 10 0.11
23 11 0.18
23 12 0.1
23 14 0.19
23 15 0.08
23 17 0.21
23 18 0.38
23 20 0.27
23 21 0.09
23 65 0.0013
3 24 0.07
4 24 0.22
5 24 0.12
24 6 0.12
11 24 0.04
18 24 0.25
20 24 0.23
21 24 0.07
23 24 0.11
65 24 1.0E-4
2 25 0.19
3 25 0.14
4 25 0.13
5 25 0.24
6 25 0.12
11 25 0.24
18 25 0.13
25 19 0.29
20 25 0.18
21 25 0.4
23 25 0.11
24 25 0.17
65 25 5.0E-4
26 2 0.07
26 3 0.15
26 4 0.36
26 5 0.04
26 6 0.04
26 8 0.11
26 10 0.24
26 11 0.06
26 12 0.16
26 15 0.09
26 17 0.22
26 18 0.36
26 19 0.1
26 20 0.29
26 21 0.09
26 23 0.24
26 24 0.18
26 25 0.12
26 65 3.0E-4
27 1 0.07
27 3 0.17
27 4 0.28
27 6 0.18
27 7 0.17
27 8 0.12
27 10 0.2
27 11 0.16
27 12 0.18
27 13 0.16
27 15 0.05
27 17 0.06
27 18 0.32
27 20 0.28
27 23 0.35
27 24 0.13
27 26 0.14
27 65 1.0E-4
28 1 0.1
28 2 0.2
3 28 0.15
4 28 0.1
5 28 0.25
28 6 0.3
28 7 0.22
8 28 0.16
10 28 0.09
11 28 0.25
12 28 0.08
15 28 0.06
28 16 0.3
17 28 0.08
18 28 0.24
28 19 0.15
20 28 0.21
21 28 0.14
23 28 0.12
28 25 0.17
27 28 0.21
65 28 8.0E-4
4 29 0.06
29 5 0.24
29 6 0.12
29 7 0.14
8 29 0.15
11 29 0.24
29 16 0.58
17 29 0.15
18 29 0.13
20 29 0.06
29 21 0.13
23 29 0.11
29 28 0.35
65 29 0.0012
2 30 0.15
3 30 0.11
30 6 0.09
11 30 0.06
18 30 0.16
30 19 0.22
20 30 0.23
21 30 0.1
23 30 0.26
24 30 0.13
30 25 0.26
26 30 0.27
27 30 0.1
28 30 0.13
65 30 2.0E-4
3 31 0.14
4 31 0.06
6 31 0.23
7 31 0.14
8 31 0.15
10 31 0.17
31 13 0.41
17 31 0.15
18 31 0.13
26 31 0.12
27 31 0.13
65 31 0.0014
1 32 0.16
3 32 0.13
4 32 0.11
6 32 0.1
7 32 0.12
10 32 0.14
11 32 0.14
15 32 0.21
18 32 0.15
20 32 0.1
26 32 0.1
28 32 0.15
65 32 3.0E-4
33 1 0.13
3 33 0.2
4 33 0.09
5 33 0.33
33 6 0.08
33 7 0.1
8 33 0.11
11 33 0.11
15 33 0.26
18 33 0.18
20 33 0.17
21 33 0.28
33 25 0.24
33 28 0.25
33 32 0.2
65 33 0.0013
34 1 0.05
34 2 0.05
34 3 0.11
34 4 0.29
34 5 0.15
34 6 0.06
34 8 0.08
34 10 0.34
34 11 0.14
34 12 0.43
34 15 0.19
34 17 0.28
34 18 0.5
34 20 0.55
34 21 0.1
34 23 0.23
34 24 0.17
34 25 0.09
34 26 0.3
34 27 0.24
34 28 0.13
34 30 0.13
34 33 0.12
34 65 1.0E-4
35 1 0.13
35 2 0.2
35 3 0.26
35 4 0.4
35 5 0.13
35 6 0.08
35 7 0.1
35 8 0.11
35 9 0.1
35 10 0.12
35 11 0.14
35 12 0.16
35 13 0.14
35 15 0.04
35 17 0.05
35 18 0.36
35 19 0.2
35 20 0.17
35 21 0.19
35 23 0.39
35 24 0.06
35 25 0.24
35 26 0.17
35 27 0.19
35 29 0.12
35 30 0.09
35 34 0.15
35 65 6.0E-4
5 36 0.09
36 6 0.09
11 36 0.06
36 16 0.45
18 36 0.16
20 36 0.14
36 24 0.26
28 36 0.13
29 36 0.26
34 36 0.26
65 36 3.0E-4
37 2 0.19
3 37 0.14
4 37 0.06
5 37 0.12
8 37 0.15
11 37 0.24
17 37 0.15
18 37 0.13
37 19 0.29
20 37 0.06
21 37 0.13
37 25 0.33
26 37 0.12
37 30 0.26
34 37 0.09
35 37 0.12
65 37 3.0E-4
4 38 0.04
5 38 0.08
38 6 0.08
10 38 0.22
12 38 0.2
17 38 0.1
18 38 0.19
20 38 0.19
23 38 0.07
27 38 0.09
28 38 0.11
38 30 0.17
33 38 0.15
34 38 0.28
65 38 1.0E-4
3 39 0.25
6 39 0.2
15 39 0.21
18 39 0.07
28 39 0.3
32 39 0.5
33 39 0.41
65 39 9.0E-4
1 40 0.18
2 40 0.38
3 40 0.14
6 40 0.12
11 40 0.08
18 40 0.13
40 19 0.29
20 40 0.12
21 40 0.13
25 40 0.33
26 40 0.12
30 40 0.26
35 40 0.12
37 40 0.33
65 40 3.0E-4
4 41 0.11
10 41 0.29
17 41 0.27
18 41 0.07
26 41 0.2
31 41 0.58
65 41 6.0E-4
42 2 0.15
4 42 0.1
42 5 0.18
42 6 0.18
42 7 0.22
8 42 0.23
11 42 0.12
42 15 0.1
18 42 0.16
42 19 0.22
20 42 0.18
42 21 0.31
23 42 0.09
42 28 0.13
42 29 0.26
35 42 0.18
65 42 2.0E-4
43 2 0.07
4 43 0.19
43 5 0.13
10 43 0.31
43 11 0.03
12 43 0.17
43 15 0.09
17 43 0.29
18 43 0.34
20 43 0.33
43 21 0.05
23 43 0.08
43 24 0.31
26 43 0.18
27 43 0.1
43 33 0.09
34 43 0.51
35 43 0.04
43 36 0.39
43 38 0.25
43 65 1.0E-4
44 1 0.08
44 2 0.24
3 44 0.27
4 44 0.3
44 5 0.37
44 6 0.17
44 7 0.23
8 44 0.12
44 9 0.06
10 44 0.35
44 11 0.28
12 44 0.35
44 13 0.17
44 15 0.18
44 16 0.12
44 17 0.35
18 44 0.62
44 19 0.24
20 44 0.58
44 21 0.33
44 22 0.12
23 44 0.21
44 24 0.24
44 25 0.21
26 44 0.22
27 44 0.11
44 28 0.25
44 29 0.14
44 30 0.16
44 31 0.14
44 32 0.06
44 33 0.29
34 44 0.6
35 44 0.22
44 36 0.27
44 37 0.14
44 38 0.27
44 39 0.12
44 40 0.07
44 41 0.12
44 42 0.21
44 43 0.55
44 65 0.0029
2 45 0.22
3 45 0.25
4 45 0.04
5 45 0.07
45 6 0.33
45 7 0.16
8 45 0.34
11 45 0.23
15 45 0.07
17 45 0.09
18 45 0.22
45 19 0.33
20 45 0.17
21 45 0.15
45 25 0.38
26 45 0.14
28 45 0.4
29 45 0.19
45 30 0.15
45 32 0.17
33 45 0.27
34 45 0.1
35 45 0.07
37 45 0.19
45 39 0.33
45 40 0.38
42 45 0.15
44 45 0.16
65 45 8.0E-4
3 46 0.06
4 46 0.26
46 5 0.05
46 6 0.05
46 7 0.06
8 46 0.06
10 46 0.27
46 11 0.13
12 46 0.31
46 15 0.05
46 16 0.24
46 17 0.25
18 46 0.31
20 46 0.36
23 46 0.23
46 24 0.2
26 46 0.24
27 46 0.27
46 28 0.21
46 29 0.27
46 30 0.21
34 46 0.38
35 46 0.14
46 36 0.11
46 43 0.21
46 44 0.31
46 45 0.08
46 65 1.0E-4
47 2 0.11
3 47 0.04
4 47 0.16
5 47 0.37
47 6 0.03
47 7 0.12
47 9 0.08
10 47 0.09
11 47 0.2
12 47 0.22
47 15 0.39
17 47 0.13
18 47 0.45
47 19 0.08
20 47 0.55
21 47 0.6
23 47 0.13
47 24 0.19
47 25 0.19
26 47 0.1
27 47 0.04
47 28 0.1
47 30 0.15
47 33 0.2
34 47 0.56
35 47 0.03
47 36 0.29
47 38 0.25
42 47 0.15
43 47 0.39
44 47 0.57
47 45 0.05
46 47 0.12
65 47 1.0E-4
48 2 0.16
3 48 0.08
4 48 0.3
48 5 0.73
48 6 0.16
48 7 0.16
8 48 0.08
48 9 0.08
10 48 0.05
11 48 0.46
12 48 0.04
48 15 0.55
48 16 0.16
17 48 0.09
18 48 0.45
48 19 0.16
20 48 0.51
48 21 0.71
48 22 0.16
23 48 0.09
48 24 0.19
48 25 0.28
26 48 0.1
48 28 0.29
48 29 0.19
48 30 0.15
48 32 0.08
48 33 0.26
34 48 0.19
35 48 0.17
48 36 0.07
48 37 0.28
48 39 0.16
48 40 0.09
48 42 0.29
43 48 0.11
44 48 0.47
48 45 0.22
46 48 0.11
48 47 0.51
65 48 0.0014
5 49 0.2
6 49 0.2
11 49 0.14
49 16 1.0
18 49 0.07
20 49 0.1
28 49 0.3
29 49 0.58
36 49 0.45
44 49 0.12
46 49 0.24
48 49 0.16
65 49 0.0010
3 50 0.18
4 50 0.08
6 50 0.14
7 50 0.17
8 50 0.18
50 13 0.5
18 50 0.1
27 50 0.16
31 50 0.41
44 50 0.17
65 50 4.0E-4
3 51 0.13
4 51 0.11
5 51 0.1
6 51 0.1
51 9 0.25
11 51 0.14
12 51 0.13
18 51 0.15
20 51 0.15
21 51 0.23
51 25 0.29
28 51 0.15
33 51 0.2
34 51 0.07
44 51 0.18
45 51 0.17
47 51 0.16
48 51 0.16
65 51 0.0014
4 52 0.08
18 52 0.1
20 52 0.14
26 52 0.14
44 52 0.08
65 52 2.0E-4
53 2 0.09
53 3 0.2
53 4 0.12
53 6 0.16
53 7 0.06
53 8 0.14
53 10 0.23
53 11 0.04
53 12 0.21
53 13 0.19
53 15 0.06
53 18 0.28
53 20 0.24
53 23 0.21
53 24 0.08
53 26 0.16
53 27 0.18
53 28 0.08
53 30 0.36
53 31 0.31
53 34 0.39
53 35 0.11
53 37 0.15
53 38 0.2
53 43 0.12
53 44 0.26
53 46 0.19
53 47 0.31
53 48 0.17
53 50 0.19
53 65 2.0E-4
5 54 0.2
7 54 0.24
18 54 0.07
54 22 1.0
44 54 0.12
48 54 0.16
65 54 0.0011
3 55 0.25
18 55 0.07
20 55 0.1
23 55 0.19
35 55 0.2
65 55 5.0E-4
3 56 0.25
4 56 0.05
5 56 0.1
6 56 0.3
8 56 0.13
11 56 0.07
15 56 0.11
18 56 0.15
20 56 0.05
21 56 0.11
56 25 0.29
26 56 0.1
28 56 0.3
56 32 0.25
33 56 0.41
34 56 0.15
56 39 0.5
44 56 0.12
45 56 0.5
47 56 0.08
48 56 0.16
51 56 0.25
65 56 0.0017
3 57 0.18
6 57 0.28
15 57 0.15
18 57 0.1
28 57 0.21
57 31 0.41
57 32 0.35
33 57 0.29
57 39 0.71
44 57 0.08
45 57 0.24
48 57 0.11
53 57 0.19
56 57 0.35
65 57 6.0E-4
58 1 0.33
2 58 0.17
3 58 0.13
4 58 0.06
5 58 0.05
58 6 0.1
58 7 0.13
8 58 0.07
11 58 0.11
12 58 0.14
58 13 0.18
15 58 0.06
17 58 0.07
18 58 0.28
20 58 0.18
21 58 0.06
23 58 0.15
24 58 0.07
27 58 0.18
28 58 0.08
58 31 0.15
34 58 0.27
35 58 0.16
36 58 0.23
38 58 0.1
43 58 0.23
44 58 0.25
47 58 0.3
48 58 0.04
58 50 0.18
53 58 0.14
65 58 1.0E-4
3 59 0.25
6 59 0.2
18 59 0.07
56 59 0.5
65 59 6.0E-4
3 60 0.25
18 60 0.07
44 60 0.12
51 60 0.5
65 60 0.0012
2 61 0.19
3 61 0.14
4 61 0.13
5 61 0.12
6 61 0.12
7 61 0.14
8 61 0.3
11 61 0.16
17 61 0.15
18 61 0.13
61 19 0.29
20 61 0.12
21 61 0.13
61 25 0.33
26 61 0.12
30 61 0.26
35 61 0.24
37 61 0.67
61 40 0.33
42 61 0.26
44 61 0.14
45 61 0.19
48 61 0.19
65 61 4.0E-4
3 62 0.25
18 62 0.07
44 62 0.12
51 62 0.5
62 60 1.0
65 62 0.0012
4 63 0.11
63 5 0.1
8 63 0.26
63 11 0.27
18 63 0.15
20 63 0.1
63 21 0.11
23 63 0.19
63 25 0.29
63 28 0.15
63 33 0.2
34 63 0.07
44 63 0.12
63 45 0.17
63 47 0.08
63 48 0.08
63 51 0.25
63 56 0.25
63 65 7.0E-4
4 64 0.09
5 64 0.17
64 6 0.16
8 64 0.11
11 64 0.28
64 16 0.41
17 64 0.11
18 64 0.18
20 64 0.17
23 64 0.08
28 64 0.12
29 64 0.24
64 36 0.18
37 64 0.24
44 64 0.1
46 64 0.1
48 64 0.13
64 49 0.41
64 61 0.24
63 64 0.2
65 64 7.0E-4
