*Vertices  46
1 "衬底"
2 "LED灯"
3 "容器"
4 "发光荧光材料"
5 "离子络合"
6 "硼酸"
7 "蓝膜"
8 "AuSn"
9 "Au5Sn"
10 "EP"
11 "外延"
12 "LED"
13 "二极管"
14 "腐蚀液"
15 "Au-Sn合金电镀液"
16 "光谱仪"
17 "光刻胶"
18 "SiO2"
19 "半导体"
20 "GaAs"
21 "焊盘"
22 "荧光光谱"
23 "LED芯片"
24 "芯片"
25 "电流扩展层"
26 "酸盐"
27 "SrCO3"
28 "Eu2O3"
29 "亚硫酸"
30 "硝酸"
31 "Eu2"
32 "Li"
33 "离子"
34 "电极"
35 "基色"
36 "Au-Sn合金"
37 "Au-30at.％Sn合金"
38 "丙酮"
39 "EP-CAB共聚物"
40 "透镜"
41 "发光层"
42 "甲基"
43 "CAB"
44 "激发光"
45 "络合剂"
46 "去离子水"
*Arcs
46 1 7.0E-4
2 1 0.03
2 46 1.0E-4
3 1 0.09
2 3 0.12
46 3 3.0E-4
4 1 0.18
4 2 0.21
4 3 0.2
4 46 4.0E-4
46 5 0.0043
2 6 0.11
6 3 0.19
4 6 0.4
46 6 8.0E-4
1 7 0.32
3 7 0.27
46 7 9.0E-4
8 5 1.0
46 8 0.0043
9 5 1.0
9 8 1.0
46 9 0.0043
10 1 0.12
2 10 0.12
10 3 0.1
4 10 0.29
10 6 0.4
10 7 0.19
46 10 0.0024
11 1 0.95
2 11 0.05
4 11 0.25
11 7 0.16
10 11 0.06
46 11 2.0E-4
12 1 0.32
12 2 0.67
12 3 0.19
12 4 0.28
12 5 0.07
12 6 0.15
12 7 0.1
12 8 0.07
12 9 0.07
12 10 0.28
12 11 0.32
12 46 6.0E-4
13 1 0.37
13 2 0.32
13 3 0.23
13 4 0.33
13 5 0.1
13 6 0.1
13 7 0.14
13 8 0.1
13 9 0.1
13 10 0.22
13 11 0.37
13 12 0.72
13 46 5.0E-4
1 14 0.56
2 14 0.04
3 14 0.15
14 7 0.29
10 14 0.22
11 14 0.47
12 14 0.18
13 14 0.25
46 14 0.0014
15 5 1.0
15 8 1.0
15 9 1.0
12 15 0.07
13 15 0.1
46 15 0.0043
2 16 0.08
4 16 0.19
16 6 0.35
16 10 0.19
12 16 0.1
13 16 0.07
46 16 0.0013
1 17 0.46
2 17 0.05
10 17 0.13
11 17 0.46
12 17 0.15
13 17 0.2
14 17 0.82
46 17 5.0E-4
18 1 0.38
2 18 0.12
18 3 0.21
4 18 0.52
18 6 0.14
18 7 0.2
18 10 0.3
18 11 0.38
12 18 0.27
13 18 0.31
18 14 0.34
18 16 0.2
18 17 0.28
46 18 0.0010
19 1 0.64
19 2 0.29
19 3 0.22
19 4 0.43
19 5 0.15
19 6 0.22
19 7 0.21
19 8 0.15
19 9 0.15
19 10 0.28
19 11 0.64
19 12 0.5
19 13 0.55
19 14 0.36
19 15 0.15
19 17 0.29
19 18 0.41
19 46 0.0010
1 20 0.61
2 20 0.04
4 20 0.18
7 20 0.24
10 20 0.09
11 20 0.69
12 20 0.22
13 20 0.27
14 20 0.41
20 17 0.33
18 20 0.37
19 20 0.44
46 20 4.0E-4
2 21 0.06
21 5 0.58
21 8 0.58
21 9 0.58
10 21 0.31
12 21 0.13
13 21 0.12
21 15 0.58
19 21 0.17
46 21 0.0016
2 22 0.08
4 22 0.19
22 6 0.35
22 10 0.19
12 22 0.1
13 22 0.07
22 16 1.0
22 18 0.2
46 22 0.0013
23 1 0.5
2 23 0.19
23 3 0.25
4 23 0.17
6 23 0.22
23 7 0.15
10 23 0.29
23 11 0.45
12 23 0.34
13 23 0.33
23 14 0.36
23 17 0.33
18 23 0.24
19 23 0.51
23 20 0.15
23 21 0.25
46 23 3.0E-4
24 1 0.49
2 24 0.3
24 3 0.14
4 24 0.35
24 5 0.12
24 6 0.24
24 7 0.17
24 8 0.12
24 9 0.12
24 10 0.35
24 11 0.49
12 24 0.62
13 24 0.58
24 14 0.29
24 15 0.12
24 16 0.08
24 17 0.24
24 18 0.4
19 24 0.6
24 20 0.36
24 21 0.21
24 22 0.08
24 23 0.55
46 24 0.0010
1 25 0.57
2 25 0.08
3 25 0.13
4 25 0.09
25 7 0.5
10 25 0.19
11 25 0.57
12 25 0.21
13 25 0.29
25 14 0.58
25 17 0.35
18 25 0.49
19 25 0.42
25 20 0.71
23 25 0.23
24 25 0.34
46 25 5.0E-4
2 26 0.11
26 3 0.25
4 26 0.53
26 5 0.33
26 6 0.67
26 8 0.33
26 9 0.33
26 10 0.45
12 26 0.22
13 26 0.24
26 15 0.33
26 16 0.24
26 18 0.37
19 26 0.29
26 21 0.19
26 22 0.24
26 23 0.22
26 24 0.36
46 26 0.0021
2 27 0.08
4 27 0.38
27 6 0.35
27 10 0.38
12 27 0.1
13 27 0.07
27 16 0.5
27 18 0.39
19 27 0.1
27 22 0.5
27 24 0.17
27 26 0.24
46 27 0.0014
2 28 0.08
4 28 0.38
28 6 0.35
28 10 0.38
12 28 0.1
13 28 0.07
28 16 0.5
28 18 0.39
19 28 0.1
28 22 0.5
28 24 0.17
28 26 0.24
28 27 1.0
46 28 0.0014
29 5 1.0
29 8 1.0
29 9 1.0
12 29 0.07
13 29 0.1
29 15 1.0
19 29 0.15
29 21 0.58
24 29 0.12
26 29 0.33
46 29 0.0043
2 30 0.06
4 30 0.46
30 6 0.58
30 10 0.46
12 30 0.13
13 30 0.12
30 16 0.41
30 18 0.32
19 30 0.17
30 22 0.41
30 23 0.13
30 24 0.21
30 26 0.58
30 27 0.41
30 28 0.41
46 30 0.0010
2 31 0.05
4 31 0.53
31 6 0.5
31 10 0.53
12 31 0.15
13 31 0.15
31 16 0.35
31 18 0.42
19 31 0.22
31 22 0.35
31 23 0.11
31 24 0.24
31 26 0.5
31 27 0.71
31 28 0.71
31 30 0.87
46 31 9.0E-4
32 1 0.16
2 32 0.26
32 3 0.09
4 32 0.31
32 6 0.24
32 10 0.25
32 11 0.16
12 32 0.31
13 32 0.36
32 16 0.17
32 18 0.33
19 32 0.38
32 20 0.16
32 22 0.17
32 23 0.21
32 24 0.31
32 25 0.17
32 26 0.39
32 27 0.17
32 28 0.17
32 30 0.27
32 31 0.24
32 46 3.0E-4
33 1 0.32
2 33 0.13
33 3 0.09
4 33 0.18
33 5 0.23
33 6 0.34
33 7 0.16
33 8 0.23
33 9 0.23
33 10 0.49
33 11 0.26
12 33 0.32
13 33 0.26
33 14 0.37
33 15 0.23
33 16 0.16
33 17 0.23
33 18 0.32
19 33 0.34
33 20 0.38
33 21 0.13
33 22 0.16
33 23 0.15
33 24 0.33
33 25 0.41
33 26 0.38
33 27 0.32
33 28 0.32
33 29 0.23
33 30 0.26
33 31 0.34
33 32 0.27
33 46 0.0043
34 1 0.72
2 34 0.16
34 3 0.19
4 34 0.22
34 7 0.23
10 34 0.13
34 11 0.72
12 34 0.45
13 34 0.55
34 14 0.4
34 17 0.33
18 34 0.32
19 34 0.56
34 20 0.49
34 21 0.09
23 34 0.39
24 34 0.57
34 25 0.46
32 34 0.12
33 34 0.23
46 34 4.0E-4
35 1 0.09
2 35 0.04
4 35 0.22
35 6 0.41
35 10 0.22
35 11 0.09
12 35 0.18
13 35 0.08
35 16 0.29
35 18 0.23
19 35 0.12
35 20 0.14
35 22 0.29
35 23 0.18
35 24 0.15
35 26 0.27
35 27 0.29
35 28 0.29
35 30 0.47
35 31 0.41
35 32 0.19
35 33 0.19
35 34 0.07
35 46 5.0E-4
36 5 1.0
36 8 1.0
36 9 1.0
12 36 0.07
13 36 0.1
36 15 1.0
19 36 0.15
36 21 0.58
24 36 0.12
26 36 0.33
36 29 1.0
33 36 0.23
46 36 0.0043
37 5 1.0
37 8 1.0
37 9 1.0
12 37 0.07
13 37 0.1
37 15 1.0
19 37 0.15
37 21 0.58
24 37 0.12
26 37 0.33
37 29 1.0
33 37 0.23
37 36 1.0
46 37 0.0043
38 1 0.19
2 38 0.04
38 3 0.15
4 38 0.11
38 6 0.41
38 7 0.29
38 10 0.65
38 11 0.09
12 38 0.18
13 38 0.17
38 14 0.33
38 16 0.29
38 17 0.2
38 18 0.23
19 38 0.18
38 20 0.14
38 22 0.29
38 23 0.18
38 24 0.24
38 25 0.29
38 26 0.41
38 27 0.29
38 28 0.29
38 30 0.24
38 31 0.2
38 32 0.19
38 33 0.56
38 34 0.13
38 35 0.17
38 46 0.0043
10 39 0.27
12 39 0.07
33 39 0.23
38 39 0.41
46 39 0.0025
40 1 0.06
40 2 0.25
40 3 0.19
40 4 0.33
40 6 0.13
40 10 0.07
40 11 0.06
40 12 0.29
40 13 0.28
40 16 0.18
40 18 0.21
40 19 0.26
40 20 0.08
40 22 0.18
40 23 0.22
40 24 0.18
40 25 0.09
40 26 0.25
40 32 0.29
40 33 0.11
40 34 0.04
40 38 0.1
40 39 0.25
40 46 4.0E-4
1 41 0.61
3 41 0.14
4 41 0.2
41 7 0.53
10 41 0.2
11 41 0.52
12 41 0.19
13 41 0.27
41 14 0.46
41 17 0.19
18 41 0.21
19 41 0.39
41 20 0.5
23 41 0.25
24 41 0.32
41 25 0.53
33 41 0.26
34 41 0.43
38 41 0.31
46 41 5.0E-4
42 1 0.33
2 42 0.06
42 3 0.22
4 42 0.23
42 5 0.29
6 42 0.29
42 8 0.29
42 9 0.29
10 42 0.23
42 11 0.33
12 42 0.25
13 42 0.23
42 15 0.29
18 42 0.16
19 42 0.38
42 21 0.17
23 42 0.38
24 42 0.38
26 42 0.58
42 29 0.29
32 42 0.27
33 42 0.26
34 42 0.24
42 36 0.29
42 37 0.29
38 42 0.35
42 39 0.29
40 42 0.29
42 41 0.11
46 42 0.0018
10 43 0.27
12 43 0.07
33 43 0.23
38 43 0.41
43 39 1.0
40 43 0.25
42 43 0.29
46 43 0.0025
44 1 0.15
2 44 0.07
44 3 0.13
4 44 0.45
44 6 0.33
44 10 0.27
44 11 0.15
12 44 0.22
13 44 0.27
44 16 0.47
44 18 0.55
19 44 0.25
44 20 0.22
44 22 0.47
44 23 0.15
44 24 0.28
44 25 0.24
44 26 0.44
44 27 0.47
44 28 0.47
44 30 0.38
44 31 0.5
44 32 0.47
44 33 0.38
44 34 0.11
44 35 0.27
44 38 0.14
40 44 0.33
44 42 0.19
44 46 6.0E-4
45 5 1.0
45 8 1.0
45 9 1.0
12 45 0.07
13 45 0.1
45 15 1.0
19 45 0.15
45 21 0.58
24 45 0.12
26 45 0.33
45 29 1.0
33 45 0.23
45 36 1.0
45 37 1.0
45 42 0.29
46 45 0.0043
