*Vertices  49
1 "LED显示屏"
2 "衬底"
3 "叶片"
4 "荧光粉"
5 "发光荧光材料"
6 "次氯酸钠溶液"
7 "保护层"
8 "活性层"
9 "蒸镀方法"
10 "EP"
11 "LED外延片"
12 "外延片"
13 "外延"
14 "LED"
15 "二极管"
16 "玻璃"
17 "塑料"
18 "腐蚀液"
19 "铝基板"
20 "基板"
21 "缓冲层"
22 "光刻胶"
23 "填充区域"
24 "SiO2"
25 "半导体"
26 "电路板"
27 "Al2O3"
28 "GaAs"
29 "MQW"
30 "ITO"
31 "键合"
32 "LED芯片"
33 "芯片"
34 "金属层"
35 "电流扩展层"
36 "离子"
37 "电极"
38 "基色"
39 "丙酮"
40 "激光"
41 "粘附层"
42 "MOCVD"
43 "湿法刻蚀"
44 "干法刻蚀"
45 "屏幕"
46 "透明导电层"
47 "发光层"
48 "电流阻挡层"
49 "反射层"
*Arcs
49 1 2.0E-4
2 49 0.0042
1 3 0.45
49 3 5.0E-4
4 1 0.09
4 2 0.13
4 49 2.0E-4
5 2 0.18
5 4 0.54
5 49 0.0013
2 6 0.32
49 6 9.0E-4
2 7 0.23
4 7 0.14
5 7 0.13
7 49 7.0E-4
2 8 0.23
5 8 0.27
7 8 0.5
49 8 0.0018
2 9 0.32
5 9 0.38
49 9 0.0025
10 2 0.12
4 10 0.39
5 10 0.29
10 6 0.19
10 7 0.13
10 49 2.0E-4
11 2 0.65
4 11 0.1
11 7 0.18
11 49 4.0E-4
12 2 0.83
4 12 0.08
5 12 0.15
12 6 0.2
12 7 0.14
12 9 0.39
10 12 0.07
12 11 0.78
12 49 0.0027
13 2 0.95
4 13 0.13
5 13 0.25
13 6 0.32
13 7 0.23
13 8 0.23
13 9 0.32
10 13 0.06
13 11 0.65
13 12 0.83
13 49 0.0043
14 1 0.23
14 2 0.32
14 3 0.1
14 4 0.25
14 5 0.28
14 6 0.1
14 7 0.15
14 8 0.07
14 9 0.1
14 10 0.28
14 11 0.21
14 12 0.27
14 13 0.32
14 49 8.0E-4
15 1 0.06
15 2 0.37
15 4 0.23
15 5 0.33
15 6 0.14
15 7 0.1
15 8 0.1
15 9 0.14
15 10 0.22
15 11 0.22
15 12 0.31
15 13 0.37
15 14 0.72
15 49 8.0E-4
16 1 0.18
16 2 0.13
16 3 0.27
16 4 0.11
16 5 0.1
16 6 0.14
16 10 0.21
16 12 0.16
16 13 0.13
16 14 0.38
16 15 0.27
16 49 4.0E-4
17 1 0.07
17 2 0.05
17 3 0.16
17 4 0.2
17 5 0.18
17 6 0.16
17 10 0.06
17 12 0.06
17 13 0.05
17 14 0.32
17 15 0.28
17 16 0.35
17 49 3.0E-4
2 18 0.56
18 6 0.58
7 18 0.2
10 18 0.22
11 18 0.29
12 18 0.34
13 18 0.47
14 18 0.18
15 18 0.25
16 18 0.08
17 18 0.09
18 49 0.0013
19 2 0.07
19 4 0.17
19 5 0.08
19 6 0.21
19 7 0.15
19 10 0.16
19 12 0.08
19 13 0.07
19 14 0.24
19 15 0.24
19 16 0.12
19 17 0.35
19 18 0.12
19 49 2.0E-4
2 20 0.08
4 20 0.1
13 20 0.08
14 20 0.21
15 20 0.14
49 20 1.0E-4
21 2 0.65
4 21 0.1
5 21 0.19
21 9 0.5
21 11 0.75
21 12 0.78
21 13 0.65
14 21 0.21
15 21 0.22
21 49 0.0012
2 22 0.46
22 6 0.35
7 22 0.25
10 22 0.13
11 22 0.35
12 22 0.42
13 22 0.46
14 22 0.15
15 22 0.2
16 22 0.1
17 22 0.11
18 22 0.82
19 22 0.15
49 22 0.0016
2 23 0.23
6 23 0.71
10 23 0.27
12 23 0.28
13 23 0.23
14 23 0.07
15 23 0.1
16 23 0.19
17 23 0.23
18 23 0.41
19 23 0.3
22 23 0.5
49 23 0.0013
24 1 0.09
24 2 0.38
24 3 0.2
4 24 0.32
5 24 0.52
24 7 0.14
24 9 0.2
24 10 0.3
24 11 0.2
24 12 0.38
24 13 0.38
14 24 0.27
15 24 0.31
16 24 0.16
17 24 0.19
24 18 0.34
24 21 0.1
24 22 0.28
24 49 0.0015
25 1 0.05
25 2 0.64
25 3 0.1
25 4 0.34
25 5 0.43
25 6 0.21
25 7 0.15
25 8 0.15
25 9 0.21
25 10 0.28
25 11 0.42
25 12 0.53
25 13 0.64
25 14 0.5
25 15 0.55
25 16 0.23
25 17 0.24
25 18 0.36
25 19 0.27
25 20 0.1
25 21 0.42
25 22 0.29
25 23 0.15
25 24 0.41
25 49 0.0021
26 1 0.13
26 3 0.29
26 4 0.12
26 5 0.16
26 10 0.05
26 14 0.36
26 15 0.17
26 16 0.39
26 17 0.19
26 19 0.06
26 24 0.06
26 25 0.15
26 49 1.0E-4
27 2 0.72
4 27 0.35
5 27 0.45
27 7 0.24
27 8 0.24
27 9 0.34
10 27 0.06
27 11 0.6
27 12 0.74
27 13 0.78
14 27 0.3
15 27 0.34
16 27 0.09
17 27 0.11
27 18 0.1
27 20 0.09
27 21 0.69
27 22 0.12
24 27 0.54
25 27 0.57
27 49 0.0024
2 28 0.61
4 28 0.1
5 28 0.18
28 6 0.47
28 9 0.24
10 28 0.09
12 28 0.37
13 28 0.69
14 28 0.22
15 28 0.27
16 28 0.19
17 28 0.08
18 28 0.41
19 28 0.1
28 20 0.12
21 28 0.12
28 22 0.33
28 23 0.33
24 28 0.37
25 28 0.44
27 28 0.4
49 28 0.0022
29 2 0.64
4 29 0.16
5 29 0.15
29 6 0.2
29 7 0.14
10 29 0.22
29 11 0.69
29 12 0.77
29 13 0.7
14 29 0.27
15 29 0.31
16 29 0.21
17 29 0.06
29 18 0.23
19 29 0.08
29 21 0.59
29 22 0.28
29 23 0.28
24 29 0.31
25 29 0.53
27 29 0.67
29 28 0.37
29 49 5.0E-4
2 30 0.66
4 30 0.08
5 30 0.23
30 7 0.29
30 8 0.29
30 9 0.2
11 30 0.61
12 30 0.72
13 30 0.73
14 30 0.25
15 30 0.26
16 30 0.11
30 18 0.24
21 30 0.51
30 22 0.29
24 30 0.4
25 30 0.47
27 30 0.7
30 28 0.29
29 30 0.64
30 49 0.0020
2 31 0.26
4 31 0.22
5 31 0.2
31 6 0.27
31 7 0.19
31 9 0.27
10 31 0.1
12 31 0.1
13 31 0.35
14 31 0.19
15 31 0.19
16 31 0.07
17 31 0.09
31 18 0.15
19 31 0.11
31 20 0.13
21 31 0.13
24 31 0.21
25 31 0.28
27 31 0.28
31 28 0.5
29 31 0.1
30 31 0.11
31 49 0.0010
32 2 0.5
4 32 0.31
5 32 0.17
32 6 0.15
32 7 0.22
10 32 0.29
32 11 0.54
32 12 0.48
32 13 0.45
14 32 0.34
15 32 0.33
16 32 0.08
17 32 0.1
32 18 0.36
19 32 0.26
32 20 0.23
32 21 0.39
32 22 0.33
32 23 0.22
24 32 0.24
25 32 0.51
26 32 0.04
27 32 0.42
32 28 0.15
32 29 0.54
32 30 0.31
32 31 0.25
32 49 0.0010
33 1 0.08
33 2 0.49
33 3 0.08
4 33 0.35
5 33 0.35
33 6 0.17
33 7 0.12
33 9 0.17
33 10 0.35
33 11 0.34
33 12 0.43
33 13 0.49
14 33 0.62
15 33 0.58
16 33 0.21
17 33 0.11
33 18 0.29
19 33 0.22
33 20 0.13
33 21 0.34
33 22 0.24
33 23 0.12
33 24 0.4
25 33 0.6
26 33 0.22
33 27 0.46
33 28 0.36
33 29 0.43
33 30 0.38
33 31 0.27
33 32 0.55
33 49 0.0011
2 34 0.41
5 34 0.24
7 34 0.22
34 8 0.45
11 34 0.16
12 34 0.37
13 34 0.51
14 34 0.16
15 34 0.23
16 34 0.17
18 34 0.18
22 34 0.22
24 34 0.5
25 34 0.33
27 34 0.43
28 34 0.45
29 34 0.37
30 34 0.65
31 34 0.17
32 34 0.1
33 34 0.21
49 34 0.0018
2 35 0.57
5 35 0.09
35 6 0.5
7 35 0.18
10 35 0.19
11 35 0.13
12 35 0.39
13 35 0.57
14 35 0.21
15 35 0.29
16 35 0.2
17 35 0.08
35 18 0.58
19 35 0.11
35 22 0.35
35 23 0.35
24 35 0.49
25 35 0.42
27 35 0.34
35 28 0.71
29 35 0.49
30 35 0.41
31 35 0.27
32 35 0.23
33 35 0.34
35 34 0.47
35 49 7.0E-4
36 1 0.15
36 2 0.32
4 36 0.13
5 36 0.18
36 6 0.32
36 10 0.49
36 12 0.19
36 13 0.26
14 36 0.32
15 36 0.26
16 36 0.35
17 36 0.05
36 18 0.37
19 36 0.07
36 22 0.23
36 23 0.23
36 24 0.32
25 36 0.34
26 36 0.14
36 27 0.11
36 28 0.38
36 29 0.25
36 30 0.13
36 31 0.09
36 32 0.15
36 33 0.33
36 34 0.21
36 35 0.41
36 49 3.0E-4
37 2 0.72
4 37 0.09
5 37 0.22
37 6 0.23
37 7 0.16
37 8 0.16
37 9 0.23
10 37 0.13
37 11 0.46
37 12 0.59
37 13 0.72
14 37 0.45
15 37 0.55
16 37 0.13
17 37 0.04
37 18 0.4
19 37 0.1
37 20 0.06
37 21 0.46
37 22 0.33
37 23 0.16
24 37 0.32
25 37 0.56
26 37 0.03
27 37 0.56
37 28 0.49
37 29 0.55
37 30 0.57
37 31 0.25
32 37 0.39
33 37 0.57
37 34 0.37
37 35 0.46
36 37 0.23
37 49 0.0023
38 1 0.39
38 2 0.09
38 3 0.29
4 38 0.24
5 38 0.22
38 10 0.22
38 13 0.09
14 38 0.18
15 38 0.08
16 38 0.16
17 38 0.09
38 20 0.14
38 24 0.23
25 38 0.12
26 38 0.08
38 27 0.1
38 28 0.14
38 29 0.11
38 31 0.15
38 32 0.18
38 33 0.15
38 36 0.19
38 37 0.07
38 49 8.0E-4
39 2 0.19
5 39 0.11
39 6 0.29
39 10 0.65
39 12 0.11
39 13 0.09
14 39 0.18
15 39 0.17
16 39 0.24
17 39 0.09
39 18 0.33
19 39 0.12
39 22 0.2
39 23 0.41
39 24 0.23
25 39 0.18
26 39 0.08
39 28 0.14
39 29 0.11
39 32 0.18
39 33 0.24
39 35 0.29
39 36 0.56
39 37 0.13
39 38 0.17
39 49 3.0E-4
40 2 0.37
40 4 0.23
40 5 0.21
40 7 0.27
40 8 0.27
40 11 0.19
40 12 0.3
40 13 0.43
40 14 0.28
40 15 0.24
40 16 0.21
40 17 0.18
40 18 0.11
40 19 0.08
40 20 0.09
40 21 0.09
40 22 0.13
40 24 0.3
40 25 0.39
40 26 0.11
40 27 0.45
40 28 0.36
40 29 0.37
40 30 0.46
40 31 0.2
40 32 0.12
40 33 0.26
40 34 0.48
40 35 0.38
40 36 0.12
40 37 0.31
40 38 0.11
40 49 8.0E-4
2 41 0.23
5 41 0.27
7 41 0.5
41 8 1.0
13 41 0.23
14 41 0.07
15 41 0.1
25 41 0.15
27 41 0.24
30 41 0.29
34 41 0.45
37 41 0.16
40 41 0.27
49 41 0.0018
42 2 0.73
4 42 0.08
5 42 0.23
42 6 0.2
42 9 0.41
10 42 0.08
42 11 0.61
42 12 0.88
42 13 0.79
14 42 0.25
15 42 0.29
16 42 0.17
17 42 0.07
42 18 0.12
19 42 0.09
42 21 0.82
42 22 0.14
42 23 0.29
24 42 0.32
25 42 0.51
27 42 0.77
42 28 0.48
42 29 0.8
42 30 0.67
42 31 0.22
32 42 0.38
33 42 0.41
42 34 0.39
42 35 0.41
36 42 0.2
37 42 0.57
39 42 0.12
40 42 0.31
42 49 0.0020
2 43 0.46
5 43 0.13
43 9 0.35
11 43 0.18
12 43 0.55
13 43 0.46
14 43 0.15
15 43 0.2
16 43 0.19
18 43 0.2
21 43 0.18
43 22 0.25
24 43 0.55
25 43 0.29
27 43 0.36
43 28 0.5
29 43 0.28
30 43 0.43
31 43 0.19
32 43 0.11
33 43 0.24
43 34 0.67
35 43 0.35
36 43 0.23
37 43 0.33
40 43 0.27
42 43 0.43
49 43 0.0018
2 44 0.51
4 44 0.13
5 44 0.24
44 9 0.63
12 44 0.5
13 44 0.51
14 44 0.16
15 44 0.18
16 44 0.17
44 20 0.16
21 44 0.32
24 44 0.37
25 44 0.33
27 44 0.54
44 28 0.6
29 44 0.25
30 44 0.39
31 44 0.34
32 44 0.1
33 44 0.27
44 34 0.4
35 44 0.32
36 44 0.21
37 44 0.37
38 44 0.18
40 44 0.36
42 44 0.52
44 43 0.67
49 44 0.0029
45 1 0.33
2 45 0.36
45 3 0.37
5 45 0.14
45 6 0.18
45 9 0.37
10 45 0.07
11 45 0.27
12 45 0.43
13 45 0.36
14 45 0.28
15 45 0.18
16 45 0.15
17 45 0.18
18 45 0.21
19 45 0.08
21 45 0.37
45 22 0.26
45 23 0.26
24 45 0.21
25 45 0.27
26 45 0.16
27 45 0.25
45 28 0.17
29 45 0.21
30 45 0.22
31 45 0.1
32 45 0.23
33 45 0.25
45 34 0.12
35 45 0.09
36 45 0.12
37 45 0.3
38 45 0.11
39 45 0.11
40 45 0.14
42 45 0.37
45 43 0.26
45 44 0.23
49 45 0.0026
2 46 0.23
5 46 0.27
7 46 0.5
46 8 1.0
13 46 0.23
14 46 0.07
15 46 0.1
25 46 0.15
27 46 0.24
30 46 0.29
34 46 0.45
37 46 0.16
40 46 0.27
46 41 1.0
49 46 0.0018
2 47 0.61
5 47 0.2
47 6 0.53
47 9 0.53
10 47 0.2
11 47 0.13
12 47 0.42
13 47 0.52
14 47 0.19
15 47 0.27
16 47 0.07
17 47 0.09
47 18 0.46
19 47 0.11
21 47 0.4
47 22 0.19
47 23 0.38
24 47 0.21
25 47 0.39
27 47 0.28
47 28 0.5
29 47 0.21
47 30 0.22
47 31 0.29
32 47 0.25
33 47 0.32
47 35 0.53
36 47 0.26
37 47 0.43
39 47 0.31
42 47 0.44
47 43 0.19
47 44 0.34
47 45 0.29
47 49 0.0025
2 48 0.32
5 48 0.19
48 9 0.5
12 48 0.2
13 48 0.32
14 48 0.1
15 48 0.14
21 48 0.25
24 48 0.2
25 48 0.21
27 48 0.17
48 28 0.47
31 48 0.27
33 48 0.17
35 48 0.25
37 48 0.23
42 48 0.2
48 43 0.35
48 44 0.32
48 45 0.18
47 48 0.53
48 49 9.0E-4
