*Vertices  11
1 "LED灯"
2 "LED"
3 "二极管"
4 "导热板"
5 "散热片"
6 "散热器"
7 "半导体"
8 "LED芯片"
9 "芯片"
10 "透镜"
11 "反光杯"
*Arcs
1 11 0.0061
2 1 0.67
2 11 0.0030
3 1 0.32
3 2 0.72
3 11 0.0039
1 4 0.16
2 4 0.1
3 4 0.07
4 11 0.1098
1 5 0.43
2 5 0.3
3 5 0.22
5 4 0.34
5 11 0.0232
1 6 0.44
2 6 0.31
3 6 0.24
6 4 0.33
6 5 0.63
6 11 0.0227
7 1 0.29
7 2 0.5
7 3 0.55
7 4 0.1
7 5 0.11
7 6 0.14
7 11 0.0074
1 8 0.19
2 8 0.34
3 8 0.33
8 4 0.15
8 5 0.26
8 6 0.21
7 8 0.51
8 11 0.0151
1 9 0.3
2 9 0.62
3 9 0.58
9 4 0.08
9 5 0.17
9 6 0.14
7 9 0.6
9 8 0.55
9 11 0.0051
10 1 0.25
10 2 0.29
10 3 0.28
10 4 0.35
10 5 0.3
10 6 0.12
10 7 0.26
10 8 0.22
10 9 0.18
10 11 0.0238
