*Vertices  10
1 "LED灯"
2 "发光板"
3 "LED"
4 "二极管"
5 "LED光源"
6 "散热片"
7 "散热器"
8 "发电机"
9 "发光体"
10 "发动机"
*Arcs
1 10 0.0049
1 2 0.16
10 2 0.0521
3 1 0.67
3 2 0.15
3 10 0.0028
4 1 0.32
4 2 0.15
4 3 0.72
4 10 0.0038
5 1 0.36
5 2 0.1
5 3 0.36
5 4 0.29
5 10 0.011
1 6 0.43
6 2 0.12
3 6 0.3
4 6 0.22
5 6 0.45
6 10 0.0146
1 7 0.44
7 2 0.12
3 7 0.31
4 7 0.24
5 7 0.34
7 6 0.63
7 10 0.0146
1 8 0.11
8 2 0.25
3 8 0.15
4 8 0.1
5 8 0.1
6 8 0.12
7 8 0.12
8 10 0.0523
9 1 0.21
9 2 0.19
9 3 0.19
9 4 0.23
9 5 0.23
9 6 0.09
9 7 0.09
9 8 0.19
9 10 0.0317
