*Vertices  89
1 "显示器"
2 "衬底"
3 "LED灯"
4 "容器"
5 "光膜"
6 "处理器"
7 "单片机"
8 "发生器"
9 "荧光粉"
10 "开关"
11 "柔性高分子材料"
12 "塑料光转换荧光粒料"
13 "助剂"
14 "保护层"
15 "聚合物树脂"
16 "硼酸"
17 "活性层"
18 "蒸镀方法"
19 "EP"
20 "外延片"
21 "外延"
22 "LED"
23 "二极管"
24 "三极管"
25 "扩散剂"
26 "玻璃"
27 "LED光源"
28 "塑料"
29 "转换器"
30 "铝基板"
31 "缓冲层"
32 "基座"
33 "稀释剂"
34 "光谱仪"
35 "荧光体"
36 "发光体"
37 "硅橡胶"
38 "SiO2"
39 "半导体"
40 "电路板"
41 "Al2O3"
42 "NH4H2PO4"
43 "GaAs"
44 "MQW"
45 "ITO"
46 "硅氧磷灰石"
47 "键合"
48 "客户"
49 "荧光光谱"
50 "金属银纳米粒子"
51 "LED芯片"
52 "芯片"
53 "金属层"
54 "涂层"
55 "电流扩展层"
56 "酸盐"
57 "硅油"
58 "SrCO3"
59 "Eu2O3"
60 "硝酸"
61 "Eu2"
62 "去离子水"
63 "硬脂酰胺"
64 "Li"
65 "液体石蜡"
66 "离子"
67 "电极"
68 "电阻"
69 "基色"
70 "脉冲信号"
71 "丙酮"
72 "激光"
73 "粘附层"
74 "MOCVD"
75 "湿法刻蚀"
76 "干法刻蚀"
77 "玻璃体"
78 "洗墙灯"
79 "射灯"
80 "臭氧"
81 "屏幕"
82 "透镜"
83 "透明导电层"
84 "反射层"
85 "发光层"
86 "甲基"
87 "激发光"
88 "电流阻挡层"
89 "发光荧光材料"
*Arcs
89 1 1.0E-4
89 2 4.0E-4
3 1 0.08
3 2 0.03
89 3 3.0E-4
4 2 0.09
3 4 0.12
89 4 3.0E-4
5 1 0.29
5 3 0.13
5 4 0.22
89 5 5.0E-4
6 1 0.26
6 3 0.14
6 5 0.15
89 6 0.0
1 7 0.52
3 7 0.13
6 7 0.24
89 7 0.0
3 8 0.22
7 8 0.11
89 8 1.0E-4
9 1 0.14
9 2 0.13
9 3 0.13
9 4 0.22
9 5 0.33
9 6 0.07
9 7 0.07
89 9 0.0019
1 10 0.07
3 10 0.37
10 4 0.21
6 10 0.21
10 7 0.19
10 8 0.07
9 10 0.08
89 10 0.0
11 4 0.38
5 11 0.58
9 11 0.29
89 11 5.0E-4
1 12 0.25
3 12 0.11
9 12 0.29
10 12 0.14
89 12 5.0E-4
1 13 0.18
3 13 0.08
13 4 0.27
5 13 0.41
9 13 0.41
10 13 0.1
13 11 0.71
13 12 0.71
89 13 0.0010
2 14 0.23
3 14 0.11
9 14 0.14
89 14 1.0E-4
1 15 0.25
3 15 0.11
9 15 0.29
10 15 0.14
15 12 1.0
15 13 0.71
89 15 5.0E-4
1 16 0.13
3 16 0.11
16 4 0.19
9 16 0.29
89 16 0.0010
2 17 0.23
14 17 0.5
89 17 4.0E-4
2 18 0.32
89 18 5.0E-4
1 19 0.07
19 2 0.12
3 19 0.12
19 4 0.1
6 19 0.14
19 7 0.06
9 19 0.39
19 10 0.11
19 14 0.13
19 16 0.4
89 19 7.0E-4
20 2 0.83
3 20 0.03
9 20 0.08
20 14 0.14
20 18 0.39
19 20 0.07
89 20 2.0E-4
21 2 0.95
3 21 0.05
9 21 0.13
21 14 0.23
21 17 0.23
21 18 0.32
19 21 0.06
21 20 0.83
89 21 5.0E-4
22 1 0.29
22 2 0.32
22 3 0.67
22 4 0.19
22 5 0.13
22 6 0.28
22 7 0.32
22 8 0.15
22 9 0.25
22 10 0.54
22 11 0.07
22 12 0.07
22 13 0.1
22 14 0.15
22 15 0.07
22 16 0.15
22 17 0.07
22 18 0.1
22 19 0.28
22 20 0.27
22 21 0.32
22 89 7.0E-4
23 1 0.15
23 2 0.37
23 3 0.32
23 4 0.23
23 5 0.12
23 6 0.08
23 7 0.16
23 8 0.05
23 9 0.23
23 10 0.46
23 11 0.1
23 12 0.1
23 13 0.14
23 14 0.1
23 15 0.1
23 16 0.1
23 17 0.1
23 18 0.14
23 19 0.22
23 20 0.31
23 21 0.37
23 22 0.72
23 89 8.0E-4
1 24 0.06
3 24 0.2
24 4 0.17
7 24 0.16
24 8 0.11
10 24 0.37
19 24 0.06
22 24 0.32
23 24 0.42
89 24 0.0
3 25 0.16
4 25 0.27
9 25 0.2
16 25 0.35
22 25 0.1
23 25 0.07
89 25 5.0E-4
26 1 0.19
26 2 0.13
26 3 0.27
26 5 0.11
26 6 0.15
26 7 0.22
26 8 0.19
26 9 0.11
26 10 0.18
26 16 0.19
26 19 0.21
26 20 0.16
26 21 0.13
26 22 0.38
26 23 0.27
26 24 0.09
26 89 2.0E-4
27 1 0.15
27 2 0.09
27 3 0.36
27 4 0.08
27 5 0.12
27 6 0.11
27 7 0.09
27 9 0.24
27 10 0.06
27 16 0.31
27 19 0.22
27 20 0.11
27 21 0.09
27 22 0.36
27 23 0.29
27 24 0.09
27 25 0.14
27 26 0.24
27 89 2.0E-4
28 1 0.17
28 2 0.05
28 3 0.28
28 4 0.17
28 5 0.26
28 6 0.12
28 7 0.05
28 9 0.2
28 10 0.16
28 11 0.23
28 12 0.23
28 13 0.32
28 15 0.23
28 19 0.06
28 20 0.06
28 21 0.05
28 22 0.32
28 23 0.28
28 26 0.35
28 27 0.14
28 89 3.0E-4
1 29 0.15
3 29 0.1
6 29 0.16
7 29 0.14
9 29 0.09
10 29 0.25
29 12 0.3
29 13 0.21
29 15 0.3
19 29 0.08
22 29 0.24
23 29 0.21
24 29 0.14
26 29 0.12
28 29 0.21
89 29 1.0E-4
30 1 0.08
30 2 0.07
30 3 0.3
30 5 0.17
30 6 0.08
30 9 0.17
30 10 0.08
30 14 0.15
30 19 0.16
30 20 0.08
30 21 0.07
30 22 0.24
30 23 0.24
30 24 0.07
30 26 0.12
30 27 0.18
30 28 0.35
30 89 1.0E-4
31 2 0.65
9 31 0.1
31 18 0.5
31 20 0.78
31 21 0.65
22 31 0.21
23 31 0.22
89 31 2.0E-4
3 32 0.22
4 32 0.19
9 32 0.14
16 32 0.25
22 32 0.15
23 32 0.15
32 25 0.35
27 32 0.1
28 32 0.11
30 32 0.3
89 32 1.0E-4
1 33 0.14
33 4 0.22
5 33 0.33
9 33 0.17
33 11 0.58
33 13 0.41
16 33 0.29
19 33 0.31
22 33 0.13
23 33 0.18
26 33 0.22
27 33 0.12
28 33 0.13
89 33 2.0E-4
3 34 0.08
34 16 0.35
34 19 0.19
22 34 0.1
23 34 0.07
89 34 3.0E-4
35 4 0.22
5 35 0.33
9 35 0.5
35 11 0.58
35 13 0.41
16 35 0.29
19 35 0.31
22 35 0.13
23 35 0.18
26 35 0.11
27 35 0.12
28 35 0.13
35 33 0.33
89 35 0.0014
36 1 0.09
36 3 0.21
36 5 0.22
36 6 0.1
36 9 0.22
36 10 0.1
36 19 0.1
36 22 0.19
36 23 0.23
36 24 0.09
36 26 0.15
36 27 0.23
36 28 0.09
36 30 0.11
36 35 0.22
36 89 3.0E-4
1 37 0.14
3 37 0.06
37 4 0.44
5 37 0.33
9 37 0.33
37 11 0.58
37 13 0.41
16 37 0.58
19 37 0.15
22 37 0.13
23 37 0.12
37 25 0.41
26 37 0.11
27 37 0.24
28 37 0.13
37 32 0.29
37 33 0.67
37 35 0.33
89 37 6.0E-4
1 38 0.07
38 2 0.38
3 38 0.12
38 4 0.21
5 38 0.16
9 38 0.32
38 10 0.04
38 11 0.28
38 12 0.28
38 13 0.39
38 14 0.14
38 15 0.28
38 16 0.14
38 18 0.2
38 19 0.3
38 20 0.38
38 21 0.38
22 38 0.27
23 38 0.31
26 38 0.16
27 38 0.11
28 38 0.19
38 29 0.08
38 31 0.1
38 33 0.16
38 34 0.2
38 35 0.32
36 38 0.1
38 37 0.16
89 38 0.0018
39 1 0.11
39 2 0.64
39 3 0.29
39 4 0.22
39 5 0.09
39 6 0.08
39 7 0.03
39 9 0.34
39 10 0.14
39 12 0.15
39 13 0.1
39 14 0.15
39 15 0.15
39 16 0.22
39 17 0.15
39 18 0.21
39 19 0.28
39 20 0.53
39 21 0.64
39 22 0.5
39 23 0.55
39 24 0.1
39 25 0.21
39 26 0.23
39 27 0.3
39 28 0.24
39 29 0.13
39 30 0.27
39 31 0.42
39 32 0.15
39 33 0.09
39 35 0.17
39 36 0.11
39 37 0.17
39 38 0.41
39 89 0.0014
40 1 0.26
40 3 0.4
40 4 0.08
40 5 0.24
40 6 0.11
40 7 0.14
40 8 0.1
40 9 0.12
40 10 0.14
40 16 0.1
40 19 0.05
40 22 0.36
40 23 0.17
40 24 0.19
40 25 0.29
40 26 0.39
40 27 0.17
40 28 0.19
40 30 0.06
40 32 0.1
40 33 0.12
40 36 0.23
40 37 0.12
40 38 0.06
40 39 0.15
40 89 2.0E-4
1 41 0.06
41 2 0.72
3 41 0.08
41 4 0.09
5 41 0.14
9 41 0.35
41 10 0.03
41 11 0.24
41 12 0.24
41 13 0.34
41 14 0.24
41 15 0.24
41 17 0.24
41 18 0.34
19 41 0.06
41 20 0.74
41 21 0.78
22 41 0.3
23 41 0.34
26 41 0.09
27 41 0.1
28 41 0.11
41 29 0.07
41 31 0.69
41 33 0.14
41 35 0.14
41 37 0.14
38 41 0.54
39 41 0.57
89 41 0.0013
9 42 0.29
19 42 0.27
22 42 0.07
23 42 0.1
35 42 0.58
36 42 0.38
38 42 0.28
39 42 0.15
89 42 5.0E-4
2 43 0.61
3 43 0.04
9 43 0.1
43 18 0.24
19 43 0.09
20 43 0.37
21 43 0.69
22 43 0.22
23 43 0.27
26 43 0.19
27 43 0.14
28 43 0.08
30 43 0.1
31 43 0.12
38 43 0.37
39 43 0.44
41 43 0.4
89 43 3.0E-4
44 2 0.64
3 44 0.09
9 44 0.16
10 44 0.04
44 14 0.14
16 44 0.14
19 44 0.22
44 20 0.77
44 21 0.7
22 44 0.27
23 44 0.31
24 44 0.06
26 44 0.21
27 44 0.23
28 44 0.06
30 44 0.08
44 31 0.59
35 44 0.16
38 44 0.31
39 44 0.53
41 44 0.67
44 43 0.37
89 44 3.0E-4
1 45 0.07
2 45 0.66
3 45 0.06
9 45 0.08
45 14 0.29
45 17 0.29
45 18 0.2
20 45 0.72
21 45 0.73
22 45 0.25
23 45 0.26
26 45 0.11
27 45 0.12
31 45 0.51
38 45 0.4
39 45 0.47
41 45 0.7
45 43 0.29
44 45 0.64
89 45 4.0E-4
9 46 0.29
19 46 0.27
22 46 0.07
23 46 0.1
35 46 0.58
36 46 0.38
38 46 0.28
39 46 0.15
46 42 1.0
89 46 5.0E-4
2 47 0.26
3 47 0.04
7 47 0.09
9 47 0.22
47 14 0.19
47 18 0.27
19 47 0.1
20 47 0.1
21 47 0.35
22 47 0.19
23 47 0.19
26 47 0.07
28 47 0.09
29 47 0.11
30 47 0.11
31 47 0.13
38 47 0.21
39 47 0.28
41 47 0.28
47 43 0.5
44 47 0.1
45 47 0.11
89 47 2.0E-4
1 48 0.2
3 48 0.22
5 48 0.24
6 48 0.21
9 48 0.12
10 48 0.17
48 12 0.41
48 13 0.29
48 15 0.41
19 48 0.11
22 48 0.18
23 48 0.08
24 48 0.09
26 48 0.08
27 48 0.08
28 48 0.09
29 48 0.12
36 48 0.15
38 48 0.11
39 48 0.12
40 48 0.17
41 48 0.1
89 48 1.0E-4
3 49 0.08
49 16 0.35
49 19 0.19
22 49 0.1
23 49 0.07
49 34 1.0
49 38 0.2
89 49 3.0E-4
9 50 0.29
16 50 0.5
19 50 0.27
22 50 0.07
23 50 0.1
26 50 0.19
27 50 0.2
35 50 0.58
39 50 0.15
44 50 0.28
89 50 4.0E-4
51 2 0.5
3 51 0.19
51 4 0.25
5 51 0.13
51 7 0.05
9 51 0.31
51 10 0.03
51 11 0.22
51 13 0.15
51 14 0.22
16 51 0.22
19 51 0.29
51 20 0.48
51 21 0.45
22 51 0.34
23 51 0.33
51 24 0.05
51 25 0.15
26 51 0.08
27 51 0.18
28 51 0.1
30 51 0.26
51 31 0.39
51 32 0.33
51 33 0.13
51 35 0.25
51 37 0.25
38 51 0.24
39 51 0.51
40 51 0.04
41 51 0.42
51 43 0.15
51 44 0.54
51 45 0.31
51 47 0.25
51 50 0.22
89 51 4.0E-4
1 52 0.27
52 2 0.49
3 52 0.3
52 4 0.14
5 52 0.07
6 52 0.12
52 7 0.33
52 8 0.06
9 52 0.35
52 10 0.28
52 11 0.12
52 12 0.12
52 13 0.17
52 14 0.12
52 15 0.12
52 16 0.24
52 18 0.17
52 19 0.35
52 20 0.43
52 21 0.49
22 52 0.62
23 52 0.58
52 24 0.33
52 25 0.08
26 52 0.21
27 52 0.22
28 52 0.11
52 29 0.25
30 52 0.22
52 31 0.34
52 32 0.18
52 33 0.21
52 34 0.08
52 35 0.21
36 52 0.09
52 37 0.21
52 38 0.4
39 52 0.6
40 52 0.22
52 41 0.46
52 42 0.12
52 43 0.36
52 44 0.43
52 45 0.38
52 46 0.12
52 47 0.27
52 48 0.1
52 49 0.08
52 50 0.12
52 51 0.55
89 52 0.0010
2 53 0.41
3 53 0.05
14 53 0.22
53 17 0.45
20 53 0.37
21 53 0.51
22 53 0.16
23 53 0.23
26 53 0.17
27 53 0.18
38 53 0.5
39 53 0.33
41 53 0.43
43 53 0.45
44 53 0.37
45 53 0.65
47 53 0.17
51 53 0.1
52 53 0.21
89 53 4.0E-4
3 54 0.11
54 8 0.25
9 54 0.14
54 14 0.25
19 54 0.13
22 54 0.15
23 54 0.1
26 54 0.1
27 54 0.1
36 54 0.19
38 54 0.14
39 54 0.07
40 54 0.1
54 41 0.12
52 54 0.06
89 54 1.0E-4
2 55 0.57
3 55 0.08
4 55 0.13
14 55 0.18
19 55 0.19
20 55 0.39
21 55 0.57
22 55 0.21
23 55 0.29
26 55 0.2
27 55 0.14
28 55 0.08
30 55 0.11
38 55 0.49
39 55 0.42
41 55 0.34
55 43 0.71
44 55 0.49
45 55 0.41
47 55 0.27
51 55 0.23
52 55 0.34
55 53 0.47
89 55 1.0E-4
1 56 0.17
3 56 0.11
56 4 0.25
5 56 0.19
9 56 0.48
56 10 0.05
56 11 0.33
56 12 0.33
56 13 0.47
56 15 0.33
56 16 0.67
56 19 0.45
22 56 0.22
23 56 0.24
56 25 0.24
26 56 0.19
27 56 0.2
28 56 0.15
56 29 0.1
56 32 0.17
56 33 0.58
56 34 0.24
56 35 0.38
56 37 0.58
56 38 0.37
39 56 0.29
40 56 0.14
56 41 0.24
56 44 0.09
56 48 0.14
56 49 0.24
56 50 0.33
56 51 0.22
56 52 0.36
56 54 0.17
89 56 0.0018
57 4 0.38
5 57 0.58
9 57 0.29
57 11 1.0
57 13 0.71
22 57 0.07
23 57 0.1
28 57 0.23
57 33 0.58
57 35 0.58
57 37 0.58
38 57 0.28
41 57 0.24
51 57 0.22
52 57 0.12
56 57 0.33
89 57 5.0E-4
3 58 0.08
9 58 0.2
58 16 0.35
58 19 0.38
22 58 0.1
23 58 0.07
58 34 0.5
58 35 0.41
36 58 0.27
58 38 0.39
39 58 0.1
58 42 0.71
58 46 0.71
58 49 0.5
58 52 0.17
58 56 0.24
89 58 9.0E-4
3 59 0.08
9 59 0.2
59 16 0.35
59 19 0.38
22 59 0.1
23 59 0.07
59 34 0.5
59 35 0.41
36 59 0.27
59 38 0.39
39 59 0.1
59 42 0.71
59 46 0.71
59 49 0.5
59 52 0.17
59 56 0.24
59 58 1.0
89 59 9.0E-4
3 60 0.06
9 60 0.33
60 16 0.58
60 19 0.46
22 60 0.13
23 60 0.12
26 60 0.11
27 60 0.12
60 34 0.41
60 35 0.33
60 38 0.32
39 60 0.17
60 41 0.14
60 44 0.16
60 49 0.41
60 50 0.58
60 51 0.13
60 52 0.21
60 54 0.29
60 56 0.58
60 58 0.41
60 59 0.41
89 60 0.0011
3 61 0.05
9 61 0.43
61 16 0.5
61 19 0.53
22 61 0.15
23 61 0.15
26 61 0.1
27 61 0.1
61 34 0.35
61 35 0.58
36 61 0.19
61 38 0.42
39 61 0.22
61 41 0.12
61 42 0.5
61 44 0.14
61 46 0.5
61 49 0.35
61 50 0.5
61 51 0.11
61 52 0.24
61 54 0.25
61 56 0.5
61 58 0.71
61 59 0.71
61 60 0.87
89 61 0.0016
62 2 0.21
3 62 0.05
62 4 0.17
62 16 0.22
62 19 0.36
62 21 0.1
22 62 0.16
23 62 0.14
62 34 0.32
62 38 0.25
39 62 0.2
62 43 0.15
62 49 0.32
62 51 0.1
62 52 0.21
62 55 0.16
62 56 0.3
62 58 0.32
62 59 0.32
62 60 0.26
62 61 0.22
89 62 1.0E-4
1 63 0.25
3 63 0.11
9 63 0.29
10 63 0.14
63 12 1.0
63 13 0.71
63 15 1.0
22 63 0.07
23 63 0.1
28 63 0.23
29 63 0.3
38 63 0.28
39 63 0.15
41 63 0.24
63 48 0.41
52 63 0.12
56 63 0.33
89 63 5.0E-4
1 64 0.06
64 2 0.16
3 64 0.26
64 4 0.09
5 64 0.14
6 64 0.06
64 7 0.05
9 64 0.27
64 10 0.13
64 11 0.24
64 12 0.24
64 13 0.33
64 15 0.24
64 16 0.24
64 19 0.25
64 20 0.2
64 21 0.16
22 64 0.31
23 64 0.36
64 25 0.17
26 64 0.23
27 64 0.24
28 64 0.27
64 29 0.21
30 64 0.36
64 31 0.08
64 32 0.24
64 33 0.27
64 34 0.17
64 35 0.27
64 37 0.14
64 38 0.33
39 64 0.38
40 64 0.14
64 41 0.29
64 43 0.16
64 44 0.26
64 45 0.2
64 48 0.1
64 49 0.17
64 50 0.24
64 51 0.21
64 52 0.31
64 53 0.21
64 55 0.17
64 56 0.39
64 57 0.24
64 58 0.17
64 59 0.17
64 60 0.27
64 61 0.24
64 62 0.11
64 63 0.24
89 64 8.0E-4
1 65 0.25
3 65 0.11
9 65 0.29
10 65 0.14
65 12 1.0
65 13 0.71
65 15 1.0
22 65 0.07
23 65 0.1
28 65 0.23
29 65 0.3
38 65 0.28
39 65 0.15
41 65 0.24
65 48 0.41
52 65 0.12
56 65 0.33
65 63 1.0
64 65 0.24
89 65 5.0E-4
1 66 0.06
66 2 0.32
3 66 0.13
66 4 0.09
66 8 0.34
9 66 0.13
66 16 0.34
66 19 0.49
66 20 0.19
66 21 0.26
22 66 0.32
23 66 0.26
26 66 0.35
27 66 0.19
28 66 0.05
66 29 0.07
30 66 0.07
66 33 0.26
66 34 0.16
66 35 0.26
36 66 0.09
66 37 0.13
66 38 0.32
39 66 0.34
40 66 0.14
66 41 0.11
66 42 0.23
66 43 0.38
66 44 0.25
66 45 0.13
66 46 0.23
66 47 0.09
66 49 0.16
66 50 0.23
66 51 0.15
66 52 0.33
66 53 0.21
66 54 0.11
66 55 0.41
66 56 0.38
66 58 0.32
66 59 0.32
66 60 0.26
66 61 0.34
66 62 0.51
66 64 0.27
89 66 4.0E-4
1 67 0.04
67 2 0.72
3 67 0.16
67 4 0.19
7 67 0.04
67 8 0.08
9 67 0.09
10 67 0.2
67 14 0.16
67 17 0.16
67 18 0.23
19 67 0.13
67 20 0.59
67 21 0.72
22 67 0.45
23 67 0.55
24 67 0.6
26 67 0.13
27 67 0.1
28 67 0.04
67 29 0.1
30 67 0.1
67 31 0.46
36 67 0.06
38 67 0.32
39 67 0.56
40 67 0.03
41 67 0.56
67 43 0.49
67 44 0.55
67 45 0.57
67 47 0.25
67 48 0.07
51 67 0.39
52 67 0.57
67 53 0.37
67 55 0.46
62 67 0.15
64 67 0.12
66 67 0.23
89 67 4.0E-4
1 68 0.08
68 2 0.11
3 68 0.3
68 4 0.18
6 68 0.08
7 68 0.22
68 8 0.08
9 68 0.05
10 68 0.46
68 14 0.08
19 68 0.09
68 20 0.13
68 21 0.11
22 68 0.45
23 68 0.51
68 24 0.71
26 68 0.09
27 68 0.1
68 29 0.29
30 68 0.05
68 31 0.06
68 32 0.08
36 68 0.06
38 68 0.09
39 68 0.19
40 68 0.17
41 68 0.12
68 43 0.05
68 44 0.18
68 45 0.14
68 48 0.13
51 68 0.11
52 68 0.47
68 53 0.07
68 55 0.11
64 68 0.11
66 68 0.04
68 67 0.51
89 68 0.0
69 2 0.09
3 69 0.04
6 69 0.11
9 69 0.24
69 16 0.41
69 19 0.22
69 21 0.09
22 69 0.18
23 69 0.08
26 69 0.16
27 69 0.08
28 69 0.09
69 34 0.29
69 35 0.24
69 38 0.23
39 69 0.12
40 69 0.08
69 41 0.1
69 43 0.14
69 44 0.11
69 47 0.15
69 49 0.29
69 50 0.41
69 51 0.18
69 52 0.15
69 56 0.27
69 58 0.29
69 59 0.29
69 60 0.47
69 61 0.41
69 62 0.18
69 64 0.19
69 66 0.19
69 67 0.07
89 69 4.0E-4
1 70 0.13
3 70 0.11
7 70 0.23
70 8 0.25
10 70 0.14
22 70 0.15
23 70 0.15
24 70 0.23
29 70 0.15
39 70 0.07
52 70 0.18
67 70 0.16
68 70 0.16
89 70 0.0
1 71 0.1
71 2 0.19
3 71 0.04
71 4 0.15
71 16 0.41
71 19 0.65
71 20 0.11
71 21 0.09
22 71 0.18
23 71 0.17
26 71 0.24
27 71 0.08
28 71 0.09
30 71 0.12
71 33 0.47
71 34 0.29
71 37 0.24
71 38 0.23
39 71 0.18
40 71 0.08
71 43 0.14
71 44 0.11
71 49 0.29
71 51 0.18
71 52 0.24
71 55 0.29
71 56 0.41
71 58 0.29
71 59 0.29
71 60 0.24
71 61 0.2
71 62 0.55
71 64 0.19
71 66 0.56
71 67 0.13
71 69 0.17
89 71 2.0E-4
72 1 0.2
72 2 0.37
72 3 0.12
72 5 0.31
72 6 0.14
72 7 0.06
72 9 0.23
72 10 0.04
72 14 0.27
72 17 0.27
72 20 0.3
72 21 0.43
72 22 0.28
72 23 0.24
72 26 0.21
72 27 0.16
72 28 0.18
72 29 0.08
72 30 0.08
72 31 0.09
72 34 0.19
72 36 0.1
72 38 0.3
72 39 0.39
72 40 0.11
72 41 0.45
72 43 0.36
72 44 0.37
72 45 0.46
72 47 0.2
72 48 0.11
72 49 0.19
72 51 0.12
72 52 0.26
72 53 0.48
72 55 0.38
72 64 0.19
72 66 0.12
72 67 0.31
72 68 0.17
72 69 0.11
72 89 4.0E-4
2 73 0.23
14 73 0.5
73 17 1.0
21 73 0.23
22 73 0.07
23 73 0.1
39 73 0.15
41 73 0.24
45 73 0.29
53 73 0.45
67 73 0.16
72 73 0.27
89 73 4.0E-4
74 2 0.73
3 74 0.03
9 74 0.08
74 18 0.41
19 74 0.08
74 20 0.88
74 21 0.79
22 74 0.25
23 74 0.29
26 74 0.17
27 74 0.12
28 74 0.07
30 74 0.09
74 31 0.82
38 74 0.32
39 74 0.51
41 74 0.77
74 43 0.48
74 44 0.8
74 45 0.67
74 47 0.22
51 74 0.38
52 74 0.41
74 53 0.39
74 55 0.41
64 74 0.2
66 74 0.2
67 74 0.57
68 74 0.09
71 74 0.12
72 74 0.31
89 74 4.0E-4
2 75 0.46
75 18 0.35
20 75 0.55
21 75 0.46
22 75 0.15
23 75 0.2
26 75 0.19
27 75 0.2
31 75 0.18
38 75 0.55
39 75 0.29
41 75 0.36
75 43 0.5
44 75 0.28
45 75 0.43
47 75 0.19
51 75 0.11
52 75 0.24
75 53 0.67
55 75 0.35
64 75 0.24
66 75 0.23
67 75 0.33
68 75 0.08
72 75 0.27
74 75 0.43
89 75 2.0E-4
2 76 0.51
9 76 0.13
76 18 0.63
20 76 0.5
21 76 0.51
22 76 0.16
23 76 0.18
26 76 0.17
27 76 0.18
31 76 0.32
38 76 0.37
39 76 0.33
41 76 0.54
76 43 0.6
44 76 0.25
45 76 0.39
47 76 0.34
51 76 0.1
52 76 0.27
76 53 0.4
55 76 0.32
64 76 0.21
66 76 0.21
67 76 0.37
68 76 0.07
69 76 0.18
72 76 0.36
74 76 0.52
76 75 0.67
89 76 4.0E-4
9 77 0.29
16 77 0.5
19 77 0.27
22 77 0.07
23 77 0.1
26 77 0.19
27 77 0.2
35 77 0.58
39 77 0.15
44 77 0.28
77 50 1.0
51 77 0.22
52 77 0.12
56 77 0.33
60 77 0.58
61 77 0.5
64 77 0.24
66 77 0.23
69 77 0.41
89 77 4.0E-4
78 1 0.25
78 3 0.11
78 5 0.58
78 6 0.26
78 9 0.29
78 22 0.07
78 23 0.1
78 26 0.19
78 27 0.2
78 28 0.23
78 30 0.3
78 36 0.38
78 39 0.15
78 40 0.2
78 72 0.27
78 89 3.0E-4
79 1 0.1
79 3 0.27
79 5 0.24
79 6 0.11
79 9 0.12
79 10 0.06
79 22 0.18
79 23 0.21
79 24 0.09
79 26 0.16
79 27 0.17
79 28 0.28
79 30 0.37
79 32 0.2
79 36 0.31
79 39 0.24
79 40 0.17
79 48 0.17
79 52 0.05
79 64 0.19
79 67 0.07
79 68 0.13
79 72 0.11
79 78 0.41
79 89 1.0E-4
3 80 0.22
80 4 0.31
5 80 0.24
80 8 0.61
9 80 0.24
80 11 0.41
80 13 0.29
16 80 0.2
22 80 0.18
23 80 0.04
80 25 0.29
26 80 0.24
27 80 0.08
28 80 0.19
80 32 0.2
80 33 0.24
80 35 0.24
80 37 0.47
38 80 0.11
39 80 0.06
40 80 0.17
41 80 0.1
51 80 0.18
52 80 0.1
54 80 0.2
56 80 0.27
80 57 0.41
64 80 0.1
66 80 0.28
89 80 3.0E-4
1 81 0.13
2 81 0.36
3 81 0.06
4 81 0.1
5 81 0.15
6 81 0.07
7 81 0.06
10 81 0.11
81 18 0.37
19 81 0.07
20 81 0.43
21 81 0.36
22 81 0.28
23 81 0.18
24 81 0.06
26 81 0.15
28 81 0.18
29 81 0.08
30 81 0.08
31 81 0.37
38 81 0.21
39 81 0.27
40 81 0.16
41 81 0.25
81 43 0.17
44 81 0.21
45 81 0.22
47 81 0.1
48 81 0.11
51 81 0.23
52 81 0.25
81 53 0.12
55 81 0.09
66 81 0.12
67 81 0.3
68 81 0.04
69 81 0.11
71 81 0.11
72 81 0.14
74 81 0.37
81 75 0.26
81 76 0.23
89 81 1.0E-4
82 1 0.13
82 2 0.06
82 3 0.25
82 4 0.19
82 5 0.29
82 6 0.06
82 9 0.29
82 10 0.07
82 11 0.25
82 12 0.25
82 13 0.35
82 15 0.25
82 16 0.13
82 19 0.07
82 20 0.07
82 21 0.06
82 22 0.29
82 23 0.28
82 25 0.35
82 26 0.14
82 27 0.26
82 28 0.23
82 29 0.15
82 30 0.23
82 32 0.25
82 33 0.14
82 34 0.18
82 35 0.14
82 36 0.09
82 37 0.29
82 38 0.21
82 39 0.26
82 40 0.15
82 41 0.18
82 43 0.08
82 44 0.07
82 45 0.07
82 48 0.1
82 49 0.18
82 51 0.22
82 52 0.18
82 53 0.11
82 55 0.09
82 56 0.25
82 57 0.25
82 62 0.11
82 63 0.25
82 64 0.29
82 65 0.25
82 66 0.11
82 67 0.04
82 71 0.1
82 72 0.27
82 74 0.07
82 75 0.13
82 76 0.11
82 78 0.25
82 79 0.1
82 80 0.2
82 89 7.0E-4
2 83 0.23
14 83 0.5
83 17 1.0
21 83 0.23
22 83 0.07
23 83 0.1
39 83 0.15
41 83 0.24
45 83 0.29
53 83 0.45
67 83 0.16
72 83 0.27
83 73 1.0
89 83 4.0E-4
2 84 0.52
9 84 0.11
14 84 0.19
84 17 0.38
84 18 0.53
19 84 0.1
20 84 0.42
21 84 0.52
22 84 0.19
23 84 0.19
26 84 0.15
28 84 0.17
30 84 0.11
31 84 0.27
38 84 0.31
39 84 0.33
40 84 0.08
41 84 0.37
84 43 0.38
44 84 0.1
45 84 0.33
47 84 0.29
51 84 0.25
52 84 0.23
84 53 0.34
55 84 0.13
66 84 0.09
67 84 0.37
69 84 0.31
71 84 0.15
72 84 0.2
84 73 0.38
74 84 0.33
84 75 0.38
84 76 0.51
84 81 0.49
84 83 0.38
89 84 6.0E-4
2 85 0.61
4 85 0.14
85 18 0.53
19 85 0.2
20 85 0.42
21 85 0.52
22 85 0.19
23 85 0.27
26 85 0.07
28 85 0.09
30 85 0.11
31 85 0.4
38 85 0.21
39 85 0.39
41 85 0.28
85 43 0.5
44 85 0.21
85 45 0.22
85 47 0.29
51 85 0.25
52 85 0.32
85 55 0.53
62 85 0.17
66 85 0.26
67 85 0.43
71 85 0.31
74 85 0.44
85 75 0.19
85 76 0.34
85 81 0.29
85 84 0.43
89 85 3.0E-4
1 86 0.14
86 2 0.33
3 86 0.06
86 4 0.22
5 86 0.17
9 86 0.33
10 86 0.04
86 11 0.29
86 12 0.29
86 13 0.41
86 15 0.29
16 86 0.29
19 86 0.23
86 20 0.4
86 21 0.33
22 86 0.25
23 86 0.23
86 25 0.2
26 86 0.11
27 86 0.12
28 86 0.13
29 86 0.09
86 31 0.51
86 32 0.14
86 33 0.5
86 35 0.17
86 37 0.5
38 86 0.16
39 86 0.38
40 86 0.12
41 86 0.49
86 44 0.4
86 45 0.33
86 48 0.12
51 86 0.38
52 86 0.38
56 86 0.58
86 57 0.29
62 86 0.26
86 63 0.29
64 86 0.27
86 65 0.29
66 86 0.26
67 86 0.24
68 86 0.05
71 86 0.35
72 86 0.08
86 74 0.42
86 80 0.24
86 81 0.15
82 86 0.29
86 85 0.11
89 86 5.0E-4
1 87 0.08
87 2 0.15
3 87 0.07
87 4 0.13
5 87 0.19
9 87 0.38
87 10 0.05
87 11 0.33
87 12 0.33
87 13 0.47
87 15 0.33
87 16 0.33
87 19 0.27
87 20 0.18
87 21 0.15
22 87 0.22
23 87 0.27
26 87 0.26
27 87 0.2
28 87 0.23
87 29 0.2
87 33 0.19
87 34 0.47
87 35 0.58
36 87 0.13
87 37 0.19
87 38 0.55
39 87 0.25
87 41 0.32
87 42 0.33
87 43 0.22
87 44 0.28
87 45 0.19
87 46 0.33
87 47 0.13
87 48 0.14
87 49 0.47
87 50 0.33
87 51 0.15
87 52 0.28
87 53 0.3
87 55 0.24
87 56 0.44
87 57 0.33
87 58 0.47
87 59 0.47
87 60 0.38
87 61 0.5
87 62 0.15
87 63 0.33
87 64 0.47
87 65 0.33
87 66 0.38
87 67 0.11
87 68 0.05
87 69 0.27
87 71 0.14
72 87 0.27
87 74 0.19
87 75 0.33
87 76 0.3
87 77 0.33
87 80 0.14
82 87 0.33
87 86 0.19
89 87 0.0016
2 88 0.32
88 18 0.5
20 88 0.2
21 88 0.32
22 88 0.1
23 88 0.14
31 88 0.25
38 88 0.2
39 88 0.21
41 88 0.17
88 43 0.47
47 88 0.27
52 88 0.17
55 88 0.25
67 88 0.23
74 88 0.2
88 75 0.35
88 76 0.32
88 81 0.18
88 84 0.27
85 88 0.53
89 88 2.0E-4
