*Vertices  49
1 "LED灯罩"
2 "LED灯"
3 "光纤"
4 "探头"
5 "电容"
6 "传感器"
7 "控制器"
8 "处理器"
9 "发生器"
10 "开关"
11 "功率因数校正"
12 "变压器"
13 "阻燃塑料外壳"
14 "发光板"
15 "LED"
16 "二极管"
17 "整流二极管"
18 "稳压二极管"
19 "三极管"
20 "玻璃"
21 "通道"
22 "塑料"
23 "铝基板"
24 "导热陶瓷"
25 "基座"
26 "发光体"
27 "密封胶"
28 "放大器"
29 "半导体"
30 "电路板"
31 "码道"
32 "太阳能"
33 "太阳能电池板"
34 "充电电池"
35 "芯片"
36 "涂层"
37 "充电器"
38 "光触媒"
39 "Li"
40 "电感"
41 "离子"
42 "电极"
43 "电阻"
44 "空穴"
45 "射灯"
46 "臭氧"
47 "光电管"
48 "导热柱"
49 "发光管"
*Arcs
49 1 0.0010
2 1 0.16
2 49 0.0025
3 49 5.0E-4
2 4 0.05
4 3 0.38
4 49 9.0E-4
2 5 0.29
5 49 4.0E-4
2 6 0.13
6 3 0.23
6 4 0.2
5 6 0.08
6 49 1.0E-4
2 7 0.11
7 3 0.09
7 4 0.12
5 7 0.15
7 6 0.19
7 49 7.0E-4
8 2 0.14
8 3 0.1
8 4 0.26
8 5 0.05
8 6 0.36
8 7 0.44
8 49 3.0E-4
2 9 0.22
49 9 6.0E-4
2 10 0.37
10 5 0.42
10 6 0.19
10 7 0.23
8 10 0.21
10 9 0.07
10 49 0.0014
2 11 0.11
5 11 0.2
10 11 0.14
49 11 0.0026
2 12 0.26
5 12 0.52
12 6 0.04
12 7 0.1
12 9 0.11
10 12 0.29
12 11 0.21
12 49 0.0015
2 13 0.11
10 13 0.14
12 13 0.21
49 13 0.0017
14 1 0.35
2 14 0.16
5 14 0.2
7 14 0.12
10 14 0.14
14 11 0.5
12 14 0.21
49 14 0.0012
15 1 0.1
15 2 0.67
15 3 0.19
15 4 0.15
15 5 0.36
15 6 0.37
15 7 0.3
15 8 0.28
15 9 0.15
15 10 0.54
15 11 0.07
15 12 0.34
15 13 0.07
15 14 0.15
15 49 0.0020
16 1 0.07
16 2 0.32
16 3 0.23
16 4 0.05
16 5 0.39
16 6 0.2
16 7 0.15
16 8 0.08
16 9 0.05
16 10 0.46
16 11 0.1
16 12 0.39
16 13 0.1
16 14 0.15
16 15 0.72
16 49 0.0014
2 17 0.11
5 17 0.2
10 17 0.14
17 11 1.0
12 17 0.21
14 17 0.5
15 17 0.07
16 17 0.1
49 17 0.0026
2 18 0.21
5 18 0.46
6 18 0.08
7 18 0.18
8 18 0.1
10 18 0.21
18 11 0.38
12 18 0.48
18 14 0.38
15 18 0.19
16 18 0.27
18 17 0.38
18 49 7.0E-4
2 19 0.2
19 5 0.61
19 6 0.05
19 7 0.11
19 9 0.11
10 19 0.37
19 11 0.23
19 12 0.49
19 14 0.23
15 19 0.32
16 19 0.42
19 17 0.23
19 18 0.26
19 49 4.0E-4
20 2 0.27
20 3 0.29
20 4 0.1
20 5 0.08
20 6 0.12
20 8 0.15
20 9 0.19
20 10 0.18
20 12 0.08
20 15 0.38
20 16 0.27
20 19 0.09
20 49 2.0E-4
2 21 0.22
21 3 0.11
5 21 0.12
21 6 0.12
10 21 0.04
15 21 0.25
16 21 0.23
19 21 0.07
20 21 0.11
21 49 5.0E-4
22 1 0.16
22 2 0.28
22 3 0.17
22 4 0.11
22 6 0.18
22 7 0.17
22 8 0.12
22 10 0.16
22 12 0.05
22 13 0.23
22 15 0.32
22 16 0.28
22 20 0.35
22 21 0.13
22 49 0.0027
23 1 0.21
23 2 0.3
23 5 0.06
23 8 0.08
23 10 0.08
23 11 0.3
23 12 0.13
23 13 0.3
23 14 0.15
23 15 0.24
23 16 0.24
23 17 0.3
23 18 0.11
23 19 0.07
23 20 0.12
23 21 0.26
23 22 0.35
23 49 0.0050
2 24 0.11
15 24 0.07
16 24 0.1
21 24 0.29
22 24 0.23
23 24 0.3
49 24 0.0029
2 25 0.22
15 25 0.15
16 25 0.15
21 25 0.43
22 25 0.11
23 25 0.3
25 24 0.5
49 25 0.0011
26 2 0.21
26 5 0.08
26 6 0.08
26 8 0.1
26 10 0.1
26 14 0.19
26 15 0.19
26 16 0.23
26 19 0.09
26 20 0.15
26 21 0.11
26 22 0.09
26 23 0.11
26 49 4.0E-4
2 27 0.22
10 27 0.07
15 27 0.15
16 27 0.05
20 27 0.1
21 27 0.29
22 27 0.11
23 27 0.3
27 24 0.5
27 25 0.25
49 27 0.0010
2 28 0.09
5 28 0.33
28 6 0.08
28 7 0.1
8 28 0.11
10 28 0.11
28 11 0.41
12 28 0.26
28 14 0.2
15 28 0.18
16 28 0.17
28 17 0.41
28 18 0.15
19 28 0.28
23 28 0.12
28 49 7.0E-4
29 1 0.1
29 2 0.29
29 3 0.17
29 4 0.07
29 5 0.15
29 6 0.06
29 8 0.08
29 10 0.14
29 12 0.19
29 13 0.15
29 15 0.5
29 16 0.55
29 18 0.06
29 19 0.1
29 20 0.23
29 21 0.17
29 22 0.24
29 23 0.27
29 24 0.15
29 25 0.15
29 26 0.11
29 27 0.15
29 28 0.12
29 49 0.0010
30 2 0.4
30 4 0.1
30 5 0.13
30 6 0.08
30 7 0.1
30 8 0.11
30 9 0.1
30 10 0.14
30 12 0.04
30 15 0.36
30 16 0.17
30 19 0.19
30 20 0.39
30 21 0.06
30 22 0.19
30 23 0.06
30 25 0.1
30 26 0.23
30 27 0.1
30 29 0.15
30 49 2.0E-4
3 31 0.27
4 31 0.35
6 31 0.14
7 31 0.17
8 31 0.18
15 31 0.1
16 31 0.07
49 31 0.0014
2 32 0.14
3 32 0.12
4 32 0.16
5 32 0.06
7 32 0.23
8 32 0.08
10 32 0.17
12 32 0.07
15 32 0.23
16 32 0.13
19 32 0.07
20 32 0.12
21 32 0.09
29 32 0.05
30 32 0.06
32 31 0.22
49 32 4.0E-4
2 33 0.15
3 33 0.17
4 33 0.22
7 33 0.22
8 33 0.12
10 33 0.06
15 33 0.16
16 33 0.05
33 31 0.32
33 32 0.71
49 33 7.0E-4
2 34 0.11
3 34 0.19
4 34 0.25
5 34 0.2
7 34 0.12
8 34 0.13
10 34 0.2
15 34 0.15
16 34 0.1
19 34 0.23
28 34 0.2
29 34 0.07
30 34 0.1
34 31 0.35
34 32 0.32
34 33 0.22
49 34 9.0E-4
2 35 0.3
35 3 0.09
35 5 0.37
35 6 0.17
35 7 0.23
8 35 0.12
35 9 0.06
35 10 0.28
35 11 0.12
35 12 0.18
35 14 0.06
15 35 0.62
16 35 0.58
35 17 0.12
35 18 0.14
35 19 0.33
20 35 0.21
35 21 0.24
22 35 0.11
23 35 0.22
35 25 0.18
26 35 0.09
35 27 0.06
35 28 0.29
29 35 0.6
30 35 0.22
35 32 0.08
35 34 0.12
35 49 2.0E-4
2 36 0.11
36 9 0.25
36 12 0.11
15 36 0.15
16 36 0.1
20 36 0.1
26 36 0.19
29 36 0.07
30 36 0.1
35 36 0.06
36 49 5.0E-4
2 37 0.04
37 3 0.15
37 4 0.2
5 37 0.17
37 7 0.1
8 37 0.11
10 37 0.06
37 12 0.26
15 37 0.18
16 37 0.21
19 37 0.47
37 28 0.17
29 37 0.06
37 31 0.29
37 32 0.13
37 33 0.18
37 34 0.41
35 37 0.1
37 49 6.0E-4
2 38 0.25
4 38 0.22
9 38 0.45
12 38 0.1
15 38 0.16
20 38 0.17
30 38 0.27
36 38 0.45
49 38 5.0E-4
39 1 0.17
2 39 0.26
39 3 0.18
39 5 0.05
39 6 0.05
39 7 0.06
8 39 0.06
39 10 0.13
39 12 0.05
39 13 0.24
15 39 0.31
16 39 0.36
20 39 0.23
39 21 0.2
22 39 0.27
23 39 0.36
39 24 0.24
39 25 0.24
39 27 0.12
29 39 0.38
30 39 0.14
39 35 0.31
39 49 0.0020
2 40 0.25
5 40 0.54
40 7 0.09
10 40 0.36
40 11 0.38
12 40 0.4
40 14 0.38
15 40 0.19
16 40 0.23
40 17 0.38
40 18 0.43
19 40 0.43
23 40 0.11
28 40 0.31
29 40 0.22
40 34 0.19
35 40 0.18
37 40 0.15
40 49 7.0E-4
2 41 0.13
41 3 0.17
41 4 0.11
41 9 0.34
41 12 0.1
15 41 0.32
16 41 0.26
20 41 0.35
41 21 0.07
22 41 0.05
23 41 0.07
26 41 0.09
29 41 0.34
30 41 0.14
41 35 0.33
41 36 0.11
41 38 0.31
41 39 0.27
41 49 2.0E-4
2 42 0.16
42 3 0.12
5 42 0.37
42 6 0.03
42 7 0.12
42 9 0.08
10 42 0.2
42 11 0.16
42 12 0.39
42 14 0.16
15 42 0.45
16 42 0.55
42 17 0.16
42 18 0.19
19 42 0.6
20 42 0.13
42 21 0.19
22 42 0.04
23 42 0.1
26 42 0.06
42 28 0.2
29 42 0.56
30 42 0.03
42 32 0.05
42 34 0.08
35 42 0.57
42 37 0.34
39 42 0.12
42 40 0.31
41 42 0.23
42 49 3.0E-4
2 43 0.3
43 3 0.06
43 5 0.73
43 6 0.16
43 7 0.16
8 43 0.08
43 9 0.08
10 43 0.46
43 11 0.16
43 12 0.55
43 14 0.16
15 43 0.45
16 43 0.51
43 17 0.16
43 18 0.43
43 19 0.71
20 43 0.09
43 21 0.19
23 43 0.05
43 25 0.08
26 43 0.06
43 28 0.26
29 43 0.19
30 43 0.17
43 32 0.05
43 34 0.16
35 43 0.47
43 37 0.33
39 43 0.11
43 40 0.43
41 43 0.04
43 42 0.51
43 49 3.0E-4
44 1 0.27
2 44 0.17
5 44 0.08
10 44 0.1
12 44 0.16
44 13 0.38
15 44 0.19
16 44 0.23
44 18 0.14
19 44 0.09
21 44 0.11
22 44 0.26
23 44 0.34
44 24 0.38
44 25 0.19
44 27 0.19
29 44 0.39
35 44 0.18
39 44 0.36
40 44 0.14
42 44 0.25
43 44 0.12
44 49 0.0043
45 1 0.29
45 2 0.27
45 5 0.17
45 6 0.08
45 8 0.11
45 10 0.06
45 12 0.09
45 15 0.18
45 16 0.21
45 18 0.15
45 19 0.09
45 20 0.16
45 21 0.24
45 22 0.28
45 23 0.37
45 24 0.41
45 25 0.2
45 26 0.31
45 27 0.2
45 29 0.24
45 30 0.17
45 35 0.05
45 39 0.19
45 42 0.07
45 43 0.13
45 44 0.31
45 49 0.0023
2 46 0.22
46 9 0.61
12 46 0.09
15 46 0.18
16 46 0.04
20 46 0.24
22 46 0.19
46 25 0.2
29 46 0.06
30 46 0.17
35 46 0.1
36 46 0.2
46 38 0.37
39 46 0.1
41 46 0.28
46 49 5.0E-4
3 47 0.38
4 47 0.5
7 47 0.24
8 47 0.26
15 47 0.07
47 31 0.71
47 32 0.32
47 33 0.45
47 34 0.5
37 47 0.41
47 49 0.0022
2 48 0.11
15 48 0.07
16 48 0.1
21 48 0.29
22 48 0.23
23 48 0.3
48 24 1.0
25 48 0.5
27 48 0.5
29 48 0.15
39 48 0.24
44 48 0.38
45 48 0.41
49 48 0.0029
