*Vertices  48
1 "LCD显示屏"
2 "衬底"
3 "容器"
4 "发光荧光材料"
5 "GAN"
6 "次氯酸钠溶液"
7 "蓝膜"
8 "蒸镀方法"
9 "EP"
10 "LED外延片"
11 "外延片"
12 "外延"
13 "LED"
14 "二极管"
15 "玻璃"
16 "塑料"
17 "腐蚀液"
18 "铝基板"
19 "缓冲层"
20 "光刻胶"
21 "填充区域"
22 "SiO2"
23 "半导体"
24 "Al2O3"
25 "GaAs"
26 "MQW"
27 "ITO"
28 "键合"
29 "LED芯片"
30 "芯片"
31 "电流扩展层"
32 "去离子水"
33 "离子"
34 "电极"
35 "接触层"
36 "丙酮"
37 "真空吸盘"
38 "MOCVD"
39 "标准芯片工艺制作"
40 "湿法刻蚀"
41 "干法刻蚀"
42 "湿法腐蚀"
43 "空穴"
44 "屏幕"
45 "反射层"
46 "甲基"
47 "电流阻挡层"
48 "发光层"
*Arcs
48 1 1.0E-4
2 1 0.08
2 48 0.0053
3 2 0.09
3 48 2.0E-4
4 2 0.18
4 3 0.2
4 48 6.0E-4
5 1 0.12
5 2 0.65
5 48 5.0E-4
2 6 0.32
48 6 0.0030
2 7 0.32
3 7 0.27
48 7 0.0021
2 8 0.32
4 8 0.38
48 8 0.0024
9 2 0.12
9 3 0.1
4 9 0.29
9 6 0.19
9 7 0.19
9 48 6.0E-4
10 1 0.12
10 2 0.65
10 5 0.75
10 48 5.0E-4
11 1 0.09
11 2 0.83
4 11 0.15
11 5 0.78
11 6 0.2
11 8 0.39
9 11 0.07
11 10 0.78
11 48 0.0028
12 1 0.08
12 2 0.95
4 12 0.25
12 5 0.65
12 6 0.32
12 7 0.16
12 8 0.32
9 12 0.06
12 10 0.65
12 11 0.83
12 48 0.0043
13 1 0.22
13 2 0.32
13 3 0.19
13 4 0.28
13 5 0.21
13 6 0.1
13 7 0.1
13 8 0.1
13 9 0.28
13 10 0.21
13 11 0.27
13 12 0.32
13 48 7.0E-4
14 1 0.14
14 2 0.37
14 3 0.23
14 4 0.33
14 5 0.25
14 6 0.14
14 7 0.14
14 8 0.14
14 9 0.22
14 10 0.22
14 11 0.31
14 12 0.37
14 13 0.72
14 48 0.0012
15 2 0.13
15 4 0.1
15 5 0.14
15 6 0.14
15 9 0.21
15 11 0.16
15 12 0.13
15 13 0.38
15 14 0.27
15 48 1.0E-4
16 2 0.05
16 3 0.17
16 4 0.18
16 6 0.16
16 9 0.06
16 11 0.06
16 12 0.05
16 13 0.32
16 14 0.28
16 15 0.35
16 48 1.0E-4
2 17 0.56
3 17 0.15
5 17 0.14
17 6 0.58
17 7 0.29
9 17 0.22
10 17 0.29
11 17 0.34
12 17 0.47
13 17 0.18
14 17 0.25
15 17 0.08
16 17 0.09
48 17 0.0028
18 2 0.07
18 4 0.08
18 6 0.21
18 9 0.16
18 11 0.08
18 12 0.07
18 13 0.24
18 14 0.24
18 15 0.12
18 16 0.35
18 17 0.12
18 48 2.0E-4
19 1 0.12
19 2 0.65
4 19 0.19
19 5 0.63
19 8 0.5
19 10 0.75
19 11 0.78
19 12 0.65
13 19 0.21
14 19 0.22
19 48 0.0020
2 20 0.46
5 20 0.18
20 6 0.35
9 20 0.13
10 20 0.35
11 20 0.42
12 20 0.46
13 20 0.15
14 20 0.2
15 20 0.1
16 20 0.11
17 20 0.82
18 20 0.15
48 20 8.0E-4
2 21 0.23
6 21 0.71
9 21 0.27
11 21 0.28
12 21 0.23
13 21 0.07
14 21 0.1
15 21 0.19
16 21 0.23
17 21 0.41
18 21 0.3
20 21 0.5
48 21 0.0014
22 2 0.38
22 3 0.21
4 22 0.52
22 5 0.29
22 7 0.2
22 8 0.2
22 9 0.3
22 10 0.2
22 11 0.38
22 12 0.38
13 22 0.27
14 22 0.31
15 22 0.16
16 22 0.19
22 17 0.34
22 19 0.1
22 20 0.28
22 48 0.0010
23 1 0.05
23 2 0.64
23 3 0.22
23 4 0.43
23 5 0.42
23 6 0.21
23 7 0.21
23 8 0.21
23 9 0.28
23 10 0.42
23 11 0.53
23 12 0.64
23 13 0.5
23 14 0.55
23 15 0.23
23 16 0.24
23 17 0.36
23 18 0.27
23 19 0.42
23 20 0.29
23 21 0.15
23 22 0.41
23 48 0.0025
24 1 0.08
24 2 0.72
24 3 0.09
4 24 0.45
24 5 0.69
24 8 0.34
9 24 0.06
24 10 0.6
24 11 0.74
24 12 0.78
13 24 0.3
14 24 0.34
15 24 0.09
16 24 0.11
24 17 0.1
24 19 0.69
24 20 0.12
22 24 0.54
23 24 0.57
24 48 0.0015
2 25 0.61
4 25 0.18
5 25 0.24
25 6 0.47
7 25 0.24
25 8 0.24
9 25 0.09
11 25 0.37
12 25 0.69
13 25 0.22
14 25 0.27
15 25 0.19
16 25 0.08
17 25 0.41
18 25 0.1
19 25 0.12
25 20 0.33
25 21 0.33
22 25 0.37
23 25 0.44
24 25 0.4
48 25 0.0036
26 1 0.09
26 2 0.64
4 26 0.15
26 5 0.78
26 6 0.2
9 26 0.22
26 10 0.69
26 11 0.77
26 12 0.7
13 26 0.27
14 26 0.31
15 26 0.21
16 26 0.06
26 17 0.23
18 26 0.08
26 19 0.59
26 20 0.28
26 21 0.28
22 26 0.31
23 26 0.53
24 26 0.67
26 25 0.37
26 48 0.0011
27 1 0.19
2 27 0.66
4 27 0.23
5 27 0.61
27 8 0.2
10 27 0.61
11 27 0.72
12 27 0.73
13 27 0.25
14 27 0.26
15 27 0.11
27 17 0.24
19 27 0.51
27 20 0.29
22 27 0.4
23 27 0.47
24 27 0.7
27 25 0.29
26 27 0.64
48 27 0.0010
2 28 0.26
4 28 0.2
28 6 0.27
28 8 0.27
9 28 0.1
11 28 0.1
12 28 0.35
13 28 0.19
14 28 0.19
15 28 0.07
16 28 0.09
28 17 0.15
18 28 0.11
19 28 0.13
22 28 0.21
23 28 0.28
24 28 0.28
28 25 0.5
26 28 0.1
27 28 0.11
48 28 0.0012
29 1 0.07
29 2 0.5
29 3 0.25
4 29 0.17
29 5 0.39
29 6 0.15
29 7 0.15
9 29 0.29
29 10 0.54
29 11 0.48
29 12 0.45
13 29 0.34
14 29 0.33
15 29 0.08
16 29 0.1
29 17 0.36
18 29 0.26
29 19 0.39
29 20 0.33
29 21 0.22
22 29 0.24
23 29 0.51
24 29 0.42
29 25 0.15
29 26 0.54
29 27 0.31
29 28 0.25
29 48 0.0011
30 1 0.24
30 2 0.49
30 3 0.14
4 30 0.35
30 5 0.34
30 6 0.17
30 7 0.17
30 8 0.17
30 9 0.35
30 10 0.34
30 11 0.43
30 12 0.49
13 30 0.62
14 30 0.58
15 30 0.21
16 30 0.11
30 17 0.29
18 30 0.22
30 19 0.34
30 20 0.24
30 21 0.12
30 22 0.4
23 30 0.6
30 24 0.46
30 25 0.36
30 26 0.43
30 27 0.38
30 28 0.27
30 29 0.55
30 48 0.0018
2 31 0.57
3 31 0.13
4 31 0.09
5 31 0.38
31 6 0.5
31 7 0.5
9 31 0.19
10 31 0.13
11 31 0.39
12 31 0.57
13 31 0.21
14 31 0.29
15 31 0.2
16 31 0.08
31 17 0.58
18 31 0.11
31 20 0.35
31 21 0.35
22 31 0.49
23 31 0.42
24 31 0.34
31 25 0.71
26 31 0.49
27 31 0.41
28 31 0.27
29 31 0.23
30 31 0.34
48 31 0.0038
32 2 0.21
32 3 0.17
4 32 0.12
32 7 0.32
32 9 0.36
32 12 0.1
13 32 0.16
14 32 0.14
32 17 0.37
32 20 0.22
32 22 0.25
23 32 0.2
32 25 0.15
32 29 0.1
32 30 0.21
32 31 0.16
32 48 4.0E-4
33 1 0.15
33 2 0.32
33 3 0.09
4 33 0.18
33 5 0.16
33 6 0.32
33 7 0.16
33 9 0.49
33 11 0.19
33 12 0.26
13 33 0.32
14 33 0.26
15 33 0.35
16 33 0.05
33 17 0.37
18 33 0.07
33 20 0.23
33 21 0.23
33 22 0.32
23 33 0.34
33 24 0.11
33 25 0.38
33 26 0.25
33 27 0.13
33 28 0.09
33 29 0.15
33 30 0.33
33 31 0.41
33 32 0.51
33 48 0.0011
34 1 0.11
34 2 0.72
34 3 0.19
4 34 0.22
34 5 0.46
34 6 0.23
34 7 0.23
34 8 0.23
9 34 0.13
34 10 0.46
34 11 0.59
34 12 0.72
13 34 0.45
14 34 0.55
15 34 0.13
16 34 0.04
34 17 0.4
18 34 0.1
34 19 0.46
34 20 0.33
34 21 0.16
22 34 0.32
23 34 0.56
24 34 0.56
34 25 0.49
34 26 0.55
34 27 0.57
34 28 0.25
29 34 0.39
30 34 0.57
34 31 0.46
32 34 0.15
33 34 0.23
34 48 0.0029
35 1 0.13
35 2 0.61
35 5 0.8
35 10 0.94
35 11 0.73
35 12 0.61
13 35 0.19
14 35 0.19
35 17 0.15
35 19 0.8
35 20 0.19
22 35 0.1
23 35 0.39
24 35 0.64
35 26 0.73
35 27 0.55
29 35 0.49
30 35 0.32
35 31 0.13
34 35 0.43
35 48 5.0E-4
36 2 0.19
36 3 0.15
4 36 0.11
36 6 0.29
36 7 0.29
36 9 0.65
36 11 0.11
36 12 0.09
13 36 0.18
14 36 0.17
15 36 0.24
16 36 0.09
36 17 0.33
18 36 0.12
36 20 0.2
36 21 0.41
36 22 0.23
23 36 0.18
36 25 0.14
36 26 0.11
36 29 0.18
36 30 0.24
36 31 0.29
36 32 0.55
36 33 0.56
36 34 0.13
36 48 0.0011
2 37 0.23
37 6 0.71
12 37 0.23
13 37 0.07
14 37 0.1
17 37 0.41
23 37 0.15
25 37 0.33
28 37 0.38
30 37 0.12
31 37 0.35
33 37 0.23
34 37 0.16
48 37 0.0013
38 1 0.1
38 2 0.73
4 38 0.23
38 5 0.71
38 6 0.2
38 8 0.41
9 38 0.08
38 10 0.61
38 11 0.88
38 12 0.79
13 38 0.25
14 38 0.29
15 38 0.17
16 38 0.07
38 17 0.12
18 38 0.09
38 19 0.82
38 20 0.14
38 21 0.29
22 38 0.32
23 38 0.51
24 38 0.77
38 25 0.48
38 26 0.8
38 27 0.67
38 28 0.22
29 38 0.38
30 38 0.41
38 31 0.41
33 38 0.2
34 38 0.57
38 35 0.65
36 38 0.12
38 48 0.0028
39 1 0.15
39 2 0.51
39 5 0.63
39 10 0.79
39 11 0.62
39 12 0.51
13 39 0.16
14 39 0.14
39 19 0.79
23 39 0.33
24 39 0.54
39 26 0.62
39 27 0.52
29 39 0.39
30 39 0.27
34 39 0.37
39 35 0.85
39 38 0.65
39 48 5.0E-4
2 40 0.46
4 40 0.13
5 40 0.35
40 8 0.35
10 40 0.18
11 40 0.55
12 40 0.46
13 40 0.15
14 40 0.2
15 40 0.19
17 40 0.2
19 40 0.18
40 20 0.25
22 40 0.55
23 40 0.29
24 40 0.36
40 25 0.5
26 40 0.28
27 40 0.43
28 40 0.19
29 40 0.11
30 40 0.24
31 40 0.35
33 40 0.23
34 40 0.33
38 40 0.43
48 40 8.0E-4
2 41 0.51
4 41 0.24
5 41 0.32
41 8 0.63
11 41 0.5
12 41 0.51
13 41 0.16
14 41 0.18
15 41 0.17
19 41 0.32
22 41 0.37
23 41 0.33
24 41 0.54
41 25 0.6
26 41 0.25
27 41 0.39
28 41 0.34
29 41 0.1
30 41 0.27
31 41 0.32
33 41 0.21
34 41 0.37
38 41 0.52
41 40 0.67
48 41 0.0016
2 42 0.32
5 42 0.25
42 6 0.5
10 42 0.25
11 42 0.2
12 42 0.32
13 42 0.1
14 42 0.14
17 42 0.58
20 42 0.35
22 42 0.2
23 42 0.21
24 42 0.17
25 42 0.24
26 42 0.2
27 42 0.2
28 42 0.27
29 42 0.15
30 42 0.17
31 42 0.5
33 42 0.16
34 42 0.23
35 42 0.27
42 37 0.71
48 42 0.0011
43 1 0.13
2 43 0.26
5 43 0.4
9 43 0.1
10 43 0.4
11 43 0.31
12 43 0.26
13 43 0.19
14 43 0.23
16 43 0.26
18 43 0.34
19 43 0.4
23 43 0.39
24 43 0.28
26 43 0.42
43 27 0.33
29 43 0.25
30 43 0.18
34 43 0.25
35 43 0.43
38 43 0.33
39 43 0.51
48 43 3.0E-4
1 44 0.17
2 44 0.36
3 44 0.1
4 44 0.14
5 44 0.18
44 6 0.18
44 8 0.37
9 44 0.07
10 44 0.27
11 44 0.43
12 44 0.36
13 44 0.28
14 44 0.18
15 44 0.15
16 44 0.18
17 44 0.21
18 44 0.08
19 44 0.37
44 20 0.26
44 21 0.26
22 44 0.21
23 44 0.27
24 44 0.25
44 25 0.17
26 44 0.21
27 44 0.22
28 44 0.1
29 44 0.23
30 44 0.25
31 44 0.09
33 44 0.12
34 44 0.3
35 44 0.2
36 44 0.11
38 44 0.37
39 44 0.12
44 40 0.26
44 41 0.23
43 44 0.1
48 44 0.0012
2 45 0.52
4 45 0.3
45 6 0.27
45 8 0.53
9 45 0.1
10 45 0.13
11 45 0.42
12 45 0.52
13 45 0.19
14 45 0.19
15 45 0.15
16 45 0.17
17 45 0.31
18 45 0.11
19 45 0.27
45 20 0.38
45 21 0.38
22 45 0.31
23 45 0.33
24 45 0.37
45 25 0.38
26 45 0.1
27 45 0.33
28 45 0.29
29 45 0.25
30 45 0.23
31 45 0.13
33 45 0.09
34 45 0.37
36 45 0.15
38 45 0.33
45 40 0.38
45 41 0.51
45 44 0.49
48 45 0.0023
46 1 0.1
46 2 0.33
46 3 0.22
4 46 0.23
46 5 0.41
9 46 0.23
46 10 0.51
46 11 0.4
46 12 0.33
13 46 0.25
14 46 0.23
15 46 0.11
16 46 0.13
46 19 0.51
22 46 0.16
23 46 0.38
24 46 0.49
46 26 0.4
46 27 0.33
29 46 0.38
30 46 0.38
32 46 0.26
33 46 0.26
34 46 0.24
46 35 0.55
36 46 0.35
46 38 0.42
46 39 0.52
46 43 0.33
46 44 0.15
46 48 3.0E-4
2 47 0.32
4 47 0.19
7 47 0.5
47 8 0.5
11 47 0.2
12 47 0.32
13 47 0.1
14 47 0.14
19 47 0.25
22 47 0.2
23 47 0.21
24 47 0.17
47 25 0.47
28 47 0.27
30 47 0.17
31 47 0.25
34 47 0.23
38 47 0.2
47 40 0.35
47 41 0.32
47 44 0.18
47 45 0.27
48 47 0.0026
