*Vertices  30
1 "LED灯罩"
2 "LED灯"
3 "电容"
4 "容器"
5 "控制器"
6 "整流器"
7 "开关"
8 "功率因数校正"
9 "变压器"
10 "LED"
11 "二极管"
12 "整流二极管"
13 "稳压二极管"
14 "三极管"
15 "LED光源"
16 "铝基板"
17 "发动机"
18 "散热片"
19 "散热器"
20 "发电机"
21 "发光体"
22 "放大器"
23 "芯片"
24 "电感"
25 "电极"
26 "电阻"
27 "光电耦合器"
28 "屏幕"
29 "发光管"
30 "发光板"
*Arcs
30 1 0.0031
2 1 0.16
2 30 0.0022
2 3 0.29
3 30 0.0030
2 4 0.12
3 4 0.23
4 30 0.0015
2 5 0.11
3 5 0.15
4 5 0.09
5 30 8.0E-4
2 6 0.22
3 6 0.53
6 4 0.33
6 5 0.07
6 30 0.0013
2 7 0.37
7 3 0.42
7 4 0.21
7 5 0.23
7 6 0.2
7 30 0.0015
2 8 0.11
3 8 0.2
7 8 0.14
30 8 0.0105
2 9 0.26
3 9 0.52
9 4 0.24
9 5 0.1
9 6 0.68
7 9 0.29
9 8 0.21
9 30 0.0030
10 1 0.1
10 2 0.67
10 3 0.36
10 4 0.19
10 5 0.3
10 6 0.25
10 7 0.54
10 8 0.07
10 9 0.34
10 30 0.0020
11 1 0.07
11 2 0.32
11 3 0.39
11 4 0.23
11 5 0.15
11 6 0.35
11 7 0.46
11 8 0.1
11 9 0.39
11 10 0.72
11 30 0.0021
2 12 0.11
3 12 0.2
7 12 0.14
12 8 1.0
9 12 0.21
10 12 0.07
11 12 0.1
30 12 0.0105
2 13 0.21
3 13 0.46
4 13 0.14
5 13 0.18
6 13 0.55
7 13 0.21
13 8 0.38
9 13 0.48
10 13 0.19
11 13 0.27
13 12 0.38
13 30 0.0070
2 14 0.2
14 3 0.61
14 4 0.17
14 5 0.11
14 6 0.4
7 14 0.37
14 8 0.23
14 9 0.49
10 14 0.32
11 14 0.42
14 12 0.23
14 13 0.26
14 30 0.0034
15 2 0.36
15 3 0.04
15 4 0.08
15 6 0.06
15 7 0.06
15 9 0.09
15 10 0.36
15 11 0.29
15 13 0.08
15 14 0.09
15 30 8.0E-4
16 1 0.21
16 2 0.3
16 3 0.06
16 7 0.08
16 8 0.3
16 9 0.13
16 10 0.24
16 11 0.24
16 12 0.3
16 13 0.11
16 14 0.07
16 15 0.18
16 30 0.0019
2 17 0.11
10 17 0.07
11 17 0.1
15 17 0.2
17 30 0.0068
2 18 0.43
18 3 0.05
18 7 0.07
10 18 0.3
11 18 0.22
15 18 0.45
16 18 0.29
18 17 0.24
18 30 9.0E-4
2 19 0.44
19 3 0.19
19 6 0.2
19 9 0.15
10 19 0.31
11 19 0.24
19 13 0.27
15 19 0.34
16 19 0.21
19 17 0.24
19 18 0.63
19 30 0.0011
2 20 0.11
5 20 0.12
7 20 0.14
9 20 0.21
10 20 0.15
11 20 0.1
15 20 0.1
20 17 0.5
18 20 0.12
19 20 0.12
20 30 0.0034
21 2 0.21
21 3 0.08
21 7 0.1
21 10 0.19
21 11 0.23
21 14 0.09
21 15 0.23
21 16 0.11
21 17 0.38
21 18 0.09
21 19 0.09
21 20 0.19
21 30 0.0020
2 22 0.09
3 22 0.33
22 5 0.1
6 22 0.12
7 22 0.11
22 8 0.41
9 22 0.26
10 22 0.18
11 22 0.17
22 12 0.41
22 13 0.15
14 22 0.28
16 22 0.12
22 20 0.2
22 30 0.0027
2 23 0.3
23 3 0.37
23 4 0.14
23 5 0.23
23 6 0.14
23 7 0.28
23 8 0.12
23 9 0.18
10 23 0.62
11 23 0.58
23 12 0.12
23 13 0.14
23 14 0.33
15 23 0.22
16 23 0.22
23 18 0.17
23 19 0.14
23 20 0.06
21 23 0.09
23 22 0.29
23 30 6.0E-4
2 24 0.25
3 24 0.54
24 4 0.43
24 5 0.09
6 24 0.44
7 24 0.36
24 8 0.38
9 24 0.4
10 24 0.19
11 24 0.23
24 12 0.38
24 13 0.43
14 24 0.43
15 24 0.08
16 24 0.11
22 24 0.31
23 24 0.18
24 30 0.0072
2 25 0.16
3 25 0.37
25 4 0.19
25 5 0.12
25 6 0.33
7 25 0.2
25 8 0.16
25 9 0.39
10 25 0.45
11 25 0.55
25 12 0.16
25 13 0.19
14 25 0.6
15 25 0.1
16 25 0.1
21 25 0.06
25 22 0.2
23 25 0.57
25 24 0.31
25 30 0.0018
2 26 0.3
26 3 0.73
26 4 0.18
26 5 0.16
26 6 0.56
7 26 0.46
26 8 0.16
26 9 0.55
10 26 0.45
11 26 0.51
26 12 0.16
26 13 0.43
26 14 0.71
15 26 0.1
16 26 0.05
18 26 0.04
19 26 0.15
26 20 0.08
21 26 0.06
26 22 0.26
23 26 0.47
26 24 0.43
26 25 0.51
26 30 0.0022
3 27 0.29
4 27 0.27
5 27 0.34
6 27 0.2
7 27 0.1
9 27 0.15
10 27 0.1
11 27 0.14
13 27 0.27
14 27 0.32
23 27 0.08
24 27 0.27
25 27 0.23
26 27 0.23
27 30 0.0037
2 28 0.06
3 28 0.05
4 28 0.1
28 5 0.13
6 28 0.07
7 28 0.11
9 28 0.06
10 28 0.28
11 28 0.18
28 13 0.1
14 28 0.06
16 28 0.08
23 28 0.25
24 28 0.1
25 28 0.3
26 28 0.04
28 27 0.18
28 30 6.0E-4
29 1 0.24
2 29 0.26
3 29 0.07
5 29 0.16
7 29 0.23
29 8 0.33
9 29 0.21
10 29 0.22
11 29 0.17
29 12 0.33
13 29 0.13
14 29 0.08
16 29 0.4
21 29 0.13
22 29 0.14
23 29 0.04
24 29 0.13
25 29 0.05
26 29 0.05
29 30 0.0023
