*Vertices  15
1 "电容"
2 "传感器"
3 "单片机"
4 "开关"
5 "Zigbee"
6 "LED"
7 "二极管"
8 "转换器"
9 "晶体振荡器"
10 "ESD"
11 "芯片"
12 "Li"
13 "电阻"
14 "插座"
15 "发射模块"
*Arcs
1 15 0.0051
1 2 0.08
2 15 0.0047
3 1 0.19
3 2 0.28
3 15 0.0063
4 1 0.42
4 2 0.19
4 3 0.19
4 15 0.0031
1 5 0.2
2 5 0.2
3 5 0.23
4 5 0.14
15 5 0.0696
6 1 0.36
6 2 0.37
6 3 0.32
6 4 0.54
6 5 0.07
6 15 0.0013
7 1 0.39
7 2 0.2
7 3 0.16
7 4 0.46
7 5 0.1
7 6 0.72
7 15 0.0017
1 8 0.25
8 2 0.3
3 8 0.14
4 8 0.25
8 5 0.3
6 8 0.24
7 8 0.21
8 15 0.0103
9 1 0.24
9 2 0.12
3 9 0.26
4 9 0.24
9 5 0.58
6 9 0.13
7 9 0.06
9 8 0.35
9 15 0.0334
1 10 0.09
10 2 0.09
3 10 0.1
4 10 0.06
10 5 0.45
6 10 0.16
7 10 0.14
8 10 0.13
9 10 0.26
10 15 0.0203
11 1 0.37
11 2 0.17
11 3 0.33
11 4 0.28
11 5 0.12
6 11 0.62
7 11 0.58
11 8 0.25
11 9 0.14
11 10 0.27
11 15 0.0024
12 1 0.05
12 2 0.05
12 3 0.05
12 4 0.13
12 5 0.24
6 12 0.31
7 12 0.36
12 8 0.21
12 9 0.27
12 10 0.11
12 11 0.31
12 15 0.0065
13 1 0.73
13 2 0.16
3 13 0.22
4 13 0.46
13 5 0.16
6 13 0.45
7 13 0.51
13 8 0.29
13 9 0.19
13 10 0.07
11 13 0.47
12 13 0.11
13 15 0.0036
1 14 0.17
14 2 0.16
3 14 0.19
4 14 0.28
14 5 0.41
6 14 0.18
7 14 0.17
8 14 0.12
9 14 0.24
14 10 0.18
11 14 0.1
12 14 0.1
13 14 0.13
14 15 0.017
