*Vertices  48
1 "显示器"
2 "LED灯"
3 "电容"
4 "光膜"
5 "传感器"
6 "处理器"
7 "荧光粉"
8 "开关"
9 "发光荧光材料"
10 "发光板"
11 "EP"
12 "LED"
13 "二极管"
14 "三极管"
15 "玻璃"
16 "通道"
17 "接收管"
18 "LED光源"
19 "塑料"
20 "铝基板"
21 "红外线发射管"
22 "发动机"
23 "散热片"
24 "散热器"
25 "发电机"
26 "荧光体"
27 "SiO2"
28 "半导体"
29 "电路板"
30 "NH4H2PO4"
31 "硅氧磷灰石"
32 "客户"
33 "冷却片"
34 "芯片"
35 "涂层"
36 "SrCO3"
37 "Eu2O3"
38 "Eu2"
39 "离子"
40 "电极"
41 "电阻"
42 "激光"
43 "洗墙灯"
44 "射灯"
45 "透镜"
46 "激发光"
47 "发光管"
48 "发光体"
*Arcs
48 1 3.0E-4
2 1 0.08
48 2 0.0021
2 3 0.29
48 3 3.0E-4
4 1 0.29
4 2 0.13
48 4 0.0014
1 5 0.25
2 5 0.13
3 5 0.08
48 5 2.0E-4
6 1 0.26
6 2 0.14
6 3 0.05
6 4 0.15
6 5 0.36
48 6 3.0E-4
7 1 0.14
7 2 0.13
7 4 0.33
7 6 0.07
48 7 0.0018
1 8 0.07
2 8 0.37
8 3 0.42
8 5 0.19
6 8 0.21
7 8 0.08
48 8 4.0E-4
9 1 0.13
9 2 0.21
9 4 0.31
9 6 0.07
9 7 0.54
9 8 0.07
48 9 0.0017
2 10 0.16
3 10 0.2
8 10 0.14
48 10 0.0012
1 11 0.07
2 11 0.12
11 3 0.11
6 11 0.14
7 11 0.39
11 8 0.11
9 11 0.29
48 11 6.0E-4
12 1 0.29
12 2 0.67
12 3 0.36
12 4 0.13
12 5 0.37
12 6 0.28
12 7 0.25
12 8 0.54
12 9 0.28
12 10 0.15
12 11 0.28
48 12 0.0019
13 1 0.15
13 2 0.32
13 3 0.39
13 4 0.12
13 5 0.2
13 6 0.08
13 7 0.23
13 8 0.46
13 9 0.33
13 10 0.15
13 11 0.22
13 12 0.72
48 13 0.0019
1 14 0.06
2 14 0.2
14 3 0.61
14 5 0.05
8 14 0.37
9 14 0.06
14 10 0.23
11 14 0.06
12 14 0.32
13 14 0.42
48 14 3.0E-4
15 1 0.19
15 2 0.27
15 3 0.08
15 4 0.11
15 5 0.12
15 6 0.15
15 7 0.11
15 8 0.18
15 9 0.1
15 11 0.21
15 12 0.38
15 13 0.27
15 14 0.09
48 15 8.0E-4
1 16 0.07
2 16 0.22
3 16 0.12
16 5 0.12
8 16 0.04
12 16 0.25
13 16 0.23
14 16 0.07
15 16 0.11
48 16 4.0E-4
1 17 0.14
2 17 0.13
3 17 0.24
5 17 0.12
8 17 0.24
12 17 0.13
13 17 0.18
14 17 0.4
15 17 0.11
16 17 0.17
48 17 0.0013
18 1 0.15
18 2 0.36
18 3 0.04
18 4 0.12
18 5 0.04
18 6 0.11
18 7 0.24
18 8 0.06
18 9 0.16
18 10 0.1
18 11 0.22
18 12 0.36
18 13 0.29
18 14 0.09
18 15 0.24
18 16 0.18
18 17 0.12
48 18 0.0016
19 1 0.17
19 2 0.28
19 4 0.26
19 5 0.18
19 6 0.12
19 7 0.2
19 8 0.16
19 9 0.18
19 11 0.06
19 12 0.32
19 13 0.28
19 15 0.35
19 16 0.13
19 18 0.14
48 19 4.0E-4
20 1 0.08
20 2 0.3
20 3 0.06
20 4 0.17
20 6 0.08
20 7 0.17
20 8 0.08
20 9 0.08
20 10 0.15
20 11 0.16
20 12 0.24
20 13 0.24
20 14 0.07
20 15 0.12
20 16 0.26
20 18 0.18
20 19 0.35
48 20 5.0E-4
2 21 0.11
3 21 0.2
5 21 0.2
8 21 0.14
12 21 0.07
13 21 0.1
14 21 0.23
15 21 0.19
16 21 0.29
17 21 0.58
48 21 0.0025
2 22 0.11
22 10 0.5
12 22 0.07
13 22 0.1
18 22 0.2
48 22 0.0024
2 23 0.43
23 3 0.05
23 8 0.07
23 10 0.12
12 23 0.3
13 23 0.22
15 23 0.09
23 16 0.35
18 23 0.45
19 23 0.11
20 23 0.29
23 22 0.24
48 23 4.0E-4
2 24 0.44
24 3 0.19
24 10 0.12
12 24 0.31
13 24 0.24
15 24 0.05
24 16 0.2
18 24 0.34
19 24 0.05
20 24 0.21
24 22 0.24
24 23 0.63
48 24 4.0E-4
1 25 0.13
2 25 0.11
5 25 0.1
7 25 0.14
8 25 0.14
25 10 0.25
12 25 0.15
13 25 0.1
18 25 0.1
25 22 0.5
23 25 0.12
24 25 0.12
48 25 0.0012
4 26 0.33
7 26 0.5
9 26 0.46
11 26 0.31
12 26 0.13
13 26 0.18
15 26 0.11
18 26 0.12
19 26 0.13
48 26 0.0018
1 27 0.07
2 27 0.12
4 27 0.16
7 27 0.32
27 8 0.04
9 27 0.52
27 11 0.3
12 27 0.27
13 27 0.31
15 27 0.16
27 16 0.08
18 27 0.11
19 27 0.19
27 26 0.32
48 27 6.0E-4
28 1 0.11
28 2 0.29
28 3 0.15
28 4 0.09
28 5 0.06
28 6 0.08
28 7 0.34
28 8 0.14
28 9 0.43
28 11 0.28
28 12 0.5
28 13 0.55
28 14 0.1
28 15 0.23
28 16 0.17
28 17 0.09
28 18 0.3
28 19 0.24
28 20 0.27
28 23 0.11
28 24 0.14
28 26 0.17
28 27 0.41
28 48 7.0E-4
29 1 0.26
29 2 0.4
29 3 0.13
29 4 0.24
29 5 0.08
29 6 0.11
29 7 0.12
29 8 0.14
29 9 0.16
29 11 0.05
29 12 0.36
29 13 0.17
29 14 0.19
29 15 0.39
29 16 0.06
29 17 0.24
29 18 0.17
29 19 0.19
29 20 0.06
29 21 0.2
29 23 0.05
29 24 0.1
29 27 0.06
29 28 0.15
29 48 0.0024
7 30 0.29
9 30 0.27
11 30 0.27
12 30 0.07
13 30 0.1
26 30 0.58
27 30 0.28
28 30 0.15
48 30 0.0037
7 31 0.29
9 31 0.27
11 31 0.27
12 31 0.07
13 31 0.1
26 31 0.58
27 31 0.28
28 31 0.15
31 30 1.0
48 31 0.0037
1 32 0.2
2 32 0.22
3 32 0.17
4 32 0.24
32 5 0.24
6 32 0.21
7 32 0.12
8 32 0.17
9 32 0.11
11 32 0.11
12 32 0.18
13 32 0.08
14 32 0.09
15 32 0.08
32 16 0.12
32 17 0.24
18 32 0.08
19 32 0.09
32 21 0.41
27 32 0.11
28 32 0.12
29 32 0.17
48 32 7.0E-4
2 33 0.11
12 33 0.07
29 33 0.2
48 33 0.0021
1 34 0.27
2 34 0.3
34 3 0.37
4 34 0.07
34 5 0.17
6 34 0.12
7 34 0.35
34 8 0.28
9 34 0.35
34 10 0.06
34 11 0.35
12 34 0.62
13 34 0.58
34 14 0.33
15 34 0.21
34 16 0.24
34 17 0.21
18 34 0.22
19 34 0.11
20 34 0.22
34 21 0.12
34 23 0.17
34 24 0.14
34 25 0.06
34 26 0.21
34 27 0.4
28 34 0.6
29 34 0.22
34 30 0.12
34 31 0.12
34 32 0.1
48 34 6.0E-4
2 35 0.11
7 35 0.14
9 35 0.13
11 35 0.13
12 35 0.15
13 35 0.1
15 35 0.1
18 35 0.1
27 35 0.14
28 35 0.07
29 35 0.1
34 35 0.06
48 35 6.0E-4
2 36 0.08
7 36 0.2
9 36 0.38
36 11 0.38
12 36 0.1
13 36 0.07
36 26 0.41
36 27 0.39
28 36 0.1
36 30 0.71
36 31 0.71
36 34 0.17
48 36 0.0025
2 37 0.08
7 37 0.2
9 37 0.38
37 11 0.38
12 37 0.1
13 37 0.07
37 26 0.41
37 27 0.39
28 37 0.1
37 30 0.71
37 31 0.71
37 34 0.17
37 36 1.0
48 37 0.0025
2 38 0.05
7 38 0.43
9 38 0.53
38 11 0.53
12 38 0.15
13 38 0.15
15 38 0.1
18 38 0.1
38 26 0.58
38 27 0.42
28 38 0.22
38 30 0.5
38 31 0.5
38 34 0.24
38 35 0.25
38 36 0.71
38 37 0.71
48 38 0.0016
1 39 0.06
2 39 0.13
7 39 0.13
9 39 0.18
39 11 0.49
12 39 0.32
13 39 0.26
15 39 0.35
39 16 0.07
18 39 0.19
19 39 0.05
20 39 0.07
39 26 0.26
39 27 0.32
28 39 0.34
29 39 0.14
39 30 0.23
39 31 0.23
39 34 0.33
39 35 0.11
39 36 0.32
39 37 0.32
39 38 0.34
48 39 4.0E-4
1 40 0.04
2 40 0.16
3 40 0.37
40 5 0.03
7 40 0.09
8 40 0.2
9 40 0.22
40 10 0.16
11 40 0.13
12 40 0.45
13 40 0.55
14 40 0.6
15 40 0.13
40 16 0.19
40 17 0.19
18 40 0.1
19 40 0.04
20 40 0.1
40 21 0.16
27 40 0.32
28 40 0.56
29 40 0.03
40 32 0.07
34 40 0.57
39 40 0.23
48 40 2.0E-4
1 41 0.08
2 41 0.3
41 3 0.73
41 5 0.16
6 41 0.08
7 41 0.05
8 41 0.46
9 41 0.04
41 10 0.16
11 41 0.09
12 41 0.45
13 41 0.51
41 14 0.71
15 41 0.09
41 16 0.19
41 17 0.28
18 41 0.1
20 41 0.05
41 21 0.16
23 41 0.04
24 41 0.15
41 25 0.08
27 41 0.09
28 41 0.19
29 41 0.17
41 32 0.13
34 41 0.47
39 41 0.04
41 40 0.51
48 41 2.0E-4
42 1 0.2
42 2 0.12
42 4 0.31
42 5 0.16
42 6 0.14
42 7 0.23
42 8 0.04
42 9 0.21
42 12 0.28
42 13 0.24
42 15 0.21
42 16 0.08
42 18 0.16
42 19 0.18
42 20 0.08
42 27 0.3
42 28 0.39
42 29 0.11
42 32 0.11
42 34 0.26
42 39 0.12
42 40 0.31
42 41 0.17
42 48 4.0E-4
43 1 0.25
43 2 0.11
43 4 0.58
43 6 0.26
43 7 0.29
43 9 0.27
43 12 0.07
43 13 0.1
43 15 0.19
43 18 0.2
43 19 0.23
43 20 0.3
43 28 0.15
43 29 0.2
43 42 0.27
43 48 0.0026
44 1 0.1
44 2 0.27
44 3 0.17
44 4 0.24
44 5 0.08
44 6 0.11
44 7 0.12
44 8 0.06
44 9 0.11
44 12 0.18
44 13 0.21
44 14 0.09
44 15 0.16
44 16 0.24
44 17 0.24
44 18 0.17
44 19 0.28
44 20 0.37
44 21 0.41
44 23 0.1
44 24 0.19
44 28 0.24
44 29 0.17
44 32 0.17
44 34 0.05
44 40 0.07
44 41 0.13
44 42 0.11
44 43 0.41
44 48 0.0026
45 1 0.13
45 2 0.25
45 4 0.29
45 5 0.1
45 6 0.06
45 7 0.29
45 8 0.07
45 9 0.33
45 11 0.07
45 12 0.29
45 13 0.28
45 15 0.14
45 16 0.14
45 18 0.26
45 19 0.23
45 20 0.23
45 23 0.3
45 24 0.12
45 26 0.14
45 27 0.21
45 28 0.26
45 29 0.15
45 32 0.1
45 34 0.18
45 39 0.11
45 40 0.04
45 42 0.27
45 43 0.25
45 44 0.1
45 48 4.0E-4
1 46 0.08
2 46 0.07
4 46 0.19
46 5 0.07
7 46 0.38
46 8 0.05
9 46 0.45
46 11 0.27
12 46 0.22
13 46 0.27
15 46 0.26
46 16 0.1
18 46 0.2
19 46 0.23
46 26 0.58
46 27 0.55
28 46 0.25
46 30 0.33
46 31 0.33
46 32 0.14
46 34 0.28
46 36 0.47
46 37 0.47
46 38 0.5
46 39 0.38
46 40 0.11
46 41 0.05
42 46 0.27
45 46 0.33
48 46 9.0E-4
2 47 0.26
3 47 0.07
5 47 0.07
6 47 0.09
8 47 0.23
47 10 0.17
12 47 0.22
13 47 0.17
14 47 0.08
15 47 0.06
16 47 0.1
19 47 0.31
20 47 0.4
28 47 0.15
29 47 0.07
34 47 0.04
35 47 0.17
39 47 0.08
40 47 0.05
41 47 0.05
44 47 0.27
48 47 4.0E-4
