*Vertices  22
1 "LED灯"
2 "单片机"
3 "开关"
4 "发光荧光材料"
5 "变压器"
6 "LED"
7 "二极管"
8 "三极管"
9 "玻璃"
10 "电热丝"
11 "电路板"
12 "芯片"
13 "涂层"
14 "光触媒"
15 "离子"
16 "电极"
17 "电阻"
18 "脉冲信号"
19 "臭氧仪"
20 "臭氧"
21 "发光管"
22 "发生器"
*Arcs
1 22 0.0058
1 2 0.13
2 22 9.0E-4
1 3 0.37
3 2 0.19
3 22 6.0E-4
4 1 0.21
4 2 0.06
4 3 0.07
4 22 0.0015
1 5 0.26
2 5 0.05
3 5 0.29
5 22 0.0012
6 1 0.67
6 2 0.32
6 3 0.54
6 4 0.28
6 5 0.34
6 22 0.0034
7 1 0.32
7 2 0.16
7 3 0.46
7 4 0.33
7 5 0.39
7 6 0.72
7 22 5.0E-4
1 8 0.2
2 8 0.16
3 8 0.37
4 8 0.06
8 5 0.49
6 8 0.32
7 8 0.42
8 22 0.0010
9 1 0.27
9 2 0.22
9 3 0.18
9 4 0.1
9 5 0.08
9 6 0.38
9 7 0.27
9 8 0.09
9 22 0.0034
1 10 0.13
3 10 0.08
6 10 0.13
7 10 0.06
9 10 0.11
22 10 0.0122
11 1 0.4
11 2 0.14
11 3 0.14
11 4 0.16
11 5 0.04
11 6 0.36
11 7 0.17
11 8 0.19
11 9 0.39
11 22 0.0013
1 12 0.3
12 2 0.33
12 3 0.28
4 12 0.35
12 5 0.18
6 12 0.62
7 12 0.58
12 8 0.33
9 12 0.21
11 12 0.22
12 22 6.0E-4
1 13 0.11
4 13 0.13
13 5 0.11
6 13 0.15
7 13 0.1
9 13 0.1
11 13 0.1
12 13 0.06
13 22 0.0052
1 14 0.25
5 14 0.1
6 14 0.16
9 14 0.17
11 14 0.27
13 14 0.45
22 14 0.0142
1 15 0.13
4 15 0.18
15 5 0.1
6 15 0.32
7 15 0.26
9 15 0.35
15 10 0.13
11 15 0.14
15 12 0.33
15 13 0.11
15 14 0.31
15 22 0.012
1 16 0.16
2 16 0.04
3 16 0.2
4 16 0.22
16 5 0.39
6 16 0.45
7 16 0.55
8 16 0.6
9 16 0.13
11 16 0.03
12 16 0.57
15 16 0.23
16 22 6.0E-4
1 17 0.3
2 17 0.22
3 17 0.46
4 17 0.04
17 5 0.55
6 17 0.45
7 17 0.51
17 8 0.71
9 17 0.09
11 17 0.17
12 17 0.47
15 17 0.04
17 16 0.51
17 22 6.0E-4
1 18 0.11
2 18 0.23
3 18 0.14
4 18 0.13
6 18 0.15
7 18 0.15
8 18 0.23
12 18 0.18
16 18 0.16
17 18 0.16
18 22 0.0036
1 19 0.11
6 19 0.07
10 19 0.58
15 19 0.23
22 19 0.0174
1 20 0.22
4 20 0.22
5 20 0.09
6 20 0.18
7 20 0.04
9 20 0.24
20 10 0.47
11 20 0.17
12 20 0.1
13 20 0.2
20 14 0.37
15 20 0.28
20 19 0.41
20 22 0.0349
1 21 0.26
3 21 0.23
5 21 0.21
6 21 0.22
7 21 0.17
8 21 0.08
9 21 0.06
11 21 0.07
12 21 0.04
13 21 0.17
21 14 0.15
15 21 0.08
16 21 0.05
17 21 0.05
20 21 0.14
21 22 0.0024
