*Vertices  97
1 "人体经络显示屏"
2 "LED显示屏"
3 "显示器"
4 "衬底"
5 "LED灯"
6 "电容"
7 "容器"
8 "传感器"
9 "控制器"
10 "单片机"
11 "发生器"
12 "音箱"
13 "荧光粉"
14 "聚光杯"
15 "整流器"
16 "开关"
17 "GAN"
18 "保护层"
19 "引发剂"
20 "功率因数校正"
21 "硼酸"
22 "稳压块"
23 "阻燃塑料外壳"
24 "发光板"
25 "EP"
26 "LED外延片"
27 "外延片"
28 "外延"
29 "LED"
30 "二极管"
31 "整流二极管"
32 "稳压二极管"
33 "三极管"
34 "掩膜"
35 "玻璃"
36 "LED光源"
37 "塑料"
38 "腐蚀液"
39 "缩水甘油"
40 "转换器"
41 "铝基板"
42 "基板"
43 "聚光碗"
44 "稀释剂"
45 "散热器"
46 "发电机"
47 "硅橡胶"
48 "光刻胶"
49 "SiO2"
50 "放大器"
51 "半导体"
52 "电路板"
53 "Al2O3"
54 "MQW"
55 "ITO"
56 "燃气涡轮"
57 "焊盘"
58 "滑动变阻器"
59 "含硅"
60 "太阳能"
61 "风能"
62 "蓄电池"
63 "锂电池"
64 "LED照明设备"
65 "蓄电设备"
66 "LED芯片"
67 "芯片"
68 "涂层"
69 "电流扩展层"
70 "电抗器"
71 "继电器"
72 "充电器"
73 "存储器"
74 "光触媒"
75 "酸盐"
76 "Li"
77 "电感"
78 "离子"
79 "电极"
80 "接触层"
81 "电阻"
82 "丙酮"
83 "激光"
84 "湿法腐蚀"
85 "空穴"
86 "射灯"
87 "检测仪"
88 "检测板"
89 "光电耦合器"
90 "臭氧"
91 "屏幕"
92 "USB接头"
93 "甲基"
94 "发光管"
95 "晶体闸流管"
96 "DMA"
97 "变压器"
*Arcs
97 1 2.0E-4
97 2 1.0E-4
3 2 0.08
3 97 1.0E-4
97 4 1.0E-4
5 2 0.03
5 3 0.08
5 4 0.03
5 97 0.0010
5 6 0.29
6 97 0.0026
7 4 0.09
5 7 0.12
6 7 0.23
97 7 6.0E-4
3 8 0.25
5 8 0.13
6 8 0.08
97 8 0.0
9 2 0.23
3 9 0.24
5 9 0.11
6 9 0.15
7 9 0.09
9 8 0.19
97 9 2.0E-4
10 2 0.07
3 10 0.52
5 10 0.13
10 6 0.19
10 8 0.28
10 9 0.17
10 97 1.0E-4
5 11 0.22
10 11 0.11
97 11 1.0E-4
5 12 0.11
97 12 5.0E-4
13 2 0.09
13 3 0.14
13 4 0.13
13 5 0.13
13 7 0.22
13 9 0.07
13 10 0.07
13 97 1.0E-4
5 14 0.16
6 14 0.29
97 14 8.0E-4
15 4 0.07
5 15 0.22
6 15 0.53
15 7 0.33
15 9 0.07
15 14 0.41
97 15 0.0038
16 1 0.14
16 2 0.04
3 16 0.07
5 16 0.37
16 6 0.42
16 7 0.21
16 8 0.19
16 9 0.23
16 10 0.19
16 11 0.07
13 16 0.08
16 15 0.2
16 97 0.0013
17 4 0.65
5 17 0.04
13 17 0.1
15 17 0.1
97 17 1.0E-4
4 18 0.23
5 18 0.11
13 18 0.14
15 18 0.14
17 18 0.18
97 18 1.0E-4
3 19 0.18
97 19 2.0E-4
5 20 0.11
6 20 0.2
16 20 0.14
97 20 5.0E-4
3 21 0.13
5 21 0.11
21 7 0.19
13 21 0.29
21 19 0.35
21 97 1.0E-4
22 15 0.29
22 97 3.0E-4
5 23 0.11
16 23 0.14
97 23 2.0E-4
5 24 0.16
6 24 0.2
7 24 0.19
9 24 0.12
15 24 0.14
16 24 0.14
24 20 0.5
97 24 5.0E-4
3 25 0.07
25 4 0.12
5 25 0.12
25 6 0.11
25 7 0.1
25 9 0.06
25 10 0.06
13 25 0.39
25 15 0.08
25 16 0.11
25 18 0.13
25 19 0.38
25 21 0.4
25 97 2.0E-4
26 4 0.65
5 26 0.04
13 26 0.1
15 26 0.1
26 17 0.75
26 18 0.18
97 26 1.0E-4
27 4 0.83
5 27 0.03
13 27 0.08
15 27 0.08
27 17 0.78
27 18 0.14
25 27 0.07
27 26 0.78
97 27 1.0E-4
28 4 0.95
5 28 0.05
13 28 0.13
15 28 0.07
28 17 0.65
28 18 0.23
25 28 0.06
28 26 0.65
28 27 0.83
97 28 1.0E-4
29 1 0.07
29 2 0.23
29 3 0.29
29 4 0.32
29 5 0.67
29 6 0.36
29 7 0.19
29 8 0.37
29 9 0.3
29 10 0.32
29 11 0.15
29 12 0.07
29 13 0.25
29 14 0.1
29 15 0.25
29 16 0.54
29 17 0.21
29 18 0.15
29 19 0.1
29 20 0.07
29 21 0.15
29 22 0.07
29 23 0.07
29 24 0.15
29 25 0.28
29 26 0.21
29 27 0.27
29 28 0.32
29 97 0.0018
30 2 0.06
30 3 0.15
30 4 0.37
30 5 0.32
30 6 0.39
30 7 0.23
30 8 0.2
30 9 0.15
30 10 0.16
30 11 0.05
30 13 0.23
30 14 0.14
30 15 0.35
30 16 0.46
30 17 0.25
30 18 0.1
30 19 0.14
30 20 0.1
30 21 0.1
30 22 0.1
30 23 0.1
30 24 0.15
30 25 0.22
30 26 0.22
30 27 0.31
30 28 0.37
30 29 0.72
30 97 0.0019
5 31 0.11
6 31 0.2
16 31 0.14
31 20 1.0
24 31 0.5
29 31 0.07
30 31 0.1
97 31 5.0E-4
5 32 0.21
6 32 0.46
7 32 0.14
8 32 0.08
9 32 0.18
32 14 0.53
15 32 0.55
16 32 0.21
32 20 0.38
32 24 0.38
25 32 0.1
29 32 0.19
30 32 0.27
32 31 0.38
97 32 0.0020
3 33 0.06
5 33 0.2
33 6 0.61
33 7 0.17
33 8 0.05
33 9 0.11
10 33 0.16
33 11 0.11
33 15 0.4
16 33 0.37
33 20 0.23
33 22 0.23
33 24 0.23
25 33 0.06
29 33 0.32
30 33 0.42
33 31 0.23
33 32 0.26
33 97 0.0022
4 34 0.23
5 34 0.11
15 34 0.29
17 34 0.35
18 34 0.5
26 34 0.35
27 34 0.28
28 34 0.23
29 34 0.07
30 34 0.1
97 34 3.0E-4
35 2 0.18
35 3 0.19
35 4 0.13
35 5 0.27
35 6 0.08
35 8 0.12
35 10 0.22
35 11 0.19
35 13 0.11
35 16 0.18
35 17 0.14
35 19 0.27
35 21 0.19
35 25 0.21
35 27 0.16
35 28 0.13
35 29 0.38
35 30 0.27
35 33 0.09
35 97 1.0E-4
36 3 0.15
36 4 0.09
36 5 0.36
36 6 0.04
36 7 0.08
36 8 0.04
36 10 0.09
36 13 0.24
36 15 0.06
36 16 0.06
36 17 0.14
36 19 0.14
36 21 0.31
36 24 0.1
36 25 0.22
36 27 0.11
36 28 0.09
36 29 0.36
36 30 0.29
36 32 0.08
36 33 0.09
36 35 0.24
36 97 1.0E-4
37 2 0.07
37 3 0.17
37 4 0.05
37 5 0.28
37 7 0.17
37 8 0.18
37 9 0.17
37 10 0.05
37 13 0.2
37 16 0.16
37 23 0.23
37 25 0.06
37 27 0.06
37 28 0.05
37 29 0.32
37 30 0.28
37 35 0.35
37 36 0.14
37 97 1.0E-4
4 38 0.56
5 38 0.04
7 38 0.15
15 38 0.12
17 38 0.14
18 38 0.2
25 38 0.22
26 38 0.29
27 38 0.34
28 38 0.47
29 38 0.18
30 38 0.25
38 34 0.41
35 38 0.08
37 38 0.09
97 38 1.0E-4
3 39 0.18
39 19 1.0
21 39 0.35
25 39 0.38
29 39 0.1
30 39 0.14
35 39 0.27
36 39 0.14
97 39 2.0E-4
40 2 0.1
3 40 0.15
5 40 0.1
6 40 0.25
40 8 0.3
40 9 0.22
10 40 0.14
13 40 0.09
16 40 0.25
25 40 0.08
29 40 0.24
30 40 0.21
40 32 0.11
33 40 0.14
35 40 0.12
37 40 0.21
97 40 1.0E-4
41 3 0.08
41 4 0.07
41 5 0.3
41 6 0.06
41 13 0.17
41 16 0.08
41 18 0.15
41 20 0.3
41 23 0.3
41 24 0.15
41 25 0.16
41 27 0.08
41 28 0.07
41 29 0.24
41 30 0.24
41 31 0.3
41 32 0.11
41 33 0.07
41 35 0.12
41 36 0.18
41 37 0.35
41 38 0.12
41 97 2.0E-4
4 42 0.08
5 42 0.27
6 42 0.29
13 42 0.1
42 14 0.5
15 42 0.31
28 42 0.08
29 42 0.21
30 42 0.14
32 42 0.4
36 42 0.07
97 42 5.0E-4
5 43 0.16
6 43 0.29
43 14 1.0
15 43 0.41
29 43 0.1
30 43 0.14
32 43 0.53
42 43 0.5
97 43 8.0E-4
3 44 0.14
44 7 0.22
13 44 0.17
44 19 0.82
21 44 0.29
25 44 0.31
29 44 0.13
30 44 0.18
35 44 0.22
36 44 0.12
37 44 0.13
44 39 0.82
97 44 2.0E-4
5 45 0.44
45 6 0.19
45 14 0.33
45 15 0.2
45 24 0.12
29 45 0.31
30 45 0.24
45 32 0.27
35 45 0.05
36 45 0.34
37 45 0.05
41 45 0.21
45 42 0.5
45 43 0.33
45 97 3.0E-4
2 46 0.16
3 46 0.13
5 46 0.11
8 46 0.1
9 46 0.12
10 46 0.11
13 46 0.14
16 46 0.14
46 24 0.25
29 46 0.15
30 46 0.1
36 46 0.1
40 46 0.15
45 46 0.12
97 46 4.0E-4
3 47 0.14
5 47 0.06
47 7 0.44
13 47 0.33
47 19 0.41
21 47 0.58
25 47 0.15
29 47 0.13
30 47 0.12
35 47 0.11
36 47 0.24
37 47 0.13
47 39 0.41
47 44 0.67
97 47 1.0E-4
4 48 0.46
5 48 0.05
15 48 0.14
17 48 0.18
18 48 0.25
25 48 0.13
26 48 0.35
27 48 0.42
28 48 0.46
29 48 0.15
30 48 0.2
48 34 0.5
35 48 0.1
37 48 0.11
38 48 0.82
41 48 0.15
97 48 1.0E-4
49 2 0.09
3 49 0.07
49 4 0.38
5 49 0.12
49 7 0.21
13 49 0.32
49 15 0.08
49 16 0.04
49 17 0.29
49 18 0.14
49 21 0.14
49 25 0.3
49 26 0.2
49 27 0.38
49 28 0.38
29 49 0.27
30 49 0.31
49 34 0.28
35 49 0.16
36 49 0.11
37 49 0.19
49 38 0.34
49 40 0.08
49 44 0.16
49 47 0.16
49 48 0.28
49 97 1.0E-4
50 2 0.13
3 50 0.2
5 50 0.09
6 50 0.33
50 8 0.08
50 9 0.1
10 50 0.28
15 50 0.12
16 50 0.11
50 20 0.41
50 24 0.2
29 50 0.18
30 50 0.17
50 31 0.41
50 32 0.15
33 50 0.28
50 40 0.25
41 50 0.12
50 46 0.2
97 50 7.0E-4
51 2 0.05
51 3 0.11
51 4 0.64
51 5 0.29
51 6 0.15
51 7 0.22
51 8 0.06
51 10 0.03
51 13 0.34
51 15 0.17
51 16 0.14
51 17 0.42
51 18 0.15
51 19 0.1
51 21 0.22
51 23 0.15
51 25 0.28
51 26 0.42
51 27 0.53
51 28 0.64
51 29 0.5
51 30 0.55
51 32 0.06
51 33 0.1
51 34 0.15
51 35 0.23
51 36 0.3
51 37 0.24
51 38 0.36
51 39 0.1
51 40 0.13
51 41 0.27
51 42 0.1
51 44 0.09
51 45 0.14
51 47 0.17
51 48 0.29
51 49 0.41
51 50 0.12
51 97 5.0E-4
52 2 0.13
52 3 0.26
52 5 0.4
52 6 0.13
52 7 0.08
52 8 0.08
52 9 0.1
52 10 0.14
52 11 0.1
52 13 0.12
52 16 0.14
52 19 0.14
52 21 0.1
52 25 0.05
52 29 0.36
52 30 0.17
52 33 0.19
52 35 0.39
52 36 0.17
52 37 0.19
52 39 0.14
52 41 0.06
52 44 0.12
52 45 0.1
52 47 0.12
52 49 0.06
52 51 0.15
52 97 0.0
3 53 0.06
53 4 0.72
5 53 0.08
53 7 0.09
13 53 0.35
53 15 0.07
53 16 0.03
53 17 0.69
53 18 0.24
25 53 0.06
53 26 0.6
53 27 0.74
53 28 0.78
29 53 0.3
30 53 0.34
53 34 0.24
35 53 0.09
36 53 0.1
37 53 0.11
53 38 0.1
53 40 0.07
53 42 0.09
53 44 0.14
53 47 0.14
53 48 0.12
49 53 0.54
51 53 0.57
53 97 1.0E-4
54 4 0.64
5 54 0.09
6 54 0.06
13 54 0.16
15 54 0.16
16 54 0.04
54 17 0.78
54 18 0.14
21 54 0.14
25 54 0.22
54 26 0.69
54 27 0.77
54 28 0.7
29 54 0.27
30 54 0.31
54 32 0.1
33 54 0.06
54 34 0.28
35 54 0.21
36 54 0.23
37 54 0.06
54 38 0.23
41 54 0.08
54 48 0.28
49 54 0.31
51 54 0.53
53 54 0.67
97 54 2.0E-4
3 55 0.07
4 55 0.66
5 55 0.06
55 9 0.07
13 55 0.08
15 55 0.08
17 55 0.61
55 18 0.29
26 55 0.61
27 55 0.72
28 55 0.73
29 55 0.25
30 55 0.26
55 34 0.29
35 55 0.11
36 55 0.12
55 38 0.24
55 48 0.29
49 55 0.4
51 55 0.47
53 55 0.7
54 55 0.64
97 55 1.0E-4
3 56 0.25
8 56 0.2
10 56 0.23
29 56 0.07
40 56 0.3
46 56 0.5
50 56 0.41
97 56 3.0E-4
5 57 0.06
6 57 0.12
13 57 0.17
15 57 0.17
16 57 0.08
57 18 0.29
25 57 0.31
29 57 0.13
30 57 0.12
57 32 0.22
33 57 0.13
36 57 0.12
41 57 0.17
51 57 0.17
57 54 0.16
97 57 1.0E-4
6 58 0.14
58 7 0.27
16 58 0.19
29 58 0.1
30 58 0.14
33 58 0.16
37 58 0.16
97 58 1.0E-4
3 59 0.25
59 19 0.71
21 59 0.5
25 59 0.27
29 59 0.07
30 59 0.1
35 59 0.19
36 59 0.2
59 39 0.71
44 59 0.58
47 59 0.58
51 59 0.15
97 59 3.0E-4
60 2 0.2
4 60 0.07
5 60 0.14
6 60 0.06
9 60 0.23
13 60 0.09
16 60 0.17
17 60 0.11
26 60 0.11
27 60 0.09
28 60 0.07
29 60 0.23
30 60 0.13
33 60 0.07
35 60 0.12
60 46 0.16
51 60 0.05
52 60 0.06
53 60 0.08
54 60 0.09
97 60 1.0E-4
2 61 0.32
9 61 0.24
13 61 0.29
16 61 0.14
29 61 0.07
30 61 0.1
46 61 0.5
60 61 0.32
97 61 4.0E-4
62 2 0.16
5 62 0.23
6 62 0.11
62 7 0.2
62 8 0.05
62 9 0.13
13 62 0.07
62 15 0.3
16 62 0.28
62 22 0.26
29 62 0.28
30 62 0.18
33 62 0.18
35 62 0.1
36 62 0.05
62 46 0.26
51 62 0.11
62 60 0.57
62 61 0.26
62 97 8.0E-4
5 63 0.1
63 6 0.18
63 8 0.18
63 9 0.22
10 63 0.1
16 63 0.12
29 63 0.16
30 63 0.18
63 32 0.17
63 33 0.31
35 63 0.09
63 40 0.13
52 63 0.18
63 97 1.0E-4
2 64 0.18
5 64 0.13
9 64 0.14
13 64 0.17
16 64 0.08
29 64 0.13
30 64 0.12
36 64 0.12
41 64 0.17
46 64 0.29
60 64 0.18
64 61 0.58
62 64 0.15
97 64 2.0E-4
2 65 0.32
9 65 0.24
13 65 0.29
16 65 0.14
29 65 0.07
30 65 0.1
46 65 0.5
60 65 0.32
65 61 1.0
62 65 0.26
65 64 0.58
97 65 4.0E-4
66 4 0.5
5 66 0.19
66 6 0.13
66 7 0.25
66 10 0.05
13 66 0.31
66 15 0.13
66 16 0.03
66 17 0.39
66 18 0.22
21 66 0.22
25 66 0.29
66 26 0.54
66 27 0.48
66 28 0.45
29 66 0.34
30 66 0.33
66 32 0.08
66 33 0.05
66 34 0.22
35 66 0.08
36 66 0.18
37 66 0.1
66 38 0.36
41 66 0.26
66 42 0.23
66 44 0.13
66 45 0.21
66 47 0.25
66 48 0.33
49 66 0.24
66 50 0.09
51 66 0.51
52 66 0.04
53 66 0.42
66 54 0.54
66 55 0.31
66 57 0.25
66 60 0.07
66 64 0.13
66 97 2.0E-4
67 2 0.08
3 67 0.27
67 4 0.49
5 67 0.3
67 6 0.37
67 7 0.14
67 8 0.17
67 9 0.23
67 10 0.33
67 11 0.06
13 67 0.35
67 15 0.14
67 16 0.28
67 17 0.34
67 18 0.12
67 19 0.17
67 20 0.12
67 21 0.24
67 24 0.06
67 25 0.35
67 26 0.34
67 27 0.43
67 28 0.49
29 67 0.62
30 67 0.58
67 31 0.12
67 32 0.14
67 33 0.33
67 34 0.12
35 67 0.21
36 67 0.22
37 67 0.11
67 38 0.29
67 39 0.17
67 40 0.25
41 67 0.22
67 42 0.13
67 44 0.21
67 45 0.14
67 46 0.06
67 47 0.21
67 48 0.24
67 49 0.4
67 50 0.29
51 67 0.6
52 67 0.22
67 53 0.46
67 54 0.43
67 55 0.38
67 56 0.12
67 57 0.21
67 58 0.08
67 59 0.12
67 60 0.08
67 63 0.21
67 64 0.07
67 66 0.55
67 97 6.0E-4
5 68 0.11
68 11 0.25
13 68 0.14
68 18 0.25
25 68 0.13
29 68 0.15
30 68 0.1
35 68 0.1
36 68 0.1
49 68 0.14
51 68 0.07
52 68 0.1
68 53 0.12
67 68 0.06
68 97 1.0E-4
4 69 0.57
5 69 0.08
7 69 0.13
15 69 0.1
17 69 0.38
18 69 0.18
25 69 0.19
26 69 0.13
27 69 0.39
28 69 0.57
29 69 0.21
30 69 0.29
69 34 0.35
35 69 0.2
36 69 0.14
37 69 0.08
69 38 0.58
41 69 0.11
69 48 0.35
49 69 0.49
51 69 0.42
53 69 0.34
54 69 0.49
55 69 0.41
66 69 0.23
67 69 0.34
97 69 1.0E-4
5 70 0.16
6 70 0.29
7 70 0.53
15 70 0.41
16 70 0.19
29 70 0.1
30 70 0.14
33 70 0.16
51 70 0.21
62 70 0.37
97 70 7.0E-4
5 71 0.05
6 71 0.37
71 8 0.09
71 9 0.11
16 71 0.24
25 71 0.12
29 71 0.16
30 71 0.18
33 71 0.31
71 40 0.13
71 58 0.32
67 71 0.16
97 71 3.0E-4
5 72 0.04
6 72 0.17
72 9 0.1
72 15 0.24
16 72 0.06
72 22 0.41
29 72 0.18
30 72 0.21
33 72 0.47
72 40 0.12
72 50 0.17
51 72 0.06
72 60 0.13
72 62 0.21
63 72 0.37
67 72 0.1
72 97 6.0E-4
3 73 0.25
5 73 0.04
6 73 0.07
73 8 0.33
73 9 0.16
10 73 0.15
16 73 0.23
25 73 0.09
29 73 0.22
30 73 0.17
73 32 0.13
33 73 0.15
36 73 0.14
40 73 0.4
73 46 0.17
50 73 0.27
51 73 0.1
52 73 0.07
73 56 0.33
62 73 0.09
63 73 0.15
67 73 0.16
72 73 0.14
97 73 1.0E-4
5 74 0.25
11 74 0.45
18 74 0.22
29 74 0.16
35 74 0.17
36 74 0.09
52 74 0.27
68 74 0.45
97 74 1.0E-4
3 75 0.17
5 75 0.11
75 7 0.25
13 75 0.48
75 16 0.05
75 19 0.47
75 21 0.67
75 25 0.45
29 75 0.22
30 75 0.24
35 75 0.19
36 75 0.2
37 75 0.15
75 39 0.47
75 40 0.1
75 44 0.58
75 47 0.58
75 49 0.37
51 75 0.29
52 75 0.14
75 53 0.24
75 54 0.09
75 57 0.19
75 59 0.33
75 66 0.22
75 67 0.36
75 68 0.17
75 97 1.0E-4
3 76 0.06
76 4 0.16
5 76 0.26
76 6 0.05
76 7 0.09
76 8 0.05
76 9 0.06
76 10 0.05
13 76 0.27
76 16 0.13
76 17 0.25
76 19 0.17
76 21 0.24
76 23 0.24
76 25 0.25
76 26 0.08
76 27 0.2
76 28 0.16
29 76 0.31
30 76 0.36
35 76 0.23
36 76 0.24
37 76 0.27
76 39 0.17
76 40 0.21
41 76 0.36
76 44 0.27
76 45 0.17
76 47 0.14
76 49 0.33
51 76 0.38
52 76 0.14
76 53 0.29
76 54 0.26
76 55 0.2
76 64 0.14
76 66 0.21
76 67 0.31
76 69 0.17
76 73 0.08
76 75 0.39
76 97 1.0E-4
5 77 0.25
6 77 0.54
77 7 0.43
77 9 0.09
15 77 0.44
16 77 0.36
77 20 0.38
77 24 0.38
25 77 0.1
29 77 0.19
30 77 0.23
77 31 0.38
77 32 0.43
33 77 0.43
36 77 0.08
77 40 0.23
41 77 0.11
50 77 0.31
51 77 0.22
77 54 0.1
77 57 0.22
62 77 0.2
66 77 0.08
67 77 0.18
77 70 0.53
72 77 0.15
77 73 0.13
97 77 0.0016
78 2 0.15
3 78 0.06
78 4 0.32
5 78 0.13
78 7 0.09
78 11 0.34
13 78 0.13
78 17 0.16
78 19 0.32
78 21 0.34
78 25 0.49
78 27 0.19
78 28 0.26
29 78 0.32
30 78 0.26
35 78 0.35
36 78 0.19
37 78 0.05
78 38 0.37
78 39 0.32
78 40 0.07
41 78 0.07
78 44 0.26
78 47 0.13
78 48 0.23
78 49 0.32
51 78 0.34
52 78 0.14
78 53 0.11
78 54 0.25
78 55 0.13
78 57 0.13
78 59 0.23
78 66 0.15
78 67 0.33
78 68 0.11
78 69 0.41
78 74 0.31
78 75 0.38
78 76 0.27
78 97 1.0E-4
3 79 0.04
79 4 0.72
5 79 0.16
6 79 0.37
79 7 0.19
79 8 0.03
79 9 0.12
10 79 0.04
79 11 0.08
13 79 0.09
79 15 0.33
16 79 0.2
79 17 0.46
79 18 0.16
79 20 0.16
79 22 0.16
79 24 0.16
25 79 0.13
79 26 0.46
79 27 0.59
79 28 0.72
29 79 0.45
30 79 0.55
79 31 0.16
79 32 0.19
33 79 0.6
79 34 0.16
35 79 0.13
36 79 0.1
37 79 0.04
79 38 0.4
79 40 0.1
41 79 0.1
79 42 0.06
79 48 0.33
49 79 0.32
79 50 0.2
51 79 0.56
52 79 0.03
53 79 0.56
79 54 0.55
79 55 0.57
79 57 0.09
79 58 0.12
79 60 0.05
79 62 0.13
63 79 0.15
66 79 0.39
67 79 0.57
79 69 0.46
79 70 0.12
79 71 0.22
79 72 0.34
79 73 0.05
76 79 0.12
79 77 0.31
78 79 0.23
79 97 0.0016
80 4 0.61
5 80 0.04
13 80 0.11
15 80 0.11
80 17 0.8
80 18 0.19
80 26 0.94
80 27 0.73
80 28 0.61
29 80 0.19
30 80 0.19
80 34 0.38
80 38 0.15
80 48 0.19
49 80 0.1
51 80 0.39
53 80 0.64
80 54 0.73
80 55 0.55
80 60 0.12
66 80 0.49
67 80 0.32
80 69 0.13
76 80 0.09
79 80 0.43
97 80 1.0E-4
3 81 0.08
81 4 0.11
5 81 0.3
81 6 0.73
81 7 0.18
81 8 0.16
81 9 0.16
10 81 0.22
81 11 0.08
13 81 0.05
81 14 0.23
81 15 0.56
16 81 0.46
81 17 0.17
81 18 0.08
81 20 0.16
81 22 0.16
81 24 0.16
25 81 0.09
81 26 0.11
81 27 0.13
81 28 0.11
29 81 0.45
30 81 0.51
81 31 0.16
81 32 0.43
81 33 0.71
81 34 0.16
35 81 0.09
36 81 0.1
81 38 0.07
81 40 0.29
41 81 0.05
81 42 0.23
81 43 0.23
45 81 0.15
81 46 0.08
81 48 0.08
49 81 0.09
81 50 0.26
51 81 0.19
52 81 0.17
53 81 0.12
81 54 0.18
81 55 0.14
81 56 0.16
81 57 0.09
81 58 0.11
81 60 0.05
81 62 0.17
81 63 0.29
66 81 0.11
67 81 0.47
81 69 0.11
81 70 0.23
81 71 0.36
81 72 0.33
81 73 0.22
76 81 0.11
81 77 0.43
78 81 0.04
81 79 0.51
81 80 0.12
81 97 0.0031
3 82 0.1
82 4 0.19
5 82 0.04
82 7 0.15
82 19 0.58
82 21 0.41
82 25 0.65
82 27 0.11
82 28 0.09
29 82 0.18
30 82 0.17
35 82 0.24
36 82 0.08
37 82 0.09
82 38 0.33
82 39 0.58
41 82 0.12
82 44 0.47
82 47 0.24
82 48 0.2
82 49 0.23
51 82 0.18
52 82 0.08
82 54 0.11
82 59 0.41
82 66 0.18
82 67 0.24
82 69 0.29
82 75 0.41
82 76 0.19
82 78 0.56
82 79 0.13
82 97 1.0E-4
83 3 0.2
83 4 0.37
83 5 0.12
83 8 0.16
83 9 0.06
83 10 0.06
83 13 0.23
83 15 0.08
83 16 0.04
83 17 0.38
83 18 0.27
83 26 0.19
83 27 0.3
83 28 0.43
83 29 0.28
83 30 0.24
83 34 0.27
83 35 0.21
83 36 0.16
83 37 0.18
83 38 0.11
83 40 0.08
83 41 0.08
83 42 0.09
83 48 0.13
83 49 0.3
83 51 0.39
83 52 0.11
83 53 0.45
83 54 0.37
83 55 0.46
83 66 0.12
83 67 0.26
83 69 0.38
83 76 0.19
83 78 0.12
83 79 0.31
83 80 0.2
83 81 0.17
83 97 1.0E-4
4 84 0.32
5 84 0.08
15 84 0.2
17 84 0.25
18 84 0.35
26 84 0.25
27 84 0.2
28 84 0.32
29 84 0.1
30 84 0.14
84 34 0.71
38 84 0.58
48 84 0.35
49 84 0.2
51 84 0.21
53 84 0.17
54 84 0.2
55 84 0.2
66 84 0.15
67 84 0.17
69 84 0.5
78 84 0.16
79 84 0.23
80 84 0.27
81 84 0.11
83 84 0.19
97 84 2.0E-4
4 85 0.26
5 85 0.17
6 85 0.08
13 85 0.11
15 85 0.11
16 85 0.1
17 85 0.4
85 23 0.38
25 85 0.1
26 85 0.4
27 85 0.31
28 85 0.26
29 85 0.19
30 85 0.23
85 32 0.14
33 85 0.09
36 85 0.08
37 85 0.26
41 85 0.34
51 85 0.39
53 85 0.28
54 85 0.42
85 55 0.33
57 85 0.22
66 85 0.25
67 85 0.18
76 85 0.36
77 85 0.14
79 85 0.25
80 85 0.43
81 85 0.12
83 85 0.1
97 85 3.0E-4
86 3 0.1
86 5 0.27
86 6 0.17
86 8 0.08
86 13 0.12
86 14 0.29
86 15 0.12
86 16 0.06
86 29 0.18
86 30 0.21
86 32 0.15
86 33 0.09
86 35 0.16
86 36 0.17
86 37 0.28
86 41 0.37
86 42 0.29
86 43 0.29
86 45 0.19
86 51 0.24
86 52 0.17
86 67 0.05
86 76 0.19
86 79 0.07
86 81 0.13
86 83 0.11
86 85 0.31
86 97 1.0E-4
3 87 0.25
5 87 0.05
6 87 0.1
8 87 0.3
10 87 0.23
16 87 0.07
29 87 0.15
30 87 0.05
33 87 0.11
36 87 0.1
40 87 0.3
87 46 0.25
50 87 0.41
51 87 0.15
87 56 0.5
62 87 0.13
67 87 0.12
72 87 0.2
73 87 0.5
77 87 0.19
79 87 0.08
81 87 0.16
97 87 2.0E-4
3 88 0.18
8 88 0.28
10 88 0.16
29 88 0.1
40 88 0.21
88 46 0.35
50 88 0.29
88 56 0.71
67 88 0.08
73 88 0.24
81 88 0.11
83 88 0.19
87 88 0.35
97 88 2.0E-4
6 89 0.29
7 89 0.27
9 89 0.34
15 89 0.2
16 89 0.1
89 24 0.35
29 89 0.1
30 89 0.14
32 89 0.27
33 89 0.32
40 89 0.21
67 89 0.08
71 89 0.32
77 89 0.27
79 89 0.23
81 89 0.23
97 89 2.0E-4
5 90 0.22
90 7 0.31
90 11 0.61
13 90 0.24
21 90 0.2
29 90 0.18
30 90 0.04
35 90 0.24
36 90 0.08
37 90 0.19
90 44 0.24
90 47 0.47
49 90 0.11
51 90 0.06
52 90 0.17
53 90 0.1
66 90 0.18
67 90 0.1
68 90 0.2
90 74 0.37
75 90 0.27
76 90 0.1
78 90 0.28
97 90 1.0E-4
91 2 0.33
3 91 0.13
4 91 0.36
5 91 0.06
6 91 0.05
7 91 0.1
91 8 0.1
91 9 0.13
10 91 0.06
15 91 0.07
16 91 0.11
17 91 0.18
91 24 0.13
25 91 0.07
26 91 0.27
27 91 0.43
28 91 0.36
29 91 0.28
30 91 0.18
91 32 0.1
33 91 0.06
35 91 0.15
37 91 0.18
38 91 0.21
40 91 0.08
41 91 0.08
91 48 0.26
49 91 0.21
51 91 0.27
52 91 0.16
53 91 0.25
54 91 0.21
55 91 0.22
91 60 0.08
66 91 0.23
67 91 0.25
69 91 0.09
77 91 0.1
78 91 0.12
79 91 0.3
80 91 0.2
81 91 0.04
82 91 0.11
83 91 0.14
85 91 0.1
91 89 0.18
97 91 1.0E-4
5 92 0.11
92 12 1.0
29 92 0.07
97 92 5.0E-4
3 93 0.14
93 4 0.33
5 93 0.06
93 7 0.22
13 93 0.33
16 93 0.04
93 17 0.41
93 19 0.41
21 93 0.29
25 93 0.23
93 26 0.51
93 27 0.4
93 28 0.33
29 93 0.25
30 93 0.23
35 93 0.11
36 93 0.12
37 93 0.13
93 39 0.41
40 93 0.09
93 44 0.5
93 47 0.5
49 93 0.16
51 93 0.38
52 93 0.12
53 93 0.49
93 54 0.4
93 55 0.33
93 57 0.17
93 59 0.29
93 60 0.09
66 93 0.38
67 93 0.38
75 93 0.58
76 93 0.27
78 93 0.26
79 93 0.24
93 80 0.55
81 93 0.05
82 93 0.35
83 93 0.08
93 85 0.33
93 90 0.24
93 91 0.15
97 93 1.0E-4
5 94 0.26
6 94 0.07
8 94 0.07
9 94 0.16
94 11 0.17
16 94 0.23
94 20 0.33
94 23 0.33
94 24 0.17
29 94 0.22
30 94 0.17
94 31 0.33
32 94 0.13
33 94 0.08
35 94 0.06
37 94 0.31
41 94 0.4
50 94 0.14
51 94 0.15
52 94 0.07
94 60 0.11
67 94 0.04
68 94 0.17
72 94 0.14
94 74 0.15
76 94 0.24
77 94 0.13
78 94 0.08
79 94 0.05
81 94 0.05
85 94 0.38
86 94 0.27
90 94 0.14
97 94 4.0E-4
5 95 0.05
6 95 0.31
95 7 0.19
15 95 0.43
16 95 0.2
29 95 0.15
30 95 0.2
33 95 0.34
51 95 0.07
62 95 0.26
67 95 0.06
95 70 0.35
95 71 0.22
72 95 0.2
95 77 0.19
79 95 0.25
81 95 0.32
97 95 7.0E-4
96 2 0.18
3 96 0.14
96 9 0.28
16 96 0.08
96 19 0.41
21 96 0.29
25 96 0.31
29 96 0.13
30 96 0.06
35 96 0.11
36 96 0.12
96 39 0.41
40 96 0.17
44 96 0.33
47 96 0.33
51 96 0.09
96 59 0.58
67 96 0.07
96 73 0.19
75 96 0.19
76 96 0.14
78 96 0.13
82 96 0.24
93 96 0.17
97 96 1.0E-4
