*Vertices  15
1 "LEDœ‘ æ∆¡"
2 "LEDµ∆"
3 "LED"
4 "≤£¡ß"
5 "À‹¡œ"
6 "√‹∑‚Ω∫"
7 "SiO2"
8 "∞ÎµºÃÂ"
9 "µÁ¬∑∞Â"
10 "–æ∆¨"
11 "ª˘…´"
12 "∆¡ƒª"
13 "∑¥…‰≤„"
14 "πÃ∂®÷ßº‹"
15 "“∂∆¨"
*Arcs
1 15 0.022
2 1 0.03
2 15 0.0016
3 1 0.23
3 2 0.67
3 15 0.0024
4 1 0.18
4 2 0.27
4 3 0.38
4 15 0.0090
5 1 0.07
5 2 0.28
5 3 0.32
5 4 0.35
5 15 0.0030
6 1 0.16
2 6 0.22
3 6 0.15
4 6 0.1
5 6 0.11
6 15 0.0143
7 1 0.09
2 7 0.12
3 7 0.27
4 7 0.16
5 7 0.19
7 15 0.0043
8 1 0.05
8 2 0.29
8 3 0.5
8 4 0.23
8 5 0.24
8 6 0.15
8 7 0.41
8 15 0.0025
9 1 0.13
9 2 0.4
9 3 0.36
9 4 0.39
9 5 0.19
9 6 0.1
9 7 0.06
9 8 0.15
9 15 0.0108
10 1 0.08
2 10 0.3
3 10 0.62
4 10 0.21
5 10 0.11
10 6 0.06
10 7 0.4
8 10 0.6
9 10 0.22
10 15 0.0014
11 1 0.39
2 11 0.04
3 11 0.18
4 11 0.16
5 11 0.09
11 7 0.23
8 11 0.12
9 11 0.08
11 10 0.15
11 15 0.0086
12 1 0.33
2 12 0.06
3 12 0.28
4 12 0.15
5 12 0.18
12 6 0.13
7 12 0.21
8 12 0.27
9 12 0.16
10 12 0.25
11 12 0.11
12 15 0.0161
13 1 0.12
3 13 0.19
4 13 0.15
5 13 0.17
7 13 0.31
8 13 0.33
9 13 0.08
10 13 0.23
11 13 0.31
13 12 0.49
13 15 0.0075
1 14 0.22
2 14 0.16
3 14 0.1
4 14 0.14
6 14 0.35
8 14 0.21
9 14 0.29
10 14 0.08
12 14 0.18
14 15 0.0242
