*Vertices  13
1 "LED灯"
2 "工质"
3 "LED"
4 "二极管"
5 "LED光源"
6 "铝基板"
7 "散热片"
8 "散热器"
9 "半导体"
10 "LED芯片"
11 "芯片"
12 "Li"
13 "吸液芯"
*Arcs
1 13 0.0040
1 2 0.19
13 2 0.0564
3 1 0.67
3 2 0.13
3 13 0.0021
4 1 0.32
4 2 0.12
4 3 0.72
4 13 0.0030
5 1 0.36
5 2 0.12
5 3 0.36
5 4 0.29
5 13 0.0087
6 1 0.3
6 2 0.17
6 3 0.24
6 4 0.24
6 5 0.18
6 13 0.0171
1 7 0.43
7 2 0.42
3 7 0.3
4 7 0.22
5 7 0.45
6 7 0.29
7 13 0.014
1 8 0.44
8 2 0.41
3 8 0.31
4 8 0.24
5 8 0.34
6 8 0.21
8 7 0.63
8 13 0.0137
9 1 0.29
9 2 0.09
9 3 0.5
9 4 0.55
9 5 0.3
9 6 0.27
9 7 0.11
9 8 0.14
9 13 0.0052
1 10 0.19
10 2 0.38
3 10 0.34
4 10 0.33
5 10 0.18
6 10 0.26
10 7 0.26
10 8 0.21
9 10 0.51
10 13 0.0114
1 11 0.3
11 2 0.21
3 11 0.62
4 11 0.58
5 11 0.22
6 11 0.22
11 7 0.17
11 8 0.14
9 11 0.6
11 10 0.55
11 13 0.0041
1 12 0.26
12 2 0.14
3 12 0.31
4 12 0.36
5 12 0.24
6 12 0.36
12 7 0.17
12 8 0.17
9 12 0.38
12 10 0.21
12 11 0.31
12 13 0.0115
