*Vertices  39
1 "LED灯"
2 "容器"
3 "荧光粉"
4 "工质"
5 "发光荧光材料"
6 "蒸发皿"
7 "连接管"
8 "硼酸"
9 "LED"
10 "二极管"
11 "扩散剂"
12 "通道"
13 "LED光源"
14 "塑料"
15 "电子元器件"
16 "铝基板"
17 "基板"
18 "导热陶瓷"
19 "散热片"
20 "散热器"
21 "硅橡胶"
22 "密封胶"
23 "半导体"
24 "电路板"
25 "LED照明设备"
26 "LED芯片"
27 "芯片"
28 "酸盐"
29 "Li"
30 "电阻"
31 "空穴"
32 "射灯"
33 "转动轴"
34 "臭氧"
35 "透镜"
36 "甲基"
37 "发光管"
38 "导热柱"
39 "基座"
*Arcs
1 39 0.0019
1 2 0.12
2 39 7.0E-4
3 1 0.13
3 2 0.22
3 39 6.0E-4
1 4 0.19
4 39 0.0027
5 1 0.21
5 2 0.2
5 3 0.54
5 39 5.0E-4
1 6 0.11
4 6 0.58
39 6 0.0045
1 7 0.16
4 7 0.82
7 6 0.71
39 7 0.0035
1 8 0.11
8 2 0.19
3 8 0.29
5 8 0.4
8 39 0.0012
9 1 0.67
9 2 0.19
9 3 0.25
9 4 0.13
9 5 0.28
9 6 0.07
9 7 0.1
9 8 0.15
9 39 0.0011
10 1 0.32
10 2 0.23
10 3 0.23
10 4 0.12
10 5 0.33
10 6 0.1
10 7 0.07
10 8 0.1
10 9 0.72
10 39 0.0011
1 11 0.16
2 11 0.27
3 11 0.2
5 11 0.38
8 11 0.35
9 11 0.1
10 11 0.07
39 11 0.0018
1 12 0.22
12 4 0.33
12 6 0.29
12 7 0.41
9 12 0.25
10 12 0.23
12 39 0.0056
13 1 0.36
13 2 0.08
13 3 0.24
13 4 0.12
13 5 0.16
13 8 0.31
13 9 0.36
13 10 0.29
13 11 0.14
13 12 0.18
13 39 4.0E-4
14 1 0.28
14 2 0.17
14 3 0.2
14 5 0.18
14 9 0.32
14 10 0.28
14 12 0.13
14 13 0.14
14 39 6.0E-4
1 15 0.16
4 15 0.82
15 6 0.71
15 7 1.0
9 15 0.1
10 15 0.07
12 15 0.41
39 15 0.0035
16 1 0.3
16 3 0.17
16 4 0.17
16 5 0.08
16 9 0.24
16 10 0.24
16 12 0.26
16 13 0.18
16 14 0.35
16 39 0.0029
1 17 0.27
3 17 0.1
4 17 0.41
17 6 0.35
17 7 0.5
9 17 0.21
10 17 0.14
12 17 0.2
13 17 0.07
17 15 0.5
17 39 0.0012
1 18 0.11
9 18 0.07
10 18 0.1
12 18 0.29
14 18 0.23
16 18 0.3
39 18 0.0053
1 19 0.43
19 4 0.42
19 6 0.24
19 7 0.34
9 19 0.3
10 19 0.22
19 12 0.35
13 19 0.45
14 19 0.11
19 15 0.34
16 19 0.29
19 17 0.34
19 39 0.0021
1 20 0.44
20 4 0.41
20 6 0.24
20 7 0.33
9 20 0.31
10 20 0.24
20 12 0.2
13 20 0.34
14 20 0.05
20 15 0.33
16 20 0.21
20 17 0.5
20 19 0.63
20 39 8.0E-4
1 21 0.06
21 2 0.44
3 21 0.33
5 21 0.31
8 21 0.58
9 21 0.13
10 21 0.12
21 11 0.41
13 21 0.24
14 21 0.13
21 39 0.0017
1 22 0.22
9 22 0.15
10 22 0.05
12 22 0.29
13 22 0.1
14 22 0.11
16 22 0.3
22 18 0.5
19 22 0.24
20 22 0.12
22 39 0.0019
23 1 0.29
23 2 0.22
23 3 0.34
23 4 0.09
23 5 0.43
23 8 0.22
23 9 0.5
23 10 0.55
23 11 0.21
23 12 0.17
23 13 0.3
23 14 0.24
23 16 0.27
23 17 0.1
23 18 0.15
23 19 0.11
23 20 0.14
23 21 0.17
23 22 0.15
23 39 0.0010
24 1 0.4
24 2 0.08
24 3 0.12
24 5 0.16
24 8 0.1
24 9 0.36
24 10 0.17
24 11 0.29
24 12 0.06
24 13 0.17
24 14 0.19
24 16 0.06
24 19 0.05
24 20 0.1
24 21 0.12
24 22 0.1
24 23 0.15
24 39 3.0E-4
1 25 0.13
3 25 0.17
9 25 0.13
10 25 0.12
12 25 0.17
13 25 0.12
16 25 0.17
19 25 0.14
25 39 0.0019
1 26 0.19
26 2 0.25
3 26 0.31
26 4 0.38
5 26 0.17
26 6 0.22
26 7 0.31
8 26 0.22
9 26 0.34
10 26 0.33
26 11 0.15
26 12 0.31
13 26 0.18
14 26 0.1
26 15 0.31
16 26 0.26
26 17 0.23
26 19 0.26
26 20 0.21
26 21 0.25
23 26 0.51
24 26 0.04
26 25 0.13
26 39 0.0032
1 27 0.3
27 2 0.14
3 27 0.35
27 4 0.21
5 27 0.35
27 6 0.12
27 7 0.17
27 8 0.24
9 27 0.62
10 27 0.58
27 11 0.08
27 12 0.24
13 27 0.22
14 27 0.11
27 15 0.17
16 27 0.22
27 17 0.13
27 19 0.17
27 20 0.14
27 21 0.21
27 22 0.06
23 27 0.6
24 27 0.22
27 25 0.07
27 26 0.55
27 39 0.0012
1 28 0.11
28 2 0.25
3 28 0.48
5 28 0.53
28 8 0.67
9 28 0.22
10 28 0.24
28 11 0.24
13 28 0.2
14 28 0.15
28 21 0.58
23 28 0.29
24 28 0.14
28 26 0.22
28 27 0.36
28 39 8.0E-4
1 29 0.26
29 2 0.09
3 29 0.27
29 4 0.14
5 29 0.31
29 8 0.24
9 29 0.31
10 29 0.36
29 11 0.17
29 12 0.2
13 29 0.24
14 29 0.27
16 29 0.36
29 18 0.24
29 19 0.17
29 20 0.17
29 21 0.14
29 22 0.12
23 29 0.38
24 29 0.14
29 25 0.14
29 26 0.21
29 27 0.31
29 28 0.39
29 39 0.0022
1 30 0.3
30 2 0.18
3 30 0.05
30 4 0.09
5 30 0.04
30 6 0.16
30 7 0.11
9 30 0.45
10 30 0.51
30 12 0.19
13 30 0.1
30 15 0.11
16 30 0.05
30 17 0.23
19 30 0.04
20 30 0.15
23 30 0.19
24 30 0.17
26 30 0.11
27 30 0.47
29 30 0.11
30 39 3.0E-4
1 31 0.17
3 31 0.11
9 31 0.19
10 31 0.23
12 31 0.11
13 31 0.08
14 31 0.26
16 31 0.34
31 18 0.38
31 22 0.19
23 31 0.39
26 31 0.25
27 31 0.18
29 31 0.36
30 31 0.12
31 39 0.0012
32 1 0.27
32 3 0.12
32 5 0.11
32 9 0.18
32 10 0.21
32 12 0.24
32 13 0.17
32 14 0.28
32 16 0.37
32 17 0.29
32 18 0.41
32 19 0.1
32 20 0.19
32 22 0.2
32 23 0.24
32 24 0.17
32 27 0.05
32 29 0.19
32 30 0.13
32 31 0.31
32 39 0.0014
1 33 0.11
9 33 0.07
10 33 0.1
12 33 0.29
16 33 0.3
19 33 0.24
25 33 0.58
26 33 0.22
27 33 0.12
29 33 0.24
33 39 0.0037
1 34 0.22
34 2 0.31
3 34 0.24
5 34 0.22
8 34 0.2
9 34 0.18
10 34 0.04
34 11 0.29
13 34 0.08
14 34 0.19
34 21 0.47
23 34 0.06
24 34 0.17
26 34 0.18
27 34 0.1
28 34 0.27
29 34 0.1
34 39 8.0E-4
35 1 0.25
35 2 0.19
35 3 0.29
35 5 0.33
35 8 0.13
35 9 0.29
35 10 0.28
35 11 0.35
35 12 0.14
35 13 0.26
35 14 0.23
35 16 0.23
35 17 0.09
35 19 0.3
35 20 0.12
35 21 0.29
35 22 0.25
35 23 0.26
35 24 0.15
35 25 0.14
35 26 0.22
35 27 0.18
35 28 0.25
35 29 0.29
35 32 0.1
35 33 0.25
35 34 0.2
35 39 0.0019
1 36 0.06
36 2 0.22
3 36 0.33
5 36 0.23
8 36 0.29
9 36 0.25
10 36 0.23
36 11 0.2
36 12 0.08
13 36 0.12
14 36 0.13
36 21 0.5
23 36 0.38
24 36 0.12
26 36 0.38
27 36 0.38
28 36 0.58
29 36 0.27
30 36 0.05
36 31 0.33
36 34 0.24
35 36 0.29
36 39 6.0E-4
1 37 0.26
9 37 0.22
10 37 0.17
12 37 0.1
14 37 0.31
16 37 0.4
37 18 0.33
37 22 0.17
23 37 0.15
24 37 0.07
27 37 0.04
29 37 0.24
30 37 0.05
31 37 0.38
32 37 0.27
34 37 0.14
37 39 9.0E-4
1 38 0.11
9 38 0.07
10 38 0.1
12 38 0.29
14 38 0.23
16 38 0.3
38 18 1.0
22 38 0.5
23 38 0.15
29 38 0.24
31 38 0.38
32 38 0.41
37 38 0.33
39 38 0.0053
