*Vertices  40
1 "衬底"
2 "LED灯"
3 "电容"
4 "荧光粉"
5 "聚光杯"
6 "整流器"
7 "工质"
8 "热电分离"
9 "蒸发皿"
10 "连接管"
11 "变压器"
12 "外延"
13 "LED"
14 "二极管"
15 "稳压二极管"
16 "通道"
17 "LED光源"
18 "电子元器件"
19 "集热板"
20 "基座"
21 "聚光碗"
22 "散热片"
23 "散热器"
24 "半导体"
25 "Al2O3"
26 "GaAs"
27 "键合"
28 "LED芯片"
29 "芯片"
30 "冷凝器"
31 "电极"
32 "电阻"
33 "基色"
34 "散热腔"
35 "激光"
36 "干法刻蚀"
37 "射灯"
38 "透镜"
39 "反射层"
40 "基板"
*Arcs
1 40 2.0E-4
2 1 0.03
2 40 0.0029
2 3 0.29
3 40 0.0027
4 1 0.13
4 2 0.13
4 40 2.0E-4
2 5 0.16
3 5 0.29
40 5 0.0054
6 1 0.07
2 6 0.22
3 6 0.53
6 5 0.41
6 40 0.0026
2 7 0.19
3 7 0.12
7 40 0.0057
2 8 0.16
3 8 0.14
7 8 0.41
40 8 0.0024
2 9 0.11
7 9 0.58
40 9 0.0031
2 10 0.16
3 10 0.14
7 10 0.82
10 8 0.5
10 9 0.71
40 10 0.0076
11 1 0.05
2 11 0.26
3 11 0.52
4 11 0.06
11 5 0.3
11 6 0.68
11 40 0.0016
12 1 0.95
2 12 0.05
4 12 0.13
6 12 0.07
11 12 0.05
12 40 2.0E-4
13 1 0.32
13 2 0.67
13 3 0.36
13 4 0.25
13 5 0.1
13 6 0.25
13 7 0.13
13 8 0.1
13 9 0.07
13 10 0.1
13 11 0.34
13 12 0.32
13 40 0.0018
14 1 0.37
14 2 0.32
14 3 0.39
14 4 0.23
14 5 0.14
14 6 0.35
14 7 0.12
14 9 0.1
14 10 0.07
14 11 0.39
14 12 0.37
14 13 0.72
14 40 0.0010
2 15 0.21
3 15 0.46
15 5 0.53
6 15 0.55
11 15 0.48
13 15 0.19
14 15 0.27
15 40 0.0039
16 1 0.2
2 16 0.22
3 16 0.12
16 7 0.33
16 8 0.2
16 9 0.29
16 10 0.41
16 12 0.2
13 16 0.25
14 16 0.23
16 40 0.0018
17 1 0.09
17 2 0.36
17 3 0.04
17 4 0.24
17 6 0.06
17 7 0.12
17 11 0.09
17 12 0.09
17 13 0.36
17 14 0.29
17 15 0.08
17 16 0.18
17 40 2.0E-4
2 18 0.16
3 18 0.14
7 18 0.82
18 8 0.5
18 9 0.71
18 10 1.0
13 18 0.1
14 18 0.07
16 18 0.41
40 18 0.0076
2 19 0.11
13 19 0.07
40 19 0.0015
2 20 0.22
4 20 0.14
7 20 0.29
20 9 0.5
20 10 0.35
13 20 0.15
14 20 0.15
16 20 0.43
17 20 0.1
20 18 0.35
40 20 0.0012
2 21 0.16
3 21 0.29
21 5 1.0
6 21 0.41
11 21 0.3
13 21 0.1
14 21 0.14
15 21 0.53
40 21 0.0054
2 22 0.43
22 3 0.05
22 7 0.42
22 8 0.17
22 9 0.24
22 10 0.34
13 22 0.3
14 22 0.22
22 16 0.35
17 22 0.45
22 18 0.34
22 19 0.24
22 20 0.24
22 40 0.0041
2 23 0.44
23 3 0.19
23 5 0.33
23 6 0.2
23 7 0.41
23 8 0.33
23 9 0.24
23 10 0.33
23 11 0.15
13 23 0.31
14 23 0.24
23 15 0.27
23 16 0.2
17 23 0.34
23 18 0.33
23 20 0.12
23 21 0.33
23 22 0.63
23 40 0.0070
24 1 0.64
24 2 0.29
24 3 0.15
24 4 0.34
24 6 0.17
24 7 0.09
24 11 0.19
24 12 0.64
24 13 0.5
24 14 0.55
24 15 0.06
24 16 0.17
24 17 0.3
24 20 0.15
24 22 0.11
24 23 0.14
24 40 4.0E-4
25 1 0.72
2 25 0.08
4 25 0.35
25 6 0.07
25 11 0.05
25 12 0.78
13 25 0.3
14 25 0.34
25 16 0.21
17 25 0.1
24 25 0.57
25 40 2.0E-4
1 26 0.61
2 26 0.04
4 26 0.1
12 26 0.69
13 26 0.22
14 26 0.27
16 26 0.1
17 26 0.14
24 26 0.44
25 26 0.4
26 40 3.0E-4
1 27 0.26
2 27 0.04
3 27 0.08
4 27 0.22
12 27 0.35
13 27 0.19
14 27 0.19
24 27 0.28
25 27 0.28
27 26 0.5
27 40 3.0E-4
28 1 0.5
2 28 0.19
28 3 0.13
4 28 0.31
28 6 0.13
28 7 0.38
28 8 0.15
28 9 0.22
28 10 0.31
28 11 0.09
28 12 0.45
13 28 0.34
14 28 0.33
28 15 0.08
28 16 0.31
17 28 0.18
28 18 0.31
28 20 0.33
28 22 0.26
28 23 0.21
24 28 0.51
25 28 0.42
28 26 0.15
28 27 0.25
28 40 0.0019
29 1 0.49
2 29 0.3
29 3 0.37
4 29 0.35
29 6 0.14
29 7 0.21
29 8 0.08
29 9 0.12
29 10 0.17
29 11 0.18
29 12 0.49
13 29 0.62
14 29 0.58
29 15 0.14
29 16 0.24
17 29 0.22
29 18 0.17
29 20 0.18
29 22 0.17
29 23 0.14
24 29 0.6
29 25 0.46
29 26 0.36
29 27 0.27
29 28 0.55
29 40 8.0E-4
2 30 0.11
3 30 0.2
7 30 0.58
8 30 0.71
10 30 0.71
13 30 0.07
16 30 0.29
18 30 0.71
22 30 0.24
23 30 0.24
28 30 0.22
29 30 0.12
40 30 0.0038
31 1 0.72
2 31 0.16
3 31 0.37
4 31 0.09
31 6 0.33
31 11 0.39
31 12 0.72
13 31 0.45
14 31 0.55
31 15 0.19
31 16 0.19
17 31 0.1
24 31 0.56
25 31 0.56
31 26 0.49
31 27 0.25
28 31 0.39
29 31 0.57
31 40 2.0E-4
32 1 0.11
2 32 0.3
32 3 0.73
4 32 0.05
32 5 0.23
32 6 0.56
32 7 0.09
32 9 0.16
32 10 0.11
32 11 0.55
32 12 0.11
13 32 0.45
14 32 0.51
32 15 0.43
32 16 0.19
17 32 0.1
32 18 0.11
32 20 0.08
32 21 0.23
22 32 0.04
23 32 0.15
24 32 0.19
25 32 0.12
32 26 0.05
28 32 0.11
29 32 0.47
32 31 0.51
32 40 0.0018
33 1 0.09
2 33 0.04
4 33 0.24
33 12 0.09
13 33 0.18
14 33 0.08
17 33 0.08
24 33 0.12
33 25 0.1
33 26 0.14
33 27 0.15
33 28 0.18
33 29 0.15
33 31 0.07
33 40 3.0E-4
2 34 0.19
3 34 0.12
7 34 0.33
34 8 0.82
10 34 0.41
13 34 0.13
16 34 0.17
18 34 0.41
22 34 0.14
23 34 0.27
28 34 0.13
29 34 0.07
34 30 0.58
40 34 0.0017
35 1 0.37
35 2 0.12
35 4 0.23
35 6 0.08
35 11 0.06
35 12 0.43
35 13 0.28
35 14 0.24
35 16 0.08
35 17 0.16
35 24 0.39
35 25 0.45
35 26 0.36
35 27 0.2
35 28 0.12
35 29 0.26
35 31 0.31
35 32 0.17
35 33 0.11
35 40 2.0E-4
1 36 0.51
4 36 0.13
12 36 0.51
13 36 0.16
14 36 0.18
16 36 0.13
17 36 0.18
24 36 0.33
25 36 0.54
36 26 0.6
27 36 0.34
28 36 0.1
29 36 0.27
31 36 0.37
32 36 0.07
33 36 0.18
35 36 0.36
36 40 4.0E-4
37 2 0.27
37 3 0.17
37 4 0.12
37 5 0.29
37 6 0.12
37 11 0.09
37 13 0.18
37 14 0.21
37 15 0.15
37 16 0.24
37 17 0.17
37 20 0.2
37 21 0.29
37 22 0.1
37 23 0.19
37 24 0.24
37 29 0.05
37 31 0.07
37 32 0.13
37 35 0.11
37 40 0.0018
38 1 0.06
38 2 0.25
38 4 0.29
38 12 0.06
38 13 0.29
38 14 0.28
38 16 0.14
38 17 0.26
38 19 0.25
38 20 0.25
38 22 0.3
38 23 0.12
38 24 0.26
38 25 0.18
38 26 0.08
38 28 0.22
38 29 0.18
38 31 0.04
38 35 0.27
38 36 0.11
38 37 0.1
38 40 5.0E-4
1 39 0.52
4 39 0.11
12 39 0.52
13 39 0.19
14 39 0.19
24 39 0.33
25 39 0.37
39 26 0.38
27 39 0.29
28 39 0.25
29 39 0.23
31 39 0.37
33 39 0.31
35 39 0.2
39 36 0.51
39 40 3.0E-4
