*Vertices  53
1 "LED显示屏"
2 "衬底"
3 "LED灯"
4 "控制器"
5 "处理器"
6 "叶片"
7 "荧光粉"
8 "发光荧光材料"
9 "色域"
10 "IP核"
11 "硼酸"
12 "XYZ2xyz"
13 "XYZ2RGB"
14 "CIE"
15 "EP"
16 "外延"
17 "LED"
18 "二极管"
19 "玻璃"
20 "LED光源"
21 "塑料"
22 "基板"
23 "光谱仪"
24 "荧光体"
25 "SiO2"
26 "半导体"
27 "电路板"
28 "Al2O3"
29 "GaAs"
30 "MQW"
31 "键合"
32 "荧光光谱"
33 "金属银纳米粒子"
34 "LED芯片"
35 "芯片"
36 "酸盐"
37 "SrCO3"
38 "Eu2O3"
39 "硝酸"
40 "Eu2"
41 "去离子水"
42 "Li"
43 "离子"
44 "电极"
45 "丙酮"
46 "激光"
47 "干法刻蚀"
48 "玻璃体"
49 "屏幕"
50 "反射层"
51 "激发光"
52 "DMA"
53 "基色"
*Arcs
53 1 0.0027
53 2 2.0E-4
3 1 0.03
3 2 0.03
3 53 1.0E-4
4 1 0.23
3 4 0.11
53 4 3.0E-4
5 1 0.16
5 3 0.14
5 4 0.44
5 53 4.0E-4
1 6 0.45
3 6 0.08
53 6 7.0E-4
7 1 0.09
7 2 0.13
7 3 0.13
7 4 0.07
7 5 0.07
7 53 0.0011
8 2 0.18
8 3 0.21
8 5 0.07
8 7 0.54
8 53 0.0012
9 1 0.45
4 9 0.17
5 9 0.18
53 9 0.0055
1 10 0.32
4 10 0.24
5 10 0.26
9 10 0.71
53 10 0.0040
3 11 0.11
7 11 0.29
8 11 0.4
53 11 0.0027
1 12 0.32
4 12 0.24
5 12 0.26
9 12 0.71
12 10 1.0
53 12 0.0040
1 13 0.32
4 13 0.24
5 13 0.26
9 13 0.71
13 10 1.0
13 12 1.0
53 13 0.0040
14 1 0.45
4 14 0.17
5 14 0.18
14 9 1.0
14 10 0.71
14 12 0.71
14 13 0.71
53 14 0.0055
15 2 0.12
3 15 0.12
15 4 0.06
5 15 0.14
7 15 0.39
8 15 0.29
15 11 0.4
53 15 0.0012
16 2 0.95
3 16 0.05
7 16 0.13
8 16 0.25
15 16 0.06
53 16 2.0E-4
17 1 0.23
17 2 0.32
17 3 0.67
17 4 0.3
17 5 0.28
17 6 0.1
17 7 0.25
17 8 0.28
17 9 0.1
17 10 0.07
17 11 0.15
17 12 0.07
17 13 0.07
17 14 0.1
17 15 0.28
17 16 0.32
17 53 9.0E-4
18 1 0.06
18 2 0.37
18 3 0.32
18 4 0.15
18 5 0.08
18 7 0.23
18 8 0.33
18 9 0.07
18 11 0.1
18 14 0.07
18 15 0.22
18 16 0.37
18 17 0.72
18 53 3.0E-4
19 1 0.18
19 2 0.13
19 3 0.27
19 5 0.15
19 6 0.27
19 7 0.11
19 8 0.1
19 11 0.19
19 15 0.21
19 16 0.13
19 17 0.38
19 18 0.27
19 53 5.0E-4
20 2 0.09
20 3 0.36
20 5 0.11
20 7 0.24
20 8 0.16
20 11 0.31
20 15 0.22
20 16 0.09
20 17 0.36
20 18 0.29
20 19 0.24
20 53 2.0E-4
21 1 0.07
21 2 0.05
21 3 0.28
21 4 0.17
21 5 0.12
21 6 0.16
21 7 0.2
21 8 0.18
21 15 0.06
21 16 0.05
21 17 0.32
21 18 0.28
21 19 0.35
21 20 0.14
21 53 1.0E-4
2 22 0.08
3 22 0.27
7 22 0.1
16 22 0.08
17 22 0.21
18 22 0.14
20 22 0.07
53 22 2.0E-4
3 23 0.08
8 23 0.19
23 11 0.35
23 15 0.19
17 23 0.1
18 23 0.07
53 23 0.0013
7 24 0.5
8 24 0.46
11 24 0.29
15 24 0.31
17 24 0.13
18 24 0.18
19 24 0.11
20 24 0.12
21 24 0.13
53 24 0.0012
25 1 0.09
25 2 0.38
3 25 0.12
25 6 0.2
7 25 0.32
8 25 0.52
25 11 0.14
25 15 0.3
25 16 0.38
17 25 0.27
18 25 0.31
19 25 0.16
20 25 0.11
21 25 0.19
25 23 0.2
25 24 0.32
53 25 0.0011
26 1 0.05
26 2 0.64
26 3 0.29
26 5 0.08
26 6 0.1
26 7 0.34
26 8 0.43
26 11 0.22
26 15 0.28
26 16 0.64
26 17 0.5
26 18 0.55
26 19 0.23
26 20 0.3
26 21 0.24
26 22 0.1
26 24 0.17
26 25 0.41
26 53 5.0E-4
27 1 0.13
27 3 0.4
27 4 0.1
27 5 0.11
27 6 0.29
27 7 0.12
27 8 0.16
27 11 0.1
27 15 0.05
27 17 0.36
27 18 0.17
27 19 0.39
27 20 0.17
27 21 0.19
27 25 0.06
27 26 0.15
27 53 1.0E-4
28 2 0.72
3 28 0.08
7 28 0.35
8 28 0.45
15 28 0.06
28 16 0.78
17 28 0.3
18 28 0.34
19 28 0.09
20 28 0.1
21 28 0.11
28 22 0.09
28 24 0.14
25 28 0.54
26 28 0.57
53 28 2.0E-4
2 29 0.61
3 29 0.04
7 29 0.1
8 29 0.18
15 29 0.09
16 29 0.69
17 29 0.22
18 29 0.27
19 29 0.19
20 29 0.14
21 29 0.08
29 22 0.12
25 29 0.37
26 29 0.44
28 29 0.4
53 29 3.0E-4
30 2 0.64
3 30 0.09
7 30 0.16
8 30 0.15
11 30 0.14
15 30 0.22
30 16 0.7
17 30 0.27
18 30 0.31
19 30 0.21
20 30 0.23
21 30 0.06
24 30 0.16
25 30 0.31
26 30 0.53
28 30 0.67
30 29 0.37
53 30 3.0E-4
2 31 0.26
3 31 0.04
7 31 0.22
8 31 0.2
15 31 0.1
16 31 0.35
17 31 0.19
18 31 0.19
19 31 0.07
21 31 0.09
31 22 0.13
25 31 0.21
26 31 0.28
28 31 0.28
31 29 0.5
30 31 0.1
53 31 2.0E-4
3 32 0.08
8 32 0.19
32 11 0.35
32 15 0.19
17 32 0.1
18 32 0.07
32 23 1.0
32 25 0.2
53 32 0.0013
7 33 0.29
8 33 0.27
11 33 0.5
15 33 0.27
17 33 0.07
18 33 0.1
19 33 0.19
20 33 0.2
24 33 0.58
26 33 0.15
30 33 0.28
53 33 0.0022
34 2 0.5
3 34 0.19
7 34 0.31
8 34 0.17
11 34 0.22
15 34 0.29
34 16 0.45
17 34 0.34
18 34 0.33
19 34 0.08
20 34 0.18
21 34 0.1
34 22 0.23
34 24 0.25
25 34 0.24
26 34 0.51
27 34 0.04
28 34 0.42
34 29 0.15
34 30 0.54
34 31 0.25
34 33 0.22
53 34 6.0E-4
35 1 0.08
35 2 0.49
3 35 0.3
35 4 0.23
5 35 0.12
35 6 0.08
7 35 0.35
8 35 0.35
35 11 0.24
35 15 0.35
35 16 0.49
17 35 0.62
18 35 0.58
19 35 0.21
20 35 0.22
21 35 0.11
35 22 0.13
35 23 0.08
35 24 0.21
35 25 0.4
26 35 0.6
27 35 0.22
35 28 0.46
35 29 0.36
35 30 0.43
35 31 0.27
35 32 0.08
35 33 0.12
35 34 0.55
53 35 6.0E-4
3 36 0.11
7 36 0.48
8 36 0.53
36 11 0.67
36 15 0.45
17 36 0.22
18 36 0.24
19 36 0.19
20 36 0.2
21 36 0.15
36 23 0.24
36 24 0.38
36 25 0.37
26 36 0.29
27 36 0.14
36 28 0.24
36 30 0.09
36 32 0.24
36 33 0.33
36 34 0.22
36 35 0.36
53 36 0.0015
3 37 0.08
7 37 0.2
8 37 0.38
37 11 0.35
37 15 0.38
17 37 0.1
18 37 0.07
37 23 0.5
37 24 0.41
37 25 0.39
26 37 0.1
37 32 0.5
37 35 0.17
37 36 0.24
53 37 0.0014
3 38 0.08
7 38 0.2
8 38 0.38
38 11 0.35
38 15 0.38
17 38 0.1
18 38 0.07
38 23 0.5
38 24 0.41
38 25 0.39
26 38 0.1
38 32 0.5
38 35 0.17
38 36 0.24
38 37 1.0
53 38 0.0014
3 39 0.06
7 39 0.33
8 39 0.46
39 11 0.58
39 15 0.46
17 39 0.13
18 39 0.12
19 39 0.11
20 39 0.12
39 23 0.41
39 24 0.33
39 25 0.32
26 39 0.17
39 28 0.14
39 30 0.16
39 32 0.41
39 33 0.58
39 34 0.13
39 35 0.21
39 36 0.58
39 37 0.41
39 38 0.41
53 39 0.0033
3 40 0.05
7 40 0.43
8 40 0.53
40 11 0.5
40 15 0.53
17 40 0.15
18 40 0.15
19 40 0.1
20 40 0.1
40 23 0.35
40 24 0.58
40 25 0.42
26 40 0.22
40 28 0.12
40 30 0.14
40 32 0.35
40 33 0.5
40 34 0.11
40 35 0.24
40 36 0.5
40 37 0.71
40 38 0.71
40 39 0.87
53 40 0.0030
41 2 0.21
3 41 0.05
8 41 0.12
41 11 0.22
41 15 0.36
41 16 0.1
17 41 0.16
18 41 0.14
41 23 0.32
41 25 0.25
26 41 0.2
41 29 0.15
41 32 0.32
41 34 0.1
41 35 0.21
41 36 0.3
41 37 0.32
41 38 0.32
41 39 0.26
41 40 0.22
53 41 5.0E-4
42 2 0.16
3 42 0.26
42 4 0.06
5 42 0.06
7 42 0.27
8 42 0.31
42 11 0.24
42 15 0.25
42 16 0.16
17 42 0.31
18 42 0.36
19 42 0.23
20 42 0.24
21 42 0.27
42 23 0.17
42 24 0.27
42 25 0.33
26 42 0.38
27 42 0.14
42 28 0.29
42 29 0.16
42 30 0.26
42 32 0.17
42 33 0.24
42 34 0.21
42 35 0.31
42 36 0.39
42 37 0.17
42 38 0.17
42 39 0.27
42 40 0.24
42 41 0.11
53 42 7.0E-4
43 1 0.15
43 2 0.32
3 43 0.13
7 43 0.13
8 43 0.18
43 11 0.34
43 15 0.49
43 16 0.26
17 43 0.32
18 43 0.26
19 43 0.35
20 43 0.19
21 43 0.05
43 23 0.16
43 24 0.26
43 25 0.32
26 43 0.34
27 43 0.14
43 28 0.11
43 29 0.38
43 30 0.25
43 31 0.09
43 32 0.16
43 33 0.23
43 34 0.15
43 35 0.33
43 36 0.38
43 37 0.32
43 38 0.32
43 39 0.26
43 40 0.34
43 41 0.51
43 42 0.27
53 43 9.0E-4
44 2 0.72
3 44 0.16
44 4 0.12
7 44 0.09
8 44 0.22
15 44 0.13
44 16 0.72
17 44 0.45
18 44 0.55
19 44 0.13
20 44 0.1
21 44 0.04
44 22 0.06
25 44 0.32
26 44 0.56
27 44 0.03
28 44 0.56
44 29 0.49
44 30 0.55
44 31 0.25
34 44 0.39
35 44 0.57
41 44 0.15
42 44 0.12
43 44 0.23
53 44 1.0E-4
45 2 0.19
3 45 0.04
8 45 0.11
45 11 0.41
45 15 0.65
45 16 0.09
17 45 0.18
18 45 0.17
19 45 0.24
20 45 0.08
21 45 0.09
45 23 0.29
45 25 0.23
26 45 0.18
27 45 0.08
45 29 0.14
45 30 0.11
45 32 0.29
45 34 0.18
45 35 0.24
45 36 0.41
45 37 0.29
45 38 0.29
45 39 0.24
45 40 0.2
45 41 0.55
45 42 0.19
45 43 0.56
45 44 0.13
45 53 6.0E-4
46 2 0.37
46 3 0.12
46 4 0.06
46 5 0.14
46 7 0.23
46 8 0.21
46 16 0.43
46 17 0.28
46 18 0.24
46 19 0.21
46 20 0.16
46 21 0.18
46 22 0.09
46 23 0.19
46 25 0.3
46 26 0.39
46 27 0.11
46 28 0.45
46 29 0.36
46 30 0.37
46 31 0.2
46 32 0.19
46 34 0.12
46 35 0.26
46 42 0.19
46 43 0.12
46 44 0.31
46 53 2.0E-4
2 47 0.51
7 47 0.13
8 47 0.24
16 47 0.51
17 47 0.16
18 47 0.18
19 47 0.17
20 47 0.18
47 22 0.16
25 47 0.37
26 47 0.33
28 47 0.54
47 29 0.6
30 47 0.25
31 47 0.34
34 47 0.1
35 47 0.27
42 47 0.21
43 47 0.21
44 47 0.37
46 47 0.36
53 47 4.0E-4
7 48 0.29
8 48 0.27
11 48 0.5
15 48 0.27
17 48 0.07
18 48 0.1
19 48 0.19
20 48 0.2
24 48 0.58
26 48 0.15
30 48 0.28
48 33 1.0
34 48 0.22
35 48 0.12
36 48 0.33
39 48 0.58
40 48 0.5
42 48 0.24
43 48 0.23
53 48 0.0022
49 1 0.33
2 49 0.36
3 49 0.06
49 4 0.13
5 49 0.07
49 6 0.37
8 49 0.14
15 49 0.07
16 49 0.36
17 49 0.28
18 49 0.18
19 49 0.15
21 49 0.18
25 49 0.21
26 49 0.27
27 49 0.16
28 49 0.25
49 29 0.17
30 49 0.21
31 49 0.1
34 49 0.23
35 49 0.25
43 49 0.12
44 49 0.3
45 49 0.11
46 49 0.14
49 47 0.23
53 49 3.0E-4
50 1 0.12
2 50 0.52
50 6 0.27
7 50 0.11
8 50 0.3
15 50 0.1
16 50 0.52
17 50 0.19
18 50 0.19
19 50 0.15
21 50 0.17
50 22 0.13
25 50 0.31
26 50 0.33
27 50 0.08
28 50 0.37
50 29 0.38
30 50 0.1
31 50 0.29
34 50 0.25
35 50 0.23
43 50 0.09
44 50 0.37
45 50 0.15
46 50 0.2
50 47 0.51
50 49 0.49
53 50 0.0010
51 2 0.15
3 51 0.07
7 51 0.38
8 51 0.45
51 11 0.33
51 15 0.27
51 16 0.15
17 51 0.22
18 51 0.27
19 51 0.26
20 51 0.2
21 51 0.23
51 23 0.47
51 24 0.58
51 25 0.55
26 51 0.25
51 28 0.32
51 29 0.22
51 30 0.28
51 31 0.13
51 32 0.47
51 33 0.33
51 34 0.15
51 35 0.28
51 36 0.44
51 37 0.47
51 38 0.47
51 39 0.38
51 40 0.5
51 41 0.15
51 42 0.47
51 43 0.38
51 44 0.11
51 45 0.14
46 51 0.27
51 47 0.3
51 48 0.33
51 53 0.0016
52 1 0.18
52 4 0.28
5 52 0.3
52 9 0.41
52 10 0.58
11 52 0.29
52 12 0.58
52 13 0.58
52 14 0.41
15 52 0.31
17 52 0.13
18 52 0.06
19 52 0.11
20 52 0.12
26 52 0.09
35 52 0.07
36 52 0.19
42 52 0.14
43 52 0.13
45 52 0.24
53 52 0.0018
