*Vertices  99
1 "LED显示屏"
2 "显示器"
3 "衬底"
4 "LED灯罩"
5 "LED灯"
6 "光纤"
7 "探头"
8 "容器"
9 "光膜"
10 "传感器"
11 "控制器"
12 "处理器"
13 "单片机"
14 "叶片"
15 "荧光粉"
16 "开关"
17 "发光荧光材料"
18 "柔性高分子材料"
19 "塑料光转换荧光粒料"
20 "助剂"
21 "次氯酸钠溶液"
22 "PD"
23 "聚合物树脂"
24 "圆圈基体"
25 "显示技术"
26 "变压器"
27 "定时器"
28 "光纤耦合"
29 "阻燃塑料外壳"
30 "EP"
31 "外延片"
32 "外延"
33 "LED"
34 "二极管"
35 "玻璃"
36 "通道"
37 "LED光源"
38 "电热丝"
39 "腐蚀液"
40 "光电转换器件"
41 "转换器"
42 "铝基板"
43 "导热陶瓷"
44 "探针"
45 "基座"
46 "滤光片"
47 "稀释剂"
48 "电动机"
49 "散热片"
50 "散热器"
51 "电加热器"
52 "荧光体"
53 "发光体"
54 "硅橡胶"
55 "光刻胶"
56 "密封胶"
57 "填充区域"
58 "SiO2"
59 "半导体"
60 "电路板"
61 "Al2O3"
62 "GaAs"
63 "MQW"
64 "键合"
65 "客户"
66 "滑动变阻器"
67 "光电池"
68 "LED芯片"
69 "芯片"
70 "电流扩展层"
71 "酸盐"
72 "硅油"
73 "硬脂酰胺"
74 "Li"
75 "液体石蜡"
76 "离子"
77 "电极"
78 "冰柜"
79 "排水槽"
80 "基色"
81 "驱动模块"
82 "加热管"
83 "丙酮"
84 "激光"
85 "MOCVD"
86 "空穴"
87 "洗墙灯"
88 "射灯"
89 "臭氧"
90 "屏幕"
91 "透镜"
92 "反射层"
93 "发光层"
94 "甲基"
95 "聚光帽"
96 "激发光"
97 "发光管"
98 "导热柱"
99 "塑料"
*Arcs
99 1 1.0E-4
2 1 0.08
99 2 3.0E-4
99 3 1.0E-4
99 4 1.0E-4
5 1 0.03
5 2 0.08
5 3 0.03
5 4 0.16
99 5 9.0E-4
3 6 0.17
99 6 4.0E-4
5 7 0.05
7 6 0.38
99 7 1.0E-4
8 3 0.09
5 8 0.12
99 8 4.0E-4
9 2 0.29
9 5 0.13
9 8 0.22
99 9 6.0E-4
2 10 0.25
5 10 0.13
10 6 0.23
10 7 0.2
99 10 3.0E-4
11 1 0.23
2 11 0.24
5 11 0.11
11 6 0.09
11 7 0.12
8 11 0.09
11 10 0.19
99 11 3.0E-4
12 1 0.16
12 2 0.26
12 5 0.14
12 6 0.1
12 7 0.26
12 9 0.15
12 10 0.36
12 11 0.44
99 12 2.0E-4
13 1 0.07
2 13 0.52
5 13 0.13
13 10 0.28
13 11 0.17
12 13 0.24
99 13 0.0
1 14 0.45
5 14 0.08
99 14 1.0E-4
15 1 0.09
15 2 0.14
15 3 0.13
15 5 0.13
15 8 0.22
15 9 0.33
15 11 0.07
15 12 0.07
15 13 0.07
99 15 5.0E-4
16 1 0.04
2 16 0.07
5 16 0.37
16 8 0.21
16 10 0.19
16 11 0.23
12 16 0.21
16 13 0.19
15 16 0.08
99 16 4.0E-4
17 2 0.13
17 3 0.18
17 5 0.21
17 8 0.2
17 9 0.31
17 12 0.07
17 13 0.06
17 15 0.54
17 16 0.07
99 17 5.0E-4
18 8 0.38
9 18 0.58
15 18 0.29
17 18 0.27
99 18 4.0E-4
2 19 0.25
5 19 0.11
15 19 0.29
16 19 0.14
17 19 0.27
99 19 5.0E-4
2 20 0.18
5 20 0.08
20 8 0.27
9 20 0.41
15 20 0.41
16 20 0.1
17 20 0.38
20 18 0.71
20 19 0.71
99 20 0.0010
3 21 0.32
99 21 2.0E-4
2 22 0.11
3 22 0.21
22 6 0.68
22 7 0.22
22 10 0.27
12 22 0.12
99 22 5.0E-4
2 23 0.25
5 23 0.11
15 23 0.29
16 23 0.14
17 23 0.27
23 19 1.0
23 20 0.71
99 23 5.0E-4
11 24 0.24
16 24 0.14
99 24 2.0E-4
2 25 0.35
10 25 0.14
11 25 0.34
12 25 0.18
13 25 0.16
99 25 2.0E-4
26 1 0.07
2 26 0.11
26 3 0.05
5 26 0.26
26 8 0.24
26 10 0.04
26 11 0.1
13 26 0.05
15 26 0.06
16 26 0.29
99 26 1.0E-4
5 27 0.06
10 27 0.12
11 27 0.28
12 27 0.15
16 27 0.24
27 24 0.58
99 27 2.0E-4
6 28 0.53
10 28 0.14
22 28 0.32
99 28 2.0E-4
5 29 0.11
16 29 0.14
26 29 0.21
99 29 3.0E-4
2 30 0.07
30 3 0.12
5 30 0.12
30 8 0.1
30 11 0.06
12 30 0.14
30 13 0.06
15 30 0.39
30 16 0.11
17 30 0.29
30 21 0.19
30 26 0.11
99 30 1.0E-4
31 3 0.83
5 31 0.03
31 6 0.21
15 31 0.08
17 31 0.15
31 21 0.2
31 22 0.25
26 31 0.06
30 31 0.07
99 31 1.0E-4
32 3 0.95
5 32 0.05
32 6 0.17
15 32 0.13
17 32 0.25
32 21 0.32
32 22 0.21
26 32 0.05
30 32 0.06
32 31 0.83
99 32 1.0E-4
33 1 0.23
33 2 0.29
33 3 0.32
33 4 0.1
33 5 0.67
33 6 0.19
33 7 0.15
33 8 0.19
33 9 0.13
33 10 0.37
33 11 0.3
33 12 0.28
33 13 0.32
33 14 0.1
33 15 0.25
33 16 0.54
33 17 0.28
33 18 0.07
33 19 0.07
33 20 0.1
33 21 0.1
33 22 0.16
33 23 0.07
33 24 0.07
33 25 0.1
33 26 0.34
33 27 0.13
33 28 0.1
33 29 0.07
33 30 0.28
33 31 0.27
33 32 0.32
99 33 0.0014
34 1 0.06
34 2 0.15
34 3 0.37
34 4 0.07
34 5 0.32
34 6 0.23
34 7 0.05
34 8 0.23
34 9 0.12
34 10 0.2
34 11 0.15
34 12 0.08
34 13 0.16
34 15 0.23
34 16 0.46
34 17 0.33
34 18 0.1
34 19 0.1
34 20 0.14
34 21 0.14
34 22 0.18
34 23 0.1
34 24 0.1
34 26 0.39
34 27 0.12
34 28 0.14
34 29 0.1
34 30 0.22
34 31 0.31
34 32 0.37
34 33 0.72
99 34 0.0011
35 1 0.18
35 2 0.19
35 3 0.13
35 5 0.27
35 6 0.29
35 7 0.1
35 9 0.11
35 10 0.12
35 12 0.15
35 13 0.22
35 14 0.27
35 15 0.11
35 16 0.18
35 17 0.1
35 21 0.14
35 22 0.34
35 26 0.08
35 28 0.14
35 30 0.21
35 31 0.16
35 32 0.13
35 33 0.38
35 34 0.27
99 35 0.0011
2 36 0.07
36 3 0.2
5 36 0.22
36 6 0.11
36 10 0.12
13 36 0.07
16 36 0.04
36 22 0.13
36 31 0.24
36 32 0.2
33 36 0.25
34 36 0.23
35 36 0.11
99 36 3.0E-4
37 2 0.15
37 3 0.09
37 5 0.36
37 6 0.15
37 7 0.1
37 8 0.08
37 9 0.12
37 10 0.04
37 12 0.11
37 13 0.09
37 15 0.24
37 16 0.06
37 17 0.16
37 22 0.18
37 26 0.09
37 30 0.22
37 31 0.11
37 32 0.09
37 33 0.36
37 34 0.29
37 35 0.24
37 36 0.18
99 37 3.0E-4
5 38 0.13
8 38 0.22
16 38 0.08
33 38 0.13
34 38 0.06
35 38 0.11
99 38 7.0E-4
3 39 0.56
5 39 0.04
8 39 0.15
39 21 0.58
26 39 0.09
30 39 0.22
31 39 0.34
32 39 0.47
33 39 0.18
34 39 0.25
35 39 0.08
99 39 1.0E-4
40 6 0.53
40 7 0.35
40 10 0.28
40 22 0.63
40 28 0.5
33 40 0.1
34 40 0.14
35 40 0.27
99 40 7.0E-4
41 1 0.1
2 41 0.15
5 41 0.1
41 6 0.23
41 7 0.15
41 10 0.3
41 11 0.22
12 41 0.16
13 41 0.14
15 41 0.09
16 41 0.25
17 41 0.08
41 19 0.3
41 20 0.21
41 22 0.27
41 23 0.3
26 41 0.06
41 27 0.17
41 28 0.21
30 41 0.08
33 41 0.24
34 41 0.21
35 41 0.12
41 40 0.43
99 41 5.0E-4
42 2 0.08
42 3 0.07
42 4 0.21
42 5 0.3
42 9 0.17
42 12 0.08
42 15 0.17
42 16 0.08
42 17 0.08
42 21 0.21
42 26 0.13
42 29 0.3
42 30 0.16
42 31 0.08
42 32 0.07
42 33 0.24
42 34 0.24
42 35 0.12
42 36 0.26
42 37 0.18
42 39 0.12
42 99 0.0011
5 43 0.11
33 43 0.07
34 43 0.1
36 43 0.29
42 43 0.3
99 43 4.0E-4
44 6 0.27
44 7 0.35
44 10 0.14
44 22 0.32
33 44 0.1
34 44 0.14
35 44 0.14
44 40 0.5
41 44 0.21
99 44 2.0E-4
5 45 0.22
8 45 0.19
15 45 0.14
17 45 0.13
33 45 0.15
34 45 0.15
36 45 0.43
37 45 0.1
42 45 0.3
45 43 0.5
99 45 2.0E-4
2 46 0.11
3 46 0.21
46 6 0.68
46 7 0.22
46 10 0.09
13 46 0.1
16 46 0.06
46 22 0.6
46 28 0.32
31 46 0.25
32 46 0.21
33 46 0.16
34 46 0.23
35 46 0.26
36 46 0.13
37 46 0.27
46 40 0.32
41 46 0.13
46 44 0.32
99 46 1.0E-4
2 47 0.14
47 8 0.22
9 47 0.33
15 47 0.17
17 47 0.15
47 18 0.58
47 20 0.41
26 47 0.12
30 47 0.31
33 47 0.13
34 47 0.18
35 47 0.22
37 47 0.12
99 47 2.0E-4
2 48 0.14
5 48 0.06
10 48 0.23
11 48 0.14
12 48 0.15
13 48 0.26
15 48 0.17
48 25 0.41
30 48 0.15
33 48 0.13
37 48 0.12
99 48 1.0E-4
5 49 0.43
49 16 0.07
33 49 0.3
34 49 0.22
35 49 0.09
49 36 0.35
37 49 0.45
42 49 0.29
49 45 0.24
99 49 2.0E-4
5 50 0.44
50 26 0.15
33 50 0.31
34 50 0.24
35 50 0.05
50 36 0.2
37 50 0.34
42 50 0.21
50 45 0.12
50 49 0.63
99 50 0.0
8 51 0.38
16 51 0.14
33 51 0.07
34 51 0.1
51 38 0.58
99 51 4.0E-4
52 8 0.22
9 52 0.33
15 52 0.5
17 52 0.46
52 18 0.58
52 20 0.41
30 52 0.31
33 52 0.13
34 52 0.18
35 52 0.11
37 52 0.12
52 47 0.33
99 52 2.0E-4
53 2 0.09
53 5 0.21
53 9 0.22
53 10 0.08
53 12 0.1
53 15 0.22
53 16 0.1
53 17 0.2
53 30 0.1
53 33 0.19
53 34 0.23
53 35 0.15
53 36 0.11
53 37 0.23
53 42 0.11
53 49 0.09
53 50 0.09
53 52 0.22
53 99 1.0E-4
2 54 0.14
5 54 0.06
54 8 0.44
9 54 0.33
15 54 0.33
17 54 0.31
54 18 0.58
54 20 0.41
26 54 0.12
30 54 0.15
33 54 0.13
34 54 0.12
35 54 0.11
37 54 0.24
54 45 0.29
54 47 0.67
54 52 0.33
99 54 2.0E-4
3 55 0.46
5 55 0.05
55 21 0.35
26 55 0.11
30 55 0.13
31 55 0.42
32 55 0.46
33 55 0.15
34 55 0.2
35 55 0.1
39 55 0.82
42 55 0.15
99 55 1.0E-4
56 1 0.16
5 56 0.22
56 14 0.35
16 56 0.07
33 56 0.15
34 56 0.05
35 56 0.1
36 56 0.29
37 56 0.1
42 56 0.3
56 43 0.5
56 45 0.25
49 56 0.24
50 56 0.12
99 56 2.0E-4
3 57 0.23
21 57 0.71
30 57 0.27
31 57 0.28
32 57 0.23
33 57 0.07
34 57 0.1
35 57 0.19
39 57 0.41
42 57 0.3
55 57 0.5
99 57 3.0E-4
58 1 0.09
2 58 0.07
58 3 0.38
5 58 0.12
58 6 0.21
58 8 0.21
9 58 0.16
58 14 0.2
15 58 0.32
58 16 0.04
17 58 0.52
58 18 0.28
58 19 0.28
58 20 0.39
58 22 0.25
58 23 0.28
58 26 0.06
58 30 0.3
58 31 0.38
58 32 0.38
33 58 0.27
34 58 0.31
35 58 0.16
58 36 0.08
37 58 0.11
58 39 0.34
58 41 0.08
58 46 0.25
58 47 0.16
58 52 0.32
53 58 0.1
58 54 0.16
58 55 0.28
99 58 5.0E-4
59 1 0.05
59 2 0.11
59 3 0.64
59 4 0.1
59 5 0.29
59 6 0.17
59 7 0.07
59 8 0.22
59 9 0.09
59 10 0.06
59 12 0.08
59 13 0.03
59 14 0.1
59 15 0.34
59 16 0.14
59 17 0.43
59 19 0.15
59 20 0.1
59 21 0.21
59 22 0.2
59 23 0.15
59 26 0.19
59 28 0.1
59 29 0.15
59 30 0.28
59 31 0.53
59 32 0.64
59 33 0.5
59 34 0.55
59 35 0.23
59 36 0.17
59 37 0.3
59 39 0.36
59 40 0.1
59 41 0.13
59 42 0.27
59 43 0.15
59 44 0.1
59 45 0.15
59 46 0.13
59 47 0.09
59 49 0.11
59 50 0.14
59 52 0.17
59 53 0.11
59 54 0.17
59 55 0.29
59 56 0.15
59 57 0.15
59 58 0.41
59 99 9.0E-4
60 1 0.13
60 2 0.26
60 5 0.4
60 7 0.1
60 8 0.08
60 9 0.24
60 10 0.08
60 11 0.1
60 12 0.11
60 13 0.14
60 14 0.29
60 15 0.12
60 16 0.14
60 17 0.16
60 25 0.14
60 26 0.04
60 30 0.05
60 33 0.36
60 34 0.17
60 35 0.39
60 36 0.06
60 37 0.17
60 42 0.06
60 45 0.1
60 46 0.09
60 47 0.12
60 49 0.05
60 50 0.1
60 53 0.23
60 54 0.12
60 56 0.1
60 58 0.06
60 59 0.15
60 99 3.0E-4
2 61 0.06
61 3 0.72
5 61 0.08
61 6 0.18
61 8 0.09
9 61 0.14
15 61 0.35
61 16 0.03
17 61 0.45
61 18 0.24
61 19 0.24
61 20 0.34
61 22 0.22
61 23 0.24
61 26 0.05
30 61 0.06
61 31 0.74
61 32 0.78
33 61 0.3
34 61 0.34
35 61 0.09
61 36 0.21
37 61 0.1
61 39 0.1
61 41 0.07
61 46 0.22
61 47 0.14
61 52 0.14
61 54 0.14
61 55 0.12
58 61 0.54
59 61 0.57
99 61 2.0E-4
3 62 0.61
5 62 0.04
62 6 0.25
15 62 0.1
17 62 0.18
62 21 0.47
62 22 0.3
30 62 0.09
31 62 0.37
32 62 0.69
33 62 0.22
34 62 0.27
35 62 0.19
36 62 0.1
37 62 0.14
39 62 0.41
42 62 0.1
62 46 0.3
62 55 0.33
62 57 0.33
58 62 0.37
59 62 0.44
61 62 0.4
99 62 1.0E-4
63 3 0.64
5 63 0.09
63 6 0.21
15 63 0.16
16 63 0.04
17 63 0.15
63 21 0.2
63 22 0.25
26 63 0.12
30 63 0.22
63 31 0.77
63 32 0.7
33 63 0.27
34 63 0.31
35 63 0.21
63 36 0.24
37 63 0.23
63 39 0.23
42 63 0.08
63 46 0.25
52 63 0.16
63 55 0.28
63 57 0.28
58 63 0.31
59 63 0.53
61 63 0.67
63 62 0.37
99 63 1.0E-4
3 64 0.26
5 64 0.04
64 6 0.14
64 7 0.19
64 10 0.08
13 64 0.09
15 64 0.22
17 64 0.2
64 21 0.27
64 22 0.17
30 64 0.1
31 64 0.1
32 64 0.35
33 64 0.19
34 64 0.19
35 64 0.07
64 39 0.15
64 40 0.27
41 64 0.11
42 64 0.11
64 44 0.27
64 46 0.17
58 64 0.21
59 64 0.28
61 64 0.28
64 62 0.5
63 64 0.1
99 64 1.0E-4
2 65 0.2
5 65 0.22
65 7 0.2
9 65 0.24
65 10 0.24
12 65 0.21
15 65 0.12
16 65 0.17
17 65 0.11
65 19 0.41
65 20 0.29
65 23 0.41
30 65 0.11
33 65 0.18
34 65 0.08
35 65 0.08
65 36 0.12
37 65 0.08
41 65 0.12
53 65 0.15
58 65 0.11
59 65 0.12
60 65 0.17
61 65 0.1
99 65 1.0E-4
66 8 0.27
16 66 0.19
26 66 0.15
33 66 0.1
34 66 0.14
66 38 0.41
66 51 0.71
99 66 3.0E-4
67 6 0.38
67 7 0.5
67 10 0.3
12 67 0.13
67 22 0.45
67 28 0.35
33 67 0.15
34 67 0.15
35 67 0.19
37 67 0.2
67 40 0.71
41 67 0.3
67 44 0.35
67 46 0.22
59 67 0.15
64 67 0.19
65 67 0.2
99 67 5.0E-4
68 3 0.5
5 68 0.19
68 8 0.25
9 68 0.13
68 13 0.05
15 68 0.31
68 16 0.03
17 68 0.17
68 18 0.22
68 20 0.15
68 21 0.15
68 26 0.09
30 68 0.29
68 31 0.48
68 32 0.45
33 68 0.34
34 68 0.33
35 68 0.08
68 36 0.31
37 68 0.18
68 39 0.36
42 68 0.26
68 45 0.33
68 47 0.13
68 49 0.26
68 50 0.21
68 52 0.25
68 54 0.25
68 55 0.33
68 57 0.22
58 68 0.24
59 68 0.51
60 68 0.04
61 68 0.42
68 62 0.15
68 63 0.54
68 64 0.25
99 68 2.0E-4
69 1 0.08
2 69 0.27
69 3 0.49
5 69 0.3
69 6 0.09
69 8 0.14
9 69 0.07
69 10 0.17
69 11 0.23
12 69 0.12
69 13 0.33
69 14 0.08
15 69 0.35
69 16 0.28
17 69 0.35
69 18 0.12
69 19 0.12
69 20 0.17
69 21 0.17
69 22 0.11
69 23 0.12
69 25 0.17
69 26 0.18
69 27 0.07
69 30 0.35
69 31 0.43
69 32 0.49
33 69 0.62
34 69 0.58
35 69 0.21
69 36 0.24
37 69 0.22
69 39 0.29
69 41 0.25
42 69 0.22
69 44 0.08
69 45 0.18
69 46 0.16
69 47 0.21
69 48 0.14
69 49 0.17
69 50 0.14
69 52 0.21
53 69 0.09
69 54 0.21
69 55 0.24
69 56 0.06
69 57 0.12
69 58 0.4
59 69 0.6
60 69 0.22
69 61 0.46
69 62 0.36
69 63 0.43
69 64 0.27
69 65 0.1
69 66 0.08
69 68 0.55
99 69 3.0E-4
3 70 0.57
5 70 0.08
70 6 0.27
8 70 0.13
17 70 0.09
70 21 0.5
70 22 0.32
26 70 0.08
30 70 0.19
31 70 0.39
32 70 0.57
33 70 0.21
34 70 0.29
35 70 0.2
36 70 0.1
37 70 0.14
70 39 0.58
42 70 0.11
70 46 0.32
70 55 0.35
70 57 0.35
58 70 0.49
59 70 0.42
61 70 0.34
70 62 0.71
63 70 0.49
64 70 0.27
68 70 0.23
69 70 0.34
99 70 1.0E-4
2 71 0.17
5 71 0.11
71 8 0.25
9 71 0.19
15 71 0.48
71 16 0.05
17 71 0.53
71 18 0.33
71 19 0.33
71 20 0.47
71 23 0.33
71 26 0.07
71 30 0.45
33 71 0.22
34 71 0.24
35 71 0.19
37 71 0.2
71 41 0.1
71 45 0.17
71 47 0.58
71 52 0.38
71 54 0.58
71 58 0.37
59 71 0.29
60 71 0.14
71 61 0.24
71 63 0.09
71 65 0.14
71 68 0.22
71 69 0.36
99 71 3.0E-4
72 8 0.38
9 72 0.58
15 72 0.29
17 72 0.27
72 18 1.0
72 20 0.71
33 72 0.07
34 72 0.1
72 47 0.58
72 52 0.58
72 54 0.58
58 72 0.28
61 72 0.24
68 72 0.22
69 72 0.12
71 72 0.33
99 72 4.0E-4
2 73 0.25
5 73 0.11
15 73 0.29
16 73 0.14
17 73 0.27
73 19 1.0
73 20 0.71
73 23 1.0
33 73 0.07
34 73 0.1
41 73 0.3
58 73 0.28
59 73 0.15
61 73 0.24
73 65 0.41
69 73 0.12
71 73 0.33
99 73 5.0E-4
2 74 0.06
74 3 0.16
74 4 0.17
5 74 0.26
74 6 0.18
74 8 0.09
9 74 0.14
74 10 0.05
74 11 0.06
12 74 0.06
74 13 0.05
15 74 0.27
74 16 0.13
17 74 0.31
74 18 0.24
74 19 0.24
74 20 0.33
74 22 0.21
74 23 0.24
74 26 0.05
74 29 0.24
74 30 0.25
74 31 0.2
74 32 0.16
33 74 0.31
34 74 0.36
35 74 0.23
74 36 0.2
37 74 0.24
74 41 0.21
42 74 0.36
74 43 0.24
74 45 0.24
74 46 0.21
74 47 0.27
74 49 0.17
74 50 0.17
74 52 0.27
74 54 0.14
74 56 0.12
74 58 0.33
59 74 0.38
60 74 0.14
74 61 0.29
74 62 0.16
74 63 0.26
74 65 0.1
74 68 0.21
74 69 0.31
74 70 0.17
74 71 0.39
74 72 0.24
74 73 0.24
99 74 9.0E-4
2 75 0.25
5 75 0.11
15 75 0.29
16 75 0.14
17 75 0.27
75 19 1.0
75 20 0.71
75 23 1.0
33 75 0.07
34 75 0.1
41 75 0.3
58 75 0.28
59 75 0.15
61 75 0.24
75 65 0.41
69 75 0.12
71 75 0.33
75 73 1.0
74 75 0.24
99 75 5.0E-4
76 1 0.15
2 76 0.06
76 3 0.32
5 76 0.13
76 6 0.17
76 7 0.11
76 8 0.09
15 76 0.13
17 76 0.18
76 21 0.32
76 22 0.21
76 26 0.1
76 30 0.49
76 31 0.19
76 32 0.26
33 76 0.32
34 76 0.26
35 76 0.35
76 36 0.07
37 76 0.19
76 38 0.13
76 39 0.37
76 41 0.07
42 76 0.07
76 46 0.21
76 47 0.26
76 52 0.26
53 76 0.09
76 54 0.13
76 55 0.23
76 57 0.23
76 58 0.32
59 76 0.34
60 76 0.14
76 61 0.11
76 62 0.38
76 63 0.25
76 64 0.09
76 68 0.15
76 69 0.33
76 70 0.41
76 71 0.38
76 74 0.27
99 76 1.0E-4
2 77 0.04
77 3 0.72
5 77 0.16
77 6 0.12
77 8 0.19
77 10 0.03
77 11 0.12
13 77 0.04
15 77 0.09
16 77 0.2
17 77 0.22
77 21 0.23
77 22 0.15
77 26 0.39
30 77 0.13
77 31 0.59
77 32 0.72
33 77 0.45
34 77 0.55
35 77 0.13
77 36 0.19
37 77 0.1
77 39 0.4
77 41 0.1
42 77 0.1
77 46 0.15
53 77 0.06
77 55 0.33
77 57 0.16
58 77 0.32
59 77 0.56
60 77 0.03
61 77 0.56
77 62 0.49
77 63 0.55
77 64 0.25
77 65 0.07
77 66 0.12
68 77 0.39
69 77 0.57
77 70 0.46
74 77 0.12
76 77 0.23
99 77 1.0E-4
5 78 0.11
33 78 0.07
35 78 0.19
38 78 0.58
99 78 3.0E-4
5 79 0.11
33 79 0.07
36 79 0.29
37 79 0.2
49 79 0.24
99 79 2.0E-4
80 1 0.39
80 3 0.09
5 80 0.04
80 11 0.1
12 80 0.11
80 14 0.29
15 80 0.24
17 80 0.22
80 30 0.22
80 32 0.09
33 80 0.18
34 80 0.08
35 80 0.16
37 80 0.08
80 52 0.24
80 58 0.23
59 80 0.12
60 80 0.08
80 61 0.1
80 62 0.14
80 63 0.11
80 64 0.15
80 68 0.18
80 69 0.15
80 71 0.27
80 74 0.19
80 76 0.19
80 77 0.07
99 80 1.0E-4
2 81 0.18
5 81 0.08
10 81 0.14
11 81 0.17
12 81 0.18
13 81 0.16
81 25 0.5
33 81 0.1
48 81 0.41
69 81 0.17
99 81 1.0E-4
5 82 0.08
8 82 0.27
16 82 0.19
33 82 0.1
34 82 0.07
35 82 0.14
82 38 0.41
82 51 0.71
66 82 0.5
99 82 3.0E-4
2 83 0.1
83 3 0.19
5 83 0.04
83 8 0.15
17 83 0.11
83 21 0.29
83 26 0.09
83 30 0.65
83 31 0.11
83 32 0.09
33 83 0.18
34 83 0.17
35 83 0.24
37 83 0.08
83 39 0.33
42 83 0.12
83 47 0.47
83 54 0.24
83 55 0.2
83 57 0.41
83 58 0.23
59 83 0.18
60 83 0.08
83 62 0.14
83 63 0.11
83 68 0.18
83 69 0.24
83 70 0.29
83 71 0.41
83 74 0.19
83 76 0.56
83 77 0.13
83 80 0.17
99 83 1.0E-4
84 2 0.2
84 3 0.37
84 5 0.12
84 6 0.4
84 9 0.31
84 10 0.16
84 11 0.06
84 12 0.14
84 13 0.06
84 15 0.23
84 16 0.04
84 17 0.21
84 22 0.36
84 25 0.19
84 26 0.06
84 28 0.38
84 31 0.3
84 32 0.43
84 33 0.28
84 34 0.24
84 35 0.21
84 36 0.08
84 37 0.16
84 39 0.11
84 40 0.19
84 41 0.08
84 42 0.08
84 46 0.36
84 48 0.31
84 53 0.1
84 55 0.13
84 58 0.3
84 59 0.39
84 60 0.11
84 61 0.45
84 62 0.36
84 63 0.37
84 64 0.2
84 65 0.11
84 67 0.13
84 68 0.12
84 69 0.26
84 70 0.38
84 74 0.19
84 76 0.12
84 77 0.31
84 80 0.11
84 81 0.19
84 99 4.0E-4
85 3 0.73
5 85 0.03
85 6 0.22
15 85 0.08
17 85 0.23
85 21 0.2
85 22 0.26
30 85 0.08
85 31 0.88
85 32 0.79
33 85 0.25
34 85 0.29
35 85 0.17
85 36 0.25
37 85 0.12
85 39 0.12
42 85 0.09
85 46 0.26
85 55 0.14
85 57 0.29
58 85 0.32
59 85 0.51
61 85 0.77
85 62 0.48
85 63 0.8
85 64 0.22
68 85 0.38
69 85 0.41
85 70 0.41
74 85 0.2
76 85 0.2
77 85 0.57
83 85 0.12
84 85 0.31
99 85 1.0E-4
3 86 0.26
86 4 0.27
5 86 0.17
15 86 0.11
16 86 0.1
26 86 0.16
86 29 0.38
30 86 0.1
31 86 0.31
32 86 0.26
33 86 0.19
34 86 0.23
36 86 0.11
37 86 0.08
42 86 0.34
86 43 0.38
86 45 0.19
86 56 0.19
59 86 0.39
61 86 0.28
63 86 0.42
68 86 0.25
69 86 0.18
74 86 0.36
77 86 0.25
84 86 0.1
85 86 0.33
99 86 6.0E-4
87 2 0.25
87 5 0.11
87 9 0.58
87 12 0.26
87 15 0.29
87 17 0.27
87 33 0.07
87 34 0.1
87 35 0.19
87 37 0.2
87 42 0.3
87 53 0.38
87 59 0.15
87 60 0.2
87 84 0.27
87 99 3.0E-4
88 2 0.1
88 4 0.29
88 5 0.27
88 9 0.24
88 10 0.08
88 12 0.11
88 15 0.12
88 16 0.06
88 17 0.11
88 26 0.09
88 33 0.18
88 34 0.21
88 35 0.16
88 36 0.24
88 37 0.17
88 42 0.37
88 43 0.41
88 45 0.2
88 49 0.1
88 50 0.19
88 53 0.31
88 56 0.2
88 59 0.24
88 60 0.17
88 65 0.17
88 69 0.05
88 74 0.19
88 77 0.07
88 84 0.11
88 86 0.31
88 87 0.41
88 99 7.0E-4
5 89 0.22
89 8 0.31
9 89 0.24
15 89 0.24
17 89 0.22
89 18 0.41
89 20 0.29
26 89 0.09
33 89 0.18
34 89 0.04
35 89 0.24
37 89 0.08
89 38 0.47
89 45 0.2
89 47 0.24
89 52 0.24
89 54 0.47
58 89 0.11
59 89 0.06
60 89 0.17
61 89 0.1
68 89 0.18
69 89 0.1
71 89 0.27
89 72 0.41
74 89 0.1
76 89 0.28
89 78 0.41
99 89 5.0E-4
90 1 0.33
2 90 0.13
3 90 0.36
5 90 0.06
8 90 0.1
9 90 0.15
90 10 0.1
90 11 0.13
12 90 0.07
13 90 0.06
90 14 0.37
16 90 0.11
17 90 0.14
90 21 0.18
90 25 0.18
26 90 0.06
30 90 0.07
31 90 0.43
32 90 0.36
33 90 0.28
34 90 0.18
35 90 0.15
36 90 0.07
39 90 0.21
41 90 0.08
42 90 0.08
90 48 0.15
90 55 0.26
90 56 0.13
90 57 0.26
58 90 0.21
59 90 0.27
60 90 0.16
61 90 0.25
90 62 0.17
63 90 0.21
64 90 0.1
65 90 0.11
68 90 0.23
69 90 0.25
70 90 0.09
76 90 0.12
77 90 0.3
80 90 0.11
90 81 0.18
83 90 0.11
84 90 0.14
85 90 0.37
86 90 0.1
99 90 3.0E-4
91 2 0.13
91 3 0.06
91 5 0.25
91 6 0.28
91 8 0.19
91 9 0.29
91 10 0.1
91 12 0.06
91 15 0.29
91 16 0.07
91 17 0.33
91 18 0.25
91 19 0.25
91 20 0.35
91 22 0.22
91 23 0.25
91 28 0.35
91 30 0.07
91 31 0.07
91 32 0.06
91 33 0.29
91 34 0.28
91 35 0.14
91 36 0.14
91 37 0.26
91 40 0.18
91 41 0.15
91 42 0.23
91 45 0.25
91 46 0.22
91 47 0.14
91 49 0.3
91 50 0.12
91 52 0.14
91 53 0.09
91 54 0.29
91 56 0.25
91 58 0.21
91 59 0.26
91 60 0.15
91 61 0.18
91 62 0.08
91 63 0.07
91 65 0.1
91 67 0.25
91 68 0.22
91 69 0.18
91 70 0.09
91 71 0.25
91 72 0.25
91 73 0.25
91 74 0.29
91 75 0.25
91 76 0.11
91 77 0.04
91 83 0.1
91 84 0.27
91 85 0.07
91 87 0.25
91 88 0.1
91 89 0.2
91 99 7.0E-4
92 1 0.12
3 92 0.52
92 14 0.27
15 92 0.11
17 92 0.3
92 21 0.27
30 92 0.1
31 92 0.42
32 92 0.52
33 92 0.19
34 92 0.19
35 92 0.15
39 92 0.31
42 92 0.11
92 55 0.38
92 57 0.38
58 92 0.31
59 92 0.33
60 92 0.08
61 92 0.37
92 62 0.38
63 92 0.1
64 92 0.29
68 92 0.25
69 92 0.23
70 92 0.13
76 92 0.09
77 92 0.37
80 92 0.31
83 92 0.15
84 92 0.2
85 92 0.33
92 90 0.49
99 92 2.0E-4
3 93 0.61
8 93 0.14
17 93 0.2
93 21 0.53
30 93 0.2
31 93 0.42
32 93 0.52
33 93 0.19
34 93 0.27
35 93 0.07
93 39 0.46
42 93 0.11
93 55 0.19
93 57 0.38
58 93 0.21
59 93 0.39
61 93 0.28
93 62 0.5
63 93 0.21
93 64 0.29
68 93 0.25
69 93 0.32
93 70 0.53
76 93 0.26
77 93 0.43
83 93 0.31
85 93 0.44
93 86 0.14
93 90 0.29
93 92 0.43
99 93 1.0E-4
2 94 0.14
94 3 0.33
5 94 0.06
94 8 0.22
9 94 0.17
15 94 0.33
16 94 0.04
17 94 0.23
94 18 0.29
94 19 0.29
94 20 0.41
94 23 0.29
26 94 0.06
30 94 0.23
94 31 0.4
94 32 0.33
33 94 0.25
34 94 0.23
35 94 0.11
94 36 0.08
37 94 0.12
41 94 0.09
94 45 0.14
94 47 0.5
94 52 0.17
94 54 0.5
58 94 0.16
59 94 0.38
60 94 0.12
61 94 0.49
94 63 0.4
94 65 0.12
68 94 0.38
69 94 0.38
71 94 0.58
94 72 0.29
94 73 0.29
74 94 0.27
94 75 0.29
76 94 0.26
77 94 0.24
83 94 0.35
84 94 0.08
94 85 0.42
94 86 0.33
94 89 0.24
94 90 0.15
91 94 0.29
94 93 0.11
99 94 3.0E-4
6 95 0.38
10 95 0.2
22 95 0.45
95 28 0.71
33 95 0.07
34 95 0.1
35 95 0.19
40 95 0.71
41 95 0.3
59 95 0.15
67 95 0.5
84 95 0.27
91 95 0.25
99 95 4.0E-4
2 96 0.08
96 3 0.15
5 96 0.07
96 6 0.5
96 7 0.17
96 8 0.13
9 96 0.19
96 10 0.07
15 96 0.38
96 16 0.05
17 96 0.45
96 18 0.33
96 19 0.33
96 20 0.47
96 22 0.45
96 23 0.33
96 28 0.24
96 30 0.27
96 31 0.18
96 32 0.15
33 96 0.22
34 96 0.27
35 96 0.26
96 36 0.1
37 96 0.2
96 40 0.24
96 41 0.2
96 44 0.24
96 46 0.6
96 47 0.19
96 52 0.58
53 96 0.13
96 54 0.19
96 58 0.55
59 96 0.25
96 61 0.32
96 62 0.22
96 63 0.28
96 64 0.13
96 65 0.14
96 67 0.17
96 68 0.15
96 69 0.28
96 70 0.24
96 71 0.44
96 72 0.33
96 73 0.33
96 74 0.47
96 75 0.33
96 76 0.38
96 77 0.11
96 80 0.27
96 83 0.14
84 96 0.27
96 85 0.19
96 89 0.14
91 96 0.33
96 94 0.19
99 96 7.0E-4
97 4 0.24
5 97 0.26
6 97 0.13
7 97 0.17
10 97 0.07
11 97 0.16
12 97 0.09
16 97 0.23
26 97 0.21
97 29 0.33
33 97 0.22
34 97 0.17
35 97 0.06
36 97 0.1
42 97 0.4
97 43 0.33
97 45 0.17
53 97 0.13
97 56 0.17
59 97 0.15
60 97 0.07
69 97 0.04
74 97 0.24
76 97 0.08
77 97 0.05
86 97 0.38
88 97 0.27
89 97 0.14
99 97 7.0E-4
5 98 0.11
33 98 0.07
34 98 0.1
36 98 0.29
42 98 0.3
98 43 1.0
45 98 0.5
56 98 0.5
59 98 0.15
74 98 0.24
86 98 0.38
88 98 0.41
97 98 0.33
99 98 4.0E-4
