*Vertices  24
1 "显示器"
2 "LED灯"
3 "荧光粉"
4 "开关"
5 "发光荧光材料"
6 "助剂"
7 "聚合物树脂"
8 "LED"
9 "二极管"
10 "塑料"
11 "转换器"
12 "SiO2"
13 "半导体"
14 "Al2O3"
15 "客户"
16 "芯片"
17 "酸盐"
18 "硬脂酰胺"
19 "Li"
20 "液体石蜡"
21 "透镜"
22 "甲基"
23 "激发光"
24 "塑料光转换荧光粒料"
*Arcs
1 24 0.0022
2 1 0.08
2 24 6.0E-4
3 1 0.14
3 2 0.13
3 24 0.0034
1 4 0.07
2 4 0.37
3 4 0.08
4 24 8.0E-4
5 1 0.13
5 2 0.21
5 3 0.54
5 4 0.07
5 24 0.0031
1 6 0.18
2 6 0.08
3 6 0.41
4 6 0.1
5 6 0.38
6 24 0.0166
1 7 0.25
2 7 0.11
3 7 0.29
4 7 0.14
5 7 0.27
7 6 0.71
7 24 0.0279
8 1 0.29
8 2 0.67
8 3 0.25
8 4 0.54
8 5 0.28
8 6 0.1
8 7 0.07
8 24 4.0E-4
9 1 0.15
9 2 0.32
9 3 0.23
9 4 0.46
9 5 0.33
9 6 0.14
9 7 0.1
9 8 0.72
9 24 6.0E-4
10 1 0.17
10 2 0.28
10 3 0.2
10 4 0.16
10 5 0.18
10 6 0.32
10 7 0.23
10 8 0.32
10 9 0.28
10 24 0.0021
1 11 0.15
2 11 0.1
3 11 0.09
4 11 0.25
5 11 0.08
11 6 0.21
11 7 0.3
8 11 0.24
9 11 0.21
10 11 0.21
11 24 0.0031
1 12 0.07
2 12 0.12
3 12 0.32
12 4 0.04
5 12 0.52
12 6 0.39
12 7 0.28
8 12 0.27
9 12 0.31
10 12 0.19
12 11 0.08
12 24 0.0032
13 1 0.11
13 2 0.29
13 3 0.34
13 4 0.14
13 5 0.43
13 6 0.1
13 7 0.15
13 8 0.5
13 9 0.55
13 10 0.24
13 11 0.13
13 12 0.41
13 24 0.0011
1 14 0.06
2 14 0.08
3 14 0.35
14 4 0.03
5 14 0.45
14 6 0.34
14 7 0.24
8 14 0.3
9 14 0.34
10 14 0.11
14 11 0.07
12 14 0.54
13 14 0.57
14 24 0.0024
1 15 0.2
2 15 0.22
3 15 0.12
4 15 0.17
5 15 0.11
15 6 0.29
15 7 0.41
8 15 0.18
9 15 0.08
10 15 0.09
11 15 0.12
12 15 0.11
13 15 0.12
14 15 0.1
15 24 0.0055
1 16 0.27
2 16 0.3
3 16 0.35
16 4 0.28
5 16 0.35
16 6 0.17
16 7 0.12
8 16 0.62
9 16 0.58
10 16 0.11
16 11 0.25
16 12 0.4
13 16 0.6
16 14 0.46
16 15 0.1
16 24 8.0E-4
1 17 0.17
2 17 0.11
3 17 0.48
17 4 0.05
5 17 0.53
17 6 0.47
17 7 0.33
8 17 0.22
9 17 0.24
10 17 0.15
17 11 0.1
17 12 0.37
13 17 0.29
17 14 0.24
17 15 0.14
17 16 0.36
17 24 0.0044
1 18 0.25
2 18 0.11
3 18 0.29
4 18 0.14
5 18 0.27
18 6 0.71
18 7 1.0
8 18 0.07
9 18 0.1
10 18 0.23
11 18 0.3
12 18 0.28
13 18 0.15
14 18 0.24
18 15 0.41
16 18 0.12
17 18 0.33
18 24 0.0279
1 19 0.06
2 19 0.26
3 19 0.27
19 4 0.13
5 19 0.31
19 6 0.33
19 7 0.24
8 19 0.31
9 19 0.36
10 19 0.27
19 11 0.21
19 12 0.33
13 19 0.38
19 14 0.29
19 15 0.1
19 16 0.31
19 17 0.39
19 18 0.24
19 24 0.0025
1 20 0.25
2 20 0.11
3 20 0.29
4 20 0.14
5 20 0.27
20 6 0.71
20 7 1.0
8 20 0.07
9 20 0.1
10 20 0.23
11 20 0.3
12 20 0.28
13 20 0.15
14 20 0.24
20 15 0.41
16 20 0.12
17 20 0.33
20 18 1.0
19 20 0.24
20 24 0.0279
21 1 0.13
21 2 0.25
21 3 0.29
21 4 0.07
21 5 0.33
21 6 0.35
21 7 0.25
21 8 0.29
21 9 0.28
21 10 0.23
21 11 0.15
21 12 0.21
21 13 0.26
21 14 0.18
21 15 0.1
21 16 0.18
21 17 0.25
21 18 0.25
21 19 0.29
21 20 0.25
21 24 0.0025
1 22 0.14
2 22 0.06
3 22 0.33
4 22 0.04
5 22 0.23
22 6 0.41
22 7 0.29
8 22 0.25
9 22 0.23
10 22 0.13
11 22 0.09
12 22 0.16
13 22 0.38
14 22 0.49
22 15 0.12
16 22 0.38
17 22 0.58
22 18 0.29
19 22 0.27
22 20 0.29
21 22 0.29
22 24 0.0033
1 23 0.08
2 23 0.07
3 23 0.38
23 4 0.05
5 23 0.45
23 6 0.47
23 7 0.33
8 23 0.22
9 23 0.27
10 23 0.23
23 11 0.2
23 12 0.55
13 23 0.25
23 14 0.32
23 15 0.14
23 16 0.28
23 17 0.44
23 18 0.33
23 19 0.47
23 20 0.33
21 23 0.33
23 22 0.19
23 24 0.0044
