*Vertices  79
1 "LED显示屏"
2 "LCD显示屏"
3 "显示器"
4 "LED灯"
5 "光纤"
6 "探头"
7 "连接带"
8 "电容"
9 "光膜"
10 "传感器"
11 "控制器"
12 "单片机"
13 "荧光粉"
14 "开关"
15 "发光荧光材料"
16 "PD"
17 "色域"
18 "IP核"
19 "显示技术"
20 "定时器"
21 "XYZ2xyz"
22 "XYZ2RGB"
23 "CIE"
24 "EP"
25 "LED"
26 "液晶显示模块"
27 "二极管"
28 "稳压二极管"
29 "模糊增强算法"
30 "玻璃"
31 "LED光源"
32 "塑料"
33 "转换器"
34 "铝基板"
35 "晶体振荡器"
36 "绝缘靴"
37 "IP软核"
38 "电动机"
39 "发光体"
40 "放大器"
41 "半导体"
42 "电路板"
43 "GPIO"
44 "客户"
45 "码道"
46 "太阳能"
47 "太阳能电池板"
48 "蓄电池"
49 "充电电池"
50 "锂电池"
51 "光电池"
52 "芯片"
53 "继电器"
54 "充电器"
55 "存储器"
56 "Li"
57 "灰度"
58 "边缘检测"
59 "电阻"
60 "基色"
61 "驱动模块"
62 "激光"
63 "洗墙灯"
64 "射灯"
65 "检测仪"
66 "屏幕"
67 "读取器"
68 "透镜"
69 "信息卡"
70 "VGA"
71 "蜂鸣器"
72 "扬声器"
73 "电磁锁心"
74 "发光管"
75 "光电管"
76 "信息存储卡"
77 "DMA"
78 "插座"
79 "处理器"
*Arcs
79 1 4.0E-4
2 1 0.21
79 2 2.0E-4
3 1 0.08
3 2 0.33
79 3 9.0E-4
4 1 0.03
4 2 0.04
4 3 0.08
79 4 4.0E-4
79 5 2.0E-4
4 6 0.05
6 5 0.38
79 6 7.0E-4
1 7 0.16
4 7 0.05
79 7 4.0E-4
4 8 0.29
79 8 1.0E-4
9 2 0.19
9 3 0.29
9 4 0.13
79 9 3.0E-4
2 10 0.13
3 10 0.25
4 10 0.13
10 5 0.23
10 6 0.2
10 7 0.2
8 10 0.08
79 10 0.0021
11 1 0.23
2 11 0.24
3 11 0.24
4 11 0.11
11 5 0.09
11 6 0.12
8 11 0.15
11 10 0.19
79 11 0.0027
12 1 0.07
12 2 0.08
3 12 0.52
4 12 0.13
12 8 0.19
12 10 0.28
12 11 0.17
79 12 7.0E-4
13 1 0.09
13 3 0.14
13 4 0.13
13 9 0.33
13 11 0.07
13 12 0.07
13 79 1.0E-4
14 1 0.04
14 2 0.14
3 14 0.07
4 14 0.37
14 7 0.07
14 8 0.42
14 10 0.19
14 11 0.23
14 12 0.19
13 14 0.08
79 14 9.0E-4
15 3 0.13
15 4 0.21
15 9 0.31
15 12 0.06
15 13 0.54
15 14 0.07
15 79 1.0E-4
3 16 0.11
16 5 0.68
16 6 0.22
16 10 0.27
79 16 1.0E-4
17 1 0.45
11 17 0.17
79 17 7.0E-4
1 18 0.32
11 18 0.24
17 18 0.71
79 18 0.0011
2 19 0.24
3 19 0.35
10 19 0.14
11 19 0.34
12 19 0.16
79 19 4.0E-4
2 20 0.19
4 20 0.06
10 20 0.12
11 20 0.28
14 20 0.24
79 20 3.0E-4
1 21 0.32
11 21 0.24
17 21 0.71
21 18 1.0
79 21 0.0011
1 22 0.32
11 22 0.24
17 22 0.71
22 18 1.0
22 21 1.0
79 22 0.0011
23 1 0.45
11 23 0.17
23 17 1.0
23 18 0.71
23 21 0.71
23 22 0.71
79 23 7.0E-4
3 24 0.07
4 24 0.12
24 8 0.11
24 11 0.06
24 12 0.06
13 24 0.39
24 14 0.11
15 24 0.29
79 24 3.0E-4
25 1 0.23
25 2 0.22
25 3 0.29
25 4 0.67
25 5 0.19
25 6 0.15
25 7 0.15
25 8 0.36
25 9 0.13
25 10 0.37
25 11 0.3
25 12 0.32
25 13 0.25
25 14 0.54
25 15 0.28
25 16 0.16
25 17 0.1
25 18 0.07
25 19 0.1
25 20 0.13
25 21 0.07
25 22 0.07
25 23 0.1
25 24 0.28
25 79 0.0017
2 26 0.67
3 26 0.38
10 26 0.1
11 26 0.36
12 26 0.11
14 26 0.14
26 19 0.35
20 26 0.29
25 26 0.15
79 26 4.0E-4
27 1 0.06
27 2 0.14
27 3 0.15
27 4 0.32
27 5 0.23
27 6 0.05
27 8 0.39
27 9 0.12
27 10 0.2
27 11 0.15
27 12 0.16
27 13 0.23
27 14 0.46
27 15 0.33
27 16 0.18
27 17 0.07
27 20 0.12
27 23 0.07
27 24 0.22
27 25 0.72
27 26 0.1
27 79 3.0E-4
2 28 0.13
4 28 0.21
8 28 0.46
10 28 0.08
11 28 0.18
14 28 0.21
28 20 0.22
24 28 0.1
25 28 0.19
28 26 0.19
27 28 0.27
79 28 2.0E-4
29 11 0.24
14 29 0.14
24 29 0.27
25 29 0.07
79 29 0.0012
30 1 0.18
30 3 0.19
30 4 0.27
30 5 0.29
30 6 0.1
30 8 0.08
30 9 0.11
30 10 0.12
30 12 0.22
30 13 0.11
30 14 0.18
30 15 0.1
30 16 0.34
30 24 0.21
30 25 0.38
30 27 0.27
30 79 3.0E-4
31 2 0.07
31 3 0.15
31 4 0.36
31 5 0.15
31 6 0.1
31 8 0.04
31 9 0.12
31 10 0.04
31 12 0.09
31 13 0.24
31 14 0.06
31 15 0.16
31 16 0.18
31 24 0.22
31 25 0.36
31 26 0.1
31 27 0.29
31 28 0.08
31 30 0.24
31 79 2.0E-4
32 1 0.07
32 3 0.17
32 4 0.28
32 5 0.17
32 6 0.11
32 9 0.26
32 10 0.18
32 11 0.17
32 12 0.05
32 13 0.2
32 14 0.16
32 15 0.18
32 16 0.21
32 19 0.16
32 20 0.13
32 24 0.06
32 25 0.32
32 27 0.28
32 30 0.35
32 31 0.14
32 79 3.0E-4
33 1 0.1
33 2 0.2
3 33 0.15
4 33 0.1
33 5 0.23
33 6 0.15
8 33 0.25
33 10 0.3
33 11 0.22
12 33 0.14
13 33 0.09
14 33 0.25
15 33 0.08
33 16 0.27
33 20 0.17
24 33 0.08
25 33 0.24
33 26 0.15
27 33 0.21
33 28 0.11
33 29 0.3
30 33 0.12
32 33 0.21
79 33 7.0E-4
34 3 0.08
34 4 0.3
34 8 0.06
34 9 0.17
34 13 0.17
34 14 0.08
34 15 0.08
34 24 0.16
34 25 0.24
34 27 0.24
34 28 0.11
34 30 0.12
34 31 0.18
34 32 0.35
34 79 1.0E-4
4 35 0.06
35 8 0.24
35 10 0.12
35 11 0.14
12 35 0.26
14 35 0.24
24 35 0.15
25 35 0.13
27 35 0.06
35 29 0.58
30 35 0.11
35 33 0.35
79 35 5.0E-4
7 36 0.5
10 36 0.2
25 36 0.07
79 36 4.0E-4
37 11 0.24
14 37 0.14
24 37 0.27
25 37 0.07
37 29 1.0
33 37 0.3
35 37 0.58
79 37 0.0012
3 38 0.14
4 38 0.06
10 38 0.23
11 38 0.14
12 38 0.26
13 38 0.17
38 19 0.41
24 38 0.15
25 38 0.13
31 38 0.12
32 38 0.13
79 38 3.0E-4
39 3 0.09
39 4 0.21
39 8 0.08
39 9 0.22
39 10 0.08
39 13 0.22
39 14 0.1
39 15 0.2
39 24 0.1
39 25 0.19
39 27 0.23
39 30 0.15
39 31 0.23
39 32 0.09
39 34 0.11
39 79 1.0E-4
40 1 0.13
3 40 0.2
4 40 0.09
8 40 0.33
40 10 0.08
40 11 0.1
12 40 0.28
14 40 0.11
25 40 0.18
27 40 0.17
40 28 0.15
40 33 0.25
34 40 0.12
79 40 2.0E-4
41 1 0.05
41 2 0.05
41 3 0.11
41 4 0.29
41 5 0.17
41 6 0.07
41 8 0.15
41 9 0.09
41 10 0.06
41 12 0.03
41 13 0.34
41 14 0.14
41 15 0.43
41 16 0.2
41 24 0.28
41 25 0.5
41 27 0.55
41 28 0.06
41 30 0.23
41 31 0.3
41 32 0.24
41 33 0.13
41 34 0.27
41 39 0.11
41 40 0.12
41 79 1.0E-4
42 1 0.13
42 2 0.2
42 3 0.26
42 4 0.4
42 6 0.1
42 8 0.13
42 9 0.24
42 10 0.08
42 11 0.1
42 12 0.14
42 13 0.12
42 14 0.14
42 15 0.16
42 19 0.14
42 24 0.05
42 25 0.36
42 26 0.2
42 27 0.17
42 30 0.39
42 31 0.17
42 32 0.19
42 34 0.06
42 35 0.12
42 39 0.23
42 41 0.15
42 79 2.0E-4
43 2 0.19
3 43 0.14
4 43 0.06
8 43 0.12
12 43 0.13
14 43 0.24
24 43 0.15
25 43 0.13
43 26 0.29
27 43 0.06
31 43 0.12
41 43 0.09
42 43 0.12
79 43 3.0E-4
44 2 0.14
3 44 0.2
4 44 0.22
44 6 0.2
8 44 0.17
9 44 0.24
44 10 0.24
13 44 0.12
14 44 0.17
15 44 0.11
24 44 0.11
25 44 0.18
27 44 0.08
30 44 0.08
31 44 0.08
32 44 0.09
33 44 0.12
39 44 0.15
41 44 0.12
42 44 0.17
43 44 0.24
79 44 4.0E-4
5 45 0.27
6 45 0.35
10 45 0.14
11 45 0.17
25 45 0.1
27 45 0.07
79 45 4.0E-4
46 1 0.2
4 46 0.14
5 46 0.12
6 46 0.16
46 7 0.16
8 46 0.06
11 46 0.23
13 46 0.09
14 46 0.17
25 46 0.23
27 46 0.13
30 46 0.12
41 46 0.05
42 46 0.06
46 45 0.22
79 46 2.0E-4
4 47 0.15
5 47 0.17
6 47 0.22
47 7 0.22
11 47 0.22
14 47 0.06
25 47 0.16
27 47 0.05
47 45 0.32
47 46 0.71
79 47 2.0E-4
48 1 0.16
4 48 0.23
48 6 0.13
48 7 0.13
8 48 0.11
48 10 0.05
48 11 0.13
13 48 0.07
14 48 0.28
25 48 0.28
27 48 0.18
30 48 0.1
31 48 0.05
41 48 0.11
48 44 0.11
48 46 0.57
48 47 0.46
79 48 1.0E-4
4 49 0.11
5 49 0.19
6 49 0.25
8 49 0.2
11 49 0.12
14 49 0.2
49 20 0.29
25 49 0.15
27 49 0.1
33 49 0.15
40 49 0.2
41 49 0.07
42 49 0.1
49 45 0.35
49 46 0.32
49 47 0.22
79 49 3.0E-4
50 2 0.15
4 50 0.1
50 8 0.18
50 10 0.18
50 11 0.22
12 50 0.1
14 50 0.12
50 20 0.26
25 50 0.16
50 26 0.22
27 50 0.18
50 28 0.17
30 50 0.09
50 33 0.13
50 35 0.26
42 50 0.18
79 50 6.0E-4
51 5 0.38
51 6 0.5
51 10 0.3
51 16 0.45
25 51 0.15
27 51 0.15
30 51 0.19
31 51 0.2
32 51 0.23
33 51 0.3
41 51 0.15
44 51 0.2
48 51 0.13
79 51 2.0E-4
52 1 0.08
52 2 0.24
3 52 0.27
4 52 0.3
52 5 0.09
52 8 0.37
9 52 0.07
52 10 0.17
52 11 0.23
52 12 0.33
13 52 0.35
52 14 0.28
15 52 0.35
52 16 0.11
52 19 0.17
52 20 0.07
52 24 0.35
25 52 0.62
52 26 0.24
27 52 0.58
52 28 0.14
30 52 0.21
31 52 0.22
32 52 0.11
52 33 0.25
34 52 0.22
52 35 0.14
52 38 0.14
39 52 0.09
52 40 0.29
41 52 0.6
42 52 0.22
52 43 0.14
52 44 0.1
52 46 0.08
52 49 0.12
52 50 0.21
79 52 4.0E-4
53 2 0.15
4 53 0.05
8 53 0.37
53 10 0.09
53 11 0.11
14 53 0.24
24 53 0.12
25 53 0.16
27 53 0.18
53 33 0.13
43 53 0.26
53 44 0.18
52 53 0.16
79 53 1.0E-4
4 54 0.04
54 5 0.15
54 6 0.2
8 54 0.17
54 11 0.1
14 54 0.06
25 54 0.18
27 54 0.21
54 33 0.12
54 40 0.17
41 54 0.06
54 45 0.29
54 46 0.13
54 47 0.18
54 48 0.21
54 49 0.41
50 54 0.37
52 54 0.1
79 54 2.0E-4
2 55 0.22
3 55 0.25
4 55 0.04
55 6 0.17
8 55 0.07
55 10 0.33
55 11 0.16
12 55 0.15
14 55 0.23
55 16 0.15
55 20 0.19
24 55 0.09
25 55 0.22
55 26 0.33
27 55 0.17
55 28 0.13
55 29 0.33
31 55 0.14
33 55 0.4
35 55 0.19
55 37 0.33
40 55 0.27
41 55 0.1
42 55 0.07
43 55 0.19
44 55 0.14
48 55 0.09
55 49 0.17
50 55 0.15
55 51 0.17
52 55 0.16
54 55 0.14
79 55 0.0016
3 56 0.06
4 56 0.26
56 5 0.18
56 8 0.05
9 56 0.14
56 10 0.05
56 11 0.06
56 12 0.05
13 56 0.27
56 14 0.13
15 56 0.31
56 16 0.21
56 24 0.25
25 56 0.31
27 56 0.36
56 29 0.24
30 56 0.23
31 56 0.24
32 56 0.27
56 33 0.21
34 56 0.36
56 35 0.27
56 37 0.24
41 56 0.38
42 56 0.14
56 44 0.1
56 52 0.31
56 55 0.08
79 56 1.0E-4
57 11 0.24
14 57 0.14
24 57 0.27
25 57 0.07
57 29 1.0
33 57 0.3
35 57 0.58
57 37 1.0
57 55 0.33
56 57 0.24
79 57 0.0012
58 11 0.24
14 58 0.14
24 58 0.27
25 58 0.07
58 29 1.0
33 58 0.3
35 58 0.58
58 37 1.0
58 55 0.33
56 58 0.24
58 57 1.0
79 58 0.0012
59 2 0.16
3 59 0.08
4 59 0.3
59 5 0.06
59 8 0.73
59 10 0.16
59 11 0.16
12 59 0.22
13 59 0.05
14 59 0.46
15 59 0.04
59 16 0.07
59 20 0.09
24 59 0.09
25 59 0.45
59 26 0.16
27 59 0.51
59 28 0.43
30 59 0.09
31 59 0.1
59 33 0.29
34 59 0.05
59 35 0.19
39 59 0.06
59 40 0.26
41 59 0.19
42 59 0.17
59 43 0.28
59 44 0.13
59 46 0.05
59 48 0.17
59 49 0.16
59 50 0.29
52 59 0.47
59 53 0.36
59 54 0.33
59 55 0.22
56 59 0.11
79 59 3.0E-4
60 1 0.39
4 60 0.04
60 11 0.1
13 60 0.24
15 60 0.22
60 17 0.58
60 18 0.41
60 21 0.41
60 22 0.41
60 23 0.58
60 24 0.22
25 60 0.18
27 60 0.08
30 60 0.16
31 60 0.08
32 60 0.09
41 60 0.12
42 60 0.08
60 52 0.15
60 56 0.19
79 60 3.0E-4
3 61 0.18
4 61 0.08
10 61 0.14
11 61 0.17
12 61 0.16
61 19 0.5
25 61 0.1
32 61 0.16
38 61 0.41
52 61 0.17
79 61 3.0E-4
62 2 0.09
62 3 0.2
62 4 0.12
62 5 0.4
62 9 0.31
62 10 0.16
62 11 0.06
62 12 0.06
62 13 0.23
62 14 0.04
62 15 0.21
62 16 0.36
62 19 0.19
62 25 0.28
62 27 0.24
62 30 0.21
62 31 0.16
62 32 0.18
62 33 0.08
62 34 0.08
62 38 0.31
62 39 0.1
62 41 0.39
62 42 0.11
62 43 0.15
62 44 0.11
62 51 0.13
62 52 0.26
62 56 0.19
62 59 0.17
62 60 0.11
62 61 0.19
62 79 3.0E-4
63 3 0.25
63 4 0.11
63 9 0.58
63 13 0.29
63 15 0.27
63 25 0.07
63 27 0.1
63 30 0.19
63 31 0.2
63 32 0.23
63 34 0.3
63 39 0.38
63 41 0.15
63 42 0.2
63 62 0.27
63 79 5.0E-4
64 3 0.1
64 4 0.27
64 8 0.17
64 9 0.24
64 10 0.08
64 13 0.12
64 14 0.06
64 15 0.11
64 25 0.18
64 27 0.21
64 28 0.15
64 30 0.16
64 31 0.17
64 32 0.28
64 34 0.37
64 39 0.31
64 41 0.24
64 42 0.17
64 44 0.17
64 52 0.05
64 56 0.19
64 59 0.13
64 62 0.11
64 63 0.41
64 79 2.0E-4
3 65 0.25
4 65 0.05
6 65 0.25
8 65 0.1
10 65 0.3
12 65 0.23
14 65 0.07
25 65 0.15
27 65 0.05
31 65 0.1
33 65 0.3
40 65 0.41
41 65 0.15
44 65 0.2
48 65 0.13
49 65 0.25
51 65 0.25
52 65 0.12
54 65 0.2
55 65 0.5
59 65 0.16
79 65 2.0E-4
66 1 0.33
2 66 0.17
3 66 0.13
4 66 0.06
66 7 0.26
8 66 0.05
9 66 0.15
66 10 0.1
66 11 0.13
12 66 0.06
14 66 0.11
15 66 0.14
66 19 0.18
24 66 0.07
25 66 0.28
27 66 0.18
66 28 0.1
30 66 0.15
32 66 0.18
33 66 0.08
34 66 0.08
66 38 0.15
41 66 0.27
42 66 0.16
44 66 0.11
66 46 0.08
52 66 0.25
59 66 0.04
60 66 0.11
66 61 0.18
62 66 0.14
79 66 1.0E-4
2 67 0.33
10 67 0.2
11 67 0.24
14 67 0.14
20 67 0.58
25 67 0.07
26 67 0.5
27 67 0.1
28 67 0.38
33 67 0.3
50 67 0.45
52 67 0.12
55 67 0.33
59 67 0.16
79 67 7.0E-4
68 3 0.13
68 4 0.25
68 5 0.28
68 9 0.29
68 10 0.1
68 13 0.29
68 14 0.07
68 15 0.33
68 16 0.22
68 24 0.07
68 25 0.29
68 27 0.28
68 30 0.14
68 31 0.26
68 32 0.23
68 33 0.15
68 34 0.23
68 39 0.09
68 41 0.26
68 42 0.15
68 44 0.1
68 51 0.25
68 52 0.18
68 55 0.08
68 56 0.29
68 62 0.27
68 63 0.25
68 64 0.1
68 79 1.0E-4
2 69 0.24
10 69 0.14
11 69 0.17
14 69 0.1
20 69 0.41
25 69 0.1
26 69 0.35
27 69 0.14
28 69 0.27
33 69 0.21
46 69 0.22
47 69 0.32
48 69 0.18
50 69 0.32
52 69 0.08
55 69 0.24
59 69 0.11
69 67 0.71
79 69 4.0E-4
70 11 0.24
14 70 0.14
24 70 0.27
25 70 0.07
70 29 1.0
33 70 0.3
35 70 0.58
70 37 1.0
70 55 0.33
56 70 0.24
70 57 1.0
70 58 1.0
79 70 0.0012
2 71 0.19
3 71 0.14
4 71 0.13
8 71 0.12
10 71 0.12
11 71 0.14
12 71 0.13
14 71 0.16
24 71 0.15
25 71 0.13
71 26 0.29
27 71 0.12
31 71 0.12
42 71 0.24
43 71 0.67
44 71 0.24
50 71 0.26
52 71 0.14
53 71 0.26
55 71 0.19
59 71 0.19
79 71 8.0E-4
4 72 0.11
72 8 0.1
72 12 0.23
72 14 0.27
25 72 0.15
27 72 0.1
30 72 0.19
72 33 0.15
72 40 0.2
41 72 0.07
72 49 0.25
52 72 0.12
72 54 0.2
72 55 0.17
72 59 0.08
72 65 0.25
79 72 5.0E-4
4 73 0.11
10 73 0.2
14 73 0.14
25 73 0.07
79 73 0.0010
4 74 0.26
5 74 0.13
6 74 0.17
8 74 0.07
10 74 0.07
11 74 0.16
14 74 0.23
25 74 0.22
27 74 0.17
28 74 0.13
30 74 0.06
32 74 0.31
34 74 0.4
39 74 0.13
40 74 0.14
41 74 0.15
42 74 0.07
74 45 0.24
74 46 0.11
74 47 0.15
74 49 0.17
52 74 0.04
54 74 0.14
56 74 0.24
59 74 0.05
64 74 0.27
79 74 1.0E-4
5 75 0.38
6 75 0.5
11 75 0.24
25 75 0.07
75 45 0.71
75 46 0.32
75 47 0.45
75 49 0.5
54 75 0.41
75 74 0.33
79 75 6.0E-4
4 76 0.11
10 76 0.2
14 76 0.14
25 76 0.07
76 73 1.0
79 76 0.0010
77 1 0.18
3 77 0.14
77 11 0.28
14 77 0.08
77 17 0.41
77 18 0.58
77 21 0.58
77 22 0.58
77 23 0.41
24 77 0.31
25 77 0.13
27 77 0.06
77 29 0.58
30 77 0.11
31 77 0.12
33 77 0.17
35 77 0.33
77 37 0.58
41 77 0.09
52 77 0.07
77 55 0.19
56 77 0.14
77 57 0.58
77 58 0.58
60 77 0.24
77 70 0.58
79 77 0.0017
4 78 0.09
8 78 0.17
78 10 0.16
12 78 0.19
14 78 0.28
24 78 0.11
25 78 0.18
27 78 0.17
30 78 0.08
33 78 0.12
35 78 0.24
43 78 0.24
78 44 0.17
48 78 0.11
52 78 0.1
53 78 0.18
56 78 0.1
59 78 0.13
78 71 0.24
72 78 0.2
79 78 2.0E-4
