*Vertices  76
1 "LCD显示屏"
2 "衬底"
3 "LED灯"
4 "滤波片"
5 "光纤"
6 "荧光粉"
7 "整流器"
8 "发光荧光材料"
9 "III-V族半导体材料"
10 "GAN"
11 "次氯酸钠溶液"
12 "保护层"
13 "PD"
14 "活性层"
15 "蓝膜"
16 "变压器"
17 "蒸镀方法"
18 "EP"
19 "LED外延片"
20 "外延片"
21 "LED"
22 "二极管"
23 "掩膜"
24 "玻璃"
25 "通道"
26 "LED光源"
27 "塑料"
28 "腐蚀液"
29 "铝基板"
30 "基板"
31 "缓冲层"
32 "内量子效率"
33 "滤光片"
34 "光刻胶"
35 "填充区域"
36 "SiO2"
37 "半导体"
38 "Al2O3"
39 "GaAs"
40 "MQW"
41 "ESD"
42 "ITO"
43 "键合"
44 "光子晶体"
45 "太阳能"
46 "LED芯片"
47 "芯片"
48 "金属层"
49 "电流扩展层"
50 "去离子水"
51 "Li"
52 "离子"
53 "电极"
54 "接触层"
55 "电阻"
56 "基色"
57 "光子晶体谐振腔"
58 "丙酮"
59 "激光"
60 "粘附层"
61 "真空吸盘"
62 "MOCVD"
63 "标准芯片工艺制作"
64 "湿法刻蚀"
65 "干法刻蚀"
66 "湿法腐蚀"
67 "空穴"
68 "屏幕"
69 "透镜"
70 "透明导电层"
71 "反射层"
72 "发光层"
73 "甲基"
74 "激发光"
75 "电流阻挡层"
76 "外延"
*Arcs
76 1 0.0
2 1 0.08
76 2 0.0041
3 1 0.04
3 2 0.03
3 76 0.0
2 4 0.32
76 4 6.0E-4
2 5 0.17
5 4 0.53
76 5 2.0E-4
6 2 0.13
6 3 0.13
6 76 1.0E-4
7 2 0.07
3 7 0.22
7 76 0.0
8 2 0.18
8 3 0.21
8 6 0.54
8 76 4.0E-4
2 9 0.32
9 4 1.0
5 9 0.53
76 9 6.0E-4
10 1 0.12
10 2 0.65
3 10 0.04
10 4 0.5
10 5 0.27
6 10 0.1
7 10 0.1
10 9 0.5
76 10 0.0020
2 11 0.32
76 11 5.0E-4
2 12 0.23
3 12 0.11
6 12 0.14
7 12 0.14
8 12 0.13
10 12 0.18
76 12 3.0E-4
2 13 0.21
13 4 0.63
13 5 0.68
13 9 0.63
10 13 0.32
76 13 3.0E-4
2 14 0.23
8 14 0.27
12 14 0.5
76 14 2.0E-4
2 15 0.32
76 15 1.0E-4
16 2 0.05
3 16 0.26
6 16 0.06
16 7 0.68
16 10 0.08
16 12 0.11
16 76 0.0
2 17 0.32
8 17 0.38
76 17 4.0E-4
18 2 0.12
3 18 0.12
6 18 0.39
18 7 0.08
8 18 0.29
18 11 0.19
18 12 0.13
18 15 0.19
18 16 0.11
18 76 1.0E-4
19 1 0.12
19 2 0.65
3 19 0.04
6 19 0.1
7 19 0.1
19 10 0.75
19 12 0.18
16 19 0.08
76 19 0.0018
20 1 0.09
20 2 0.83
3 20 0.03
20 4 0.39
20 5 0.21
6 20 0.08
7 20 0.08
8 20 0.15
20 9 0.39
20 10 0.78
20 11 0.2
20 12 0.14
20 13 0.25
16 20 0.06
20 17 0.39
18 20 0.07
20 19 0.78
76 20 0.0033
21 1 0.22
21 2 0.32
21 3 0.67
21 4 0.1
21 5 0.19
21 6 0.25
21 7 0.25
21 8 0.28
21 9 0.1
21 10 0.21
21 11 0.1
21 12 0.15
21 13 0.16
21 14 0.07
21 15 0.1
21 16 0.34
21 17 0.1
21 18 0.28
21 19 0.21
21 20 0.27
21 76 6.0E-4
22 1 0.14
22 2 0.37
22 3 0.32
22 4 0.14
22 5 0.23
22 6 0.23
22 7 0.35
22 8 0.33
22 9 0.14
22 10 0.25
22 11 0.14
22 12 0.1
22 13 0.18
22 14 0.1
22 15 0.14
22 16 0.39
22 17 0.14
22 18 0.22
22 19 0.22
22 20 0.31
22 21 0.72
22 76 8.0E-4
2 23 0.23
3 23 0.11
7 23 0.29
10 23 0.35
12 23 0.5
16 23 0.21
19 23 0.35
20 23 0.28
21 23 0.07
22 23 0.1
76 23 3.0E-4
24 2 0.13
24 3 0.27
24 4 0.27
24 5 0.29
24 6 0.11
24 8 0.1
24 9 0.27
24 10 0.14
24 11 0.14
24 13 0.34
24 16 0.08
24 18 0.21
24 20 0.16
24 21 0.38
24 22 0.27
24 76 1.0E-4
25 2 0.2
3 25 0.22
25 4 0.2
25 5 0.11
25 9 0.2
25 10 0.31
25 13 0.13
25 19 0.2
25 20 0.24
21 25 0.25
22 25 0.23
24 25 0.11
25 76 2.0E-4
26 1 0.07
26 2 0.09
26 3 0.36
26 4 0.29
26 5 0.15
26 6 0.24
26 7 0.06
26 8 0.16
26 9 0.29
26 10 0.14
26 13 0.18
26 16 0.09
26 18 0.22
26 20 0.11
26 21 0.36
26 22 0.29
26 24 0.24
26 25 0.18
26 76 1.0E-4
27 2 0.05
27 3 0.28
27 5 0.17
27 6 0.2
27 8 0.18
27 11 0.16
27 13 0.21
27 16 0.05
27 18 0.06
27 20 0.06
27 21 0.32
27 22 0.28
27 24 0.35
27 25 0.13
27 26 0.14
27 76 0.0
2 28 0.56
3 28 0.04
7 28 0.12
10 28 0.14
28 11 0.58
12 28 0.2
28 15 0.29
16 28 0.09
18 28 0.22
19 28 0.29
20 28 0.34
21 28 0.18
22 28 0.25
28 23 0.41
24 28 0.08
27 28 0.09
76 28 0.0010
29 2 0.07
29 3 0.3
29 6 0.17
29 8 0.08
29 11 0.21
29 12 0.15
29 16 0.13
29 18 0.16
29 20 0.08
29 21 0.24
29 22 0.24
29 24 0.12
29 25 0.26
29 26 0.18
29 27 0.35
29 28 0.12
29 76 0.0
2 30 0.08
3 30 0.27
6 30 0.1
7 30 0.31
16 30 0.23
21 30 0.21
22 30 0.14
25 30 0.2
26 30 0.07
76 30 0.0
31 1 0.12
31 2 0.65
6 31 0.1
8 31 0.19
31 10 0.63
31 17 0.5
31 19 0.75
31 20 0.78
21 31 0.21
22 31 0.22
31 25 0.2
31 76 0.0018
2 32 0.32
6 32 0.2
10 32 0.25
19 32 0.5
20 32 0.39
21 32 0.1
22 32 0.07
31 32 0.5
76 32 4.0E-4
1 33 0.15
2 33 0.21
33 4 0.63
33 5 0.68
33 9 0.63
10 33 0.32
33 13 0.6
20 33 0.25
21 33 0.16
22 33 0.23
24 33 0.26
25 33 0.13
26 33 0.27
27 33 0.1
76 33 3.0E-4
2 34 0.46
3 34 0.05
7 34 0.14
10 34 0.18
34 11 0.35
12 34 0.25
16 34 0.11
18 34 0.13
19 34 0.35
20 34 0.42
21 34 0.15
22 34 0.2
34 23 0.5
24 34 0.1
27 34 0.11
28 34 0.82
29 34 0.15
76 34 8.0E-4
2 35 0.23
11 35 0.71
18 35 0.27
20 35 0.28
21 35 0.07
22 35 0.1
24 35 0.19
27 35 0.23
28 35 0.41
29 35 0.3
34 35 0.5
76 35 3.0E-4
36 2 0.38
3 36 0.12
36 4 0.39
36 5 0.21
6 36 0.32
36 7 0.08
8 36 0.52
36 9 0.39
36 10 0.29
36 12 0.14
36 13 0.25
36 15 0.2
36 16 0.06
36 17 0.2
36 18 0.3
36 19 0.2
36 20 0.38
21 36 0.27
22 36 0.31
36 23 0.28
24 36 0.16
36 25 0.08
26 36 0.11
27 36 0.19
36 28 0.34
36 31 0.1
36 33 0.25
36 34 0.28
36 76 9.0E-4
37 1 0.05
37 2 0.64
37 3 0.29
37 4 0.21
37 5 0.17
37 6 0.34
37 7 0.17
37 8 0.43
37 9 0.21
37 10 0.42
37 11 0.21
37 12 0.15
37 13 0.2
37 14 0.15
37 15 0.21
37 16 0.19
37 17 0.21
37 18 0.28
37 19 0.42
37 20 0.53
37 21 0.5
37 22 0.55
37 23 0.15
37 24 0.23
37 25 0.17
37 26 0.3
37 27 0.24
37 28 0.36
37 29 0.27
37 30 0.1
37 31 0.42
37 32 0.21
37 33 0.13
37 34 0.29
37 35 0.15
37 36 0.41
37 76 0.0021
38 1 0.08
38 2 0.72
3 38 0.08
38 4 0.34
38 5 0.18
6 38 0.35
38 7 0.07
8 38 0.45
38 9 0.34
38 10 0.69
38 12 0.24
38 13 0.22
38 14 0.24
38 16 0.05
38 17 0.34
18 38 0.06
38 19 0.6
38 20 0.74
21 38 0.3
22 38 0.34
38 23 0.24
24 38 0.09
38 25 0.21
26 38 0.1
27 38 0.11
38 28 0.1
38 30 0.09
38 31 0.69
38 32 0.34
38 33 0.22
38 34 0.12
36 38 0.54
37 38 0.57
38 76 0.0029
2 39 0.61
3 39 0.04
39 4 0.47
39 5 0.25
6 39 0.1
8 39 0.18
39 9 0.47
10 39 0.24
39 11 0.47
39 13 0.3
15 39 0.24
39 17 0.24
18 39 0.09
20 39 0.37
21 39 0.22
22 39 0.27
24 39 0.19
25 39 0.1
26 39 0.14
27 39 0.08
28 39 0.41
29 39 0.1
39 30 0.12
31 39 0.12
39 33 0.3
39 34 0.33
39 35 0.33
36 39 0.37
37 39 0.44
38 39 0.4
76 39 0.0020
40 1 0.09
40 2 0.64
3 40 0.09
40 4 0.39
40 5 0.21
6 40 0.16
7 40 0.16
8 40 0.15
40 9 0.39
40 10 0.78
40 11 0.2
40 12 0.14
40 13 0.25
16 40 0.12
18 40 0.22
40 19 0.69
40 20 0.77
21 40 0.27
22 40 0.31
40 23 0.28
24 40 0.21
40 25 0.24
26 40 0.23
27 40 0.06
40 28 0.23
29 40 0.08
40 31 0.59
40 32 0.39
40 33 0.25
40 34 0.28
40 35 0.28
36 40 0.31
37 40 0.53
38 40 0.67
40 39 0.37
40 76 0.0024
41 2 0.41
41 10 0.47
41 19 0.63
41 20 0.5
21 41 0.16
22 41 0.14
41 25 0.26
41 31 0.63
41 32 0.32
37 41 0.26
38 41 0.43
41 40 0.5
41 76 7.0E-4
42 1 0.19
2 42 0.66
3 42 0.06
42 4 0.41
42 5 0.22
6 42 0.08
7 42 0.08
8 42 0.23
42 9 0.41
10 42 0.61
42 12 0.29
42 13 0.26
42 14 0.29
16 42 0.06
42 17 0.2
19 42 0.61
20 42 0.72
21 42 0.25
22 42 0.26
42 23 0.29
24 42 0.11
25 42 0.08
26 42 0.12
42 28 0.24
31 42 0.51
42 32 0.41
42 33 0.26
42 34 0.29
36 42 0.4
37 42 0.47
38 42 0.7
42 39 0.29
40 42 0.64
41 42 0.26
76 42 0.0025
2 43 0.26
3 43 0.04
43 5 0.14
6 43 0.22
8 43 0.2
43 11 0.27
43 12 0.19
43 13 0.17
43 17 0.27
18 43 0.1
20 43 0.1
21 43 0.19
22 43 0.19
24 43 0.07
27 43 0.09
43 28 0.15
29 43 0.11
43 30 0.13
31 43 0.13
43 33 0.17
36 43 0.21
37 43 0.28
38 43 0.28
43 39 0.5
40 43 0.1
42 43 0.11
76 43 5.0E-4
2 44 0.32
44 4 1.0
5 44 0.53
44 9 1.0
10 44 0.5
13 44 0.63
20 44 0.39
21 44 0.1
22 44 0.14
24 44 0.27
25 44 0.2
26 44 0.29
33 44 0.63
36 44 0.39
37 44 0.21
38 44 0.34
39 44 0.47
40 44 0.39
42 44 0.41
76 44 6.0E-4
2 45 0.07
3 45 0.14
5 45 0.12
6 45 0.09
10 45 0.11
16 45 0.07
19 45 0.11
20 45 0.09
21 45 0.23
22 45 0.13
24 45 0.12
25 45 0.09
31 45 0.11
37 45 0.05
38 45 0.08
40 45 0.09
41 45 0.14
76 45 0.0
46 1 0.07
46 2 0.5
3 46 0.19
6 46 0.31
46 7 0.13
8 46 0.17
46 10 0.39
46 11 0.15
46 12 0.22
46 15 0.15
46 16 0.09
18 46 0.29
46 19 0.54
46 20 0.48
21 46 0.34
22 46 0.33
46 23 0.22
24 46 0.08
46 25 0.31
26 46 0.18
27 46 0.1
46 28 0.36
29 46 0.26
46 30 0.23
46 31 0.39
46 32 0.15
46 34 0.33
46 35 0.22
36 46 0.24
37 46 0.51
38 46 0.42
46 39 0.15
46 40 0.54
46 41 0.39
46 42 0.31
46 43 0.25
46 45 0.07
46 76 0.0011
47 1 0.24
47 2 0.49
3 47 0.3
47 4 0.17
47 5 0.09
6 47 0.35
47 7 0.14
8 47 0.35
47 9 0.17
47 10 0.34
47 11 0.17
47 12 0.12
47 13 0.11
47 15 0.17
47 16 0.18
47 17 0.17
47 18 0.35
47 19 0.34
47 20 0.43
21 47 0.62
22 47 0.58
47 23 0.12
24 47 0.21
47 25 0.24
26 47 0.22
27 47 0.11
47 28 0.29
29 47 0.22
47 30 0.13
47 31 0.34
47 32 0.17
47 33 0.16
47 34 0.24
47 35 0.12
47 36 0.4
37 47 0.6
47 38 0.46
47 39 0.36
47 40 0.43
47 41 0.27
47 42 0.38
47 43 0.27
47 44 0.17
47 45 0.08
47 46 0.55
47 76 0.0013
2 48 0.41
3 48 0.05
48 4 0.63
5 48 0.34
8 48 0.24
48 9 0.63
10 48 0.32
12 48 0.22
13 48 0.4
48 14 0.45
19 48 0.16
20 48 0.37
21 48 0.16
22 48 0.23
24 48 0.17
25 48 0.13
26 48 0.18
28 48 0.18
33 48 0.4
34 48 0.22
36 48 0.5
37 48 0.33
38 48 0.43
39 48 0.45
40 48 0.37
42 48 0.65
43 48 0.17
48 44 0.63
46 48 0.1
47 48 0.21
76 48 0.0012
2 49 0.57
3 49 0.08
49 4 0.5
49 5 0.27
7 49 0.1
8 49 0.09
49 9 0.5
10 49 0.38
49 11 0.5
12 49 0.18
49 13 0.32
49 15 0.5
16 49 0.08
18 49 0.19
19 49 0.13
20 49 0.39
21 49 0.21
22 49 0.29
49 23 0.35
24 49 0.2
25 49 0.1
26 49 0.14
27 49 0.08
49 28 0.58
29 49 0.11
49 33 0.32
49 34 0.35
49 35 0.35
36 49 0.49
37 49 0.42
38 49 0.34
49 39 0.71
40 49 0.49
42 49 0.41
43 49 0.27
49 44 0.5
46 49 0.23
47 49 0.34
49 48 0.47
76 49 0.0016
50 2 0.21
3 50 0.05
8 50 0.12
50 15 0.32
50 18 0.36
21 50 0.16
22 50 0.14
50 28 0.37
50 34 0.22
50 36 0.25
37 50 0.2
50 39 0.15
50 46 0.1
50 47 0.21
50 49 0.16
50 76 1.0E-4
51 2 0.16
3 51 0.26
51 4 0.33
51 5 0.18
6 51 0.27
8 51 0.31
51 9 0.33
51 10 0.25
51 13 0.21
51 16 0.05
51 18 0.25
51 19 0.08
51 20 0.2
21 51 0.31
22 51 0.36
24 51 0.23
51 25 0.2
26 51 0.24
27 51 0.27
29 51 0.36
51 31 0.08
51 32 0.17
51 33 0.21
51 36 0.33
37 51 0.38
51 38 0.29
51 39 0.16
51 40 0.26
51 41 0.11
51 42 0.2
51 44 0.33
51 46 0.21
51 47 0.31
51 48 0.21
51 49 0.17
51 50 0.11
51 76 2.0E-4
52 1 0.15
52 2 0.32
3 52 0.13
52 4 0.32
52 5 0.17
6 52 0.13
8 52 0.18
52 9 0.32
52 10 0.16
52 11 0.32
52 13 0.21
52 15 0.16
52 16 0.1
52 18 0.49
52 20 0.19
21 52 0.32
22 52 0.26
24 52 0.35
52 25 0.07
26 52 0.19
27 52 0.05
52 28 0.37
29 52 0.07
52 33 0.21
52 34 0.23
52 35 0.23
52 36 0.32
37 52 0.34
52 38 0.11
52 39 0.38
52 40 0.25
52 42 0.13
52 43 0.09
52 44 0.32
52 46 0.15
52 47 0.33
52 48 0.21
52 49 0.41
52 50 0.51
52 51 0.27
52 76 4.0E-4
53 1 0.11
53 2 0.72
3 53 0.16
53 4 0.23
53 5 0.12
6 53 0.09
53 7 0.33
8 53 0.22
53 9 0.23
53 10 0.46
53 11 0.23
53 12 0.16
53 13 0.15
53 14 0.16
53 15 0.23
53 16 0.39
53 17 0.23
18 53 0.13
53 19 0.46
53 20 0.59
21 53 0.45
22 53 0.55
53 23 0.16
24 53 0.13
53 25 0.19
26 53 0.1
27 53 0.04
53 28 0.4
29 53 0.1
53 30 0.06
53 31 0.46
53 32 0.23
53 33 0.15
53 34 0.33
53 35 0.16
36 53 0.32
37 53 0.56
38 53 0.56
53 39 0.49
53 40 0.55
53 41 0.29
53 42 0.57
53 43 0.25
53 44 0.23
53 45 0.05
46 53 0.39
47 53 0.57
53 48 0.37
53 49 0.46
50 53 0.15
51 53 0.12
52 53 0.23
53 76 0.0025
54 1 0.13
54 2 0.61
3 54 0.04
6 54 0.11
7 54 0.11
54 10 0.8
54 12 0.19
16 54 0.08
54 19 0.94
54 20 0.73
21 54 0.19
22 54 0.19
54 23 0.38
54 25 0.22
54 28 0.15
54 31 0.8
54 32 0.53
54 34 0.19
36 54 0.1
37 54 0.39
38 54 0.64
54 40 0.73
54 41 0.68
54 42 0.55
54 45 0.12
46 54 0.49
47 54 0.32
54 49 0.13
51 54 0.09
53 54 0.43
54 76 0.0016
55 1 0.16
55 2 0.11
3 55 0.3
55 4 0.11
55 5 0.06
6 55 0.05
55 7 0.56
8 55 0.04
55 9 0.11
55 10 0.17
55 12 0.08
55 13 0.07
55 16 0.55
18 55 0.09
55 19 0.11
55 20 0.13
21 55 0.45
22 55 0.51
55 23 0.16
24 55 0.09
55 25 0.19
26 55 0.1
55 28 0.07
29 55 0.05
55 30 0.23
55 31 0.06
55 32 0.11
55 33 0.15
55 34 0.08
36 55 0.09
37 55 0.19
38 55 0.12
55 39 0.05
55 40 0.18
55 41 0.07
55 42 0.14
55 44 0.11
55 45 0.05
46 55 0.11
47 55 0.47
55 48 0.07
55 49 0.11
51 55 0.11
52 55 0.04
55 53 0.51
55 54 0.12
55 76 1.0E-4
56 2 0.09
3 56 0.04
6 56 0.24
8 56 0.22
56 18 0.22
21 56 0.18
22 56 0.08
24 56 0.16
26 56 0.08
27 56 0.09
56 30 0.14
56 36 0.23
37 56 0.12
56 38 0.1
56 39 0.14
56 40 0.11
56 43 0.15
56 46 0.18
56 47 0.15
56 50 0.18
56 51 0.19
56 52 0.19
56 53 0.07
56 76 0.0
2 57 0.32
57 4 1.0
5 57 0.53
57 9 1.0
10 57 0.5
13 57 0.63
20 57 0.39
21 57 0.1
22 57 0.14
24 57 0.27
25 57 0.2
26 57 0.29
33 57 0.63
36 57 0.39
37 57 0.21
38 57 0.34
39 57 0.47
40 57 0.39
42 57 0.41
57 44 1.0
47 57 0.17
48 57 0.63
49 57 0.5
51 57 0.33
52 57 0.32
53 57 0.23
55 57 0.11
76 57 6.0E-4
58 2 0.19
3 58 0.04
8 58 0.11
58 11 0.29
58 15 0.29
58 16 0.09
58 18 0.65
58 20 0.11
21 58 0.18
22 58 0.17
24 58 0.24
26 58 0.08
27 58 0.09
58 28 0.33
29 58 0.12
58 34 0.2
58 35 0.41
58 36 0.23
37 58 0.18
58 39 0.14
58 40 0.11
58 46 0.18
58 47 0.24
58 49 0.29
58 50 0.55
58 51 0.19
58 52 0.56
58 53 0.13
58 56 0.17
58 76 1.0E-4
59 1 0.09
59 2 0.37
59 3 0.12
59 4 0.38
59 5 0.4
59 6 0.23
59 7 0.08
59 8 0.21
59 9 0.38
59 10 0.38
59 12 0.27
59 13 0.36
59 14 0.27
59 16 0.06
59 19 0.19
59 20 0.3
59 21 0.28
59 22 0.24
59 23 0.27
59 24 0.21
59 25 0.08
59 26 0.16
59 27 0.18
59 28 0.11
59 29 0.08
59 30 0.09
59 31 0.09
59 32 0.19
59 33 0.36
59 34 0.13
59 36 0.3
59 37 0.39
59 38 0.45
59 39 0.36
59 40 0.37
59 42 0.46
59 43 0.2
59 44 0.38
59 46 0.12
59 47 0.26
59 48 0.48
59 49 0.38
59 51 0.19
59 52 0.12
59 53 0.31
59 54 0.2
59 55 0.17
59 56 0.11
59 57 0.38
59 76 9.0E-4
2 60 0.23
8 60 0.27
12 60 0.5
60 14 1.0
21 60 0.07
22 60 0.1
37 60 0.15
38 60 0.24
42 60 0.29
48 60 0.45
53 60 0.16
59 60 0.27
76 60 2.0E-4
2 61 0.23
61 11 0.71
21 61 0.07
22 61 0.1
28 61 0.41
37 61 0.15
39 61 0.33
43 61 0.38
47 61 0.12
49 61 0.35
52 61 0.23
53 61 0.16
76 61 2.0E-4
62 1 0.1
62 2 0.73
3 62 0.03
62 4 0.41
62 5 0.22
6 62 0.08
8 62 0.23
62 9 0.41
62 10 0.71
62 11 0.2
62 13 0.26
62 17 0.41
18 62 0.08
62 19 0.61
62 20 0.88
21 62 0.25
22 62 0.29
24 62 0.17
62 25 0.25
26 62 0.12
27 62 0.07
62 28 0.12
29 62 0.09
62 31 0.82
62 32 0.41
62 33 0.26
62 34 0.14
62 35 0.29
36 62 0.32
37 62 0.51
38 62 0.77
62 39 0.48
62 40 0.8
62 41 0.52
62 42 0.67
62 43 0.22
62 44 0.41
62 45 0.09
46 62 0.38
47 62 0.41
62 48 0.39
62 49 0.41
51 62 0.2
52 62 0.2
53 62 0.57
62 54 0.65
55 62 0.09
62 57 0.41
58 62 0.12
59 62 0.31
62 76 0.0029
63 1 0.15
63 2 0.51
6 63 0.13
63 10 0.63
63 19 0.79
63 20 0.62
21 63 0.16
22 63 0.14
63 25 0.13
63 31 0.79
63 32 0.63
37 63 0.33
38 63 0.54
63 40 0.62
63 41 0.6
63 42 0.52
46 63 0.39
47 63 0.27
51 63 0.11
53 63 0.37
63 54 0.85
55 63 0.07
59 63 0.12
63 62 0.65
63 76 0.0011
2 64 0.46
64 4 0.71
64 5 0.38
8 64 0.13
64 9 0.71
10 64 0.35
64 13 0.45
64 17 0.35
19 64 0.18
20 64 0.55
21 64 0.15
22 64 0.2
24 64 0.19
25 64 0.14
26 64 0.2
28 64 0.2
31 64 0.18
64 33 0.45
64 34 0.25
36 64 0.55
37 64 0.29
38 64 0.36
64 39 0.5
40 64 0.28
42 64 0.43
43 64 0.19
64 44 0.71
46 64 0.11
47 64 0.24
64 48 0.67
49 64 0.35
51 64 0.24
52 64 0.23
53 64 0.33
55 64 0.08
64 57 0.71
59 64 0.27
62 64 0.43
76 64 0.0011
2 65 0.51
65 4 0.63
65 5 0.34
6 65 0.13
8 65 0.24
65 9 0.63
10 65 0.32
65 13 0.4
65 17 0.63
20 65 0.5
21 65 0.16
22 65 0.18
24 65 0.17
25 65 0.13
26 65 0.18
65 30 0.16
31 65 0.32
65 33 0.4
36 65 0.37
37 65 0.33
38 65 0.54
65 39 0.6
40 65 0.25
42 65 0.39
43 65 0.34
65 44 0.63
46 65 0.1
47 65 0.27
65 48 0.4
49 65 0.32
51 65 0.21
52 65 0.21
53 65 0.37
55 65 0.07
56 65 0.18
65 57 0.63
59 65 0.36
62 65 0.52
65 64 0.67
76 65 0.0012
2 66 0.32
3 66 0.08
7 66 0.2
10 66 0.25
66 11 0.5
12 66 0.35
16 66 0.15
19 66 0.25
20 66 0.2
21 66 0.1
22 66 0.14
66 23 0.71
28 66 0.58
34 66 0.35
36 66 0.2
37 66 0.21
38 66 0.17
39 66 0.24
40 66 0.2
42 66 0.2
43 66 0.27
46 66 0.15
47 66 0.17
49 66 0.5
52 66 0.16
53 66 0.23
54 66 0.27
55 66 0.11
59 66 0.19
66 61 0.71
76 66 5.0E-4
67 1 0.13
2 67 0.26
3 67 0.17
6 67 0.11
7 67 0.11
10 67 0.4
16 67 0.16
18 67 0.1
19 67 0.4
20 67 0.31
21 67 0.19
22 67 0.23
25 67 0.11
26 67 0.08
27 67 0.26
29 67 0.34
31 67 0.4
67 32 0.27
37 67 0.39
38 67 0.28
40 67 0.42
41 67 0.17
67 42 0.33
46 67 0.25
47 67 0.18
51 67 0.36
53 67 0.25
54 67 0.43
55 67 0.12
59 67 0.1
62 67 0.33
63 67 0.51
76 67 3.0E-4
1 68 0.17
2 68 0.36
3 68 0.06
7 68 0.07
8 68 0.14
10 68 0.18
68 11 0.18
16 68 0.06
68 17 0.37
18 68 0.07
19 68 0.27
20 68 0.43
21 68 0.28
22 68 0.18
24 68 0.15
25 68 0.07
27 68 0.18
28 68 0.21
29 68 0.08
31 68 0.37
68 34 0.26
68 35 0.26
36 68 0.21
37 68 0.27
38 68 0.25
68 39 0.17
40 68 0.21
41 68 0.23
42 68 0.22
43 68 0.1
68 45 0.08
46 68 0.23
47 68 0.25
68 48 0.12
49 68 0.09
52 68 0.12
53 68 0.3
54 68 0.2
55 68 0.04
56 68 0.11
58 68 0.11
59 68 0.14
62 68 0.37
63 68 0.12
68 64 0.26
68 65 0.23
67 68 0.1
76 68 6.0E-4
69 2 0.06
69 3 0.25
69 4 0.18
69 5 0.28
69 6 0.29
69 8 0.33
69 9 0.18
69 10 0.09
69 13 0.22
69 18 0.07
69 20 0.07
69 21 0.29
69 22 0.28
69 24 0.14
69 25 0.14
69 26 0.26
69 27 0.23
69 29 0.23
69 30 0.09
69 33 0.22
69 36 0.21
69 37 0.26
69 38 0.18
69 39 0.08
69 40 0.07
69 42 0.07
69 44 0.18
69 46 0.22
69 47 0.18
69 48 0.11
69 49 0.09
69 50 0.11
69 51 0.29
69 52 0.11
69 53 0.04
69 57 0.18
69 58 0.1
69 59 0.27
69 62 0.07
69 64 0.13
69 65 0.11
69 76 0.0
2 70 0.23
8 70 0.27
12 70 0.5
70 14 1.0
21 70 0.07
22 70 0.1
37 70 0.15
38 70 0.24
42 70 0.29
48 70 0.45
53 70 0.16
59 70 0.27
70 60 1.0
76 70 2.0E-4
2 71 0.52
6 71 0.11
8 71 0.3
71 11 0.27
12 71 0.19
71 14 0.38
71 17 0.53
18 71 0.1
19 71 0.13
20 71 0.42
21 71 0.19
22 71 0.19
24 71 0.15
27 71 0.17
28 71 0.31
29 71 0.11
71 30 0.13
31 71 0.27
71 34 0.38
71 35 0.38
36 71 0.31
37 71 0.33
38 71 0.37
71 39 0.38
40 71 0.1
42 71 0.33
43 71 0.29
46 71 0.25
47 71 0.23
71 48 0.34
49 71 0.13
52 71 0.09
53 71 0.37
56 71 0.31
58 71 0.15
59 71 0.2
71 60 0.38
62 71 0.33
71 64 0.38
71 65 0.51
71 68 0.49
71 70 0.38
76 71 0.0012
72 1 0.13
2 72 0.61
8 72 0.2
10 72 0.13
72 11 0.53
72 15 0.53
72 17 0.53
18 72 0.2
19 72 0.13
20 72 0.42
21 72 0.19
22 72 0.27
24 72 0.07
27 72 0.09
72 28 0.46
29 72 0.11
31 72 0.4
72 34 0.19
72 35 0.38
36 72 0.21
37 72 0.39
38 72 0.28
72 39 0.5
40 72 0.21
72 42 0.22
72 43 0.29
46 72 0.25
47 72 0.32
72 49 0.53
50 72 0.17
52 72 0.26
53 72 0.43
54 72 0.14
58 72 0.31
72 61 0.38
62 72 0.44
63 72 0.17
72 64 0.19
72 65 0.34
72 66 0.27
72 67 0.14
72 68 0.29
72 71 0.43
76 72 0.0013
73 1 0.1
73 2 0.33
3 73 0.06
6 73 0.33
8 73 0.23
73 10 0.41
16 73 0.06
18 73 0.23
73 19 0.51
73 20 0.4
21 73 0.25
22 73 0.23
24 73 0.11
73 25 0.08
26 73 0.12
27 73 0.13
73 31 0.51
73 32 0.41
36 73 0.16
37 73 0.38
38 73 0.49
73 40 0.4
73 41 0.39
73 42 0.33
73 45 0.09
46 73 0.38
47 73 0.38
50 73 0.26
51 73 0.27
52 73 0.26
53 73 0.24
73 54 0.55
55 73 0.05
58 73 0.35
59 73 0.08
73 62 0.42
73 63 0.52
73 67 0.33
73 68 0.15
69 73 0.29
73 72 0.11
73 76 6.0E-4
74 2 0.15
3 74 0.07
74 4 0.47
74 5 0.5
6 74 0.38
8 74 0.45
74 9 0.47
74 10 0.24
74 13 0.45
74 18 0.27
74 20 0.18
21 74 0.22
22 74 0.27
24 74 0.26
74 25 0.1
26 74 0.2
27 74 0.23
74 33 0.6
74 36 0.55
37 74 0.25
74 38 0.32
74 39 0.22
74 40 0.28
74 42 0.19
74 43 0.13
74 44 0.47
74 46 0.15
74 47 0.28
74 48 0.3
74 49 0.24
74 50 0.15
74 51 0.47
74 52 0.38
74 53 0.11
74 55 0.05
74 56 0.27
74 57 0.47
74 58 0.14
59 74 0.27
74 62 0.19
74 64 0.33
74 65 0.3
69 74 0.33
74 73 0.19
74 76 2.0E-4
2 75 0.32
8 75 0.19
15 75 0.5
75 17 0.5
20 75 0.2
21 75 0.1
22 75 0.14
31 75 0.25
36 75 0.2
37 75 0.21
38 75 0.17
75 39 0.47
43 75 0.27
47 75 0.17
49 75 0.25
53 75 0.23
62 75 0.2
75 64 0.35
75 65 0.32
75 68 0.18
75 71 0.27
72 75 0.53
76 75 4.0E-4
