*Vertices  68
1 "LCD显示屏"
2 "衬底"
3 "LED灯"
4 "滤波片"
5 "光纤"
6 "荧光粉"
7 "整流器"
8 "发光荧光材料"
9 "III-V族半导体材料"
10 "GAN"
11 "次氯酸钠溶液"
12 "保护层"
13 "PD"
14 "变压器"
15 "蒸镀方法"
16 "EP"
17 "LED外延片"
18 "外延"
19 "LED"
20 "二极管"
21 "掩膜"
22 "玻璃"
23 "通道"
24 "LED光源"
25 "塑料"
26 "腐蚀液"
27 "铝基板"
28 "缓冲层"
29 "内量子效率"
30 "滤光片"
31 "光刻胶"
32 "填充区域"
33 "SiO2"
34 "半导体"
35 "Al2O3"
36 "GaAs"
37 "MQW"
38 "ESD"
39 "ITO"
40 "键合"
41 "光子晶体"
42 "太阳能"
43 "LED芯片"
44 "芯片"
45 "金属层"
46 "电流扩展层"
47 "Li"
48 "离子"
49 "电极"
50 "接触层"
51 "电阻"
52 "光子晶体谐振腔"
53 "丙酮"
54 "激光"
55 "MOCVD"
56 "标准芯片工艺制作"
57 "湿法刻蚀"
58 "干法刻蚀"
59 "湿法腐蚀"
60 "空穴"
61 "屏幕"
62 "透镜"
63 "反射层"
64 "发光层"
65 "甲基"
66 "激发光"
67 "电流阻挡层"
68 "外延片"
*Arcs
68 1 1.0E-4
2 1 0.08
68 2 0.0038
3 1 0.04
3 2 0.03
3 68 0.0
2 4 0.32
68 4 9.0E-4
2 5 0.17
5 4 0.53
68 5 3.0E-4
6 2 0.13
6 3 0.13
6 68 1.0E-4
7 2 0.07
3 7 0.22
7 68 0.0
8 2 0.18
8 3 0.21
8 6 0.54
8 68 2.0E-4
2 9 0.32
9 4 1.0
5 9 0.53
68 9 9.0E-4
10 1 0.12
10 2 0.65
3 10 0.04
10 4 0.5
10 5 0.27
6 10 0.1
7 10 0.1
10 9 0.5
68 10 0.0030
2 11 0.32
68 11 3.0E-4
2 12 0.23
3 12 0.11
6 12 0.14
7 12 0.14
8 12 0.13
10 12 0.18
68 12 1.0E-4
2 13 0.21
13 4 0.63
13 5 0.68
13 9 0.63
10 13 0.32
68 13 4.0E-4
14 2 0.05
3 14 0.26
6 14 0.06
14 7 0.68
14 10 0.08
14 12 0.11
14 68 0.0
2 15 0.32
8 15 0.38
68 15 6.0E-4
16 2 0.12
3 16 0.12
6 16 0.39
16 7 0.08
8 16 0.29
16 11 0.19
16 12 0.13
16 14 0.11
16 68 1.0E-4
17 1 0.12
17 2 0.65
3 17 0.04
6 17 0.1
7 17 0.1
17 10 0.75
17 12 0.18
14 17 0.08
68 17 0.0028
18 1 0.08
18 2 0.95
3 18 0.05
18 4 0.32
18 5 0.17
6 18 0.13
7 18 0.07
8 18 0.25
18 9 0.32
18 10 0.65
18 11 0.32
18 12 0.23
18 13 0.21
14 18 0.05
18 15 0.32
16 18 0.06
18 17 0.65
18 68 0.0038
19 1 0.22
19 2 0.32
19 3 0.67
19 4 0.1
19 5 0.19
19 6 0.25
19 7 0.25
19 8 0.28
19 9 0.1
19 10 0.21
19 11 0.1
19 12 0.15
19 13 0.16
19 14 0.34
19 15 0.1
19 16 0.28
19 17 0.21
19 18 0.32
19 68 6.0E-4
20 1 0.14
20 2 0.37
20 3 0.32
20 4 0.14
20 5 0.23
20 6 0.23
20 7 0.35
20 8 0.33
20 9 0.14
20 10 0.25
20 11 0.14
20 12 0.1
20 13 0.18
20 14 0.39
20 15 0.14
20 16 0.22
20 17 0.22
20 18 0.37
20 19 0.72
20 68 7.0E-4
2 21 0.23
3 21 0.11
7 21 0.29
10 21 0.35
12 21 0.5
14 21 0.21
17 21 0.35
18 21 0.23
19 21 0.07
20 21 0.1
68 21 4.0E-4
22 2 0.13
22 3 0.27
22 4 0.27
22 5 0.29
22 6 0.11
22 8 0.1
22 9 0.27
22 10 0.14
22 11 0.14
22 13 0.34
22 14 0.08
22 16 0.21
22 18 0.13
22 19 0.38
22 20 0.27
22 68 2.0E-4
23 2 0.2
3 23 0.22
23 4 0.2
23 5 0.11
23 9 0.2
23 10 0.31
23 13 0.13
23 17 0.2
23 18 0.2
19 23 0.25
20 23 0.23
22 23 0.11
23 68 3.0E-4
24 1 0.07
24 2 0.09
24 3 0.36
24 4 0.29
24 5 0.15
24 6 0.24
24 7 0.06
24 8 0.16
24 9 0.29
24 10 0.14
24 13 0.18
24 14 0.09
24 16 0.22
24 18 0.09
24 19 0.36
24 20 0.29
24 22 0.24
24 23 0.18
24 68 1.0E-4
25 2 0.05
25 3 0.28
25 5 0.17
25 6 0.2
25 8 0.18
25 11 0.16
25 13 0.21
25 14 0.05
25 16 0.06
25 18 0.05
25 19 0.32
25 20 0.28
25 22 0.35
25 23 0.13
25 24 0.14
25 68 0.0
2 26 0.56
3 26 0.04
7 26 0.12
10 26 0.14
26 11 0.58
12 26 0.2
14 26 0.09
16 26 0.22
17 26 0.29
18 26 0.47
19 26 0.18
20 26 0.25
26 21 0.41
22 26 0.08
25 26 0.09
68 26 7.0E-4
27 2 0.07
27 3 0.3
27 6 0.17
27 8 0.08
27 11 0.21
27 12 0.15
27 14 0.13
27 16 0.16
27 18 0.07
27 19 0.24
27 20 0.24
27 22 0.12
27 23 0.26
27 24 0.18
27 25 0.35
27 26 0.12
27 68 1.0E-4
28 1 0.12
28 2 0.65
6 28 0.1
8 28 0.19
28 10 0.63
28 15 0.5
28 17 0.75
28 18 0.65
19 28 0.21
20 28 0.22
28 23 0.2
28 68 0.0028
2 29 0.32
6 29 0.2
10 29 0.25
17 29 0.5
18 29 0.32
19 29 0.1
20 29 0.07
28 29 0.5
68 29 7.0E-4
1 30 0.15
2 30 0.21
30 4 0.63
30 5 0.68
30 9 0.63
10 30 0.32
30 13 0.6
18 30 0.21
19 30 0.16
20 30 0.23
22 30 0.26
23 30 0.13
24 30 0.27
25 30 0.1
68 30 4.0E-4
2 31 0.46
3 31 0.05
7 31 0.14
10 31 0.18
31 11 0.35
12 31 0.25
14 31 0.11
16 31 0.13
17 31 0.35
18 31 0.46
19 31 0.15
20 31 0.2
31 21 0.5
22 31 0.1
25 31 0.11
26 31 0.82
27 31 0.15
68 31 8.0E-4
2 32 0.23
11 32 0.71
16 32 0.27
18 32 0.23
19 32 0.07
20 32 0.1
22 32 0.19
25 32 0.23
26 32 0.41
27 32 0.3
31 32 0.5
68 32 3.0E-4
33 2 0.38
3 33 0.12
33 4 0.39
33 5 0.21
6 33 0.32
33 7 0.08
8 33 0.52
33 9 0.39
33 10 0.29
33 12 0.14
33 13 0.25
33 14 0.06
33 15 0.2
33 16 0.3
33 17 0.2
33 18 0.38
19 33 0.27
20 33 0.31
33 21 0.28
22 33 0.16
33 23 0.08
24 33 0.11
25 33 0.19
33 26 0.34
33 28 0.1
33 30 0.25
33 31 0.28
33 68 9.0E-4
34 1 0.05
34 2 0.64
34 3 0.29
34 4 0.21
34 5 0.17
34 6 0.34
34 7 0.17
34 8 0.43
34 9 0.21
34 10 0.42
34 11 0.21
34 12 0.15
34 13 0.2
34 14 0.19
34 15 0.21
34 16 0.28
34 17 0.42
34 18 0.64
34 19 0.5
34 20 0.55
34 21 0.15
34 22 0.23
34 23 0.17
34 24 0.3
34 25 0.24
34 26 0.36
34 27 0.27
34 28 0.42
34 29 0.21
34 30 0.13
34 31 0.29
34 32 0.15
34 33 0.41
34 68 0.0018
35 1 0.08
35 2 0.72
3 35 0.08
35 4 0.34
35 5 0.18
6 35 0.35
35 7 0.07
8 35 0.45
35 9 0.34
35 10 0.69
35 12 0.24
35 13 0.22
35 14 0.05
35 15 0.34
16 35 0.06
35 17 0.6
35 18 0.78
19 35 0.3
20 35 0.34
35 21 0.24
22 35 0.09
35 23 0.21
24 35 0.1
25 35 0.11
35 26 0.1
35 28 0.69
35 29 0.34
35 30 0.22
35 31 0.12
33 35 0.54
34 35 0.57
35 68 0.0031
2 36 0.61
3 36 0.04
36 4 0.47
36 5 0.25
6 36 0.1
8 36 0.18
36 9 0.47
10 36 0.24
36 11 0.47
36 13 0.3
36 15 0.24
16 36 0.09
18 36 0.69
19 36 0.22
20 36 0.27
22 36 0.19
23 36 0.1
24 36 0.14
25 36 0.08
26 36 0.41
27 36 0.1
28 36 0.12
36 30 0.3
36 31 0.33
36 32 0.33
33 36 0.37
34 36 0.44
35 36 0.4
68 36 0.0011
37 1 0.09
37 2 0.64
3 37 0.09
37 4 0.39
37 5 0.21
6 37 0.16
7 37 0.16
8 37 0.15
37 9 0.39
37 10 0.78
37 11 0.2
37 12 0.14
37 13 0.25
14 37 0.12
16 37 0.22
37 17 0.69
37 18 0.7
19 37 0.27
20 37 0.31
37 21 0.28
22 37 0.21
37 23 0.24
24 37 0.23
25 37 0.06
37 26 0.23
27 37 0.08
37 28 0.59
37 29 0.39
37 30 0.25
37 31 0.28
37 32 0.28
33 37 0.31
34 37 0.53
35 37 0.67
37 36 0.37
37 68 0.0032
38 2 0.41
38 10 0.47
38 17 0.63
38 18 0.41
19 38 0.16
20 38 0.14
38 23 0.26
38 28 0.63
38 29 0.32
34 38 0.26
35 38 0.43
38 37 0.5
38 68 0.0011
39 1 0.19
2 39 0.66
3 39 0.06
39 4 0.41
39 5 0.22
6 39 0.08
7 39 0.08
8 39 0.23
39 9 0.41
10 39 0.61
39 12 0.29
39 13 0.26
14 39 0.06
39 15 0.2
17 39 0.61
18 39 0.73
19 39 0.25
20 39 0.26
39 21 0.29
22 39 0.11
23 39 0.08
24 39 0.12
39 26 0.24
28 39 0.51
39 29 0.41
39 30 0.26
39 31 0.29
33 39 0.4
34 39 0.47
35 39 0.7
39 36 0.29
37 39 0.64
38 39 0.26
68 39 0.0028
2 40 0.26
3 40 0.04
40 5 0.14
6 40 0.22
8 40 0.2
40 11 0.27
40 12 0.19
40 13 0.17
40 15 0.27
16 40 0.1
18 40 0.35
19 40 0.19
20 40 0.19
22 40 0.07
25 40 0.09
40 26 0.15
27 40 0.11
28 40 0.13
40 30 0.17
33 40 0.21
34 40 0.28
35 40 0.28
40 36 0.5
37 40 0.1
39 40 0.11
68 40 1.0E-4
2 41 0.32
41 4 1.0
5 41 0.53
41 9 1.0
10 41 0.5
13 41 0.63
18 41 0.32
19 41 0.1
20 41 0.14
22 41 0.27
23 41 0.2
24 41 0.29
30 41 0.63
33 41 0.39
34 41 0.21
35 41 0.34
36 41 0.47
37 41 0.39
39 41 0.41
68 41 9.0E-4
2 42 0.07
3 42 0.14
5 42 0.12
6 42 0.09
10 42 0.11
14 42 0.07
17 42 0.11
18 42 0.07
19 42 0.23
20 42 0.13
22 42 0.12
23 42 0.09
28 42 0.11
34 42 0.05
35 42 0.08
37 42 0.09
38 42 0.14
68 42 0.0
43 1 0.07
43 2 0.5
3 43 0.19
6 43 0.31
43 7 0.13
8 43 0.17
43 10 0.39
43 11 0.15
43 12 0.22
43 14 0.09
16 43 0.29
43 17 0.54
43 18 0.45
19 43 0.34
20 43 0.33
43 21 0.22
22 43 0.08
43 23 0.31
24 43 0.18
25 43 0.1
43 26 0.36
27 43 0.26
43 28 0.39
43 29 0.15
43 31 0.33
43 32 0.22
33 43 0.24
34 43 0.51
35 43 0.42
43 36 0.15
43 37 0.54
43 38 0.39
43 39 0.31
43 40 0.25
43 42 0.07
43 68 0.0013
44 1 0.24
44 2 0.49
3 44 0.3
44 4 0.17
44 5 0.09
6 44 0.35
44 7 0.14
8 44 0.35
44 9 0.17
44 10 0.34
44 11 0.17
44 12 0.12
44 13 0.11
44 14 0.18
44 15 0.17
44 16 0.35
44 17 0.34
44 18 0.49
19 44 0.62
20 44 0.58
44 21 0.12
22 44 0.21
44 23 0.24
24 44 0.22
25 44 0.11
44 26 0.29
27 44 0.22
44 28 0.34
44 29 0.17
44 30 0.16
44 31 0.24
44 32 0.12
44 33 0.4
34 44 0.6
44 35 0.46
44 36 0.36
44 37 0.43
44 38 0.27
44 39 0.38
44 40 0.27
44 41 0.17
44 42 0.08
44 43 0.55
44 68 0.0013
2 45 0.41
3 45 0.05
45 4 0.63
5 45 0.34
8 45 0.24
45 9 0.63
10 45 0.32
12 45 0.22
13 45 0.4
17 45 0.16
18 45 0.51
19 45 0.16
20 45 0.23
22 45 0.17
23 45 0.13
24 45 0.18
26 45 0.18
30 45 0.4
31 45 0.22
33 45 0.5
34 45 0.33
35 45 0.43
36 45 0.45
37 45 0.37
39 45 0.65
40 45 0.17
45 41 0.63
43 45 0.1
44 45 0.21
68 45 9.0E-4
2 46 0.57
3 46 0.08
46 4 0.5
46 5 0.27
7 46 0.1
8 46 0.09
46 9 0.5
10 46 0.38
46 11 0.5
12 46 0.18
46 13 0.32
14 46 0.08
16 46 0.19
17 46 0.13
18 46 0.57
19 46 0.21
20 46 0.29
46 21 0.35
22 46 0.2
23 46 0.1
24 46 0.14
25 46 0.08
46 26 0.58
27 46 0.11
46 30 0.32
46 31 0.35
46 32 0.35
33 46 0.49
34 46 0.42
35 46 0.34
46 36 0.71
37 46 0.49
39 46 0.41
40 46 0.27
46 41 0.5
43 46 0.23
44 46 0.34
46 45 0.47
68 46 0.0011
47 2 0.16
3 47 0.26
47 4 0.33
47 5 0.18
6 47 0.27
8 47 0.31
47 9 0.33
47 10 0.25
47 13 0.21
47 14 0.05
47 16 0.25
47 17 0.08
47 18 0.16
19 47 0.31
20 47 0.36
22 47 0.23
47 23 0.2
24 47 0.24
25 47 0.27
27 47 0.36
47 28 0.08
47 29 0.17
47 30 0.21
47 33 0.33
34 47 0.38
47 35 0.29
47 36 0.16
47 37 0.26
47 38 0.11
47 39 0.2
47 41 0.33
47 43 0.21
47 44 0.31
47 45 0.21
47 46 0.17
47 68 3.0E-4
48 1 0.15
48 2 0.32
3 48 0.13
48 4 0.32
48 5 0.17
6 48 0.13
8 48 0.18
48 9 0.32
48 10 0.16
48 11 0.32
48 13 0.21
48 14 0.1
48 16 0.49
48 18 0.26
19 48 0.32
20 48 0.26
22 48 0.35
48 23 0.07
24 48 0.19
25 48 0.05
48 26 0.37
27 48 0.07
48 30 0.21
48 31 0.23
48 32 0.23
48 33 0.32
34 48 0.34
48 35 0.11
48 36 0.38
48 37 0.25
48 39 0.13
48 40 0.09
48 41 0.32
48 43 0.15
48 44 0.33
48 45 0.21
48 46 0.41
48 47 0.27
48 68 3.0E-4
49 1 0.11
49 2 0.72
3 49 0.16
49 4 0.23
49 5 0.12
6 49 0.09
49 7 0.33
8 49 0.22
49 9 0.23
49 10 0.46
49 11 0.23
49 12 0.16
49 13 0.15
49 14 0.39
49 15 0.23
16 49 0.13
49 17 0.46
49 18 0.72
19 49 0.45
20 49 0.55
49 21 0.16
22 49 0.13
49 23 0.19
24 49 0.1
25 49 0.04
49 26 0.4
27 49 0.1
49 28 0.46
49 29 0.23
49 30 0.15
49 31 0.33
49 32 0.16
33 49 0.32
34 49 0.56
35 49 0.56
49 36 0.49
49 37 0.55
49 38 0.29
49 39 0.57
49 40 0.25
49 41 0.23
49 42 0.05
43 49 0.39
44 49 0.57
49 45 0.37
49 46 0.46
47 49 0.12
48 49 0.23
49 68 0.0021
50 1 0.13
50 2 0.61
3 50 0.04
6 50 0.11
7 50 0.11
50 10 0.8
50 12 0.19
14 50 0.08
50 17 0.94
50 18 0.61
19 50 0.19
20 50 0.19
50 21 0.38
50 23 0.22
50 26 0.15
50 28 0.8
50 29 0.53
50 31 0.19
33 50 0.1
34 50 0.39
35 50 0.64
50 37 0.73
50 38 0.68
50 39 0.55
50 42 0.12
43 50 0.49
44 50 0.32
50 46 0.13
47 50 0.09
49 50 0.43
50 68 0.0025
51 1 0.16
51 2 0.11
3 51 0.3
51 4 0.11
51 5 0.06
6 51 0.05
51 7 0.56
8 51 0.04
51 9 0.11
51 10 0.17
51 12 0.08
51 13 0.07
51 14 0.55
16 51 0.09
51 17 0.11
51 18 0.11
19 51 0.45
20 51 0.51
51 21 0.16
22 51 0.09
51 23 0.19
24 51 0.1
51 26 0.07
27 51 0.05
51 28 0.06
51 29 0.11
51 30 0.15
51 31 0.08
33 51 0.09
34 51 0.19
35 51 0.12
51 36 0.05
51 37 0.18
51 38 0.07
51 39 0.14
51 41 0.11
51 42 0.05
43 51 0.11
44 51 0.47
51 45 0.07
51 46 0.11
47 51 0.11
48 51 0.04
51 49 0.51
51 50 0.12
51 68 1.0E-4
2 52 0.32
52 4 1.0
5 52 0.53
52 9 1.0
10 52 0.5
13 52 0.63
18 52 0.32
19 52 0.1
20 52 0.14
22 52 0.27
23 52 0.2
24 52 0.29
30 52 0.63
33 52 0.39
34 52 0.21
35 52 0.34
36 52 0.47
37 52 0.39
39 52 0.41
52 41 1.0
44 52 0.17
45 52 0.63
46 52 0.5
47 52 0.33
48 52 0.32
49 52 0.23
51 52 0.11
68 52 9.0E-4
53 2 0.19
3 53 0.04
8 53 0.11
53 11 0.29
53 14 0.09
53 16 0.65
53 18 0.09
19 53 0.18
20 53 0.17
22 53 0.24
24 53 0.08
25 53 0.09
53 26 0.33
27 53 0.12
53 31 0.2
53 32 0.41
53 33 0.23
34 53 0.18
53 36 0.14
53 37 0.11
53 43 0.18
53 44 0.24
53 46 0.29
53 47 0.19
53 48 0.56
53 49 0.13
53 68 1.0E-4
54 1 0.09
54 2 0.37
54 3 0.12
54 4 0.38
54 5 0.4
54 6 0.23
54 7 0.08
54 8 0.21
54 9 0.38
54 10 0.38
54 12 0.27
54 13 0.36
54 14 0.06
54 17 0.19
54 18 0.43
54 19 0.28
54 20 0.24
54 21 0.27
54 22 0.21
54 23 0.08
54 24 0.16
54 25 0.18
54 26 0.11
54 27 0.08
54 28 0.09
54 29 0.19
54 30 0.36
54 31 0.13
54 33 0.3
54 34 0.39
54 35 0.45
54 36 0.36
54 37 0.37
54 39 0.46
54 40 0.2
54 41 0.38
54 43 0.12
54 44 0.26
54 45 0.48
54 46 0.38
54 47 0.19
54 48 0.12
54 49 0.31
54 50 0.2
54 51 0.17
54 52 0.38
54 68 7.0E-4
55 1 0.1
55 2 0.73
3 55 0.03
55 4 0.41
55 5 0.22
6 55 0.08
8 55 0.23
55 9 0.41
55 10 0.71
55 11 0.2
55 13 0.26
55 15 0.41
16 55 0.08
55 17 0.61
55 18 0.79
19 55 0.25
20 55 0.29
22 55 0.17
55 23 0.25
24 55 0.12
25 55 0.07
55 26 0.12
27 55 0.09
55 28 0.82
55 29 0.41
55 30 0.26
55 31 0.14
55 32 0.29
33 55 0.32
34 55 0.51
35 55 0.77
55 36 0.48
55 37 0.8
55 38 0.52
55 39 0.67
55 40 0.22
55 41 0.41
55 42 0.09
43 55 0.38
44 55 0.41
55 45 0.39
55 46 0.41
47 55 0.2
48 55 0.2
49 55 0.57
55 50 0.65
51 55 0.09
55 52 0.41
53 55 0.12
54 55 0.31
55 68 0.0039
56 1 0.15
56 2 0.51
6 56 0.13
56 10 0.63
56 17 0.79
56 18 0.51
19 56 0.16
20 56 0.14
56 23 0.13
56 28 0.79
56 29 0.63
34 56 0.33
35 56 0.54
56 37 0.62
56 38 0.6
56 39 0.52
43 56 0.39
44 56 0.27
47 56 0.11
49 56 0.37
56 50 0.85
51 56 0.07
54 56 0.12
56 55 0.65
56 68 0.0018
2 57 0.46
57 4 0.71
57 5 0.38
8 57 0.13
57 9 0.71
10 57 0.35
57 13 0.45
57 15 0.35
17 57 0.18
18 57 0.46
19 57 0.15
20 57 0.2
22 57 0.19
23 57 0.14
24 57 0.2
26 57 0.2
28 57 0.18
57 30 0.45
57 31 0.25
33 57 0.55
34 57 0.29
35 57 0.36
57 36 0.5
37 57 0.28
39 57 0.43
40 57 0.19
57 41 0.71
43 57 0.11
44 57 0.24
57 45 0.67
46 57 0.35
47 57 0.24
48 57 0.23
49 57 0.33
51 57 0.08
57 52 0.71
54 57 0.27
55 57 0.43
68 57 0.0015
2 58 0.51
58 4 0.63
58 5 0.34
6 58 0.13
8 58 0.24
58 9 0.63
10 58 0.32
58 13 0.4
58 15 0.63
18 58 0.51
19 58 0.16
20 58 0.18
22 58 0.17
23 58 0.13
24 58 0.18
28 58 0.32
58 30 0.4
33 58 0.37
34 58 0.33
35 58 0.54
58 36 0.6
37 58 0.25
39 58 0.39
40 58 0.34
58 41 0.63
43 58 0.1
44 58 0.27
58 45 0.4
46 58 0.32
47 58 0.21
48 58 0.21
49 58 0.37
51 58 0.07
58 52 0.63
54 58 0.36
55 58 0.52
58 57 0.67
68 58 0.0014
2 59 0.32
3 59 0.08
7 59 0.2
10 59 0.25
59 11 0.5
12 59 0.35
14 59 0.15
17 59 0.25
18 59 0.32
19 59 0.1
20 59 0.14
59 21 0.71
26 59 0.58
31 59 0.35
33 59 0.2
34 59 0.21
35 59 0.17
36 59 0.24
37 59 0.2
39 59 0.2
40 59 0.27
43 59 0.15
44 59 0.17
46 59 0.5
48 59 0.16
49 59 0.23
50 59 0.27
51 59 0.11
54 59 0.19
68 59 3.0E-4
60 1 0.13
2 60 0.26
3 60 0.17
6 60 0.11
7 60 0.11
10 60 0.4
14 60 0.16
16 60 0.1
17 60 0.4
18 60 0.26
19 60 0.19
20 60 0.23
23 60 0.11
24 60 0.08
25 60 0.26
27 60 0.34
28 60 0.4
60 29 0.27
34 60 0.39
35 60 0.28
37 60 0.42
38 60 0.17
60 39 0.33
43 60 0.25
44 60 0.18
47 60 0.36
49 60 0.25
50 60 0.43
51 60 0.12
54 60 0.1
55 60 0.33
56 60 0.51
68 60 5.0E-4
1 61 0.17
2 61 0.36
3 61 0.06
7 61 0.07
8 61 0.14
10 61 0.18
61 11 0.18
14 61 0.06
61 15 0.37
16 61 0.07
17 61 0.27
18 61 0.36
19 61 0.28
20 61 0.18
22 61 0.15
23 61 0.07
25 61 0.18
26 61 0.21
27 61 0.08
28 61 0.37
61 31 0.26
61 32 0.26
33 61 0.21
34 61 0.27
35 61 0.25
61 36 0.17
37 61 0.21
38 61 0.23
39 61 0.22
40 61 0.1
61 42 0.08
43 61 0.23
44 61 0.25
61 45 0.12
46 61 0.09
48 61 0.12
49 61 0.3
50 61 0.2
51 61 0.04
53 61 0.11
54 61 0.14
55 61 0.37
56 61 0.12
61 57 0.26
61 58 0.23
60 61 0.1
68 61 9.0E-4
62 2 0.06
62 3 0.25
62 4 0.18
62 5 0.28
62 6 0.29
62 8 0.33
62 9 0.18
62 10 0.09
62 13 0.22
62 16 0.07
62 18 0.06
62 19 0.29
62 20 0.28
62 22 0.14
62 23 0.14
62 24 0.26
62 25 0.23
62 27 0.23
62 30 0.22
62 33 0.21
62 34 0.26
62 35 0.18
62 36 0.08
62 37 0.07
62 39 0.07
62 41 0.18
62 43 0.22
62 44 0.18
62 45 0.11
62 46 0.09
62 47 0.29
62 48 0.11
62 49 0.04
62 52 0.18
62 53 0.1
62 54 0.27
62 55 0.07
62 57 0.13
62 58 0.11
62 68 1.0E-4
2 63 0.52
6 63 0.11
8 63 0.3
63 11 0.27
12 63 0.19
63 15 0.53
16 63 0.1
17 63 0.13
18 63 0.52
19 63 0.19
20 63 0.19
22 63 0.15
25 63 0.17
26 63 0.31
27 63 0.11
28 63 0.27
63 31 0.38
63 32 0.38
33 63 0.31
34 63 0.33
35 63 0.37
63 36 0.38
37 63 0.1
39 63 0.33
40 63 0.29
43 63 0.25
44 63 0.23
63 45 0.34
46 63 0.13
48 63 0.09
49 63 0.37
53 63 0.15
54 63 0.2
55 63 0.33
63 57 0.38
63 58 0.51
63 61 0.49
68 63 9.0E-4
64 1 0.13
2 64 0.61
8 64 0.2
10 64 0.13
64 11 0.53
64 15 0.53
16 64 0.2
17 64 0.13
18 64 0.52
19 64 0.19
20 64 0.27
22 64 0.07
25 64 0.09
64 26 0.46
27 64 0.11
28 64 0.4
64 31 0.19
64 32 0.38
33 64 0.21
34 64 0.39
35 64 0.28
64 36 0.5
37 64 0.21
64 39 0.22
64 40 0.29
43 64 0.25
44 64 0.32
64 46 0.53
48 64 0.26
49 64 0.43
50 64 0.14
53 64 0.31
55 64 0.44
56 64 0.17
64 57 0.19
64 58 0.34
64 59 0.27
64 60 0.14
64 61 0.29
64 63 0.43
68 64 0.0010
65 1 0.1
65 2 0.33
3 65 0.06
6 65 0.33
8 65 0.23
65 10 0.41
14 65 0.06
16 65 0.23
65 17 0.51
65 18 0.33
19 65 0.25
20 65 0.23
22 65 0.11
65 23 0.08
24 65 0.12
25 65 0.13
65 28 0.51
65 29 0.41
33 65 0.16
34 65 0.38
35 65 0.49
65 37 0.4
65 38 0.39
65 39 0.33
65 42 0.09
43 65 0.38
44 65 0.38
47 65 0.27
48 65 0.26
49 65 0.24
65 50 0.55
51 65 0.05
53 65 0.35
54 65 0.08
65 55 0.42
65 56 0.52
65 60 0.33
65 61 0.15
62 65 0.29
65 64 0.11
65 68 9.0E-4
66 2 0.15
3 66 0.07
66 4 0.47
66 5 0.5
6 66 0.38
8 66 0.45
66 9 0.47
66 10 0.24
66 13 0.45
66 16 0.27
66 18 0.15
19 66 0.22
20 66 0.27
22 66 0.26
66 23 0.1
24 66 0.2
25 66 0.23
66 30 0.6
66 33 0.55
34 66 0.25
66 35 0.32
66 36 0.22
66 37 0.28
66 39 0.19
66 40 0.13
66 41 0.47
66 43 0.15
66 44 0.28
66 45 0.3
66 46 0.24
66 47 0.47
66 48 0.38
66 49 0.11
66 51 0.05
66 52 0.47
66 53 0.14
54 66 0.27
66 55 0.19
66 57 0.33
66 58 0.3
62 66 0.33
66 65 0.19
66 68 3.0E-4
2 67 0.32
8 67 0.19
67 15 0.5
18 67 0.32
19 67 0.1
20 67 0.14
28 67 0.25
33 67 0.2
34 67 0.21
35 67 0.17
67 36 0.47
40 67 0.27
44 67 0.17
46 67 0.25
49 67 0.23
55 67 0.2
67 57 0.35
67 58 0.32
67 61 0.18
67 63 0.27
64 67 0.53
68 67 2.0E-4
