*Vertices  25
1 "LED灯"
2 "光纤"
3 "探头"
4 "连接带"
5 "控制器"
6 "处理器"
7 "开关"
8 "LED"
9 "二极管"
10 "挂绳"
11 "教具"
12 "直流电机"
13 "码道"
14 "太阳能"
15 "蓄电池"
16 "充电电池"
17 "充电器"
18 "防护服"
19 "信息卡"
20 "防护罩"
21 "转子"
22 "电磁感应"
23 "发光管"
24 "光电管"
25 "太阳能电池板"
*Arcs
1 25 0.0013
2 25 0.0013
1 3 0.05
3 2 0.38
3 25 0.0022
1 4 0.05
25 4 0.0026
1 5 0.11
5 2 0.09
5 3 0.12
5 25 0.0030
6 1 0.14
6 2 0.1
6 3 0.26
6 4 0.13
6 5 0.44
6 25 8.0E-4
1 7 0.37
7 4 0.07
7 5 0.23
6 7 0.21
7 25 5.0E-4
8 1 0.67
8 2 0.19
8 3 0.15
8 4 0.15
8 5 0.3
8 6 0.28
8 7 0.54
8 25 0.0019
9 1 0.32
9 2 0.23
9 3 0.05
9 5 0.15
9 6 0.08
9 7 0.46
9 8 0.72
9 25 4.0E-4
8 10 0.07
9 10 0.1
25 10 0.0088
1 11 0.11
5 11 0.24
7 11 0.14
8 11 0.07
25 11 0.0111
1 12 0.11
5 12 0.24
7 12 0.14
8 12 0.07
12 11 1.0
25 12 0.0111
2 13 0.27
3 13 0.35
5 13 0.17
6 13 0.18
8 13 0.1
9 13 0.07
25 13 0.0039
1 14 0.14
2 14 0.12
3 14 0.16
14 4 0.16
5 14 0.23
6 14 0.08
7 14 0.17
8 14 0.23
9 14 0.13
14 10 0.32
14 11 0.32
14 12 0.32
14 13 0.22
25 14 0.0246
1 15 0.23
15 3 0.13
15 4 0.13
15 5 0.13
6 15 0.07
7 15 0.28
8 15 0.28
9 15 0.18
15 10 0.26
15 11 0.26
15 12 0.26
15 14 0.57
15 25 0.0116
1 16 0.11
2 16 0.19
3 16 0.25
5 16 0.12
6 16 0.13
7 16 0.2
8 16 0.15
9 16 0.1
16 13 0.35
16 14 0.32
16 25 0.0023
1 17 0.04
17 2 0.15
17 3 0.2
17 5 0.1
6 17 0.11
7 17 0.06
8 17 0.18
9 17 0.21
17 13 0.29
17 14 0.13
17 15 0.21
17 16 0.41
17 25 0.0016
1 18 0.11
4 18 0.5
8 18 0.07
14 18 0.32
15 18 0.26
25 18 0.0049
5 19 0.17
6 19 0.18
7 19 0.1
8 19 0.1
9 19 0.14
19 10 0.71
14 19 0.22
15 19 0.18
25 19 0.0062
8 20 0.07
9 20 0.1
20 10 1.0
14 20 0.32
15 20 0.26
19 20 0.71
25 20 0.0088
1 21 0.11
5 21 0.24
7 21 0.14
8 21 0.07
21 11 1.0
21 12 1.0
14 21 0.32
15 21 0.26
25 21 0.0111
1 22 0.08
5 22 0.17
7 22 0.1
8 22 0.1
9 22 0.07
22 11 0.71
22 12 0.71
14 22 0.22
15 22 0.18
22 21 0.71
25 22 0.0063
1 23 0.26
2 23 0.13
3 23 0.17
5 23 0.16
6 23 0.09
7 23 0.23
8 23 0.22
9 23 0.17
23 13 0.24
23 14 0.11
23 16 0.17
17 23 0.14
23 25 0.0010
2 24 0.38
3 24 0.5
5 24 0.24
6 24 0.26
8 24 0.07
24 13 0.71
24 14 0.32
24 16 0.5
17 24 0.41
24 23 0.33
24 25 0.0062
