*Vertices  58
1 "LED显示屏"
2 "衬底"
3 "LED灯"
4 "光纤"
5 "探头"
6 "连接带"
7 "电容"
8 "控制器"
9 "处理器"
10 "荧光粉"
11 "开关"
12 "GAN"
13 "变压器"
14 "太阳能吸收板"
15 "LED外延片"
16 "外延片"
17 "外延"
18 "LED"
19 "二极管"
20 "三极管"
21 "挂绳"
22 "教具"
23 "玻璃"
24 "通道"
25 "缓冲层"
26 "发电机"
27 "直流电机"
28 "半导体"
29 "电路板"
30 "Al2O3"
31 "MQW"
32 "ESD"
33 "码道"
34 "太阳能电池板"
35 "风能"
36 "蓄电池"
37 "充电电池"
38 "LED照明设备"
39 "蓄电设备"
40 "LED芯片"
41 "芯片"
42 "充电器"
43 "电极"
44 "接触层"
45 "电阻"
46 "加热管"
47 "防护服"
48 "MOCVD"
49 "太阳能电子板"
50 "屏幕"
51 "甲基"
52 "信息卡"
53 "防护罩"
54 "转子"
55 "电磁感应"
56 "发光管"
57 "光电管"
58 "太阳能"
*Arcs
58 1 0.0013
2 58 1.0E-4
3 1 0.03
3 2 0.03
3 58 8.0E-4
2 4 0.17
4 58 4.0E-4
3 5 0.05
5 4 0.38
5 58 7.0E-4
1 6 0.16
3 6 0.05
58 6 8.0E-4
3 7 0.29
7 58 1.0E-4
8 1 0.23
3 8 0.11
8 4 0.09
8 5 0.12
7 8 0.15
8 58 0.0017
9 1 0.16
9 3 0.14
9 4 0.1
9 5 0.26
9 6 0.13
9 7 0.05
9 8 0.44
9 58 3.0E-4
10 1 0.09
10 2 0.13
10 3 0.13
10 8 0.07
10 9 0.07
10 58 3.0E-4
11 1 0.04
3 11 0.37
11 6 0.07
11 7 0.42
11 8 0.23
9 11 0.21
10 11 0.08
11 58 0.0010
12 2 0.65
3 12 0.04
12 4 0.27
10 12 0.1
12 58 2.0E-4
13 1 0.07
13 2 0.05
3 13 0.26
7 13 0.52
13 8 0.1
10 13 0.06
11 13 0.29
13 12 0.08
13 58 2.0E-4
3 14 0.11
11 14 0.14
58 14 0.0014
15 2 0.65
3 15 0.04
10 15 0.1
15 12 0.75
13 15 0.08
15 58 2.0E-4
16 2 0.83
3 16 0.03
16 4 0.21
10 16 0.08
16 12 0.78
13 16 0.06
16 15 0.78
16 58 2.0E-4
17 2 0.95
3 17 0.05
17 4 0.17
10 17 0.13
17 12 0.65
13 17 0.05
17 15 0.65
17 16 0.83
17 58 1.0E-4
18 1 0.23
18 2 0.32
18 3 0.67
18 4 0.19
18 5 0.15
18 6 0.15
18 7 0.36
18 8 0.3
18 9 0.28
18 10 0.25
18 11 0.54
18 12 0.21
18 13 0.34
18 14 0.07
18 15 0.21
18 16 0.27
18 17 0.32
18 58 0.0019
19 1 0.06
19 2 0.37
19 3 0.32
19 4 0.23
19 5 0.05
19 7 0.39
19 8 0.15
19 9 0.08
19 10 0.23
19 11 0.46
19 12 0.25
19 13 0.39
19 15 0.22
19 16 0.31
19 17 0.37
19 18 0.72
19 58 6.0E-4
3 20 0.2
20 7 0.61
20 8 0.11
11 20 0.37
20 13 0.49
18 20 0.32
19 20 0.42
20 58 1.0E-4
18 21 0.07
19 21 0.1
58 21 0.0025
3 22 0.11
8 22 0.24
11 22 0.14
18 22 0.07
58 22 0.0031
23 1 0.18
23 2 0.13
23 3 0.27
23 4 0.29
23 5 0.1
23 7 0.08
23 9 0.15
23 10 0.11
23 11 0.18
23 12 0.14
23 13 0.08
23 14 0.19
23 16 0.16
23 17 0.13
23 18 0.38
23 19 0.27
23 20 0.09
23 58 6.0E-4
24 2 0.2
3 24 0.22
24 4 0.11
7 24 0.12
11 24 0.04
24 12 0.31
24 15 0.2
24 16 0.24
24 17 0.2
18 24 0.25
19 24 0.23
20 24 0.07
23 24 0.11
24 58 1.0E-4
25 2 0.65
10 25 0.1
25 12 0.63
25 15 0.75
25 16 0.78
25 17 0.65
18 25 0.21
19 25 0.22
25 24 0.2
25 58 2.0E-4
1 26 0.16
3 26 0.11
8 26 0.12
10 26 0.14
11 26 0.14
13 26 0.21
18 26 0.15
19 26 0.1
58 26 7.0E-4
3 27 0.11
8 27 0.24
11 27 0.14
18 27 0.07
27 22 1.0
58 27 0.0031
28 1 0.05
28 2 0.64
28 3 0.29
28 4 0.17
28 5 0.07
28 7 0.15
28 9 0.08
28 10 0.34
28 11 0.14
28 12 0.42
28 13 0.19
28 15 0.42
28 16 0.53
28 17 0.64
28 18 0.5
28 19 0.55
28 20 0.1
28 23 0.23
28 24 0.17
28 25 0.42
28 58 1.0E-4
29 1 0.13
29 3 0.4
29 5 0.1
29 7 0.13
29 8 0.1
29 9 0.11
29 10 0.12
29 11 0.14
29 13 0.04
29 18 0.36
29 19 0.17
29 20 0.19
29 23 0.39
29 24 0.06
29 28 0.15
29 58 1.0E-4
30 2 0.72
3 30 0.08
30 4 0.18
10 30 0.35
30 11 0.03
30 12 0.69
30 13 0.05
30 15 0.6
30 16 0.74
30 17 0.78
18 30 0.3
19 30 0.34
23 30 0.09
30 24 0.21
30 25 0.69
28 30 0.57
30 58 2.0E-4
31 2 0.64
3 31 0.09
31 4 0.21
7 31 0.06
10 31 0.16
11 31 0.04
31 12 0.78
13 31 0.12
31 15 0.69
31 16 0.77
31 17 0.7
18 31 0.27
19 31 0.31
20 31 0.06
23 31 0.21
31 24 0.24
31 25 0.59
28 31 0.53
30 31 0.67
31 58 2.0E-4
32 2 0.41
7 32 0.09
11 32 0.06
32 12 0.47
32 15 0.63
32 16 0.5
32 17 0.41
18 32 0.16
19 32 0.14
32 24 0.26
32 25 0.63
28 32 0.26
30 32 0.43
32 31 0.5
32 58 3.0E-4
4 33 0.27
5 33 0.35
8 33 0.17
9 33 0.18
18 33 0.1
19 33 0.07
58 33 0.0011
3 34 0.15
4 34 0.17
5 34 0.22
34 6 0.22
8 34 0.22
9 34 0.12
11 34 0.06
18 34 0.16
19 34 0.05
34 21 0.45
34 22 0.45
34 27 0.45
34 33 0.32
34 58 0.012
1 35 0.32
8 35 0.24
10 35 0.29
11 35 0.14
13 35 0.21
18 35 0.07
19 35 0.1
26 35 0.5
58 35 0.0020
36 1 0.16
3 36 0.23
36 5 0.13
36 6 0.13
7 36 0.11
36 8 0.13
9 36 0.07
10 36 0.07
11 36 0.28
36 13 0.28
36 14 0.26
18 36 0.28
19 36 0.18
20 36 0.18
36 21 0.26
36 22 0.26
23 36 0.1
36 26 0.26
36 27 0.26
28 36 0.11
36 34 0.46
36 35 0.26
36 58 0.0095
3 37 0.11
4 37 0.19
5 37 0.25
7 37 0.2
8 37 0.12
9 37 0.13
11 37 0.2
18 37 0.15
19 37 0.1
20 37 0.23
28 37 0.07
29 37 0.1
37 33 0.35
37 34 0.22
37 58 0.0016
1 38 0.18
3 38 0.13
8 38 0.14
10 38 0.17
11 38 0.08
13 38 0.12
18 38 0.13
19 38 0.12
24 38 0.17
26 38 0.29
38 35 0.58
36 38 0.15
58 38 8.0E-4
1 39 0.32
8 39 0.24
10 39 0.29
11 39 0.14
13 39 0.21
18 39 0.07
19 39 0.1
26 39 0.5
39 35 1.0
36 39 0.26
39 38 0.58
58 39 0.0020
40 2 0.5
3 40 0.19
40 7 0.13
10 40 0.31
40 11 0.03
40 12 0.39
40 13 0.09
40 15 0.54
40 16 0.48
40 17 0.45
18 40 0.34
19 40 0.33
40 20 0.05
23 40 0.08
40 24 0.31
40 25 0.39
28 40 0.51
29 40 0.04
30 40 0.42
40 31 0.54
40 32 0.39
40 38 0.13
40 58 1.0E-4
41 1 0.08
41 2 0.49
3 41 0.3
41 4 0.09
41 7 0.37
41 8 0.23
9 41 0.12
10 41 0.35
41 11 0.28
41 12 0.34
41 13 0.18
41 15 0.34
41 16 0.43
41 17 0.49
18 41 0.62
19 41 0.58
41 20 0.33
23 41 0.21
41 24 0.24
41 25 0.34
41 26 0.06
28 41 0.6
29 41 0.22
41 30 0.46
41 31 0.43
41 32 0.27
41 37 0.12
41 38 0.07
41 40 0.55
41 58 2.0E-4
3 42 0.04
42 4 0.15
42 5 0.2
7 42 0.17
42 8 0.1
9 42 0.11
11 42 0.06
42 13 0.26
18 42 0.18
19 42 0.21
20 42 0.47
28 42 0.06
42 33 0.29
42 34 0.18
42 36 0.21
42 37 0.41
41 42 0.1
42 58 5.0E-4
43 2 0.72
3 43 0.16
43 4 0.12
7 43 0.37
43 8 0.12
10 43 0.09
11 43 0.2
43 12 0.46
43 13 0.39
43 15 0.46
43 16 0.59
43 17 0.72
18 43 0.45
19 43 0.55
20 43 0.6
23 43 0.13
43 24 0.19
43 25 0.46
28 43 0.56
29 43 0.03
30 43 0.56
43 31 0.55
43 32 0.29
43 36 0.13
43 37 0.08
40 43 0.39
41 43 0.57
43 42 0.34
43 58 1.0E-4
44 2 0.61
3 44 0.04
10 44 0.11
44 12 0.8
13 44 0.08
44 15 0.94
44 16 0.73
44 17 0.61
18 44 0.19
19 44 0.19
44 24 0.22
44 25 0.8
28 44 0.39
30 44 0.64
44 31 0.73
44 32 0.68
40 44 0.49
41 44 0.32
43 44 0.43
44 58 3.0E-4
45 2 0.11
3 45 0.3
45 4 0.06
45 7 0.73
45 8 0.16
9 45 0.08
10 45 0.05
11 45 0.46
45 12 0.17
45 13 0.55
45 15 0.11
45 16 0.13
45 17 0.11
18 45 0.45
19 45 0.51
45 20 0.71
23 45 0.09
45 24 0.19
45 25 0.06
45 26 0.08
28 45 0.19
29 45 0.17
30 45 0.12
45 31 0.18
45 32 0.07
45 36 0.17
45 37 0.16
40 45 0.11
41 45 0.47
45 42 0.33
45 43 0.51
45 44 0.12
45 58 1.0E-4
3 46 0.08
11 46 0.19
46 14 0.71
18 46 0.1
19 46 0.07
23 46 0.14
36 46 0.18
58 46 0.0012
3 47 0.11
6 47 0.5
18 47 0.07
34 47 0.45
36 47 0.26
58 47 0.0015
48 2 0.73
3 48 0.03
48 4 0.22
10 48 0.08
48 12 0.71
48 15 0.61
48 16 0.88
48 17 0.79
18 48 0.25
19 48 0.29
23 48 0.17
48 24 0.25
48 25 0.82
28 48 0.51
30 48 0.77
48 31 0.8
48 32 0.52
40 48 0.38
41 48 0.41
43 48 0.57
48 44 0.65
45 48 0.09
48 58 2.0E-4
1 49 0.32
18 49 0.07
23 49 0.19
36 49 0.26
58 49 0.0011
50 1 0.33
2 50 0.36
3 50 0.06
50 6 0.26
7 50 0.05
50 8 0.13
9 50 0.07
11 50 0.11
12 50 0.18
13 50 0.06
15 50 0.27
16 50 0.43
17 50 0.36
18 50 0.28
19 50 0.18
20 50 0.06
23 50 0.15
24 50 0.07
25 50 0.37
28 50 0.27
29 50 0.16
30 50 0.25
31 50 0.21
32 50 0.23
40 50 0.23
41 50 0.25
43 50 0.3
44 50 0.2
45 50 0.04
48 50 0.37
50 58 1.0E-4
51 2 0.33
3 51 0.06
10 51 0.33
11 51 0.04
51 12 0.41
13 51 0.06
51 15 0.51
51 16 0.4
51 17 0.33
18 51 0.25
19 51 0.23
23 51 0.11
51 24 0.08
51 25 0.51
28 51 0.38
29 51 0.12
30 51 0.49
51 31 0.4
51 32 0.39
40 51 0.38
41 51 0.38
43 51 0.24
51 44 0.55
45 51 0.05
51 48 0.42
51 50 0.15
51 58 2.0E-4
8 52 0.17
9 52 0.18
11 52 0.1
18 52 0.1
19 52 0.14
52 21 0.71
34 52 0.32
36 52 0.18
41 52 0.08
45 52 0.11
58 52 0.0017
18 53 0.07
19 53 0.1
53 21 1.0
34 53 0.45
36 53 0.26
52 53 0.71
58 53 0.0025
3 54 0.11
8 54 0.24
11 54 0.14
18 54 0.07
54 22 1.0
54 27 1.0
34 54 0.45
36 54 0.26
58 54 0.0031
3 55 0.08
8 55 0.17
11 55 0.1
18 55 0.1
19 55 0.07
55 22 0.71
55 27 0.71
34 55 0.32
36 55 0.18
55 54 0.71
58 55 0.0017
3 56 0.26
4 56 0.13
5 56 0.17
7 56 0.07
8 56 0.16
9 56 0.09
11 56 0.23
13 56 0.21
18 56 0.22
19 56 0.17
20 56 0.08
23 56 0.06
24 56 0.1
28 56 0.15
29 56 0.07
56 33 0.24
56 34 0.15
56 37 0.17
41 56 0.04
42 56 0.14
43 56 0.05
45 56 0.05
56 58 3.0E-4
4 57 0.38
5 57 0.5
8 57 0.24
9 57 0.26
18 57 0.07
57 33 0.71
57 34 0.45
57 37 0.5
42 57 0.41
57 56 0.33
57 58 0.0019
