*Vertices  61
1 "LCD显示屏"
2 "显示器"
3 "LED灯"
4 "探头"
5 "电容"
6 "传感器"
7 "控制器"
8 "处理器"
9 "单片机"
10 "远光灯"
11 "开关"
12 "PD"
13 "模数转换集成块"
14 "变压器"
15 "定时器"
16 "EP"
17 "LED"
18 "液晶显示模块"
19 "二极管"
20 "稳压二极管"
21 "三极管"
22 "模糊增强算法"
23 "接收管"
24 "LED光源"
25 "转换器"
26 "晶体振荡器"
27 "IP软核"
28 "滤光片"
29 "发电机"
30 "放大器"
31 "半导体"
32 "电路板"
33 "GPIO"
34 "燃气涡轮"
35 "客户"
36 "摄像机"
37 "蓄电池"
38 "充电电池"
39 "锂电池"
40 "光电池"
41 "芯片"
42 "充电器"
43 "Li"
44 "电感"
45 "灰度"
46 "电极"
47 "边缘检测"
48 "电阻"
49 "脉冲信号"
50 "超声波"
51 "检测仪"
52 "检测板"
53 "读取器"
54 "透镜"
55 "信息卡"
56 "VGA"
57 "蜂鸣器"
58 "扬声器"
59 "提示仪"
60 "DMA"
61 "存储器"
*Arcs
1 61 8.0E-4
2 1 0.33
2 61 9.0E-4
3 1 0.04
3 2 0.08
3 61 1.0E-4
3 4 0.05
61 4 3.0E-4
3 5 0.29
5 61 3.0E-4
1 6 0.13
2 6 0.25
3 6 0.13
6 4 0.2
5 6 0.08
61 6 0.0018
1 7 0.24
2 7 0.24
3 7 0.11
7 4 0.12
5 7 0.15
7 6 0.19
61 7 7.0E-4
8 1 0.09
8 2 0.26
8 3 0.14
8 4 0.26
8 5 0.05
8 6 0.36
8 7 0.44
8 61 0.0018
9 1 0.08
2 9 0.52
3 9 0.13
9 5 0.19
9 6 0.28
9 7 0.17
8 9 0.24
9 61 5.0E-4
6 10 0.2
61 10 9.0E-4
11 1 0.14
2 11 0.07
3 11 0.37
11 5 0.42
11 6 0.19
11 7 0.23
8 11 0.21
11 9 0.19
11 61 0.0011
2 12 0.11
12 4 0.22
12 6 0.27
8 12 0.12
61 12 2.0E-4
3 13 0.11
5 13 0.2
11 13 0.14
61 13 0.0018
2 14 0.11
3 14 0.26
5 14 0.52
14 6 0.04
14 7 0.1
9 14 0.05
11 14 0.29
14 61 2.0E-4
1 15 0.19
3 15 0.06
6 15 0.12
7 15 0.28
8 15 0.15
11 15 0.24
61 15 5.0E-4
2 16 0.07
3 16 0.12
16 5 0.11
16 7 0.06
8 16 0.14
16 9 0.06
16 11 0.11
16 14 0.11
16 61 2.0E-4
17 1 0.22
17 2 0.29
17 3 0.67
17 4 0.15
17 5 0.36
17 6 0.37
17 7 0.3
17 8 0.28
17 9 0.32
17 10 0.07
17 11 0.54
17 12 0.16
17 13 0.07
17 14 0.34
17 15 0.13
17 16 0.28
17 61 0.0012
1 18 0.67
2 18 0.38
6 18 0.1
7 18 0.36
8 18 0.13
9 18 0.11
11 18 0.14
15 18 0.29
17 18 0.15
61 18 0.0015
19 1 0.14
19 2 0.15
19 3 0.32
19 4 0.05
19 5 0.39
19 6 0.2
19 7 0.15
19 8 0.08
19 9 0.16
19 10 0.1
19 11 0.46
19 12 0.18
19 13 0.1
19 14 0.39
19 15 0.12
19 16 0.22
19 17 0.72
19 18 0.1
19 61 7.0E-4
1 20 0.13
3 20 0.21
5 20 0.46
6 20 0.08
7 20 0.18
8 20 0.1
11 20 0.21
14 20 0.48
20 15 0.22
16 20 0.1
17 20 0.19
20 18 0.19
19 20 0.27
61 20 3.0E-4
21 1 0.08
2 21 0.06
3 21 0.2
21 5 0.61
21 6 0.05
21 7 0.11
9 21 0.16
11 21 0.37
21 13 0.23
21 14 0.49
16 21 0.06
17 21 0.32
21 18 0.11
19 21 0.42
21 20 0.26
21 61 6.0E-4
22 7 0.24
8 22 0.26
11 22 0.14
16 22 0.27
17 22 0.07
61 22 0.0019
1 23 0.19
2 23 0.14
3 23 0.13
5 23 0.24
6 23 0.12
9 23 0.13
11 23 0.24
23 13 0.58
17 23 0.13
23 18 0.29
19 23 0.18
21 23 0.4
61 23 0.0022
24 1 0.07
24 2 0.15
24 3 0.36
24 4 0.1
24 5 0.04
24 6 0.04
24 8 0.11
24 9 0.09
24 11 0.06
24 12 0.18
24 14 0.09
24 16 0.22
24 17 0.36
24 18 0.1
24 19 0.29
24 20 0.08
24 21 0.09
24 23 0.12
24 61 3.0E-4
25 1 0.2
2 25 0.15
3 25 0.1
25 4 0.15
5 25 0.25
25 6 0.3
25 7 0.22
8 25 0.16
9 25 0.14
11 25 0.25
25 12 0.27
25 13 0.3
14 25 0.06
25 15 0.17
16 25 0.08
17 25 0.24
25 18 0.15
19 25 0.21
25 20 0.11
21 25 0.14
25 22 0.3
25 23 0.17
25 61 0.0030
3 26 0.06
26 5 0.24
26 6 0.12
26 7 0.14
8 26 0.15
9 26 0.26
11 26 0.24
16 26 0.15
17 26 0.13
19 26 0.06
26 21 0.13
26 22 0.58
26 25 0.35
26 61 8.0E-4
27 7 0.24
8 27 0.26
11 27 0.14
16 27 0.27
17 27 0.07
27 22 1.0
25 27 0.3
26 27 0.58
61 27 0.0019
1 28 0.15
2 28 0.11
28 4 0.22
28 6 0.09
9 28 0.1
11 28 0.06
28 12 0.6
17 28 0.16
28 18 0.22
19 28 0.23
21 28 0.1
28 23 0.26
24 28 0.27
25 28 0.13
61 28 4.0E-4
2 29 0.13
3 29 0.11
6 29 0.1
7 29 0.12
9 29 0.11
11 29 0.14
14 29 0.21
17 29 0.15
19 29 0.1
24 29 0.1
25 29 0.15
61 29 4.0E-4
2 30 0.2
3 30 0.09
5 30 0.33
30 6 0.08
30 7 0.1
8 30 0.11
9 30 0.28
11 30 0.11
30 13 0.41
14 30 0.26
17 30 0.18
19 30 0.17
30 20 0.15
21 30 0.28
30 23 0.24
30 25 0.25
30 29 0.2
30 61 0.0013
31 1 0.05
31 2 0.11
31 3 0.29
31 4 0.07
31 5 0.15
31 6 0.06
31 8 0.08
31 9 0.03
31 11 0.14
31 12 0.2
31 13 0.15
31 14 0.19
31 16 0.28
31 17 0.5
31 19 0.55
31 20 0.06
31 21 0.1
31 23 0.09
31 24 0.3
31 25 0.13
31 28 0.13
31 30 0.12
31 61 2.0E-4
32 1 0.2
32 2 0.26
32 3 0.4
32 4 0.1
32 5 0.13
32 6 0.08
32 7 0.1
32 8 0.11
32 9 0.14
32 11 0.14
32 14 0.04
32 16 0.05
32 17 0.36
32 18 0.2
32 19 0.17
32 21 0.19
32 23 0.24
32 24 0.17
32 26 0.12
32 28 0.09
32 31 0.15
32 61 1.0E-4
33 1 0.19
2 33 0.14
3 33 0.06
5 33 0.12
8 33 0.15
9 33 0.13
11 33 0.24
16 33 0.15
17 33 0.13
33 18 0.29
19 33 0.06
21 33 0.13
33 23 0.33
24 33 0.12
33 28 0.26
31 33 0.09
32 33 0.12
33 61 5.0E-4
2 34 0.25
6 34 0.2
9 34 0.23
14 34 0.21
17 34 0.07
25 34 0.3
29 34 0.5
30 34 0.41
61 34 0.0012
35 1 0.14
2 35 0.2
3 35 0.22
35 4 0.2
5 35 0.17
35 6 0.24
8 35 0.21
11 35 0.17
16 35 0.11
17 35 0.18
19 35 0.08
21 35 0.09
35 23 0.24
24 35 0.08
25 35 0.12
31 35 0.12
32 35 0.17
33 35 0.24
35 61 3.0E-4
1 36 0.38
2 36 0.14
6 36 0.12
9 36 0.13
36 10 0.58
11 36 0.08
17 36 0.13
36 18 0.29
19 36 0.12
21 36 0.13
23 36 0.33
24 36 0.12
28 36 0.26
32 36 0.12
33 36 0.33
61 36 0.0020
3 37 0.23
37 4 0.13
5 37 0.11
37 6 0.05
37 7 0.13
8 37 0.07
11 37 0.28
37 14 0.28
17 37 0.28
19 37 0.18
21 37 0.18
24 37 0.05
37 29 0.26
31 37 0.11
37 35 0.11
37 61 1.0E-4
3 38 0.11
4 38 0.25
5 38 0.2
7 38 0.12
8 38 0.13
11 38 0.2
38 13 0.5
38 15 0.29
17 38 0.15
19 38 0.1
21 38 0.23
38 23 0.29
25 38 0.15
30 38 0.2
31 38 0.07
32 38 0.1
61 38 6.0E-4
39 1 0.15
3 39 0.1
39 5 0.18
39 6 0.18
39 7 0.22
8 39 0.23
9 39 0.1
11 39 0.12
39 14 0.1
39 15 0.26
17 39 0.16
39 18 0.22
19 39 0.18
39 20 0.17
39 21 0.31
39 25 0.13
39 26 0.26
32 39 0.18
39 61 4.0E-4
40 4 0.5
40 6 0.3
8 40 0.13
40 12 0.45
17 40 0.15
19 40 0.15
24 40 0.2
25 40 0.3
40 28 0.22
31 40 0.15
35 40 0.2
37 40 0.13
61 40 3.0E-4
41 1 0.24
2 41 0.27
3 41 0.3
41 5 0.37
41 6 0.17
41 7 0.23
8 41 0.12
41 9 0.33
41 11 0.28
41 12 0.11
41 13 0.12
41 14 0.18
41 15 0.07
41 16 0.35
17 41 0.62
41 18 0.24
19 41 0.58
41 20 0.14
41 21 0.33
41 23 0.21
24 41 0.22
41 25 0.25
41 26 0.14
41 28 0.16
41 29 0.06
41 30 0.29
31 41 0.6
32 41 0.22
41 33 0.14
41 34 0.12
41 35 0.1
41 36 0.07
41 38 0.12
41 39 0.21
41 61 7.0E-4
3 42 0.04
42 4 0.2
5 42 0.17
42 7 0.1
8 42 0.11
11 42 0.06
42 13 0.41
42 14 0.26
17 42 0.18
19 42 0.21
21 42 0.47
42 23 0.24
42 25 0.12
42 30 0.17
31 42 0.06
42 37 0.21
42 38 0.41
39 42 0.37
41 42 0.1
42 61 5.0E-4
2 43 0.06
3 43 0.26
43 5 0.05
43 6 0.05
43 7 0.06
8 43 0.06
43 9 0.05
43 11 0.13
43 12 0.21
43 14 0.05
43 16 0.25
17 43 0.31
19 43 0.36
43 22 0.24
24 43 0.24
43 25 0.21
43 26 0.27
43 27 0.24
43 28 0.21
31 43 0.38
32 43 0.14
43 35 0.1
43 41 0.31
43 61 2.0E-4
3 44 0.25
5 44 0.54
44 7 0.09
11 44 0.36
44 13 0.38
14 44 0.4
16 44 0.1
17 44 0.19
19 44 0.23
44 20 0.43
21 44 0.43
44 23 0.22
24 44 0.08
44 25 0.23
30 44 0.31
31 44 0.22
37 44 0.2
44 38 0.19
41 44 0.18
42 44 0.15
44 61 4.0E-4
45 7 0.24
8 45 0.26
11 45 0.14
16 45 0.27
17 45 0.07
45 22 1.0
25 45 0.3
26 45 0.58
45 27 1.0
43 45 0.24
45 61 0.0019
46 1 0.11
2 46 0.04
3 46 0.16
5 46 0.37
46 6 0.03
46 7 0.12
9 46 0.04
11 46 0.2
46 12 0.15
46 13 0.16
46 14 0.39
16 46 0.13
17 46 0.45
46 18 0.08
19 46 0.55
46 20 0.19
21 46 0.6
46 23 0.19
24 46 0.1
46 25 0.1
46 28 0.15
46 30 0.2
31 46 0.56
32 46 0.03
46 35 0.07
46 37 0.13
46 38 0.08
39 46 0.15
41 46 0.57
46 42 0.34
43 46 0.12
46 44 0.31
46 61 1.0E-4
47 7 0.24
8 47 0.26
11 47 0.14
16 47 0.27
17 47 0.07
47 22 1.0
25 47 0.3
26 47 0.58
47 27 1.0
43 47 0.24
47 45 1.0
47 61 0.0019
48 1 0.16
2 48 0.08
3 48 0.3
48 5 0.73
48 6 0.16
48 7 0.16
8 48 0.08
9 48 0.22
11 48 0.46
48 12 0.07
48 13 0.16
48 14 0.55
48 15 0.09
16 48 0.09
17 48 0.45
48 18 0.16
19 48 0.51
48 20 0.43
48 21 0.71
48 23 0.28
24 48 0.1
48 25 0.29
48 26 0.19
48 28 0.15
48 29 0.08
48 30 0.26
31 48 0.19
32 48 0.17
48 33 0.28
48 34 0.16
48 35 0.13
48 36 0.09
48 37 0.17
48 38 0.16
48 39 0.29
41 48 0.47
48 42 0.33
43 48 0.11
48 44 0.43
48 46 0.51
48 61 0.0011
2 49 0.13
3 49 0.11
5 49 0.1
6 49 0.1
9 49 0.23
11 49 0.14
49 13 0.5
17 49 0.15
19 49 0.15
21 49 0.23
49 23 0.29
25 49 0.15
30 49 0.2
31 49 0.07
38 49 0.25
41 49 0.18
42 49 0.2
44 49 0.19
46 49 0.16
48 49 0.16
61 49 6.0E-4
3 50 0.11
5 50 0.2
11 50 0.14
50 13 1.0
17 50 0.07
19 50 0.1
21 50 0.23
50 23 0.58
25 50 0.3
30 50 0.41
31 50 0.15
38 50 0.5
41 50 0.12
42 50 0.41
44 50 0.38
46 50 0.16
48 50 0.16
49 50 0.5
61 50 0.0018
2 51 0.25
3 51 0.05
4 51 0.25
5 51 0.1
6 51 0.3
8 51 0.13
9 51 0.23
11 51 0.07
51 13 0.5
14 51 0.11
17 51 0.15
19 51 0.05
21 51 0.11
51 23 0.29
24 51 0.1
25 51 0.3
51 29 0.25
30 51 0.41
31 51 0.15
51 34 0.5
35 51 0.2
37 51 0.13
38 51 0.25
40 51 0.25
41 51 0.12
42 51 0.2
44 51 0.19
46 51 0.08
48 51 0.16
49 51 0.25
51 50 0.5
61 51 0.0031
2 52 0.18
6 52 0.28
9 52 0.16
14 52 0.15
17 52 0.1
25 52 0.21
52 29 0.35
30 52 0.29
52 34 0.71
41 52 0.08
48 52 0.11
51 52 0.35
61 52 8.0E-4
1 53 0.33
6 53 0.2
7 53 0.24
8 53 0.26
11 53 0.14
15 53 0.58
17 53 0.07
18 53 0.5
19 53 0.1
20 53 0.38
25 53 0.3
39 53 0.45
41 53 0.12
48 53 0.16
61 53 0.0012
54 2 0.13
54 3 0.25
54 6 0.1
54 8 0.06
54 10 0.25
54 11 0.07
54 12 0.22
54 16 0.07
54 17 0.29
54 19 0.28
54 24 0.26
54 25 0.15
54 28 0.22
54 31 0.26
54 32 0.15
54 35 0.1
54 36 0.14
54 40 0.25
54 41 0.18
54 43 0.29
54 46 0.04
54 61 2.0E-4
1 55 0.24
6 55 0.14
7 55 0.17
8 55 0.18
11 55 0.1
15 55 0.41
17 55 0.1
18 55 0.35
19 55 0.14
20 55 0.27
25 55 0.21
37 55 0.18
39 55 0.32
41 55 0.08
48 55 0.11
55 53 0.71
61 55 8.0E-4
56 7 0.24
8 56 0.26
11 56 0.14
16 56 0.27
17 56 0.07
56 22 1.0
25 56 0.3
26 56 0.58
56 27 1.0
43 56 0.24
56 45 1.0
56 47 1.0
56 61 0.0019
1 57 0.19
2 57 0.14
3 57 0.13
5 57 0.12
6 57 0.12
7 57 0.14
8 57 0.3
9 57 0.13
11 57 0.16
16 57 0.15
17 57 0.13
57 18 0.29
19 57 0.12
21 57 0.13
57 23 0.33
24 57 0.12
28 57 0.26
32 57 0.24
33 57 0.67
35 57 0.24
57 36 0.33
39 57 0.26
41 57 0.14
48 57 0.19
61 57 6.0E-4
3 58 0.11
58 5 0.1
8 58 0.26
58 9 0.23
58 11 0.27
58 13 0.5
17 58 0.15
19 58 0.1
58 21 0.11
58 23 0.29
58 25 0.15
58 30 0.2
31 58 0.07
58 38 0.25
41 58 0.12
58 42 0.2
58 44 0.19
58 46 0.08
58 48 0.08
58 49 0.25
58 50 0.5
58 51 0.25
58 61 6.0E-4
3 59 0.11
5 59 0.2
11 59 0.14
59 13 1.0
17 59 0.07
19 59 0.1
21 59 0.23
59 23 0.58
25 59 0.3
30 59 0.41
31 59 0.15
38 59 0.5
41 59 0.12
42 59 0.41
44 59 0.38
46 59 0.16
48 59 0.16
49 59 0.5
59 50 1.0
51 59 0.5
58 59 0.5
61 59 0.0018
2 60 0.14
60 7 0.28
8 60 0.3
11 60 0.08
14 60 0.12
16 60 0.31
17 60 0.13
19 60 0.06
60 22 0.58
24 60 0.12
25 60 0.17
26 60 0.33
60 27 0.58
31 60 0.09
41 60 0.07
43 60 0.14
60 45 0.58
60 47 0.58
60 56 0.58
60 61 8.0E-4
