*Vertices  21
1 "LCD显示屏"
2 "LED灯"
3 "传感器"
4 "控制器"
5 "处理器"
6 "开关"
7 "圆圈基体"
8 "LED"
9 "液晶显示模块"
10 "二极管"
11 "稳压二极管"
12 "塑料"
13 "转换器"
14 "充电电池"
15 "锂电池"
16 "芯片"
17 "存储器"
18 "电阻"
19 "读取器"
20 "信息卡"
21 "定时器"
*Arcs
1 21 0.0041
2 1 0.04
2 21 4.0E-4
1 3 0.13
2 3 0.13
3 21 0.0017
1 4 0.24
2 4 0.11
4 3 0.19
4 21 0.0108
5 1 0.09
5 2 0.14
5 3 0.36
5 4 0.44
5 21 0.0028
6 1 0.14
2 6 0.37
6 3 0.19
6 4 0.23
5 6 0.21
6 21 0.0065
4 7 0.24
6 7 0.14
21 7 0.0166
8 1 0.22
8 2 0.67
8 3 0.37
8 4 0.3
8 5 0.28
8 6 0.54
8 7 0.07
8 21 0.0026
1 9 0.67
3 9 0.1
4 9 0.36
5 9 0.13
6 9 0.14
8 9 0.15
21 9 0.0084
10 1 0.14
10 2 0.32
10 3 0.2
10 4 0.15
10 5 0.08
10 6 0.46
10 7 0.1
10 8 0.72
10 9 0.1
10 21 0.0026
1 11 0.13
2 11 0.21
3 11 0.08
4 11 0.18
5 11 0.1
6 11 0.21
8 11 0.19
11 9 0.19
10 11 0.27
11 21 0.0047
12 2 0.28
12 3 0.18
12 4 0.17
12 5 0.12
12 6 0.16
12 7 0.23
12 8 0.32
12 10 0.28
12 21 0.0028
13 1 0.2
2 13 0.1
13 3 0.3
13 4 0.22
5 13 0.16
6 13 0.25
8 13 0.24
13 9 0.15
10 13 0.21
13 11 0.11
12 13 0.21
13 21 0.0034
2 14 0.11
4 14 0.12
5 14 0.13
6 14 0.2
8 14 0.15
10 14 0.1
13 14 0.15
14 21 0.0044
15 1 0.15
2 15 0.1
15 3 0.18
15 4 0.22
5 15 0.23
6 15 0.12
8 15 0.16
15 9 0.22
10 15 0.18
15 11 0.17
15 13 0.13
15 21 0.0064
16 1 0.24
2 16 0.3
16 3 0.17
16 4 0.23
5 16 0.12
16 6 0.28
8 16 0.62
16 9 0.24
10 16 0.58
16 11 0.14
12 16 0.11
16 13 0.25
16 14 0.12
16 15 0.21
16 21 0.0010
1 17 0.22
2 17 0.04
17 3 0.33
17 4 0.16
5 17 0.34
6 17 0.23
8 17 0.22
17 9 0.33
10 17 0.17
17 11 0.13
13 17 0.4
17 14 0.17
15 17 0.15
16 17 0.16
17 21 0.0042
18 1 0.16
2 18 0.3
18 3 0.16
18 4 0.16
5 18 0.08
6 18 0.46
8 18 0.45
18 9 0.16
10 18 0.51
18 11 0.43
18 13 0.29
18 14 0.16
18 15 0.29
16 18 0.47
18 17 0.22
18 21 0.0015
1 19 0.33
3 19 0.2
4 19 0.24
5 19 0.26
6 19 0.14
8 19 0.07
9 19 0.5
10 19 0.1
11 19 0.38
13 19 0.3
15 19 0.45
16 19 0.12
17 19 0.33
18 19 0.16
21 19 0.0235
1 20 0.24
3 20 0.14
4 20 0.17
5 20 0.18
6 20 0.1
8 20 0.1
9 20 0.35
10 20 0.14
11 20 0.27
13 20 0.21
15 20 0.32
16 20 0.08
17 20 0.24
18 20 0.11
20 19 0.71
21 20 0.0142
