*Vertices  55
1 "LCD显示屏"
2 "显示器"
3 "LED灯"
4 "探头"
5 "电容"
6 "光膜"
7 "传感器"
8 "处理器"
9 "折盒机"
10 "装盒机"
11 "荧光粉"
12 "开关"
13 "发光荧光材料"
14 "塑料光转换荧光粒料"
15 "助剂"
16 "焊油墨"
17 "聚合物树脂"
18 "EP"
19 "LED"
20 "二极管"
21 "三极管"
22 "玻璃"
23 "通道"
24 "接收管"
25 "LED光源"
26 "塑料"
27 "转换器"
28 "红外线发射管"
29 "发光体"
30 "SiO2"
31 "半导体"
32 "电路板"
33 "Al2O3"
34 "GPIO"
35 "蓄电池"
36 "光电池"
37 "芯片"
38 "继电器"
39 "存储器"
40 "酸盐"
41 "硬脂酰胺"
42 "Li"
43 "液体石蜡"
44 "电极"
45 "电阻"
46 "激光"
47 "射灯"
48 "检测仪"
49 "屏幕"
50 "透镜"
51 "甲基"
52 "蜂鸣器"
53 "激发光"
54 "插座"
55 "客户"
*Arcs
55 1 6.0E-4
2 1 0.33
2 55 0.0013
3 1 0.04
3 2 0.08
3 55 0.0015
3 4 0.05
55 4 5.0E-4
3 5 0.29
5 55 7.0E-4
6 1 0.19
6 2 0.29
6 3 0.13
6 55 0.0015
1 7 0.13
2 7 0.25
3 7 0.13
7 4 0.2
5 7 0.08
55 7 0.0016
8 1 0.09
8 2 0.26
8 3 0.14
8 4 0.26
8 5 0.05
8 6 0.15
8 7 0.36
8 55 8.0E-4
3 9 0.11
7 9 0.2
55 9 0.0025
3 10 0.08
7 10 0.14
10 9 0.71
55 10 0.0023
11 2 0.14
11 3 0.13
11 6 0.33
11 8 0.07
11 55 5.0E-4
12 1 0.14
2 12 0.07
3 12 0.37
12 5 0.42
12 7 0.19
8 12 0.21
11 12 0.08
12 55 9.0E-4
13 2 0.13
13 3 0.21
13 6 0.31
13 8 0.07
13 11 0.54
13 12 0.07
13 55 5.0E-4
2 14 0.25
3 14 0.11
11 14 0.29
12 14 0.14
13 14 0.27
55 14 0.0036
2 15 0.18
3 15 0.08
6 15 0.41
11 15 0.41
12 15 0.1
13 15 0.38
15 14 0.71
55 15 0.0022
1 16 0.33
2 16 0.25
3 16 0.11
6 16 0.58
55 16 0.0019
2 17 0.25
3 17 0.11
11 17 0.29
12 17 0.14
13 17 0.27
17 14 1.0
17 15 0.71
55 17 0.0036
2 18 0.07
3 18 0.12
18 5 0.11
8 18 0.14
11 18 0.39
18 12 0.11
13 18 0.29
18 55 3.0E-4
19 1 0.22
19 2 0.29
19 3 0.67
19 4 0.15
19 5 0.36
19 6 0.13
19 7 0.37
19 8 0.28
19 9 0.07
19 10 0.1
19 11 0.25
19 12 0.54
19 13 0.28
19 14 0.07
19 15 0.1
19 16 0.07
19 17 0.07
19 18 0.28
19 55 0.0013
20 1 0.14
20 2 0.15
20 3 0.32
20 4 0.05
20 5 0.39
20 6 0.12
20 7 0.2
20 8 0.08
20 11 0.23
20 12 0.46
20 13 0.33
20 14 0.1
20 15 0.14
20 17 0.1
20 18 0.22
20 19 0.72
20 55 5.0E-4
21 1 0.08
2 21 0.06
3 21 0.2
21 5 0.61
21 7 0.05
12 21 0.37
13 21 0.06
18 21 0.06
19 21 0.32
20 21 0.42
21 55 3.0E-4
22 2 0.19
22 3 0.27
22 4 0.1
22 5 0.08
22 6 0.11
22 7 0.12
22 8 0.15
22 11 0.11
22 12 0.18
22 13 0.1
22 18 0.21
22 19 0.38
22 20 0.27
22 21 0.09
22 55 2.0E-4
2 23 0.07
3 23 0.22
5 23 0.12
23 7 0.12
12 23 0.04
19 23 0.25
20 23 0.23
21 23 0.07
22 23 0.11
55 23 3.0E-4
1 24 0.19
2 24 0.14
3 24 0.13
5 24 0.24
7 24 0.12
12 24 0.24
19 24 0.13
20 24 0.18
21 24 0.4
22 24 0.11
23 24 0.17
55 24 0.0014
25 1 0.07
25 2 0.15
25 3 0.36
25 4 0.1
25 5 0.04
25 6 0.12
25 7 0.04
25 8 0.11
25 11 0.24
25 12 0.06
25 13 0.16
25 18 0.22
25 19 0.36
25 20 0.29
25 21 0.09
25 22 0.24
25 23 0.18
25 24 0.12
25 55 2.0E-4
26 2 0.17
26 3 0.28
26 4 0.11
26 6 0.26
26 7 0.18
26 8 0.12
26 11 0.2
26 12 0.16
26 13 0.18
26 14 0.23
26 15 0.32
26 17 0.23
26 18 0.06
26 19 0.32
26 20 0.28
26 22 0.35
26 23 0.13
26 25 0.14
26 55 4.0E-4
27 1 0.2
2 27 0.15
3 27 0.1
27 4 0.15
5 27 0.25
27 7 0.3
8 27 0.16
11 27 0.09
12 27 0.25
13 27 0.08
27 14 0.3
27 15 0.21
27 17 0.3
18 27 0.08
19 27 0.24
20 27 0.21
21 27 0.14
22 27 0.12
27 24 0.17
26 27 0.21
27 55 6.0E-4
3 28 0.11
5 28 0.2
7 28 0.2
12 28 0.14
19 28 0.07
20 28 0.1
21 28 0.23
22 28 0.19
23 28 0.29
24 28 0.58
55 28 0.0020
29 2 0.09
29 3 0.21
29 5 0.08
29 6 0.22
29 7 0.08
29 8 0.1
29 11 0.22
29 12 0.1
29 13 0.2
29 18 0.1
29 19 0.19
29 20 0.23
29 21 0.09
29 22 0.15
29 23 0.11
29 24 0.22
29 25 0.23
29 26 0.09
29 28 0.38
29 55 5.0E-4
2 30 0.07
3 30 0.12
6 30 0.16
11 30 0.32
30 12 0.04
13 30 0.52
30 14 0.28
30 15 0.39
30 17 0.28
30 18 0.3
19 30 0.27
20 30 0.31
22 30 0.16
30 23 0.08
25 30 0.11
26 30 0.19
30 27 0.08
29 30 0.1
30 55 5.0E-4
31 1 0.05
31 2 0.11
31 3 0.29
31 4 0.07
31 5 0.15
31 6 0.09
31 7 0.06
31 8 0.08
31 11 0.34
31 12 0.14
31 13 0.43
31 14 0.15
31 15 0.1
31 17 0.15
31 18 0.28
31 19 0.5
31 20 0.55
31 21 0.1
31 22 0.23
31 23 0.17
31 24 0.09
31 25 0.3
31 26 0.24
31 27 0.13
31 29 0.11
31 30 0.41
31 55 5.0E-4
32 1 0.2
32 2 0.26
32 3 0.4
32 4 0.1
32 5 0.13
32 6 0.24
32 7 0.08
32 8 0.11
32 11 0.12
32 12 0.14
32 13 0.16
32 16 0.2
32 18 0.05
32 19 0.36
32 20 0.17
32 21 0.19
32 22 0.39
32 23 0.06
32 24 0.24
32 25 0.17
32 26 0.19
32 28 0.2
32 29 0.23
32 30 0.06
32 31 0.15
32 55 8.0E-4
33 1 0.08
2 33 0.06
3 33 0.08
6 33 0.14
11 33 0.35
33 12 0.03
13 33 0.45
33 14 0.24
33 15 0.34
33 17 0.24
18 33 0.06
19 33 0.3
20 33 0.34
22 33 0.09
33 23 0.21
25 33 0.1
26 33 0.11
33 27 0.07
30 33 0.54
31 33 0.57
33 55 4.0E-4
34 1 0.19
2 34 0.14
3 34 0.06
5 34 0.12
8 34 0.15
12 34 0.24
18 34 0.15
19 34 0.13
20 34 0.06
21 34 0.13
34 24 0.33
25 34 0.12
31 34 0.09
32 34 0.12
34 55 0.0010
3 35 0.23
35 4 0.13
5 35 0.11
35 7 0.05
8 35 0.07
11 35 0.07
12 35 0.28
19 35 0.28
20 35 0.18
21 35 0.18
22 35 0.1
25 35 0.05
31 35 0.11
35 55 2.0E-4
36 4 0.5
36 7 0.3
8 36 0.13
19 36 0.15
20 36 0.15
22 36 0.19
25 36 0.2
26 36 0.23
27 36 0.3
31 36 0.15
35 36 0.13
55 36 6.0E-4
37 1 0.24
2 37 0.27
3 37 0.3
37 5 0.37
6 37 0.07
37 7 0.17
8 37 0.12
11 37 0.35
37 12 0.28
13 37 0.35
37 14 0.12
37 15 0.17
37 17 0.12
37 18 0.35
19 37 0.62
20 37 0.58
37 21 0.33
22 37 0.21
37 23 0.24
37 24 0.21
25 37 0.22
26 37 0.11
37 27 0.25
37 28 0.12
29 37 0.09
37 30 0.4
31 37 0.6
32 37 0.22
37 33 0.46
37 34 0.14
37 55 6.0E-4
38 1 0.15
3 38 0.05
5 38 0.37
38 7 0.09
8 38 0.12
12 38 0.24
18 38 0.12
19 38 0.16
20 38 0.18
21 38 0.31
38 27 0.13
34 38 0.26
37 38 0.16
38 55 5.0E-4
1 39 0.22
2 39 0.25
3 39 0.04
39 4 0.17
5 39 0.07
39 7 0.33
8 39 0.34
12 39 0.23
18 39 0.09
19 39 0.22
20 39 0.17
21 39 0.15
39 24 0.38
25 39 0.14
27 39 0.4
31 39 0.1
32 39 0.07
34 39 0.19
35 39 0.09
39 36 0.17
37 39 0.16
55 39 5.0E-4
2 40 0.17
3 40 0.11
6 40 0.19
11 40 0.48
40 12 0.05
13 40 0.53
40 14 0.33
40 15 0.47
40 17 0.33
40 18 0.45
19 40 0.22
20 40 0.24
22 40 0.19
25 40 0.2
26 40 0.15
40 27 0.1
40 30 0.37
31 40 0.29
32 40 0.14
40 33 0.24
40 37 0.36
40 55 6.0E-4
2 41 0.25
3 41 0.11
11 41 0.29
12 41 0.14
13 41 0.27
41 14 1.0
41 15 0.71
41 17 1.0
19 41 0.07
20 41 0.1
26 41 0.23
27 41 0.3
30 41 0.28
31 41 0.15
33 41 0.24
37 41 0.12
40 41 0.33
41 55 0.0036
2 42 0.06
3 42 0.26
42 5 0.05
6 42 0.14
42 7 0.05
8 42 0.06
11 42 0.27
42 12 0.13
13 42 0.31
42 14 0.24
42 15 0.33
42 17 0.24
42 18 0.25
19 42 0.31
20 42 0.36
22 42 0.23
42 23 0.2
25 42 0.24
26 42 0.27
42 27 0.21
42 30 0.33
31 42 0.38
32 42 0.14
42 33 0.29
42 37 0.31
42 39 0.08
42 40 0.39
42 41 0.24
42 55 4.0E-4
2 43 0.25
3 43 0.11
11 43 0.29
12 43 0.14
13 43 0.27
43 14 1.0
43 15 0.71
43 17 1.0
19 43 0.07
20 43 0.1
26 43 0.23
27 43 0.3
30 43 0.28
31 43 0.15
33 43 0.24
37 43 0.12
40 43 0.33
43 41 1.0
42 43 0.24
43 55 0.0036
44 1 0.11
2 44 0.04
3 44 0.16
5 44 0.37
44 7 0.03
11 44 0.09
12 44 0.2
13 44 0.22
18 44 0.13
19 44 0.45
20 44 0.55
21 44 0.6
22 44 0.13
44 23 0.19
44 24 0.19
25 44 0.1
26 44 0.04
44 27 0.1
44 28 0.16
29 44 0.06
30 44 0.32
31 44 0.56
32 44 0.03
33 44 0.56
44 35 0.13
37 44 0.57
44 38 0.22
44 39 0.05
42 44 0.12
44 55 2.0E-4
45 1 0.16
2 45 0.08
3 45 0.3
45 5 0.73
45 7 0.16
8 45 0.08
11 45 0.05
12 45 0.46
13 45 0.04
18 45 0.09
19 45 0.45
20 45 0.51
45 21 0.71
22 45 0.09
45 23 0.19
45 24 0.28
25 45 0.1
45 27 0.29
45 28 0.16
29 45 0.06
30 45 0.09
31 45 0.19
32 45 0.17
33 45 0.12
45 34 0.28
45 35 0.17
37 45 0.47
45 38 0.36
45 39 0.22
42 45 0.11
45 44 0.51
45 55 6.0E-4
46 1 0.09
46 2 0.2
46 3 0.12
46 6 0.31
46 7 0.16
46 8 0.14
46 11 0.23
46 12 0.04
46 13 0.21
46 16 0.27
46 19 0.28
46 20 0.24
46 22 0.21
46 23 0.08
46 25 0.16
46 26 0.18
46 27 0.08
46 29 0.1
46 30 0.3
46 31 0.39
46 32 0.11
46 33 0.45
46 34 0.15
46 36 0.13
46 37 0.26
46 42 0.19
46 44 0.31
46 45 0.17
46 55 4.0E-4
47 2 0.1
47 3 0.27
47 5 0.17
47 6 0.24
47 7 0.08
47 8 0.11
47 11 0.12
47 12 0.06
47 13 0.11
47 19 0.18
47 20 0.21
47 21 0.09
47 22 0.16
47 23 0.24
47 24 0.24
47 25 0.17
47 26 0.28
47 28 0.41
47 29 0.31
47 31 0.24
47 32 0.17
47 37 0.05
47 42 0.19
47 44 0.07
47 45 0.13
47 46 0.11
47 55 6.0E-4
2 48 0.25
3 48 0.05
4 48 0.25
5 48 0.1
7 48 0.3
8 48 0.13
12 48 0.07
19 48 0.15
20 48 0.05
21 48 0.11
48 24 0.29
25 48 0.1
27 48 0.3
31 48 0.15
35 48 0.13
36 48 0.25
37 48 0.12
39 48 0.5
44 48 0.08
45 48 0.16
55 48 6.0E-4
1 49 0.17
2 49 0.13
3 49 0.06
5 49 0.05
6 49 0.15
49 7 0.1
8 49 0.07
12 49 0.11
13 49 0.14
49 16 0.26
18 49 0.07
19 49 0.28
20 49 0.18
21 49 0.06
22 49 0.15
23 49 0.07
26 49 0.18
27 49 0.08
30 49 0.21
31 49 0.27
32 49 0.16
33 49 0.25
37 49 0.25
44 49 0.3
45 49 0.04
46 49 0.14
55 49 3.0E-4
50 2 0.13
50 3 0.25
50 6 0.29
50 7 0.1
50 8 0.06
50 11 0.29
50 12 0.07
50 13 0.33
50 14 0.25
50 15 0.35
50 17 0.25
50 18 0.07
50 19 0.29
50 20 0.28
50 22 0.14
50 23 0.14
50 25 0.26
50 26 0.23
50 27 0.15
50 29 0.09
50 30 0.21
50 31 0.26
50 32 0.15
50 33 0.18
50 36 0.25
50 37 0.18
50 39 0.08
50 40 0.25
50 41 0.25
50 42 0.29
50 43 0.25
50 44 0.04
50 46 0.27
50 47 0.1
50 55 4.0E-4
51 1 0.1
2 51 0.14
3 51 0.06
6 51 0.17
11 51 0.33
12 51 0.04
13 51 0.23
51 14 0.29
51 15 0.41
51 17 0.29
18 51 0.23
19 51 0.25
20 51 0.23
22 51 0.11
51 23 0.08
25 51 0.12
26 51 0.13
27 51 0.09
30 51 0.16
31 51 0.38
32 51 0.12
33 51 0.49
37 51 0.38
40 51 0.58
51 41 0.29
42 51 0.27
51 43 0.29
44 51 0.24
45 51 0.05
46 51 0.08
51 49 0.15
50 51 0.29
51 55 5.0E-4
1 52 0.19
2 52 0.14
3 52 0.13
5 52 0.12
7 52 0.12
8 52 0.3
12 52 0.16
18 52 0.15
19 52 0.13
20 52 0.12
21 52 0.13
52 24 0.33
25 52 0.12
32 52 0.24
34 52 0.67
37 52 0.14
38 52 0.26
39 52 0.19
45 52 0.19
55 52 0.0010
2 53 0.08
3 53 0.07
53 4 0.17
6 53 0.19
53 7 0.07
11 53 0.38
53 12 0.05
13 53 0.45
53 14 0.33
53 15 0.47
53 17 0.33
53 18 0.27
19 53 0.22
20 53 0.27
22 53 0.26
53 23 0.1
25 53 0.2
26 53 0.23
53 27 0.2
29 53 0.13
53 30 0.55
31 53 0.25
53 33 0.32
53 36 0.17
53 37 0.28
53 40 0.44
53 41 0.33
53 42 0.47
53 43 0.33
53 44 0.11
53 45 0.05
46 53 0.27
50 53 0.33
53 51 0.19
53 55 7.0E-4
3 54 0.09
5 54 0.17
54 7 0.16
8 54 0.11
12 54 0.28
18 54 0.11
19 54 0.18
20 54 0.17
22 54 0.08
27 54 0.12
34 54 0.24
35 54 0.11
37 54 0.1
38 54 0.18
42 54 0.1
45 54 0.13
54 52 0.24
54 55 4.0E-4
