*Vertices  59
1 "衬底"
2 "LED灯"
3 "电容"
4 "光膜"
5 "控制器"
6 "荧光粉"
7 "整流器"
8 "开关"
9 "发光荧光材料"
10 "柔性高分子材料"
11 "助剂"
12 "硼酸"
13 "蓝膜"
14 "变压器"
15 "发光板"
16 "EP"
17 "LED"
18 "二极管"
19 "稳压二极管"
20 "三极管"
21 "扩散剂"
22 "LED光源"
23 "电热丝"
24 "塑料"
25 "腐蚀液"
26 "基座"
27 "稀释剂"
28 "电加热器"
29 "荧光体"
30 "硅橡胶"
31 "SiO2"
32 "半导体"
33 "电路板"
34 "Al2O3"
35 "滑动变阻器"
36 "蓄电池"
37 "LED芯片"
38 "芯片"
39 "电流扩展层"
40 "电抗器"
41 "酸盐"
42 "硅油"
43 "去离子水"
44 "Li"
45 "电感"
46 "离子"
47 "电极"
48 "电阻"
49 "加热管"
50 "丙酮"
51 "光电耦合器"
52 "臭氧"
53 "屏幕"
54 "透镜"
55 "发光层"
56 "甲基"
57 "激发光"
58 "晶体闸流管"
59 "容器"
*Arcs
59 1 2.0E-4
2 1 0.03
2 59 5.0E-4
2 3 0.29
3 59 0.0011
4 2 0.13
4 59 8.0E-4
2 5 0.11
3 5 0.15
59 5 1.0E-4
6 1 0.13
6 2 0.13
6 4 0.33
6 5 0.07
6 59 9.0E-4
7 1 0.07
2 7 0.22
3 7 0.53
7 5 0.07
7 59 0.0016
2 8 0.37
8 3 0.42
8 5 0.23
6 8 0.08
8 7 0.2
8 59 9.0E-4
9 1 0.18
9 2 0.21
9 4 0.31
9 6 0.54
9 8 0.07
9 59 8.0E-4
4 10 0.58
6 10 0.29
9 10 0.27
10 59 0.0019
2 11 0.08
4 11 0.41
6 11 0.41
8 11 0.1
9 11 0.38
11 10 0.71
11 59 0.0012
2 12 0.11
6 12 0.29
9 12 0.4
12 59 6.0E-4
1 13 0.32
59 13 6.0E-4
14 1 0.05
2 14 0.26
3 14 0.52
14 5 0.1
6 14 0.06
14 7 0.68
8 14 0.29
12 14 0.11
14 59 0.0012
2 15 0.16
3 15 0.2
5 15 0.12
7 15 0.14
8 15 0.14
14 15 0.21
59 15 4.0E-4
16 1 0.12
2 16 0.12
16 3 0.11
16 5 0.06
6 16 0.39
16 7 0.08
16 8 0.11
9 16 0.29
16 12 0.4
16 13 0.19
16 14 0.11
16 59 3.0E-4
17 1 0.32
17 2 0.67
17 3 0.36
17 4 0.13
17 5 0.3
17 6 0.25
17 7 0.25
17 8 0.54
17 9 0.28
17 10 0.07
17 11 0.1
17 12 0.15
17 13 0.1
17 14 0.34
17 15 0.15
17 16 0.28
17 59 0.0011
18 1 0.37
18 2 0.32
18 3 0.39
18 4 0.12
18 5 0.15
18 6 0.23
18 7 0.35
18 8 0.46
18 9 0.33
18 10 0.1
18 11 0.14
18 12 0.1
18 13 0.14
18 14 0.39
18 15 0.15
18 16 0.22
18 17 0.72
18 59 0.0014
2 19 0.21
3 19 0.46
5 19 0.18
7 19 0.55
8 19 0.21
14 19 0.48
19 15 0.38
16 19 0.1
17 19 0.19
18 19 0.27
59 19 3.0E-4
2 20 0.2
20 3 0.61
20 5 0.11
20 7 0.4
8 20 0.37
9 20 0.06
20 14 0.49
20 15 0.23
16 20 0.06
17 20 0.32
18 20 0.42
20 19 0.26
20 59 7.0E-4
2 21 0.16
6 21 0.2
9 21 0.38
12 21 0.35
17 21 0.1
18 21 0.07
59 21 7.0E-4
22 1 0.09
22 2 0.36
22 3 0.04
22 4 0.12
22 6 0.24
22 7 0.06
22 8 0.06
22 9 0.16
22 12 0.31
22 14 0.09
22 15 0.1
22 16 0.22
22 17 0.36
22 18 0.29
22 19 0.08
22 20 0.09
22 21 0.14
22 59 2.0E-4
2 23 0.13
8 23 0.08
17 23 0.13
18 23 0.06
59 23 9.0E-4
24 1 0.05
24 2 0.28
24 4 0.26
24 5 0.17
24 6 0.2
24 8 0.16
24 9 0.18
24 10 0.23
24 11 0.32
24 14 0.05
24 16 0.06
24 17 0.32
24 18 0.28
24 22 0.14
24 23 0.26
24 59 7.0E-4
1 25 0.56
2 25 0.04
7 25 0.12
25 13 0.29
14 25 0.09
16 25 0.22
17 25 0.18
18 25 0.25
24 25 0.09
59 25 3.0E-4
2 26 0.22
6 26 0.14
9 26 0.13
12 26 0.25
17 26 0.15
18 26 0.15
26 21 0.35
22 26 0.1
24 26 0.11
59 26 4.0E-4
4 27 0.33
6 27 0.17
9 27 0.15
27 10 0.58
27 11 0.41
12 27 0.29
14 27 0.12
16 27 0.31
17 27 0.13
18 27 0.18
22 27 0.12
24 27 0.13
27 59 9.0E-4
8 28 0.14
17 28 0.07
18 28 0.1
28 23 0.58
24 28 0.23
59 28 0.0018
4 29 0.33
6 29 0.5
9 29 0.46
29 10 0.58
29 11 0.41
12 29 0.29
16 29 0.31
17 29 0.13
18 29 0.18
22 29 0.12
24 29 0.13
29 27 0.33
29 59 8.0E-4
2 30 0.06
4 30 0.33
6 30 0.33
9 30 0.31
30 10 0.58
30 11 0.41
12 30 0.58
14 30 0.12
16 30 0.15
17 30 0.13
18 30 0.12
30 21 0.41
22 30 0.24
24 30 0.13
30 26 0.29
30 27 0.67
30 29 0.33
30 59 0.0026
31 1 0.38
2 31 0.12
4 31 0.16
6 31 0.32
31 7 0.08
31 8 0.04
9 31 0.52
31 10 0.28
31 11 0.39
31 12 0.14
31 13 0.2
31 14 0.06
31 16 0.3
17 31 0.27
18 31 0.31
22 31 0.11
24 31 0.19
31 25 0.34
31 27 0.16
31 29 0.32
31 30 0.16
31 59 8.0E-4
32 1 0.64
32 2 0.29
32 3 0.15
32 4 0.09
32 6 0.34
32 7 0.17
32 8 0.14
32 9 0.43
32 11 0.1
32 12 0.22
32 13 0.21
32 14 0.19
32 16 0.28
32 17 0.5
32 18 0.55
32 19 0.06
32 20 0.1
32 21 0.21
32 22 0.3
32 24 0.24
32 25 0.36
32 26 0.15
32 27 0.09
32 29 0.17
32 30 0.17
32 31 0.41
32 59 0.0010
33 2 0.4
33 3 0.13
33 4 0.24
33 5 0.1
33 6 0.12
33 8 0.14
33 9 0.16
33 12 0.1
33 14 0.04
33 16 0.05
33 17 0.36
33 18 0.17
33 20 0.19
33 21 0.29
33 22 0.17
33 24 0.19
33 26 0.1
33 27 0.12
33 30 0.12
33 31 0.06
33 32 0.15
33 59 1.0E-4
34 1 0.72
2 34 0.08
4 34 0.14
6 34 0.35
34 7 0.07
34 8 0.03
9 34 0.45
34 10 0.24
34 11 0.34
34 14 0.05
16 34 0.06
17 34 0.3
18 34 0.34
22 34 0.1
24 34 0.11
34 25 0.1
34 27 0.14
34 29 0.14
34 30 0.14
31 34 0.54
32 34 0.57
34 59 3.0E-4
3 35 0.14
8 35 0.19
14 35 0.15
17 35 0.1
18 35 0.14
20 35 0.16
35 23 0.41
24 35 0.16
35 28 0.71
35 59 0.0012
2 36 0.23
3 36 0.11
36 5 0.13
6 36 0.07
36 7 0.3
8 36 0.28
36 14 0.28
17 36 0.28
18 36 0.18
20 36 0.18
22 36 0.05
32 36 0.11
36 59 6.0E-4
37 1 0.5
2 37 0.19
37 3 0.13
4 37 0.13
6 37 0.31
37 7 0.13
37 8 0.03
9 37 0.17
37 10 0.22
37 11 0.15
12 37 0.22
37 13 0.15
37 14 0.09
16 37 0.29
17 37 0.34
18 37 0.33
37 19 0.08
37 20 0.05
37 21 0.15
22 37 0.18
24 37 0.1
37 25 0.36
37 26 0.33
37 27 0.13
37 29 0.25
37 30 0.25
31 37 0.24
32 37 0.51
33 37 0.04
34 37 0.42
37 59 0.0010
38 1 0.49
2 38 0.3
38 3 0.37
4 38 0.07
38 5 0.23
6 38 0.35
38 7 0.14
38 8 0.28
9 38 0.35
38 10 0.12
38 11 0.17
38 12 0.24
38 13 0.17
38 14 0.18
38 15 0.06
38 16 0.35
17 38 0.62
18 38 0.58
38 19 0.14
38 20 0.33
38 21 0.08
22 38 0.22
24 38 0.11
38 25 0.29
38 26 0.18
38 27 0.21
38 29 0.21
38 30 0.21
38 31 0.4
32 38 0.6
33 38 0.22
38 34 0.46
38 35 0.08
38 37 0.55
38 59 7.0E-4
1 39 0.57
2 39 0.08
7 39 0.1
9 39 0.09
39 13 0.5
14 39 0.08
16 39 0.19
17 39 0.21
18 39 0.29
22 39 0.14
24 39 0.08
39 25 0.58
31 39 0.49
32 39 0.42
34 39 0.34
37 39 0.23
38 39 0.34
59 39 3.0E-4
2 40 0.16
3 40 0.29
7 40 0.41
8 40 0.19
14 40 0.3
17 40 0.1
18 40 0.14
20 40 0.16
32 40 0.21
36 40 0.37
59 40 0.0024
2 41 0.11
4 41 0.19
6 41 0.48
41 8 0.05
9 41 0.53
41 10 0.33
41 11 0.47
41 12 0.67
41 14 0.07
41 16 0.45
17 41 0.22
18 41 0.24
41 21 0.24
22 41 0.2
24 41 0.15
41 26 0.17
41 27 0.58
41 29 0.38
41 30 0.58
41 31 0.37
32 41 0.29
33 41 0.14
41 34 0.24
41 37 0.22
41 38 0.36
41 59 0.0012
4 42 0.58
6 42 0.29
9 42 0.27
42 10 1.0
42 11 0.71
17 42 0.07
18 42 0.1
24 42 0.23
42 27 0.58
42 29 0.58
42 30 0.58
31 42 0.28
34 42 0.24
37 42 0.22
38 42 0.12
41 42 0.33
42 59 0.0019
43 1 0.21
2 43 0.05
9 43 0.12
43 12 0.22
43 13 0.32
43 16 0.36
17 43 0.16
18 43 0.14
43 25 0.37
43 31 0.25
32 43 0.2
43 37 0.1
43 38 0.21
43 39 0.16
43 41 0.3
43 59 3.0E-4
44 1 0.16
2 44 0.26
44 3 0.05
4 44 0.14
44 5 0.06
6 44 0.27
44 8 0.13
9 44 0.31
44 10 0.24
44 11 0.33
44 12 0.24
44 14 0.05
44 16 0.25
17 44 0.31
18 44 0.36
44 21 0.17
22 44 0.24
24 44 0.27
44 26 0.24
44 27 0.27
44 29 0.27
44 30 0.14
44 31 0.33
32 44 0.38
33 44 0.14
44 34 0.29
44 37 0.21
44 38 0.31
44 39 0.17
44 41 0.39
44 42 0.24
44 43 0.11
44 59 3.0E-4
2 45 0.25
3 45 0.54
45 5 0.09
7 45 0.44
8 45 0.36
14 45 0.4
45 15 0.38
16 45 0.1
17 45 0.19
18 45 0.23
45 19 0.43
20 45 0.43
22 45 0.08
32 45 0.22
36 45 0.2
37 45 0.08
38 45 0.18
45 40 0.53
45 59 0.0023
46 1 0.32
2 46 0.13
6 46 0.13
9 46 0.18
46 12 0.34
46 13 0.16
46 14 0.1
46 16 0.49
17 46 0.32
18 46 0.26
22 46 0.19
46 23 0.13
24 46 0.05
46 25 0.37
46 27 0.26
46 29 0.26
46 30 0.13
46 31 0.32
32 46 0.34
33 46 0.14
46 34 0.11
46 37 0.15
46 38 0.33
46 39 0.41
46 41 0.38
46 43 0.51
46 44 0.27
46 59 2.0E-4
47 1 0.72
2 47 0.16
3 47 0.37
47 5 0.12
6 47 0.09
47 7 0.33
8 47 0.2
9 47 0.22
47 13 0.23
47 14 0.39
47 15 0.16
16 47 0.13
17 47 0.45
18 47 0.55
47 19 0.19
20 47 0.6
22 47 0.1
24 47 0.04
47 25 0.4
31 47 0.32
32 47 0.56
33 47 0.03
34 47 0.56
47 35 0.12
47 36 0.13
37 47 0.39
38 47 0.57
47 39 0.46
47 40 0.12
43 47 0.15
44 47 0.12
47 45 0.31
46 47 0.23
47 59 8.0E-4
48 1 0.11
2 48 0.3
48 3 0.73
48 5 0.16
6 48 0.05
48 7 0.56
8 48 0.46
9 48 0.04
48 14 0.55
48 15 0.16
16 48 0.09
17 48 0.45
18 48 0.51
48 19 0.43
48 20 0.71
22 48 0.1
48 25 0.07
48 26 0.08
31 48 0.09
32 48 0.19
33 48 0.17
34 48 0.12
48 35 0.11
48 36 0.17
37 48 0.11
38 48 0.47
48 39 0.11
48 40 0.23
44 48 0.11
48 45 0.43
46 48 0.04
48 47 0.51
48 59 8.0E-4
2 49 0.08
8 49 0.19
17 49 0.1
18 49 0.07
49 23 0.41
24 49 0.16
49 28 0.71
35 49 0.5
36 49 0.18
59 49 0.0012
50 1 0.19
2 50 0.04
9 50 0.11
50 12 0.41
50 13 0.29
50 14 0.09
50 16 0.65
17 50 0.18
18 50 0.17
22 50 0.08
24 50 0.09
50 25 0.33
50 27 0.47
50 30 0.24
50 31 0.23
32 50 0.18
33 50 0.08
50 37 0.18
50 38 0.24
50 39 0.29
50 41 0.41
50 43 0.55
50 44 0.19
50 46 0.56
50 47 0.13
50 59 4.0E-4
3 51 0.29
5 51 0.34
7 51 0.2
8 51 0.1
14 51 0.15
51 15 0.35
17 51 0.1
18 51 0.14
19 51 0.27
20 51 0.32
38 51 0.08
45 51 0.27
47 51 0.23
48 51 0.23
59 51 7.0E-4
2 52 0.22
4 52 0.24
6 52 0.24
9 52 0.22
52 10 0.41
52 11 0.29
12 52 0.2
14 52 0.09
17 52 0.18
18 52 0.04
52 21 0.29
22 52 0.08
52 23 0.47
24 52 0.19
52 26 0.2
52 27 0.24
52 29 0.24
52 30 0.47
31 52 0.11
32 52 0.06
33 52 0.17
34 52 0.1
37 52 0.18
38 52 0.1
41 52 0.27
52 42 0.41
44 52 0.1
46 52 0.28
52 59 0.0014
1 53 0.36
2 53 0.06
3 53 0.05
4 53 0.15
53 5 0.13
7 53 0.07
8 53 0.11
9 53 0.14
14 53 0.06
53 15 0.13
16 53 0.07
17 53 0.28
18 53 0.18
53 19 0.1
20 53 0.06
24 53 0.18
25 53 0.21
31 53 0.21
32 53 0.27
33 53 0.16
34 53 0.25
37 53 0.23
38 53 0.25
39 53 0.09
45 53 0.1
46 53 0.12
47 53 0.3
48 53 0.04
50 53 0.11
53 51 0.18
59 53 2.0E-4
54 1 0.06
54 2 0.25
54 4 0.29
54 6 0.29
54 8 0.07
54 9 0.33
54 10 0.25
54 11 0.35
54 12 0.13
54 16 0.07
54 17 0.29
54 18 0.28
54 21 0.35
54 22 0.26
54 24 0.23
54 26 0.25
54 27 0.14
54 29 0.14
54 30 0.29
54 31 0.21
54 32 0.26
54 33 0.15
54 34 0.18
54 37 0.22
54 38 0.18
54 39 0.09
54 41 0.25
54 42 0.25
54 43 0.11
54 44 0.29
54 46 0.11
54 47 0.04
54 50 0.1
54 52 0.2
54 59 7.0E-4
1 55 0.61
9 55 0.2
55 13 0.53
16 55 0.2
17 55 0.19
18 55 0.27
24 55 0.09
55 25 0.46
31 55 0.21
32 55 0.39
34 55 0.28
37 55 0.25
38 55 0.32
55 39 0.53
43 55 0.17
46 55 0.26
47 55 0.43
50 55 0.31
55 53 0.29
59 55 3.0E-4
56 1 0.33
2 56 0.06
4 56 0.17
6 56 0.33
8 56 0.04
9 56 0.23
56 10 0.29
56 11 0.41
12 56 0.29
14 56 0.06
16 56 0.23
17 56 0.25
18 56 0.23
56 21 0.2
22 56 0.12
24 56 0.13
56 26 0.14
56 27 0.5
56 29 0.17
56 30 0.5
31 56 0.16
32 56 0.38
33 56 0.12
34 56 0.49
37 56 0.38
38 56 0.38
41 56 0.58
56 42 0.29
43 56 0.26
44 56 0.27
46 56 0.26
47 56 0.24
48 56 0.05
50 56 0.35
56 52 0.24
56 53 0.15
54 56 0.29
56 55 0.11
56 59 9.0E-4
57 1 0.15
2 57 0.07
4 57 0.19
6 57 0.38
57 8 0.05
9 57 0.45
57 10 0.33
57 11 0.47
57 12 0.33
57 16 0.27
17 57 0.22
18 57 0.27
22 57 0.2
24 57 0.23
57 27 0.19
57 29 0.58
57 30 0.19
57 31 0.55
32 57 0.25
57 34 0.32
57 37 0.15
57 38 0.28
57 39 0.24
57 41 0.44
57 42 0.33
57 43 0.15
57 44 0.47
57 46 0.38
57 47 0.11
57 48 0.05
57 50 0.14
57 52 0.14
54 57 0.33
57 56 0.19
57 59 4.0E-4
2 58 0.05
3 58 0.31
7 58 0.43
8 58 0.2
14 58 0.32
17 58 0.15
18 58 0.2
20 58 0.34
32 58 0.07
36 58 0.26
38 58 0.06
58 40 0.35
58 45 0.19
47 58 0.25
48 58 0.32
58 59 5.0E-4
