*Vertices  28
1 "LED显示屏"
2 "LED灯"
3 "叶片"
4 "开关"
5 "LED"
6 "二极管"
7 "玻璃"
8 "通道"
9 "LED光源"
10 "塑料"
11 "铝基板"
12 "导热板"
13 "导热陶瓷"
14 "基座"
15 "散热片"
16 "散热器"
17 "半导体"
18 "电路板"
19 "芯片"
20 "Li"
21 "空穴"
22 "射灯"
23 "屏幕"
24 "透镜"
25 "固定支架"
26 "发光管"
27 "导热柱"
28 "密封胶"
*Arcs
28 1 0.0018
2 1 0.03
2 28 0.0039
1 3 0.45
2 3 0.08
28 3 0.0057
4 1 0.04
2 4 0.37
4 28 3.0E-4
5 1 0.23
5 2 0.67
5 3 0.1
5 4 0.54
5 28 0.0022
6 1 0.06
6 2 0.32
6 4 0.46
6 5 0.72
6 28 6.0E-4
7 1 0.18
7 2 0.27
7 3 0.27
7 4 0.18
7 5 0.38
7 6 0.27
7 28 0.0010
2 8 0.22
4 8 0.04
5 8 0.25
6 8 0.23
7 8 0.11
8 28 0.0057
9 2 0.36
9 4 0.06
9 5 0.36
9 6 0.29
9 7 0.24
9 8 0.18
9 28 8.0E-4
10 1 0.07
10 2 0.28
10 3 0.16
10 4 0.16
10 5 0.32
10 6 0.28
10 7 0.35
10 8 0.13
10 9 0.14
10 28 0.0016
11 2 0.3
11 4 0.08
11 5 0.24
11 6 0.24
11 7 0.12
11 8 0.26
11 9 0.18
11 10 0.35
11 28 0.0064
2 12 0.16
5 12 0.1
6 12 0.07
12 8 0.2
9 12 0.14
11 12 0.21
12 28 0.0046
2 13 0.11
5 13 0.07
6 13 0.1
8 13 0.29
10 13 0.23
11 13 0.3
28 13 0.014
2 14 0.22
5 14 0.15
6 14 0.15
8 14 0.43
9 14 0.1
10 14 0.11
11 14 0.3
14 13 0.5
28 14 0.0052
2 15 0.43
15 4 0.07
5 15 0.3
6 15 0.22
7 15 0.09
15 8 0.35
9 15 0.45
10 15 0.11
11 15 0.29
15 12 0.34
15 14 0.24
15 28 0.0033
2 16 0.44
5 16 0.31
6 16 0.24
7 16 0.05
16 8 0.2
9 16 0.34
10 16 0.05
11 16 0.21
16 12 0.33
16 14 0.12
16 15 0.63
16 28 0.0015
17 1 0.05
17 2 0.29
17 3 0.1
17 4 0.14
17 5 0.5
17 6 0.55
17 7 0.23
17 8 0.17
17 9 0.3
17 10 0.24
17 11 0.27
17 12 0.1
17 13 0.15
17 14 0.15
17 15 0.11
17 16 0.14
17 28 0.0025
18 1 0.13
18 2 0.4
18 3 0.29
18 4 0.14
18 5 0.36
18 6 0.17
18 7 0.39
18 8 0.06
18 9 0.17
18 10 0.19
18 11 0.06
18 14 0.1
18 15 0.05
18 16 0.1
18 17 0.15
18 28 0.0011
19 1 0.08
2 19 0.3
19 3 0.08
19 4 0.28
5 19 0.62
6 19 0.58
7 19 0.21
19 8 0.24
9 19 0.22
10 19 0.11
11 19 0.22
19 12 0.08
19 14 0.18
19 15 0.17
19 16 0.14
17 19 0.6
18 19 0.22
19 28 5.0E-4
2 20 0.26
20 4 0.13
5 20 0.31
6 20 0.36
7 20 0.23
20 8 0.2
9 20 0.24
10 20 0.27
11 20 0.36
20 13 0.24
20 14 0.24
20 15 0.17
20 16 0.17
17 20 0.38
18 20 0.14
20 19 0.31
20 28 0.0019
2 21 0.17
4 21 0.1
5 21 0.19
6 21 0.23
8 21 0.11
9 21 0.08
10 21 0.26
11 21 0.34
21 13 0.38
21 14 0.19
17 21 0.39
19 21 0.18
20 21 0.36
21 28 0.0031
22 2 0.27
22 4 0.06
22 5 0.18
22 6 0.21
22 7 0.16
22 8 0.24
22 9 0.17
22 10 0.28
22 11 0.37
22 13 0.41
22 14 0.2
22 15 0.1
22 16 0.19
22 17 0.24
22 18 0.17
22 19 0.05
22 20 0.19
22 21 0.31
22 28 0.0036
23 1 0.33
2 23 0.06
23 3 0.37
4 23 0.11
5 23 0.28
6 23 0.18
7 23 0.15
8 23 0.07
10 23 0.18
11 23 0.08
17 23 0.27
18 23 0.16
19 23 0.25
21 23 0.1
23 28 0.0013
24 2 0.25
24 4 0.07
24 5 0.29
24 6 0.28
24 7 0.14
24 8 0.14
24 9 0.26
24 10 0.23
24 11 0.23
24 12 0.35
24 14 0.25
24 15 0.3
24 16 0.12
24 17 0.26
24 18 0.15
24 19 0.18
24 20 0.29
24 22 0.1
24 28 0.0034
1 25 0.22
2 25 0.16
25 3 0.5
5 25 0.1
7 25 0.14
16 25 0.17
17 25 0.21
18 25 0.29
19 25 0.08
20 25 0.17
23 25 0.18
28 25 0.0055
2 26 0.26
4 26 0.23
5 26 0.22
6 26 0.17
7 26 0.06
8 26 0.1
10 26 0.31
11 26 0.4
26 13 0.33
26 14 0.17
17 26 0.15
18 26 0.07
19 26 0.04
20 26 0.24
21 26 0.38
22 26 0.27
26 28 0.0025
2 27 0.11
5 27 0.07
6 27 0.1
8 27 0.29
10 27 0.23
11 27 0.3
27 13 1.0
14 27 0.5
17 27 0.15
20 27 0.24
21 27 0.38
22 27 0.41
26 27 0.33
28 27 0.014
