*Vertices  15
1 "LED灯"
2 "LED"
3 "二极管"
4 "通道"
5 "塑料"
6 "铝基板"
7 "导热陶瓷"
8 "基座"
9 "密封胶"
10 "半导体"
11 "Li"
12 "空穴"
13 "射灯"
14 "发光管"
15 "导热柱"
*Arcs
1 15 0.0021
2 1 0.67
2 15 0.0011
3 1 0.32
3 2 0.72
3 15 0.0015
1 4 0.22
2 4 0.25
3 4 0.23
4 15 0.0088
5 1 0.28
5 2 0.32
5 3 0.28
5 4 0.13
5 15 0.0056
6 1 0.3
6 2 0.24
6 3 0.24
6 4 0.26
6 5 0.35
6 15 0.0103
1 7 0.11
2 7 0.07
3 7 0.1
4 7 0.29
5 7 0.23
6 7 0.3
15 7 0.0605
1 8 0.22
2 8 0.15
3 8 0.15
4 8 0.43
5 8 0.11
6 8 0.3
8 7 0.5
8 15 0.0213
1 9 0.22
2 9 0.15
3 9 0.05
4 9 0.29
5 9 0.11
6 9 0.3
9 7 0.5
9 8 0.25
9 15 0.0205
10 1 0.29
10 2 0.5
10 3 0.55
10 4 0.17
10 5 0.24
10 6 0.27
10 7 0.15
10 8 0.15
10 9 0.15
10 15 0.0030
1 11 0.26
2 11 0.31
3 11 0.36
11 4 0.2
5 11 0.27
6 11 0.36
11 7 0.24
11 8 0.24
11 9 0.12
10 11 0.38
11 15 0.0062
1 12 0.17
2 12 0.19
3 12 0.23
4 12 0.11
5 12 0.26
6 12 0.34
12 7 0.38
12 8 0.19
12 9 0.19
10 12 0.39
11 12 0.36
12 15 0.0136
13 1 0.27
13 2 0.18
13 3 0.21
13 4 0.24
13 5 0.28
13 6 0.37
13 7 0.41
13 8 0.2
13 9 0.2
13 10 0.24
13 11 0.19
13 12 0.31
13 15 0.0152
1 14 0.26
2 14 0.22
3 14 0.17
4 14 0.1
5 14 0.31
6 14 0.4
14 7 0.33
14 8 0.17
14 9 0.17
10 14 0.15
11 14 0.24
12 14 0.38
13 14 0.27
14 15 0.0104
