*Vertices  15
1 "LED灯"
2 "反光杯"
3 "LED"
4 "二极管"
5 "通道"
6 "LED光源"
7 "铝基板"
8 "散热片"
9 "散热器"
10 "密封胶"
11 "半导体"
12 "LED芯片"
13 "芯片"
14 "透镜"
15 "导热板"
*Arcs
1 15 0.0060
1 2 0.11
15 2 0.0496
3 1 0.67
3 2 0.07
3 15 0.0029
4 1 0.32
4 2 0.1
4 3 0.72
4 15 0.0019
1 5 0.22
3 5 0.25
4 5 0.23
15 5 0.0057
6 1 0.36
6 3 0.36
6 4 0.29
6 5 0.18
6 15 0.0032
7 1 0.3
7 3 0.24
7 4 0.24
7 5 0.26
7 6 0.18
7 15 0.0062
1 8 0.43
8 2 0.24
3 8 0.3
4 8 0.22
8 5 0.35
6 8 0.45
7 8 0.29
8 15 0.0208
1 9 0.44
9 2 0.24
3 9 0.31
4 9 0.24
9 5 0.2
6 9 0.34
7 9 0.21
9 8 0.63
9 15 0.0189
1 10 0.22
3 10 0.15
4 10 0.05
5 10 0.29
6 10 0.1
7 10 0.3
8 10 0.24
9 10 0.12
15 10 0.0132
11 1 0.29
11 2 0.15
11 3 0.5
11 4 0.55
11 5 0.17
11 6 0.3
11 7 0.27
11 8 0.11
11 9 0.14
11 10 0.15
11 15 0.0032
1 12 0.19
12 2 0.22
3 12 0.34
4 12 0.33
12 5 0.31
6 12 0.18
7 12 0.26
12 8 0.26
12 9 0.21
11 12 0.51
12 15 0.0060
1 13 0.3
13 2 0.12
3 13 0.62
4 13 0.58
13 5 0.24
6 13 0.22
7 13 0.22
13 8 0.17
13 9 0.14
13 10 0.06
11 13 0.6
13 12 0.55
13 15 0.0022
14 1 0.25
14 2 0.25
14 3 0.29
14 4 0.28
14 5 0.14
14 6 0.26
14 7 0.23
14 8 0.3
14 9 0.12
14 10 0.25
14 11 0.26
14 12 0.22
14 13 0.18
14 15 0.0206
