*Vertices  15
1 "LED灯"
2 "LED"
3 "二极管"
4 "通道"
5 "塑料"
6 "铝基板"
7 "基座"
8 "密封胶"
9 "半导体"
10 "Li"
11 "空穴"
12 "射灯"
13 "发光管"
14 "导热柱"
15 "导热陶瓷"
*Arcs
1 15 0.0021
2 1 0.67
2 15 0.0011
3 1 0.32
3 2 0.72
3 15 0.0015
1 4 0.22
2 4 0.25
3 4 0.23
4 15 0.0088
5 1 0.28
5 2 0.32
5 3 0.28
5 4 0.13
5 15 0.0056
6 1 0.3
6 2 0.24
6 3 0.24
6 4 0.26
6 5 0.35
6 15 0.0103
1 7 0.22
2 7 0.15
3 7 0.15
4 7 0.43
5 7 0.11
6 7 0.3
7 15 0.0213
1 8 0.22
2 8 0.15
3 8 0.05
4 8 0.29
5 8 0.11
6 8 0.3
8 7 0.25
8 15 0.0205
9 1 0.29
9 2 0.5
9 3 0.55
9 4 0.17
9 5 0.24
9 6 0.27
9 7 0.15
9 8 0.15
9 15 0.0030
1 10 0.26
2 10 0.31
3 10 0.36
10 4 0.2
5 10 0.27
6 10 0.36
10 7 0.24
10 8 0.12
9 10 0.38
10 15 0.0062
1 11 0.17
2 11 0.19
3 11 0.23
4 11 0.11
5 11 0.26
6 11 0.34
11 7 0.19
11 8 0.19
9 11 0.39
10 11 0.36
11 15 0.0136
12 1 0.27
12 2 0.18
12 3 0.21
12 4 0.24
12 5 0.28
12 6 0.37
12 7 0.2
12 8 0.2
12 9 0.24
12 10 0.19
12 11 0.31
12 15 0.0152
1 13 0.26
2 13 0.22
3 13 0.17
4 13 0.1
5 13 0.31
6 13 0.4
13 7 0.17
13 8 0.17
9 13 0.15
10 13 0.24
11 13 0.38
12 13 0.27
13 15 0.0104
1 14 0.11
2 14 0.07
3 14 0.1
4 14 0.29
5 14 0.23
6 14 0.3
7 14 0.5
8 14 0.5
9 14 0.15
10 14 0.24
11 14 0.38
12 14 0.41
13 14 0.33
14 15 0.0605
