*Vertices  46
1 "显示器"
2 "LED灯罩"
3 "LED灯"
4 "电容"
5 "光膜"
6 "传感器"
7 "处理器"
8 "荧光粉"
9 "聚光杯"
10 "整流器"
11 "开关"
12 "发光荧光材料"
13 "变压器"
14 "LED"
15 "二极管"
16 "稳压二极管"
17 "三极管"
18 "玻璃"
19 "通道"
20 "接收管"
21 "LED光源"
22 "塑料"
23 "铝基板"
24 "基板"
25 "导热陶瓷"
26 "基座"
27 "红外线发射管"
28 "聚光碗"
29 "散热片"
30 "散热器"
31 "发光体"
32 "密封胶"
33 "半导体"
34 "电路板"
35 "客户"
36 "芯片"
37 "Li"
38 "电极"
39 "电阻"
40 "激光"
41 "空穴"
42 "洗墙灯"
43 "透镜"
44 "发光管"
45 "导热柱"
46 "射灯"
*Arcs
46 1 3.0E-4
46 2 0.0012
3 1 0.08
3 2 0.16
46 3 0.0027
3 4 0.29
46 4 0.0011
5 1 0.29
5 3 0.13
46 5 0.0013
1 6 0.25
3 6 0.13
4 6 0.08
46 6 2.0E-4
7 1 0.26
7 3 0.14
7 4 0.05
7 5 0.15
7 6 0.36
46 7 3.0E-4
8 1 0.14
8 3 0.13
8 5 0.33
8 7 0.07
46 8 5.0E-4
3 9 0.16
4 9 0.29
46 9 0.0019
3 10 0.22
4 10 0.53
10 9 0.41
46 10 6.0E-4
1 11 0.07
3 11 0.37
11 4 0.42
11 6 0.19
7 11 0.21
8 11 0.08
11 10 0.2
46 11 2.0E-4
12 1 0.13
12 3 0.21
12 5 0.31
12 7 0.07
12 8 0.54
12 11 0.07
46 12 4.0E-4
1 13 0.11
3 13 0.26
4 13 0.52
13 6 0.04
8 13 0.06
13 9 0.3
13 10 0.68
11 13 0.29
46 13 5.0E-4
14 1 0.29
14 2 0.1
14 3 0.67
14 4 0.36
14 5 0.13
14 6 0.37
14 7 0.28
14 8 0.25
14 9 0.1
14 10 0.25
14 11 0.54
14 12 0.28
14 13 0.34
46 14 0.0015
15 1 0.15
15 2 0.07
15 3 0.32
15 4 0.39
15 5 0.12
15 6 0.2
15 7 0.08
15 8 0.23
15 9 0.14
15 10 0.35
15 11 0.46
15 12 0.33
15 13 0.39
15 14 0.72
46 15 0.0018
3 16 0.21
4 16 0.46
6 16 0.08
7 16 0.1
16 9 0.53
10 16 0.55
11 16 0.21
13 16 0.48
14 16 0.19
15 16 0.27
46 16 9.0E-4
1 17 0.06
3 17 0.2
17 4 0.61
17 6 0.05
17 10 0.4
11 17 0.37
12 17 0.06
17 13 0.49
14 17 0.32
15 17 0.42
17 16 0.26
46 17 3.0E-4
18 1 0.19
18 3 0.27
18 4 0.08
18 5 0.11
18 6 0.12
18 7 0.15
18 8 0.11
18 11 0.18
18 12 0.1
18 13 0.08
18 14 0.38
18 15 0.27
18 17 0.09
46 18 8.0E-4
1 19 0.07
3 19 0.22
4 19 0.12
19 6 0.12
11 19 0.04
14 19 0.25
15 19 0.23
17 19 0.07
18 19 0.11
46 19 0.0019
1 20 0.14
3 20 0.13
4 20 0.24
6 20 0.12
11 20 0.24
14 20 0.13
15 20 0.18
17 20 0.4
18 20 0.11
19 20 0.17
46 20 0.0013
21 1 0.15
21 3 0.36
21 4 0.04
21 5 0.12
21 6 0.04
21 7 0.11
21 8 0.24
21 10 0.06
21 11 0.06
21 12 0.16
21 13 0.09
21 14 0.36
21 15 0.29
21 16 0.08
21 17 0.09
21 18 0.24
21 19 0.18
21 20 0.12
46 21 8.0E-4
22 1 0.17
22 2 0.16
22 3 0.28
22 5 0.26
22 6 0.18
22 7 0.12
22 8 0.2
22 11 0.16
22 12 0.18
22 13 0.05
22 14 0.32
22 15 0.28
22 18 0.35
22 19 0.13
22 21 0.14
46 22 0.0023
23 1 0.08
23 2 0.21
23 3 0.3
23 4 0.06
23 5 0.17
23 7 0.08
23 8 0.17
23 11 0.08
23 12 0.08
23 13 0.13
23 14 0.24
23 15 0.24
23 16 0.11
23 17 0.07
23 18 0.12
23 19 0.26
23 21 0.18
23 22 0.35
46 23 0.0038
3 24 0.27
4 24 0.29
8 24 0.1
24 9 0.5
10 24 0.31
13 24 0.23
14 24 0.21
15 24 0.14
16 24 0.4
19 24 0.2
21 24 0.07
46 24 0.0019
3 25 0.11
14 25 0.07
15 25 0.1
19 25 0.29
22 25 0.23
23 25 0.3
46 25 0.0039
3 26 0.22
8 26 0.14
12 26 0.13
14 26 0.15
15 26 0.15
19 26 0.43
21 26 0.1
22 26 0.11
23 26 0.3
24 26 0.18
26 25 0.5
46 26 0.0014
3 27 0.11
4 27 0.2
6 27 0.2
11 27 0.14
14 27 0.07
15 27 0.1
17 27 0.23
18 27 0.19
19 27 0.29
20 27 0.58
46 27 0.0025
3 28 0.16
4 28 0.29
28 9 1.0
10 28 0.41
13 28 0.3
14 28 0.1
15 28 0.14
16 28 0.53
24 28 0.5
46 28 0.0019
3 29 0.43
29 4 0.05
29 11 0.07
14 29 0.3
15 29 0.22
18 29 0.09
29 19 0.35
21 29 0.45
22 29 0.11
23 29 0.29
29 24 0.34
29 26 0.24
46 29 3.0E-4
3 30 0.44
30 4 0.19
30 9 0.33
30 10 0.2
30 13 0.15
14 30 0.31
15 30 0.24
30 16 0.27
18 30 0.05
30 19 0.2
21 30 0.34
22 30 0.05
23 30 0.21
30 24 0.5
30 26 0.12
30 28 0.33
30 29 0.63
46 30 0.0011
31 1 0.09
31 3 0.21
31 4 0.08
31 5 0.22
31 6 0.08
31 7 0.1
31 8 0.22
31 11 0.1
31 12 0.2
31 14 0.19
31 15 0.23
31 17 0.09
31 18 0.15
31 19 0.11
31 20 0.22
31 21 0.23
31 22 0.09
31 23 0.11
31 27 0.38
31 29 0.09
31 30 0.09
46 31 0.0022
3 32 0.22
11 32 0.07
14 32 0.15
15 32 0.05
18 32 0.1
19 32 0.29
21 32 0.1
22 32 0.11
23 32 0.3
32 25 0.5
32 26 0.25
29 32 0.24
30 32 0.12
46 32 0.0013
33 1 0.11
33 2 0.1
33 3 0.29
33 4 0.15
33 5 0.09
33 6 0.06
33 7 0.08
33 8 0.34
33 10 0.17
33 11 0.14
33 12 0.43
33 13 0.19
33 14 0.5
33 15 0.55
33 16 0.06
33 17 0.1
33 18 0.23
33 19 0.17
33 20 0.09
33 21 0.3
33 22 0.24
33 23 0.27
33 24 0.1
33 25 0.15
33 26 0.15
33 29 0.11
33 30 0.14
33 31 0.11
33 32 0.15
46 33 0.0018
34 1 0.26
34 3 0.4
34 4 0.13
34 5 0.24
34 6 0.08
34 7 0.11
34 8 0.12
34 11 0.14
34 12 0.16
34 13 0.04
34 14 0.36
34 15 0.17
34 17 0.19
34 18 0.39
34 19 0.06
34 20 0.24
34 21 0.17
34 22 0.19
34 23 0.06
34 26 0.1
34 27 0.2
34 29 0.05
34 30 0.1
34 31 0.23
34 32 0.1
34 33 0.15
46 34 9.0E-4
1 35 0.2
3 35 0.22
4 35 0.17
5 35 0.24
35 6 0.24
7 35 0.21
8 35 0.12
11 35 0.17
12 35 0.11
14 35 0.18
15 35 0.08
17 35 0.09
18 35 0.08
35 19 0.12
35 20 0.24
21 35 0.08
22 35 0.09
35 27 0.41
31 35 0.15
33 35 0.12
34 35 0.17
46 35 8.0E-4
1 36 0.27
3 36 0.3
36 4 0.37
5 36 0.07
36 6 0.17
7 36 0.12
8 36 0.35
36 10 0.14
36 11 0.28
12 36 0.35
36 13 0.18
14 36 0.62
15 36 0.58
36 16 0.14
36 17 0.33
18 36 0.21
36 19 0.24
36 20 0.21
21 36 0.22
22 36 0.11
23 36 0.22
36 24 0.13
36 26 0.18
36 27 0.12
36 29 0.17
36 30 0.14
31 36 0.09
36 32 0.06
33 36 0.6
34 36 0.22
36 35 0.1
46 36 3.0E-4
1 37 0.06
37 2 0.17
3 37 0.26
37 4 0.05
5 37 0.14
37 6 0.05
7 37 0.06
8 37 0.27
37 11 0.13
12 37 0.31
37 13 0.05
14 37 0.31
15 37 0.36
18 37 0.23
37 19 0.2
21 37 0.24
22 37 0.27
23 37 0.36
37 25 0.24
37 26 0.24
37 29 0.17
37 30 0.17
37 32 0.12
33 37 0.38
34 37 0.14
37 35 0.1
37 36 0.31
46 37 0.0013
1 38 0.04
3 38 0.16
4 38 0.37
38 6 0.03
8 38 0.09
38 10 0.33
11 38 0.2
12 38 0.22
38 13 0.39
14 38 0.45
15 38 0.55
38 16 0.19
17 38 0.6
18 38 0.13
38 19 0.19
38 20 0.19
21 38 0.1
22 38 0.04
23 38 0.1
38 24 0.06
38 27 0.16
31 38 0.06
33 38 0.56
34 38 0.03
38 35 0.07
36 38 0.57
37 38 0.12
46 38 3.0E-4
1 39 0.08
3 39 0.3
39 4 0.73
39 6 0.16
7 39 0.08
8 39 0.05
39 9 0.23
39 10 0.56
11 39 0.46
12 39 0.04
39 13 0.55
14 39 0.45
15 39 0.51
39 16 0.43
39 17 0.71
18 39 0.09
39 19 0.19
39 20 0.28
21 39 0.1
23 39 0.05
39 24 0.23
39 26 0.08
39 27 0.16
39 28 0.23
29 39 0.04
30 39 0.15
31 39 0.06
33 39 0.19
34 39 0.17
39 35 0.13
36 39 0.47
37 39 0.11
39 38 0.51
46 39 8.0E-4
40 1 0.2
40 3 0.12
40 5 0.31
40 6 0.16
40 7 0.14
40 8 0.23
40 10 0.08
40 11 0.04
40 12 0.21
40 13 0.06
40 14 0.28
40 15 0.24
40 18 0.21
40 19 0.08
40 21 0.16
40 22 0.18
40 23 0.08
40 24 0.09
40 31 0.1
40 33 0.39
40 34 0.11
40 35 0.11
40 36 0.26
40 37 0.19
40 38 0.31
40 39 0.17
46 40 4.0E-4
41 2 0.27
3 41 0.17
4 41 0.08
8 41 0.11
10 41 0.11
11 41 0.1
13 41 0.16
14 41 0.19
15 41 0.23
41 16 0.14
17 41 0.09
19 41 0.11
21 41 0.08
22 41 0.26
23 41 0.34
41 25 0.38
41 26 0.19
41 32 0.19
33 41 0.39
36 41 0.18
37 41 0.36
38 41 0.25
39 41 0.12
40 41 0.1
46 41 0.0026
42 1 0.25
42 3 0.11
42 5 0.58
42 7 0.26
42 8 0.29
42 12 0.27
42 14 0.07
42 15 0.1
42 18 0.19
42 21 0.2
42 22 0.23
42 23 0.3
42 31 0.38
42 33 0.15
42 34 0.2
42 40 0.27
46 42 0.0026
43 1 0.13
43 3 0.25
43 5 0.29
43 6 0.1
43 7 0.06
43 8 0.29
43 11 0.07
43 12 0.33
43 14 0.29
43 15 0.28
43 18 0.14
43 19 0.14
43 21 0.26
43 22 0.23
43 23 0.23
43 24 0.09
43 26 0.25
43 29 0.3
43 30 0.12
43 31 0.09
43 32 0.25
43 33 0.26
43 34 0.15
43 35 0.1
43 36 0.18
43 37 0.29
43 38 0.04
43 40 0.27
43 42 0.25
43 46 4.0E-4
44 2 0.24
3 44 0.26
4 44 0.07
6 44 0.07
7 44 0.09
11 44 0.23
13 44 0.21
14 44 0.22
15 44 0.17
16 44 0.13
17 44 0.08
18 44 0.06
19 44 0.1
22 44 0.31
23 44 0.4
44 25 0.33
44 26 0.17
31 44 0.13
44 32 0.17
33 44 0.15
34 44 0.07
36 44 0.04
37 44 0.24
38 44 0.05
39 44 0.05
41 44 0.38
46 44 0.0021
3 45 0.11
14 45 0.07
15 45 0.1
19 45 0.29
22 45 0.23
23 45 0.3
45 25 1.0
26 45 0.5
32 45 0.5
33 45 0.15
37 45 0.24
41 45 0.38
44 45 0.33
46 45 0.0039
