*Vertices  86
1 "LED显示屏"
2 "LCD显示屏"
3 "3D显示屏"
4 "显示器"
5 "衬底"
6 "LED灯"
7 "连接带"
8 "电容"
9 "容器"
10 "光膜"
11 "传感器"
12 "控制器"
13 "处理器"
14 "单片机"
15 "叶片"
16 "整流器"
17 "开关"
18 "发光荧光材料"
19 "GAN"
20 "次氯酸钠溶液"
21 "焊油墨"
22 "显示技术"
23 "变压器"
24 "桡动脉"
25 "蒸镀方法"
26 "发光板"
27 "EP"
28 "LED外延片"
29 "外延片"
30 "外延"
31 "LED"
32 "二极管"
33 "稳压二极管"
34 "三极管"
35 "听筒"
36 "止血扣碗"
37 "玻璃"
38 "通道"
39 "塑料"
40 "腐蚀液"
41 "转换器"
42 "铝基板"
43 "缓冲层"
44 "电动机"
45 "光刻胶"
46 "密封胶"
47 "填充区域"
48 "SiO2"
49 "半导体"
50 "电路板"
51 "Al2O3"
52 "GaAs"
53 "MQW"
54 "ESD"
55 "ITO"
56 "键合"
57 "客户"
58 "太阳能"
59 "LED芯片"
60 "芯片"
61 "金属层"
62 "电流扩展层"
63 "电感"
64 "离子"
65 "耳机"
66 "电视机"
67 "电极"
68 "接触层"
69 "MP4播放器"
70 "电阻"
71 "基色"
72 "驱动模块"
73 "丙酮"
74 "激光"
75 "MOCVD"
76 "标准芯片工艺制作"
77 "湿法刻蚀"
78 "干法刻蚀"
79 "空穴"
80 "光电耦合器"
81 "反射层"
82 "发光层"
83 "甲基"
84 "固定支架"
85 "电流阻挡层"
86 "屏幕"
*Arcs
86 1 0.0010
2 1 0.21
2 86 3.0E-4
1 3 0.32
86 3 8.0E-4
4 1 0.08
4 2 0.33
4 86 2.0E-4
5 2 0.08
5 86 0.0016
6 1 0.03
6 2 0.04
6 4 0.08
6 5 0.03
6 86 1.0E-4
1 7 0.16
7 3 0.5
6 7 0.05
86 7 0.0010
6 8 0.29
8 86 1.0E-4
9 5 0.09
6 9 0.12
8 9 0.23
9 86 1.0E-4
10 2 0.19
10 4 0.29
10 6 0.13
10 9 0.22
10 86 2.0E-4
2 11 0.13
4 11 0.25
6 11 0.13
11 7 0.2
8 11 0.08
86 11 2.0E-4
12 1 0.23
2 12 0.24
4 12 0.24
6 12 0.11
8 12 0.15
9 12 0.09
12 11 0.19
86 12 2.0E-4
13 1 0.16
13 2 0.09
13 4 0.26
13 6 0.14
13 7 0.13
13 8 0.05
13 10 0.15
13 11 0.36
13 12 0.44
13 86 1.0E-4
14 1 0.07
14 2 0.08
4 14 0.52
6 14 0.13
14 8 0.19
14 11 0.28
14 12 0.17
13 14 0.24
14 86 0.0
1 15 0.45
6 15 0.08
86 15 8.0E-4
16 5 0.07
6 16 0.22
8 16 0.53
16 9 0.33
16 12 0.07
16 86 1.0E-4
17 1 0.04
17 2 0.14
4 17 0.07
6 17 0.37
17 7 0.07
17 8 0.42
17 9 0.21
17 11 0.19
17 12 0.23
13 17 0.21
17 14 0.19
17 16 0.2
17 86 3.0E-4
18 4 0.13
18 5 0.18
18 6 0.21
18 9 0.2
18 10 0.31
18 13 0.07
18 14 0.06
18 17 0.07
18 86 3.0E-4
19 2 0.12
19 5 0.65
6 19 0.04
16 19 0.1
19 86 5.0E-4
5 20 0.32
86 20 3.0E-4
2 21 0.33
4 21 0.25
6 21 0.11
10 21 0.58
86 21 3.0E-4
2 22 0.24
4 22 0.35
11 22 0.14
12 22 0.34
13 22 0.18
14 22 0.16
86 22 2.0E-4
23 1 0.07
4 23 0.11
23 5 0.05
6 23 0.26
8 23 0.52
23 9 0.24
23 11 0.04
23 12 0.1
14 23 0.05
23 16 0.68
17 23 0.29
23 19 0.08
23 86 1.0E-4
24 7 0.5
11 24 0.2
17 24 0.14
86 24 6.0E-4
5 25 0.32
18 25 0.38
86 25 9.0E-4
6 26 0.16
8 26 0.2
9 26 0.19
12 26 0.12
16 26 0.14
17 26 0.14
23 26 0.21
86 26 1.0E-4
4 27 0.07
27 5 0.12
6 27 0.12
27 8 0.11
27 9 0.1
27 12 0.06
13 27 0.14
27 14 0.06
27 16 0.08
27 17 0.11
18 27 0.29
27 20 0.19
27 23 0.11
27 86 1.0E-4
28 2 0.12
28 5 0.65
6 28 0.04
16 28 0.1
28 19 0.75
23 28 0.08
28 86 8.0E-4
29 2 0.09
29 5 0.83
6 29 0.03
16 29 0.08
18 29 0.15
29 19 0.78
29 20 0.2
23 29 0.06
29 25 0.39
27 29 0.07
29 28 0.78
29 86 0.0019
30 2 0.08
30 5 0.95
6 30 0.05
16 30 0.07
18 30 0.25
30 19 0.65
30 20 0.32
23 30 0.05
30 25 0.32
27 30 0.06
30 28 0.65
30 29 0.83
30 86 0.0016
31 1 0.23
31 2 0.22
31 3 0.07
31 4 0.29
31 5 0.32
31 6 0.67
31 7 0.15
31 8 0.36
31 9 0.19
31 10 0.13
31 11 0.37
31 12 0.3
31 13 0.28
31 14 0.32
31 15 0.1
31 16 0.25
31 17 0.54
31 18 0.28
31 19 0.21
31 20 0.1
31 21 0.07
31 22 0.1
31 23 0.34
31 24 0.07
31 25 0.1
31 26 0.15
31 27 0.28
31 28 0.21
31 29 0.27
31 30 0.32
31 86 0.0013
32 1 0.06
32 2 0.14
32 4 0.15
32 5 0.37
32 6 0.32
32 8 0.39
32 9 0.23
32 10 0.12
32 11 0.2
32 12 0.15
32 13 0.08
32 14 0.16
32 16 0.35
32 17 0.46
32 18 0.33
32 19 0.25
32 20 0.14
32 23 0.39
32 25 0.14
32 26 0.15
32 27 0.22
32 28 0.22
32 29 0.31
32 30 0.37
32 31 0.72
32 86 7.0E-4
2 33 0.13
6 33 0.21
8 33 0.46
9 33 0.14
11 33 0.08
12 33 0.18
13 33 0.1
16 33 0.55
17 33 0.21
23 33 0.48
33 26 0.38
27 33 0.1
31 33 0.19
32 33 0.27
86 33 1.0E-4
34 2 0.08
4 34 0.06
6 34 0.2
34 8 0.61
34 9 0.17
34 11 0.05
34 12 0.11
14 34 0.16
34 16 0.4
17 34 0.37
18 34 0.06
34 23 0.49
34 26 0.23
27 34 0.06
31 34 0.32
32 34 0.42
34 33 0.26
34 86 1.0E-4
1 35 0.32
35 3 1.0
7 35 0.5
31 35 0.07
86 35 8.0E-4
36 7 0.5
11 36 0.2
17 36 0.14
36 24 1.0
31 36 0.07
86 36 6.0E-4
37 1 0.18
37 4 0.19
37 5 0.13
37 6 0.27
37 8 0.08
37 10 0.11
37 11 0.12
37 13 0.15
37 14 0.22
37 15 0.27
37 17 0.18
37 18 0.1
37 19 0.14
37 20 0.14
37 23 0.08
37 27 0.21
37 29 0.16
37 30 0.13
37 31 0.38
37 32 0.27
37 34 0.09
37 86 3.0E-4
4 38 0.07
38 5 0.2
6 38 0.22
8 38 0.12
38 11 0.12
14 38 0.07
17 38 0.04
38 19 0.31
38 28 0.2
38 29 0.24
38 30 0.2
31 38 0.25
32 38 0.23
34 38 0.07
37 38 0.11
38 86 1.0E-4
39 1 0.07
39 4 0.17
39 5 0.05
39 6 0.28
39 9 0.17
39 10 0.26
39 11 0.18
39 12 0.17
39 13 0.12
39 14 0.05
39 15 0.16
39 17 0.16
39 18 0.18
39 20 0.16
39 22 0.16
39 23 0.05
39 27 0.06
39 29 0.06
39 30 0.05
39 31 0.32
39 32 0.28
39 37 0.35
39 38 0.13
39 86 3.0E-4
5 40 0.56
6 40 0.04
9 40 0.15
16 40 0.12
19 40 0.14
40 20 0.58
23 40 0.09
27 40 0.22
28 40 0.29
29 40 0.34
30 40 0.47
31 40 0.18
32 40 0.25
37 40 0.08
39 40 0.09
40 86 5.0E-4
41 1 0.1
41 2 0.2
4 41 0.15
6 41 0.1
8 41 0.25
41 11 0.3
41 12 0.22
13 41 0.16
14 41 0.14
17 41 0.25
18 41 0.08
23 41 0.06
27 41 0.08
31 41 0.24
32 41 0.21
41 33 0.11
34 41 0.14
37 41 0.12
39 41 0.21
41 86 1.0E-4
42 4 0.08
42 5 0.07
42 6 0.3
42 8 0.06
42 10 0.17
42 13 0.08
42 17 0.08
42 18 0.08
42 20 0.21
42 23 0.13
42 26 0.15
42 27 0.16
42 29 0.08
42 30 0.07
42 31 0.24
42 32 0.24
42 33 0.11
42 34 0.07
42 37 0.12
42 38 0.26
42 39 0.35
42 40 0.12
42 86 1.0E-4
43 2 0.12
43 5 0.65
18 43 0.19
43 19 0.63
43 25 0.5
43 28 0.75
43 29 0.78
43 30 0.65
31 43 0.21
32 43 0.22
43 38 0.2
43 86 0.0013
4 44 0.14
6 44 0.06
11 44 0.23
12 44 0.14
13 44 0.15
14 44 0.26
44 22 0.41
27 44 0.15
31 44 0.13
39 44 0.13
86 44 2.0E-4
5 45 0.46
6 45 0.05
16 45 0.14
19 45 0.18
45 20 0.35
23 45 0.11
27 45 0.13
28 45 0.35
29 45 0.42
30 45 0.46
31 45 0.15
32 45 0.2
37 45 0.1
39 45 0.11
40 45 0.82
42 45 0.15
86 45 6.0E-4
46 1 0.16
6 46 0.22
46 15 0.35
17 46 0.07
31 46 0.15
32 46 0.05
37 46 0.1
38 46 0.29
39 46 0.11
42 46 0.3
86 46 2.0E-4
5 47 0.23
20 47 0.71
27 47 0.27
29 47 0.28
30 47 0.23
31 47 0.07
32 47 0.1
37 47 0.19
39 47 0.23
40 47 0.41
42 47 0.3
45 47 0.5
86 47 5.0E-4
48 1 0.09
4 48 0.07
48 5 0.38
6 48 0.12
48 9 0.21
10 48 0.16
48 15 0.2
48 16 0.08
48 17 0.04
18 48 0.52
48 19 0.29
48 23 0.06
48 25 0.2
48 27 0.3
48 28 0.2
48 29 0.38
48 30 0.38
31 48 0.27
32 48 0.31
37 48 0.16
48 38 0.08
39 48 0.19
48 40 0.34
48 41 0.08
48 43 0.1
48 45 0.28
48 86 6.0E-4
49 1 0.05
49 2 0.05
49 4 0.11
49 5 0.64
49 6 0.29
49 8 0.15
49 9 0.22
49 10 0.09
49 11 0.06
49 13 0.08
49 14 0.03
49 15 0.1
49 16 0.17
49 17 0.14
49 18 0.43
49 19 0.42
49 20 0.21
49 23 0.19
49 25 0.21
49 27 0.28
49 28 0.42
49 29 0.53
49 30 0.64
49 31 0.5
49 32 0.55
49 33 0.06
49 34 0.1
49 37 0.23
49 38 0.17
49 39 0.24
49 40 0.36
49 41 0.13
49 42 0.27
49 43 0.42
49 45 0.29
49 46 0.15
49 47 0.15
49 48 0.41
49 86 0.0011
50 1 0.13
50 2 0.2
50 4 0.26
50 6 0.4
50 8 0.13
50 9 0.08
50 10 0.24
50 11 0.08
50 12 0.1
50 13 0.11
50 14 0.14
50 15 0.29
50 17 0.14
50 18 0.16
50 21 0.2
50 22 0.14
50 23 0.04
50 27 0.05
50 31 0.36
50 32 0.17
50 34 0.19
50 37 0.39
50 38 0.06
50 39 0.19
50 42 0.06
50 46 0.1
50 48 0.06
50 49 0.15
50 86 3.0E-4
51 2 0.08
4 51 0.06
51 5 0.72
6 51 0.08
51 9 0.09
10 51 0.14
51 16 0.07
51 17 0.03
18 51 0.45
51 19 0.69
51 23 0.05
51 25 0.34
27 51 0.06
51 28 0.6
51 29 0.74
51 30 0.78
31 51 0.3
32 51 0.34
37 51 0.09
51 38 0.21
39 51 0.11
51 40 0.1
51 41 0.07
51 43 0.69
51 45 0.12
48 51 0.54
49 51 0.57
51 86 9.0E-4
5 52 0.61
6 52 0.04
18 52 0.18
19 52 0.24
52 20 0.47
52 25 0.24
27 52 0.09
29 52 0.37
30 52 0.69
31 52 0.22
32 52 0.27
37 52 0.19
38 52 0.1
39 52 0.08
40 52 0.41
42 52 0.1
43 52 0.12
52 45 0.33
52 47 0.33
48 52 0.37
49 52 0.44
51 52 0.4
86 52 5.0E-4
53 2 0.09
53 5 0.64
6 53 0.09
8 53 0.06
16 53 0.16
17 53 0.04
18 53 0.15
53 19 0.78
53 20 0.2
23 53 0.12
27 53 0.22
53 28 0.69
53 29 0.77
53 30 0.7
31 53 0.27
32 53 0.31
53 33 0.1
34 53 0.06
37 53 0.21
53 38 0.24
39 53 0.06
53 40 0.23
42 53 0.08
53 43 0.59
53 45 0.28
53 47 0.28
48 53 0.31
49 53 0.53
51 53 0.67
53 52 0.37
53 86 7.0E-4
54 5 0.41
8 54 0.09
54 11 0.09
14 54 0.1
17 54 0.06
54 19 0.47
54 28 0.63
54 29 0.5
54 30 0.41
31 54 0.16
32 54 0.14
54 38 0.26
41 54 0.13
54 43 0.63
49 54 0.26
51 54 0.43
54 53 0.5
54 86 4.0E-4
55 2 0.19
4 55 0.07
5 55 0.66
6 55 0.06
55 12 0.07
16 55 0.08
18 55 0.23
19 55 0.61
23 55 0.06
55 25 0.2
28 55 0.61
29 55 0.72
30 55 0.73
31 55 0.25
32 55 0.26
37 55 0.11
38 55 0.08
55 40 0.24
43 55 0.51
55 45 0.29
48 55 0.4
49 55 0.47
51 55 0.7
55 52 0.29
53 55 0.64
54 55 0.26
55 86 7.0E-4
5 56 0.26
6 56 0.04
8 56 0.08
56 11 0.08
14 56 0.09
18 56 0.2
56 20 0.27
56 25 0.27
27 56 0.1
29 56 0.1
30 56 0.35
31 56 0.19
32 56 0.19
37 56 0.07
39 56 0.09
56 40 0.15
41 56 0.11
42 56 0.11
43 56 0.13
48 56 0.21
49 56 0.28
51 56 0.28
56 52 0.5
53 56 0.1
55 56 0.11
56 86 2.0E-4
57 2 0.14
4 57 0.2
6 57 0.22
8 57 0.17
10 57 0.24
57 11 0.24
13 57 0.21
17 57 0.17
18 57 0.11
57 21 0.41
27 57 0.11
31 57 0.18
32 57 0.08
34 57 0.09
37 57 0.08
57 38 0.12
39 57 0.09
41 57 0.12
48 57 0.11
49 57 0.12
50 57 0.17
51 57 0.1
57 86 1.0E-4
58 1 0.2
5 58 0.07
6 58 0.14
58 7 0.16
8 58 0.06
12 58 0.23
13 58 0.08
17 58 0.17
19 58 0.11
23 58 0.07
28 58 0.11
29 58 0.09
30 58 0.07
31 58 0.23
32 58 0.13
34 58 0.07
37 58 0.12
38 58 0.09
43 58 0.11
49 58 0.05
50 58 0.06
51 58 0.08
53 58 0.09
54 58 0.14
86 58 1.0E-4
59 2 0.07
59 5 0.5
6 59 0.19
59 8 0.13
59 9 0.25
10 59 0.13
59 14 0.05
59 16 0.13
59 17 0.03
18 59 0.17
59 19 0.39
59 20 0.15
59 23 0.09
27 59 0.29
59 28 0.54
59 29 0.48
59 30 0.45
31 59 0.34
32 59 0.33
59 33 0.08
59 34 0.05
37 59 0.08
59 38 0.31
39 59 0.1
59 40 0.36
42 59 0.26
59 43 0.39
59 45 0.33
59 47 0.22
48 59 0.24
49 59 0.51
50 59 0.04
51 59 0.42
59 52 0.15
59 53 0.54
59 54 0.39
59 55 0.31
59 56 0.25
59 58 0.07
59 86 6.0E-4
60 1 0.08
60 2 0.24
4 60 0.27
60 5 0.49
6 60 0.3
60 8 0.37
60 9 0.14
10 60 0.07
60 11 0.17
60 12 0.23
13 60 0.12
60 14 0.33
60 15 0.08
60 16 0.14
60 17 0.28
18 60 0.35
60 19 0.34
60 20 0.17
60 22 0.17
60 23 0.18
60 25 0.17
60 26 0.06
60 27 0.35
60 28 0.34
60 29 0.43
60 30 0.49
31 60 0.62
32 60 0.58
60 33 0.14
60 34 0.33
37 60 0.21
60 38 0.24
39 60 0.11
60 40 0.29
60 41 0.25
42 60 0.22
60 43 0.34
60 44 0.14
60 45 0.24
60 46 0.06
60 47 0.12
60 48 0.4
49 60 0.6
50 60 0.22
60 51 0.46
60 52 0.36
60 53 0.43
60 54 0.27
60 55 0.38
60 56 0.27
60 57 0.1
60 58 0.08
60 59 0.55
60 86 0.0010
5 61 0.41
6 61 0.05
18 61 0.24
19 61 0.32
28 61 0.16
29 61 0.37
30 61 0.51
31 61 0.16
32 61 0.23
37 61 0.17
38 61 0.13
40 61 0.18
45 61 0.22
48 61 0.5
49 61 0.33
51 61 0.43
52 61 0.45
53 61 0.37
55 61 0.65
56 61 0.17
59 61 0.1
60 61 0.21
86 61 2.0E-4
5 62 0.57
6 62 0.08
9 62 0.13
16 62 0.1
18 62 0.09
19 62 0.38
62 20 0.5
23 62 0.08
27 62 0.19
28 62 0.13
29 62 0.39
30 62 0.57
31 62 0.21
32 62 0.29
37 62 0.2
38 62 0.1
39 62 0.08
62 40 0.58
42 62 0.11
62 45 0.35
62 47 0.35
48 62 0.49
49 62 0.42
51 62 0.34
62 52 0.71
53 62 0.49
55 62 0.41
56 62 0.27
59 62 0.23
60 62 0.34
62 61 0.47
62 86 3.0E-4
6 63 0.25
8 63 0.54
63 9 0.43
63 12 0.09
16 63 0.44
17 63 0.36
23 63 0.4
63 26 0.38
27 63 0.1
31 63 0.19
32 63 0.23
63 33 0.43
34 63 0.43
63 41 0.23
42 63 0.11
49 63 0.22
63 53 0.1
59 63 0.08
60 63 0.18
63 86 1.0E-4
64 1 0.15
64 2 0.15
4 64 0.06
64 5 0.32
6 64 0.13
64 9 0.09
18 64 0.18
64 19 0.16
64 20 0.32
64 23 0.1
64 27 0.49
64 29 0.19
64 30 0.26
31 64 0.32
32 64 0.26
37 64 0.35
64 38 0.07
39 64 0.05
64 40 0.37
64 41 0.07
42 64 0.07
64 45 0.23
64 47 0.23
64 48 0.32
49 64 0.34
50 64 0.14
64 51 0.11
64 52 0.38
64 53 0.25
64 55 0.13
64 56 0.09
64 59 0.15
64 60 0.33
64 61 0.21
64 62 0.41
64 86 2.0E-4
65 1 0.22
65 3 0.71
65 7 0.35
17 65 0.1
31 65 0.1
32 65 0.07
65 35 0.71
60 65 0.08
65 86 5.0E-4
17 66 0.14
31 66 0.07
32 66 0.1
86 66 3.0E-4
67 2 0.11
4 67 0.04
67 5 0.72
6 67 0.16
8 67 0.37
67 9 0.19
67 11 0.03
67 12 0.12
14 67 0.04
67 16 0.33
17 67 0.2
18 67 0.22
67 19 0.46
67 20 0.23
67 23 0.39
67 25 0.23
67 26 0.16
27 67 0.13
67 28 0.46
67 29 0.59
67 30 0.72
31 67 0.45
32 67 0.55
67 33 0.19
34 67 0.6
37 67 0.13
67 38 0.19
39 67 0.04
67 40 0.4
67 41 0.1
42 67 0.1
67 43 0.46
67 45 0.33
67 47 0.16
48 67 0.32
49 67 0.56
50 67 0.03
51 67 0.56
67 52 0.49
67 53 0.55
67 54 0.29
67 55 0.57
67 56 0.25
67 57 0.07
67 58 0.05
59 67 0.39
60 67 0.57
67 61 0.37
67 62 0.46
67 63 0.31
64 67 0.23
67 86 0.0012
68 2 0.13
68 5 0.61
6 68 0.04
16 68 0.11
68 19 0.8
23 68 0.08
68 28 0.94
68 29 0.73
68 30 0.61
31 68 0.19
32 68 0.19
68 38 0.22
68 40 0.15
68 43 0.8
68 45 0.19
48 68 0.1
49 68 0.39
51 68 0.64
68 53 0.73
68 54 0.68
68 55 0.55
68 58 0.12
59 68 0.49
60 68 0.32
68 62 0.13
67 68 0.43
68 86 5.0E-4
1 69 0.32
69 3 1.0
7 69 0.5
31 69 0.07
69 35 1.0
65 69 0.71
86 69 8.0E-4
70 2 0.16
4 70 0.08
70 5 0.11
6 70 0.3
70 8 0.73
70 9 0.18
70 11 0.16
70 12 0.16
13 70 0.08
14 70 0.22
70 16 0.56
17 70 0.46
18 70 0.04
70 19 0.17
70 23 0.55
70 26 0.16
27 70 0.09
70 28 0.11
70 29 0.13
70 30 0.11
31 70 0.45
32 70 0.51
70 33 0.43
70 34 0.71
37 70 0.09
70 38 0.19
70 40 0.07
70 41 0.29
42 70 0.05
70 43 0.06
70 45 0.08
48 70 0.09
49 70 0.19
50 70 0.17
51 70 0.12
70 52 0.05
70 53 0.18
70 54 0.07
70 55 0.14
70 57 0.13
70 58 0.05
59 70 0.11
60 70 0.47
70 61 0.07
70 62 0.11
70 63 0.43
64 70 0.04
70 67 0.51
70 68 0.12
70 86 1.0E-4
71 1 0.39
71 5 0.09
6 71 0.04
71 12 0.1
13 71 0.11
71 15 0.29
18 71 0.22
71 27 0.22
71 30 0.09
31 71 0.18
32 71 0.08
37 71 0.16
39 71 0.09
71 48 0.23
49 71 0.12
50 71 0.08
71 51 0.1
71 52 0.14
71 53 0.11
71 56 0.15
71 59 0.18
71 60 0.15
71 64 0.19
71 67 0.07
71 86 1.0E-4
4 72 0.18
6 72 0.08
11 72 0.14
12 72 0.17
13 72 0.18
14 72 0.16
72 22 0.5
31 72 0.1
39 72 0.16
44 72 0.41
60 72 0.17
86 72 2.0E-4
4 73 0.1
73 5 0.19
6 73 0.04
73 9 0.15
18 73 0.11
73 20 0.29
73 23 0.09
73 27 0.65
73 29 0.11
73 30 0.09
31 73 0.18
32 73 0.17
37 73 0.24
39 73 0.09
73 40 0.33
42 73 0.12
73 45 0.2
73 47 0.41
73 48 0.23
49 73 0.18
50 73 0.08
73 52 0.14
73 53 0.11
73 59 0.18
73 60 0.24
73 62 0.29
73 64 0.56
73 67 0.13
73 71 0.17
73 86 1.0E-4
74 2 0.09
74 4 0.2
74 5 0.37
74 6 0.12
74 10 0.31
74 11 0.16
74 12 0.06
74 13 0.14
74 14 0.06
74 16 0.08
74 17 0.04
74 18 0.21
74 19 0.38
74 21 0.27
74 22 0.19
74 23 0.06
74 28 0.19
74 29 0.3
74 30 0.43
74 31 0.28
74 32 0.24
74 37 0.21
74 38 0.08
74 39 0.18
74 40 0.11
74 41 0.08
74 42 0.08
74 43 0.09
74 44 0.31
74 45 0.13
74 48 0.3
74 49 0.39
74 50 0.11
74 51 0.45
74 52 0.36
74 53 0.37
74 55 0.46
74 56 0.2
74 57 0.11
74 59 0.12
74 60 0.26
74 61 0.48
74 62 0.38
74 64 0.12
74 67 0.31
74 68 0.2
74 70 0.17
74 71 0.11
74 72 0.19
74 86 4.0E-4
75 2 0.1
75 5 0.73
6 75 0.03
18 75 0.23
75 19 0.71
75 20 0.2
75 25 0.41
27 75 0.08
75 28 0.61
75 29 0.88
75 30 0.79
31 75 0.25
32 75 0.29
37 75 0.17
75 38 0.25
39 75 0.07
75 40 0.12
42 75 0.09
75 43 0.82
75 45 0.14
75 47 0.29
48 75 0.32
49 75 0.51
51 75 0.77
75 52 0.48
75 53 0.8
75 54 0.52
75 55 0.67
75 56 0.22
75 58 0.09
59 75 0.38
60 75 0.41
75 61 0.39
75 62 0.41
64 75 0.2
67 75 0.57
75 68 0.65
70 75 0.09
73 75 0.12
74 75 0.31
75 86 0.0015
76 2 0.15
76 5 0.51
76 19 0.63
76 28 0.79
76 29 0.62
76 30 0.51
31 76 0.16
32 76 0.14
76 38 0.13
76 43 0.79
49 76 0.33
51 76 0.54
76 53 0.62
76 54 0.6
76 55 0.52
59 76 0.39
60 76 0.27
67 76 0.37
76 68 0.85
70 76 0.07
74 76 0.12
76 75 0.65
76 86 3.0E-4
5 77 0.46
18 77 0.13
19 77 0.35
77 25 0.35
28 77 0.18
29 77 0.55
30 77 0.46
31 77 0.15
32 77 0.2
37 77 0.19
38 77 0.14
40 77 0.2
43 77 0.18
77 45 0.25
48 77 0.55
49 77 0.29
51 77 0.36
77 52 0.5
53 77 0.28
55 77 0.43
56 77 0.19
59 77 0.11
60 77 0.24
77 61 0.67
62 77 0.35
64 77 0.23
67 77 0.33
70 77 0.08
74 77 0.27
75 77 0.43
86 77 7.0E-4
5 78 0.51
18 78 0.24
19 78 0.32
78 25 0.63
29 78 0.5
30 78 0.51
31 78 0.16
32 78 0.18
37 78 0.17
38 78 0.13
43 78 0.32
48 78 0.37
49 78 0.33
51 78 0.54
78 52 0.6
53 78 0.25
55 78 0.39
56 78 0.34
59 78 0.1
60 78 0.27
78 61 0.4
62 78 0.32
64 78 0.21
67 78 0.37
70 78 0.07
71 78 0.18
74 78 0.36
75 78 0.52
78 77 0.67
86 78 6.0E-4
79 2 0.13
5 79 0.26
6 79 0.17
8 79 0.08
16 79 0.11
17 79 0.1
19 79 0.4
23 79 0.16
27 79 0.1
28 79 0.4
29 79 0.31
30 79 0.26
31 79 0.19
32 79 0.23
79 33 0.14
34 79 0.09
38 79 0.11
39 79 0.26
42 79 0.34
43 79 0.4
79 46 0.19
49 79 0.39
51 79 0.28
53 79 0.42
54 79 0.17
79 55 0.33
59 79 0.25
60 79 0.18
63 79 0.14
67 79 0.25
68 79 0.43
70 79 0.12
74 79 0.1
75 79 0.33
76 79 0.51
79 86 2.0E-4
8 80 0.29
9 80 0.27
12 80 0.34
16 80 0.2
17 80 0.1
23 80 0.15
80 26 0.35
31 80 0.1
32 80 0.14
33 80 0.27
34 80 0.32
41 80 0.21
60 80 0.08
63 80 0.27
67 80 0.23
70 80 0.23
86 80 2.0E-4
81 1 0.12
5 81 0.52
81 15 0.27
18 81 0.3
81 20 0.27
81 25 0.53
27 81 0.1
28 81 0.13
29 81 0.42
30 81 0.52
31 81 0.19
32 81 0.19
37 81 0.15
39 81 0.17
40 81 0.31
42 81 0.11
43 81 0.27
81 45 0.38
81 47 0.38
48 81 0.31
49 81 0.33
50 81 0.08
51 81 0.37
81 52 0.38
53 81 0.1
55 81 0.33
56 81 0.29
59 81 0.25
60 81 0.23
81 61 0.34
62 81 0.13
64 81 0.09
67 81 0.37
71 81 0.31
73 81 0.15
74 81 0.2
75 81 0.33
81 77 0.38
81 78 0.51
81 86 0.0019
82 2 0.13
5 82 0.61
9 82 0.14
18 82 0.2
19 82 0.13
82 20 0.53
82 25 0.53
27 82 0.2
28 82 0.13
29 82 0.42
30 82 0.52
31 82 0.19
32 82 0.27
37 82 0.07
39 82 0.09
82 40 0.46
42 82 0.11
43 82 0.4
82 45 0.19
82 47 0.38
48 82 0.21
49 82 0.39
51 82 0.28
82 52 0.5
53 82 0.21
82 55 0.22
82 56 0.29
59 82 0.25
60 82 0.32
82 62 0.53
64 82 0.26
67 82 0.43
68 82 0.14
73 82 0.31
75 82 0.44
76 82 0.17
82 77 0.19
82 78 0.34
82 79 0.14
82 81 0.43
82 86 9.0E-4
83 2 0.1
4 83 0.14
83 5 0.33
6 83 0.06
83 9 0.22
10 83 0.17
17 83 0.04
18 83 0.23
83 19 0.41
23 83 0.06
27 83 0.23
83 28 0.51
83 29 0.4
83 30 0.33
31 83 0.25
32 83 0.23
37 83 0.11
83 38 0.08
39 83 0.13
41 83 0.09
83 43 0.51
48 83 0.16
49 83 0.38
50 83 0.12
51 83 0.49
83 53 0.4
83 54 0.39
83 55 0.33
83 57 0.12
83 58 0.09
59 83 0.38
60 83 0.38
64 83 0.26
67 83 0.24
83 68 0.55
70 83 0.05
73 83 0.35
74 83 0.08
83 75 0.42
83 76 0.52
83 79 0.33
83 82 0.11
83 86 3.0E-4
1 84 0.22
6 84 0.16
84 15 0.5
31 84 0.1
37 84 0.14
46 84 0.35
49 84 0.21
50 84 0.29
60 84 0.08
86 84 3.0E-4
5 85 0.32
18 85 0.19
85 25 0.5
29 85 0.2
30 85 0.32
31 85 0.1
32 85 0.14
43 85 0.25
48 85 0.2
49 85 0.21
51 85 0.17
85 52 0.47
56 85 0.27
60 85 0.17
62 85 0.25
67 85 0.23
75 85 0.2
85 77 0.35
85 78 0.32
85 81 0.27
82 85 0.53
85 86 3.0E-4
