*Vertices  24
1 "LED灯"
2 "电容"
3 "热电分离"
4 "蒸发皿"
5 "连接管"
6 "LED"
7 "二极管"
8 "通道"
9 "LED光源"
10 "电子元器件"
11 "铝基板"
12 "基板"
13 "基座"
14 "散热片"
15 "散热器"
16 "半导体"
17 "LED芯片"
18 "芯片"
19 "冷凝器"
20 "Li"
21 "电阻"
22 "散热腔"
23 "吸液芯"
24 "工质"
*Arcs
1 24 0.0024
1 2 0.29
2 24 9.0E-4
1 3 0.16
2 3 0.14
24 3 0.0084
1 4 0.11
24 4 0.0108
1 5 0.16
2 5 0.14
5 3 0.5
5 4 0.71
24 5 0.0265
6 1 0.67
6 2 0.36
6 3 0.1
6 4 0.07
6 5 0.1
6 24 0.0013
7 1 0.32
7 2 0.39
7 4 0.1
7 5 0.07
7 6 0.72
7 24 9.0E-4
1 8 0.22
2 8 0.12
8 3 0.2
8 4 0.29
8 5 0.41
6 8 0.25
7 8 0.23
8 24 0.0057
9 1 0.36
9 2 0.04
9 6 0.36
9 7 0.29
9 8 0.18
9 24 8.0E-4
1 10 0.16
2 10 0.14
10 3 0.5
10 4 0.71
10 5 1.0
6 10 0.1
7 10 0.07
8 10 0.41
24 10 0.0265
11 1 0.3
11 2 0.06
11 6 0.24
11 7 0.24
11 8 0.26
11 9 0.18
11 24 0.0014
1 12 0.27
2 12 0.29
12 3 0.25
12 4 0.35
12 5 0.5
6 12 0.21
7 12 0.14
8 12 0.2
9 12 0.07
12 10 0.5
24 12 0.0082
1 13 0.22
13 4 0.5
13 5 0.35
6 13 0.15
7 13 0.15
8 13 0.43
9 13 0.1
13 10 0.35
11 13 0.3
12 13 0.18
24 13 0.0039
1 14 0.43
14 2 0.05
14 3 0.17
14 4 0.24
14 5 0.34
6 14 0.3
7 14 0.22
14 8 0.35
9 14 0.45
14 10 0.34
11 14 0.29
14 12 0.34
14 13 0.24
14 24 0.0084
1 15 0.44
15 2 0.19
15 3 0.33
15 4 0.24
15 5 0.33
6 15 0.31
7 15 0.24
15 8 0.2
9 15 0.34
15 10 0.33
11 15 0.21
15 12 0.5
15 13 0.12
15 14 0.63
15 24 0.0087
16 1 0.29
16 2 0.15
16 6 0.5
16 7 0.55
16 8 0.17
16 9 0.3
16 11 0.27
16 12 0.1
16 13 0.15
16 14 0.11
16 15 0.14
16 24 5.0E-4
1 17 0.19
17 2 0.13
17 3 0.15
17 4 0.22
17 5 0.31
6 17 0.34
7 17 0.33
17 8 0.31
9 17 0.18
17 10 0.31
11 17 0.26
17 12 0.23
17 13 0.33
17 14 0.26
17 15 0.21
16 17 0.51
17 24 0.0068
1 18 0.3
18 2 0.37
18 3 0.08
18 4 0.12
18 5 0.17
6 18 0.62
7 18 0.58
18 8 0.24
9 18 0.22
18 10 0.17
11 18 0.22
18 12 0.13
18 13 0.18
18 14 0.17
18 15 0.14
16 18 0.6
18 17 0.55
18 24 0.0023
1 19 0.11
2 19 0.2
3 19 0.71
5 19 0.71
6 19 0.07
8 19 0.29
10 19 0.71
12 19 0.35
14 19 0.24
15 19 0.24
17 19 0.22
18 19 0.12
24 19 0.0134
1 20 0.26
20 2 0.05
6 20 0.31
7 20 0.36
20 8 0.2
9 20 0.24
11 20 0.36
20 13 0.24
20 14 0.17
20 15 0.17
16 20 0.38
20 17 0.21
20 18 0.31
20 24 9.0E-4
1 21 0.3
21 2 0.73
21 4 0.16
21 5 0.11
6 21 0.45
7 21 0.51
21 8 0.19
9 21 0.1
21 10 0.11
11 21 0.05
21 12 0.23
21 13 0.08
14 21 0.04
15 21 0.15
16 21 0.19
17 21 0.11
18 21 0.47
20 21 0.11
21 24 5.0E-4
1 22 0.19
2 22 0.12
22 3 0.82
5 22 0.41
6 22 0.13
8 22 0.17
10 22 0.41
12 22 0.2
14 22 0.14
15 22 0.27
17 22 0.13
18 22 0.07
22 19 0.58
24 22 0.0059
1 23 0.11
6 23 0.07
7 23 0.1
9 23 0.2
11 23 0.3
14 23 0.24
15 23 0.24
16 23 0.15
17 23 0.22
18 23 0.12
20 23 0.24
23 24 0.0062
