*Vertices  47
1 "衬底"
2 "滤波片"
3 "光纤"
4 "荧光粉"
5 "发光荧光材料"
6 "III-V族半导体材料"
7 "GAN"
8 "PD"
9 "蒸镀方法"
10 "外延片"
11 "外延"
12 "LED"
13 "二极管"
14 "玻璃"
15 "通道"
16 "LED光源"
17 "基板"
18 "缓冲层"
19 "滤光片"
20 "SiO2"
21 "半导体"
22 "Al2O3"
23 "GaAs"
24 "MQW"
25 "ITO"
26 "键合"
27 "光子晶体"
28 "LED芯片"
29 "芯片"
30 "金属层"
31 "电流扩展层"
32 "Li"
33 "离子"
34 "电极"
35 "电阻"
36 "基色"
37 "光子晶体谐振腔"
38 "激光"
39 "MOCVD"
40 "湿法刻蚀"
41 "屏幕"
42 "透镜"
43 "反射层"
44 "发光层"
45 "激发光"
46 "电流阻挡层"
47 "干法刻蚀"
*Arcs
1 47 0.0031
1 2 0.32
47 2 0.0036
1 3 0.17
3 2 0.53
47 3 0.0013
4 1 0.13
4 47 2.0E-4
5 1 0.18
5 4 0.54
5 47 6.0E-4
1 6 0.32
6 2 1.0
3 6 0.53
47 6 0.0036
7 1 0.65
7 2 0.5
7 3 0.27
4 7 0.1
7 6 0.5
7 47 0.0015
1 8 0.21
8 2 0.63
8 3 0.68
8 6 0.63
7 8 0.32
47 8 0.0017
1 9 0.32
5 9 0.38
47 9 0.0024
10 1 0.83
10 2 0.39
10 3 0.21
4 10 0.08
5 10 0.15
10 6 0.39
10 7 0.78
10 8 0.25
10 9 0.39
10 47 0.0030
11 1 0.95
11 2 0.32
11 3 0.17
4 11 0.13
5 11 0.25
11 6 0.32
11 7 0.65
11 8 0.21
11 9 0.32
11 10 0.83
11 47 0.0031
12 1 0.32
12 2 0.1
12 3 0.19
12 4 0.25
12 5 0.28
12 6 0.1
12 7 0.21
12 8 0.16
12 9 0.1
12 10 0.27
12 11 0.32
12 47 5.0E-4
13 1 0.37
13 2 0.14
13 3 0.23
13 4 0.23
13 5 0.33
13 6 0.14
13 7 0.25
13 8 0.18
13 9 0.14
13 10 0.31
13 11 0.37
13 12 0.72
13 47 6.0E-4
14 1 0.13
14 2 0.27
14 3 0.29
14 4 0.11
14 5 0.1
14 6 0.27
14 7 0.14
14 8 0.34
14 10 0.16
14 11 0.13
14 12 0.38
14 13 0.27
14 47 4.0E-4
15 1 0.2
15 2 0.2
15 3 0.11
15 6 0.2
15 7 0.31
15 8 0.13
15 10 0.24
15 11 0.2
12 15 0.25
13 15 0.23
14 15 0.11
15 47 2.0E-4
16 1 0.09
16 2 0.29
16 3 0.15
16 4 0.24
16 5 0.16
16 6 0.29
16 7 0.14
16 8 0.18
16 10 0.11
16 11 0.09
16 12 0.36
16 13 0.29
16 14 0.24
16 15 0.18
16 47 4.0E-4
1 17 0.08
4 17 0.1
11 17 0.08
12 17 0.21
13 17 0.14
15 17 0.2
16 17 0.07
47 17 1.0E-4
18 1 0.65
4 18 0.1
5 18 0.19
18 7 0.63
18 9 0.5
18 10 0.78
18 11 0.65
12 18 0.21
13 18 0.22
18 15 0.2
18 47 0.0011
1 19 0.21
19 2 0.63
19 3 0.68
19 6 0.63
7 19 0.32
19 8 0.6
10 19 0.25
11 19 0.21
12 19 0.16
13 19 0.23
14 19 0.26
15 19 0.13
16 19 0.27
47 19 0.0017
20 1 0.38
20 2 0.39
20 3 0.21
4 20 0.32
5 20 0.52
20 6 0.39
20 7 0.29
20 8 0.25
20 9 0.2
20 10 0.38
20 11 0.38
12 20 0.27
13 20 0.31
14 20 0.16
20 15 0.08
16 20 0.11
20 18 0.1
20 19 0.25
20 47 0.0017
21 1 0.64
21 2 0.21
21 3 0.17
21 4 0.34
21 5 0.43
21 6 0.21
21 7 0.42
21 8 0.2
21 9 0.21
21 10 0.53
21 11 0.64
21 12 0.5
21 13 0.55
21 14 0.23
21 15 0.17
21 16 0.3
21 17 0.1
21 18 0.42
21 19 0.13
21 20 0.41
21 47 0.0015
22 1 0.72
22 2 0.34
22 3 0.18
4 22 0.35
5 22 0.45
22 6 0.34
22 7 0.69
22 8 0.22
22 9 0.34
22 10 0.74
22 11 0.78
12 22 0.3
13 22 0.34
14 22 0.09
22 15 0.21
16 22 0.1
22 17 0.09
22 18 0.69
22 19 0.22
20 22 0.54
21 22 0.57
22 47 0.0031
1 23 0.61
23 2 0.47
23 3 0.25
4 23 0.1
5 23 0.18
23 6 0.47
7 23 0.24
23 8 0.3
23 9 0.24
10 23 0.37
11 23 0.69
12 23 0.22
13 23 0.27
14 23 0.19
15 23 0.1
16 23 0.14
23 17 0.12
18 23 0.12
23 19 0.3
20 23 0.37
21 23 0.44
22 23 0.4
47 23 0.0035
24 1 0.64
24 2 0.39
24 3 0.21
4 24 0.16
5 24 0.15
24 6 0.39
24 7 0.78
24 8 0.25
24 10 0.77
24 11 0.7
12 24 0.27
13 24 0.31
14 24 0.21
24 15 0.24
16 24 0.23
24 18 0.59
24 19 0.25
20 24 0.31
21 24 0.53
22 24 0.67
24 23 0.37
24 47 0.0012
1 25 0.66
25 2 0.41
25 3 0.22
4 25 0.08
5 25 0.23
25 6 0.41
7 25 0.61
25 8 0.26
25 9 0.2
10 25 0.72
11 25 0.73
12 25 0.25
13 25 0.26
14 25 0.11
15 25 0.08
16 25 0.12
18 25 0.51
25 19 0.26
20 25 0.4
21 25 0.47
22 25 0.7
25 23 0.29
24 25 0.64
25 47 0.0020
1 26 0.26
26 3 0.14
4 26 0.22
5 26 0.2
26 8 0.17
26 9 0.27
10 26 0.1
11 26 0.35
12 26 0.19
13 26 0.19
14 26 0.07
26 17 0.13
18 26 0.13
26 19 0.17
20 26 0.21
21 26 0.28
22 26 0.28
26 23 0.5
24 26 0.1
25 26 0.11
26 47 0.0010
1 27 0.32
27 2 1.0
3 27 0.53
27 6 1.0
7 27 0.5
8 27 0.63
10 27 0.39
11 27 0.32
12 27 0.1
13 27 0.14
14 27 0.27
15 27 0.2
16 27 0.29
19 27 0.63
20 27 0.39
21 27 0.21
22 27 0.34
23 27 0.47
24 27 0.39
25 27 0.41
47 27 0.0036
28 1 0.5
4 28 0.31
5 28 0.17
28 7 0.39
28 10 0.48
28 11 0.45
12 28 0.34
13 28 0.33
14 28 0.08
28 15 0.31
16 28 0.18
28 17 0.23
28 18 0.39
20 28 0.24
21 28 0.51
22 28 0.42
28 23 0.15
28 24 0.54
28 25 0.31
28 26 0.25
28 47 3.0E-4
29 1 0.49
29 2 0.17
29 3 0.09
4 29 0.35
5 29 0.35
29 6 0.17
29 7 0.34
29 8 0.11
29 9 0.17
29 10 0.43
29 11 0.49
12 29 0.62
13 29 0.58
14 29 0.21
29 15 0.24
16 29 0.22
29 17 0.13
29 18 0.34
29 19 0.16
29 20 0.4
21 29 0.6
29 22 0.46
29 23 0.36
29 24 0.43
29 25 0.38
29 26 0.27
29 27 0.17
29 28 0.55
29 47 0.0011
1 30 0.41
30 2 0.63
3 30 0.34
5 30 0.24
30 6 0.63
7 30 0.32
8 30 0.4
10 30 0.37
11 30 0.51
12 30 0.16
13 30 0.23
14 30 0.17
15 30 0.13
16 30 0.18
19 30 0.4
20 30 0.5
21 30 0.33
22 30 0.43
23 30 0.45
24 30 0.37
25 30 0.65
26 30 0.17
30 27 0.63
28 30 0.1
29 30 0.21
47 30 0.0020
1 31 0.57
31 2 0.5
31 3 0.27
5 31 0.09
31 6 0.5
7 31 0.38
31 8 0.32
10 31 0.39
11 31 0.57
12 31 0.21
13 31 0.29
14 31 0.2
15 31 0.1
16 31 0.14
31 19 0.32
20 31 0.49
21 31 0.42
22 31 0.34
31 23 0.71
24 31 0.49
25 31 0.41
26 31 0.27
31 27 0.5
28 31 0.23
29 31 0.34
31 30 0.47
31 47 0.0015
32 1 0.16
32 2 0.33
32 3 0.18
4 32 0.27
5 32 0.31
32 6 0.33
32 7 0.25
32 8 0.21
32 10 0.2
32 11 0.16
12 32 0.31
13 32 0.36
14 32 0.23
32 15 0.2
16 32 0.24
32 18 0.08
32 19 0.21
32 20 0.33
21 32 0.38
32 22 0.29
32 23 0.16
32 24 0.26
32 25 0.2
32 27 0.33
32 28 0.21
32 29 0.31
32 30 0.21
32 31 0.17
32 47 6.0E-4
33 1 0.32
33 2 0.32
33 3 0.17
4 33 0.13
5 33 0.18
33 6 0.32
33 7 0.16
33 8 0.21
33 10 0.19
33 11 0.26
12 33 0.32
13 33 0.26
14 33 0.35
33 15 0.07
16 33 0.19
33 19 0.21
33 20 0.32
21 33 0.34
33 22 0.11
33 23 0.38
33 24 0.25
33 25 0.13
33 26 0.09
33 27 0.32
33 28 0.15
33 29 0.33
33 30 0.21
33 31 0.41
33 32 0.27
33 47 6.0E-4
34 1 0.72
34 2 0.23
34 3 0.12
4 34 0.09
5 34 0.22
34 6 0.23
34 7 0.46
34 8 0.15
34 9 0.23
34 10 0.59
34 11 0.72
12 34 0.45
13 34 0.55
14 34 0.13
34 15 0.19
16 34 0.1
34 17 0.06
34 18 0.46
34 19 0.15
20 34 0.32
21 34 0.56
22 34 0.56
34 23 0.49
34 24 0.55
34 25 0.57
34 26 0.25
34 27 0.23
28 34 0.39
29 34 0.57
34 30 0.37
34 31 0.46
32 34 0.12
33 34 0.23
34 47 0.0017
35 1 0.11
35 2 0.11
35 3 0.06
4 35 0.05
5 35 0.04
35 6 0.11
35 7 0.17
35 8 0.07
35 10 0.13
35 11 0.11
12 35 0.45
13 35 0.51
14 35 0.09
35 15 0.19
16 35 0.1
35 17 0.23
35 18 0.06
35 19 0.15
20 35 0.09
21 35 0.19
22 35 0.12
35 23 0.05
35 24 0.18
35 25 0.14
35 27 0.11
28 35 0.11
29 35 0.47
35 30 0.07
35 31 0.11
32 35 0.11
33 35 0.04
35 34 0.51
35 47 1.0E-4
36 1 0.09
4 36 0.24
5 36 0.22
36 11 0.09
12 36 0.18
13 36 0.08
14 36 0.16
16 36 0.08
36 17 0.14
36 20 0.23
21 36 0.12
36 22 0.1
36 23 0.14
36 24 0.11
36 26 0.15
36 28 0.18
36 29 0.15
36 32 0.19
36 33 0.19
36 34 0.07
36 47 2.0E-4
1 37 0.32
37 2 1.0
3 37 0.53
37 6 1.0
7 37 0.5
8 37 0.63
10 37 0.39
11 37 0.32
12 37 0.1
13 37 0.14
14 37 0.27
15 37 0.2
16 37 0.29
19 37 0.63
20 37 0.39
21 37 0.21
22 37 0.34
23 37 0.47
24 37 0.39
25 37 0.41
37 27 1.0
29 37 0.17
30 37 0.63
31 37 0.5
32 37 0.33
33 37 0.32
34 37 0.23
35 37 0.11
47 37 0.0036
38 1 0.37
38 2 0.38
38 3 0.4
38 4 0.23
38 5 0.21
38 6 0.38
38 7 0.38
38 8 0.36
38 10 0.3
38 11 0.43
38 12 0.28
38 13 0.24
38 14 0.21
38 15 0.08
38 16 0.16
38 17 0.09
38 18 0.09
38 19 0.36
38 20 0.3
38 21 0.39
38 22 0.45
38 23 0.36
38 24 0.37
38 25 0.46
38 26 0.2
38 27 0.38
38 28 0.12
38 29 0.26
38 30 0.48
38 31 0.38
38 32 0.19
38 33 0.12
38 34 0.31
38 35 0.17
38 36 0.11
38 37 0.38
38 47 0.0014
39 1 0.73
39 2 0.41
39 3 0.22
4 39 0.08
5 39 0.23
39 6 0.41
39 7 0.71
39 8 0.26
39 9 0.41
39 10 0.88
39 11 0.79
12 39 0.25
13 39 0.29
14 39 0.17
39 15 0.25
16 39 0.12
39 18 0.82
39 19 0.26
20 39 0.32
21 39 0.51
22 39 0.77
39 23 0.48
39 24 0.8
39 25 0.67
39 26 0.22
39 27 0.41
28 39 0.38
29 39 0.41
39 30 0.39
39 31 0.41
32 39 0.2
33 39 0.2
34 39 0.57
35 39 0.09
39 37 0.41
38 39 0.31
39 47 0.0031
1 40 0.46
40 2 0.71
40 3 0.38
5 40 0.13
40 6 0.71
7 40 0.35
40 8 0.45
40 9 0.35
10 40 0.55
11 40 0.46
12 40 0.15
13 40 0.2
14 40 0.19
15 40 0.14
16 40 0.2
18 40 0.18
40 19 0.45
20 40 0.55
21 40 0.29
22 40 0.36
40 23 0.5
24 40 0.28
25 40 0.43
26 40 0.19
40 27 0.71
28 40 0.11
29 40 0.24
40 30 0.67
31 40 0.35
32 40 0.24
33 40 0.23
34 40 0.33
35 40 0.08
40 37 0.71
38 40 0.27
39 40 0.43
47 40 0.0042
1 41 0.36
5 41 0.14
7 41 0.18
41 9 0.37
10 41 0.43
11 41 0.36
12 41 0.28
13 41 0.18
14 41 0.15
15 41 0.07
18 41 0.37
20 41 0.21
21 41 0.27
22 41 0.25
41 23 0.17
24 41 0.21
25 41 0.22
26 41 0.1
28 41 0.23
29 41 0.25
41 30 0.12
31 41 0.09
33 41 0.12
34 41 0.3
35 41 0.04
36 41 0.11
38 41 0.14
39 41 0.37
41 40 0.26
41 47 6.0E-4
42 1 0.06
42 2 0.18
42 3 0.28
42 4 0.29
42 5 0.33
42 6 0.18
42 7 0.09
42 8 0.22
42 10 0.07
42 11 0.06
42 12 0.29
42 13 0.28
42 14 0.14
42 15 0.14
42 16 0.26
42 17 0.09
42 19 0.22
42 20 0.21
42 21 0.26
42 22 0.18
42 23 0.08
42 24 0.07
42 25 0.07
42 27 0.18
42 28 0.22
42 29 0.18
42 30 0.11
42 31 0.09
42 32 0.29
42 33 0.11
42 34 0.04
42 37 0.18
42 38 0.27
42 39 0.07
42 40 0.13
42 47 2.0E-4
1 43 0.52
4 43 0.11
5 43 0.3
43 9 0.53
10 43 0.42
11 43 0.52
12 43 0.19
13 43 0.19
14 43 0.15
43 17 0.13
18 43 0.27
20 43 0.31
21 43 0.33
22 43 0.37
43 23 0.38
24 43 0.1
25 43 0.33
26 43 0.29
28 43 0.25
29 43 0.23
43 30 0.34
31 43 0.13
33 43 0.09
34 43 0.37
36 43 0.31
38 43 0.2
39 43 0.33
43 40 0.38
43 41 0.49
43 47 0.0020
1 44 0.61
5 44 0.2
7 44 0.13
44 9 0.53
10 44 0.42
11 44 0.52
12 44 0.19
13 44 0.27
14 44 0.07
18 44 0.4
20 44 0.21
21 44 0.39
22 44 0.28
44 23 0.5
24 44 0.21
44 25 0.22
44 26 0.29
28 44 0.25
29 44 0.32
44 31 0.53
33 44 0.26
34 44 0.43
39 44 0.44
44 40 0.19
44 41 0.29
44 43 0.43
44 47 0.0012
45 1 0.15
45 2 0.47
45 3 0.5
4 45 0.38
5 45 0.45
45 6 0.47
45 7 0.24
45 8 0.45
45 10 0.18
45 11 0.15
12 45 0.22
13 45 0.27
14 45 0.26
45 15 0.1
16 45 0.2
45 19 0.6
45 20 0.55
21 45 0.25
45 22 0.32
45 23 0.22
45 24 0.28
45 25 0.19
45 26 0.13
45 27 0.47
45 28 0.15
45 29 0.28
45 30 0.3
45 31 0.24
45 32 0.47
45 33 0.38
45 34 0.11
45 35 0.05
45 36 0.27
45 37 0.47
38 45 0.27
45 39 0.19
45 40 0.33
42 45 0.33
45 47 0.0011
1 46 0.32
5 46 0.19
46 9 0.5
10 46 0.2
11 46 0.32
12 46 0.1
13 46 0.14
18 46 0.25
20 46 0.2
21 46 0.21
22 46 0.17
46 23 0.47
26 46 0.27
29 46 0.17
31 46 0.25
34 46 0.23
39 46 0.2
46 40 0.35
46 41 0.18
46 43 0.27
44 46 0.53
46 47 9.0E-4
