*Vertices  139
1 "人体经络显示屏"
2 "LED显示屏"
3 "LCD显示屏"
4 "显示器"
5 "LED灯"
6 "连接带"
7 "电容"
8 "容器"
9 "传感器"
10 "控制器"
11 "处理器"
12 "单片机"
13 "发生器"
14 "荧光粉"
15 "验钞紫光灯"
16 "整流器"
17 "发光荧光材料"
18 "塑料光转换荧光粒料"
19 "助剂"
20 "发光球"
21 "聚合物树脂"
22 "功率因数校正"
23 "模数转换集成块"
24 "充电台灯"
25 "圆圈基体"
26 "握杆"
27 "装饰层"
28 "变压器"
29 "定时器"
30 "Zigbee"
31 "太阳能吸收板"
32 "触摸屏"
33 "桡动脉"
34 "阻燃塑料外壳"
35 "发光板"
36 "EP"
37 "LED"
38 "液晶显示模块"
39 "二极管"
40 "整流二极管"
41 "稳压二极管"
42 "三极管"
43 "联轴器"
44 "模糊增强算法"
45 "止血扣碗"
46 "教具"
47 "玻璃"
48 "通道"
49 "接收管"
50 "LED光源"
51 "电热丝"
52 "塑料"
53 "转换器"
54 "铝基板"
55 "晶体振荡器"
56 "弹性硅胶"
57 "IP软核"
58 "红外线发射管"
59 "滤光片"
60 "聚光玻璃罩"
61 "散热片"
62 "电加热器"
63 "发电机"
64 "直流电机"
65 "发光体"
66 "密封胶"
67 "SiO2"
68 "放大器"
69 "半导体"
70 "电路板"
71 "Al2O3"
72 "MQW"
73 "ESD"
74 "GPIO"
75 "客户"
76 "焊盘"
77 "滑动变阻器"
78 "摄像机"
79 "太阳能"
80 "太阳能电池板"
81 "风能"
82 "蓄电池"
83 "充电电池"
84 "锂电池"
85 "LED照明设备"
86 "蓄电设备"
87 "LED芯片"
88 "芯片"
89 "电抗器"
90 "继电器"
91 "充电器"
92 "存储器"
93 "酸盐"
94 "硬脂酰胺"
95 "Li"
96 "液体石蜡"
97 "电感"
98 "灰度"
99 "耳机"
100 "电视机"
101 "电极"
102 "边缘检测"
103 "电阻"
104 "发射模块"
105 "脉冲信号"
106 "便携棋具"
107 "加热管"
108 "激光"
109 "超声波"
110 "空穴"
111 "指南针"
112 "射灯"
113 "检测仪"
114 "光电耦合器"
115 "屏幕"
116 "读取器"
117 "放大镜"
118 "透镜"
119 "后视镜"
120 "甲基"
121 "信息卡"
122 "转子"
123 "弹簧"
124 "电磁感应"
125 "发光笔套"
126 "VGA"
127 "蜂鸣器"
128 "滚轮按摩器"
129 "扬声器"
130 "电磁锁心"
131 "激发光"
132 "发光管"
133 "提示仪"
134 "晶体闸流管"
135 "信息存储卡"
136 "笔筒"
137 "DMA"
138 "插座"
139 "开关"
*Arcs
139 1 0.0
139 2 0.0
3 2 0.21
139 3 1.0E-4
4 2 0.08
4 3 0.33
4 139 1.0E-4
5 2 0.03
5 3 0.04
5 4 0.08
5 139 0.0011
2 6 0.16
5 6 0.05
139 6 1.0E-4
5 7 0.29
139 7 0.0011
5 8 0.12
7 8 0.23
139 8 3.0E-4
3 9 0.13
4 9 0.25
5 9 0.13
9 6 0.2
7 9 0.08
139 9 3.0E-4
10 2 0.23
3 10 0.24
4 10 0.24
5 10 0.11
7 10 0.15
8 10 0.09
10 9 0.19
139 10 5.0E-4
11 2 0.16
11 3 0.09
11 4 0.26
11 5 0.14
11 6 0.13
11 7 0.05
11 9 0.36
11 10 0.44
11 139 4.0E-4
12 2 0.07
12 3 0.08
4 12 0.52
5 12 0.13
12 7 0.19
12 9 0.28
12 10 0.17
11 12 0.24
139 12 2.0E-4
5 13 0.22
12 13 0.11
139 13 0.0
14 2 0.09
14 4 0.14
14 5 0.13
14 8 0.22
14 10 0.07
14 11 0.07
14 12 0.07
14 139 1.0E-4
139 15 1.0E-4
5 16 0.22
7 16 0.53
16 8 0.33
16 10 0.07
139 16 3.0E-4
17 4 0.13
17 5 0.21
17 8 0.2
17 11 0.07
17 12 0.06
17 13 0.13
17 14 0.54
17 139 0.0
4 18 0.25
5 18 0.11
14 18 0.29
17 18 0.27
139 18 1.0E-4
4 19 0.18
5 19 0.08
19 8 0.27
14 19 0.41
17 19 0.38
19 18 0.71
139 19 1.0E-4
139 20 1.0E-4
4 21 0.25
5 21 0.11
14 21 0.29
17 21 0.27
21 18 1.0
21 19 0.71
139 21 1.0E-4
5 22 0.11
7 22 0.2
139 22 1.0E-4
5 23 0.11
7 23 0.2
139 23 2.0E-4
139 24 1.0E-4
10 25 0.24
139 25 1.0E-4
139 26 2.0E-4
139 27 1.0E-4
28 1 0.21
28 2 0.07
4 28 0.11
5 28 0.26
7 28 0.52
28 8 0.24
28 9 0.04
28 10 0.1
12 28 0.05
28 13 0.11
14 28 0.06
28 16 0.68
28 22 0.21
139 28 8.0E-4
3 29 0.19
5 29 0.06
9 29 0.12
10 29 0.28
11 29 0.15
29 25 0.58
139 29 3.0E-4
7 30 0.2
9 30 0.2
12 30 0.23
139 30 1.0E-4
5 31 0.11
139 31 1.0E-4
139 32 1.0E-4
33 6 0.5
9 33 0.2
139 33 1.0E-4
5 34 0.11
28 34 0.21
139 34 1.0E-4
5 35 0.16
7 35 0.2
8 35 0.19
10 35 0.12
16 35 0.14
35 22 0.5
28 35 0.21
139 35 1.0E-4
4 36 0.07
5 36 0.12
36 7 0.11
36 8 0.1
36 10 0.06
11 36 0.14
36 12 0.06
14 36 0.39
36 16 0.08
17 36 0.29
36 28 0.11
36 139 1.0E-4
37 1 0.07
37 2 0.23
37 3 0.22
37 4 0.29
37 5 0.67
37 6 0.15
37 7 0.36
37 8 0.19
37 9 0.37
37 10 0.3
37 11 0.28
37 12 0.32
37 13 0.15
37 14 0.25
37 15 0.07
37 16 0.25
37 17 0.28
37 18 0.07
37 19 0.1
37 20 0.07
37 21 0.07
37 22 0.07
37 23 0.07
37 24 0.07
37 25 0.07
37 26 0.07
37 27 0.07
37 28 0.34
37 29 0.13
37 30 0.07
37 31 0.07
37 32 0.07
37 33 0.07
37 34 0.07
37 35 0.15
37 36 0.28
37 139 0.0028
3 38 0.67
4 38 0.38
9 38 0.1
10 38 0.36
11 38 0.13
12 38 0.11
29 38 0.29
37 38 0.15
139 38 2.0E-4
39 2 0.06
39 3 0.14
39 4 0.15
39 5 0.32
39 7 0.39
39 8 0.23
39 9 0.2
39 10 0.15
39 11 0.08
39 12 0.16
39 13 0.05
39 14 0.23
39 15 0.1
39 16 0.35
39 17 0.33
39 18 0.1
39 19 0.14
39 20 0.1
39 21 0.1
39 22 0.1
39 23 0.1
39 24 0.1
39 25 0.1
39 26 0.1
39 27 0.1
39 28 0.39
39 29 0.12
39 30 0.1
39 34 0.1
39 35 0.15
39 36 0.22
39 37 0.72
39 38 0.1
39 139 0.0020
5 40 0.11
7 40 0.2
40 22 1.0
28 40 0.21
35 40 0.5
37 40 0.07
39 40 0.1
139 40 1.0E-4
3 41 0.13
5 41 0.21
7 41 0.46
8 41 0.14
9 41 0.08
10 41 0.18
11 41 0.1
16 41 0.55
41 22 0.38
28 41 0.48
41 29 0.22
41 35 0.38
36 41 0.1
37 41 0.19
41 38 0.19
39 41 0.27
41 40 0.38
139 41 3.0E-4
42 3 0.08
4 42 0.06
5 42 0.2
42 7 0.61
42 8 0.17
42 9 0.05
42 10 0.11
12 42 0.16
42 13 0.11
42 16 0.4
17 42 0.06
42 22 0.23
42 23 0.23
42 28 0.49
42 35 0.23
36 42 0.06
37 42 0.32
42 38 0.11
39 42 0.42
42 40 0.23
42 41 0.26
139 42 9.0E-4
5 43 0.11
37 43 0.07
139 43 1.0E-4
44 10 0.24
11 44 0.26
36 44 0.27
37 44 0.07
139 44 2.0E-4
45 6 0.5
9 45 0.2
45 33 1.0
37 45 0.07
139 45 1.0E-4
5 46 0.11
10 46 0.24
37 46 0.07
139 46 1.0E-4
47 2 0.18
47 4 0.19
47 5 0.27
47 7 0.08
47 9 0.12
47 11 0.15
47 12 0.22
47 13 0.19
47 14 0.11
47 17 0.1
47 27 0.19
47 28 0.08
47 31 0.19
47 36 0.21
47 37 0.38
47 39 0.27
47 42 0.09
47 139 2.0E-4
4 48 0.07
5 48 0.22
7 48 0.12
48 9 0.12
12 48 0.07
37 48 0.25
39 48 0.23
42 48 0.07
47 48 0.11
139 48 0.0
3 49 0.19
4 49 0.14
5 49 0.13
7 49 0.24
9 49 0.12
12 49 0.13
49 23 0.58
37 49 0.13
49 38 0.29
39 49 0.18
42 49 0.4
47 49 0.11
48 49 0.17
139 49 4.0E-4
50 3 0.07
50 4 0.15
50 5 0.36
50 7 0.04
50 8 0.08
50 9 0.04
50 11 0.11
50 12 0.09
50 14 0.24
50 16 0.06
50 17 0.16
50 28 0.09
50 35 0.1
50 36 0.22
50 37 0.36
50 38 0.1
50 39 0.29
50 41 0.08
50 42 0.09
50 47 0.24
50 48 0.18
50 49 0.12
50 139 1.0E-4
5 51 0.13
8 51 0.22
13 51 0.29
37 51 0.13
39 51 0.06
47 51 0.11
139 51 1.0E-4
52 2 0.07
52 4 0.17
52 5 0.28
52 8 0.17
52 9 0.18
52 10 0.17
52 11 0.12
52 12 0.05
52 14 0.2
52 17 0.18
52 18 0.23
52 19 0.32
52 21 0.23
52 25 0.23
52 28 0.05
52 29 0.13
52 34 0.23
52 36 0.06
52 37 0.32
52 39 0.28
52 47 0.35
52 48 0.13
52 50 0.14
52 51 0.26
52 139 2.0E-4
53 2 0.1
53 3 0.2
4 53 0.15
5 53 0.1
7 53 0.25
53 9 0.3
53 10 0.22
11 53 0.16
12 53 0.14
14 53 0.09
17 53 0.08
53 18 0.3
53 19 0.21
53 21 0.3
53 23 0.3
28 53 0.06
53 29 0.17
53 30 0.3
36 53 0.08
37 53 0.24
53 38 0.15
39 53 0.21
53 41 0.11
42 53 0.14
53 44 0.3
47 53 0.12
53 49 0.17
52 53 0.21
139 53 5.0E-4
54 4 0.08
54 5 0.3
54 7 0.06
54 11 0.08
54 14 0.17
54 17 0.08
54 22 0.3
54 28 0.13
54 34 0.3
54 35 0.15
54 36 0.16
54 37 0.24
54 39 0.24
54 40 0.3
54 41 0.11
54 42 0.07
54 47 0.12
54 48 0.26
54 50 0.18
54 52 0.35
54 139 1.0E-4
5 55 0.06
55 7 0.24
55 9 0.12
55 10 0.14
11 55 0.15
12 55 0.26
55 30 0.58
36 55 0.15
37 55 0.13
39 55 0.06
55 42 0.13
55 44 0.58
47 55 0.11
55 53 0.35
139 55 4.0E-4
56 26 1.0
37 56 0.07
39 56 0.1
139 56 2.0E-4
57 10 0.24
11 57 0.26
36 57 0.27
37 57 0.07
57 44 1.0
53 57 0.3
55 57 0.58
139 57 2.0E-4
5 58 0.11
7 58 0.2
9 58 0.2
37 58 0.07
39 58 0.1
42 58 0.23
47 58 0.19
48 58 0.29
49 58 0.58
139 58 1.0E-4
3 59 0.15
4 59 0.11
59 9 0.09
12 59 0.1
37 59 0.16
59 38 0.22
39 59 0.23
42 59 0.1
47 59 0.26
48 59 0.13
59 49 0.26
50 59 0.27
52 59 0.1
53 59 0.13
139 59 0.0
60 27 1.0
37 60 0.07
39 60 0.1
47 60 0.19
139 60 1.0E-4
5 61 0.43
61 7 0.05
61 27 0.24
61 35 0.12
37 61 0.3
39 61 0.22
47 61 0.09
61 48 0.35
50 61 0.45
52 61 0.11
54 61 0.29
61 60 0.24
61 139 0.0
8 62 0.38
37 62 0.07
39 62 0.1
62 51 0.58
52 62 0.23
139 62 1.0E-4
2 63 0.16
4 63 0.13
5 63 0.11
9 63 0.1
10 63 0.12
12 63 0.11
14 63 0.14
28 63 0.21
63 35 0.25
37 63 0.15
39 63 0.1
63 43 0.5
50 63 0.1
53 63 0.15
61 63 0.12
139 63 2.0E-4
5 64 0.11
10 64 0.24
37 64 0.07
64 46 1.0
139 64 1.0E-4
65 4 0.09
65 5 0.21
65 7 0.08
65 9 0.08
65 11 0.1
65 14 0.22
65 17 0.2
65 35 0.19
65 36 0.1
65 37 0.19
65 39 0.23
65 42 0.09
65 47 0.15
65 48 0.11
65 49 0.22
65 50 0.23
65 52 0.09
65 54 0.11
65 58 0.38
65 61 0.09
65 63 0.19
65 139 1.0E-4
66 2 0.16
5 66 0.22
37 66 0.15
39 66 0.05
47 66 0.1
48 66 0.29
50 66 0.1
52 66 0.11
54 66 0.3
61 66 0.24
139 66 0.0
67 2 0.09
4 67 0.07
5 67 0.12
67 8 0.21
14 67 0.32
67 16 0.08
17 67 0.52
67 18 0.28
67 19 0.39
67 21 0.28
67 28 0.06
67 36 0.3
37 67 0.27
39 67 0.31
47 67 0.16
67 48 0.08
50 67 0.11
52 67 0.19
67 53 0.08
67 59 0.25
65 67 0.1
67 139 0.0
68 2 0.13
4 68 0.2
5 68 0.09
7 68 0.33
68 9 0.08
68 10 0.1
11 68 0.11
12 68 0.28
16 68 0.12
68 22 0.41
68 23 0.41
28 68 0.26
68 35 0.2
37 68 0.18
39 68 0.17
68 40 0.41
68 41 0.15
42 68 0.28
68 49 0.24
68 53 0.25
54 68 0.12
68 63 0.2
139 68 2.0E-4
69 2 0.05
69 3 0.05
69 4 0.11
69 5 0.29
69 7 0.15
69 8 0.22
69 9 0.06
69 11 0.08
69 12 0.03
69 14 0.34
69 16 0.17
69 17 0.43
69 18 0.15
69 19 0.1
69 21 0.15
69 23 0.15
69 28 0.19
69 32 0.15
69 34 0.15
69 36 0.28
69 37 0.5
69 39 0.55
69 41 0.06
69 42 0.1
69 47 0.23
69 48 0.17
69 49 0.09
69 50 0.3
69 52 0.24
69 53 0.13
69 54 0.27
69 59 0.13
69 61 0.11
69 65 0.11
69 66 0.15
69 67 0.41
69 68 0.12
69 139 2.0E-4
70 2 0.13
70 3 0.2
70 4 0.26
70 5 0.4
70 7 0.13
70 8 0.08
70 9 0.08
70 10 0.1
70 11 0.11
70 12 0.14
70 13 0.1
70 14 0.12
70 17 0.16
70 28 0.04
70 36 0.05
70 37 0.36
70 38 0.2
70 39 0.17
70 42 0.19
70 47 0.39
70 48 0.06
70 49 0.24
70 50 0.17
70 52 0.19
70 54 0.06
70 55 0.12
70 58 0.2
70 59 0.09
70 61 0.05
70 65 0.23
70 66 0.1
70 67 0.06
70 69 0.15
70 139 2.0E-4
71 3 0.08
4 71 0.06
5 71 0.08
71 8 0.09
14 71 0.35
71 16 0.07
17 71 0.45
71 18 0.24
71 19 0.34
71 21 0.24
71 28 0.05
36 71 0.06
37 71 0.3
39 71 0.34
47 71 0.09
71 48 0.21
50 71 0.1
52 71 0.11
71 53 0.07
71 59 0.22
67 71 0.54
69 71 0.57
71 139 0.0
72 3 0.09
5 72 0.09
7 72 0.06
14 72 0.16
16 72 0.16
17 72 0.15
28 72 0.12
36 72 0.22
37 72 0.27
39 72 0.31
72 41 0.1
42 72 0.06
47 72 0.21
72 48 0.24
50 72 0.23
52 72 0.06
54 72 0.08
72 59 0.25
67 72 0.31
69 72 0.53
71 72 0.67
139 72 0.0
7 73 0.09
73 9 0.09
12 73 0.1
73 30 0.45
37 73 0.16
39 73 0.14
73 48 0.26
53 73 0.13
55 73 0.26
69 73 0.26
71 73 0.43
73 72 0.5
139 73 0.0
74 3 0.19
4 74 0.14
5 74 0.06
7 74 0.12
11 74 0.15
12 74 0.13
74 32 0.58
36 74 0.15
37 74 0.13
74 38 0.29
39 74 0.06
42 74 0.13
74 49 0.33
50 74 0.12
74 59 0.26
69 74 0.09
70 74 0.12
139 74 3.0E-4
75 3 0.14
4 75 0.2
5 75 0.22
7 75 0.17
75 9 0.24
11 75 0.21
14 75 0.12
17 75 0.11
75 18 0.41
75 19 0.29
75 21 0.41
36 75 0.11
37 75 0.18
39 75 0.08
42 75 0.09
47 75 0.08
75 48 0.12
75 49 0.24
50 75 0.08
52 75 0.09
53 75 0.12
75 58 0.41
65 75 0.15
67 75 0.11
69 75 0.12
70 75 0.17
71 75 0.1
74 75 0.24
139 75 2.0E-4
5 76 0.06
7 76 0.12
14 76 0.17
16 76 0.17
28 76 0.12
36 76 0.31
37 76 0.13
39 76 0.12
76 41 0.22
42 76 0.13
50 76 0.12
54 76 0.17
69 76 0.17
76 72 0.16
139 76 0.0
7 77 0.14
77 8 0.27
28 77 0.15
37 77 0.1
39 77 0.14
42 77 0.16
77 51 0.41
52 77 0.16
77 62 0.71
139 77 2.0E-4
2 78 0.18
3 78 0.38
4 78 0.14
9 78 0.12
12 78 0.13
37 78 0.13
78 38 0.29
39 78 0.12
42 78 0.13
49 78 0.33
50 78 0.12
59 78 0.26
70 78 0.12
74 78 0.33
139 78 0.0
79 2 0.2
5 79 0.14
79 6 0.16
7 79 0.06
10 79 0.23
11 79 0.08
14 79 0.09
28 79 0.07
79 31 0.32
37 79 0.23
39 79 0.13
42 79 0.07
79 46 0.32
47 79 0.12
48 79 0.09
79 63 0.16
79 64 0.32
69 79 0.05
70 79 0.06
71 79 0.08
72 79 0.09
73 79 0.14
139 79 3.0E-4
5 80 0.15
80 6 0.22
10 80 0.22
11 80 0.12
37 80 0.16
39 80 0.05
80 46 0.45
80 64 0.45
80 79 0.71
139 80 1.0E-4
2 81 0.32
10 81 0.24
14 81 0.29
28 81 0.21
37 81 0.07
39 81 0.1
63 81 0.5
79 81 0.32
139 81 1.0E-4
82 2 0.16
5 82 0.23
82 6 0.13
7 82 0.11
82 8 0.2
82 9 0.05
82 10 0.13
11 82 0.07
14 82 0.07
82 16 0.3
82 24 0.26
82 28 0.28
82 31 0.26
37 82 0.28
39 82 0.18
42 82 0.18
82 43 0.26
82 46 0.26
47 82 0.1
50 82 0.05
82 63 0.26
82 64 0.26
69 82 0.11
82 75 0.11
82 79 0.57
82 80 0.46
82 81 0.26
139 82 7.0E-4
5 83 0.11
7 83 0.2
10 83 0.12
11 83 0.13
83 23 0.5
83 29 0.29
37 83 0.15
39 83 0.1
42 83 0.23
83 49 0.29
53 83 0.15
68 83 0.2
69 83 0.07
70 83 0.1
83 79 0.32
83 80 0.22
139 83 2.0E-4
84 3 0.15
5 84 0.1
84 7 0.18
84 9 0.18
84 10 0.22
11 84 0.23
12 84 0.1
84 28 0.1
84 29 0.26
37 84 0.16
84 38 0.22
39 84 0.18
84 41 0.17
84 42 0.31
47 84 0.09
84 53 0.13
84 55 0.26
70 84 0.18
139 84 1.0E-4
2 85 0.18
5 85 0.13
10 85 0.14
14 85 0.17
28 85 0.12
37 85 0.13
39 85 0.12
48 85 0.17
50 85 0.12
54 85 0.17
61 85 0.14
63 85 0.29
79 85 0.18
85 81 0.58
82 85 0.15
139 85 1.0E-4
2 86 0.32
10 86 0.24
14 86 0.29
28 86 0.21
37 86 0.07
39 86 0.1
63 86 0.5
79 86 0.32
86 81 1.0
82 86 0.26
86 85 0.58
139 86 1.0E-4
87 3 0.07
5 87 0.19
87 7 0.13
87 8 0.25
87 12 0.05
14 87 0.31
87 16 0.13
17 87 0.17
87 19 0.15
87 28 0.09
36 87 0.29
37 87 0.34
39 87 0.33
87 41 0.08
87 42 0.05
47 87 0.08
87 48 0.31
50 87 0.18
52 87 0.1
54 87 0.26
87 61 0.26
67 87 0.24
87 68 0.09
69 87 0.51
70 87 0.04
71 87 0.42
87 72 0.54
87 73 0.39
87 76 0.25
87 79 0.07
87 85 0.13
87 139 0.0
88 2 0.08
88 3 0.24
4 88 0.27
5 88 0.3
88 7 0.37
88 8 0.14
88 9 0.17
88 10 0.23
11 88 0.12
88 12 0.33
88 13 0.06
14 88 0.35
88 16 0.14
17 88 0.35
88 18 0.12
88 19 0.17
88 21 0.12
88 22 0.12
88 23 0.12
88 28 0.18
88 29 0.07
88 30 0.12
88 32 0.12
88 35 0.06
88 36 0.35
37 88 0.62
88 38 0.24
39 88 0.58
88 40 0.12
88 41 0.14
88 42 0.33
47 88 0.21
88 48 0.24
88 49 0.21
50 88 0.22
52 88 0.11
88 53 0.25
54 88 0.22
88 55 0.14
88 58 0.12
88 59 0.16
88 61 0.17
88 63 0.06
65 88 0.09
88 66 0.06
88 67 0.4
88 68 0.29
69 88 0.6
70 88 0.22
88 71 0.46
88 72 0.43
88 73 0.27
88 74 0.14
88 75 0.1
88 76 0.21
88 77 0.08
88 78 0.07
88 79 0.08
88 83 0.12
88 84 0.21
88 85 0.07
88 87 0.55
88 139 7.0E-4
5 89 0.16
7 89 0.29
8 89 0.53
16 89 0.41
28 89 0.3
37 89 0.1
39 89 0.14
42 89 0.16
69 89 0.21
82 89 0.37
139 89 2.0E-4
90 3 0.15
5 90 0.05
7 90 0.37
90 9 0.09
90 10 0.11
11 90 0.12
28 90 0.19
36 90 0.12
37 90 0.16
39 90 0.18
42 90 0.31
90 53 0.13
74 90 0.26
90 75 0.18
90 77 0.32
88 90 0.16
139 90 3.0E-4
5 91 0.04
7 91 0.17
91 10 0.1
11 91 0.11
91 16 0.24
91 23 0.41
91 28 0.26
37 91 0.18
39 91 0.21
42 91 0.47
91 49 0.24
91 53 0.12
91 68 0.17
69 91 0.06
91 79 0.13
91 80 0.18
91 82 0.21
91 83 0.41
84 91 0.37
88 91 0.1
139 91 1.0E-4
3 92 0.22
4 92 0.25
5 92 0.04
7 92 0.07
92 9 0.33
92 10 0.16
11 92 0.34
12 92 0.15
92 23 0.33
28 92 0.07
92 29 0.19
36 92 0.09
37 92 0.22
92 38 0.33
39 92 0.17
92 41 0.13
42 92 0.15
92 44 0.33
92 49 0.38
50 92 0.14
53 92 0.4
55 92 0.19
92 57 0.33
92 59 0.15
92 63 0.17
68 92 0.27
69 92 0.1
70 92 0.07
74 92 0.19
75 92 0.14
92 78 0.38
82 92 0.09
92 83 0.17
84 92 0.15
88 92 0.16
91 92 0.14
139 92 4.0E-4
4 93 0.17
5 93 0.11
93 8 0.25
14 93 0.48
17 93 0.53
93 18 0.33
93 19 0.47
93 21 0.33
93 28 0.07
93 36 0.45
37 93 0.22
39 93 0.24
47 93 0.19
50 93 0.2
52 93 0.15
93 53 0.1
93 67 0.37
69 93 0.29
70 93 0.14
93 71 0.24
93 72 0.09
93 75 0.14
93 76 0.19
93 87 0.22
93 88 0.36
93 139 0.0
4 94 0.25
5 94 0.11
14 94 0.29
17 94 0.27
94 18 1.0
94 19 0.71
94 21 1.0
37 94 0.07
39 94 0.1
52 94 0.23
53 94 0.3
67 94 0.28
69 94 0.15
71 94 0.24
94 75 0.41
88 94 0.12
93 94 0.33
139 94 1.0E-4
4 95 0.06
5 95 0.26
95 7 0.05
95 8 0.09
95 9 0.05
95 10 0.06
11 95 0.06
95 12 0.05
14 95 0.27
17 95 0.31
95 18 0.24
95 19 0.33
95 21 0.24
95 28 0.05
95 30 0.24
95 34 0.24
95 36 0.25
37 95 0.31
39 95 0.36
95 44 0.24
47 95 0.23
95 48 0.2
50 95 0.24
52 95 0.27
95 53 0.21
54 95 0.36
95 55 0.27
95 57 0.24
95 59 0.21
95 61 0.17
95 66 0.12
95 67 0.33
69 95 0.38
70 95 0.14
95 71 0.29
95 72 0.26
95 73 0.11
95 75 0.1
95 85 0.14
95 87 0.21
95 88 0.31
95 92 0.08
95 93 0.39
95 94 0.24
95 139 2.0E-4
4 96 0.25
5 96 0.11
14 96 0.29
17 96 0.27
96 18 1.0
96 19 0.71
96 21 1.0
37 96 0.07
39 96 0.1
52 96 0.23
53 96 0.3
67 96 0.28
69 96 0.15
71 96 0.24
96 75 0.41
88 96 0.12
93 96 0.33
96 94 1.0
95 96 0.24
139 96 1.0E-4
5 97 0.25
7 97 0.54
97 8 0.43
97 10 0.09
16 97 0.44
97 22 0.38
97 23 0.38
28 97 0.4
97 35 0.38
36 97 0.1
37 97 0.19
39 97 0.23
97 40 0.38
97 41 0.43
42 97 0.43
97 49 0.22
50 97 0.08
97 53 0.23
54 97 0.11
68 97 0.31
69 97 0.22
97 72 0.1
97 76 0.22
82 97 0.2
97 83 0.19
87 97 0.08
88 97 0.18
97 89 0.53
91 97 0.15
97 92 0.13
139 97 8.0E-4
98 10 0.24
11 98 0.26
36 98 0.27
37 98 0.07
98 44 1.0
53 98 0.3
55 98 0.58
98 57 1.0
98 92 0.33
95 98 0.24
139 98 2.0E-4
99 2 0.22
99 6 0.35
37 99 0.1
39 99 0.07
88 99 0.08
139 99 0.0
37 100 0.07
39 100 0.1
139 100 0.0
101 3 0.11
4 101 0.04
5 101 0.16
7 101 0.37
101 8 0.19
101 9 0.03
101 10 0.12
12 101 0.04
101 13 0.08
14 101 0.09
101 16 0.33
17 101 0.22
101 22 0.16
101 23 0.16
101 28 0.39
101 35 0.16
36 101 0.13
37 101 0.45
101 38 0.08
39 101 0.55
101 40 0.16
101 41 0.19
42 101 0.6
47 101 0.13
101 48 0.19
101 49 0.19
50 101 0.1
52 101 0.04
101 53 0.1
54 101 0.1
101 58 0.16
101 59 0.15
65 101 0.06
67 101 0.32
101 68 0.2
69 101 0.56
70 101 0.03
71 101 0.56
101 72 0.55
101 73 0.29
101 75 0.07
101 76 0.09
101 77 0.12
101 79 0.05
101 82 0.13
101 83 0.08
84 101 0.15
87 101 0.39
88 101 0.57
101 89 0.12
101 90 0.22
101 91 0.34
101 92 0.05
95 101 0.12
101 97 0.31
139 101 4.0E-4
102 10 0.24
11 102 0.26
36 102 0.27
37 102 0.07
102 44 1.0
53 102 0.3
55 102 0.58
102 57 1.0
102 92 0.33
95 102 0.24
102 98 1.0
139 102 2.0E-4
103 3 0.16
4 103 0.08
5 103 0.3
103 7 0.73
103 8 0.18
103 9 0.16
103 10 0.16
11 103 0.08
12 103 0.22
103 13 0.08
14 103 0.05
103 16 0.56
17 103 0.04
103 22 0.16
103 23 0.16
103 28 0.55
103 29 0.09
103 30 0.16
103 32 0.16
103 35 0.16
36 103 0.09
37 103 0.45
103 38 0.16
39 103 0.51
103 40 0.16
103 41 0.43
103 42 0.71
47 103 0.09
103 48 0.19
103 49 0.28
50 103 0.1
103 53 0.29
54 103 0.05
103 55 0.19
103 58 0.16
103 59 0.15
61 103 0.04
103 63 0.08
65 103 0.06
67 103 0.09
103 68 0.26
69 103 0.19
70 103 0.17
71 103 0.12
103 72 0.18
103 73 0.07
103 74 0.28
103 75 0.13
103 76 0.09
103 77 0.11
103 78 0.09
103 79 0.05
103 82 0.17
103 83 0.16
103 84 0.29
87 103 0.11
88 103 0.47
103 89 0.23
103 90 0.36
103 91 0.33
103 92 0.22
95 103 0.11
103 97 0.43
103 101 0.51
139 103 0.0015
7 104 0.2
9 104 0.2
12 104 0.23
104 30 1.0
37 104 0.07
39 104 0.1
53 104 0.3
55 104 0.58
73 104 0.45
88 104 0.12
95 104 0.24
103 104 0.16
139 104 1.0E-4
4 105 0.13
5 105 0.11
7 105 0.1
9 105 0.1
12 105 0.23
105 13 0.25
17 105 0.13
105 23 0.5
37 105 0.15
39 105 0.15
42 105 0.23
105 49 0.29
53 105 0.15
68 105 0.2
69 105 0.07
83 105 0.25
88 105 0.18
91 105 0.2
92 105 0.17
97 105 0.19
101 105 0.16
103 105 0.16
139 105 1.0E-4
5 106 0.11
37 106 0.07
139 106 0.0
5 107 0.08
8 107 0.27
107 31 0.71
37 107 0.1
39 107 0.07
47 107 0.14
107 51 0.41
52 107 0.16
107 62 0.71
77 107 0.5
79 107 0.22
82 107 0.18
139 107 3.0E-4
108 3 0.09
108 4 0.2
108 5 0.12
108 9 0.16
108 10 0.06
108 11 0.14
108 12 0.06
108 14 0.23
108 16 0.08
108 17 0.21
108 28 0.06
108 32 0.27
108 37 0.28
108 39 0.24
108 47 0.21
108 48 0.08
108 50 0.16
108 52 0.18
108 53 0.08
108 54 0.08
108 59 0.36
108 65 0.1
108 67 0.3
108 69 0.39
108 70 0.11
108 71 0.45
108 72 0.37
108 74 0.15
108 75 0.11
108 87 0.12
108 88 0.26
108 95 0.19
108 101 0.31
108 103 0.17
108 139 0.0
5 109 0.11
7 109 0.2
109 23 1.0
37 109 0.07
39 109 0.1
42 109 0.23
109 49 0.58
53 109 0.3
68 109 0.41
69 109 0.15
83 109 0.5
88 109 0.12
91 109 0.41
92 109 0.33
97 109 0.38
101 109 0.16
103 109 0.16
105 109 0.5
139 109 2.0E-4
110 3 0.13
5 110 0.17
7 110 0.08
14 110 0.11
16 110 0.11
28 110 0.16
110 34 0.38
36 110 0.1
37 110 0.19
39 110 0.23
110 41 0.14
42 110 0.09
48 110 0.11
50 110 0.08
52 110 0.26
54 110 0.34
110 66 0.19
69 110 0.39
71 110 0.28
72 110 0.42
73 110 0.17
76 110 0.22
87 110 0.25
88 110 0.18
95 110 0.36
97 110 0.14
101 110 0.25
103 110 0.12
108 110 0.1
139 110 1.0E-4
37 111 0.07
39 111 0.1
139 111 0.0
112 4 0.1
112 5 0.27
112 7 0.17
112 9 0.08
112 11 0.11
112 14 0.12
112 16 0.12
112 17 0.11
112 28 0.09
112 37 0.18
112 39 0.21
112 41 0.15
112 42 0.09
112 47 0.16
112 48 0.24
112 49 0.24
112 50 0.17
112 52 0.28
112 54 0.37
112 58 0.41
112 61 0.1
112 65 0.31
112 66 0.2
112 69 0.24
112 70 0.17
112 75 0.17
112 88 0.05
112 95 0.19
112 101 0.07
112 103 0.13
112 108 0.11
112 110 0.31
112 139 0.0
4 113 0.25
5 113 0.05
7 113 0.1
9 113 0.3
11 113 0.13
12 113 0.23
113 23 0.5
28 113 0.11
37 113 0.15
39 113 0.05
42 113 0.11
113 49 0.29
50 113 0.1
53 113 0.3
113 63 0.25
68 113 0.41
69 113 0.15
75 113 0.2
82 113 0.13
83 113 0.25
88 113 0.12
91 113 0.2
92 113 0.5
97 113 0.19
101 113 0.08
103 113 0.16
105 113 0.25
113 109 0.5
139 113 1.0E-4
7 114 0.29
8 114 0.27
10 114 0.34
16 114 0.2
28 114 0.15
114 35 0.35
37 114 0.1
39 114 0.14
41 114 0.27
42 114 0.32
53 114 0.21
88 114 0.08
90 114 0.32
97 114 0.27
101 114 0.23
103 114 0.23
139 114 1.0E-4
115 2 0.33
3 115 0.17
4 115 0.13
5 115 0.06
115 6 0.26
7 115 0.05
8 115 0.1
115 9 0.1
115 10 0.13
11 115 0.07
12 115 0.06
16 115 0.07
17 115 0.14
28 115 0.06
115 33 0.26
115 35 0.13
36 115 0.07
37 115 0.28
39 115 0.18
115 41 0.1
42 115 0.06
115 45 0.26
47 115 0.15
48 115 0.07
52 115 0.18
53 115 0.08
54 115 0.08
115 66 0.13
67 115 0.21
69 115 0.27
70 115 0.16
71 115 0.25
72 115 0.21
73 115 0.23
75 115 0.11
115 79 0.08
87 115 0.23
88 115 0.25
97 115 0.1
99 115 0.18
115 100 0.26
101 115 0.3
103 115 0.04
108 115 0.14
110 115 0.1
115 114 0.18
139 115 2.0E-4
3 116 0.33
9 116 0.2
10 116 0.24
11 116 0.26
29 116 0.58
37 116 0.07
38 116 0.5
39 116 0.1
41 116 0.38
53 116 0.3
84 116 0.45
88 116 0.12
92 116 0.33
103 116 0.16
139 116 1.0E-4
117 26 1.0
37 117 0.07
39 117 0.1
117 56 1.0
139 117 2.0E-4
118 4 0.13
118 5 0.25
118 8 0.19
118 9 0.1
118 11 0.06
118 14 0.29
118 17 0.33
118 18 0.25
118 19 0.35
118 21 0.25
118 36 0.07
118 37 0.29
118 39 0.28
118 47 0.14
118 48 0.14
118 50 0.26
118 52 0.23
118 53 0.15
118 54 0.23
118 59 0.22
118 61 0.3
118 65 0.09
118 66 0.25
118 67 0.21
118 69 0.26
118 70 0.15
118 71 0.18
118 72 0.07
118 75 0.1
118 78 0.14
118 85 0.14
118 87 0.22
118 88 0.18
118 92 0.08
118 93 0.25
118 94 0.25
118 95 0.29
118 96 0.25
118 101 0.04
118 108 0.27
118 112 0.1
118 139 0.0
5 119 0.11
37 119 0.07
70 119 0.2
103 119 0.16
139 119 0.0
120 3 0.1
4 120 0.14
5 120 0.06
120 8 0.22
14 120 0.33
17 120 0.23
120 18 0.29
120 19 0.41
120 21 0.29
28 120 0.06
36 120 0.23
37 120 0.25
39 120 0.23
47 120 0.11
120 48 0.08
50 120 0.12
52 120 0.13
53 120 0.09
67 120 0.16
69 120 0.38
70 120 0.12
71 120 0.49
120 72 0.4
120 73 0.39
120 75 0.12
120 76 0.17
120 79 0.09
87 120 0.38
88 120 0.38
93 120 0.58
120 94 0.29
95 120 0.27
120 96 0.29
101 120 0.24
103 120 0.05
108 120 0.08
120 110 0.33
120 115 0.15
118 120 0.29
139 120 0.0
3 121 0.24
9 121 0.14
10 121 0.17
11 121 0.18
29 121 0.41
37 121 0.1
38 121 0.35
39 121 0.14
41 121 0.27
53 121 0.21
79 121 0.22
80 121 0.32
82 121 0.18
84 121 0.32
88 121 0.08
92 121 0.24
103 121 0.11
121 116 0.71
139 121 1.0E-4
5 122 0.11
10 122 0.24
37 122 0.07
122 46 1.0
122 64 1.0
79 122 0.32
80 122 0.45
82 122 0.26
139 122 1.0E-4
5 123 0.11
123 20 0.5
37 123 0.15
39 123 0.1
123 43 0.5
123 63 0.25
82 123 0.13
139 123 4.0E-4
5 124 0.08
10 124 0.17
37 124 0.1
39 124 0.07
124 46 0.71
124 64 0.71
79 124 0.22
80 124 0.32
82 124 0.18
124 122 0.71
139 124 1.0E-4
125 20 1.0
37 125 0.07
39 125 0.1
123 125 0.5
139 125 1.0E-4
126 10 0.24
11 126 0.26
36 126 0.27
37 126 0.07
126 44 1.0
53 126 0.3
55 126 0.58
126 57 1.0
126 92 0.33
95 126 0.24
126 98 1.0
126 102 1.0
139 126 2.0E-4
3 127 0.19
4 127 0.14
5 127 0.13
7 127 0.12
9 127 0.12
10 127 0.14
11 127 0.3
12 127 0.13
36 127 0.15
37 127 0.13
127 38 0.29
39 127 0.12
42 127 0.13
127 49 0.33
50 127 0.12
59 127 0.26
70 127 0.24
74 127 0.67
75 127 0.24
127 78 0.33
84 127 0.26
88 127 0.14
90 127 0.26
92 127 0.19
103 127 0.19
139 127 2.0E-4
128 15 1.0
37 128 0.07
39 128 0.1
139 128 1.0E-4
5 129 0.11
129 7 0.1
11 129 0.26
129 12 0.23
129 23 0.5
37 129 0.15
39 129 0.1
129 42 0.11
47 129 0.19
129 49 0.29
129 53 0.15
129 68 0.2
69 129 0.07
129 83 0.25
88 129 0.12
129 91 0.2
129 92 0.17
129 97 0.19
129 99 0.35
129 101 0.08
129 103 0.08
129 105 0.25
129 109 0.5
129 113 0.25
129 139 3.0E-4
5 130 0.11
9 130 0.2
11 130 0.26
37 130 0.07
139 130 1.0E-4
4 131 0.08
5 131 0.07
131 8 0.13
131 9 0.07
14 131 0.38
17 131 0.45
131 18 0.33
131 19 0.47
131 21 0.33
131 36 0.27
37 131 0.22
39 131 0.27
47 131 0.26
131 48 0.1
50 131 0.2
52 131 0.23
131 53 0.2
131 59 0.6
65 131 0.13
131 67 0.55
69 131 0.25
131 71 0.32
131 72 0.28
131 75 0.14
131 87 0.15
131 88 0.28
131 93 0.44
131 94 0.33
131 95 0.47
131 96 0.33
131 101 0.11
131 103 0.05
108 131 0.27
118 131 0.33
131 120 0.19
131 139 0.0
5 132 0.26
7 132 0.07
9 132 0.07
10 132 0.16
11 132 0.09
132 13 0.17
132 22 0.33
28 132 0.21
132 34 0.33
132 35 0.17
37 132 0.22
39 132 0.17
132 40 0.33
41 132 0.13
42 132 0.08
47 132 0.06
48 132 0.1
52 132 0.31
54 132 0.4
65 132 0.13
132 66 0.17
68 132 0.14
69 132 0.15
70 132 0.07
132 79 0.11
132 80 0.15
132 83 0.17
88 132 0.04
91 132 0.14
95 132 0.24
97 132 0.13
101 132 0.05
103 132 0.05
110 132 0.38
112 132 0.27
139 132 3.0E-4
5 133 0.11
7 133 0.2
133 23 1.0
37 133 0.07
39 133 0.1
42 133 0.23
133 49 0.58
53 133 0.3
68 133 0.41
69 133 0.15
83 133 0.5
88 133 0.12
91 133 0.41
92 133 0.33
97 133 0.38
101 133 0.16
103 133 0.16
105 133 0.5
133 109 1.0
113 133 0.5
129 133 0.5
139 133 2.0E-4
5 134 0.05
7 134 0.31
134 8 0.19
16 134 0.43
28 134 0.32
37 134 0.15
39 134 0.2
42 134 0.34
69 134 0.07
82 134 0.26
88 134 0.06
134 89 0.35
134 90 0.22
91 134 0.2
134 97 0.19
101 134 0.25
103 134 0.32
139 134 2.0E-4
5 135 0.11
9 135 0.2
11 135 0.26
37 135 0.07
135 130 1.0
139 135 1.0E-4
37 136 0.07
39 136 0.1
123 136 0.5
139 136 1.0E-4
137 2 0.18
4 137 0.14
137 10 0.28
11 137 0.3
28 137 0.12
36 137 0.31
37 137 0.13
39 137 0.06
137 44 0.58
47 137 0.11
50 137 0.12
53 137 0.17
55 137 0.33
137 57 0.58
69 137 0.09
88 137 0.07
137 92 0.19
93 137 0.19
95 137 0.14
137 98 0.58
137 102 0.58
120 137 0.17
137 126 0.58
139 137 1.0E-4
5 138 0.09
7 138 0.17
138 9 0.16
11 138 0.11
12 138 0.19
138 24 0.41
138 27 0.41
138 30 0.41
36 138 0.11
37 138 0.18
39 138 0.17
47 138 0.08
53 138 0.12
55 138 0.24
138 60 0.41
61 138 0.1
138 73 0.18
74 138 0.24
138 75 0.17
82 138 0.11
88 138 0.1
90 138 0.18
95 138 0.1
138 99 0.29
103 138 0.13
138 104 0.41
138 127 0.24
129 138 0.2
139 138 6.0E-4
