*Vertices  14
1 "LED灯"
2 "开关"
3 "发光球"
4 "LED"
5 "二极管"
6 "联轴器"
7 "照明扶钉器"
8 "发电机"
9 "蓄电池"
10 "磁铁"
11 "防滑垫"
12 "发光笔套"
13 "笔筒"
14 "弹簧"
*Arcs
1 14 0.0027
1 2 0.37
2 14 0.0099
2 3 0.14
14 3 0.0338
4 1 0.67
4 2 0.54
4 3 0.07
4 14 0.0057
5 1 0.32
5 2 0.46
5 3 0.1
5 4 0.72
5 14 0.0032
1 6 0.11
2 6 0.14
4 6 0.07
14 6 0.0153
1 7 0.11
4 7 0.07
14 7 0.0345
1 8 0.11
2 8 0.14
4 8 0.15
5 8 0.1
8 6 0.5
14 8 0.0096
1 9 0.23
2 9 0.28
4 9 0.28
5 9 0.18
9 6 0.26
9 8 0.26
9 14 0.0029
1 10 0.13
4 10 0.13
5 10 0.06
10 7 0.58
14 10 0.0168
1 11 0.11
4 11 0.07
11 7 1.0
11 10 0.58
14 11 0.0345
2 12 0.14
12 3 1.0
4 12 0.07
5 12 0.1
14 12 0.0338
2 13 0.14
4 13 0.07
5 13 0.1
14 13 0.0141
