*Vertices  28
1 "LED灯"
2 "电容"
3 "处理器"
4 "单片机"
5 "开关"
6 "模数转换集成块"
7 "LED"
8 "二极管"
9 "三极管"
10 "玻璃"
11 "接收管"
12 "转换器"
13 "放大器"
14 "半导体"
15 "充电电池"
16 "芯片"
17 "充电器"
18 "存储器"
19 "电感"
20 "耳机"
21 "电极"
22 "电阻"
23 "脉冲信号"
24 "超声波"
25 "检测仪"
26 "提示仪"
27 "插座"
28 "扬声器"
*Arcs
1 28 9.0E-4
1 2 0.29
28 2 0.0013
3 1 0.14
3 2 0.05
3 28 0.0025
1 4 0.13
4 2 0.19
3 4 0.24
28 4 0.0023
1 5 0.37
5 2 0.42
3 5 0.21
5 4 0.19
28 5 0.0040
1 6 0.11
2 6 0.2
5 6 0.14
28 6 0.0154
7 1 0.67
7 2 0.36
7 3 0.28
7 4 0.32
7 5 0.54
7 6 0.07
7 28 0.0018
8 1 0.32
8 2 0.39
8 3 0.08
8 4 0.16
8 5 0.46
8 6 0.1
8 7 0.72
8 28 0.0011
1 9 0.2
9 2 0.61
4 9 0.16
5 9 0.37
9 6 0.23
7 9 0.32
8 9 0.42
28 9 0.0016
10 1 0.27
10 2 0.08
10 3 0.15
10 4 0.22
10 5 0.18
10 7 0.38
10 8 0.27
10 9 0.09
10 28 0.0013
1 11 0.13
2 11 0.24
4 11 0.13
5 11 0.24
11 6 0.58
7 11 0.13
8 11 0.18
9 11 0.4
10 11 0.11
28 11 0.0062
1 12 0.1
2 12 0.25
3 12 0.16
4 12 0.14
5 12 0.25
12 6 0.3
7 12 0.24
8 12 0.21
9 12 0.14
10 12 0.12
12 11 0.17
28 12 0.0021
1 13 0.09
2 13 0.33
3 13 0.11
4 13 0.28
5 13 0.11
13 6 0.41
7 13 0.18
8 13 0.17
9 13 0.28
13 11 0.24
13 12 0.25
28 13 0.0034
14 1 0.29
14 2 0.15
14 3 0.08
14 4 0.03
14 5 0.14
14 6 0.15
14 7 0.5
14 8 0.55
14 9 0.1
14 10 0.23
14 11 0.09
14 12 0.13
14 13 0.12
14 28 5.0E-4
1 15 0.11
2 15 0.2
3 15 0.13
5 15 0.2
15 6 0.5
7 15 0.15
8 15 0.1
9 15 0.23
15 11 0.29
12 15 0.15
13 15 0.2
14 15 0.07
28 15 0.0046
1 16 0.3
16 2 0.37
3 16 0.12
16 4 0.33
16 5 0.28
16 6 0.12
7 16 0.62
8 16 0.58
16 9 0.33
10 16 0.21
16 11 0.21
16 12 0.25
16 13 0.29
14 16 0.6
16 15 0.12
16 28 0.0014
1 17 0.04
2 17 0.17
3 17 0.11
5 17 0.06
17 6 0.41
7 17 0.18
8 17 0.21
9 17 0.47
17 11 0.24
17 12 0.12
17 13 0.17
14 17 0.06
17 15 0.41
16 17 0.1
28 17 0.0032
1 18 0.04
2 18 0.07
3 18 0.34
4 18 0.15
5 18 0.23
18 6 0.33
7 18 0.22
8 18 0.17
9 18 0.15
18 11 0.38
12 18 0.4
13 18 0.27
14 18 0.1
18 15 0.17
16 18 0.16
17 18 0.14
28 18 0.0026
1 19 0.25
2 19 0.54
5 19 0.36
19 6 0.38
7 19 0.19
8 19 0.23
9 19 0.43
19 11 0.22
19 12 0.23
13 19 0.31
14 19 0.22
19 15 0.19
16 19 0.18
17 19 0.15
19 18 0.13
28 19 0.0029
5 20 0.1
7 20 0.1
8 20 0.07
16 20 0.08
28 20 0.0038
1 21 0.16
2 21 0.37
4 21 0.04
5 21 0.2
21 6 0.16
7 21 0.45
8 21 0.55
9 21 0.6
10 21 0.13
21 11 0.19
21 12 0.1
21 13 0.2
14 21 0.56
21 15 0.08
16 21 0.57
21 17 0.34
21 18 0.05
21 19 0.31
28 21 8.0E-4
1 22 0.3
22 2 0.73
3 22 0.08
4 22 0.22
5 22 0.46
22 6 0.16
7 22 0.45
8 22 0.51
22 9 0.71
10 22 0.09
22 11 0.28
22 12 0.29
22 13 0.26
14 22 0.19
22 15 0.16
16 22 0.47
22 17 0.33
22 18 0.22
22 19 0.43
22 21 0.51
28 22 0.0011
1 23 0.11
2 23 0.1
4 23 0.23
5 23 0.14
23 6 0.5
7 23 0.15
8 23 0.15
9 23 0.23
23 11 0.29
12 23 0.15
13 23 0.2
14 23 0.07
15 23 0.25
16 23 0.18
17 23 0.2
18 23 0.17
19 23 0.19
21 23 0.16
22 23 0.16
28 23 0.0046
1 24 0.11
2 24 0.2
5 24 0.14
24 6 1.0
7 24 0.07
8 24 0.1
9 24 0.23
24 11 0.58
12 24 0.3
13 24 0.41
14 24 0.15
15 24 0.5
16 24 0.12
17 24 0.41
18 24 0.33
19 24 0.38
21 24 0.16
22 24 0.16
23 24 0.5
28 24 0.0154
1 25 0.05
2 25 0.1
3 25 0.13
4 25 0.23
5 25 0.07
25 6 0.5
7 25 0.15
8 25 0.05
9 25 0.11
25 11 0.29
12 25 0.3
13 25 0.41
14 25 0.15
15 25 0.25
16 25 0.12
17 25 0.2
18 25 0.5
19 25 0.19
21 25 0.08
22 25 0.16
23 25 0.25
25 24 0.5
28 25 0.0048
1 26 0.11
2 26 0.2
5 26 0.14
26 6 1.0
7 26 0.07
8 26 0.1
9 26 0.23
26 11 0.58
12 26 0.3
13 26 0.41
14 26 0.15
15 26 0.5
16 26 0.12
17 26 0.41
18 26 0.33
19 26 0.38
21 26 0.16
22 26 0.16
23 26 0.5
26 24 1.0
25 26 0.5
28 26 0.0154
1 27 0.09
2 27 0.17
3 27 0.11
4 27 0.19
5 27 0.28
7 27 0.18
8 27 0.17
10 27 0.08
12 27 0.12
16 27 0.1
27 20 0.29
22 27 0.13
28 27 0.0017
