*Vertices  37
1 "LED灯"
2 "光纤"
3 "传感器"
4 "控制器"
5 "处理器"
6 "PD"
7 "加湿器"
8 "LED"
9 "二极管"
10 "玻璃"
11 "香薰托盘"
12 "LED光源"
13 "塑料"
14 "光电转换器件"
15 "转换器"
16 "探针"
17 "滤光片"
18 "半导体"
19 "电路板"
20 "键合"
21 "客户"
22 "码道"
23 "太阳能"
24 "太阳能电池板"
25 "蓄电池"
26 "充电电池"
27 "光电池"
28 "充电器"
29 "存储器"
30 "光触媒"
31 "离子"
32 "蒸发腔"
33 "检测仪"
34 "激发光"
35 "发光管"
36 "光电管"
37 "探头"
*Arcs
1 37 3.0E-4
37 2 0.0048
1 3 0.13
3 2 0.23
3 37 0.0013
1 4 0.11
4 2 0.09
4 3 0.19
4 37 6.0E-4
5 1 0.14
5 2 0.1
5 3 0.36
5 4 0.44
5 37 0.0018
6 2 0.68
6 3 0.27
5 6 0.12
6 37 0.0018
1 7 0.11
37 7 0.0094
8 1 0.67
8 2 0.19
8 3 0.37
8 4 0.3
8 5 0.28
8 6 0.16
8 7 0.07
8 37 0.0013
9 1 0.32
9 2 0.23
9 3 0.2
9 4 0.15
9 5 0.08
9 6 0.18
9 8 0.72
9 37 3.0E-4
10 1 0.27
10 2 0.29
10 3 0.12
10 5 0.15
10 6 0.34
10 8 0.38
10 9 0.27
10 37 5.0E-4
1 11 0.11
11 7 1.0
8 11 0.07
37 11 0.0094
12 1 0.36
12 2 0.15
12 3 0.04
12 5 0.11
12 6 0.18
12 8 0.36
12 9 0.29
12 10 0.24
12 37 3.0E-4
13 1 0.28
13 2 0.17
13 3 0.18
13 4 0.17
13 5 0.12
13 6 0.21
13 8 0.32
13 9 0.28
13 10 0.35
13 12 0.14
13 37 5.0E-4
14 2 0.53
14 3 0.28
14 6 0.63
8 14 0.1
9 14 0.14
10 14 0.27
13 14 0.32
14 37 0.0033
1 15 0.1
15 2 0.23
15 3 0.3
15 4 0.22
5 15 0.16
15 6 0.27
8 15 0.24
9 15 0.21
10 15 0.12
13 15 0.21
15 14 0.43
15 37 0.0010
16 2 0.27
16 3 0.14
16 6 0.32
8 16 0.1
9 16 0.14
10 16 0.14
13 16 0.16
16 14 0.5
15 16 0.21
16 37 0.0026
17 2 0.68
17 3 0.09
17 6 0.6
8 17 0.16
9 17 0.23
10 17 0.26
12 17 0.27
13 17 0.1
17 14 0.32
15 17 0.13
17 16 0.32
17 37 0.0015
18 1 0.29
18 2 0.17
18 3 0.06
18 5 0.08
18 6 0.2
18 8 0.5
18 9 0.55
18 10 0.23
18 12 0.3
18 13 0.24
18 14 0.1
18 15 0.13
18 16 0.1
18 17 0.13
18 37 3.0E-4
19 1 0.4
19 3 0.08
19 4 0.1
19 5 0.11
19 7 0.2
19 8 0.36
19 9 0.17
19 10 0.39
19 11 0.2
19 12 0.17
19 13 0.19
19 17 0.09
19 18 0.15
19 37 7.0E-4
1 20 0.04
20 2 0.14
20 3 0.08
20 6 0.17
8 20 0.19
9 20 0.19
10 20 0.07
13 20 0.09
20 14 0.27
15 20 0.11
20 16 0.27
20 17 0.17
18 20 0.28
20 37 9.0E-4
1 21 0.22
21 3 0.24
5 21 0.21
8 21 0.18
9 21 0.08
10 21 0.08
12 21 0.08
13 21 0.09
15 21 0.12
18 21 0.12
19 21 0.17
21 37 8.0E-4
2 22 0.27
3 22 0.14
4 22 0.17
5 22 0.18
8 22 0.1
9 22 0.07
37 22 0.0034
1 23 0.14
2 23 0.12
4 23 0.23
5 23 0.08
8 23 0.23
9 23 0.13
10 23 0.12
18 23 0.05
19 23 0.06
23 22 0.22
37 23 0.0010
1 24 0.15
2 24 0.17
4 24 0.22
5 24 0.12
8 24 0.16
9 24 0.05
24 22 0.32
24 23 0.71
37 24 0.0016
1 25 0.23
25 3 0.05
25 4 0.13
5 25 0.07
8 25 0.28
9 25 0.18
10 25 0.1
12 25 0.05
18 25 0.11
25 21 0.11
25 23 0.57
25 24 0.46
25 37 5.0E-4
1 26 0.11
2 26 0.19
4 26 0.12
5 26 0.13
8 26 0.15
9 26 0.1
15 26 0.15
18 26 0.07
19 26 0.1
26 22 0.35
26 23 0.32
26 24 0.22
37 26 0.0021
27 2 0.38
27 3 0.3
5 27 0.13
27 6 0.45
8 27 0.15
9 27 0.15
10 27 0.19
12 27 0.2
13 27 0.23
27 14 0.71
15 27 0.3
27 16 0.35
27 17 0.22
18 27 0.15
20 27 0.19
21 27 0.2
25 27 0.13
27 37 0.0055
1 28 0.04
28 2 0.15
28 4 0.1
5 28 0.11
8 28 0.18
9 28 0.21
28 15 0.12
18 28 0.06
28 22 0.29
28 23 0.13
28 24 0.18
28 25 0.21
28 26 0.41
28 37 0.0014
1 29 0.04
29 3 0.33
29 4 0.16
5 29 0.34
29 6 0.15
8 29 0.22
9 29 0.17
12 29 0.14
15 29 0.4
29 17 0.15
18 29 0.1
19 29 0.07
21 29 0.14
25 29 0.09
29 26 0.17
29 27 0.17
28 29 0.14
29 37 8.0E-4
1 30 0.25
30 7 0.45
8 30 0.16
10 30 0.17
30 11 0.45
12 30 0.09
19 30 0.27
37 30 0.0026
1 31 0.13
31 2 0.17
31 6 0.21
31 7 0.23
8 31 0.32
9 31 0.26
10 31 0.35
31 11 0.23
12 31 0.19
13 31 0.05
31 15 0.07
31 17 0.21
18 31 0.34
19 31 0.14
31 20 0.09
31 30 0.31
31 37 9.0E-4
1 32 0.11
32 7 1.0
8 32 0.07
32 11 1.0
19 32 0.2
30 32 0.45
31 32 0.23
37 32 0.0094
1 33 0.05
3 33 0.3
5 33 0.13
8 33 0.15
9 33 0.05
12 33 0.1
15 33 0.3
18 33 0.15
21 33 0.2
25 33 0.13
26 33 0.25
27 33 0.25
28 33 0.2
29 33 0.5
37 33 0.0013
1 34 0.07
34 2 0.5
34 3 0.07
34 6 0.45
8 34 0.22
9 34 0.27
10 34 0.26
12 34 0.2
13 34 0.23
34 14 0.24
34 15 0.2
34 16 0.24
34 17 0.6
18 34 0.25
34 20 0.13
34 21 0.14
34 27 0.17
34 31 0.38
34 37 9.0E-4
1 35 0.26
2 35 0.13
3 35 0.07
4 35 0.16
5 35 0.09
8 35 0.22
9 35 0.17
10 35 0.06
13 35 0.31
18 35 0.15
19 35 0.07
35 22 0.24
35 23 0.11
35 24 0.15
35 26 0.17
28 35 0.14
35 30 0.15
31 35 0.08
37 35 0.0010
2 36 0.38
4 36 0.24
5 36 0.26
8 36 0.07
36 22 0.71
36 23 0.32
36 24 0.45
36 26 0.5
28 36 0.41
36 35 0.33
37 36 0.0055
