*Vertices  18
1 "光纤"
2 "探头"
3 "传感器"
4 "PD"
5 "校准方法"
6 "LED"
7 "二极管"
8 "玻璃"
9 "塑料"
10 "光电转换器件"
11 "转换器"
12 "滤光片"
13 "半导体"
14 "键合"
15 "光电池"
16 "芯片"
17 "激发光"
18 "探针"
*Arcs
18 1 0.0078
2 1 0.38
18 2 0.0093
3 1 0.23
3 2 0.2
18 3 0.0021
4 1 0.68
4 2 0.22
4 3 0.27
18 4 0.0099
18 5 0.0261
6 1 0.19
6 2 0.15
6 3 0.37
6 4 0.16
6 5 0.07
6 18 0.0020
7 1 0.23
7 2 0.05
7 3 0.2
7 4 0.18
7 5 0.1
7 6 0.72
7 18 0.0033
8 1 0.29
8 2 0.1
8 3 0.12
8 4 0.34
8 6 0.38
8 7 0.27
8 18 0.0021
9 1 0.17
9 2 0.11
9 3 0.18
9 4 0.21
9 6 0.32
9 7 0.28
9 8 0.35
9 18 0.0025
10 1 0.53
10 2 0.35
10 3 0.28
10 4 0.63
6 10 0.1
7 10 0.14
8 10 0.27
9 10 0.32
18 10 0.0182
11 1 0.23
11 2 0.15
11 3 0.3
11 4 0.27
6 11 0.24
7 11 0.21
8 11 0.12
9 11 0.21
11 10 0.43
11 18 0.0042
12 1 0.68
12 2 0.22
12 3 0.09
12 4 0.6
6 12 0.16
7 12 0.23
8 12 0.26
9 12 0.1
12 10 0.32
11 12 0.13
12 18 0.0084
13 1 0.17
13 2 0.07
13 3 0.06
13 4 0.2
13 5 0.15
13 6 0.5
13 7 0.55
13 8 0.23
13 9 0.24
13 10 0.1
13 11 0.13
13 12 0.13
13 18 0.0029
14 1 0.14
14 2 0.19
14 3 0.08
14 4 0.17
6 14 0.19
7 14 0.19
8 14 0.07
9 14 0.09
14 10 0.27
11 14 0.11
14 12 0.17
13 14 0.28
14 18 0.0054
15 1 0.38
15 2 0.5
15 3 0.3
15 4 0.45
6 15 0.15
7 15 0.15
8 15 0.19
9 15 0.23
15 10 0.71
11 15 0.3
15 12 0.22
13 15 0.15
14 15 0.19
15 18 0.011
16 1 0.09
16 3 0.17
16 4 0.11
16 5 0.12
6 16 0.62
7 16 0.58
8 16 0.21
9 16 0.11
16 11 0.25
16 12 0.16
13 16 0.6
16 14 0.27
16 18 0.0017
17 1 0.5
17 2 0.17
17 3 0.07
17 4 0.45
6 17 0.22
7 17 0.27
8 17 0.26
9 17 0.23
17 10 0.24
17 11 0.2
17 12 0.6
13 17 0.25
17 14 0.13
17 15 0.17
17 16 0.28
17 18 0.0051
