*Vertices  40
1 "LCD显示屏"
2 "显示器"
3 "LED灯"
4 "电容"
5 "传感器"
6 "单片机"
7 "开关"
8 "模数转换集成块"
9 "LED"
10 "液晶显示模块"
11 "二极管"
12 "三极管"
13 "玻璃"
14 "通道"
15 "LED光源"
16 "转换器"
17 "红外线发射管"
18 "滤光片"
19 "发光体"
20 "放大器"
21 "半导体"
22 "电路板"
23 "GPIO"
24 "客户"
25 "摄像机"
26 "充电电池"
27 "芯片"
28 "充电器"
29 "存储器"
30 "电感"
31 "电极"
32 "电阻"
33 "脉冲信号"
34 "超声波"
35 "射灯"
36 "检测仪"
37 "蜂鸣器"
38 "扬声器"
39 "提示仪"
40 "接收管"
*Arcs
1 40 8.0E-4
2 1 0.33
2 40 6.0E-4
3 1 0.04
3 2 0.08
3 40 7.0E-4
3 4 0.29
4 40 0.0018
1 5 0.13
2 5 0.25
3 5 0.13
4 5 0.08
5 40 5.0E-4
6 1 0.08
2 6 0.52
3 6 0.13
6 4 0.19
6 5 0.28
6 40 5.0E-4
7 1 0.14
2 7 0.07
3 7 0.37
7 4 0.42
7 5 0.19
7 6 0.19
7 40 0.0017
3 8 0.11
4 8 0.2
7 8 0.14
40 8 0.0071
9 1 0.22
9 2 0.29
9 3 0.67
9 4 0.36
9 5 0.37
9 6 0.32
9 7 0.54
9 8 0.07
9 40 9.0E-4
1 10 0.67
2 10 0.38
5 10 0.1
6 10 0.11
7 10 0.14
9 10 0.15
40 10 0.0014
11 1 0.14
11 2 0.15
11 3 0.32
11 4 0.39
11 5 0.2
11 6 0.16
11 7 0.46
11 8 0.1
11 9 0.72
11 10 0.1
11 40 0.0012
12 1 0.08
2 12 0.06
3 12 0.2
12 4 0.61
12 5 0.05
6 12 0.16
7 12 0.37
12 8 0.23
9 12 0.32
12 10 0.11
11 12 0.42
12 40 0.0037
13 2 0.19
13 3 0.27
13 4 0.08
13 5 0.12
13 6 0.22
13 7 0.18
13 9 0.38
13 11 0.27
13 12 0.09
13 40 3.0E-4
2 14 0.07
3 14 0.22
4 14 0.12
14 5 0.12
6 14 0.07
7 14 0.04
9 14 0.25
11 14 0.23
12 14 0.07
13 14 0.11
14 40 6.0E-4
15 1 0.07
15 2 0.15
15 3 0.36
15 4 0.04
15 5 0.04
15 6 0.09
15 7 0.06
15 9 0.36
15 10 0.1
15 11 0.29
15 12 0.09
15 13 0.24
15 14 0.18
15 40 4.0E-4
16 1 0.2
2 16 0.15
3 16 0.1
4 16 0.25
16 5 0.3
6 16 0.14
7 16 0.25
16 8 0.3
9 16 0.24
16 10 0.15
11 16 0.21
12 16 0.14
13 16 0.12
16 40 0.0010
3 17 0.11
4 17 0.2
5 17 0.2
7 17 0.14
9 17 0.07
11 17 0.1
12 17 0.23
13 17 0.19
14 17 0.29
40 17 0.0038
1 18 0.15
2 18 0.11
18 5 0.09
6 18 0.1
7 18 0.06
9 18 0.16
18 10 0.22
11 18 0.23
12 18 0.1
13 18 0.26
14 18 0.13
15 18 0.27
16 18 0.13
18 40 0.0011
19 2 0.09
19 3 0.21
19 4 0.08
19 5 0.08
19 7 0.1
19 9 0.19
19 11 0.23
19 12 0.09
19 13 0.15
19 14 0.11
19 15 0.23
19 17 0.38
19 40 9.0E-4
2 20 0.2
3 20 0.09
4 20 0.33
20 5 0.08
6 20 0.28
7 20 0.11
20 8 0.41
9 20 0.18
11 20 0.17
12 20 0.28
20 16 0.25
20 40 0.0017
21 1 0.05
21 2 0.11
21 3 0.29
21 4 0.15
21 5 0.06
21 6 0.03
21 7 0.14
21 8 0.15
21 9 0.5
21 11 0.55
21 12 0.1
21 13 0.23
21 14 0.17
21 15 0.3
21 16 0.13
21 18 0.13
21 19 0.11
21 20 0.12
21 40 4.0E-4
22 1 0.2
22 2 0.26
22 3 0.4
22 4 0.13
22 5 0.08
22 6 0.14
22 7 0.14
22 9 0.36
22 10 0.2
22 11 0.17
22 12 0.19
22 13 0.39
22 14 0.06
22 15 0.17
22 17 0.2
22 18 0.09
22 19 0.23
22 21 0.15
22 40 0.0012
23 1 0.19
2 23 0.14
3 23 0.06
4 23 0.12
6 23 0.13
7 23 0.24
9 23 0.13
23 10 0.29
11 23 0.06
12 23 0.13
15 23 0.12
23 18 0.26
21 23 0.09
22 23 0.12
23 40 0.0018
24 1 0.14
2 24 0.2
3 24 0.22
4 24 0.17
24 5 0.24
7 24 0.17
9 24 0.18
11 24 0.08
12 24 0.09
13 24 0.08
24 14 0.12
15 24 0.08
16 24 0.12
24 17 0.41
19 24 0.15
21 24 0.12
22 24 0.17
23 24 0.24
24 40 0.0013
1 25 0.38
2 25 0.14
5 25 0.12
6 25 0.13
7 25 0.08
9 25 0.13
25 10 0.29
11 25 0.12
12 25 0.13
15 25 0.12
18 25 0.26
22 25 0.12
23 25 0.33
40 25 0.0016
3 26 0.11
4 26 0.2
7 26 0.2
26 8 0.5
9 26 0.15
11 26 0.1
12 26 0.23
16 26 0.15
20 26 0.2
21 26 0.07
22 26 0.1
26 40 0.0021
27 1 0.24
2 27 0.27
3 27 0.3
27 4 0.37
27 5 0.17
27 6 0.33
27 7 0.28
27 8 0.12
9 27 0.62
27 10 0.24
11 27 0.58
27 12 0.33
13 27 0.21
27 14 0.24
15 27 0.22
27 16 0.25
27 17 0.12
27 18 0.16
19 27 0.09
27 20 0.29
21 27 0.6
22 27 0.22
27 23 0.14
27 24 0.1
27 25 0.07
27 26 0.12
27 40 0.0014
3 28 0.04
4 28 0.17
7 28 0.06
28 8 0.41
9 28 0.18
11 28 0.21
12 28 0.47
28 16 0.12
28 20 0.17
21 28 0.06
28 26 0.41
27 28 0.1
28 40 0.0016
1 29 0.22
2 29 0.25
3 29 0.04
4 29 0.07
29 5 0.33
6 29 0.15
7 29 0.23
29 8 0.33
9 29 0.22
29 10 0.33
11 29 0.17
12 29 0.15
15 29 0.14
16 29 0.4
29 18 0.15
20 29 0.27
21 29 0.1
22 29 0.07
23 29 0.19
24 29 0.14
29 25 0.38
29 26 0.17
27 29 0.16
28 29 0.14
29 40 0.0034
3 30 0.25
4 30 0.54
7 30 0.36
30 8 0.38
9 30 0.19
11 30 0.23
12 30 0.43
15 30 0.08
30 16 0.23
20 30 0.31
21 30 0.22
30 26 0.19
27 30 0.18
28 30 0.15
30 29 0.13
30 40 0.0014
31 1 0.11
2 31 0.04
3 31 0.16
4 31 0.37
31 5 0.03
6 31 0.04
7 31 0.2
31 8 0.16
9 31 0.45
31 10 0.08
11 31 0.55
12 31 0.6
13 31 0.13
31 14 0.19
15 31 0.1
31 16 0.1
31 17 0.16
31 18 0.15
19 31 0.06
31 20 0.2
21 31 0.56
22 31 0.03
31 24 0.07
31 26 0.08
27 31 0.57
31 28 0.34
31 29 0.05
31 30 0.31
31 40 0.0011
32 1 0.16
2 32 0.08
3 32 0.3
32 4 0.73
32 5 0.16
6 32 0.22
7 32 0.46
32 8 0.16
9 32 0.45
32 10 0.16
11 32 0.51
32 12 0.71
13 32 0.09
32 14 0.19
15 32 0.1
32 16 0.29
32 17 0.16
32 18 0.15
19 32 0.06
32 20 0.26
21 32 0.19
22 32 0.17
32 23 0.28
32 24 0.13
32 25 0.09
32 26 0.16
27 32 0.47
32 28 0.33
32 29 0.22
32 30 0.43
32 31 0.51
32 40 0.0024
2 33 0.13
3 33 0.11
4 33 0.1
5 33 0.1
6 33 0.23
7 33 0.14
33 8 0.5
9 33 0.15
11 33 0.15
12 33 0.23
16 33 0.15
20 33 0.2
21 33 0.07
26 33 0.25
27 33 0.18
28 33 0.2
29 33 0.17
30 33 0.19
31 33 0.16
32 33 0.16
33 40 0.0021
3 34 0.11
4 34 0.2
7 34 0.14
34 8 1.0
9 34 0.07
11 34 0.1
12 34 0.23
16 34 0.3
20 34 0.41
21 34 0.15
26 34 0.5
27 34 0.12
28 34 0.41
29 34 0.33
30 34 0.38
31 34 0.16
32 34 0.16
33 34 0.5
34 40 0.0071
35 2 0.1
35 3 0.27
35 4 0.17
35 5 0.08
35 7 0.06
35 9 0.18
35 11 0.21
35 12 0.09
35 13 0.16
35 14 0.24
35 15 0.17
35 17 0.41
35 19 0.31
35 21 0.24
35 22 0.17
35 24 0.17
35 27 0.05
35 31 0.07
35 32 0.13
35 40 0.0011
2 36 0.25
3 36 0.05
4 36 0.1
5 36 0.3
6 36 0.23
7 36 0.07
36 8 0.5
9 36 0.15
11 36 0.05
12 36 0.11
15 36 0.1
16 36 0.3
20 36 0.41
21 36 0.15
24 36 0.2
26 36 0.25
27 36 0.12
28 36 0.2
29 36 0.5
30 36 0.19
31 36 0.08
32 36 0.16
33 36 0.25
36 34 0.5
36 40 0.0023
1 37 0.19
2 37 0.14
3 37 0.13
4 37 0.12
5 37 0.12
6 37 0.13
7 37 0.16
9 37 0.13
37 10 0.29
11 37 0.12
12 37 0.13
15 37 0.12
18 37 0.26
22 37 0.24
23 37 0.67
24 37 0.24
37 25 0.33
27 37 0.14
29 37 0.19
32 37 0.19
37 40 0.0018
3 38 0.11
38 4 0.1
38 6 0.23
38 7 0.27
38 8 0.5
9 38 0.15
11 38 0.1
38 12 0.11
13 38 0.19
38 16 0.15
38 20 0.2
21 38 0.07
38 26 0.25
27 38 0.12
38 28 0.2
38 29 0.17
38 30 0.19
38 31 0.08
38 32 0.08
38 33 0.25
38 34 0.5
38 36 0.25
38 40 0.0020
3 39 0.11
4 39 0.2
7 39 0.14
39 8 1.0
9 39 0.07
11 39 0.1
12 39 0.23
16 39 0.3
20 39 0.41
21 39 0.15
26 39 0.5
27 39 0.12
28 39 0.41
29 39 0.33
30 39 0.38
31 39 0.16
32 39 0.16
33 39 0.5
39 34 1.0
36 39 0.5
38 39 0.5
39 40 0.0071
