*Vertices  41
1 "LCD显示屏"
2 "衬底"
3 "LED灯"
4 "荧光粉"
5 "整流器"
6 "GAN"
7 "保护层"
8 "变压器"
9 "LED外延片"
10 "外延片"
11 "外延"
12 "LED"
13 "二极管"
14 "掩膜"
15 "通道"
16 "腐蚀液"
17 "缓冲层"
18 "内量子效率"
19 "光刻胶"
20 "SiO2"
21 "半导体"
22 "Al2O3"
23 "MQW"
24 "ESD"
25 "ITO"
26 "太阳能"
27 "LED芯片"
28 "芯片"
29 "电流扩展层"
30 "Li"
31 "电极"
32 "电阻"
33 "激光"
34 "MOCVD"
35 "标准芯片工艺制作"
36 "湿法腐蚀"
37 "空穴"
38 "屏幕"
39 "发光层"
40 "甲基"
41 "接触层"
*Arcs
41 1 2.0E-4
2 1 0.08
41 2 0.0047
3 1 0.04
3 2 0.03
3 41 0.0
4 2 0.13
4 3 0.13
4 41 2.0E-4
5 2 0.07
3 5 0.22
5 41 2.0E-4
6 1 0.12
6 2 0.65
3 6 0.04
4 6 0.1
5 6 0.1
41 6 0.0064
2 7 0.23
3 7 0.11
4 7 0.14
5 7 0.14
6 7 0.18
41 7 4.0E-4
8 2 0.05
3 8 0.26
4 8 0.06
8 5 0.68
8 6 0.08
8 7 0.11
8 41 1.0E-4
9 1 0.12
9 2 0.65
3 9 0.04
4 9 0.1
5 9 0.1
9 6 0.75
9 7 0.18
8 9 0.08
41 9 0.0083
10 1 0.09
10 2 0.83
3 10 0.03
4 10 0.08
5 10 0.08
10 6 0.78
10 7 0.14
8 10 0.06
10 9 0.78
41 10 0.0062
11 1 0.08
11 2 0.95
3 11 0.05
4 11 0.13
5 11 0.07
11 6 0.65
11 7 0.23
8 11 0.05
11 9 0.65
11 10 0.83
41 11 0.0048
12 1 0.22
12 2 0.32
12 3 0.67
12 4 0.25
12 5 0.25
12 6 0.21
12 7 0.15
12 8 0.34
12 9 0.21
12 10 0.27
12 11 0.32
12 41 7.0E-4
13 1 0.14
13 2 0.37
13 3 0.32
13 4 0.23
13 5 0.35
13 6 0.25
13 7 0.1
13 8 0.39
13 9 0.22
13 10 0.31
13 11 0.37
13 12 0.72
13 41 7.0E-4
2 14 0.23
3 14 0.11
5 14 0.29
6 14 0.35
7 14 0.5
8 14 0.21
9 14 0.35
10 14 0.28
11 14 0.23
12 14 0.07
13 14 0.1
41 14 0.0012
15 2 0.2
3 15 0.22
15 6 0.31
15 9 0.2
15 10 0.24
15 11 0.2
12 15 0.25
13 15 0.23
41 15 5.0E-4
2 16 0.56
3 16 0.04
5 16 0.12
6 16 0.14
7 16 0.2
8 16 0.09
9 16 0.29
10 16 0.34
11 16 0.47
12 16 0.18
13 16 0.25
16 14 0.41
41 16 5.0E-4
17 1 0.12
17 2 0.65
4 17 0.1
17 6 0.63
17 9 0.75
17 10 0.78
17 11 0.65
12 17 0.21
13 17 0.22
17 15 0.2
41 17 0.0063
2 18 0.32
4 18 0.2
6 18 0.25
9 18 0.5
10 18 0.39
11 18 0.32
12 18 0.1
13 18 0.07
17 18 0.5
41 18 0.0026
2 19 0.46
3 19 0.05
5 19 0.14
6 19 0.18
7 19 0.25
8 19 0.11
9 19 0.35
10 19 0.42
11 19 0.46
12 19 0.15
13 19 0.2
19 14 0.5
16 19 0.82
41 19 6.0E-4
20 2 0.38
3 20 0.12
4 20 0.32
20 5 0.08
20 6 0.29
20 7 0.14
20 8 0.06
20 9 0.2
20 10 0.38
20 11 0.38
12 20 0.27
13 20 0.31
20 14 0.28
20 15 0.08
20 16 0.34
20 17 0.1
20 19 0.28
20 41 3.0E-4
21 1 0.05
21 2 0.64
21 3 0.29
21 4 0.34
21 5 0.17
21 6 0.42
21 7 0.15
21 8 0.19
21 9 0.42
21 10 0.53
21 11 0.64
21 12 0.5
21 13 0.55
21 14 0.15
21 15 0.17
21 16 0.36
21 17 0.42
21 18 0.21
21 19 0.29
21 20 0.41
21 41 0.0023
22 1 0.08
22 2 0.72
3 22 0.08
4 22 0.35
22 5 0.07
22 6 0.69
22 7 0.24
22 8 0.05
22 9 0.6
22 10 0.74
22 11 0.78
12 22 0.3
13 22 0.34
22 14 0.24
22 15 0.21
22 16 0.1
22 17 0.69
22 18 0.34
22 19 0.12
20 22 0.54
21 22 0.57
22 41 0.0048
23 1 0.09
23 2 0.64
3 23 0.09
4 23 0.16
5 23 0.16
23 6 0.78
23 7 0.14
8 23 0.12
23 9 0.69
23 10 0.77
23 11 0.7
12 23 0.27
13 23 0.31
23 14 0.28
23 15 0.24
23 16 0.23
23 17 0.59
23 18 0.39
23 19 0.28
20 23 0.31
21 23 0.53
22 23 0.67
41 23 0.0059
24 2 0.41
24 6 0.47
24 9 0.63
24 10 0.5
24 11 0.41
12 24 0.16
13 24 0.14
24 15 0.26
24 17 0.63
24 18 0.32
21 24 0.26
22 24 0.43
24 23 0.5
41 24 0.0041
25 1 0.19
2 25 0.66
3 25 0.06
4 25 0.08
5 25 0.08
6 25 0.61
25 7 0.29
8 25 0.06
9 25 0.61
10 25 0.72
11 25 0.73
12 25 0.25
13 25 0.26
25 14 0.29
15 25 0.08
25 16 0.24
17 25 0.51
25 18 0.41
25 19 0.29
20 25 0.4
21 25 0.47
22 25 0.7
23 25 0.64
24 25 0.26
41 25 0.0038
2 26 0.07
3 26 0.14
4 26 0.09
6 26 0.11
8 26 0.07
9 26 0.11
10 26 0.09
11 26 0.07
12 26 0.23
13 26 0.13
15 26 0.09
17 26 0.11
21 26 0.05
22 26 0.08
23 26 0.09
24 26 0.14
41 26 1.0E-4
27 1 0.07
27 2 0.5
3 27 0.19
4 27 0.31
27 5 0.13
27 6 0.39
27 7 0.22
27 8 0.09
27 9 0.54
27 10 0.48
27 11 0.45
12 27 0.34
13 27 0.33
27 14 0.22
27 15 0.31
27 16 0.36
27 17 0.39
27 18 0.15
27 19 0.33
20 27 0.24
21 27 0.51
22 27 0.42
27 23 0.54
27 24 0.39
27 25 0.31
27 26 0.07
27 41 0.0028
28 1 0.24
28 2 0.49
3 28 0.3
4 28 0.35
28 5 0.14
28 6 0.34
28 7 0.12
28 8 0.18
28 9 0.34
28 10 0.43
28 11 0.49
12 28 0.62
13 28 0.58
28 14 0.12
28 15 0.24
28 16 0.29
28 17 0.34
28 18 0.17
28 19 0.24
28 20 0.4
21 28 0.6
28 22 0.46
28 23 0.43
28 24 0.27
28 25 0.38
28 26 0.08
28 27 0.55
28 41 0.0016
2 29 0.57
3 29 0.08
5 29 0.1
6 29 0.38
7 29 0.18
8 29 0.08
9 29 0.13
10 29 0.39
11 29 0.57
12 29 0.21
13 29 0.29
29 14 0.35
15 29 0.1
29 16 0.58
29 19 0.35
20 29 0.49
21 29 0.42
22 29 0.34
23 29 0.49
25 29 0.41
27 29 0.23
28 29 0.34
41 29 5.0E-4
30 2 0.16
3 30 0.26
4 30 0.27
30 6 0.25
30 8 0.05
30 9 0.08
30 10 0.2
30 11 0.16
12 30 0.31
13 30 0.36
30 15 0.2
30 17 0.08
30 18 0.17
30 20 0.33
21 30 0.38
30 22 0.29
30 23 0.26
30 24 0.11
30 25 0.2
30 27 0.21
30 28 0.31
30 29 0.17
30 41 2.0E-4
31 1 0.11
31 2 0.72
3 31 0.16
4 31 0.09
31 5 0.33
31 6 0.46
31 7 0.16
31 8 0.39
31 9 0.46
31 10 0.59
31 11 0.72
12 31 0.45
13 31 0.55
31 14 0.16
31 15 0.19
31 16 0.4
31 17 0.46
31 18 0.23
31 19 0.33
20 31 0.32
21 31 0.56
22 31 0.56
31 23 0.55
31 24 0.29
31 25 0.57
31 26 0.05
27 31 0.39
28 31 0.57
31 29 0.46
30 31 0.12
31 41 0.0026
32 1 0.16
32 2 0.11
3 32 0.3
4 32 0.05
32 5 0.56
32 6 0.17
32 7 0.08
32 8 0.55
32 9 0.11
32 10 0.13
32 11 0.11
12 32 0.45
13 32 0.51
32 14 0.16
32 15 0.19
32 16 0.07
32 17 0.06
32 18 0.11
32 19 0.08
20 32 0.09
21 32 0.19
22 32 0.12
32 23 0.18
32 24 0.07
32 25 0.14
32 26 0.05
27 32 0.11
28 32 0.47
32 29 0.11
30 32 0.11
32 31 0.51
32 41 2.0E-4
33 1 0.09
33 2 0.37
33 3 0.12
33 4 0.23
33 5 0.08
33 6 0.38
33 7 0.27
33 8 0.06
33 9 0.19
33 10 0.3
33 11 0.43
33 12 0.28
33 13 0.24
33 14 0.27
33 15 0.08
33 16 0.11
33 17 0.09
33 18 0.19
33 19 0.13
33 20 0.3
33 21 0.39
33 22 0.45
33 23 0.37
33 25 0.46
33 27 0.12
33 28 0.26
33 29 0.38
33 30 0.19
33 31 0.31
33 32 0.17
33 41 7.0E-4
34 1 0.1
34 2 0.73
3 34 0.03
4 34 0.08
34 6 0.71
34 9 0.61
34 10 0.88
34 11 0.79
12 34 0.25
13 34 0.29
34 15 0.25
34 16 0.12
34 17 0.82
34 18 0.41
34 19 0.14
20 34 0.32
21 34 0.51
22 34 0.77
34 23 0.8
34 24 0.52
34 25 0.67
34 26 0.09
27 34 0.38
28 34 0.41
34 29 0.41
30 34 0.2
31 34 0.57
32 34 0.09
33 34 0.31
34 41 0.0050
35 1 0.15
35 2 0.51
4 35 0.13
35 6 0.63
35 9 0.79
35 10 0.62
35 11 0.51
12 35 0.16
13 35 0.14
35 15 0.13
35 17 0.79
35 18 0.63
21 35 0.33
22 35 0.54
35 23 0.62
35 24 0.6
35 25 0.52
27 35 0.39
28 35 0.27
30 35 0.11
31 35 0.37
32 35 0.07
33 35 0.12
35 34 0.65
35 41 0.0065
2 36 0.32
3 36 0.08
5 36 0.2
6 36 0.25
7 36 0.35
8 36 0.15
9 36 0.25
10 36 0.2
11 36 0.32
12 36 0.1
13 36 0.14
36 14 0.71
16 36 0.58
19 36 0.35
20 36 0.2
21 36 0.21
22 36 0.17
23 36 0.2
25 36 0.2
27 36 0.15
28 36 0.17
29 36 0.5
31 36 0.23
32 36 0.11
33 36 0.19
41 36 7.0E-4
37 1 0.13
2 37 0.26
3 37 0.17
4 37 0.11
5 37 0.11
6 37 0.4
8 37 0.16
9 37 0.4
10 37 0.31
11 37 0.26
12 37 0.19
13 37 0.23
15 37 0.11
17 37 0.4
37 18 0.27
21 37 0.39
22 37 0.28
23 37 0.42
24 37 0.17
37 25 0.33
27 37 0.25
28 37 0.18
30 37 0.36
31 37 0.25
32 37 0.12
33 37 0.1
34 37 0.33
35 37 0.51
41 37 0.0019
1 38 0.17
2 38 0.36
3 38 0.06
5 38 0.07
6 38 0.18
8 38 0.06
9 38 0.27
10 38 0.43
11 38 0.36
12 38 0.28
13 38 0.18
15 38 0.07
16 38 0.21
17 38 0.37
38 19 0.26
20 38 0.21
21 38 0.27
22 38 0.25
23 38 0.21
24 38 0.23
25 38 0.22
38 26 0.08
27 38 0.23
28 38 0.25
29 38 0.09
31 38 0.3
32 38 0.04
33 38 0.14
34 38 0.37
35 38 0.12
37 38 0.1
41 38 6.0E-4
39 1 0.13
2 39 0.61
6 39 0.13
9 39 0.13
10 39 0.42
11 39 0.52
12 39 0.19
13 39 0.27
39 16 0.46
17 39 0.4
39 19 0.19
20 39 0.21
21 39 0.39
22 39 0.28
23 39 0.21
39 25 0.22
27 39 0.25
28 39 0.32
39 29 0.53
31 39 0.43
34 39 0.44
35 39 0.17
39 36 0.27
39 37 0.14
39 38 0.29
41 39 4.0E-4
40 1 0.1
40 2 0.33
3 40 0.06
4 40 0.33
40 6 0.41
8 40 0.06
40 9 0.51
40 10 0.4
40 11 0.33
12 40 0.25
13 40 0.23
40 15 0.08
40 17 0.51
40 18 0.41
20 40 0.16
21 40 0.38
22 40 0.49
40 23 0.4
40 24 0.39
40 25 0.33
40 26 0.09
27 40 0.38
28 40 0.38
30 40 0.27
31 40 0.24
32 40 0.05
33 40 0.08
40 34 0.42
40 35 0.52
40 37 0.33
40 38 0.15
40 39 0.11
40 41 0.0030
