*Vertices  83
1 "LED显示屏"
2 "LCD显示屏"
3 "显示器"
4 "LED灯"
5 "光纤"
6 "探头"
7 "电容"
8 "容器"
9 "传感器"
10 "处理器"
11 "单片机"
12 "荧光粉"
13 "整流器"
14 "开关"
15 "触发脉冲"
16 "色域"
17 "IP核"
18 "圆圈基体"
19 "显示技术"
20 "变压器"
21 "定时器"
22 "XYZ2xyz"
23 "XYZ2RGB"
24 "CIE"
25 "发光板"
26 "EP"
27 "LED"
28 "液晶显示模块"
29 "二极管"
30 "稳压二极管"
31 "三极管"
32 "模糊增强算法"
33 "GSM"
34 "教具"
35 "塑料"
36 "转换器"
37 "晶体振荡器"
38 "IP软核"
39 "电动机"
40 "发电机"
41 "直流电机"
42 "加热片"
43 "放大器"
44 "电路板"
45 "SMT"
46 "ITO"
47 "码道"
48 "太阳能"
49 "太阳能电池板"
50 "风能"
51 "蓄电池"
52 "充电电池"
53 "锂电池"
54 "LED照明设备"
55 "蓄电设备"
56 "FPC连接器"
57 "FFC连接器"
58 "芯片"
59 "继电器"
60 "充电器"
61 "存储器"
62 "Li"
63 "电感"
64 "灰度"
65 "电极"
66 "边缘检测"
67 "电阻"
68 "基色"
69 "驱动模块"
70 "激光"
71 "SIM"
72 "光电耦合器"
73 "屏幕"
74 "读取器"
75 "信息卡"
76 "转子"
77 "电磁感应"
78 "VGA"
79 "蜂鸣器"
80 "发光管"
81 "光电管"
82 "DMA"
83 "控制器"
*Arcs
83 1 6.0E-4
2 1 0.21
2 83 9.0E-4
3 1 0.08
3 2 0.33
3 83 8.0E-4
4 1 0.03
4 2 0.04
4 3 0.08
4 83 2.0E-4
83 5 1.0E-4
4 6 0.05
6 5 0.38
83 6 2.0E-4
4 7 0.29
7 83 5.0E-4
4 8 0.12
7 8 0.23
8 83 1.0E-4
2 9 0.13
3 9 0.25
4 9 0.13
9 5 0.23
9 6 0.2
7 9 0.08
83 9 4.0E-4
10 1 0.16
10 2 0.09
10 3 0.26
10 4 0.14
10 5 0.1
10 6 0.26
10 7 0.05
10 9 0.36
10 83 0.0020
11 1 0.07
11 2 0.08
3 11 0.52
4 11 0.13
11 7 0.19
11 9 0.28
10 11 0.24
11 83 4.0E-4
12 1 0.09
12 3 0.14
12 4 0.13
12 8 0.22
12 10 0.07
12 11 0.07
12 83 1.0E-4
4 13 0.22
7 13 0.53
13 8 0.33
13 83 1.0E-4
14 1 0.04
14 2 0.14
3 14 0.07
4 14 0.37
14 7 0.42
14 8 0.21
14 9 0.19
10 14 0.21
14 11 0.19
12 14 0.08
14 13 0.2
14 83 9.0E-4
7 15 0.2
83 15 4.0E-4
16 1 0.45
10 16 0.18
83 16 5.0E-4
1 17 0.32
10 17 0.26
16 17 0.71
83 17 7.0E-4
14 18 0.14
83 18 3.0E-4
2 19 0.24
3 19 0.35
9 19 0.14
10 19 0.18
11 19 0.16
83 19 0.0011
20 1 0.07
3 20 0.11
4 20 0.26
7 20 0.52
20 8 0.24
20 9 0.04
11 20 0.05
12 20 0.06
20 13 0.68
14 20 0.29
20 83 2.0E-4
2 21 0.19
4 21 0.06
9 21 0.12
10 21 0.15
14 21 0.24
21 18 0.58
83 21 9.0E-4
1 22 0.32
10 22 0.26
16 22 0.71
22 17 1.0
83 22 7.0E-4
1 23 0.32
10 23 0.26
16 23 0.71
23 17 1.0
23 22 1.0
83 23 7.0E-4
24 1 0.45
10 24 0.18
24 16 1.0
24 17 0.71
24 22 0.71
24 23 0.71
83 24 5.0E-4
4 25 0.16
7 25 0.2
8 25 0.19
13 25 0.14
14 25 0.14
20 25 0.21
83 25 1.0E-4
3 26 0.07
4 26 0.12
26 7 0.11
26 8 0.1
10 26 0.14
26 11 0.06
12 26 0.39
26 13 0.08
26 14 0.11
26 20 0.11
26 83 1.0E-4
27 1 0.23
27 2 0.22
27 3 0.29
27 4 0.67
27 5 0.19
27 6 0.15
27 7 0.36
27 8 0.19
27 9 0.37
27 10 0.28
27 11 0.32
27 12 0.25
27 13 0.25
27 14 0.54
27 15 0.07
27 16 0.1
27 17 0.07
27 18 0.07
27 19 0.1
27 20 0.34
27 21 0.13
27 22 0.07
27 23 0.07
27 24 0.1
27 25 0.15
27 26 0.28
27 83 0.0015
2 28 0.67
3 28 0.38
9 28 0.1
10 28 0.13
11 28 0.11
14 28 0.14
28 19 0.35
21 28 0.29
27 28 0.15
83 28 0.0018
29 1 0.06
29 2 0.14
29 3 0.15
29 4 0.32
29 5 0.23
29 6 0.05
29 7 0.39
29 8 0.23
29 9 0.2
29 10 0.08
29 11 0.16
29 12 0.23
29 13 0.35
29 14 0.46
29 15 0.1
29 16 0.07
29 18 0.1
29 20 0.39
29 21 0.12
29 24 0.07
29 25 0.15
29 26 0.22
29 27 0.72
29 28 0.1
29 83 5.0E-4
2 30 0.13
4 30 0.21
7 30 0.46
8 30 0.14
9 30 0.08
10 30 0.1
13 30 0.55
14 30 0.21
20 30 0.48
30 21 0.22
30 25 0.38
26 30 0.1
27 30 0.19
30 28 0.19
29 30 0.27
83 30 4.0E-4
31 2 0.08
3 31 0.06
4 31 0.2
31 7 0.61
31 8 0.17
31 9 0.05
11 31 0.16
31 13 0.4
14 31 0.37
31 15 0.23
31 20 0.49
31 25 0.23
26 31 0.06
27 31 0.32
31 28 0.11
29 31 0.42
31 30 0.26
31 83 3.0E-4
10 32 0.26
14 32 0.14
26 32 0.27
27 32 0.07
32 83 7.0E-4
7 33 0.2
11 33 0.23
27 33 0.07
83 33 6.0E-4
4 34 0.11
14 34 0.14
27 34 0.07
83 34 7.0E-4
35 1 0.07
35 3 0.17
35 4 0.28
35 5 0.17
35 6 0.11
35 8 0.17
35 9 0.18
35 10 0.12
35 11 0.05
35 12 0.2
35 14 0.16
35 18 0.23
35 19 0.16
35 20 0.05
35 21 0.13
35 26 0.06
35 27 0.32
35 29 0.28
35 83 3.0E-4
36 1 0.1
36 2 0.2
3 36 0.15
4 36 0.1
36 5 0.23
36 6 0.15
7 36 0.25
36 9 0.3
10 36 0.16
11 36 0.14
12 36 0.09
14 36 0.25
36 15 0.3
20 36 0.06
36 21 0.17
26 36 0.08
27 36 0.24
36 28 0.15
29 36 0.21
36 30 0.11
31 36 0.14
36 32 0.3
35 36 0.21
36 83 8.0E-4
4 37 0.06
37 7 0.24
37 9 0.12
10 37 0.15
11 37 0.26
14 37 0.24
26 37 0.15
27 37 0.13
29 37 0.06
37 31 0.13
37 32 0.58
37 36 0.35
37 83 3.0E-4
10 38 0.26
14 38 0.14
26 38 0.27
27 38 0.07
38 32 1.0
36 38 0.3
37 38 0.58
38 83 7.0E-4
3 39 0.14
4 39 0.06
9 39 0.23
10 39 0.15
11 39 0.26
12 39 0.17
39 19 0.41
26 39 0.15
27 39 0.13
35 39 0.13
83 39 2.0E-4
1 40 0.16
3 40 0.13
4 40 0.11
9 40 0.1
11 40 0.11
12 40 0.14
14 40 0.14
20 40 0.21
40 25 0.25
27 40 0.15
29 40 0.1
36 40 0.15
83 40 2.0E-4
4 41 0.11
14 41 0.14
27 41 0.07
41 34 1.0
83 41 7.0E-4
2 42 0.33
3 42 0.25
27 42 0.07
28 42 0.5
83 42 6.0E-4
43 1 0.13
3 43 0.2
4 43 0.09
7 43 0.33
43 9 0.08
10 43 0.11
11 43 0.28
13 43 0.12
14 43 0.11
20 43 0.26
43 25 0.2
27 43 0.18
29 43 0.17
43 30 0.15
31 43 0.28
43 36 0.25
43 40 0.2
43 83 1.0E-4
44 1 0.13
44 2 0.2
44 3 0.26
44 4 0.4
44 6 0.1
44 7 0.13
44 8 0.08
44 9 0.08
44 10 0.11
44 11 0.14
44 12 0.12
44 14 0.14
44 19 0.14
44 20 0.04
44 26 0.05
44 27 0.36
44 28 0.2
44 29 0.17
44 31 0.19
44 35 0.19
44 37 0.12
44 83 2.0E-4
2 45 0.47
3 45 0.35
45 19 0.5
27 45 0.1
28 45 0.71
45 42 0.71
44 45 0.14
83 45 0.0014
46 2 0.19
3 46 0.07
4 46 0.06
46 5 0.22
12 46 0.08
13 46 0.08
20 46 0.06
27 46 0.25
46 28 0.14
29 46 0.26
46 42 0.29
46 45 0.2
46 83 1.0E-4
5 47 0.27
6 47 0.35
9 47 0.14
10 47 0.18
27 47 0.1
29 47 0.07
83 47 3.0E-4
48 1 0.2
4 48 0.14
5 48 0.12
6 48 0.16
7 48 0.06
10 48 0.08
12 48 0.09
14 48 0.17
20 48 0.07
27 48 0.23
29 48 0.13
31 48 0.07
48 34 0.32
48 40 0.16
48 41 0.32
44 48 0.06
48 47 0.22
83 48 8.0E-4
4 49 0.15
5 49 0.17
6 49 0.22
10 49 0.12
14 49 0.06
27 49 0.16
29 49 0.05
49 34 0.45
49 41 0.45
49 47 0.32
49 48 0.71
83 49 7.0E-4
1 50 0.32
12 50 0.29
14 50 0.14
20 50 0.21
27 50 0.07
29 50 0.1
40 50 0.5
48 50 0.32
83 50 5.0E-4
51 1 0.16
4 51 0.23
51 6 0.13
7 51 0.11
51 8 0.2
51 9 0.05
10 51 0.07
12 51 0.07
51 13 0.3
14 51 0.28
51 20 0.28
27 51 0.28
29 51 0.18
31 51 0.18
51 34 0.26
51 40 0.26
51 41 0.26
51 48 0.57
51 49 0.46
51 50 0.26
51 83 3.0E-4
4 52 0.11
5 52 0.19
6 52 0.25
7 52 0.2
10 52 0.13
14 52 0.2
52 21 0.29
27 52 0.15
29 52 0.1
31 52 0.23
36 52 0.15
43 52 0.2
44 52 0.1
52 47 0.35
52 48 0.32
52 49 0.22
83 52 2.0E-4
53 2 0.15
4 53 0.1
53 7 0.18
53 9 0.18
10 53 0.23
11 53 0.1
14 53 0.12
53 20 0.1
53 21 0.26
27 53 0.16
53 28 0.22
29 53 0.18
53 30 0.17
53 31 0.31
53 36 0.13
53 37 0.26
44 53 0.18
53 83 4.0E-4
1 54 0.18
4 54 0.13
12 54 0.17
14 54 0.08
20 54 0.12
27 54 0.13
29 54 0.12
40 54 0.29
48 54 0.18
54 50 0.58
51 54 0.15
83 54 2.0E-4
1 55 0.32
12 55 0.29
14 55 0.14
20 55 0.21
27 55 0.07
29 55 0.1
40 55 0.5
48 55 0.32
55 50 1.0
51 55 0.26
55 54 0.58
83 55 5.0E-4
2 56 0.33
3 56 0.25
27 56 0.07
28 56 0.5
56 42 1.0
56 45 0.71
46 56 0.29
83 56 6.0E-4
2 57 0.33
3 57 0.25
57 19 0.71
27 57 0.07
28 57 0.5
44 57 0.2
57 45 0.71
83 57 6.0E-4
58 1 0.08
58 2 0.24
3 58 0.27
4 58 0.3
58 5 0.09
58 7 0.37
58 8 0.14
58 9 0.17
10 58 0.12
58 11 0.33
12 58 0.35
58 13 0.14
58 14 0.28
58 15 0.12
58 19 0.17
58 20 0.18
58 21 0.07
58 25 0.06
58 26 0.35
27 58 0.62
58 28 0.24
29 58 0.58
58 30 0.14
58 31 0.33
58 33 0.12
35 58 0.11
58 36 0.25
58 37 0.14
58 39 0.14
58 40 0.06
58 42 0.12
58 43 0.29
44 58 0.22
58 45 0.17
58 46 0.38
58 48 0.08
58 52 0.12
58 53 0.21
58 54 0.07
58 56 0.12
58 57 0.12
58 83 9.0E-4
59 2 0.15
4 59 0.05
7 59 0.37
59 9 0.09
10 59 0.12
14 59 0.24
59 15 0.45
20 59 0.19
26 59 0.12
27 59 0.16
29 59 0.18
31 59 0.31
59 36 0.13
58 59 0.16
59 83 2.0E-4
4 60 0.04
60 5 0.15
60 6 0.2
7 60 0.17
10 60 0.11
60 13 0.24
14 60 0.06
60 20 0.26
27 60 0.18
29 60 0.21
31 60 0.47
60 36 0.12
60 43 0.17
60 47 0.29
60 48 0.13
60 49 0.18
60 51 0.21
60 52 0.41
53 60 0.37
58 60 0.1
60 83 2.0E-4
2 61 0.22
3 61 0.25
4 61 0.04
61 6 0.17
7 61 0.07
61 9 0.33
10 61 0.34
11 61 0.15
14 61 0.23
20 61 0.07
61 21 0.19
26 61 0.09
27 61 0.22
61 28 0.33
29 61 0.17
61 30 0.13
31 61 0.15
61 32 0.33
36 61 0.4
37 61 0.19
61 38 0.33
61 40 0.17
43 61 0.27
44 61 0.07
51 61 0.09
61 52 0.17
53 61 0.15
58 61 0.16
60 61 0.14
61 83 5.0E-4
3 62 0.06
4 62 0.26
62 5 0.18
62 7 0.05
62 8 0.09
62 9 0.05
10 62 0.06
62 11 0.05
12 62 0.27
62 14 0.13
62 20 0.05
62 26 0.25
27 62 0.31
29 62 0.36
62 32 0.24
35 62 0.27
62 36 0.21
62 37 0.27
62 38 0.24
44 62 0.14
62 46 0.2
62 54 0.14
62 58 0.31
62 61 0.08
62 83 1.0E-4
4 63 0.25
7 63 0.54
63 8 0.43
13 63 0.44
14 63 0.36
20 63 0.4
63 25 0.38
26 63 0.1
27 63 0.19
29 63 0.23
63 30 0.43
31 63 0.43
63 36 0.23
43 63 0.31
51 63 0.2
63 52 0.19
58 63 0.18
60 63 0.15
63 61 0.13
63 83 1.0E-4
10 64 0.26
14 64 0.14
26 64 0.27
27 64 0.07
64 32 1.0
36 64 0.3
37 64 0.58
64 38 1.0
64 61 0.33
62 64 0.24
64 83 7.0E-4
65 2 0.11
3 65 0.04
4 65 0.16
65 5 0.12
7 65 0.37
65 8 0.19
65 9 0.03
11 65 0.04
12 65 0.09
65 13 0.33
14 65 0.2
65 15 0.16
65 20 0.39
65 25 0.16
26 65 0.13
27 65 0.45
65 28 0.08
29 65 0.55
65 30 0.19
31 65 0.6
35 65 0.04
65 36 0.1
65 42 0.16
65 43 0.2
44 65 0.03
65 45 0.12
65 46 0.57
65 48 0.05
65 51 0.13
65 52 0.08
53 65 0.15
65 56 0.16
58 65 0.57
65 59 0.22
65 60 0.34
65 61 0.05
62 65 0.12
65 63 0.31
65 83 3.0E-4
10 66 0.26
14 66 0.14
26 66 0.27
27 66 0.07
66 32 1.0
36 66 0.3
37 66 0.58
66 38 1.0
66 61 0.33
62 66 0.24
66 64 1.0
66 83 7.0E-4
67 2 0.16
3 67 0.08
4 67 0.3
67 5 0.06
67 7 0.73
67 8 0.18
67 9 0.16
10 67 0.08
11 67 0.22
12 67 0.05
67 13 0.56
14 67 0.46
67 15 0.16
67 20 0.55
67 21 0.09
67 25 0.16
26 67 0.09
27 67 0.45
67 28 0.16
29 67 0.51
67 30 0.43
67 31 0.71
67 33 0.16
67 36 0.29
67 37 0.19
67 40 0.08
67 43 0.26
44 67 0.17
67 46 0.14
67 48 0.05
67 51 0.17
67 52 0.16
67 53 0.29
58 67 0.47
67 59 0.36
67 60 0.33
67 61 0.22
62 67 0.11
67 63 0.43
67 65 0.51
67 83 6.0E-4
68 1 0.39
4 68 0.04
10 68 0.11
12 68 0.24
68 16 0.58
68 17 0.41
68 22 0.41
68 23 0.41
68 24 0.58
68 26 0.22
27 68 0.18
29 68 0.08
35 68 0.09
44 68 0.08
68 58 0.15
68 62 0.19
68 65 0.07
68 83 2.0E-4
3 69 0.18
4 69 0.08
9 69 0.14
10 69 0.18
11 69 0.16
69 19 0.5
27 69 0.1
35 69 0.16
39 69 0.41
58 69 0.17
83 69 2.0E-4
70 2 0.09
70 3 0.2
70 4 0.12
70 5 0.4
70 9 0.16
70 10 0.14
70 11 0.06
70 12 0.23
70 13 0.08
70 14 0.04
70 19 0.19
70 20 0.06
70 27 0.28
70 29 0.24
70 35 0.18
70 36 0.08
70 39 0.31
70 44 0.11
70 46 0.46
70 58 0.26
70 62 0.19
70 65 0.31
70 67 0.17
70 68 0.11
70 69 0.19
70 83 1.0E-4
7 71 0.2
11 71 0.23
27 71 0.07
71 33 1.0
58 71 0.12
67 71 0.16
83 71 6.0E-4
7 72 0.29
8 72 0.27
13 72 0.2
14 72 0.1
72 15 0.71
20 72 0.15
72 25 0.35
27 72 0.1
29 72 0.14
30 72 0.27
31 72 0.32
36 72 0.21
58 72 0.08
59 72 0.32
63 72 0.27
65 72 0.23
67 72 0.23
83 72 8.0E-4
73 1 0.33
2 73 0.17
3 73 0.13
4 73 0.06
7 73 0.05
8 73 0.1
73 9 0.1
10 73 0.07
11 73 0.06
13 73 0.07
14 73 0.11
73 19 0.18
20 73 0.06
73 25 0.13
26 73 0.07
27 73 0.28
29 73 0.18
73 30 0.1
31 73 0.06
35 73 0.18
36 73 0.08
73 39 0.15
44 73 0.16
46 73 0.22
73 48 0.08
58 73 0.25
63 73 0.1
65 73 0.3
67 73 0.04
68 73 0.11
73 69 0.18
70 73 0.14
73 72 0.18
73 83 2.0E-4
2 74 0.33
9 74 0.2
10 74 0.26
14 74 0.14
21 74 0.58
27 74 0.07
28 74 0.5
29 74 0.1
30 74 0.38
36 74 0.3
53 74 0.45
58 74 0.12
61 74 0.33
67 74 0.16
83 74 6.0E-4
2 75 0.24
9 75 0.14
10 75 0.18
14 75 0.1
21 75 0.41
27 75 0.1
28 75 0.35
29 75 0.14
30 75 0.27
36 75 0.21
48 75 0.22
49 75 0.32
51 75 0.18
53 75 0.32
58 75 0.08
61 75 0.24
67 75 0.11
75 74 0.71
83 75 4.0E-4
4 76 0.11
14 76 0.14
27 76 0.07
76 34 1.0
76 41 1.0
48 76 0.32
49 76 0.45
51 76 0.26
83 76 7.0E-4
4 77 0.08
14 77 0.1
27 77 0.1
29 77 0.07
77 34 0.71
77 41 0.71
48 77 0.22
49 77 0.32
51 77 0.18
77 76 0.71
83 77 4.0E-4
10 78 0.26
14 78 0.14
26 78 0.27
27 78 0.07
78 32 1.0
36 78 0.3
37 78 0.58
78 38 1.0
78 61 0.33
62 78 0.24
78 64 1.0
78 66 1.0
78 83 7.0E-4
2 79 0.19
3 79 0.14
4 79 0.13
7 79 0.12
9 79 0.12
10 79 0.3
11 79 0.13
14 79 0.16
26 79 0.15
27 79 0.13
79 28 0.29
29 79 0.12
31 79 0.13
44 79 0.24
53 79 0.26
58 79 0.14
59 79 0.26
61 79 0.19
67 79 0.19
83 79 2.0E-4
4 80 0.26
5 80 0.13
6 80 0.17
7 80 0.07
9 80 0.07
10 80 0.09
14 80 0.23
20 80 0.21
80 25 0.17
27 80 0.22
29 80 0.17
30 80 0.13
31 80 0.08
35 80 0.31
43 80 0.14
44 80 0.07
80 47 0.24
80 48 0.11
80 49 0.15
80 52 0.17
58 80 0.04
60 80 0.14
62 80 0.24
63 80 0.13
65 80 0.05
67 80 0.05
83 80 2.0E-4
5 81 0.38
6 81 0.5
10 81 0.26
27 81 0.07
81 47 0.71
81 48 0.32
81 49 0.45
81 52 0.5
60 81 0.41
81 80 0.33
83 81 4.0E-4
82 1 0.18
3 82 0.14
10 82 0.3
14 82 0.08
82 16 0.41
82 17 0.58
20 82 0.12
82 22 0.58
82 23 0.58
82 24 0.41
26 82 0.31
27 82 0.13
29 82 0.06
82 32 0.58
36 82 0.17
37 82 0.33
82 38 0.58
58 82 0.07
82 61 0.19
62 82 0.14
82 64 0.58
82 66 0.58
68 82 0.24
82 78 0.58
82 83 0.0011
