*Vertices  27
1 "衬底"
2 "LED灯"
3 "整流器"
4 "GAN"
5 "保护层"
6 "变压器"
7 "LED外延片"
8 "外延片"
9 "外延"
10 "LED"
11 "二极管"
12 "腐蚀液"
13 "光刻胶"
14 "SiO2"
15 "半导体"
16 "Al2O3"
17 "MQW"
18 "ITO"
19 "LED芯片"
20 "芯片"
21 "电流扩展层"
22 "电极"
23 "接触层"
24 "电阻"
25 "激光"
26 "湿法腐蚀"
27 "掩膜"
*Arcs
1 27 0.0034
2 1 0.03
2 27 5.0E-4
3 1 0.07
2 3 0.22
3 27 0.0025
4 1 0.65
2 4 0.04
3 4 0.1
4 27 0.0048
1 5 0.23
2 5 0.11
3 5 0.14
4 5 0.18
5 27 0.0066
6 1 0.05
2 6 0.26
6 3 0.68
6 4 0.08
6 5 0.11
6 27 0.0015
7 1 0.65
2 7 0.04
3 7 0.1
7 4 0.75
7 5 0.18
6 7 0.08
7 27 0.0049
8 1 0.83
2 8 0.03
3 8 0.08
8 4 0.78
8 5 0.14
6 8 0.06
8 7 0.78
8 27 0.0039
9 1 0.95
2 9 0.05
3 9 0.07
9 4 0.65
9 5 0.23
6 9 0.05
9 7 0.65
9 8 0.83
9 27 0.0034
10 1 0.32
10 2 0.67
10 3 0.25
10 4 0.21
10 5 0.15
10 6 0.34
10 7 0.21
10 8 0.27
10 9 0.32
10 27 5.0E-4
11 1 0.37
11 2 0.32
11 3 0.35
11 4 0.25
11 5 0.1
11 6 0.39
11 7 0.22
11 8 0.31
11 9 0.37
11 10 0.72
11 27 8.0E-4
1 12 0.56
2 12 0.04
3 12 0.12
4 12 0.14
5 12 0.2
6 12 0.09
7 12 0.29
8 12 0.34
9 12 0.47
10 12 0.18
11 12 0.25
12 27 0.0061
1 13 0.46
2 13 0.05
3 13 0.14
4 13 0.18
5 13 0.25
6 13 0.11
7 13 0.35
8 13 0.42
9 13 0.46
10 13 0.15
11 13 0.2
12 13 0.82
13 27 0.0075
14 1 0.38
2 14 0.12
14 3 0.08
14 4 0.29
14 5 0.14
14 6 0.06
14 7 0.2
14 8 0.38
14 9 0.38
10 14 0.27
11 14 0.31
14 12 0.34
14 13 0.28
14 27 0.0029
15 1 0.64
15 2 0.29
15 3 0.17
15 4 0.42
15 5 0.15
15 6 0.19
15 7 0.42
15 8 0.53
15 9 0.64
15 10 0.5
15 11 0.55
15 12 0.36
15 13 0.29
15 14 0.41
15 27 0.0017
16 1 0.72
2 16 0.08
16 3 0.07
16 4 0.69
16 5 0.24
16 6 0.05
16 7 0.6
16 8 0.74
16 9 0.78
10 16 0.3
11 16 0.34
16 12 0.1
16 13 0.12
14 16 0.54
15 16 0.57
16 27 0.0029
17 1 0.64
2 17 0.09
3 17 0.16
17 4 0.78
17 5 0.14
6 17 0.12
17 7 0.69
17 8 0.77
17 9 0.7
10 17 0.27
11 17 0.31
17 12 0.23
17 13 0.28
14 17 0.31
15 17 0.53
16 17 0.67
17 27 0.0038
1 18 0.66
2 18 0.06
3 18 0.08
4 18 0.61
18 5 0.29
6 18 0.06
7 18 0.61
8 18 0.72
9 18 0.73
10 18 0.25
11 18 0.26
18 12 0.24
18 13 0.29
14 18 0.4
15 18 0.47
16 18 0.7
17 18 0.64
18 27 0.0038
19 1 0.5
2 19 0.19
19 3 0.13
19 4 0.39
19 5 0.22
19 6 0.09
19 7 0.54
19 8 0.48
19 9 0.45
10 19 0.34
11 19 0.33
19 12 0.36
19 13 0.33
14 19 0.24
15 19 0.51
16 19 0.42
19 17 0.54
19 18 0.31
19 27 0.0023
20 1 0.49
2 20 0.3
20 3 0.14
20 4 0.34
20 5 0.12
20 6 0.18
20 7 0.34
20 8 0.43
20 9 0.49
10 20 0.62
11 20 0.58
20 12 0.29
20 13 0.24
20 14 0.4
15 20 0.6
20 16 0.46
20 17 0.43
20 18 0.38
20 19 0.55
20 27 0.0012
1 21 0.57
2 21 0.08
3 21 0.1
4 21 0.38
5 21 0.18
6 21 0.08
7 21 0.13
8 21 0.39
9 21 0.57
10 21 0.21
11 21 0.29
21 12 0.58
21 13 0.35
14 21 0.49
15 21 0.42
16 21 0.34
17 21 0.49
18 21 0.41
19 21 0.23
20 21 0.34
21 27 0.0048
22 1 0.72
2 22 0.16
22 3 0.33
22 4 0.46
22 5 0.16
22 6 0.39
22 7 0.46
22 8 0.59
22 9 0.72
10 22 0.45
11 22 0.55
22 12 0.4
22 13 0.33
14 22 0.32
15 22 0.56
16 22 0.56
22 17 0.55
22 18 0.57
19 22 0.39
20 22 0.57
22 21 0.46
22 27 0.0020
23 1 0.61
2 23 0.04
3 23 0.11
23 4 0.8
23 5 0.19
6 23 0.08
23 7 0.94
23 8 0.73
23 9 0.61
10 23 0.19
11 23 0.19
23 12 0.15
23 13 0.19
14 23 0.1
15 23 0.39
16 23 0.64
23 17 0.73
23 18 0.55
19 23 0.49
20 23 0.32
23 21 0.13
22 23 0.43
23 27 0.0052
24 1 0.11
2 24 0.3
24 3 0.56
24 4 0.17
24 5 0.08
24 6 0.55
24 7 0.11
24 8 0.13
24 9 0.11
10 24 0.45
11 24 0.51
24 12 0.07
24 13 0.08
14 24 0.09
15 24 0.19
16 24 0.12
24 17 0.18
24 18 0.14
19 24 0.11
20 24 0.47
24 21 0.11
24 22 0.51
24 23 0.12
24 27 0.0010
25 1 0.37
25 2 0.12
25 3 0.08
25 4 0.38
25 5 0.27
25 6 0.06
25 7 0.19
25 8 0.3
25 9 0.43
25 10 0.28
25 11 0.24
25 12 0.11
25 13 0.13
25 14 0.3
25 15 0.39
25 16 0.45
25 17 0.37
25 18 0.46
25 19 0.12
25 20 0.26
25 21 0.38
25 22 0.31
25 23 0.2
25 24 0.17
25 27 0.0026
1 26 0.32
2 26 0.08
3 26 0.2
4 26 0.25
5 26 0.35
6 26 0.15
7 26 0.25
8 26 0.2
9 26 0.32
10 26 0.1
11 26 0.14
12 26 0.58
13 26 0.35
14 26 0.2
15 26 0.21
16 26 0.17
17 26 0.2
18 26 0.2
19 26 0.15
20 26 0.17
21 26 0.5
22 26 0.23
23 26 0.27
24 26 0.11
25 26 0.19
26 27 0.0128
