*Vertices  30
1 "LED灯"
2 "电容"
3 "传感器"
4 "处理器"
5 "单片机"
6 "开关"
7 "充电台灯"
8 "装饰层"
9 "Zigbee"
10 "EP"
11 "LED"
12 "二极管"
13 "玻璃"
14 "转换器"
15 "晶体振荡器"
16 "聚光玻璃罩"
17 "散热片"
18 "ESD"
19 "GPIO"
20 "客户"
21 "蓄电池"
22 "芯片"
23 "继电器"
24 "Li"
25 "耳机"
26 "电阻"
27 "发射模块"
28 "蜂鸣器"
29 "扬声器"
30 "插座"
*Arcs
1 30 5.0E-4
1 2 0.29
2 30 0.0020
1 3 0.13
2 3 0.08
30 3 0.0015
4 1 0.14
4 2 0.05
4 3 0.36
4 30 8.0E-4
1 5 0.13
5 2 0.19
5 3 0.28
4 5 0.24
5 30 0.0022
1 6 0.37
6 2 0.42
6 3 0.19
4 6 0.21
6 5 0.19
6 30 0.0070
6 7 0.14
30 7 0.0048
6 8 0.14
30 8 0.0102
2 9 0.2
3 9 0.2
5 9 0.23
6 9 0.14
30 9 0.0083
1 10 0.12
10 2 0.11
4 10 0.14
10 5 0.06
10 6 0.11
10 30 6.0E-4
11 1 0.67
11 2 0.36
11 3 0.37
11 4 0.28
11 5 0.32
11 6 0.54
11 7 0.07
11 8 0.07
11 9 0.07
11 10 0.28
11 30 0.0031
12 1 0.32
12 2 0.39
12 3 0.2
12 4 0.08
12 5 0.16
12 6 0.46
12 7 0.1
12 8 0.1
12 9 0.1
12 10 0.22
12 11 0.72
12 30 0.0031
13 1 0.27
13 2 0.08
13 3 0.12
13 4 0.15
13 5 0.22
13 6 0.18
13 8 0.19
13 10 0.21
13 11 0.38
13 12 0.27
13 30 9.0E-4
1 14 0.1
2 14 0.25
14 3 0.3
4 14 0.16
5 14 0.14
6 14 0.25
14 9 0.3
10 14 0.08
11 14 0.24
12 14 0.21
13 14 0.12
14 30 0.0014
1 15 0.06
15 2 0.24
15 3 0.12
4 15 0.15
5 15 0.26
6 15 0.24
15 9 0.58
10 15 0.15
11 15 0.13
12 15 0.06
13 15 0.11
15 14 0.35
15 30 0.0040
6 16 0.14
16 8 1.0
11 16 0.07
12 16 0.1
13 16 0.19
30 16 0.0102
1 17 0.43
17 2 0.05
17 6 0.07
17 8 0.24
11 17 0.3
12 17 0.22
13 17 0.09
17 16 0.24
17 30 0.0011
2 18 0.09
18 3 0.09
5 18 0.1
6 18 0.06
18 9 0.45
11 18 0.16
12 18 0.14
14 18 0.13
15 18 0.26
30 18 0.0022
1 19 0.06
2 19 0.12
4 19 0.15
5 19 0.13
6 19 0.24
10 19 0.15
11 19 0.13
12 19 0.06
19 30 0.0024
1 20 0.22
2 20 0.17
20 3 0.24
4 20 0.21
6 20 0.17
10 20 0.11
11 20 0.18
12 20 0.08
13 20 0.08
14 20 0.12
19 20 0.24
30 20 0.0012
1 21 0.23
2 21 0.11
21 3 0.05
4 21 0.07
6 21 0.28
21 7 0.26
11 21 0.28
12 21 0.18
13 21 0.1
21 20 0.11
21 30 0.0015
1 22 0.3
22 2 0.37
22 3 0.17
4 22 0.12
22 5 0.33
22 6 0.28
22 9 0.12
22 10 0.35
11 22 0.62
12 22 0.58
13 22 0.21
22 14 0.25
22 15 0.14
22 17 0.17
22 18 0.27
22 19 0.14
22 20 0.1
22 30 0.0010
1 23 0.05
2 23 0.37
23 3 0.09
4 23 0.12
6 23 0.24
10 23 0.12
11 23 0.16
12 23 0.18
23 14 0.13
19 23 0.26
23 20 0.18
22 23 0.16
23 30 0.0013
1 24 0.26
24 2 0.05
24 3 0.05
4 24 0.06
24 5 0.05
24 6 0.13
24 9 0.24
24 10 0.25
11 24 0.31
12 24 0.36
13 24 0.23
24 14 0.21
24 15 0.27
24 17 0.17
24 18 0.11
24 20 0.1
24 22 0.31
24 30 8.0E-4
6 25 0.1
11 25 0.1
12 25 0.07
22 25 0.08
30 25 0.0026
1 26 0.3
26 2 0.73
26 3 0.16
4 26 0.08
5 26 0.22
6 26 0.46
26 9 0.16
10 26 0.09
11 26 0.45
12 26 0.51
13 26 0.09
26 14 0.29
26 15 0.19
17 26 0.04
26 18 0.07
26 19 0.28
26 20 0.13
26 21 0.17
22 26 0.47
26 23 0.36
24 26 0.11
26 30 0.0016
2 27 0.2
3 27 0.2
5 27 0.23
6 27 0.14
27 9 1.0
11 27 0.07
12 27 0.1
14 27 0.3
15 27 0.58
18 27 0.45
22 27 0.12
24 27 0.24
26 27 0.16
30 27 0.0083
1 28 0.13
2 28 0.12
3 28 0.12
4 28 0.3
5 28 0.13
6 28 0.16
10 28 0.15
11 28 0.13
12 28 0.12
19 28 0.67
20 28 0.24
22 28 0.14
23 28 0.26
26 28 0.19
30 28 0.0024
1 29 0.11
29 2 0.1
4 29 0.26
29 5 0.23
29 6 0.27
11 29 0.15
12 29 0.1
13 29 0.19
29 14 0.15
22 29 0.12
29 25 0.35
29 26 0.08
29 30 0.0016
