*Vertices  23
1 "LED显示屏"
2 "LCD显示屏"
3 "显示器"
4 "传感器"
5 "单片机"
6 "远光灯"
7 "开关"
8 "LED"
9 "液晶显示模块"
10 "二极管"
11 "三极管"
12 "接收管"
13 "LED光源"
14 "滤光片"
15 "电路板"
16 "GPIO"
17 "芯片"
18 "存储器"
19 "离子"
20 "电阻"
21 "透镜"
22 "蜂鸣器"
23 "摄像机"
*Arcs
1 23 0.0018
2 1 0.21
2 23 0.0098
3 1 0.08
3 2 0.33
3 23 0.0021
2 4 0.13
3 4 0.25
4 23 0.0027
5 1 0.07
5 2 0.08
3 5 0.52
5 4 0.28
5 23 0.0015
4 6 0.2
23 6 0.0168
7 1 0.04
7 2 0.14
3 7 0.07
7 4 0.19
7 5 0.19
7 23 0.0010
8 1 0.23
8 2 0.22
8 3 0.29
8 4 0.37
8 5 0.32
8 6 0.07
8 7 0.54
8 23 0.0025
2 9 0.67
3 9 0.38
4 9 0.1
5 9 0.11
7 9 0.14
8 9 0.15
23 9 0.0069
10 1 0.06
10 2 0.14
10 3 0.15
10 4 0.2
10 5 0.16
10 6 0.1
10 7 0.46
10 8 0.72
10 9 0.1
10 23 0.0022
11 2 0.08
3 11 0.06
11 4 0.05
5 11 0.16
7 11 0.37
8 11 0.32
11 9 0.11
10 11 0.42
11 23 0.0016
2 12 0.19
3 12 0.14
4 12 0.12
5 12 0.13
7 12 0.24
8 12 0.13
12 9 0.29
10 12 0.18
11 12 0.4
12 23 0.0081
13 2 0.07
13 3 0.15
13 4 0.04
13 5 0.09
13 7 0.06
13 8 0.36
13 9 0.1
13 10 0.29
13 11 0.09
13 12 0.12
13 23 0.0013
2 14 0.15
3 14 0.11
14 4 0.09
5 14 0.1
7 14 0.06
8 14 0.16
14 9 0.22
10 14 0.23
11 14 0.1
14 12 0.26
13 14 0.27
14 23 0.0051
15 1 0.13
15 2 0.2
15 3 0.26
15 4 0.08
15 5 0.14
15 7 0.14
15 8 0.36
15 9 0.2
15 10 0.17
15 11 0.19
15 12 0.24
15 13 0.17
15 14 0.09
15 23 0.0016
16 2 0.19
3 16 0.14
5 16 0.13
7 16 0.24
8 16 0.13
16 9 0.29
10 16 0.06
11 16 0.13
16 12 0.33
13 16 0.12
16 14 0.26
15 16 0.12
16 23 0.0082
17 1 0.08
17 2 0.24
3 17 0.27
17 4 0.17
17 5 0.33
17 7 0.28
8 17 0.62
17 9 0.24
10 17 0.58
17 11 0.33
17 12 0.21
13 17 0.22
17 14 0.16
15 17 0.22
17 16 0.14
17 23 0.0010
2 18 0.22
3 18 0.25
18 4 0.33
5 18 0.15
18 6 0.33
7 18 0.23
8 18 0.22
18 9 0.33
10 18 0.17
11 18 0.15
18 12 0.38
13 18 0.14
18 14 0.15
15 18 0.07
16 18 0.19
17 18 0.16
18 23 0.0157
19 1 0.15
19 2 0.15
3 19 0.06
8 19 0.32
10 19 0.26
13 19 0.19
19 14 0.21
15 19 0.14
19 17 0.33
19 23 0.0010
20 2 0.16
3 20 0.08
20 4 0.16
5 20 0.22
7 20 0.46
8 20 0.45
20 9 0.16
10 20 0.51
20 11 0.71
20 12 0.28
13 20 0.1
20 14 0.15
15 20 0.17
20 16 0.28
17 20 0.47
20 18 0.22
19 20 0.04
20 23 0.0013
21 3 0.13
21 4 0.1
21 6 0.25
21 7 0.07
21 8 0.29
21 10 0.28
21 13 0.26
21 14 0.22
21 15 0.15
21 17 0.18
21 18 0.08
21 19 0.11
21 23 0.0029
2 22 0.19
3 22 0.14
4 22 0.12
5 22 0.13
7 22 0.16
8 22 0.13
22 9 0.29
10 22 0.12
11 22 0.13
22 12 0.33
13 22 0.12
14 22 0.26
15 22 0.24
16 22 0.67
17 22 0.14
18 22 0.19
20 22 0.19
22 23 0.0082
