*Vertices  42
1 "LED显示屏"
2 "显示器"
3 "LED灯"
4 "电容"
5 "传感器"
6 "控制器"
7 "处理器"
8 "单片机"
9 "整流器"
10 "开关"
11 "功率因数校正"
12 "模数转换集成块"
13 "变压器"
14 "发光板"
15 "LED"
16 "二极管"
17 "整流二极管"
18 "稳压二极管"
19 "三极管"
20 "接收管"
21 "转换器"
22 "铝基板"
23 "发电机"
24 "半导体"
25 "键合"
26 "燃气涡轮"
27 "充电电池"
28 "LED芯片"
29 "芯片"
30 "充电器"
31 "存储器"
32 "电感"
33 "电极"
34 "电阻"
35 "脉冲信号"
36 "超声波"
37 "检测仪"
38 "检测板"
39 "扬声器"
40 "发光管"
41 "提示仪"
42 "放大器"
*Arcs
42 1 2.0E-4
2 1 0.08
2 42 0.0010
3 1 0.03
3 2 0.08
3 42 5.0E-4
3 4 0.29
4 42 0.0030
2 5 0.25
3 5 0.13
4 5 0.08
42 5 4.0E-4
6 1 0.23
2 6 0.24
3 6 0.11
4 6 0.15
6 5 0.19
42 6 3.0E-4
7 1 0.16
7 2 0.26
7 3 0.14
7 4 0.05
7 5 0.36
7 6 0.44
7 42 3.0E-4
8 1 0.07
2 8 0.52
3 8 0.13
8 4 0.19
8 5 0.28
8 6 0.17
7 8 0.24
8 42 0.0016
3 9 0.22
4 9 0.53
9 6 0.07
9 42 4.0E-4
10 1 0.04
2 10 0.07
3 10 0.37
10 4 0.42
10 5 0.19
10 6 0.23
7 10 0.21
10 8 0.19
10 9 0.2
10 42 8.0E-4
3 11 0.11
4 11 0.2
10 11 0.14
42 11 0.0035
3 12 0.11
4 12 0.2
10 12 0.14
42 12 0.0047
13 1 0.07
2 13 0.11
3 13 0.26
4 13 0.52
13 5 0.04
13 6 0.1
8 13 0.05
13 9 0.68
10 13 0.29
13 11 0.21
13 42 0.0020
3 14 0.16
4 14 0.2
6 14 0.12
9 14 0.14
10 14 0.14
14 11 0.5
13 14 0.21
42 14 0.0013
15 1 0.23
15 2 0.29
15 3 0.67
15 4 0.36
15 5 0.37
15 6 0.3
15 7 0.28
15 8 0.32
15 9 0.25
15 10 0.54
15 11 0.07
15 12 0.07
15 13 0.34
15 14 0.15
15 42 0.0013
16 1 0.06
16 2 0.15
16 3 0.32
16 4 0.39
16 5 0.2
16 6 0.15
16 7 0.08
16 8 0.16
16 9 0.35
16 10 0.46
16 11 0.1
16 12 0.1
16 13 0.39
16 14 0.15
16 15 0.72
16 42 0.0011
3 17 0.11
4 17 0.2
10 17 0.14
17 11 1.0
13 17 0.21
14 17 0.5
15 17 0.07
16 17 0.1
42 17 0.0035
3 18 0.21
4 18 0.46
5 18 0.08
6 18 0.18
7 18 0.1
9 18 0.55
10 18 0.21
18 11 0.38
13 18 0.48
18 14 0.38
15 18 0.19
16 18 0.27
18 17 0.38
42 18 9.0E-4
2 19 0.06
3 19 0.2
19 4 0.61
19 5 0.05
19 6 0.11
8 19 0.16
19 9 0.4
10 19 0.37
19 11 0.23
19 12 0.23
19 13 0.49
19 14 0.23
15 19 0.32
16 19 0.42
19 17 0.23
19 18 0.26
19 42 0.0026
2 20 0.14
3 20 0.13
4 20 0.24
5 20 0.12
8 20 0.13
10 20 0.24
20 12 0.58
15 20 0.13
16 20 0.18
19 20 0.4
42 20 0.0020
21 1 0.1
2 21 0.15
3 21 0.1
4 21 0.25
21 5 0.3
21 6 0.22
7 21 0.16
8 21 0.14
10 21 0.25
21 12 0.3
13 21 0.06
15 21 0.24
16 21 0.21
21 18 0.11
19 21 0.14
21 20 0.17
42 21 0.0021
22 2 0.08
22 3 0.3
22 4 0.06
22 7 0.08
22 10 0.08
22 11 0.3
22 13 0.13
22 14 0.15
22 15 0.24
22 16 0.24
22 17 0.3
22 18 0.11
22 19 0.07
22 42 5.0E-4
1 23 0.16
2 23 0.13
3 23 0.11
5 23 0.1
6 23 0.12
8 23 0.11
10 23 0.14
13 23 0.21
23 14 0.25
15 23 0.15
16 23 0.1
21 23 0.15
42 23 0.0011
24 1 0.05
24 2 0.11
24 3 0.29
24 4 0.15
24 5 0.06
24 7 0.08
24 8 0.03
24 9 0.17
24 10 0.14
24 12 0.15
24 13 0.19
24 15 0.5
24 16 0.55
24 18 0.06
24 19 0.1
24 20 0.09
24 21 0.13
24 22 0.27
24 42 5.0E-4
3 25 0.04
4 25 0.08
25 5 0.08
8 25 0.09
15 25 0.19
16 25 0.19
21 25 0.11
22 25 0.11
24 25 0.28
42 25 3.0E-4
2 26 0.25
5 26 0.2
8 26 0.23
13 26 0.21
15 26 0.07
21 26 0.3
23 26 0.5
42 26 0.0030
3 27 0.11
4 27 0.2
6 27 0.12
7 27 0.13
10 27 0.2
27 12 0.5
15 27 0.15
16 27 0.1
19 27 0.23
27 20 0.29
21 27 0.15
24 27 0.07
42 27 0.0014
3 28 0.19
28 4 0.13
28 8 0.05
28 9 0.13
28 10 0.03
28 13 0.09
15 28 0.34
16 28 0.33
28 18 0.08
28 19 0.05
22 28 0.26
24 28 0.51
28 25 0.25
28 42 2.0E-4
29 1 0.08
2 29 0.27
3 29 0.3
29 4 0.37
29 5 0.17
29 6 0.23
7 29 0.12
29 8 0.33
29 9 0.14
29 10 0.28
29 11 0.12
29 12 0.12
29 13 0.18
29 14 0.06
15 29 0.62
16 29 0.58
29 17 0.12
29 18 0.14
29 19 0.33
29 20 0.21
29 21 0.25
22 29 0.22
29 23 0.06
24 29 0.6
29 25 0.27
29 26 0.12
29 27 0.12
29 28 0.55
29 42 0.0023
3 30 0.04
4 30 0.17
30 6 0.1
7 30 0.11
30 9 0.24
10 30 0.06
30 12 0.41
30 13 0.26
15 30 0.18
16 30 0.21
19 30 0.47
30 20 0.24
30 21 0.12
24 30 0.06
30 27 0.41
29 30 0.1
30 42 0.0011
2 31 0.25
3 31 0.04
4 31 0.07
31 5 0.33
31 6 0.16
7 31 0.34
8 31 0.15
10 31 0.23
31 12 0.33
13 31 0.07
15 31 0.22
16 31 0.17
31 18 0.13
19 31 0.15
31 20 0.38
21 31 0.4
31 23 0.17
24 31 0.1
31 26 0.33
31 27 0.17
29 31 0.16
30 31 0.14
42 31 0.0024
3 32 0.25
4 32 0.54
32 6 0.09
9 32 0.44
10 32 0.36
32 11 0.38
32 12 0.38
13 32 0.4
32 14 0.38
15 32 0.19
16 32 0.23
32 17 0.38
32 18 0.43
19 32 0.43
32 20 0.22
32 21 0.23
22 32 0.11
24 32 0.22
32 27 0.19
28 32 0.08
29 32 0.18
30 32 0.15
32 31 0.13
42 32 0.0033
2 33 0.04
3 33 0.16
4 33 0.37
33 5 0.03
33 6 0.12
8 33 0.04
33 9 0.33
10 33 0.2
33 11 0.16
33 12 0.16
33 13 0.39
33 14 0.16
15 33 0.45
16 33 0.55
33 17 0.16
33 18 0.19
19 33 0.6
33 20 0.19
33 21 0.1
22 33 0.1
24 33 0.56
33 25 0.25
33 27 0.08
28 33 0.39
29 33 0.57
33 30 0.34
33 31 0.05
33 32 0.31
33 42 0.0014
2 34 0.08
3 34 0.3
34 4 0.73
34 5 0.16
34 6 0.16
7 34 0.08
8 34 0.22
34 9 0.56
10 34 0.46
34 11 0.16
34 12 0.16
34 13 0.55
34 14 0.16
15 34 0.45
16 34 0.51
34 17 0.16
34 18 0.43
34 19 0.71
34 20 0.28
34 21 0.29
22 34 0.05
34 23 0.08
24 34 0.19
34 26 0.16
34 27 0.16
28 34 0.11
29 34 0.47
34 30 0.33
34 31 0.22
34 32 0.43
34 33 0.51
34 42 0.0025
2 35 0.13
3 35 0.11
4 35 0.1
5 35 0.1
8 35 0.23
10 35 0.14
35 12 0.5
15 35 0.15
16 35 0.15
19 35 0.23
35 20 0.29
21 35 0.15
24 35 0.07
27 35 0.25
29 35 0.18
30 35 0.2
31 35 0.17
32 35 0.19
33 35 0.16
34 35 0.16
42 35 0.0014
3 36 0.11
4 36 0.2
10 36 0.14
36 12 1.0
15 36 0.07
16 36 0.1
19 36 0.23
36 20 0.58
21 36 0.3
24 36 0.15
27 36 0.5
29 36 0.12
30 36 0.41
31 36 0.33
32 36 0.38
33 36 0.16
34 36 0.16
35 36 0.5
42 36 0.0047
2 37 0.25
3 37 0.05
4 37 0.1
5 37 0.3
7 37 0.13
8 37 0.23
10 37 0.07
37 12 0.5
13 37 0.11
15 37 0.15
16 37 0.05
19 37 0.11
37 20 0.29
21 37 0.3
37 23 0.25
24 37 0.15
37 26 0.5
27 37 0.25
29 37 0.12
30 37 0.2
31 37 0.5
32 37 0.19
33 37 0.08
34 37 0.16
35 37 0.25
37 36 0.5
42 37 0.0047
2 38 0.18
5 38 0.28
8 38 0.16
13 38 0.15
15 38 0.1
21 38 0.21
38 23 0.35
38 26 0.71
29 38 0.08
31 38 0.24
34 38 0.11
37 38 0.35
42 38 0.0019
3 39 0.11
39 4 0.1
7 39 0.26
39 8 0.23
39 10 0.27
39 12 0.5
15 39 0.15
16 39 0.1
39 19 0.11
39 20 0.29
39 21 0.15
24 39 0.07
39 27 0.25
29 39 0.12
39 30 0.2
39 31 0.17
39 32 0.19
39 33 0.08
39 34 0.08
39 35 0.25
39 36 0.5
39 37 0.25
39 42 0.0013
3 40 0.26
4 40 0.07
5 40 0.07
6 40 0.16
7 40 0.09
10 40 0.23
40 11 0.33
13 40 0.21
40 14 0.17
15 40 0.22
16 40 0.17
40 17 0.33
18 40 0.13
19 40 0.08
22 40 0.4
24 40 0.15
40 27 0.17
29 40 0.04
30 40 0.14
32 40 0.13
33 40 0.05
34 40 0.05
42 40 6.0E-4
3 41 0.11
4 41 0.2
10 41 0.14
41 12 1.0
15 41 0.07
16 41 0.1
19 41 0.23
41 20 0.58
21 41 0.3
24 41 0.15
27 41 0.5
29 41 0.12
30 41 0.41
31 41 0.33
32 41 0.38
33 41 0.16
34 41 0.16
35 41 0.5
41 36 1.0
37 41 0.5
39 41 0.5
42 41 0.0047
