*Vertices  51
1 "LED灯"
2 "电容"
3 "装盒机"
4 "反光杯"
5 "聚光杯"
6 "整流器"
7 "工质"
8 "热电分离"
9 "蒸发皿"
10 "连接管"
11 "组装线"
12 "变压器"
13 "发光板"
14 "LED"
15 "二极管"
16 "稳压二极管"
17 "玻璃"
18 "通道"
19 "LED灯具散热壳体"
20 "LED光源"
21 "塑料"
22 "电子元器件"
23 "铝基板"
24 "基板"
25 "导热板"
26 "基座"
27 "螺旋管"
28 "聚光碗"
29 "发动机"
30 "散热片"
31 "发电机"
32 "发光体"
33 "密封胶"
34 "半导体"
35 "电路板"
36 "介质箱"
37 "LED芯片"
38 "芯片"
39 "冷凝器"
40 "Li"
41 "电阻"
42 "交通灯"
43 "散热腔"
44 "基料"
45 "射灯"
46 "聚光镜"
47 "透镜"
48 "吸液芯"
49 "碳泡沫"
50 "固定支架"
51 "散热器"
*Arcs
1 51 0.0044
1 2 0.29
51 2 9.0E-4
1 3 0.08
51 3 9.0E-4
1 4 0.11
51 4 8.0E-4
1 5 0.16
2 5 0.29
51 5 0.0017
1 6 0.22
2 6 0.53
6 5 0.41
51 6 8.0E-4
1 7 0.19
2 7 0.12
51 7 0.0039
1 8 0.16
2 8 0.14
7 8 0.41
51 8 0.0020
1 9 0.11
7 9 0.58
51 9 0.0011
1 10 0.16
2 10 0.14
7 10 0.82
10 8 0.5
10 9 0.71
51 10 0.0028
11 3 0.71
51 11 6.0E-4
1 12 0.26
2 12 0.52
12 5 0.3
12 6 0.68
51 12 5.0E-4
1 13 0.16
2 13 0.2
6 13 0.14
12 13 0.21
51 13 3.0E-4
14 1 0.67
14 2 0.36
14 3 0.1
14 4 0.07
14 5 0.1
14 6 0.25
14 7 0.13
14 8 0.1
14 9 0.07
14 10 0.1
14 11 0.07
14 12 0.34
14 13 0.15
14 51 0.0025
15 1 0.32
15 2 0.39
15 4 0.1
15 5 0.14
15 6 0.35
15 7 0.12
15 9 0.1
15 10 0.07
15 12 0.39
15 13 0.15
15 14 0.72
15 51 0.0014
1 16 0.21
2 16 0.46
16 5 0.53
6 16 0.55
12 16 0.48
16 13 0.38
14 16 0.19
15 16 0.27
51 16 0.0013
17 1 0.27
17 2 0.08
17 12 0.08
17 14 0.38
17 15 0.27
17 51 1.0E-4
1 18 0.22
2 18 0.12
18 7 0.33
18 8 0.2
18 9 0.29
18 10 0.41
14 18 0.25
15 18 0.23
17 18 0.11
51 18 0.0012
1 19 0.11
14 19 0.07
51 19 0.0014
20 1 0.36
20 2 0.04
20 6 0.06
20 7 0.12
20 12 0.09
20 13 0.1
20 14 0.36
20 15 0.29
20 16 0.08
20 17 0.24
20 18 0.18
20 51 0.0020
21 1 0.28
21 12 0.05
21 14 0.32
21 15 0.28
21 17 0.35
21 18 0.13
21 20 0.14
21 51 1.0E-4
1 22 0.16
2 22 0.14
7 22 0.82
22 8 0.5
22 9 0.71
22 10 1.0
14 22 0.1
15 22 0.07
18 22 0.41
51 22 0.0028
23 1 0.3
23 2 0.06
23 7 0.17
23 12 0.13
23 13 0.15
23 14 0.24
23 15 0.24
23 16 0.11
23 17 0.12
23 18 0.26
23 20 0.18
23 21 0.35
23 51 8.0E-4
1 24 0.27
2 24 0.29
24 5 0.5
6 24 0.31
7 24 0.41
24 8 0.25
24 9 0.35
24 10 0.5
12 24 0.23
14 24 0.21
15 24 0.14
16 24 0.4
18 24 0.2
20 24 0.07
24 22 0.5
51 24 0.0045
1 25 0.16
25 4 0.71
14 25 0.1
15 25 0.07
25 18 0.2
20 25 0.14
23 25 0.21
51 25 0.0015
1 26 0.22
7 26 0.29
26 9 0.5
26 10 0.35
14 26 0.15
15 26 0.15
18 26 0.43
20 26 0.1
21 26 0.11
26 22 0.35
23 26 0.3
24 26 0.18
51 26 5.0E-4
1 27 0.11
14 27 0.07
15 27 0.1
20 27 0.2
51 27 0.0012
1 28 0.16
2 28 0.29
28 5 1.0
6 28 0.41
12 28 0.3
14 28 0.1
15 28 0.14
16 28 0.53
24 28 0.5
51 28 0.0017
1 29 0.11
29 13 0.5
14 29 0.07
15 29 0.1
20 29 0.2
51 29 6.0E-4
1 30 0.43
30 2 0.05
30 4 0.24
30 7 0.42
30 8 0.17
30 9 0.24
30 10 0.34
30 13 0.12
14 30 0.3
15 30 0.22
17 30 0.09
30 18 0.35
20 30 0.45
21 30 0.11
30 22 0.34
23 30 0.29
30 24 0.34
30 25 0.34
30 26 0.24
30 27 0.24
30 29 0.24
51 30 0.0068
1 31 0.11
12 31 0.21
31 13 0.25
14 31 0.15
15 31 0.1
20 31 0.1
31 29 0.5
30 31 0.12
51 31 3.0E-4
32 1 0.21
32 2 0.08
32 13 0.19
32 14 0.19
32 15 0.23
32 17 0.15
32 18 0.11
32 20 0.23
32 21 0.09
32 23 0.11
32 29 0.38
32 30 0.09
32 31 0.19
32 51 2.0E-4
1 33 0.22
14 33 0.15
15 33 0.05
17 33 0.1
18 33 0.29
20 33 0.1
21 33 0.11
23 33 0.3
25 33 0.35
33 26 0.25
30 33 0.24
51 33 3.0E-4
34 1 0.29
34 2 0.15
34 4 0.15
34 6 0.17
34 7 0.09
34 12 0.19
34 14 0.5
34 15 0.55
34 16 0.06
34 17 0.23
34 18 0.17
34 20 0.3
34 21 0.24
34 23 0.27
34 24 0.1
34 25 0.1
34 26 0.15
34 30 0.11
34 32 0.11
34 33 0.15
34 51 6.0E-4
35 1 0.4
35 2 0.13
35 8 0.14
35 12 0.04
35 14 0.36
35 15 0.17
35 17 0.39
35 18 0.06
35 20 0.17
35 21 0.19
35 23 0.06
35 26 0.1
35 30 0.05
35 32 0.23
35 33 0.1
35 34 0.15
35 51 3.0E-4
1 36 0.11
14 36 0.07
15 36 0.1
20 36 0.2
36 27 1.0
30 36 0.24
51 36 0.0012
1 37 0.19
37 2 0.13
37 4 0.22
37 6 0.13
37 7 0.38
37 8 0.15
37 9 0.22
37 10 0.31
37 12 0.09
14 37 0.34
15 37 0.33
37 16 0.08
17 37 0.08
37 18 0.31
20 37 0.18
21 37 0.1
37 22 0.31
23 37 0.26
37 24 0.23
37 25 0.15
37 26 0.33
37 30 0.26
34 37 0.51
35 37 0.04
37 51 0.0013
1 38 0.3
38 2 0.37
38 4 0.12
38 6 0.14
38 7 0.21
38 8 0.08
38 9 0.12
38 10 0.17
38 12 0.18
38 13 0.06
14 38 0.62
15 38 0.58
38 16 0.14
17 38 0.21
38 18 0.24
20 38 0.22
21 38 0.11
38 22 0.17
23 38 0.22
38 24 0.13
38 25 0.08
38 26 0.18
38 30 0.17
38 31 0.06
32 38 0.09
38 33 0.06
34 38 0.6
35 38 0.22
38 37 0.55
38 51 7.0E-4
1 39 0.11
2 39 0.2
7 39 0.58
8 39 0.71
10 39 0.71
14 39 0.07
18 39 0.29
22 39 0.71
24 39 0.35
30 39 0.24
37 39 0.22
38 39 0.12
51 39 0.0016
1 40 0.26
40 2 0.05
40 7 0.14
40 12 0.05
14 40 0.31
15 40 0.36
17 40 0.23
40 18 0.2
20 40 0.24
21 40 0.27
23 40 0.36
40 26 0.24
40 30 0.17
40 33 0.12
34 40 0.38
35 40 0.14
40 37 0.21
40 38 0.31
40 51 6.0E-4
1 41 0.3
41 2 0.73
41 5 0.23
41 6 0.56
41 7 0.09
41 9 0.16
41 10 0.11
41 12 0.55
41 13 0.16
14 41 0.45
15 41 0.51
41 16 0.43
17 41 0.09
41 18 0.19
20 41 0.1
41 22 0.11
23 41 0.05
41 24 0.23
41 26 0.08
41 28 0.23
30 41 0.04
41 31 0.08
32 41 0.06
34 41 0.19
35 41 0.17
37 41 0.11
38 41 0.47
40 41 0.11
51 41 6.0E-4
1 42 0.08
14 42 0.1
15 42 0.14
20 42 0.14
42 27 0.71
30 42 0.17
42 36 0.71
38 42 0.08
51 42 7.0E-4
1 43 0.19
2 43 0.12
7 43 0.33
43 8 0.82
10 43 0.41
14 43 0.13
18 43 0.17
22 43 0.41
24 43 0.2
30 43 0.14
35 43 0.24
37 43 0.13
38 43 0.07
43 39 0.58
51 43 0.0014
1 44 0.11
14 44 0.07
44 19 1.0
51 44 0.0014
45 1 0.27
45 2 0.17
45 5 0.29
45 6 0.12
45 12 0.09
45 14 0.18
45 15 0.21
45 16 0.15
45 17 0.16
45 18 0.24
45 20 0.17
45 21 0.28
45 23 0.37
45 24 0.29
45 26 0.2
45 28 0.29
45 30 0.1
45 32 0.31
45 33 0.2
45 34 0.24
45 35 0.17
45 38 0.05
45 40 0.19
45 41 0.13
45 51 7.0E-4
1 46 0.11
14 46 0.07
34 46 0.15
35 46 0.2
40 46 0.24
51 46 6.0E-4
47 1 0.25
47 4 0.25
47 14 0.29
47 15 0.28
47 17 0.14
47 18 0.14
47 20 0.26
47 21 0.23
47 23 0.23
47 24 0.09
47 25 0.35
47 26 0.25
47 30 0.3
47 32 0.09
47 33 0.25
47 34 0.26
47 35 0.15
47 37 0.22
47 38 0.18
47 40 0.29
47 45 0.1
47 51 4.0E-4
1 48 0.11
48 7 0.58
14 48 0.07
15 48 0.1
20 48 0.2
23 48 0.3
30 48 0.24
34 48 0.15
37 48 0.22
38 48 0.12
40 48 0.24
51 48 7.0E-4
1 49 0.11
14 49 0.07
49 19 1.0
49 44 1.0
51 49 0.0014
1 50 0.16
14 50 0.1
17 50 0.14
33 50 0.35
34 50 0.21
35 50 0.29
38 50 0.08
40 50 0.17
50 46 0.71
51 50 6.0E-4
