*Vertices  48
1 "LED灯"
2 "电容"
3 "反光杯"
4 "工质"
5 "开关"
6 "热电分离"
7 "蒸发皿"
8 "连接管"
9 "装饰层"
10 "发光板"
11 "LED"
12 "二极管"
13 "玻璃"
14 "通道"
15 "LED光源"
16 "塑料"
17 "电子元器件"
18 "铝基板"
19 "基板"
20 "集热板"
21 "导热板"
22 "基座"
23 "螺旋管"
24 "聚光玻璃罩"
25 "发动机"
26 "散热器"
27 "发电机"
28 "发光体"
29 "密封胶"
30 "半导体"
31 "电路板"
32 "介质箱"
33 "LED照明设备"
34 "LED芯片"
35 "芯片"
36 "冷凝器"
37 "光触媒"
38 "Li"
39 "排水槽"
40 "电阻"
41 "交通灯"
42 "散热腔"
43 "射灯"
44 "转动轴"
45 "透镜"
46 "吸液芯"
47 "插座"
48 "散热片"
*Arcs
1 48 0.0048
1 2 0.29
48 2 2.0E-4
1 3 0.11
48 3 0.0010
1 4 0.19
2 4 0.12
48 4 0.0045
1 5 0.37
5 2 0.42
48 5 2.0E-4
1 6 0.16
2 6 0.14
4 6 0.41
48 6 0.0010
1 7 0.11
4 7 0.58
48 7 0.0014
1 8 0.16
2 8 0.14
4 8 0.82
8 6 0.5
8 7 0.71
48 8 0.0033
5 9 0.14
48 9 0.0012
1 10 0.16
2 10 0.2
5 10 0.14
48 10 3.0E-4
11 1 0.67
11 2 0.36
11 3 0.07
11 4 0.13
11 5 0.54
11 6 0.1
11 7 0.07
11 8 0.1
11 9 0.07
11 10 0.15
11 48 0.0027
12 1 0.32
12 2 0.39
12 3 0.1
12 4 0.12
12 5 0.46
12 7 0.1
12 8 0.07
12 9 0.1
12 10 0.15
12 11 0.72
12 48 0.0016
13 1 0.27
13 2 0.08
13 5 0.18
13 9 0.19
13 11 0.38
13 12 0.27
13 48 3.0E-4
1 14 0.22
2 14 0.12
14 4 0.33
5 14 0.04
14 6 0.2
14 7 0.29
14 8 0.41
11 14 0.25
12 14 0.23
13 14 0.11
48 14 0.0036
15 1 0.36
15 2 0.04
15 4 0.12
15 5 0.06
15 10 0.1
15 11 0.36
15 12 0.29
15 13 0.24
15 14 0.18
15 48 0.0041
16 1 0.28
16 5 0.16
16 11 0.32
16 12 0.28
16 13 0.35
16 14 0.13
16 15 0.14
16 48 4.0E-4
1 17 0.16
2 17 0.14
4 17 0.82
17 6 0.5
17 7 0.71
17 8 1.0
11 17 0.1
12 17 0.07
14 17 0.41
48 17 0.0033
18 1 0.3
18 2 0.06
18 4 0.17
18 5 0.08
18 10 0.15
18 11 0.24
18 12 0.24
18 13 0.12
18 14 0.26
18 15 0.18
18 16 0.35
18 48 0.0018
1 19 0.27
2 19 0.29
4 19 0.41
19 6 0.25
19 7 0.35
19 8 0.5
11 19 0.21
12 19 0.14
14 19 0.2
15 19 0.07
19 17 0.5
48 19 0.0032
1 20 0.11
11 20 0.07
19 20 0.35
48 20 6.0E-4
1 21 0.16
21 3 0.71
11 21 0.1
12 21 0.07
21 14 0.2
15 21 0.14
18 21 0.21
48 21 0.0020
1 22 0.22
4 22 0.29
22 7 0.5
22 8 0.35
11 22 0.15
12 22 0.15
14 22 0.43
15 22 0.1
16 22 0.11
22 17 0.35
18 22 0.3
19 22 0.18
48 22 0.0017
1 23 0.11
11 23 0.07
12 23 0.1
15 23 0.2
48 23 0.0015
5 24 0.14
24 9 1.0
11 24 0.07
12 24 0.1
13 24 0.19
48 24 0.0012
1 25 0.11
25 10 0.5
11 25 0.07
12 25 0.1
15 25 0.2
48 25 7.0E-4
1 26 0.44
26 2 0.19
26 3 0.24
26 4 0.41
26 6 0.33
26 7 0.24
26 8 0.33
26 10 0.12
11 26 0.31
12 26 0.24
13 26 0.05
26 14 0.2
15 26 0.34
16 26 0.05
26 17 0.33
18 26 0.21
26 19 0.5
26 21 0.33
26 22 0.12
26 23 0.24
26 25 0.24
26 48 0.0084
1 27 0.11
5 27 0.14
27 10 0.25
11 27 0.15
12 27 0.1
15 27 0.1
27 25 0.5
26 27 0.12
48 27 4.0E-4
28 1 0.21
28 2 0.08
28 5 0.1
28 10 0.19
28 11 0.19
28 12 0.23
28 13 0.15
28 14 0.11
28 15 0.23
28 16 0.09
28 18 0.11
28 25 0.38
28 26 0.09
28 27 0.19
28 48 2.0E-4
1 29 0.22
5 29 0.07
11 29 0.15
12 29 0.05
13 29 0.1
14 29 0.29
15 29 0.1
16 29 0.11
18 29 0.3
21 29 0.35
29 22 0.25
26 29 0.12
48 29 9.0E-4
30 1 0.29
30 2 0.15
30 3 0.15
30 4 0.09
30 5 0.14
30 11 0.5
30 12 0.55
30 13 0.23
30 14 0.17
30 15 0.3
30 16 0.24
30 18 0.27
30 19 0.1
30 21 0.1
30 22 0.15
30 26 0.14
30 28 0.11
30 29 0.15
30 48 5.0E-4
31 1 0.4
31 2 0.13
31 5 0.14
31 6 0.14
31 11 0.36
31 12 0.17
31 13 0.39
31 14 0.06
31 15 0.17
31 16 0.19
31 18 0.06
31 22 0.1
31 26 0.1
31 28 0.23
31 29 0.1
31 30 0.15
31 48 1.0E-4
1 32 0.11
11 32 0.07
12 32 0.1
15 32 0.2
32 23 1.0
26 32 0.24
48 32 0.0015
1 33 0.13
5 33 0.08
11 33 0.13
12 33 0.12
14 33 0.17
15 33 0.12
18 33 0.17
33 22 0.29
27 33 0.29
48 33 4.0E-4
1 34 0.19
34 2 0.13
34 3 0.22
34 4 0.38
34 5 0.03
34 6 0.15
34 7 0.22
34 8 0.31
11 34 0.34
12 34 0.33
13 34 0.08
34 14 0.31
15 34 0.18
16 34 0.1
34 17 0.31
18 34 0.26
34 19 0.23
34 21 0.15
34 22 0.33
34 26 0.21
30 34 0.51
31 34 0.04
34 33 0.13
34 48 0.0022
1 35 0.3
35 2 0.37
35 3 0.12
35 4 0.21
35 5 0.28
35 6 0.08
35 7 0.12
35 8 0.17
35 10 0.06
11 35 0.62
12 35 0.58
13 35 0.21
35 14 0.24
15 35 0.22
16 35 0.11
35 17 0.17
18 35 0.22
35 19 0.13
35 21 0.08
35 22 0.18
35 26 0.14
35 27 0.06
28 35 0.09
35 29 0.06
30 35 0.6
31 35 0.22
35 33 0.07
35 34 0.55
35 48 0.0010
1 36 0.11
2 36 0.2
4 36 0.58
6 36 0.71
8 36 0.71
11 36 0.07
14 36 0.29
17 36 0.71
19 36 0.35
26 36 0.24
34 36 0.22
35 36 0.12
48 36 0.0016
1 37 0.25
11 37 0.16
13 37 0.17
15 37 0.09
31 37 0.27
48 37 1.0E-4
1 38 0.26
38 2 0.05
38 4 0.14
38 5 0.13
11 38 0.31
12 38 0.36
13 38 0.23
38 14 0.2
15 38 0.24
16 38 0.27
18 38 0.36
38 22 0.24
38 26 0.17
38 29 0.12
30 38 0.38
31 38 0.14
38 33 0.14
38 34 0.21
38 35 0.31
38 48 8.0E-4
1 39 0.11
11 39 0.07
14 39 0.29
15 39 0.2
16 39 0.23
48 39 6.0E-4
1 40 0.3
40 2 0.73
40 4 0.09
5 40 0.46
40 7 0.16
40 8 0.11
40 10 0.16
11 40 0.45
12 40 0.51
13 40 0.09
40 14 0.19
15 40 0.1
40 17 0.11
18 40 0.05
40 19 0.23
40 22 0.08
26 40 0.15
40 27 0.08
28 40 0.06
30 40 0.19
31 40 0.17
34 40 0.11
35 40 0.47
38 40 0.11
48 40 1.0E-4
1 41 0.08
11 41 0.1
12 41 0.14
15 41 0.14
41 23 0.71
26 41 0.17
41 32 0.71
35 41 0.08
48 41 9.0E-4
1 42 0.19
2 42 0.12
4 42 0.33
42 6 0.82
8 42 0.41
11 42 0.13
14 42 0.17
17 42 0.41
19 42 0.2
26 42 0.27
31 42 0.24
34 42 0.13
35 42 0.07
42 36 0.58
48 42 7.0E-4
43 1 0.27
43 2 0.17
43 5 0.06
43 11 0.18
43 12 0.21
43 13 0.16
43 14 0.24
43 15 0.17
43 16 0.28
43 18 0.37
43 19 0.29
43 22 0.2
43 26 0.19
43 28 0.31
43 29 0.2
43 30 0.24
43 31 0.17
43 35 0.05
43 38 0.19
43 40 0.13
43 48 3.0E-4
1 44 0.11
11 44 0.07
12 44 0.1
14 44 0.29
18 44 0.3
44 22 0.5
33 44 0.58
34 44 0.22
35 44 0.12
38 44 0.24
48 44 8.0E-4
45 1 0.25
45 3 0.25
45 5 0.07
45 11 0.29
45 12 0.28
45 13 0.14
45 14 0.14
45 15 0.26
45 16 0.23
45 18 0.23
45 19 0.09
45 20 0.25
45 21 0.35
45 22 0.25
45 26 0.12
45 28 0.09
45 29 0.25
45 30 0.26
45 31 0.15
45 33 0.14
45 34 0.22
45 35 0.18
45 38 0.29
45 43 0.1
45 44 0.25
45 48 0.0023
1 46 0.11
46 4 0.58
11 46 0.07
12 46 0.1
15 46 0.2
18 46 0.3
26 46 0.24
30 46 0.15
34 46 0.22
35 46 0.12
38 46 0.24
48 46 8.0E-4
1 47 0.09
2 47 0.17
5 47 0.28
47 9 0.41
11 47 0.18
12 47 0.17
13 47 0.08
47 24 0.41
35 47 0.1
38 47 0.1
40 47 0.13
48 47 4.0E-4
