*Vertices  16
1 "LED灯"
2 "电容"
3 "工质"
4 "热电分离"
5 "连接管"
6 "LED"
7 "通道"
8 "电子元器件"
9 "基板"
10 "散热片"
11 "散热器"
12 "电路板"
13 "LED芯片"
14 "芯片"
15 "冷凝器"
16 "散热腔"
*Arcs
1 16 0.0049
1 2 0.29
2 16 0.0024
1 3 0.19
2 3 0.12
3 16 0.02
1 4 0.16
2 4 0.14
3 4 0.41
16 4 0.0563
1 5 0.16
2 5 0.14
3 5 0.82
5 4 0.5
5 16 0.0279
6 1 0.67
6 2 0.36
6 3 0.13
6 4 0.1
6 5 0.1
6 16 0.0024
1 7 0.22
2 7 0.12
7 3 0.33
7 4 0.2
7 5 0.41
6 7 0.25
7 16 0.0057
1 8 0.16
2 8 0.14
3 8 0.82
8 4 0.5
8 5 1.0
6 8 0.1
7 8 0.41
8 16 0.0279
1 9 0.27
2 9 0.29
3 9 0.41
9 4 0.25
9 5 0.5
6 9 0.21
7 9 0.2
9 8 0.5
9 16 0.0083
1 10 0.43
10 2 0.05
10 3 0.42
10 4 0.17
10 5 0.34
6 10 0.3
10 7 0.35
10 8 0.34
10 9 0.34
10 16 0.0046
1 11 0.44
11 2 0.19
11 3 0.41
11 4 0.33
11 5 0.33
6 11 0.31
11 7 0.2
11 8 0.33
11 9 0.5
11 10 0.63
11 16 0.011
12 1 0.4
12 2 0.13
12 4 0.14
12 6 0.36
12 7 0.06
12 10 0.05
12 11 0.1
12 16 0.0042
1 13 0.19
13 2 0.13
13 3 0.38
13 4 0.15
13 5 0.31
6 13 0.34
13 7 0.31
13 8 0.31
13 9 0.23
13 10 0.26
13 11 0.21
12 13 0.04
13 16 0.0037
1 14 0.3
14 2 0.37
14 3 0.21
14 4 0.08
14 5 0.17
6 14 0.62
14 7 0.24
14 8 0.17
14 9 0.13
14 10 0.17
14 11 0.14
12 14 0.22
14 13 0.55
14 16 0.0013
1 15 0.11
2 15 0.2
3 15 0.58
4 15 0.71
5 15 0.71
6 15 0.07
7 15 0.29
8 15 0.71
9 15 0.35
10 15 0.24
11 15 0.24
13 15 0.22
14 15 0.12
16 15 0.0393
