*Vertices  18
1 "LED灯"
2 "电容"
3 "开关"
4 "功率因数校正"
5 "变压器"
6 "发光板"
7 "LED"
8 "二极管"
9 "稳压二极管"
10 "三极管"
11 "铝基板"
12 "放大器"
13 "芯片"
14 "电感"
15 "电极"
16 "电阻"
17 "发光管"
18 "整流二极管"
*Arcs
1 18 0.0017
1 2 0.29
2 18 0.0051
1 3 0.37
3 2 0.42
3 18 0.0025
1 4 0.11
2 4 0.2
3 4 0.14
18 4 0.054
1 5 0.26
2 5 0.52
3 5 0.29
5 4 0.21
5 18 0.0053
1 6 0.16
2 6 0.2
3 6 0.14
6 4 0.5
5 6 0.21
6 18 0.0191
7 1 0.67
7 2 0.36
7 3 0.54
7 4 0.07
7 5 0.34
7 6 0.15
7 18 0.0011
8 1 0.32
8 2 0.39
8 3 0.46
8 4 0.1
8 5 0.39
8 6 0.15
8 7 0.72
8 18 0.0017
1 9 0.21
2 9 0.46
3 9 0.21
9 4 0.38
5 9 0.48
9 6 0.38
7 9 0.19
8 9 0.27
9 18 0.0127
1 10 0.2
10 2 0.61
3 10 0.37
10 4 0.23
10 5 0.49
10 6 0.23
7 10 0.32
8 10 0.42
10 9 0.26
10 18 0.0058
11 1 0.3
11 2 0.06
11 3 0.08
11 4 0.3
11 5 0.13
11 6 0.15
11 7 0.24
11 8 0.24
11 9 0.11
11 10 0.07
11 18 0.0073
1 12 0.09
2 12 0.33
3 12 0.11
12 4 0.41
5 12 0.26
12 6 0.2
7 12 0.18
8 12 0.17
12 9 0.15
10 12 0.28
11 12 0.12
12 18 0.0132
1 13 0.3
13 2 0.37
13 3 0.28
13 4 0.12
13 5 0.18
13 6 0.06
7 13 0.62
8 13 0.58
13 9 0.14
13 10 0.33
11 13 0.22
13 12 0.29
13 18 0.0018
1 14 0.25
2 14 0.54
3 14 0.36
14 4 0.38
5 14 0.4
14 6 0.38
7 14 0.19
8 14 0.23
14 9 0.43
10 14 0.43
11 14 0.11
12 14 0.31
13 14 0.18
14 18 0.0133
1 15 0.16
2 15 0.37
3 15 0.2
15 4 0.16
15 5 0.39
15 6 0.16
7 15 0.45
8 15 0.55
15 9 0.19
10 15 0.6
11 15 0.1
15 12 0.2
13 15 0.57
15 14 0.31
15 18 0.0030
1 16 0.3
16 2 0.73
3 16 0.46
16 4 0.16
16 5 0.55
16 6 0.16
7 16 0.45
8 16 0.51
16 9 0.43
16 10 0.71
11 16 0.05
16 12 0.26
13 16 0.47
16 14 0.43
16 15 0.51
16 18 0.0036
1 17 0.26
2 17 0.07
3 17 0.23
17 4 0.33
5 17 0.21
17 6 0.17
7 17 0.22
8 17 0.17
9 17 0.13
10 17 0.08
11 17 0.4
12 17 0.14
13 17 0.04
14 17 0.13
15 17 0.05
16 17 0.05
17 18 0.0086
