*Vertices  52
1 "衬底"
2 "LED灯"
3 "电容"
4 "容器"
5 "控制器"
6 "聚光杯"
7 "开关"
8 "GAN"
9 "保护层"
10 "变压器"
11 "稳压块"
12 "发光板"
13 "EP"
14 "LED外延片"
15 "外延片"
16 "外延"
17 "LED"
18 "二极管"
19 "稳压二极管"
20 "三极管"
21 "掩膜"
22 "LED光源"
23 "腐蚀液"
24 "基板"
25 "聚光碗"
26 "散热器"
27 "光刻胶"
28 "SiO2"
29 "放大器"
30 "半导体"
31 "Al2O3"
32 "MQW"
33 "ITO"
34 "焊盘"
35 "蓄电池"
36 "LED芯片"
37 "芯片"
38 "电流扩展层"
39 "电抗器"
40 "充电器"
41 "电感"
42 "电极"
43 "接触层"
44 "电阻"
45 "激光"
46 "湿法腐蚀"
47 "空穴"
48 "射灯"
49 "光电耦合器"
50 "屏幕"
51 "晶体闸流管"
52 "整流器"
*Arcs
52 1 2.0E-4
2 1 0.03
2 52 0.0012
2 3 0.29
3 52 0.0052
4 1 0.09
2 4 0.12
3 4 0.23
52 4 0.0019
2 5 0.11
3 5 0.15
4 5 0.09
52 5 1.0E-4
2 6 0.16
3 6 0.29
52 6 0.0027
2 7 0.37
7 3 0.42
7 4 0.21
7 5 0.23
7 52 0.0010
8 1 0.65
2 8 0.04
52 8 3.0E-4
1 9 0.23
2 9 0.11
8 9 0.18
52 9 3.0E-4
10 1 0.05
2 10 0.26
3 10 0.52
10 4 0.24
10 5 0.1
10 6 0.3
7 10 0.29
10 8 0.08
10 9 0.11
10 52 0.0078
11 10 0.21
11 52 8.0E-4
2 12 0.16
3 12 0.2
4 12 0.19
5 12 0.12
7 12 0.14
10 12 0.21
52 12 4.0E-4
13 1 0.12
2 13 0.12
13 3 0.11
13 4 0.1
13 5 0.06
13 7 0.11
13 9 0.13
13 10 0.11
13 52 1.0E-4
14 1 0.65
2 14 0.04
14 8 0.75
14 9 0.18
10 14 0.08
52 14 3.0E-4
15 1 0.83
2 15 0.03
15 8 0.78
15 9 0.14
10 15 0.06
13 15 0.07
15 14 0.78
52 15 2.0E-4
16 1 0.95
2 16 0.05
16 8 0.65
16 9 0.23
10 16 0.05
13 16 0.06
16 14 0.65
16 15 0.83
52 16 2.0E-4
17 1 0.32
17 2 0.67
17 3 0.36
17 4 0.19
17 5 0.3
17 6 0.1
17 7 0.54
17 8 0.21
17 9 0.15
17 10 0.34
17 11 0.07
17 12 0.15
17 13 0.28
17 14 0.21
17 15 0.27
17 16 0.32
17 52 0.0017
18 1 0.37
18 2 0.32
18 3 0.39
18 4 0.23
18 5 0.15
18 6 0.14
18 7 0.46
18 8 0.25
18 9 0.1
18 10 0.39
18 11 0.1
18 12 0.15
18 13 0.22
18 14 0.22
18 15 0.31
18 16 0.37
18 17 0.72
18 52 0.0028
2 19 0.21
3 19 0.46
4 19 0.14
5 19 0.18
19 6 0.53
7 19 0.21
10 19 0.48
19 12 0.38
13 19 0.1
17 19 0.19
18 19 0.27
52 19 0.0047
2 20 0.2
20 3 0.61
20 4 0.17
20 5 0.11
7 20 0.37
20 10 0.49
20 11 0.23
20 12 0.23
13 20 0.06
17 20 0.32
18 20 0.42
20 19 0.26
20 52 0.0032
1 21 0.23
2 21 0.11
8 21 0.35
9 21 0.5
10 21 0.21
14 21 0.35
15 21 0.28
16 21 0.23
17 21 0.07
18 21 0.1
52 21 0.0010
22 1 0.09
22 2 0.36
22 3 0.04
22 4 0.08
22 7 0.06
22 8 0.14
22 10 0.09
22 12 0.1
22 13 0.22
22 15 0.11
22 16 0.09
22 17 0.36
22 18 0.29
22 19 0.08
22 20 0.09
22 52 1.0E-4
1 23 0.56
2 23 0.04
4 23 0.15
8 23 0.14
9 23 0.2
10 23 0.09
13 23 0.22
14 23 0.29
15 23 0.34
16 23 0.47
17 23 0.18
18 23 0.25
23 21 0.41
52 23 3.0E-4
1 24 0.08
2 24 0.27
3 24 0.29
24 6 0.5
10 24 0.23
16 24 0.08
17 24 0.21
18 24 0.14
19 24 0.4
22 24 0.07
52 24 0.0017
2 25 0.16
3 25 0.29
25 6 1.0
10 25 0.3
17 25 0.1
18 25 0.14
19 25 0.53
24 25 0.5
52 25 0.0027
2 26 0.44
26 3 0.19
26 6 0.33
26 10 0.15
26 12 0.12
17 26 0.31
18 26 0.24
26 19 0.27
22 26 0.34
26 24 0.5
26 25 0.33
26 52 8.0E-4
1 27 0.46
2 27 0.05
8 27 0.18
9 27 0.25
10 27 0.11
13 27 0.13
14 27 0.35
15 27 0.42
16 27 0.46
17 27 0.15
18 27 0.2
27 21 0.5
23 27 0.82
52 27 3.0E-4
28 1 0.38
2 28 0.12
28 4 0.21
28 7 0.04
28 8 0.29
28 9 0.14
28 10 0.06
28 13 0.3
28 14 0.2
28 15 0.38
28 16 0.38
17 28 0.27
18 28 0.31
28 21 0.28
22 28 0.11
28 23 0.34
28 27 0.28
28 52 2.0E-4
2 29 0.09
3 29 0.33
29 5 0.1
7 29 0.11
10 29 0.26
29 12 0.2
17 29 0.18
18 29 0.17
29 19 0.15
20 29 0.28
52 29 3.0E-4
30 1 0.64
30 2 0.29
30 3 0.15
30 4 0.22
30 7 0.14
30 8 0.42
30 9 0.15
30 10 0.19
30 13 0.28
30 14 0.42
30 15 0.53
30 16 0.64
30 17 0.5
30 18 0.55
30 19 0.06
30 20 0.1
30 21 0.15
30 22 0.3
30 23 0.36
30 24 0.1
30 26 0.14
30 27 0.29
30 28 0.41
30 29 0.12
30 52 8.0E-4
31 1 0.72
2 31 0.08
31 4 0.09
31 7 0.03
31 8 0.69
31 9 0.24
31 10 0.05
13 31 0.06
31 14 0.6
31 15 0.74
31 16 0.78
17 31 0.3
18 31 0.34
31 21 0.24
22 31 0.1
31 23 0.1
31 24 0.09
31 27 0.12
28 31 0.54
30 31 0.57
31 52 2.0E-4
32 1 0.64
2 32 0.09
3 32 0.06
7 32 0.04
32 8 0.78
32 9 0.14
10 32 0.12
13 32 0.22
32 14 0.69
32 15 0.77
32 16 0.7
17 32 0.27
18 32 0.31
32 19 0.1
20 32 0.06
32 21 0.28
22 32 0.23
32 23 0.23
32 27 0.28
28 32 0.31
30 32 0.53
31 32 0.67
52 32 5.0E-4
1 33 0.66
2 33 0.06
33 5 0.07
8 33 0.61
33 9 0.29
10 33 0.06
14 33 0.61
15 33 0.72
16 33 0.73
17 33 0.25
18 33 0.26
33 21 0.29
22 33 0.12
33 23 0.24
33 27 0.29
28 33 0.4
30 33 0.47
31 33 0.7
32 33 0.64
52 33 2.0E-4
2 34 0.06
3 34 0.12
7 34 0.08
34 9 0.29
10 34 0.12
13 34 0.31
17 34 0.13
18 34 0.12
34 19 0.22
20 34 0.13
22 34 0.12
30 34 0.17
34 32 0.16
52 34 4.0E-4
2 35 0.23
3 35 0.11
35 4 0.2
35 5 0.13
7 35 0.28
35 10 0.28
35 11 0.26
17 35 0.28
18 35 0.18
20 35 0.18
22 35 0.05
30 35 0.11
35 52 0.0016
36 1 0.5
2 36 0.19
36 3 0.13
36 4 0.25
36 7 0.03
36 8 0.39
36 9 0.22
36 10 0.09
13 36 0.29
36 14 0.54
36 15 0.48
36 16 0.45
17 36 0.34
18 36 0.33
36 19 0.08
36 20 0.05
36 21 0.22
22 36 0.18
36 23 0.36
36 24 0.23
36 26 0.21
36 27 0.33
28 36 0.24
36 29 0.09
30 36 0.51
31 36 0.42
36 32 0.54
36 33 0.31
36 34 0.25
36 52 4.0E-4
37 1 0.49
2 37 0.3
37 3 0.37
37 4 0.14
37 5 0.23
37 7 0.28
37 8 0.34
37 9 0.12
37 10 0.18
37 12 0.06
37 13 0.35
37 14 0.34
37 15 0.43
37 16 0.49
17 37 0.62
18 37 0.58
37 19 0.14
37 20 0.33
37 21 0.12
22 37 0.22
37 23 0.29
37 24 0.13
37 26 0.14
37 27 0.24
37 28 0.4
37 29 0.29
30 37 0.6
37 31 0.46
37 32 0.43
37 33 0.38
37 34 0.21
37 36 0.55
37 52 7.0E-4
1 38 0.57
2 38 0.08
4 38 0.13
8 38 0.38
9 38 0.18
10 38 0.08
13 38 0.19
14 38 0.13
15 38 0.39
16 38 0.57
17 38 0.21
18 38 0.29
38 21 0.35
22 38 0.14
38 23 0.58
38 27 0.35
28 38 0.49
30 38 0.42
31 38 0.34
32 38 0.49
33 38 0.41
36 38 0.23
37 38 0.34
52 38 2.0E-4
2 39 0.16
3 39 0.29
4 39 0.53
7 39 0.19
10 39 0.3
17 39 0.1
18 39 0.14
20 39 0.16
30 39 0.21
35 39 0.37
52 39 0.0022
2 40 0.04
3 40 0.17
40 5 0.1
7 40 0.06
40 10 0.26
40 11 0.41
17 40 0.18
18 40 0.21
20 40 0.47
40 29 0.17
30 40 0.06
40 35 0.21
37 40 0.1
40 52 0.0011
2 41 0.25
3 41 0.54
41 4 0.43
41 5 0.09
7 41 0.36
10 41 0.4
41 12 0.38
13 41 0.1
17 41 0.19
18 41 0.23
41 19 0.43
20 41 0.43
22 41 0.08
29 41 0.31
30 41 0.22
41 32 0.1
41 34 0.22
35 41 0.2
36 41 0.08
37 41 0.18
41 39 0.53
40 41 0.15
52 41 0.0033
42 1 0.72
2 42 0.16
3 42 0.37
42 4 0.19
42 5 0.12
7 42 0.2
42 8 0.46
42 9 0.16
42 10 0.39
42 11 0.16
42 12 0.16
13 42 0.13
42 14 0.46
42 15 0.59
42 16 0.72
17 42 0.45
18 42 0.55
42 19 0.19
20 42 0.6
42 21 0.16
22 42 0.1
42 23 0.4
42 24 0.06
42 27 0.33
28 42 0.32
42 29 0.2
30 42 0.56
31 42 0.56
42 32 0.55
42 33 0.57
42 34 0.09
42 35 0.13
36 42 0.39
37 42 0.57
42 38 0.46
42 39 0.12
42 40 0.34
42 41 0.31
42 52 0.0026
43 1 0.61
2 43 0.04
43 8 0.8
43 9 0.19
10 43 0.08
43 14 0.94
43 15 0.73
43 16 0.61
17 43 0.19
18 43 0.19
43 21 0.38
43 23 0.15
43 27 0.19
28 43 0.1
30 43 0.39
31 43 0.64
43 32 0.73
43 33 0.55
36 43 0.49
37 43 0.32
43 38 0.13
42 43 0.43
52 43 3.0E-4
44 1 0.11
2 44 0.3
44 3 0.73
44 4 0.18
44 5 0.16
44 6 0.23
7 44 0.46
44 8 0.17
44 9 0.08
44 10 0.55
44 11 0.16
44 12 0.16
13 44 0.09
44 14 0.11
44 15 0.13
44 16 0.11
17 44 0.45
18 44 0.51
44 19 0.43
44 20 0.71
44 21 0.16
22 44 0.1
44 23 0.07
44 24 0.23
44 25 0.23
26 44 0.15
44 27 0.08
28 44 0.09
44 29 0.26
30 44 0.19
31 44 0.12
44 32 0.18
44 33 0.14
44 34 0.09
44 35 0.17
36 44 0.11
37 44 0.47
44 38 0.11
44 39 0.23
44 40 0.33
44 41 0.43
44 42 0.51
44 43 0.12
44 52 0.0060
45 1 0.37
45 2 0.12
45 5 0.06
45 7 0.04
45 8 0.38
45 9 0.27
45 10 0.06
45 14 0.19
45 15 0.3
45 16 0.43
45 17 0.28
45 18 0.24
45 21 0.27
45 22 0.16
45 23 0.11
45 24 0.09
45 27 0.13
45 28 0.3
45 30 0.39
45 31 0.45
45 32 0.37
45 33 0.46
45 36 0.12
45 37 0.26
45 38 0.38
45 42 0.31
45 43 0.2
45 44 0.17
45 52 2.0E-4
1 46 0.32
2 46 0.08
8 46 0.25
9 46 0.35
10 46 0.15
14 46 0.25
15 46 0.2
16 46 0.32
17 46 0.1
18 46 0.14
46 21 0.71
23 46 0.58
27 46 0.35
28 46 0.2
30 46 0.21
31 46 0.17
32 46 0.2
33 46 0.2
36 46 0.15
37 46 0.17
38 46 0.5
42 46 0.23
43 46 0.27
44 46 0.11
45 46 0.19
52 46 6.0E-4
1 47 0.26
2 47 0.17
3 47 0.08
7 47 0.1
8 47 0.4
10 47 0.16
13 47 0.1
14 47 0.4
15 47 0.31
16 47 0.26
17 47 0.19
18 47 0.23
47 19 0.14
20 47 0.09
22 47 0.08
30 47 0.39
31 47 0.28
32 47 0.42
47 33 0.33
34 47 0.22
36 47 0.25
37 47 0.18
41 47 0.14
42 47 0.25
43 47 0.43
44 47 0.12
45 47 0.1
52 47 2.0E-4
48 2 0.27
48 3 0.17
48 6 0.29
48 7 0.06
48 10 0.09
48 17 0.18
48 18 0.21
48 19 0.15
48 20 0.09
48 22 0.17
48 24 0.29
48 25 0.29
48 26 0.19
48 30 0.24
48 37 0.05
48 42 0.07
48 44 0.13
48 45 0.11
48 47 0.31
48 52 4.0E-4
3 49 0.29
4 49 0.27
5 49 0.34
7 49 0.1
10 49 0.15
49 12 0.35
17 49 0.1
18 49 0.14
19 49 0.27
20 49 0.32
37 49 0.08
41 49 0.27
42 49 0.23
44 49 0.23
52 49 6.0E-4
1 50 0.36
2 50 0.06
3 50 0.05
4 50 0.1
50 5 0.13
7 50 0.11
8 50 0.18
10 50 0.06
50 12 0.13
13 50 0.07
14 50 0.27
15 50 0.43
16 50 0.36
17 50 0.28
18 50 0.18
50 19 0.1
20 50 0.06
23 50 0.21
50 27 0.26
28 50 0.21
30 50 0.27
31 50 0.25
32 50 0.21
33 50 0.22
36 50 0.23
37 50 0.25
38 50 0.09
41 50 0.1
42 50 0.3
43 50 0.2
44 50 0.04
45 50 0.14
47 50 0.1
50 49 0.18
52 50 1.0E-4
2 51 0.05
3 51 0.31
51 4 0.19
7 51 0.2
10 51 0.32
17 51 0.15
18 51 0.2
20 51 0.34
30 51 0.07
35 51 0.26
37 51 0.06
51 39 0.35
40 51 0.2
51 41 0.19
42 51 0.25
44 51 0.32
52 51 0.0022
