*Vertices  11
1 "荧光粉"
2 "保护层"
3 "EP"
4 "LED"
5 "铝基板"
6 "透明胶"
7 "键合"
8 "焊盘"
9 "LED芯片"
10 "芯片"
11 "日光灯平面光源"
*Arcs
1 11 0.0118
1 2 0.14
11 2 0.0319
1 3 0.39
3 2 0.13
3 11 0.0105
4 1 0.25
4 2 0.15
4 3 0.28
4 11 0.0012
5 1 0.17
5 2 0.15
5 3 0.16
5 4 0.24
5 11 0.012
1 6 0.29
6 2 0.5
3 6 0.27
4 6 0.07
5 6 0.3
6 11 0.0849
1 7 0.22
7 2 0.19
3 7 0.1
4 7 0.19
5 7 0.11
7 6 0.38
7 11 0.019
1 8 0.17
8 2 0.29
3 8 0.31
4 8 0.13
5 8 0.17
8 6 0.58
8 7 0.22
8 11 0.0427
1 9 0.31
9 2 0.22
3 9 0.29
4 9 0.34
5 9 0.26
9 6 0.22
9 7 0.25
9 8 0.25
9 11 0.0078
1 10 0.35
10 2 0.12
10 3 0.35
4 10 0.62
5 10 0.22
10 6 0.12
10 7 0.27
10 8 0.21
10 9 0.55
10 11 0.0029
