*Vertices  18
1 "LCD显示屏"
2 "显示器"
3 "传感器"
4 "控制器"
5 "处理器"
6 "单片机"
7 "LED"
8 "液晶显示模块"
9 "塑料"
10 "电动机"
11 "电路板"
12 "SMT"
13 "FFC连接器"
14 "芯片"
15 "驱动模块"
16 "激光"
17 "屏幕"
18 "显示技术"
*Arcs
1 18 0.0072
2 1 0.33
2 18 0.012
1 3 0.13
2 3 0.25
3 18 0.0019
1 4 0.24
2 4 0.24
4 3 0.19
4 18 0.011
5 1 0.09
5 2 0.26
5 3 0.36
5 4 0.44
5 18 0.0028
6 1 0.08
2 6 0.52
6 3 0.28
6 4 0.17
5 6 0.24
6 18 0.0024
7 1 0.22
7 2 0.29
7 3 0.37
7 4 0.3
7 5 0.28
7 6 0.32
7 18 0.0018
1 8 0.67
2 8 0.38
3 8 0.1
4 8 0.36
5 8 0.13
6 8 0.11
7 8 0.15
8 18 0.0141
9 2 0.17
9 3 0.18
9 4 0.17
9 5 0.12
9 6 0.05
9 7 0.32
9 18 0.0019
2 10 0.14
3 10 0.23
4 10 0.14
5 10 0.15
6 10 0.26
7 10 0.13
9 10 0.13
10 18 0.0104
11 1 0.2
11 2 0.26
11 3 0.08
11 4 0.1
11 5 0.11
11 6 0.14
11 7 0.36
11 8 0.2
11 9 0.19
11 18 0.0023
1 12 0.47
2 12 0.35
4 12 0.34
7 12 0.1
8 12 0.71
11 12 0.14
12 18 0.0221
1 13 0.33
2 13 0.25
4 13 0.24
7 13 0.07
8 13 0.5
11 13 0.2
13 12 0.71
13 18 0.0288
14 1 0.24
2 14 0.27
14 3 0.17
14 4 0.23
5 14 0.12
14 6 0.33
7 14 0.62
14 8 0.24
9 14 0.11
14 10 0.14
11 14 0.22
14 12 0.17
14 13 0.12
14 18 0.0037
2 15 0.18
3 15 0.14
4 15 0.17
5 15 0.18
6 15 0.16
7 15 0.1
9 15 0.16
10 15 0.41
14 15 0.17
15 18 0.0131
16 1 0.09
16 2 0.2
16 3 0.16
16 4 0.06
16 5 0.14
16 6 0.06
16 7 0.28
16 9 0.18
16 10 0.31
16 11 0.11
16 14 0.26
16 15 0.19
16 18 0.0029
1 17 0.17
2 17 0.13
17 3 0.1
17 4 0.13
5 17 0.07
6 17 0.06
7 17 0.28
9 17 0.18
17 10 0.15
11 17 0.16
14 17 0.25
17 15 0.18
16 17 0.14
17 18 0.0024
