*Vertices  83
1 "LED显示屏"
2 "LCD显示屏"
3 "LED灯"
4 "光膜"
5 "传感器"
6 "控制器"
7 "处理器"
8 "单片机"
9 "荧光粉"
10 "开关"
11 "发光荧光材料"
12 "塑料光转换荧光粒料"
13 "助剂"
14 "焊油墨"
15 "PD"
16 "引发剂"
17 "聚合物树脂"
18 "硼酸"
19 "显示技术"
20 "网孔板"
21 "变压器"
22 "EP"
23 "LED"
24 "液晶显示模块"
25 "二极管"
26 "三极管"
27 "玻璃"
28 "通道"
29 "接收管"
30 "LED光源"
31 "塑料"
32 "缩水甘油"
33 "转换器"
34 "铝基板"
35 "滤光片"
36 "稀释剂"
37 "电动机"
38 "发电机"
39 "发光体"
40 "加热片"
41 "硅橡胶"
42 "SiO2"
43 "放大器"
44 "半导体"
45 "电路板"
46 "Al2O3"
47 "SMT"
48 "ITO"
49 "GPIO"
50 "燃气涡轮"
51 "客户"
52 "摄像机"
53 "含硅"
54 "FPC连接器"
55 "FFC连接器"
56 "芯片"
57 "存储器"
58 "酸盐"
59 "硬脂酰胺"
60 "Li"
61 "液体石蜡"
62 "离子"
63 "电极"
64 "电阻"
65 "驱动模块"
66 "脉冲信号"
67 "丙酮"
68 "激光"
69 "洗墙灯"
70 "平面板"
71 "射灯"
72 "检测仪"
73 "检测板"
74 "屏幕"
75 "瞄准镜"
76 "透镜"
77 "模拟音频"
78 "甲基"
79 "蜂鸣器"
80 "KVM"
81 "激发光"
82 "DMA"
83 "显示器"
*Arcs
83 1 1.0E-4
2 1 0.21
83 2 0.0015
3 1 0.03
3 2 0.04
3 83 2.0E-4
4 2 0.19
4 3 0.13
4 83 9.0E-4
2 5 0.13
3 5 0.13
83 5 8.0E-4
6 1 0.23
2 6 0.24
3 6 0.11
6 5 0.19
83 6 8.0E-4
7 1 0.16
7 2 0.09
7 3 0.14
7 4 0.15
7 5 0.36
7 6 0.44
7 83 7.0E-4
8 1 0.07
8 2 0.08
3 8 0.13
8 5 0.28
8 6 0.17
7 8 0.24
83 8 0.0034
9 1 0.09
9 3 0.13
9 4 0.33
9 6 0.07
9 7 0.07
9 8 0.07
9 83 3.0E-4
10 1 0.04
10 2 0.14
3 10 0.37
10 5 0.19
10 6 0.23
7 10 0.21
10 8 0.19
9 10 0.08
83 10 2.0E-4
11 3 0.21
11 4 0.31
11 7 0.07
11 8 0.06
11 9 0.54
11 10 0.07
11 83 3.0E-4
3 12 0.11
9 12 0.29
10 12 0.14
11 12 0.27
83 12 7.0E-4
3 13 0.08
4 13 0.41
9 13 0.41
10 13 0.1
11 13 0.38
13 12 0.71
83 13 5.0E-4
2 14 0.33
3 14 0.11
4 14 0.58
83 14 4.0E-4
15 5 0.27
7 15 0.12
83 15 1.0E-4
83 16 4.0E-4
3 17 0.11
9 17 0.29
10 17 0.14
11 17 0.27
17 12 1.0
17 13 0.71
83 17 7.0E-4
3 18 0.11
9 18 0.29
11 18 0.4
18 16 0.35
83 18 2.0E-4
2 19 0.24
5 19 0.14
6 19 0.34
7 19 0.18
8 19 0.16
83 19 0.0013
8 20 0.23
83 20 3.0E-4
21 1 0.07
3 21 0.26
21 5 0.04
21 6 0.1
8 21 0.05
9 21 0.06
10 21 0.29
21 16 0.15
18 21 0.11
83 21 2.0E-4
3 22 0.12
22 6 0.06
7 22 0.14
22 8 0.06
9 22 0.39
22 10 0.11
11 22 0.29
22 16 0.38
22 18 0.4
22 21 0.11
83 22 1.0E-4
23 1 0.23
23 2 0.22
23 3 0.67
23 4 0.13
23 5 0.37
23 6 0.3
23 7 0.28
23 8 0.32
23 9 0.25
23 10 0.54
23 11 0.28
23 12 0.07
23 13 0.1
23 14 0.07
23 15 0.16
23 16 0.1
23 17 0.07
23 18 0.15
23 19 0.1
23 20 0.07
23 21 0.34
23 22 0.28
23 83 0.0016
2 24 0.67
5 24 0.1
6 24 0.36
7 24 0.13
8 24 0.11
10 24 0.14
24 19 0.35
23 24 0.15
83 24 0.0019
25 1 0.06
25 2 0.14
25 3 0.32
25 4 0.12
25 5 0.2
25 6 0.15
25 7 0.08
25 8 0.16
25 9 0.23
25 10 0.46
25 11 0.33
25 12 0.1
25 13 0.14
25 15 0.18
25 16 0.14
25 17 0.1
25 18 0.1
25 20 0.1
25 21 0.39
25 22 0.22
25 23 0.72
25 24 0.1
25 83 6.0E-4
26 2 0.08
3 26 0.2
26 5 0.05
26 6 0.11
8 26 0.16
10 26 0.37
11 26 0.06
26 21 0.49
22 26 0.06
23 26 0.32
26 24 0.11
25 26 0.42
83 26 1.0E-4
27 1 0.18
27 3 0.27
27 4 0.11
27 5 0.12
27 7 0.15
27 8 0.22
27 9 0.11
27 10 0.18
27 11 0.1
27 15 0.34
27 16 0.27
27 18 0.19
27 20 0.19
27 21 0.08
27 22 0.21
27 23 0.38
27 25 0.27
27 26 0.09
27 83 7.0E-4
3 28 0.22
28 5 0.12
8 28 0.07
10 28 0.04
28 15 0.13
23 28 0.25
25 28 0.23
26 28 0.07
27 28 0.11
83 28 0.0
2 29 0.19
3 29 0.13
5 29 0.12
8 29 0.13
10 29 0.24
23 29 0.13
29 24 0.29
25 29 0.18
26 29 0.4
27 29 0.11
28 29 0.17
83 29 3.0E-4
30 2 0.07
30 3 0.36
30 4 0.12
30 5 0.04
30 7 0.11
30 8 0.09
30 9 0.24
30 10 0.06
30 11 0.16
30 15 0.18
30 16 0.14
30 18 0.31
30 21 0.09
30 22 0.22
30 23 0.36
30 24 0.1
30 25 0.29
30 26 0.09
30 27 0.24
30 28 0.18
30 29 0.12
30 83 3.0E-4
31 1 0.07
31 3 0.28
31 4 0.26
31 5 0.18
31 6 0.17
31 7 0.12
31 8 0.05
31 9 0.2
31 10 0.16
31 11 0.18
31 12 0.23
31 13 0.32
31 15 0.21
31 17 0.23
31 19 0.16
31 21 0.05
31 22 0.06
31 23 0.32
31 25 0.28
31 27 0.35
31 28 0.13
31 30 0.14
31 83 4.0E-4
32 16 1.0
18 32 0.35
21 32 0.15
22 32 0.38
23 32 0.1
25 32 0.14
27 32 0.27
30 32 0.14
83 32 4.0E-4
33 1 0.1
33 2 0.2
3 33 0.1
33 5 0.3
33 6 0.22
7 33 0.16
8 33 0.14
9 33 0.09
10 33 0.25
11 33 0.08
33 12 0.3
33 13 0.21
33 15 0.27
33 17 0.3
21 33 0.06
22 33 0.08
23 33 0.24
33 24 0.15
25 33 0.21
26 33 0.14
27 33 0.12
33 29 0.17
31 33 0.21
83 33 4.0E-4
34 3 0.3
34 4 0.17
34 7 0.08
34 9 0.17
34 10 0.08
34 11 0.08
34 21 0.13
34 22 0.16
34 23 0.24
34 25 0.24
34 26 0.07
34 27 0.12
34 28 0.26
34 30 0.18
34 31 0.35
34 83 1.0E-4
2 35 0.15
35 5 0.09
8 35 0.1
10 35 0.06
35 15 0.6
23 35 0.16
35 24 0.22
25 35 0.23
26 35 0.1
27 35 0.26
28 35 0.13
35 29 0.26
30 35 0.27
31 35 0.1
33 35 0.13
83 35 2.0E-4
4 36 0.33
9 36 0.17
11 36 0.15
36 13 0.41
36 16 0.82
18 36 0.29
21 36 0.12
22 36 0.31
23 36 0.13
25 36 0.18
27 36 0.22
30 36 0.12
31 36 0.13
36 32 0.82
83 36 3.0E-4
3 37 0.06
5 37 0.23
6 37 0.14
7 37 0.15
8 37 0.26
9 37 0.17
37 19 0.41
22 37 0.15
23 37 0.13
30 37 0.12
31 37 0.13
83 37 3.0E-4
1 38 0.16
3 38 0.11
5 38 0.1
6 38 0.12
8 38 0.11
9 38 0.14
10 38 0.14
21 38 0.21
23 38 0.15
25 38 0.1
30 38 0.1
33 38 0.15
83 38 2.0E-4
39 3 0.21
39 4 0.22
39 5 0.08
39 7 0.1
39 9 0.22
39 10 0.1
39 11 0.2
39 22 0.1
39 23 0.19
39 25 0.23
39 26 0.09
39 27 0.15
39 28 0.11
39 29 0.22
39 30 0.23
39 31 0.09
39 34 0.11
39 38 0.19
39 83 1.0E-4
2 40 0.33
6 40 0.24
23 40 0.07
24 40 0.5
83 40 8.0E-4
3 41 0.06
4 41 0.33
9 41 0.33
11 41 0.31
41 13 0.41
41 16 0.41
18 41 0.58
21 41 0.12
22 41 0.15
23 41 0.13
25 41 0.12
27 41 0.11
30 41 0.24
31 41 0.13
41 32 0.41
41 36 0.67
83 41 3.0E-4
42 1 0.09
3 42 0.12
4 42 0.16
9 42 0.32
42 10 0.04
11 42 0.52
42 12 0.28
42 13 0.39
42 15 0.25
42 17 0.28
42 18 0.14
42 21 0.06
42 22 0.3
23 42 0.27
25 42 0.31
27 42 0.16
42 28 0.08
30 42 0.11
31 42 0.19
42 33 0.08
42 35 0.25
42 36 0.16
39 42 0.1
42 41 0.16
83 42 1.0E-4
43 1 0.13
3 43 0.09
43 5 0.08
43 6 0.1
7 43 0.11
8 43 0.28
10 43 0.11
21 43 0.26
23 43 0.18
25 43 0.17
26 43 0.28
43 29 0.24
43 33 0.25
34 43 0.12
43 38 0.2
83 43 4.0E-4
44 1 0.05
44 2 0.05
44 3 0.29
44 4 0.09
44 5 0.06
44 7 0.08
44 8 0.03
44 9 0.34
44 10 0.14
44 11 0.43
44 12 0.15
44 13 0.1
44 15 0.2
44 16 0.1
44 17 0.15
44 18 0.22
44 21 0.19
44 22 0.28
44 23 0.5
44 25 0.55
44 26 0.1
44 27 0.23
44 28 0.17
44 29 0.09
44 30 0.3
44 31 0.24
44 32 0.1
44 33 0.13
44 34 0.27
44 35 0.13
44 36 0.09
44 39 0.11
44 41 0.17
44 42 0.41
44 43 0.12
44 83 3.0E-4
45 1 0.13
45 2 0.2
45 3 0.4
45 4 0.24
45 5 0.08
45 6 0.1
45 7 0.11
45 8 0.14
45 9 0.12
45 10 0.14
45 11 0.16
45 14 0.2
45 16 0.14
45 18 0.1
45 19 0.14
45 21 0.04
45 22 0.05
45 23 0.36
45 24 0.2
45 25 0.17
45 26 0.19
45 27 0.39
45 28 0.06
45 29 0.24
45 30 0.17
45 31 0.19
45 32 0.14
45 34 0.06
45 35 0.09
45 36 0.12
45 39 0.23
45 41 0.12
45 42 0.06
45 44 0.15
45 83 0.0010
46 2 0.08
3 46 0.08
4 46 0.14
9 46 0.35
46 10 0.03
11 46 0.45
46 12 0.24
46 13 0.34
46 15 0.22
46 17 0.24
46 21 0.05
22 46 0.06
23 46 0.3
25 46 0.34
27 46 0.09
46 28 0.21
30 46 0.1
31 46 0.11
46 33 0.07
46 35 0.22
46 36 0.14
46 41 0.14
42 46 0.54
44 46 0.57
83 46 1.0E-4
2 47 0.47
6 47 0.34
47 19 0.5
23 47 0.1
24 47 0.71
47 40 0.71
45 47 0.14
83 47 0.0016
48 2 0.19
3 48 0.06
48 6 0.07
9 48 0.08
11 48 0.23
48 15 0.26
21 48 0.06
23 48 0.25
48 24 0.14
25 48 0.26
27 48 0.11
28 48 0.08
30 48 0.12
48 35 0.26
48 40 0.29
42 48 0.4
44 48 0.47
46 48 0.7
48 47 0.2
83 48 1.0E-4
49 2 0.19
3 49 0.06
7 49 0.15
8 49 0.13
10 49 0.24
22 49 0.15
23 49 0.13
49 24 0.29
25 49 0.06
26 49 0.13
49 29 0.33
30 49 0.12
49 35 0.26
44 49 0.09
45 49 0.12
83 49 2.0E-4
5 50 0.2
8 50 0.23
21 50 0.21
23 50 0.07
33 50 0.3
38 50 0.5
43 50 0.41
83 50 5.0E-4
51 2 0.14
3 51 0.22
4 51 0.24
51 5 0.24
7 51 0.21
9 51 0.12
10 51 0.17
11 51 0.11
51 12 0.41
51 13 0.29
51 14 0.41
51 17 0.41
22 51 0.11
23 51 0.18
25 51 0.08
26 51 0.09
27 51 0.08
51 28 0.12
51 29 0.24
30 51 0.08
31 51 0.09
33 51 0.12
39 51 0.15
42 51 0.11
44 51 0.12
45 51 0.17
46 51 0.1
49 51 0.24
83 51 6.0E-4
1 52 0.18
2 52 0.38
5 52 0.12
8 52 0.13
10 52 0.08
23 52 0.13
52 24 0.29
25 52 0.12
26 52 0.13
29 52 0.33
30 52 0.12
35 52 0.26
45 52 0.12
49 52 0.33
83 52 2.0E-4
53 16 0.71
18 53 0.5
21 53 0.21
22 53 0.27
23 53 0.07
25 53 0.1
27 53 0.19
30 53 0.2
53 32 0.71
36 53 0.58
41 53 0.58
44 53 0.15
83 53 5.0E-4
2 54 0.33
6 54 0.24
23 54 0.07
24 54 0.5
54 40 1.0
54 47 0.71
48 54 0.29
83 54 8.0E-4
2 55 0.33
6 55 0.24
55 19 0.71
23 55 0.07
24 55 0.5
45 55 0.2
55 47 0.71
83 55 7.0E-4
56 1 0.08
56 2 0.24
3 56 0.3
4 56 0.07
56 5 0.17
56 6 0.23
7 56 0.12
56 8 0.33
9 56 0.35
56 10 0.28
11 56 0.35
56 12 0.12
56 13 0.17
56 15 0.11
56 16 0.17
56 17 0.12
56 18 0.24
56 19 0.17
56 21 0.18
56 22 0.35
23 56 0.62
56 24 0.24
25 56 0.58
56 26 0.33
27 56 0.21
56 28 0.24
56 29 0.21
30 56 0.22
31 56 0.11
56 32 0.17
56 33 0.25
34 56 0.22
56 35 0.16
56 36 0.21
56 37 0.14
56 38 0.06
39 56 0.09
56 40 0.12
56 41 0.21
56 42 0.4
56 43 0.29
44 56 0.6
45 56 0.22
56 46 0.46
56 47 0.17
56 48 0.38
56 49 0.14
56 50 0.12
56 51 0.1
56 52 0.07
56 53 0.12
56 54 0.12
56 55 0.12
83 56 0.0014
2 57 0.22
3 57 0.04
57 5 0.33
57 6 0.16
7 57 0.34
8 57 0.15
10 57 0.23
57 15 0.15
21 57 0.07
22 57 0.09
23 57 0.22
57 24 0.33
25 57 0.17
26 57 0.15
57 29 0.38
30 57 0.14
33 57 0.4
57 35 0.15
57 38 0.17
43 57 0.27
44 57 0.1
45 57 0.07
49 57 0.19
57 50 0.33
51 57 0.14
57 52 0.38
56 57 0.16
83 57 7.0E-4
3 58 0.11
4 58 0.19
9 58 0.48
58 10 0.05
11 58 0.53
58 12 0.33
58 13 0.47
58 16 0.47
58 17 0.33
58 18 0.67
58 21 0.07
58 22 0.45
23 58 0.22
25 58 0.24
27 58 0.19
30 58 0.2
31 58 0.15
58 32 0.47
58 33 0.1
58 36 0.58
58 41 0.58
58 42 0.37
44 58 0.29
45 58 0.14
58 46 0.24
58 51 0.14
58 53 0.33
58 56 0.36
83 58 5.0E-4
3 59 0.11
9 59 0.29
10 59 0.14
11 59 0.27
59 12 1.0
59 13 0.71
59 17 1.0
23 59 0.07
25 59 0.1
31 59 0.23
33 59 0.3
42 59 0.28
44 59 0.15
46 59 0.24
59 51 0.41
56 59 0.12
58 59 0.33
83 59 7.0E-4
3 60 0.26
4 60 0.14
60 5 0.05
60 6 0.06
7 60 0.06
60 8 0.05
9 60 0.27
60 10 0.13
11 60 0.31
60 12 0.24
60 13 0.33
60 15 0.21
60 16 0.17
60 17 0.24
60 18 0.24
60 21 0.05
60 22 0.25
23 60 0.31
25 60 0.36
27 60 0.23
60 28 0.2
30 60 0.24
31 60 0.27
60 32 0.17
60 33 0.21
34 60 0.36
60 35 0.21
60 36 0.27
60 41 0.14
60 42 0.33
44 60 0.38
45 60 0.14
60 46 0.29
60 48 0.2
60 51 0.1
60 56 0.31
60 57 0.08
60 58 0.39
60 59 0.24
83 60 1.0E-4
3 61 0.11
9 61 0.29
10 61 0.14
11 61 0.27
61 12 1.0
61 13 0.71
61 17 1.0
23 61 0.07
25 61 0.1
31 61 0.23
33 61 0.3
42 61 0.28
44 61 0.15
46 61 0.24
61 51 0.41
56 61 0.12
58 61 0.33
61 59 1.0
60 61 0.24
83 61 7.0E-4
62 1 0.15
62 2 0.15
3 62 0.13
9 62 0.13
11 62 0.18
62 15 0.21
62 16 0.32
62 18 0.34
62 21 0.1
62 22 0.49
23 62 0.32
25 62 0.26
27 62 0.35
62 28 0.07
30 62 0.19
31 62 0.05
62 32 0.32
62 33 0.07
34 62 0.07
62 35 0.21
62 36 0.26
39 62 0.09
62 41 0.13
62 42 0.32
44 62 0.34
45 62 0.14
62 46 0.11
62 48 0.13
62 52 0.13
62 53 0.23
62 56 0.33
62 58 0.38
62 60 0.27
83 62 1.0E-4
63 2 0.11
3 63 0.16
63 5 0.03
63 6 0.12
8 63 0.04
9 63 0.09
10 63 0.2
11 63 0.22
63 15 0.15
63 21 0.39
22 63 0.13
23 63 0.45
63 24 0.08
25 63 0.55
26 63 0.6
27 63 0.13
63 28 0.19
63 29 0.19
30 63 0.1
31 63 0.04
63 33 0.1
34 63 0.1
63 35 0.15
39 63 0.06
63 40 0.16
42 63 0.32
63 43 0.2
44 63 0.56
45 63 0.03
46 63 0.56
63 47 0.12
63 48 0.57
63 51 0.07
63 54 0.16
56 63 0.57
63 57 0.05
60 63 0.12
62 63 0.23
83 63 1.0E-4
64 2 0.16
3 64 0.3
64 5 0.16
64 6 0.16
7 64 0.08
8 64 0.22
9 64 0.05
10 64 0.46
11 64 0.04
64 15 0.07
64 21 0.55
22 64 0.09
23 64 0.45
64 24 0.16
25 64 0.51
64 26 0.71
27 64 0.09
64 28 0.19
64 29 0.28
30 64 0.1
64 33 0.29
34 64 0.05
64 35 0.15
64 38 0.08
39 64 0.06
42 64 0.09
64 43 0.26
44 64 0.19
45 64 0.17
46 64 0.12
64 48 0.14
64 49 0.28
64 50 0.16
64 51 0.13
64 52 0.09
56 64 0.47
64 57 0.22
60 64 0.11
62 64 0.04
64 63 0.51
83 64 2.0E-4
3 65 0.08
5 65 0.14
6 65 0.17
7 65 0.18
8 65 0.16
65 19 0.5
23 65 0.1
31 65 0.16
37 65 0.41
56 65 0.17
83 65 3.0E-4
3 66 0.11
5 66 0.1
8 66 0.23
10 66 0.14
11 66 0.13
23 66 0.15
25 66 0.15
26 66 0.23
66 29 0.29
33 66 0.15
43 66 0.2
44 66 0.07
56 66 0.18
57 66 0.17
63 66 0.16
64 66 0.16
83 66 4.0E-4
3 67 0.04
11 67 0.11
67 16 0.58
67 18 0.41
67 21 0.09
67 22 0.65
23 67 0.18
25 67 0.17
27 67 0.24
30 67 0.08
31 67 0.09
67 32 0.58
34 67 0.12
67 36 0.47
67 41 0.24
67 42 0.23
44 67 0.18
45 67 0.08
67 53 0.41
67 56 0.24
67 58 0.41
67 60 0.19
67 62 0.56
67 63 0.13
83 67 2.0E-4
68 2 0.09
68 3 0.12
68 4 0.31
68 5 0.16
68 6 0.06
68 7 0.14
68 8 0.06
68 9 0.23
68 10 0.04
68 11 0.21
68 14 0.27
68 15 0.36
68 19 0.19
68 21 0.06
68 23 0.28
68 25 0.24
68 27 0.21
68 28 0.08
68 30 0.16
68 31 0.18
68 33 0.08
68 34 0.08
68 35 0.36
68 37 0.31
68 39 0.1
68 42 0.3
68 44 0.39
68 45 0.11
68 46 0.45
68 48 0.46
68 49 0.15
68 51 0.11
68 56 0.26
68 60 0.19
68 62 0.12
68 63 0.31
68 64 0.17
68 65 0.19
68 83 5.0E-4
69 3 0.11
69 4 0.58
69 7 0.26
69 9 0.29
69 11 0.27
69 23 0.07
69 25 0.1
69 27 0.19
69 30 0.2
69 31 0.23
69 34 0.3
69 39 0.38
69 44 0.15
69 45 0.2
69 68 0.27
69 83 4.0E-4
8 70 0.23
23 70 0.07
25 70 0.1
27 70 0.19
45 70 0.2
83 70 3.0E-4
71 3 0.27
71 4 0.24
71 5 0.08
71 7 0.11
71 9 0.12
71 10 0.06
71 11 0.11
71 21 0.09
71 23 0.18
71 25 0.21
71 26 0.09
71 27 0.16
71 28 0.24
71 29 0.24
71 30 0.17
71 31 0.28
71 34 0.37
71 39 0.31
71 44 0.24
71 45 0.17
71 51 0.17
71 56 0.05
71 60 0.19
71 63 0.07
71 64 0.13
71 68 0.11
71 69 0.41
71 83 1.0E-4
3 72 0.05
5 72 0.3
7 72 0.13
8 72 0.23
10 72 0.07
21 72 0.11
23 72 0.15
25 72 0.05
26 72 0.11
72 29 0.29
30 72 0.1
33 72 0.3
72 38 0.25
43 72 0.41
44 72 0.15
72 50 0.5
51 72 0.2
56 72 0.12
57 72 0.5
63 72 0.08
64 72 0.16
66 72 0.25
83 72 0.0010
5 73 0.28
8 73 0.16
21 73 0.15
23 73 0.1
33 73 0.21
73 37 0.41
73 38 0.35
43 73 0.29
73 50 0.71
56 73 0.08
57 73 0.24
64 73 0.11
68 73 0.19
72 73 0.35
83 73 4.0E-4
74 1 0.33
2 74 0.17
3 74 0.06
4 74 0.15
74 5 0.1
74 6 0.13
7 74 0.07
8 74 0.06
10 74 0.11
11 74 0.14
74 14 0.26
74 19 0.18
21 74 0.06
22 74 0.07
23 74 0.28
25 74 0.18
26 74 0.06
27 74 0.15
28 74 0.07
31 74 0.18
33 74 0.08
34 74 0.08
74 37 0.15
42 74 0.21
44 74 0.27
45 74 0.16
46 74 0.25
48 74 0.22
51 74 0.11
56 74 0.25
62 74 0.12
63 74 0.3
64 74 0.04
74 65 0.18
67 74 0.11
68 74 0.14
83 74 2.0E-4
5 75 0.2
8 75 0.23
23 75 0.07
72 75 0.5
83 75 4.0E-4
76 3 0.25
76 4 0.29
76 5 0.1
76 7 0.06
76 9 0.29
76 10 0.07
76 11 0.33
76 12 0.25
76 13 0.35
76 15 0.22
76 17 0.25
76 18 0.13
76 22 0.07
76 23 0.29
76 25 0.28
76 27 0.14
76 28 0.14
76 30 0.26
76 31 0.23
76 33 0.15
76 34 0.23
76 35 0.22
76 36 0.14
76 39 0.09
76 41 0.29
76 42 0.21
76 44 0.26
76 45 0.15
76 46 0.18
76 48 0.07
76 51 0.1
76 52 0.14
76 56 0.18
76 57 0.08
76 58 0.25
76 59 0.25
76 60 0.29
76 61 0.25
76 62 0.11
76 63 0.04
76 67 0.1
76 68 0.27
76 69 0.25
76 71 0.1
76 83 3.0E-4
8 77 0.23
23 77 0.07
56 77 0.12
66 77 0.5
83 77 7.0E-4
78 2 0.1
3 78 0.06
4 78 0.17
9 78 0.33
10 78 0.04
11 78 0.23
78 12 0.29
78 13 0.41
78 16 0.41
78 17 0.29
18 78 0.29
21 78 0.06
22 78 0.23
23 78 0.25
25 78 0.23
27 78 0.11
78 28 0.08
30 78 0.12
31 78 0.13
78 32 0.41
33 78 0.09
78 36 0.5
78 41 0.5
42 78 0.16
44 78 0.38
45 78 0.12
46 78 0.49
78 48 0.33
78 51 0.12
78 53 0.29
56 78 0.38
58 78 0.58
78 59 0.29
60 78 0.27
78 61 0.29
62 78 0.26
63 78 0.24
64 78 0.05
67 78 0.35
68 78 0.08
78 74 0.15
76 78 0.29
83 78 3.0E-4
2 79 0.19
3 79 0.13
5 79 0.12
6 79 0.14
7 79 0.3
8 79 0.13
10 79 0.16
22 79 0.15
23 79 0.13
79 24 0.29
25 79 0.12
26 79 0.13
79 29 0.33
30 79 0.12
35 79 0.26
45 79 0.24
49 79 0.67
51 79 0.24
79 52 0.33
56 79 0.14
57 79 0.19
64 79 0.19
83 79 2.0E-4
8 80 0.23
23 80 0.07
56 80 0.12
66 80 0.5
80 77 1.0
83 80 7.0E-4
3 81 0.07
4 81 0.19
81 5 0.07
9 81 0.38
81 10 0.05
11 81 0.45
81 12 0.33
81 13 0.47
81 15 0.45
81 17 0.33
81 18 0.33
81 22 0.27
23 81 0.22
25 81 0.27
27 81 0.26
81 28 0.1
30 81 0.2
31 81 0.23
81 33 0.2
81 35 0.6
81 36 0.19
39 81 0.13
81 41 0.19
81 42 0.55
44 81 0.25
81 46 0.32
81 48 0.19
81 51 0.14
81 56 0.28
81 58 0.44
81 59 0.33
81 60 0.47
81 61 0.33
81 62 0.38
81 63 0.11
81 64 0.05
81 67 0.14
68 81 0.27
76 81 0.33
81 78 0.19
83 81 2.0E-4
82 1 0.18
82 6 0.28
7 82 0.3
10 82 0.08
82 16 0.41
18 82 0.29
21 82 0.12
22 82 0.31
23 82 0.13
25 82 0.06
27 82 0.11
30 82 0.12
82 32 0.41
33 82 0.17
36 82 0.33
41 82 0.33
44 82 0.09
82 53 0.58
56 82 0.07
82 57 0.19
58 82 0.19
60 82 0.14
62 82 0.13
67 82 0.24
78 82 0.17
83 82 2.0E-4
