*Vertices  30
1 "LED灯"
2 "电容"
3 "传感器"
4 "控制器"
5 "处理器"
6 "单片机"
7 "开关"
8 "Zigbee"
9 "EP"
10 "LED"
11 "二极管"
12 "三极管"
13 "模糊增强算法"
14 "玻璃"
15 "转换器"
16 "IP软核"
17 "电路板"
18 "ESD"
19 "锂电池"
20 "芯片"
21 "存储器"
22 "Li"
23 "灰度"
24 "边缘检测"
25 "电阻"
26 "发射模块"
27 "VGA"
28 "DMA"
29 "插座"
30 "晶体振荡器"
*Arcs
1 30 2.0E-4
1 2 0.29
30 2 0.0018
1 3 0.13
2 3 0.08
30 3 8.0E-4
1 4 0.11
2 4 0.15
4 3 0.19
30 4 0.0012
5 1 0.14
5 2 0.05
5 3 0.36
5 4 0.44
5 30 0.0014
1 6 0.13
6 2 0.19
6 3 0.28
6 4 0.17
5 6 0.24
6 30 0.0020
1 7 0.37
7 2 0.42
7 3 0.19
7 4 0.23
5 7 0.21
7 6 0.19
7 30 0.0024
2 8 0.2
3 8 0.2
6 8 0.23
7 8 0.14
30 8 0.0088
1 9 0.12
9 2 0.11
9 4 0.06
5 9 0.14
9 6 0.06
9 7 0.11
9 30 0.0013
10 1 0.67
10 2 0.36
10 3 0.37
10 4 0.3
10 5 0.28
10 6 0.32
10 7 0.54
10 8 0.07
10 9 0.28
10 30 0.0010
11 1 0.32
11 2 0.39
11 3 0.2
11 4 0.15
11 5 0.08
11 6 0.16
11 7 0.46
11 8 0.1
11 9 0.22
11 10 0.72
11 30 4.0E-4
1 12 0.2
12 2 0.61
12 3 0.05
12 4 0.11
6 12 0.16
7 12 0.37
9 12 0.06
10 12 0.32
11 12 0.42
30 12 5.0E-4
13 4 0.24
5 13 0.26
7 13 0.14
9 13 0.27
10 13 0.07
30 13 0.0134
14 1 0.27
14 2 0.08
14 3 0.12
14 5 0.15
14 6 0.22
14 7 0.18
14 9 0.21
14 10 0.38
14 11 0.27
14 12 0.09
14 30 3.0E-4
1 15 0.1
2 15 0.25
15 3 0.3
15 4 0.22
5 15 0.16
6 15 0.14
7 15 0.25
15 8 0.3
9 15 0.08
10 15 0.24
11 15 0.21
12 15 0.14
15 13 0.3
14 15 0.12
30 15 0.0055
16 4 0.24
5 16 0.26
7 16 0.14
9 16 0.27
10 16 0.07
16 13 1.0
15 16 0.3
30 16 0.0134
17 1 0.4
17 2 0.13
17 3 0.08
17 4 0.1
17 5 0.11
17 6 0.14
17 7 0.14
17 9 0.05
17 10 0.36
17 11 0.17
17 12 0.19
17 14 0.39
17 30 3.0E-4
2 18 0.09
18 3 0.09
6 18 0.1
7 18 0.06
18 8 0.45
10 18 0.16
11 18 0.14
15 18 0.13
30 18 0.0024
1 19 0.1
19 2 0.18
19 3 0.18
19 4 0.22
5 19 0.23
6 19 0.1
7 19 0.12
10 19 0.16
11 19 0.18
19 12 0.31
14 19 0.09
19 15 0.13
17 19 0.18
19 30 0.0012
1 20 0.3
20 2 0.37
20 3 0.17
20 4 0.23
5 20 0.12
20 6 0.33
20 7 0.28
20 8 0.12
20 9 0.35
10 20 0.62
11 20 0.58
20 12 0.33
14 20 0.21
20 15 0.25
17 20 0.22
20 18 0.27
20 19 0.21
20 30 9.0E-4
1 21 0.04
2 21 0.07
21 3 0.33
21 4 0.16
5 21 0.34
6 21 0.15
7 21 0.23
9 21 0.09
10 21 0.22
11 21 0.17
12 21 0.15
21 13 0.33
15 21 0.4
21 16 0.33
17 21 0.07
19 21 0.15
20 21 0.16
30 21 0.0020
1 22 0.26
22 2 0.05
22 3 0.05
22 4 0.06
5 22 0.06
22 6 0.05
22 7 0.13
22 8 0.24
22 9 0.25
10 22 0.31
11 22 0.36
22 13 0.24
14 22 0.23
22 15 0.21
22 16 0.24
17 22 0.14
22 18 0.11
22 20 0.31
22 21 0.08
22 30 0.0032
23 4 0.24
5 23 0.26
7 23 0.14
9 23 0.27
10 23 0.07
23 13 1.0
15 23 0.3
23 16 1.0
23 21 0.33
22 23 0.24
30 23 0.0134
24 4 0.24
5 24 0.26
7 24 0.14
9 24 0.27
10 24 0.07
24 13 1.0
15 24 0.3
24 16 1.0
24 21 0.33
22 24 0.24
24 23 1.0
30 24 0.0134
1 25 0.3
25 2 0.73
25 3 0.16
25 4 0.16
5 25 0.08
6 25 0.22
7 25 0.46
25 8 0.16
9 25 0.09
10 25 0.45
11 25 0.51
25 12 0.71
14 25 0.09
25 15 0.29
17 25 0.17
25 18 0.07
25 19 0.29
20 25 0.47
25 21 0.22
22 25 0.11
25 30 0.0014
2 26 0.2
3 26 0.2
6 26 0.23
7 26 0.14
26 8 1.0
10 26 0.07
11 26 0.1
15 26 0.3
18 26 0.45
20 26 0.12
22 26 0.24
25 26 0.16
30 26 0.0088
27 4 0.24
5 27 0.26
7 27 0.14
9 27 0.27
10 27 0.07
27 13 1.0
15 27 0.3
27 16 1.0
27 21 0.33
22 27 0.24
27 23 1.0
27 24 1.0
30 27 0.0134
28 4 0.28
5 28 0.3
7 28 0.08
9 28 0.31
10 28 0.13
11 28 0.06
28 13 0.58
14 28 0.11
15 28 0.17
28 16 0.58
20 28 0.07
28 21 0.19
22 28 0.14
28 23 0.58
28 24 0.58
28 27 0.58
30 28 0.0051
1 29 0.09
2 29 0.17
29 3 0.16
5 29 0.11
6 29 0.19
7 29 0.28
29 8 0.41
9 29 0.11
10 29 0.18
11 29 0.17
14 29 0.08
15 29 0.12
29 18 0.18
20 29 0.1
22 29 0.1
25 29 0.13
29 26 0.41
30 29 0.0021
