*Vertices  19
1 "LED灯"
2 "电容"
3 "容器"
4 "整流器"
5 "开关"
6 "变压器"
7 "LED"
8 "二极管"
9 "三极管"
10 "半导体"
11 "蓄电池"
12 "芯片"
13 "电抗器"
14 "继电器"
15 "充电器"
16 "电感"
17 "电极"
18 "电阻"
19 "晶体闸流管"
*Arcs
1 19 8.0E-4
1 2 0.29
2 19 0.0113
1 3 0.12
2 3 0.23
19 3 0.0047
1 4 0.22
2 4 0.53
4 3 0.33
4 19 0.0173
1 5 0.37
5 2 0.42
5 3 0.21
5 4 0.2
5 19 0.0049
1 6 0.26
2 6 0.52
6 3 0.24
6 4 0.68
5 6 0.29
6 19 0.0116
7 1 0.67
7 2 0.36
7 3 0.19
7 4 0.25
7 5 0.54
7 6 0.34
7 19 0.0033
8 1 0.32
8 2 0.39
8 3 0.23
8 4 0.35
8 5 0.46
8 6 0.39
8 7 0.72
8 19 0.0052
1 9 0.2
9 2 0.61
9 3 0.17
9 4 0.4
5 9 0.37
9 6 0.49
7 9 0.32
8 9 0.42
9 19 0.0121
10 1 0.29
10 2 0.15
10 3 0.22
10 4 0.17
10 5 0.14
10 6 0.19
10 7 0.5
10 8 0.55
10 9 0.1
10 19 0.0010
1 11 0.23
2 11 0.11
11 3 0.2
11 4 0.3
5 11 0.28
11 6 0.28
7 11 0.28
8 11 0.18
9 11 0.18
10 11 0.11
11 19 0.0066
1 12 0.3
12 2 0.37
12 3 0.14
12 4 0.14
12 5 0.28
12 6 0.18
7 12 0.62
8 12 0.58
12 9 0.33
10 12 0.6
12 19 8.0E-4
1 13 0.16
2 13 0.29
3 13 0.53
4 13 0.41
5 13 0.19
6 13 0.3
7 13 0.1
8 13 0.14
9 13 0.16
10 13 0.21
11 13 0.37
19 13 0.0102
1 14 0.05
2 14 0.37
5 14 0.24
6 14 0.19
7 14 0.16
8 14 0.18
9 14 0.31
12 14 0.16
19 14 0.0037
1 15 0.04
2 15 0.17
15 4 0.24
5 15 0.06
15 6 0.26
7 15 0.18
8 15 0.21
9 15 0.47
10 15 0.06
15 11 0.21
12 15 0.1
15 19 0.0036
1 16 0.25
2 16 0.54
16 3 0.43
4 16 0.44
5 16 0.36
6 16 0.4
7 16 0.19
8 16 0.23
9 16 0.43
10 16 0.22
11 16 0.2
12 16 0.18
16 13 0.53
15 16 0.15
19 16 0.0057
1 17 0.16
2 17 0.37
17 3 0.19
17 4 0.33
5 17 0.2
17 6 0.39
7 17 0.45
8 17 0.55
9 17 0.6
10 17 0.56
17 11 0.13
12 17 0.57
17 13 0.12
17 14 0.22
17 15 0.34
17 16 0.31
17 19 0.0071
1 18 0.3
18 2 0.73
18 3 0.18
18 4 0.56
5 18 0.46
18 6 0.55
7 18 0.45
8 18 0.51
18 9 0.71
10 18 0.19
18 11 0.17
12 18 0.47
18 13 0.23
18 14 0.36
18 15 0.33
18 16 0.43
18 17 0.51
18 19 0.0122
