*Vertices  23
1 "容器"
2 "光膜"
3 "荧光粉"
4 "发光荧光材料"
5 "助剂"
6 "LED"
7 "二极管"
8 "塑料"
9 "稀释剂"
10 "荧光体"
11 "硅橡胶"
12 "SiO2"
13 "Al2O3"
14 "LED芯片"
15 "芯片"
16 "酸盐"
17 "硅油"
18 "Li"
19 "臭氧"
20 "透镜"
21 "甲基"
22 "激发光"
23 "柔性高分子材料"
*Arcs
23 1 0.0045
2 1 0.22
2 23 0.0091
3 1 0.22
3 2 0.33
3 23 0.0035
4 1 0.2
4 2 0.31
4 3 0.54
4 23 0.0032
5 1 0.27
2 5 0.41
3 5 0.41
4 5 0.38
5 23 0.014
6 1 0.19
6 2 0.13
6 3 0.25
6 4 0.28
6 5 0.1
6 23 4.0E-4
7 1 0.23
7 2 0.12
7 3 0.23
7 4 0.33
7 5 0.14
7 6 0.72
7 23 6.0E-4
8 1 0.17
8 2 0.26
8 3 0.2
8 4 0.18
8 5 0.32
8 6 0.32
8 7 0.28
8 23 0.0019
9 1 0.22
2 9 0.33
3 9 0.17
4 9 0.15
9 5 0.41
6 9 0.13
7 9 0.18
8 9 0.13
9 23 0.0097
10 1 0.22
2 10 0.33
3 10 0.5
4 10 0.46
10 5 0.41
6 10 0.13
7 10 0.18
8 10 0.13
10 9 0.33
10 23 0.0096
11 1 0.44
2 11 0.33
3 11 0.33
4 11 0.31
11 5 0.41
6 11 0.13
7 11 0.12
8 11 0.13
11 9 0.67
11 10 0.33
11 23 0.0103
12 1 0.21
2 12 0.16
3 12 0.32
4 12 0.52
12 5 0.39
6 12 0.27
7 12 0.31
8 12 0.19
12 9 0.16
12 10 0.32
12 11 0.16
12 23 0.0029
13 1 0.09
2 13 0.14
3 13 0.35
4 13 0.45
13 5 0.34
6 13 0.3
7 13 0.34
8 13 0.11
13 9 0.14
13 10 0.14
13 11 0.14
12 13 0.54
13 23 0.0021
14 1 0.25
2 14 0.13
3 14 0.31
4 14 0.17
14 5 0.15
6 14 0.34
7 14 0.33
8 14 0.1
14 9 0.13
14 10 0.25
14 11 0.25
12 14 0.24
13 14 0.42
14 23 0.0018
15 1 0.14
2 15 0.07
3 15 0.35
4 15 0.35
15 5 0.17
6 15 0.62
7 15 0.58
8 15 0.11
15 9 0.21
15 10 0.21
15 11 0.21
15 12 0.4
15 13 0.46
15 14 0.55
15 23 9.0E-4
16 1 0.25
2 16 0.19
3 16 0.48
4 16 0.53
16 5 0.47
6 16 0.22
7 16 0.24
8 16 0.15
16 9 0.58
16 10 0.38
16 11 0.58
16 12 0.37
16 13 0.24
16 14 0.22
16 15 0.36
16 23 0.0047
17 1 0.38
2 17 0.58
3 17 0.29
4 17 0.27
17 5 0.71
6 17 0.07
7 17 0.1
8 17 0.23
17 9 0.58
17 10 0.58
17 11 0.58
12 17 0.28
13 17 0.24
14 17 0.22
15 17 0.12
16 17 0.33
17 23 0.0232
18 1 0.09
2 18 0.14
3 18 0.27
4 18 0.31
18 5 0.33
6 18 0.31
7 18 0.36
8 18 0.27
18 9 0.27
18 10 0.27
18 11 0.14
18 12 0.33
18 13 0.29
18 14 0.21
18 15 0.31
18 16 0.39
18 17 0.24
18 23 0.0022
19 1 0.31
2 19 0.24
3 19 0.24
4 19 0.22
19 5 0.29
6 19 0.18
7 19 0.04
8 19 0.19
19 9 0.24
19 10 0.24
19 11 0.47
12 19 0.11
13 19 0.1
14 19 0.18
15 19 0.1
16 19 0.27
19 17 0.41
18 19 0.1
19 23 0.0051
20 1 0.19
20 2 0.29
20 3 0.29
20 4 0.33
20 5 0.35
20 6 0.29
20 7 0.28
20 8 0.23
20 9 0.14
20 10 0.14
20 11 0.29
20 12 0.21
20 13 0.18
20 14 0.22
20 15 0.18
20 16 0.25
20 17 0.25
20 18 0.29
20 19 0.2
20 23 0.0024
21 1 0.22
2 21 0.17
3 21 0.33
4 21 0.23
21 5 0.41
6 21 0.25
7 21 0.23
8 21 0.13
21 9 0.5
21 10 0.17
21 11 0.5
12 21 0.16
13 21 0.49
14 21 0.38
15 21 0.38
16 21 0.58
21 17 0.29
18 21 0.27
21 19 0.24
20 21 0.29
21 23 0.0035
22 1 0.13
2 22 0.19
3 22 0.38
4 22 0.45
22 5 0.47
6 22 0.22
7 22 0.27
8 22 0.23
22 9 0.19
22 10 0.58
22 11 0.19
22 12 0.55
22 13 0.32
22 14 0.15
22 15 0.28
22 16 0.44
22 17 0.33
22 18 0.47
22 19 0.14
20 22 0.33
22 21 0.19
22 23 0.0040
