*Vertices  30
1 "LCD显示屏"
2 "衬底"
3 "荧光粉"
4 "GAN"
5 "LED外延片"
6 "外延片"
7 "外延"
8 "LED"
9 "二极管"
10 "通道"
11 "缓冲层"
12 "内量子效率"
13 "半导体"
14 "Al2O3"
15 "MQW"
16 "ESD"
17 "ITO"
18 "LED芯片"
19 "芯片"
20 "Li"
21 "电极"
22 "接触层"
23 "电阻"
24 "激光"
25 "MOCVD"
26 "空穴"
27 "屏幕"
28 "发光层"
29 "甲基"
30 "标准芯片工艺制作"
*Arcs
30 1 3.0E-4
2 1 0.08
30 2 0.0051
3 2 0.13
3 30 3.0E-4
4 1 0.12
4 2 0.65
3 4 0.1
30 4 0.0065
5 1 0.12
5 2 0.65
3 5 0.1
5 4 0.75
30 5 0.0093
6 1 0.09
6 2 0.83
3 6 0.08
6 4 0.78
6 5 0.78
30 6 0.0070
7 1 0.08
7 2 0.95
3 7 0.13
7 4 0.65
7 5 0.65
7 6 0.83
30 7 0.0052
8 1 0.22
8 2 0.32
8 3 0.25
8 4 0.21
8 5 0.21
8 6 0.27
8 7 0.32
8 30 7.0E-4
9 1 0.14
9 2 0.37
9 3 0.23
9 4 0.25
9 5 0.22
9 6 0.31
9 7 0.37
9 8 0.72
9 30 6.0E-4
10 2 0.2
10 4 0.31
10 5 0.2
10 6 0.24
10 7 0.2
8 10 0.25
9 10 0.23
30 10 4.0E-4
11 1 0.12
11 2 0.65
3 11 0.1
11 4 0.63
11 5 0.75
11 6 0.78
11 7 0.65
8 11 0.21
9 11 0.22
11 10 0.2
30 11 0.0091
2 12 0.32
3 12 0.2
4 12 0.25
5 12 0.5
6 12 0.39
7 12 0.32
8 12 0.1
9 12 0.07
11 12 0.5
30 12 0.0048
13 1 0.05
13 2 0.64
13 3 0.34
13 4 0.42
13 5 0.42
13 6 0.53
13 7 0.64
13 8 0.5
13 9 0.55
13 10 0.17
13 11 0.42
13 12 0.21
13 30 0.0025
14 1 0.08
14 2 0.72
3 14 0.35
14 4 0.69
14 5 0.6
14 6 0.74
14 7 0.78
8 14 0.3
9 14 0.34
14 10 0.21
14 11 0.69
14 12 0.34
13 14 0.57
14 30 0.0055
15 1 0.09
15 2 0.64
3 15 0.16
15 4 0.78
15 5 0.69
15 6 0.77
15 7 0.7
8 15 0.27
9 15 0.31
15 10 0.24
15 11 0.59
15 12 0.39
13 15 0.53
14 15 0.67
30 15 0.0066
16 2 0.41
16 4 0.47
16 5 0.63
16 6 0.5
16 7 0.41
8 16 0.16
9 16 0.14
16 10 0.26
16 11 0.63
16 12 0.32
13 16 0.26
14 16 0.43
16 15 0.5
30 16 0.0051
17 1 0.19
2 17 0.66
3 17 0.08
4 17 0.61
5 17 0.61
6 17 0.72
7 17 0.73
8 17 0.25
9 17 0.26
10 17 0.08
11 17 0.51
17 12 0.41
13 17 0.47
14 17 0.7
15 17 0.64
16 17 0.26
30 17 0.0048
18 1 0.07
18 2 0.5
3 18 0.31
18 4 0.39
18 5 0.54
18 6 0.48
18 7 0.45
8 18 0.34
9 18 0.33
18 10 0.31
18 11 0.39
18 12 0.15
13 18 0.51
14 18 0.42
18 15 0.54
18 16 0.39
18 17 0.31
18 30 0.0028
19 1 0.24
19 2 0.49
3 19 0.35
19 4 0.34
19 5 0.34
19 6 0.43
19 7 0.49
8 19 0.62
9 19 0.58
19 10 0.24
19 11 0.34
19 12 0.17
13 19 0.6
19 14 0.46
19 15 0.43
19 16 0.27
19 17 0.38
19 18 0.55
19 30 0.0017
20 2 0.16
3 20 0.27
20 4 0.25
20 5 0.08
20 6 0.2
20 7 0.16
8 20 0.31
9 20 0.36
20 10 0.2
20 11 0.08
20 12 0.17
13 20 0.38
20 14 0.29
20 15 0.26
20 16 0.11
20 17 0.2
20 18 0.21
20 19 0.31
20 30 4.0E-4
21 1 0.11
21 2 0.72
3 21 0.09
21 4 0.46
21 5 0.46
21 6 0.59
21 7 0.72
8 21 0.45
9 21 0.55
21 10 0.19
21 11 0.46
21 12 0.23
13 21 0.56
14 21 0.56
21 15 0.55
21 16 0.29
21 17 0.57
18 21 0.39
19 21 0.57
20 21 0.12
21 30 0.0029
22 1 0.13
22 2 0.61
3 22 0.11
22 4 0.8
22 5 0.94
22 6 0.73
22 7 0.61
8 22 0.19
9 22 0.19
22 10 0.22
22 11 0.8
22 12 0.53
13 22 0.39
14 22 0.64
22 15 0.73
22 16 0.68
22 17 0.55
18 22 0.49
19 22 0.32
20 22 0.09
21 22 0.43
30 22 0.0103
23 1 0.16
23 2 0.11
3 23 0.05
23 4 0.17
23 5 0.11
23 6 0.13
23 7 0.11
8 23 0.45
9 23 0.51
23 10 0.19
23 11 0.06
23 12 0.11
13 23 0.19
14 23 0.12
23 15 0.18
23 16 0.07
23 17 0.14
18 23 0.11
19 23 0.47
20 23 0.11
23 21 0.51
23 22 0.12
23 30 2.0E-4
24 1 0.09
24 2 0.37
24 3 0.23
24 4 0.38
24 5 0.19
24 6 0.3
24 7 0.43
24 8 0.28
24 9 0.24
24 10 0.08
24 11 0.09
24 12 0.19
24 13 0.39
24 14 0.45
24 15 0.37
24 17 0.46
24 18 0.12
24 19 0.26
24 20 0.19
24 21 0.31
24 22 0.2
24 23 0.17
24 30 5.0E-4
25 1 0.1
25 2 0.73
3 25 0.08
25 4 0.71
25 5 0.61
25 6 0.88
25 7 0.79
8 25 0.25
9 25 0.29
25 10 0.25
25 11 0.82
25 12 0.41
13 25 0.51
14 25 0.77
25 15 0.8
25 16 0.52
25 17 0.67
18 25 0.38
19 25 0.41
20 25 0.2
21 25 0.57
25 22 0.65
23 25 0.09
24 25 0.31
30 25 0.0072
26 1 0.13
2 26 0.26
3 26 0.11
4 26 0.4
5 26 0.4
6 26 0.31
7 26 0.26
8 26 0.19
9 26 0.23
10 26 0.11
11 26 0.4
26 12 0.27
13 26 0.39
14 26 0.28
15 26 0.42
16 26 0.17
26 17 0.33
18 26 0.25
19 26 0.18
20 26 0.36
21 26 0.25
22 26 0.43
23 26 0.12
24 26 0.1
25 26 0.33
30 26 0.0034
1 27 0.17
2 27 0.36
4 27 0.18
5 27 0.27
6 27 0.43
7 27 0.36
8 27 0.28
9 27 0.18
10 27 0.07
11 27 0.37
13 27 0.27
14 27 0.25
15 27 0.21
16 27 0.23
17 27 0.22
18 27 0.23
19 27 0.25
21 27 0.3
22 27 0.2
23 27 0.04
24 27 0.14
25 27 0.37
26 27 0.1
30 27 5.0E-4
28 1 0.13
2 28 0.61
4 28 0.13
5 28 0.13
6 28 0.42
7 28 0.52
8 28 0.19
9 28 0.27
11 28 0.4
13 28 0.39
14 28 0.28
15 28 0.21
28 17 0.22
18 28 0.25
19 28 0.32
21 28 0.43
22 28 0.14
25 28 0.44
28 26 0.14
28 27 0.29
30 28 6.0E-4
29 1 0.1
29 2 0.33
3 29 0.33
29 4 0.41
29 5 0.51
29 6 0.4
29 7 0.33
8 29 0.25
9 29 0.23
29 10 0.08
29 11 0.51
29 12 0.41
13 29 0.38
14 29 0.49
29 15 0.4
29 16 0.39
29 17 0.33
18 29 0.38
19 29 0.38
20 29 0.27
21 29 0.24
29 22 0.55
23 29 0.05
24 29 0.08
29 25 0.42
29 26 0.33
29 27 0.15
29 28 0.11
29 30 0.0042
