*Vertices  37
1 "显示器"
2 "LED灯"
3 "探头"
4 "电容"
5 "传感器"
6 "处理器"
7 "单片机"
8 "开关"
9 "模数转换集成块"
10 "变压器"
11 "LED"
12 "二极管"
13 "三极管"
14 "接收管"
15 "LED光源"
16 "转换器"
17 "发电机"
18 "放大器"
19 "半导体"
20 "燃气涡轮"
21 "客户"
22 "蓄电池"
23 "充电电池"
24 "光电池"
25 "芯片"
26 "充电器"
27 "存储器"
28 "电感"
29 "电极"
30 "电阻"
31 "脉冲信号"
32 "超声波"
33 "检测板"
34 "瞄准镜"
35 "扬声器"
36 "提示仪"
37 "检测仪"
*Arcs
1 37 0.0027
2 1 0.08
2 37 2.0E-4
2 3 0.05
3 37 0.0012
2 4 0.29
4 37 7.0E-4
1 5 0.25
2 5 0.13
5 3 0.2
4 5 0.08
5 37 0.0032
6 1 0.26
6 2 0.14
6 3 0.26
6 4 0.05
6 5 0.36
6 37 6.0E-4
1 7 0.52
2 7 0.13
7 4 0.19
7 5 0.28
6 7 0.24
7 37 0.0024
1 8 0.07
2 8 0.37
8 4 0.42
8 5 0.19
6 8 0.21
8 7 0.19
8 37 5.0E-4
2 9 0.11
4 9 0.2
8 9 0.14
37 9 0.0075
1 10 0.11
2 10 0.26
4 10 0.52
10 5 0.04
7 10 0.05
8 10 0.29
10 37 6.0E-4
11 1 0.29
11 2 0.67
11 3 0.15
11 4 0.36
11 5 0.37
11 6 0.28
11 7 0.32
11 8 0.54
11 9 0.07
11 10 0.34
11 37 0.0013
12 1 0.15
12 2 0.32
12 3 0.05
12 4 0.39
12 5 0.2
12 6 0.08
12 7 0.16
12 8 0.46
12 9 0.1
12 10 0.39
12 11 0.72
12 37 3.0E-4
1 13 0.06
2 13 0.2
13 4 0.61
13 5 0.05
7 13 0.16
8 13 0.37
13 9 0.23
13 10 0.49
11 13 0.32
12 13 0.42
13 37 8.0E-4
1 14 0.14
2 14 0.13
4 14 0.24
5 14 0.12
7 14 0.13
8 14 0.24
14 9 0.58
11 14 0.13
12 14 0.18
13 14 0.4
37 14 0.0032
15 1 0.15
15 2 0.36
15 3 0.1
15 4 0.04
15 5 0.04
15 6 0.11
15 7 0.09
15 8 0.06
15 10 0.09
15 11 0.36
15 12 0.29
15 13 0.09
15 14 0.12
15 37 3.0E-4
1 16 0.15
2 16 0.1
16 3 0.15
4 16 0.25
16 5 0.3
6 16 0.16
7 16 0.14
8 16 0.25
16 9 0.3
10 16 0.06
11 16 0.24
12 16 0.21
13 16 0.14
16 14 0.17
16 37 0.0034
1 17 0.13
2 17 0.11
5 17 0.1
7 17 0.11
8 17 0.14
10 17 0.21
11 17 0.15
12 17 0.1
15 17 0.1
16 17 0.15
37 17 0.0018
1 18 0.2
2 18 0.09
4 18 0.33
18 5 0.08
6 18 0.11
7 18 0.28
8 18 0.11
18 9 0.41
10 18 0.26
11 18 0.18
12 18 0.17
13 18 0.28
18 14 0.24
18 16 0.25
18 17 0.2
18 37 0.0054
19 1 0.11
19 2 0.29
19 3 0.07
19 4 0.15
19 5 0.06
19 6 0.08
19 7 0.03
19 8 0.14
19 9 0.15
19 10 0.19
19 11 0.5
19 12 0.55
19 13 0.1
19 14 0.09
19 15 0.3
19 16 0.13
19 18 0.12
19 37 7.0E-4
1 20 0.25
5 20 0.2
7 20 0.23
10 20 0.21
11 20 0.07
16 20 0.3
17 20 0.5
18 20 0.41
37 20 0.0050
1 21 0.2
2 21 0.22
21 3 0.2
4 21 0.17
21 5 0.24
6 21 0.21
8 21 0.17
11 21 0.18
12 21 0.08
13 21 0.09
21 14 0.24
15 21 0.08
16 21 0.12
19 21 0.12
21 37 8.0E-4
2 22 0.23
22 3 0.13
4 22 0.11
22 5 0.05
6 22 0.07
8 22 0.28
22 10 0.28
11 22 0.28
12 22 0.18
13 22 0.18
15 22 0.05
22 17 0.26
19 22 0.11
22 21 0.11
22 37 4.0E-4
2 23 0.11
3 23 0.25
4 23 0.2
6 23 0.13
8 23 0.2
23 9 0.5
11 23 0.15
12 23 0.1
13 23 0.23
23 14 0.29
16 23 0.15
18 23 0.2
19 23 0.07
23 37 0.0023
24 3 0.5
24 5 0.3
6 24 0.13
11 24 0.15
12 24 0.15
15 24 0.2
16 24 0.3
19 24 0.15
21 24 0.2
22 24 0.13
24 37 0.0011
1 25 0.27
2 25 0.3
25 4 0.37
25 5 0.17
6 25 0.12
25 7 0.33
25 8 0.28
25 9 0.12
25 10 0.18
11 25 0.62
12 25 0.58
25 13 0.33
25 14 0.21
15 25 0.22
25 16 0.25
25 17 0.06
25 18 0.29
19 25 0.6
25 20 0.12
25 21 0.1
25 23 0.12
25 37 8.0E-4
2 26 0.04
26 3 0.2
4 26 0.17
6 26 0.11
8 26 0.06
26 9 0.41
26 10 0.26
11 26 0.18
12 26 0.21
13 26 0.47
26 14 0.24
26 16 0.12
26 18 0.17
19 26 0.06
26 22 0.21
26 23 0.41
25 26 0.1
26 37 0.0016
1 27 0.25
2 27 0.04
27 3 0.17
4 27 0.07
27 5 0.33
6 27 0.34
7 27 0.15
8 27 0.23
27 9 0.33
10 27 0.07
11 27 0.22
12 27 0.17
13 27 0.15
27 14 0.38
15 27 0.14
16 27 0.4
27 17 0.17
18 27 0.27
19 27 0.1
27 20 0.33
21 27 0.14
22 27 0.09
27 23 0.17
27 24 0.17
25 27 0.16
26 27 0.14
27 37 0.0068
2 28 0.25
4 28 0.54
8 28 0.36
28 9 0.38
10 28 0.4
11 28 0.19
12 28 0.23
13 28 0.43
28 14 0.22
15 28 0.08
28 16 0.23
18 28 0.31
19 28 0.22
22 28 0.2
28 23 0.19
25 28 0.18
26 28 0.15
28 27 0.13
28 37 0.0015
1 29 0.04
2 29 0.16
4 29 0.37
29 5 0.03
7 29 0.04
8 29 0.2
29 9 0.16
29 10 0.39
11 29 0.45
12 29 0.55
13 29 0.6
29 14 0.19
15 29 0.1
29 16 0.1
29 18 0.2
19 29 0.56
29 21 0.07
29 22 0.13
29 23 0.08
25 29 0.57
29 26 0.34
29 27 0.05
29 28 0.31
29 37 4.0E-4
1 30 0.08
2 30 0.3
30 4 0.73
30 5 0.16
6 30 0.08
7 30 0.22
8 30 0.46
30 9 0.16
30 10 0.55
11 30 0.45
12 30 0.51
30 13 0.71
30 14 0.28
15 30 0.1
30 16 0.29
30 17 0.08
30 18 0.26
19 30 0.19
30 20 0.16
30 21 0.13
30 22 0.17
30 23 0.16
25 30 0.47
30 26 0.33
30 27 0.22
30 28 0.43
30 29 0.51
30 37 0.0013
1 31 0.13
2 31 0.11
4 31 0.1
5 31 0.1
7 31 0.23
8 31 0.14
31 9 0.5
11 31 0.15
12 31 0.15
13 31 0.23
31 14 0.29
16 31 0.15
18 31 0.2
19 31 0.07
23 31 0.25
25 31 0.18
26 31 0.2
27 31 0.17
28 31 0.19
29 31 0.16
30 31 0.16
31 37 0.0022
2 32 0.11
4 32 0.2
8 32 0.14
32 9 1.0
11 32 0.07
12 32 0.1
13 32 0.23
32 14 0.58
16 32 0.3
18 32 0.41
19 32 0.15
23 32 0.5
25 32 0.12
26 32 0.41
27 32 0.33
28 32 0.38
29 32 0.16
30 32 0.16
31 32 0.5
37 32 0.0075
1 33 0.18
5 33 0.28
7 33 0.16
10 33 0.15
11 33 0.1
16 33 0.21
33 17 0.35
18 33 0.29
33 20 0.71
25 33 0.08
27 33 0.24
30 33 0.11
37 33 0.0032
1 34 0.25
5 34 0.2
7 34 0.23
11 34 0.07
37 34 0.0035
2 35 0.11
35 4 0.1
6 35 0.26
35 7 0.23
35 8 0.27
35 9 0.5
11 35 0.15
12 35 0.1
35 13 0.11
35 14 0.29
35 16 0.15
35 18 0.2
19 35 0.07
35 23 0.25
25 35 0.12
35 26 0.2
35 27 0.17
35 28 0.19
35 29 0.08
35 30 0.08
35 31 0.25
35 32 0.5
35 37 0.0022
2 36 0.11
4 36 0.2
8 36 0.14
36 9 1.0
11 36 0.07
12 36 0.1
13 36 0.23
36 14 0.58
16 36 0.3
18 36 0.41
19 36 0.15
23 36 0.5
25 36 0.12
26 36 0.41
27 36 0.33
28 36 0.38
29 36 0.16
30 36 0.16
31 36 0.5
36 32 1.0
35 36 0.5
37 36 0.0075
