*Vertices  18
1 "显示器"
2 "传感器"
3 "单片机"
4 "刻度板"
5 "激光射线"
6 "变压器"
7 "LED"
8 "转换器"
9 "电动机"
10 "发电机"
11 "放大器"
12 "燃气涡轮"
13 "芯片"
14 "存储器"
15 "电阻"
16 "激光"
17 "检测仪"
18 "检测板"
*Arcs
1 18 0.0029
1 2 0.25
2 18 0.0082
1 3 0.52
3 2 0.28
3 18 0.0026
2 4 0.2
18 4 0.0375
2 5 0.2
5 4 1.0
18 5 0.0375
1 6 0.11
6 2 0.04
3 6 0.05
6 18 0.0018
7 1 0.29
7 2 0.37
7 3 0.32
7 4 0.07
7 5 0.07
7 6 0.34
7 18 0.0016
1 8 0.15
8 2 0.3
3 8 0.14
6 8 0.06
7 8 0.24
8 18 0.0035
1 9 0.14
2 9 0.23
3 9 0.26
9 4 0.58
9 5 0.58
7 9 0.13
18 9 0.0187
1 10 0.13
2 10 0.1
3 10 0.11
6 10 0.21
7 10 0.15
8 10 0.15
18 10 0.0080
1 11 0.2
11 2 0.08
3 11 0.28
6 11 0.26
7 11 0.18
11 8 0.25
11 10 0.2
11 18 0.0062
1 12 0.25
2 12 0.2
3 12 0.23
6 12 0.21
7 12 0.07
8 12 0.3
10 12 0.5
11 12 0.41
18 12 0.0229
1 13 0.27
13 2 0.17
13 3 0.33
13 6 0.18
7 13 0.62
13 8 0.25
13 9 0.14
13 10 0.06
13 11 0.29
13 12 0.12
13 18 9.0E-4
1 14 0.25
14 2 0.33
3 14 0.15
6 14 0.07
7 14 0.22
8 14 0.4
14 10 0.17
11 14 0.27
14 12 0.33
13 14 0.16
14 18 0.0046
1 15 0.08
15 2 0.16
3 15 0.22
15 6 0.55
7 15 0.45
15 8 0.29
15 10 0.08
15 11 0.26
15 12 0.16
13 15 0.47
15 14 0.22
15 18 0.0012
16 1 0.2
16 2 0.16
16 3 0.06
16 4 0.27
16 5 0.27
16 6 0.06
16 7 0.28
16 8 0.08
16 9 0.31
16 13 0.26
16 15 0.17
16 18 0.0047
1 17 0.25
2 17 0.3
3 17 0.23
6 17 0.11
7 17 0.15
8 17 0.3
17 10 0.25
11 17 0.41
17 12 0.5
13 17 0.12
14 17 0.5
15 17 0.16
17 18 0.0088
