*Vertices  23
1 "LED灯"
2 "电容"
3 "开关"
4 "LED"
5 "二极管"
6 "三极管"
7 "接收管"
8 "转换器"
9 "放大器"
10 "半导体"
11 "充电电池"
12 "芯片"
13 "充电器"
14 "存储器"
15 "电感"
16 "电极"
17 "电阻"
18 "脉冲信号"
19 "超声波"
20 "检测仪"
21 "扬声器"
22 "提示仪"
23 "模数转换集成块"
*Arcs
1 23 7.0E-4
1 2 0.29
2 23 0.0022
1 3 0.37
3 2 0.42
3 23 0.0014
4 1 0.67
4 2 0.36
4 3 0.54
4 23 6.0E-4
5 1 0.32
5 2 0.39
5 3 0.46
5 4 0.72
5 23 8.0E-4
1 6 0.2
6 2 0.61
3 6 0.37
4 6 0.32
5 6 0.42
6 23 0.0031
1 7 0.13
2 7 0.24
3 7 0.24
4 7 0.13
5 7 0.18
6 7 0.4
7 23 0.0121
1 8 0.1
2 8 0.25
3 8 0.25
4 8 0.24
5 8 0.21
6 8 0.14
8 7 0.17
8 23 0.0038
1 9 0.09
2 9 0.33
3 9 0.11
4 9 0.18
5 9 0.17
6 9 0.28
9 7 0.24
9 8 0.25
9 23 0.0066
10 1 0.29
10 2 0.15
10 3 0.14
10 4 0.5
10 5 0.55
10 6 0.1
10 7 0.09
10 8 0.13
10 9 0.12
10 23 0.0010
1 11 0.11
2 11 0.2
3 11 0.2
4 11 0.15
5 11 0.1
6 11 0.23
11 7 0.29
8 11 0.15
9 11 0.2
10 11 0.07
11 23 0.0091
1 12 0.3
12 2 0.37
12 3 0.28
4 12 0.62
5 12 0.58
12 6 0.33
12 7 0.21
12 8 0.25
12 9 0.29
10 12 0.6
12 11 0.12
12 23 0.0011
1 13 0.04
2 13 0.17
3 13 0.06
4 13 0.18
5 13 0.21
6 13 0.47
13 7 0.24
13 8 0.12
13 9 0.17
10 13 0.06
13 11 0.41
12 13 0.1
13 23 0.0064
1 14 0.04
2 14 0.07
3 14 0.23
4 14 0.22
5 14 0.17
6 14 0.15
14 7 0.38
8 14 0.4
9 14 0.27
10 14 0.1
14 11 0.17
12 14 0.16
13 14 0.14
14 23 0.0047
1 15 0.25
2 15 0.54
3 15 0.36
4 15 0.19
5 15 0.23
6 15 0.43
15 7 0.22
15 8 0.23
9 15 0.31
10 15 0.22
15 11 0.19
12 15 0.18
13 15 0.15
15 14 0.13
15 23 0.0057
1 16 0.16
2 16 0.37
3 16 0.2
4 16 0.45
5 16 0.55
6 16 0.6
16 7 0.19
16 8 0.1
16 9 0.2
10 16 0.56
16 11 0.08
12 16 0.57
16 13 0.34
16 14 0.05
16 15 0.31
16 23 0.0015
1 17 0.3
17 2 0.73
3 17 0.46
4 17 0.45
5 17 0.51
17 6 0.71
17 7 0.28
17 8 0.29
17 9 0.26
10 17 0.19
17 11 0.16
12 17 0.47
17 13 0.33
17 14 0.22
17 15 0.43
17 16 0.51
17 23 0.0018
1 18 0.11
2 18 0.1
3 18 0.14
4 18 0.15
5 18 0.15
6 18 0.23
18 7 0.29
8 18 0.15
9 18 0.2
10 18 0.07
11 18 0.25
12 18 0.18
13 18 0.2
14 18 0.17
15 18 0.19
16 18 0.16
17 18 0.16
18 23 0.0088
1 19 0.11
2 19 0.2
3 19 0.14
4 19 0.07
5 19 0.1
6 19 0.23
19 7 0.58
8 19 0.3
9 19 0.41
10 19 0.15
11 19 0.5
12 19 0.12
13 19 0.41
14 19 0.33
15 19 0.38
16 19 0.16
17 19 0.16
18 19 0.5
19 23 0.0305
1 20 0.05
2 20 0.1
3 20 0.07
4 20 0.15
5 20 0.05
6 20 0.11
20 7 0.29
8 20 0.3
9 20 0.41
10 20 0.15
11 20 0.25
12 20 0.12
13 20 0.2
14 20 0.5
15 20 0.19
16 20 0.08
17 20 0.16
18 20 0.25
20 19 0.5
20 23 0.0093
1 21 0.11
21 2 0.1
21 3 0.27
4 21 0.15
5 21 0.1
21 6 0.11
21 7 0.29
21 8 0.15
21 9 0.2
10 21 0.07
21 11 0.25
12 21 0.12
21 13 0.2
21 14 0.17
21 15 0.19
21 16 0.08
21 17 0.08
21 18 0.25
21 19 0.5
21 20 0.25
21 23 0.0086
1 22 0.11
2 22 0.2
3 22 0.14
4 22 0.07
5 22 0.1
6 22 0.23
22 7 0.58
8 22 0.3
9 22 0.41
10 22 0.15
11 22 0.5
12 22 0.12
13 22 0.41
14 22 0.33
15 22 0.38
16 22 0.16
17 22 0.16
18 22 0.5
22 19 1.0
20 22 0.5
21 22 0.5
22 23 0.0305
