*Vertices  15
1 "控制器"
2 "处理器"
3 "开关"
4 "EP"
5 "LED"
6 "转换器"
7 "晶体振荡器"
8 "IP软核"
9 "存储器"
10 "Li"
11 "灰度"
12 "边缘检测"
13 "VGA"
14 "DMA"
15 "模糊增强算法"
*Arcs
15 1 0.0036
2 1 0.44
2 15 0.0042
3 1 0.23
2 3 0.21
3 15 0.0014
4 1 0.06
2 4 0.14
4 3 0.11
4 15 0.0043
5 1 0.3
5 2 0.28
5 3 0.54
5 4 0.28
5 15 5.0E-4
6 1 0.22
2 6 0.16
3 6 0.25
4 6 0.08
5 6 0.24
6 15 0.0056
7 1 0.14
2 7 0.15
3 7 0.24
4 7 0.15
5 7 0.13
7 6 0.35
7 15 0.0184
8 1 0.24
2 8 0.26
3 8 0.14
4 8 0.27
5 8 0.07
6 8 0.3
7 8 0.58
8 15 0.0475
9 1 0.16
2 9 0.34
3 9 0.23
4 9 0.09
5 9 0.22
6 9 0.4
7 9 0.19
9 8 0.33
9 15 0.0064
10 1 0.06
2 10 0.06
10 3 0.13
10 4 0.25
5 10 0.31
10 6 0.21
10 7 0.27
10 8 0.24
10 9 0.08
10 15 0.0035
11 1 0.24
2 11 0.26
3 11 0.14
4 11 0.27
5 11 0.07
6 11 0.3
7 11 0.58
11 8 1.0
11 9 0.33
10 11 0.24
11 15 0.0475
12 1 0.24
2 12 0.26
3 12 0.14
4 12 0.27
5 12 0.07
6 12 0.3
7 12 0.58
12 8 1.0
12 9 0.33
10 12 0.24
12 11 1.0
12 15 0.0475
13 1 0.24
2 13 0.26
3 13 0.14
4 13 0.27
5 13 0.07
6 13 0.3
7 13 0.58
13 8 1.0
13 9 0.33
10 13 0.24
13 11 1.0
13 12 1.0
13 15 0.0475
14 1 0.28
2 14 0.3
3 14 0.08
4 14 0.31
5 14 0.13
6 14 0.17
7 14 0.33
14 8 0.58
14 9 0.19
10 14 0.14
14 11 0.58
14 12 0.58
14 13 0.58
14 15 0.0187
