*Vertices  19
1 "显示器"
2 "LED灯"
3 "光膜"
4 "处理器"
5 "荧光粉"
6 "发光荧光材料"
7 "LED"
8 "二极管"
9 "玻璃"
10 "LED光源"
11 "塑料"
12 "铝基板"
13 "发光体"
14 "半导体"
15 "电路板"
16 "激光"
17 "射灯"
18 "透镜"
19 "洗墙灯"
*Arcs
19 1 0.0045
2 1 0.08
19 2 0.0016
3 1 0.29
3 2 0.13
19 3 0.0201
4 1 0.26
4 2 0.14
4 3 0.15
19 4 0.0043
5 1 0.14
5 2 0.13
5 3 0.33
5 4 0.07
19 5 0.0063
6 1 0.13
6 2 0.21
6 3 0.31
6 4 0.07
6 5 0.54
19 6 0.0055
7 1 0.29
7 2 0.67
7 3 0.13
7 4 0.28
7 5 0.25
7 6 0.28
19 7 0.0011
8 1 0.15
8 2 0.32
8 3 0.12
8 4 0.08
8 5 0.23
8 6 0.33
8 7 0.72
19 8 0.0014
9 1 0.19
9 2 0.27
9 3 0.11
9 4 0.15
9 5 0.11
9 6 0.1
9 7 0.38
9 8 0.27
19 9 0.0029
10 1 0.15
10 2 0.36
10 3 0.12
10 4 0.11
10 5 0.24
10 6 0.16
10 7 0.36
10 8 0.29
10 9 0.24
19 10 0.0032
11 1 0.17
11 2 0.28
11 3 0.26
11 4 0.12
11 5 0.2
11 6 0.18
11 7 0.32
11 8 0.28
11 9 0.35
11 10 0.14
19 11 0.0044
12 1 0.08
12 2 0.3
12 3 0.17
12 4 0.08
12 5 0.17
12 6 0.08
12 7 0.24
12 8 0.24
12 9 0.12
12 10 0.18
12 11 0.35
19 12 0.0062
13 1 0.09
13 2 0.21
13 3 0.22
13 4 0.1
13 5 0.22
13 6 0.2
13 7 0.19
13 8 0.23
13 9 0.15
13 10 0.23
13 11 0.09
13 12 0.11
19 13 0.0092
14 1 0.11
14 2 0.29
14 3 0.09
14 4 0.08
14 5 0.34
14 6 0.43
14 7 0.5
14 8 0.55
14 9 0.23
14 10 0.3
14 11 0.24
14 12 0.27
14 13 0.11
19 14 0.0023
15 1 0.26
15 2 0.4
15 3 0.24
15 4 0.11
15 5 0.12
15 6 0.16
15 7 0.36
15 8 0.17
15 9 0.39
15 10 0.17
15 11 0.19
15 12 0.06
15 13 0.23
15 14 0.15
19 15 0.0033
16 1 0.2
16 2 0.12
16 3 0.31
16 4 0.14
16 5 0.23
16 6 0.21
16 7 0.28
16 8 0.24
16 9 0.21
16 10 0.16
16 11 0.18
16 12 0.08
16 13 0.1
16 14 0.39
16 15 0.11
19 16 0.0053
17 1 0.1
17 2 0.27
17 3 0.24
17 4 0.11
17 5 0.12
17 6 0.11
17 7 0.18
17 8 0.21
17 9 0.16
17 10 0.17
17 11 0.28
17 12 0.37
17 13 0.31
17 14 0.24
17 15 0.17
17 16 0.11
17 19 0.0108
18 1 0.13
18 2 0.25
18 3 0.29
18 4 0.06
18 5 0.29
18 6 0.33
18 7 0.29
18 8 0.28
18 9 0.14
18 10 0.26
18 11 0.23
18 12 0.23
18 13 0.09
18 14 0.26
18 15 0.15
18 16 0.27
18 17 0.1
18 19 0.0047
