*Vertices  16
1 "衬底"
2 "发光荧光材料"
3 "保护层"
4 "外延"
5 "LED"
6 "二极管"
7 "半导体"
8 "Al2O3"
9 "ITO"
10 "金属层"
11 "电极"
12 "激光"
13 "粘附层"
14 "透明导电层"
15 "反射层"
16 "活性层"
*Arcs
1 16 0.0054
2 1 0.18
2 16 0.0059
1 3 0.23
2 3 0.13
3 16 0.018
4 1 0.95
2 4 0.25
4 3 0.23
4 16 0.0056
5 1 0.32
5 2 0.28
5 3 0.15
5 4 0.32
5 16 7.0E-4
6 1 0.37
6 2 0.33
6 3 0.1
6 4 0.37
6 5 0.72
6 16 0.0012
7 1 0.64
7 2 0.43
7 3 0.15
7 4 0.64
7 5 0.5
7 6 0.55
7 16 0.0026
8 1 0.72
2 8 0.45
8 3 0.24
8 4 0.78
5 8 0.3
6 8 0.34
7 8 0.57
8 16 0.0058
1 9 0.66
2 9 0.23
9 3 0.29
4 9 0.73
5 9 0.25
6 9 0.26
7 9 0.47
8 9 0.7
9 16 0.0079
1 10 0.41
2 10 0.24
3 10 0.22
4 10 0.51
5 10 0.16
6 10 0.23
7 10 0.33
8 10 0.43
9 10 0.65
10 16 0.0159
11 1 0.72
2 11 0.22
11 3 0.16
11 4 0.72
5 11 0.45
6 11 0.55
7 11 0.56
8 11 0.56
11 9 0.57
11 10 0.37
11 16 0.0029
12 1 0.37
12 2 0.21
12 3 0.27
12 4 0.43
12 5 0.28
12 6 0.24
12 7 0.39
12 8 0.45
12 9 0.46
12 10 0.48
12 11 0.31
12 16 0.0064
1 13 0.23
2 13 0.27
3 13 0.5
4 13 0.23
5 13 0.07
6 13 0.1
7 13 0.15
8 13 0.24
9 13 0.29
10 13 0.45
11 13 0.16
12 13 0.27
13 16 0.0552
1 14 0.23
2 14 0.27
3 14 0.5
4 14 0.23
5 14 0.07
6 14 0.1
7 14 0.15
8 14 0.24
9 14 0.29
10 14 0.45
11 14 0.16
12 14 0.27
14 13 1.0
14 16 0.0552
1 15 0.52
2 15 0.3
3 15 0.19
4 15 0.52
5 15 0.19
6 15 0.19
7 15 0.33
8 15 0.37
9 15 0.33
15 10 0.34
11 15 0.37
12 15 0.2
15 13 0.38
15 14 0.38
15 16 0.0114
