*Vertices  26
1 "LED灯"
2 "发生器"
3 "荧光粉"
4 "发光荧光材料"
5 "保护层"
6 "变压器"
7 "EP"
8 "LED"
9 "二极管"
10 "玻璃"
11 "LED光源"
12 "发光体"
13 "防音壁"
14 "SiO2"
15 "半导体"
16 "电路板"
17 "Al2O3"
18 "芯片"
19 "光触媒"
20 "酸盐"
21 "硝酸"
22 "Eu2"
23 "离子"
24 "臭氧"
25 "发光管"
26 "涂层"
*Arcs
1 26 0.0024
1 2 0.22
26 2 0.0051
3 1 0.13
3 26 0.0019
4 1 0.21
4 2 0.13
4 3 0.54
4 26 0.0020
1 5 0.11
3 5 0.14
4 5 0.13
26 5 0.0096
1 6 0.26
6 2 0.11
3 6 0.06
6 5 0.11
26 6 0.0010
1 7 0.12
3 7 0.39
4 7 0.29
7 5 0.13
7 6 0.11
7 26 0.0016
8 1 0.67
8 2 0.15
8 3 0.25
8 4 0.28
8 5 0.15
8 6 0.34
8 7 0.28
8 26 0.0031
9 1 0.32
9 2 0.05
9 3 0.23
9 4 0.33
9 5 0.1
9 6 0.39
9 7 0.22
9 8 0.72
9 26 0.0011
10 1 0.27
10 2 0.19
10 3 0.11
10 4 0.1
10 6 0.08
10 7 0.21
10 8 0.38
10 9 0.27
10 26 0.0013
11 1 0.36
11 3 0.24
11 4 0.16
11 6 0.09
11 7 0.22
11 8 0.36
11 9 0.29
11 10 0.24
11 26 0.0010
12 1 0.21
12 3 0.22
12 4 0.2
12 7 0.1
12 8 0.19
12 9 0.23
12 10 0.15
12 11 0.23
12 26 0.0022
1 13 0.11
5 13 0.5
8 13 0.07
26 13 0.0159
1 14 0.12
3 14 0.32
4 14 0.52
14 5 0.14
14 6 0.06
14 7 0.3
8 14 0.27
9 14 0.31
10 14 0.16
11 14 0.11
12 14 0.1
14 26 0.0018
15 1 0.29
15 3 0.34
15 4 0.43
15 5 0.15
15 6 0.19
15 7 0.28
15 8 0.5
15 9 0.55
15 10 0.23
15 11 0.3
15 12 0.11
15 14 0.41
15 26 7.0E-4
16 1 0.4
16 2 0.1
16 3 0.12
16 4 0.16
16 6 0.04
16 7 0.05
16 8 0.36
16 9 0.17
16 10 0.39
16 11 0.17
16 12 0.23
16 14 0.06
16 15 0.15
16 26 0.0012
1 17 0.08
3 17 0.35
4 17 0.45
17 5 0.24
17 6 0.05
7 17 0.06
8 17 0.3
9 17 0.34
10 17 0.09
11 17 0.1
14 17 0.54
15 17 0.57
26 17 0.0012
1 18 0.3
18 2 0.06
3 18 0.35
4 18 0.35
18 5 0.12
18 6 0.18
18 7 0.35
8 18 0.62
9 18 0.58
10 18 0.21
11 18 0.22
12 18 0.09
18 14 0.4
15 18 0.6
16 18 0.22
18 17 0.46
18 26 6.0E-4
1 19 0.25
2 19 0.45
5 19 0.22
6 19 0.1
8 19 0.16
10 19 0.17
11 19 0.09
19 13 0.45
16 19 0.27
26 19 0.0211
1 20 0.11
3 20 0.48
4 20 0.53
20 6 0.07
20 7 0.45
8 20 0.22
9 20 0.24
10 20 0.19
11 20 0.2
20 14 0.37
15 20 0.29
16 20 0.14
20 17 0.24
20 18 0.36
20 26 0.0026
1 21 0.06
3 21 0.33
4 21 0.46
21 7 0.46
8 21 0.13
9 21 0.12
10 21 0.11
11 21 0.12
21 14 0.32
15 21 0.17
21 17 0.14
21 18 0.21
21 20 0.58
21 26 0.0056
1 22 0.05
3 22 0.43
4 22 0.53
22 7 0.53
8 22 0.15
9 22 0.15
10 22 0.1
11 22 0.1
12 22 0.19
22 14 0.42
15 22 0.22
22 17 0.12
22 18 0.24
22 20 0.5
22 21 0.87
22 26 0.0047
1 23 0.13
23 2 0.34
3 23 0.13
4 23 0.18
23 6 0.1
23 7 0.49
8 23 0.32
9 23 0.26
10 23 0.35
11 23 0.19
12 23 0.09
23 14 0.32
15 23 0.34
16 23 0.14
23 17 0.11
23 18 0.33
23 19 0.31
23 20 0.38
23 21 0.26
23 22 0.34
23 26 0.0021
1 24 0.22
24 2 0.61
3 24 0.24
4 24 0.22
6 24 0.09
8 24 0.18
9 24 0.04
10 24 0.24
11 24 0.08
14 24 0.11
15 24 0.06
16 24 0.17
17 24 0.1
18 24 0.1
24 19 0.37
20 24 0.27
23 24 0.28
26 24 0.0042
1 25 0.26
25 2 0.17
6 25 0.21
8 25 0.22
9 25 0.17
10 25 0.06
12 25 0.13
15 25 0.15
16 25 0.07
18 25 0.04
25 19 0.15
23 25 0.08
24 25 0.14
26 25 0.0022
