*Vertices  34
1 "LCD显示屏"
2 "显示器"
3 "传感器"
4 "控制器"
5 "处理器"
6 "单片机"
7 "开关"
8 "显示技术"
9 "定时器"
10 "LED"
11 "二极管"
12 "稳压二极管"
13 "三极管"
14 "接收管"
15 "LED光源"
16 "转换器"
17 "滤光片"
18 "加热片"
19 "电路板"
20 "SMT"
21 "ITO"
22 "GPIO"
23 "摄像机"
24 "锂电池"
25 "FPC连接器"
26 "FFC连接器"
27 "芯片"
28 "存储器"
29 "电极"
30 "电阻"
31 "读取器"
32 "信息卡"
33 "蜂鸣器"
34 "液晶显示模块"
*Arcs
1 34 0.0131
2 1 0.33
2 34 0.0050
1 3 0.13
2 3 0.25
3 34 6.0E-4
1 4 0.24
2 4 0.24
4 3 0.19
4 34 0.0051
5 1 0.09
5 2 0.26
5 3 0.36
5 4 0.44
5 34 9.0E-4
6 1 0.08
2 6 0.52
6 3 0.28
6 4 0.17
5 6 0.24
6 34 5.0E-4
7 1 0.14
2 7 0.07
7 3 0.19
7 4 0.23
5 7 0.21
7 6 0.19
7 34 8.0E-4
1 8 0.24
2 8 0.35
3 8 0.14
4 8 0.34
5 8 0.18
6 8 0.16
34 8 0.0039
1 9 0.19
3 9 0.12
4 9 0.28
5 9 0.15
7 9 0.24
9 34 0.0021
10 1 0.22
10 2 0.29
10 3 0.37
10 4 0.3
10 5 0.28
10 6 0.32
10 7 0.54
10 8 0.1
10 9 0.13
10 34 0.0013
11 1 0.14
11 2 0.15
11 3 0.2
11 4 0.15
11 5 0.08
11 6 0.16
11 7 0.46
11 9 0.12
11 10 0.72
11 34 5.0E-4
1 12 0.13
3 12 0.08
4 12 0.18
5 12 0.1
7 12 0.21
12 9 0.22
10 12 0.19
11 12 0.27
12 34 0.0010
13 1 0.08
2 13 0.06
13 3 0.05
13 4 0.11
6 13 0.16
7 13 0.37
10 13 0.32
11 13 0.42
13 12 0.26
13 34 5.0E-4
1 14 0.19
2 14 0.14
3 14 0.12
6 14 0.13
7 14 0.24
10 14 0.13
11 14 0.18
13 14 0.4
14 34 0.0018
15 1 0.07
15 2 0.15
15 3 0.04
15 5 0.11
15 6 0.09
15 7 0.06
15 10 0.36
15 11 0.29
15 12 0.08
15 13 0.09
15 14 0.12
15 34 3.0E-4
16 1 0.2
2 16 0.15
16 3 0.3
16 4 0.22
5 16 0.16
6 16 0.14
7 16 0.25
16 9 0.17
10 16 0.24
11 16 0.21
16 12 0.11
13 16 0.14
16 14 0.17
16 34 8.0E-4
1 17 0.15
2 17 0.11
17 3 0.09
6 17 0.1
7 17 0.06
10 17 0.16
11 17 0.23
13 17 0.1
17 14 0.26
15 17 0.27
16 17 0.13
17 34 0.0011
1 18 0.33
2 18 0.25
4 18 0.24
10 18 0.07
34 18 0.0071
19 1 0.2
19 2 0.26
19 3 0.08
19 4 0.1
19 5 0.11
19 6 0.14
19 7 0.14
19 8 0.14
19 10 0.36
19 11 0.17
19 13 0.19
19 14 0.24
19 15 0.17
19 17 0.09
19 34 0.0014
1 20 0.47
2 20 0.35
4 20 0.34
20 8 0.5
10 20 0.1
20 18 0.71
19 20 0.14
34 20 0.0146
21 1 0.19
2 21 0.07
21 4 0.07
10 21 0.25
11 21 0.26
15 21 0.12
21 17 0.26
21 18 0.29
21 20 0.2
21 34 9.0E-4
22 1 0.19
2 22 0.14
5 22 0.15
6 22 0.13
7 22 0.24
10 22 0.13
11 22 0.06
13 22 0.13
22 14 0.33
15 22 0.12
22 17 0.26
19 22 0.12
22 34 0.0018
1 23 0.38
2 23 0.14
3 23 0.12
6 23 0.13
7 23 0.08
10 23 0.13
11 23 0.12
13 23 0.13
14 23 0.33
15 23 0.12
17 23 0.26
19 23 0.12
22 23 0.33
23 34 0.0017
24 1 0.15
24 3 0.18
24 4 0.22
5 24 0.23
6 24 0.1
7 24 0.12
24 9 0.26
10 24 0.16
11 24 0.18
24 12 0.17
24 13 0.31
24 16 0.13
19 24 0.18
24 34 0.0015
1 25 0.33
2 25 0.25
4 25 0.24
10 25 0.07
25 18 1.0
25 20 0.71
21 25 0.29
34 25 0.0071
1 26 0.33
2 26 0.25
4 26 0.24
26 8 0.71
10 26 0.07
19 26 0.2
26 20 0.71
34 26 0.0056
27 1 0.24
2 27 0.27
27 3 0.17
27 4 0.23
5 27 0.12
27 6 0.33
27 7 0.28
27 8 0.17
27 9 0.07
10 27 0.62
11 27 0.58
27 12 0.14
27 13 0.33
27 14 0.21
15 27 0.22
27 16 0.25
27 17 0.16
27 18 0.12
19 27 0.22
27 20 0.17
27 21 0.38
27 22 0.14
27 23 0.07
27 24 0.21
27 25 0.12
27 26 0.12
27 34 0.0024
1 28 0.22
2 28 0.25
28 3 0.33
28 4 0.16
5 28 0.34
6 28 0.15
7 28 0.23
28 9 0.19
10 28 0.22
11 28 0.17
28 12 0.13
13 28 0.15
28 14 0.38
15 28 0.14
16 28 0.4
28 17 0.15
19 28 0.07
22 28 0.19
28 23 0.38
24 28 0.15
27 28 0.16
28 34 0.0030
29 1 0.11
2 29 0.04
29 3 0.03
29 4 0.12
6 29 0.04
7 29 0.2
10 29 0.45
11 29 0.55
29 12 0.19
13 29 0.6
29 14 0.19
15 29 0.1
29 16 0.1
29 17 0.15
29 18 0.16
19 29 0.03
29 20 0.12
29 21 0.57
24 29 0.15
29 25 0.16
27 29 0.57
29 28 0.05
29 34 4.0E-4
30 1 0.16
2 30 0.08
30 3 0.16
30 4 0.16
5 30 0.08
6 30 0.22
7 30 0.46
30 9 0.09
10 30 0.45
11 30 0.51
30 12 0.43
30 13 0.71
30 14 0.28
15 30 0.1
30 16 0.29
30 17 0.15
19 30 0.17
30 21 0.14
30 22 0.28
30 23 0.09
30 24 0.29
27 30 0.47
30 28 0.22
30 29 0.51
30 34 0.0010
1 31 0.33
3 31 0.2
4 31 0.24
5 31 0.26
7 31 0.14
9 31 0.58
10 31 0.07
11 31 0.1
12 31 0.38
16 31 0.3
24 31 0.45
27 31 0.12
28 31 0.33
30 31 0.16
34 31 0.0050
1 32 0.24
3 32 0.14
4 32 0.17
5 32 0.18
7 32 0.1
9 32 0.41
10 32 0.1
11 32 0.14
12 32 0.27
16 32 0.21
24 32 0.32
27 32 0.08
28 32 0.24
30 32 0.11
32 31 0.71
34 32 0.0030
1 33 0.19
2 33 0.14
3 33 0.12
4 33 0.14
5 33 0.3
6 33 0.13
7 33 0.16
10 33 0.13
11 33 0.12
13 33 0.13
33 14 0.33
15 33 0.12
17 33 0.26
19 33 0.24
22 33 0.67
33 23 0.33
24 33 0.26
27 33 0.14
28 33 0.19
30 33 0.19
33 34 0.0020
