*Vertices  33
1 "衬底"
2 "LED灯"
3 "整流器"
4 "GAN"
5 "次氯酸钠溶液"
6 "保护层"
7 "变压器"
8 "LED外延片"
9 "外延片"
10 "外延"
11 "LED"
12 "二极管"
13 "掩膜"
14 "腐蚀液"
15 "光刻胶"
16 "SiO2"
17 "半导体"
18 "Al2O3"
19 "GaAs"
20 "MQW"
21 "ITO"
22 "键合"
23 "LED芯片"
24 "芯片"
25 "电流扩展层"
26 "离子"
27 "电极"
28 "接触层"
29 "电阻"
30 "激光"
31 "真空吸盘"
32 "发光层"
33 "湿法腐蚀"
*Arcs
1 33 0.0043
2 1 0.03
2 33 2.0E-4
3 1 0.07
2 3 0.22
3 33 0.0010
4 1 0.65
2 4 0.04
3 4 0.1
4 33 0.0021
1 5 0.32
33 5 0.0064
1 6 0.23
2 6 0.11
3 6 0.14
4 6 0.18
6 33 0.0027
7 1 0.05
2 7 0.26
7 3 0.68
7 4 0.08
7 6 0.11
7 33 6.0E-4
8 1 0.65
2 8 0.04
3 8 0.1
8 4 0.75
8 6 0.18
7 8 0.08
8 33 0.0021
9 1 0.83
2 9 0.03
3 9 0.08
9 4 0.78
9 5 0.2
9 6 0.14
7 9 0.06
9 8 0.78
9 33 0.0020
10 1 0.95
2 10 0.05
3 10 0.07
10 4 0.65
10 5 0.32
10 6 0.23
7 10 0.05
10 8 0.65
10 9 0.83
10 33 0.0043
11 1 0.32
11 2 0.67
11 3 0.25
11 4 0.21
11 5 0.1
11 6 0.15
11 7 0.34
11 8 0.21
11 9 0.27
11 10 0.32
11 33 6.0E-4
12 1 0.37
12 2 0.32
12 3 0.35
12 4 0.25
12 5 0.14
12 6 0.1
12 7 0.39
12 8 0.22
12 9 0.31
12 10 0.37
12 11 0.72
12 33 0.0010
1 13 0.23
2 13 0.11
3 13 0.29
4 13 0.35
6 13 0.5
7 13 0.21
8 13 0.35
9 13 0.28
10 13 0.23
11 13 0.07
12 13 0.1
33 13 0.0088
1 14 0.56
2 14 0.04
3 14 0.12
4 14 0.14
14 5 0.58
6 14 0.2
7 14 0.09
8 14 0.29
9 14 0.34
10 14 0.47
11 14 0.18
12 14 0.25
14 13 0.41
14 33 0.0091
1 15 0.46
2 15 0.05
3 15 0.14
4 15 0.18
15 5 0.35
6 15 0.25
7 15 0.11
8 15 0.35
9 15 0.42
10 15 0.46
11 15 0.15
12 15 0.2
15 13 0.5
14 15 0.82
15 33 0.0037
16 1 0.38
2 16 0.12
16 3 0.08
16 4 0.29
16 6 0.14
16 7 0.06
16 8 0.2
16 9 0.38
16 10 0.38
11 16 0.27
12 16 0.31
16 13 0.28
16 14 0.34
16 15 0.28
16 33 0.0014
17 1 0.64
17 2 0.29
17 3 0.17
17 4 0.42
17 5 0.21
17 6 0.15
17 7 0.19
17 8 0.42
17 9 0.53
17 10 0.64
17 11 0.5
17 12 0.55
17 13 0.15
17 14 0.36
17 15 0.29
17 16 0.41
17 33 0.0021
18 1 0.72
2 18 0.08
18 3 0.07
18 4 0.69
18 6 0.24
18 7 0.05
18 8 0.6
18 9 0.74
18 10 0.78
11 18 0.3
12 18 0.34
18 13 0.24
18 14 0.1
18 15 0.12
16 18 0.54
17 18 0.57
18 33 0.0014
1 19 0.61
2 19 0.04
4 19 0.24
19 5 0.47
9 19 0.37
10 19 0.69
11 19 0.22
12 19 0.27
14 19 0.41
19 15 0.33
16 19 0.37
17 19 0.44
18 19 0.4
19 33 0.0025
20 1 0.64
2 20 0.09
3 20 0.16
20 4 0.78
20 5 0.2
20 6 0.14
7 20 0.12
20 8 0.69
20 9 0.77
20 10 0.7
11 20 0.27
12 20 0.31
20 13 0.28
20 14 0.23
20 15 0.28
16 20 0.31
17 20 0.53
18 20 0.67
20 19 0.37
20 33 0.0019
1 21 0.66
2 21 0.06
3 21 0.08
4 21 0.61
21 6 0.29
7 21 0.06
8 21 0.61
9 21 0.72
10 21 0.73
11 21 0.25
12 21 0.26
21 13 0.29
21 14 0.24
21 15 0.29
16 21 0.4
17 21 0.47
18 21 0.7
21 19 0.29
20 21 0.64
21 33 0.0017
1 22 0.26
2 22 0.04
22 5 0.27
22 6 0.19
9 22 0.1
10 22 0.35
11 22 0.19
12 22 0.19
22 14 0.15
16 22 0.21
17 22 0.28
18 22 0.28
22 19 0.5
20 22 0.1
21 22 0.11
22 33 0.0021
23 1 0.5
2 23 0.19
23 3 0.13
23 4 0.39
23 5 0.15
23 6 0.22
23 7 0.09
23 8 0.54
23 9 0.48
23 10 0.45
11 23 0.34
12 23 0.33
23 13 0.22
23 14 0.36
23 15 0.33
16 23 0.24
17 23 0.51
18 23 0.42
23 19 0.15
23 20 0.54
23 21 0.31
23 22 0.25
23 33 0.0012
24 1 0.49
2 24 0.3
24 3 0.14
24 4 0.34
24 5 0.17
24 6 0.12
24 7 0.18
24 8 0.34
24 9 0.43
24 10 0.49
11 24 0.62
12 24 0.58
24 13 0.12
24 14 0.29
24 15 0.24
24 16 0.4
17 24 0.6
24 18 0.46
24 19 0.36
24 20 0.43
24 21 0.38
24 22 0.27
24 23 0.55
24 33 0.0014
1 25 0.57
2 25 0.08
3 25 0.1
4 25 0.38
25 5 0.5
6 25 0.18
7 25 0.08
8 25 0.13
9 25 0.39
10 25 0.57
11 25 0.21
12 25 0.29
25 13 0.35
25 14 0.58
25 15 0.35
16 25 0.49
17 25 0.42
18 25 0.34
25 19 0.71
20 25 0.49
21 25 0.41
22 25 0.27
23 25 0.23
24 25 0.34
25 33 0.0073
26 1 0.32
2 26 0.13
26 4 0.16
26 5 0.32
26 7 0.1
26 9 0.19
26 10 0.26
11 26 0.32
12 26 0.26
26 14 0.37
26 15 0.23
26 16 0.32
17 26 0.34
26 18 0.11
26 19 0.38
26 20 0.25
26 21 0.13
26 22 0.09
26 23 0.15
26 24 0.33
26 25 0.41
26 33 0.0011
27 1 0.72
2 27 0.16
27 3 0.33
27 4 0.46
27 5 0.23
27 6 0.16
27 7 0.39
27 8 0.46
27 9 0.59
27 10 0.72
11 27 0.45
12 27 0.55
27 13 0.16
27 14 0.4
27 15 0.33
16 27 0.32
17 27 0.56
18 27 0.56
27 19 0.49
27 20 0.55
27 21 0.57
27 22 0.25
23 27 0.39
24 27 0.57
27 25 0.46
26 27 0.23
27 33 0.0025
28 1 0.61
2 28 0.04
3 28 0.11
28 4 0.8
28 6 0.19
7 28 0.08
28 8 0.94
28 9 0.73
28 10 0.61
11 28 0.19
12 28 0.19
28 13 0.38
28 14 0.15
28 15 0.19
16 28 0.1
17 28 0.39
18 28 0.64
28 20 0.73
28 21 0.55
23 28 0.49
24 28 0.32
28 25 0.13
27 28 0.43
28 33 0.0022
29 1 0.11
2 29 0.3
29 3 0.56
29 4 0.17
29 6 0.08
29 7 0.55
29 8 0.11
29 9 0.13
29 10 0.11
11 29 0.45
12 29 0.51
29 13 0.16
29 14 0.07
29 15 0.08
16 29 0.09
17 29 0.19
18 29 0.12
29 19 0.05
29 20 0.18
29 21 0.14
23 29 0.11
24 29 0.47
29 25 0.11
26 29 0.04
29 27 0.51
29 28 0.12
29 33 4.0E-4
30 1 0.37
30 2 0.12
30 3 0.08
30 4 0.38
30 6 0.27
30 7 0.06
30 8 0.19
30 9 0.3
30 10 0.43
30 11 0.28
30 12 0.24
30 13 0.27
30 14 0.11
30 15 0.13
30 16 0.3
30 17 0.39
30 18 0.45
30 19 0.36
30 20 0.37
30 21 0.46
30 22 0.2
30 23 0.12
30 24 0.26
30 25 0.38
30 26 0.12
30 27 0.31
30 28 0.2
30 29 0.17
30 33 0.0012
1 31 0.23
31 5 0.71
10 31 0.23
11 31 0.07
12 31 0.1
14 31 0.41
17 31 0.15
19 31 0.33
22 31 0.38
24 31 0.12
25 31 0.35
26 31 0.23
27 31 0.16
33 31 0.0086
1 32 0.61
4 32 0.13
32 5 0.53
8 32 0.13
9 32 0.42
10 32 0.52
11 32 0.19
12 32 0.27
32 14 0.46
32 15 0.19
16 32 0.21
17 32 0.39
18 32 0.28
32 19 0.5
20 32 0.21
32 21 0.22
32 22 0.29
23 32 0.25
24 32 0.32
32 25 0.53
26 32 0.26
27 32 0.43
28 32 0.14
32 31 0.38
32 33 0.0027
