*Vertices  47
1 "衬底"
2 "滤波片"
3 "光纤"
4 "发光荧光材料"
5 "III-V族半导体材料"
6 "GAN"
7 "PD"
8 "蒸镀方法"
9 "LED外延片"
10 "外延片"
11 "外延"
12 "LED"
13 "二极管"
14 "玻璃"
15 "通道"
16 "LED光源"
17 "腐蚀液"
18 "缓冲层"
19 "滤光片"
20 "光刻胶"
21 "SiO2"
22 "半导体"
23 "Al2O3"
24 "GaAs"
25 "MQW"
26 "ITO"
27 "键合"
28 "光子晶体"
29 "LED芯片"
30 "芯片"
31 "金属层"
32 "电流扩展层"
33 "Li"
34 "离子"
35 "电极"
36 "电阻"
37 "光子晶体谐振腔"
38 "激光"
39 "MOCVD"
40 "干法刻蚀"
41 "屏幕"
42 "透镜"
43 "反射层"
44 "发光层"
45 "激发光"
46 "电流阻挡层"
47 "湿法刻蚀"
*Arcs
1 47 0.0028
1 2 0.32
47 2 0.0045
1 3 0.17
3 2 0.53
47 3 0.0015
4 1 0.18
4 47 3.0E-4
1 5 0.32
5 2 1.0
3 5 0.53
47 5 0.0045
6 1 0.65
6 2 0.5
6 3 0.27
6 5 0.5
6 47 0.0017
1 7 0.21
7 2 0.63
7 3 0.68
7 5 0.63
6 7 0.32
47 7 0.0021
1 8 0.32
4 8 0.38
47 8 0.0010
9 1 0.65
9 6 0.75
9 47 5.0E-4
10 1 0.83
10 2 0.39
10 3 0.21
4 10 0.15
10 5 0.39
10 6 0.78
10 7 0.25
10 8 0.39
10 9 0.78
10 47 0.0034
11 1 0.95
11 2 0.32
11 3 0.17
4 11 0.25
11 5 0.32
11 6 0.65
11 7 0.21
11 8 0.32
11 9 0.65
11 10 0.83
11 47 0.0029
12 1 0.32
12 2 0.1
12 3 0.19
12 4 0.28
12 5 0.1
12 6 0.21
12 7 0.16
12 8 0.1
12 9 0.21
12 10 0.27
12 11 0.32
12 47 4.0E-4
13 1 0.37
13 2 0.14
13 3 0.23
13 4 0.33
13 5 0.14
13 6 0.25
13 7 0.18
13 8 0.14
13 9 0.22
13 10 0.31
13 11 0.37
13 12 0.72
13 47 7.0E-4
14 1 0.13
14 2 0.27
14 3 0.29
14 4 0.1
14 5 0.27
14 6 0.14
14 7 0.34
14 10 0.16
14 11 0.13
14 12 0.38
14 13 0.27
14 47 5.0E-4
15 1 0.2
15 2 0.2
15 3 0.11
15 5 0.2
15 6 0.31
15 7 0.13
15 9 0.2
15 10 0.24
15 11 0.2
12 15 0.25
13 15 0.23
14 15 0.11
15 47 3.0E-4
16 1 0.09
16 2 0.29
16 3 0.15
16 4 0.16
16 5 0.29
16 6 0.14
16 7 0.18
16 10 0.11
16 11 0.09
16 12 0.36
16 13 0.29
16 14 0.24
16 15 0.18
16 47 4.0E-4
1 17 0.56
6 17 0.14
9 17 0.29
10 17 0.34
11 17 0.47
12 17 0.18
13 17 0.25
14 17 0.08
17 47 4.0E-4
18 1 0.65
4 18 0.19
18 6 0.63
18 8 0.5
18 9 0.75
18 10 0.78
18 11 0.65
12 18 0.21
13 18 0.22
18 15 0.2
18 47 6.0E-4
1 19 0.21
19 2 0.63
19 3 0.68
19 5 0.63
6 19 0.32
19 7 0.6
10 19 0.25
11 19 0.21
12 19 0.16
13 19 0.23
14 19 0.26
15 19 0.13
16 19 0.27
47 19 0.0021
1 20 0.46
6 20 0.18
9 20 0.35
10 20 0.42
11 20 0.46
12 20 0.15
13 20 0.2
14 20 0.1
17 20 0.82
47 20 5.0E-4
21 1 0.38
21 2 0.39
21 3 0.21
4 21 0.52
21 5 0.39
21 6 0.29
21 7 0.25
21 8 0.2
21 9 0.2
21 10 0.38
21 11 0.38
12 21 0.27
13 21 0.31
14 21 0.16
21 15 0.08
16 21 0.11
21 17 0.34
21 18 0.1
21 19 0.25
21 20 0.28
21 47 0.0028
22 1 0.64
22 2 0.21
22 3 0.17
22 4 0.43
22 5 0.21
22 6 0.42
22 7 0.2
22 8 0.21
22 9 0.42
22 10 0.53
22 11 0.64
22 12 0.5
22 13 0.55
22 14 0.23
22 15 0.17
22 16 0.3
22 17 0.36
22 18 0.42
22 19 0.13
22 20 0.29
22 21 0.41
22 47 0.0014
23 1 0.72
23 2 0.34
23 3 0.18
4 23 0.45
23 5 0.34
23 6 0.69
23 7 0.22
23 8 0.34
23 9 0.6
23 10 0.74
23 11 0.78
12 23 0.3
13 23 0.34
14 23 0.09
23 15 0.21
16 23 0.1
23 17 0.1
23 18 0.69
23 19 0.22
23 20 0.12
21 23 0.54
22 23 0.57
23 47 0.0020
1 24 0.61
24 2 0.47
24 3 0.25
4 24 0.18
24 5 0.47
6 24 0.24
24 7 0.3
24 8 0.24
10 24 0.37
11 24 0.69
12 24 0.22
13 24 0.27
14 24 0.19
15 24 0.1
16 24 0.14
17 24 0.41
18 24 0.12
24 19 0.3
24 20 0.33
21 24 0.37
22 24 0.44
23 24 0.4
47 24 0.0029
25 1 0.64
25 2 0.39
25 3 0.21
4 25 0.15
25 5 0.39
25 6 0.78
25 7 0.25
25 9 0.69
25 10 0.77
25 11 0.7
12 25 0.27
13 25 0.31
14 25 0.21
25 15 0.24
16 25 0.23
25 17 0.23
25 18 0.59
25 19 0.25
25 20 0.28
21 25 0.31
22 25 0.53
23 25 0.67
25 24 0.37
25 47 0.0014
1 26 0.66
26 2 0.41
26 3 0.22
4 26 0.23
26 5 0.41
6 26 0.61
26 7 0.26
26 8 0.2
9 26 0.61
10 26 0.72
11 26 0.73
12 26 0.25
13 26 0.26
14 26 0.11
15 26 0.08
16 26 0.12
26 17 0.24
18 26 0.51
26 19 0.26
26 20 0.29
21 26 0.4
22 26 0.47
23 26 0.7
26 24 0.29
25 26 0.64
26 47 0.0023
1 27 0.26
27 3 0.14
4 27 0.2
27 7 0.17
27 8 0.27
10 27 0.1
11 27 0.35
12 27 0.19
13 27 0.19
14 27 0.07
27 17 0.15
18 27 0.13
27 19 0.17
21 27 0.21
22 27 0.28
23 27 0.28
27 24 0.5
25 27 0.1
26 27 0.11
27 47 4.0E-4
1 28 0.32
28 2 1.0
3 28 0.53
28 5 1.0
6 28 0.5
7 28 0.63
10 28 0.39
11 28 0.32
12 28 0.1
13 28 0.14
14 28 0.27
15 28 0.2
16 28 0.29
19 28 0.63
21 28 0.39
22 28 0.21
23 28 0.34
24 28 0.47
25 28 0.39
26 28 0.41
47 28 0.0045
29 1 0.5
4 29 0.17
29 6 0.39
29 9 0.54
29 10 0.48
29 11 0.45
12 29 0.34
13 29 0.33
14 29 0.08
29 15 0.31
16 29 0.18
29 17 0.36
29 18 0.39
29 20 0.33
21 29 0.24
22 29 0.51
23 29 0.42
29 24 0.15
29 25 0.54
29 26 0.31
29 27 0.25
29 47 3.0E-4
30 1 0.49
30 2 0.17
30 3 0.09
4 30 0.35
30 5 0.17
30 6 0.34
30 7 0.11
30 8 0.17
30 9 0.34
30 10 0.43
30 11 0.49
12 30 0.62
13 30 0.58
14 30 0.21
30 15 0.24
16 30 0.22
30 17 0.29
30 18 0.34
30 19 0.16
30 20 0.24
30 21 0.4
22 30 0.6
30 23 0.46
30 24 0.36
30 25 0.43
30 26 0.38
30 27 0.27
30 28 0.17
30 29 0.55
30 47 9.0E-4
1 31 0.41
31 2 0.63
3 31 0.34
4 31 0.24
31 5 0.63
6 31 0.32
7 31 0.4
9 31 0.16
10 31 0.37
11 31 0.51
12 31 0.16
13 31 0.23
14 31 0.17
15 31 0.13
16 31 0.18
17 31 0.18
19 31 0.4
20 31 0.22
21 31 0.5
22 31 0.33
23 31 0.43
24 31 0.45
25 31 0.37
26 31 0.65
27 31 0.17
31 28 0.63
29 31 0.1
30 31 0.21
47 31 0.0038
1 32 0.57
32 2 0.5
32 3 0.27
4 32 0.09
32 5 0.5
6 32 0.38
32 7 0.32
9 32 0.13
10 32 0.39
11 32 0.57
12 32 0.21
13 32 0.29
14 32 0.2
15 32 0.1
16 32 0.14
32 17 0.58
32 19 0.32
32 20 0.35
21 32 0.49
22 32 0.42
23 32 0.34
32 24 0.71
25 32 0.49
26 32 0.41
27 32 0.27
32 28 0.5
29 32 0.23
30 32 0.34
32 31 0.47
32 47 0.0018
33 1 0.16
33 2 0.33
33 3 0.18
4 33 0.31
33 5 0.33
33 6 0.25
33 7 0.21
33 9 0.08
33 10 0.2
33 11 0.16
12 33 0.31
13 33 0.36
14 33 0.23
33 15 0.2
16 33 0.24
33 18 0.08
33 19 0.21
33 21 0.33
22 33 0.38
33 23 0.29
33 24 0.16
33 25 0.26
33 26 0.2
33 28 0.33
33 29 0.21
33 30 0.31
33 31 0.21
33 32 0.17
33 47 7.0E-4
34 1 0.32
34 2 0.32
34 3 0.17
4 34 0.18
34 5 0.32
34 6 0.16
34 7 0.21
34 10 0.19
34 11 0.26
12 34 0.32
13 34 0.26
14 34 0.35
34 15 0.07
16 34 0.19
34 17 0.37
34 19 0.21
34 20 0.23
34 21 0.32
22 34 0.34
34 23 0.11
34 24 0.38
34 25 0.25
34 26 0.13
34 27 0.09
34 28 0.32
34 29 0.15
34 30 0.33
34 31 0.21
34 32 0.41
34 33 0.27
34 47 7.0E-4
35 1 0.72
35 2 0.23
35 3 0.12
4 35 0.22
35 5 0.23
35 6 0.46
35 7 0.15
35 8 0.23
35 9 0.46
35 10 0.59
35 11 0.72
12 35 0.45
13 35 0.55
14 35 0.13
35 15 0.19
16 35 0.1
35 17 0.4
35 18 0.46
35 19 0.15
35 20 0.33
21 35 0.32
22 35 0.56
23 35 0.56
35 24 0.49
35 25 0.55
35 26 0.57
35 27 0.25
35 28 0.23
29 35 0.39
30 35 0.57
35 31 0.37
35 32 0.46
33 35 0.12
34 35 0.23
35 47 0.0016
36 1 0.11
36 2 0.11
36 3 0.06
4 36 0.04
36 5 0.11
36 6 0.17
36 7 0.07
36 9 0.11
36 10 0.13
36 11 0.11
12 36 0.45
13 36 0.51
14 36 0.09
36 15 0.19
16 36 0.1
36 17 0.07
36 18 0.06
36 19 0.15
36 20 0.08
21 36 0.09
22 36 0.19
23 36 0.12
36 24 0.05
36 25 0.18
36 26 0.14
36 28 0.11
29 36 0.11
30 36 0.47
36 31 0.07
36 32 0.11
33 36 0.11
34 36 0.04
36 35 0.51
36 47 1.0E-4
1 37 0.32
37 2 1.0
3 37 0.53
37 5 1.0
6 37 0.5
7 37 0.63
10 37 0.39
11 37 0.32
12 37 0.1
13 37 0.14
14 37 0.27
15 37 0.2
16 37 0.29
19 37 0.63
21 37 0.39
22 37 0.21
23 37 0.34
24 37 0.47
25 37 0.39
26 37 0.41
37 28 1.0
30 37 0.17
31 37 0.63
32 37 0.5
33 37 0.33
34 37 0.32
35 37 0.23
36 37 0.11
47 37 0.0045
38 1 0.37
38 2 0.38
38 3 0.4
38 4 0.21
38 5 0.38
38 6 0.38
38 7 0.36
38 9 0.19
38 10 0.3
38 11 0.43
38 12 0.28
38 13 0.24
38 14 0.21
38 15 0.08
38 16 0.16
38 17 0.11
38 18 0.09
38 19 0.36
38 20 0.13
38 21 0.3
38 22 0.39
38 23 0.45
38 24 0.36
38 25 0.37
38 26 0.46
38 27 0.2
38 28 0.38
38 29 0.12
38 30 0.26
38 31 0.48
38 32 0.38
38 33 0.19
38 34 0.12
38 35 0.31
38 36 0.17
38 37 0.38
38 47 0.0011
39 1 0.73
39 2 0.41
39 3 0.22
4 39 0.23
39 5 0.41
39 6 0.71
39 7 0.26
39 8 0.41
39 9 0.61
39 10 0.88
39 11 0.79
12 39 0.25
13 39 0.29
14 39 0.17
39 15 0.25
16 39 0.12
39 17 0.12
39 18 0.82
39 19 0.26
39 20 0.14
21 39 0.32
22 39 0.51
23 39 0.77
39 24 0.48
39 25 0.8
39 26 0.67
39 27 0.22
39 28 0.41
29 39 0.38
30 39 0.41
39 31 0.39
39 32 0.41
33 39 0.2
34 39 0.2
35 39 0.57
36 39 0.09
39 37 0.41
38 39 0.31
39 47 0.0025
1 40 0.51
40 2 0.63
40 3 0.34
4 40 0.24
40 5 0.63
6 40 0.32
40 7 0.4
40 8 0.63
10 40 0.5
11 40 0.51
12 40 0.16
13 40 0.18
14 40 0.17
15 40 0.13
16 40 0.18
18 40 0.32
40 19 0.4
21 40 0.37
22 40 0.33
23 40 0.54
40 24 0.6
25 40 0.25
26 40 0.39
27 40 0.34
40 28 0.63
29 40 0.1
30 40 0.27
40 31 0.4
32 40 0.32
33 40 0.21
34 40 0.21
35 40 0.37
36 40 0.07
40 37 0.63
38 40 0.36
39 40 0.52
40 47 0.0043
1 41 0.36
4 41 0.14
6 41 0.18
41 8 0.37
9 41 0.27
10 41 0.43
11 41 0.36
12 41 0.28
13 41 0.18
14 41 0.15
15 41 0.07
17 41 0.21
18 41 0.37
41 20 0.26
21 41 0.21
22 41 0.27
23 41 0.25
41 24 0.17
25 41 0.21
26 41 0.22
27 41 0.1
29 41 0.23
30 41 0.25
41 31 0.12
32 41 0.09
34 41 0.12
35 41 0.3
36 41 0.04
38 41 0.14
39 41 0.37
41 40 0.23
41 47 7.0E-4
42 1 0.06
42 2 0.18
42 3 0.28
42 4 0.33
42 5 0.18
42 6 0.09
42 7 0.22
42 10 0.07
42 11 0.06
42 12 0.29
42 13 0.28
42 14 0.14
42 15 0.14
42 16 0.26
42 19 0.22
42 21 0.21
42 22 0.26
42 23 0.18
42 24 0.08
42 25 0.07
42 26 0.07
42 28 0.18
42 29 0.22
42 30 0.18
42 31 0.11
42 32 0.09
42 33 0.29
42 34 0.11
42 35 0.04
42 37 0.18
42 38 0.27
42 39 0.07
42 40 0.11
42 47 2.0E-4
1 43 0.52
4 43 0.3
43 8 0.53
9 43 0.13
10 43 0.42
11 43 0.52
12 43 0.19
13 43 0.19
14 43 0.15
17 43 0.31
18 43 0.27
43 20 0.38
21 43 0.31
22 43 0.33
23 43 0.37
43 24 0.38
25 43 0.1
26 43 0.33
27 43 0.29
29 43 0.25
30 43 0.23
43 31 0.34
32 43 0.13
34 43 0.09
35 43 0.37
38 43 0.2
39 43 0.33
43 40 0.51
43 41 0.49
43 47 0.0013
1 44 0.61
4 44 0.2
6 44 0.13
44 8 0.53
9 44 0.13
10 44 0.42
11 44 0.52
12 44 0.19
13 44 0.27
14 44 0.07
44 17 0.46
18 44 0.4
44 20 0.19
21 44 0.21
22 44 0.39
23 44 0.28
44 24 0.5
25 44 0.21
44 26 0.22
44 27 0.29
29 44 0.25
30 44 0.32
44 32 0.53
34 44 0.26
35 44 0.43
39 44 0.44
44 40 0.34
44 41 0.29
44 43 0.43
44 47 6.0E-4
45 1 0.15
45 2 0.47
45 3 0.5
4 45 0.45
45 5 0.47
45 6 0.24
45 7 0.45
45 10 0.18
45 11 0.15
12 45 0.22
13 45 0.27
14 45 0.26
45 15 0.1
16 45 0.2
45 19 0.6
45 21 0.55
22 45 0.25
45 23 0.32
45 24 0.22
45 25 0.28
45 26 0.19
45 27 0.13
45 28 0.47
45 29 0.15
45 30 0.28
45 31 0.3
45 32 0.24
45 33 0.47
45 34 0.38
45 35 0.11
45 36 0.05
45 37 0.47
38 45 0.27
45 39 0.19
45 40 0.3
42 45 0.33
45 47 0.0013
1 46 0.32
4 46 0.19
46 8 0.5
10 46 0.2
11 46 0.32
12 46 0.1
13 46 0.14
18 46 0.25
21 46 0.2
22 46 0.21
23 46 0.17
46 24 0.47
27 46 0.27
30 46 0.17
32 46 0.25
35 46 0.23
39 46 0.2
46 40 0.32
46 41 0.18
46 43 0.27
44 46 0.53
46 47 8.0E-4
