*Vertices  16
1 "电容"
2 "容器"
3 "开关"
4 "变压器"
5 "LED"
6 "二极管"
7 "三极管"
8 "电热丝"
9 "塑料"
10 "电加热器"
11 "芯片"
12 "继电器"
13 "电极"
14 "电阻"
15 "加热管"
16 "滑动变阻器"
*Arcs
1 16 0.0029
1 2 0.23
16 2 0.0147
3 1 0.42
3 2 0.21
3 16 0.0069
1 4 0.52
4 2 0.24
3 4 0.29
4 16 0.0028
5 1 0.36
5 2 0.19
5 3 0.54
5 4 0.34
5 16 0.0026
6 1 0.39
6 2 0.23
6 3 0.46
6 4 0.39
6 5 0.72
6 16 0.0039
7 1 0.61
7 2 0.17
3 7 0.37
7 4 0.49
5 7 0.32
6 7 0.42
7 16 0.0033
2 8 0.22
3 8 0.08
5 8 0.13
6 8 0.06
16 8 0.0298
9 2 0.17
9 3 0.16
9 4 0.05
9 5 0.32
9 6 0.28
9 8 0.26
9 16 0.0057
2 10 0.38
3 10 0.14
5 10 0.07
6 10 0.1
10 8 0.58
9 10 0.23
16 10 0.0598
11 1 0.37
11 2 0.14
11 3 0.28
11 4 0.18
5 11 0.62
6 11 0.58
11 7 0.33
9 11 0.11
11 16 0.0010
1 12 0.37
3 12 0.24
4 12 0.19
5 12 0.16
6 12 0.18
7 12 0.31
11 12 0.16
12 16 0.0088
1 13 0.37
13 2 0.19
3 13 0.2
13 4 0.39
5 13 0.45
6 13 0.55
7 13 0.6
9 13 0.04
11 13 0.57
13 12 0.22
13 16 0.0020
14 1 0.73
14 2 0.18
3 14 0.46
14 4 0.55
5 14 0.45
6 14 0.51
14 7 0.71
11 14 0.47
14 12 0.36
14 13 0.51
14 16 0.0022
2 15 0.27
3 15 0.19
5 15 0.1
6 15 0.07
15 8 0.41
9 15 0.16
15 10 0.71
16 15 0.0409
