*Vertices  59
1 "LCD显示屏"
2 "显示器"
3 "衬底"
4 "滤波片"
5 "光纤"
6 "探头"
7 "传感器"
8 "单片机"
9 "开关"
10 "III-V族半导体材料"
11 "GAN"
12 "PD"
13 "牙结石"
14 "光纤耦合"
15 "外延片"
16 "外延"
17 "LED"
18 "液晶显示模块"
19 "二极管"
20 "三极管"
21 "玻璃"
22 "通道"
23 "接收管"
24 "LED光源"
25 "塑料"
26 "光电转换器件"
27 "转换器"
28 "探针"
29 "光谱仪"
30 "SiO2"
31 "半导体"
32 "电路板"
33 "Al2O3"
34 "GaAs"
35 "MQW"
36 "ITO"
37 "GPIO"
38 "键合"
39 "摄像机"
40 "光子晶体"
41 "荧光光谱"
42 "光电池"
43 "芯片"
44 "金属层"
45 "电流扩展层"
46 "存储器"
47 "Li"
48 "离子"
49 "电极"
50 "电阻"
51 "光子晶体谐振腔"
52 "激光"
53 "MOCVD"
54 "湿法刻蚀"
55 "干法刻蚀"
56 "透镜"
57 "蜂鸣器"
58 "激发光"
59 "滤光片"
*Arcs
1 59 2.0E-4
2 1 0.33
2 59 1.0E-4
3 1 0.08
3 59 7.0E-4
3 4 0.32
59 4 0.0035
3 5 0.17
5 4 0.53
59 5 0.0043
6 5 0.38
59 6 4.0E-4
1 7 0.13
2 7 0.25
7 5 0.23
7 6 0.2
59 7 2.0E-4
8 1 0.08
2 8 0.52
8 7 0.28
8 59 1.0E-4
9 1 0.14
2 9 0.07
9 7 0.19
9 8 0.19
9 59 1.0E-4
3 10 0.32
10 4 1.0
5 10 0.53
59 10 0.0035
11 1 0.12
11 3 0.65
11 4 0.5
11 5 0.27
11 10 0.5
11 59 0.0012
2 12 0.11
3 12 0.21
12 4 0.63
12 5 0.68
12 6 0.22
12 7 0.27
12 10 0.63
11 12 0.32
59 12 0.0034
5 13 0.38
59 13 0.0013
5 14 0.53
7 14 0.14
12 14 0.32
14 13 0.71
59 14 0.0011
15 1 0.09
15 3 0.83
15 4 0.39
15 5 0.21
15 10 0.39
15 11 0.78
15 12 0.25
15 59 9.0E-4
16 1 0.08
16 3 0.95
16 4 0.32
16 5 0.17
16 10 0.32
16 11 0.65
16 12 0.21
16 15 0.83
16 59 7.0E-4
17 1 0.22
17 2 0.29
17 3 0.32
17 4 0.1
17 5 0.19
17 6 0.15
17 7 0.37
17 8 0.32
17 9 0.54
17 10 0.1
17 11 0.21
17 12 0.16
17 13 0.07
17 14 0.1
17 15 0.27
17 16 0.32
17 59 5.0E-4
1 18 0.67
2 18 0.38
7 18 0.1
8 18 0.11
9 18 0.14
17 18 0.15
59 18 3.0E-4
19 1 0.14
19 2 0.15
19 3 0.37
19 4 0.14
19 5 0.23
19 6 0.05
19 7 0.2
19 8 0.16
19 9 0.46
19 10 0.14
19 11 0.25
19 12 0.18
19 13 0.1
19 14 0.14
19 15 0.31
19 16 0.37
19 17 0.72
19 18 0.1
19 59 8.0E-4
20 1 0.08
2 20 0.06
20 7 0.05
8 20 0.16
9 20 0.37
17 20 0.32
20 18 0.11
19 20 0.42
20 59 1.0E-4
21 2 0.19
21 3 0.13
21 4 0.27
21 5 0.29
21 6 0.1
21 7 0.12
21 8 0.22
21 9 0.18
21 10 0.27
21 11 0.14
21 12 0.34
21 14 0.14
21 15 0.16
21 16 0.13
21 17 0.38
21 19 0.27
21 20 0.09
21 59 8.0E-4
2 22 0.07
22 3 0.2
22 4 0.2
22 5 0.11
22 7 0.12
8 22 0.07
9 22 0.04
22 10 0.2
22 11 0.31
22 12 0.13
22 15 0.24
22 16 0.2
17 22 0.25
19 22 0.23
20 22 0.07
21 22 0.11
22 59 2.0E-4
1 23 0.19
2 23 0.14
7 23 0.12
8 23 0.13
9 23 0.24
17 23 0.13
23 18 0.29
19 23 0.18
20 23 0.4
21 23 0.11
22 23 0.17
59 23 4.0E-4
24 1 0.07
24 2 0.15
24 3 0.09
24 4 0.29
24 5 0.15
24 6 0.1
24 7 0.04
24 8 0.09
24 9 0.06
24 10 0.29
24 11 0.14
24 12 0.18
24 15 0.11
24 16 0.09
24 17 0.36
24 18 0.1
24 19 0.29
24 20 0.09
24 21 0.24
24 22 0.18
24 23 0.12
24 59 7.0E-4
25 2 0.17
25 3 0.05
25 5 0.17
25 6 0.11
25 7 0.18
25 8 0.05
25 9 0.16
25 12 0.21
25 14 0.16
25 15 0.06
25 16 0.05
25 17 0.32
25 19 0.28
25 21 0.35
25 22 0.13
25 24 0.14
25 59 2.0E-4
26 5 0.53
26 6 0.35
26 7 0.28
26 12 0.63
26 14 0.5
17 26 0.1
19 26 0.14
21 26 0.27
25 26 0.32
59 26 9.0E-4
27 1 0.2
2 27 0.15
27 5 0.23
27 6 0.15
27 7 0.3
8 27 0.14
9 27 0.25
27 12 0.27
27 14 0.21
17 27 0.24
27 18 0.15
19 27 0.21
20 27 0.14
21 27 0.12
27 23 0.17
25 27 0.21
27 26 0.43
27 59 2.0E-4
28 5 0.27
28 6 0.35
28 7 0.14
28 12 0.32
17 28 0.1
19 28 0.14
21 28 0.14
25 28 0.16
28 26 0.5
27 28 0.21
59 28 6.0E-4
29 5 0.27
29 13 0.71
29 14 0.5
17 29 0.1
19 29 0.07
29 59 0.0010
2 30 0.07
30 3 0.38
30 4 0.39
30 5 0.21
30 9 0.04
30 10 0.39
30 11 0.29
30 12 0.25
30 15 0.38
30 16 0.38
17 30 0.27
19 30 0.31
21 30 0.16
30 22 0.08
24 30 0.11
25 30 0.19
30 27 0.08
30 29 0.2
30 59 9.0E-4
31 1 0.05
31 2 0.11
31 3 0.64
31 4 0.21
31 5 0.17
31 6 0.07
31 7 0.06
31 8 0.03
31 9 0.14
31 10 0.21
31 11 0.42
31 12 0.2
31 14 0.1
31 15 0.53
31 16 0.64
31 17 0.5
31 19 0.55
31 20 0.1
31 21 0.23
31 22 0.17
31 23 0.09
31 24 0.3
31 25 0.24
31 26 0.1
31 27 0.13
31 28 0.1
31 30 0.41
31 59 5.0E-4
32 1 0.2
32 2 0.26
32 6 0.1
32 7 0.08
32 8 0.14
32 9 0.14
32 17 0.36
32 18 0.2
32 19 0.17
32 20 0.19
32 21 0.39
32 22 0.06
32 23 0.24
32 24 0.17
32 25 0.19
32 30 0.06
32 31 0.15
32 59 1.0E-4
33 1 0.08
2 33 0.06
33 3 0.72
33 4 0.34
33 5 0.18
33 9 0.03
33 10 0.34
33 11 0.69
33 12 0.22
33 15 0.74
33 16 0.78
17 33 0.3
19 33 0.34
21 33 0.09
33 22 0.21
24 33 0.1
25 33 0.11
33 27 0.07
30 33 0.54
31 33 0.57
33 59 8.0E-4
3 34 0.61
34 4 0.47
34 5 0.25
34 10 0.47
11 34 0.24
34 12 0.3
15 34 0.37
16 34 0.69
17 34 0.22
19 34 0.27
21 34 0.19
22 34 0.1
24 34 0.14
25 34 0.08
30 34 0.37
31 34 0.44
33 34 0.4
34 59 0.0011
35 1 0.09
35 3 0.64
35 4 0.39
35 5 0.21
9 35 0.04
35 10 0.39
35 11 0.78
35 12 0.25
35 15 0.77
35 16 0.7
17 35 0.27
19 35 0.31
20 35 0.06
21 35 0.21
35 22 0.24
24 35 0.23
25 35 0.06
30 35 0.31
31 35 0.53
33 35 0.67
35 34 0.37
35 59 9.0E-4
36 1 0.19
2 36 0.07
3 36 0.66
36 4 0.41
36 5 0.22
36 10 0.41
11 36 0.61
36 12 0.26
15 36 0.72
16 36 0.73
17 36 0.25
36 18 0.14
19 36 0.26
21 36 0.11
22 36 0.08
24 36 0.12
30 36 0.4
31 36 0.47
33 36 0.7
36 34 0.29
35 36 0.64
36 59 9.0E-4
37 1 0.19
2 37 0.14
8 37 0.13
9 37 0.24
17 37 0.13
37 18 0.29
19 37 0.06
20 37 0.13
37 23 0.33
24 37 0.12
31 37 0.09
32 37 0.12
37 59 4.0E-4
3 38 0.26
38 5 0.14
38 6 0.19
38 7 0.08
8 38 0.09
38 12 0.17
15 38 0.1
16 38 0.35
17 38 0.19
19 38 0.19
21 38 0.07
25 38 0.09
38 26 0.27
27 38 0.11
38 28 0.27
30 38 0.21
31 38 0.28
33 38 0.28
38 34 0.5
35 38 0.1
36 38 0.11
38 59 3.0E-4
1 39 0.38
2 39 0.14
7 39 0.12
8 39 0.13
9 39 0.08
17 39 0.13
39 18 0.29
19 39 0.12
20 39 0.13
23 39 0.33
24 39 0.12
32 39 0.12
37 39 0.33
59 39 4.0E-4
3 40 0.32
40 4 1.0
5 40 0.53
40 10 1.0
11 40 0.5
12 40 0.63
15 40 0.39
16 40 0.32
17 40 0.1
19 40 0.14
21 40 0.27
22 40 0.2
24 40 0.29
30 40 0.39
31 40 0.21
33 40 0.34
34 40 0.47
35 40 0.39
36 40 0.41
59 40 0.0035
41 5 0.27
41 13 0.71
41 14 0.5
17 41 0.1
19 41 0.07
41 29 1.0
41 30 0.2
41 59 0.0010
42 5 0.38
42 6 0.5
42 7 0.3
42 12 0.45
42 14 0.35
17 42 0.15
19 42 0.15
21 42 0.19
24 42 0.2
25 42 0.23
42 26 0.71
27 42 0.3
42 28 0.35
31 42 0.15
38 42 0.19
42 59 5.0E-4
43 1 0.24
2 43 0.27
43 3 0.49
43 4 0.17
43 5 0.09
43 7 0.17
43 8 0.33
43 9 0.28
43 10 0.17
43 11 0.34
43 12 0.11
43 15 0.43
43 16 0.49
17 43 0.62
43 18 0.24
19 43 0.58
43 20 0.33
21 43 0.21
43 22 0.24
43 23 0.21
24 43 0.22
25 43 0.11
43 27 0.25
43 28 0.08
43 29 0.08
43 30 0.4
31 43 0.6
32 43 0.22
43 33 0.46
43 34 0.36
43 35 0.43
43 36 0.38
43 37 0.14
43 38 0.27
43 39 0.07
43 40 0.17
43 41 0.08
43 59 5.0E-4
3 44 0.41
44 4 0.63
5 44 0.34
44 10 0.63
11 44 0.32
12 44 0.4
15 44 0.37
16 44 0.51
17 44 0.16
19 44 0.23
21 44 0.17
22 44 0.13
24 44 0.18
30 44 0.5
31 44 0.33
33 44 0.43
34 44 0.45
35 44 0.37
36 44 0.65
38 44 0.17
44 40 0.63
43 44 0.21
59 44 0.0017
3 45 0.57
45 4 0.5
45 5 0.27
45 10 0.5
11 45 0.38
45 12 0.32
15 45 0.39
16 45 0.57
17 45 0.21
19 45 0.29
21 45 0.2
22 45 0.1
24 45 0.14
25 45 0.08
30 45 0.49
31 45 0.42
33 45 0.34
45 34 0.71
35 45 0.49
36 45 0.41
38 45 0.27
45 40 0.5
43 45 0.34
45 44 0.47
45 59 0.0012
1 46 0.22
2 46 0.25
46 6 0.17
46 7 0.33
8 46 0.15
9 46 0.23
46 12 0.15
17 46 0.22
46 18 0.33
19 46 0.17
20 46 0.15
46 23 0.38
24 46 0.14
27 46 0.4
31 46 0.1
32 46 0.07
37 46 0.19
46 39 0.38
46 42 0.17
43 46 0.16
46 59 2.0E-4
2 47 0.06
47 3 0.16
47 4 0.33
47 5 0.18
47 7 0.05
47 8 0.05
47 9 0.13
47 10 0.33
47 11 0.25
47 12 0.21
47 15 0.2
47 16 0.16
17 47 0.31
19 47 0.36
21 47 0.23
47 22 0.2
24 47 0.24
25 47 0.27
47 27 0.21
47 29 0.17
47 30 0.33
31 47 0.38
32 47 0.14
47 33 0.29
47 34 0.16
47 35 0.26
47 36 0.2
47 40 0.33
47 41 0.17
47 43 0.31
47 44 0.21
47 45 0.17
47 46 0.08
47 59 6.0E-4
48 1 0.15
2 48 0.06
48 3 0.32
48 4 0.32
48 5 0.17
48 6 0.11
48 10 0.32
48 11 0.16
48 12 0.21
48 15 0.19
48 16 0.26
17 48 0.32
19 48 0.26
21 48 0.35
48 22 0.07
24 48 0.19
25 48 0.05
48 27 0.07
48 29 0.16
48 30 0.32
31 48 0.34
32 48 0.14
48 33 0.11
48 34 0.38
48 35 0.25
48 36 0.13
48 38 0.09
48 39 0.13
48 40 0.32
48 41 0.16
48 43 0.33
48 44 0.21
48 45 0.41
48 47 0.27
48 59 6.0E-4
49 1 0.11
2 49 0.04
49 3 0.72
49 4 0.23
49 5 0.12
49 7 0.03
8 49 0.04
9 49 0.2
49 10 0.23
49 11 0.46
49 12 0.15
49 15 0.59
49 16 0.72
17 49 0.45
49 18 0.08
19 49 0.55
20 49 0.6
21 49 0.13
49 22 0.19
49 23 0.19
24 49 0.1
25 49 0.04
49 27 0.1
30 49 0.32
31 49 0.56
32 49 0.03
33 49 0.56
49 34 0.49
49 35 0.55
49 36 0.57
49 38 0.25
49 40 0.23
43 49 0.57
49 44 0.37
49 45 0.46
49 46 0.05
47 49 0.12
48 49 0.23
49 59 5.0E-4
50 1 0.16
2 50 0.08
50 3 0.11
50 4 0.11
50 5 0.06
50 7 0.16
8 50 0.22
9 50 0.46
50 10 0.11
50 11 0.17
50 12 0.07
50 15 0.13
50 16 0.11
17 50 0.45
50 18 0.16
19 50 0.51
50 20 0.71
21 50 0.09
50 22 0.19
50 23 0.28
24 50 0.1
50 27 0.29
30 50 0.09
31 50 0.19
32 50 0.17
33 50 0.12
50 34 0.05
50 35 0.18
50 36 0.14
50 37 0.28
50 39 0.09
50 40 0.11
43 50 0.47
50 44 0.07
50 45 0.11
50 46 0.22
47 50 0.11
48 50 0.04
50 49 0.51
50 59 3.0E-4
3 51 0.32
51 4 1.0
5 51 0.53
51 10 1.0
11 51 0.5
12 51 0.63
15 51 0.39
16 51 0.32
17 51 0.1
19 51 0.14
21 51 0.27
22 51 0.2
24 51 0.29
30 51 0.39
31 51 0.21
33 51 0.34
34 51 0.47
35 51 0.39
36 51 0.41
51 40 1.0
43 51 0.17
44 51 0.63
45 51 0.5
47 51 0.33
48 51 0.32
49 51 0.23
50 51 0.11
59 51 0.0035
52 1 0.09
52 2 0.2
52 3 0.37
52 4 0.38
52 5 0.4
52 7 0.16
52 8 0.06
52 9 0.04
52 10 0.38
52 11 0.38
52 12 0.36
52 13 0.27
52 14 0.38
52 15 0.3
52 16 0.43
52 17 0.28
52 19 0.24
52 21 0.21
52 22 0.08
52 24 0.16
52 25 0.18
52 26 0.19
52 27 0.08
52 29 0.19
52 30 0.3
52 31 0.39
52 32 0.11
52 33 0.45
52 34 0.36
52 35 0.37
52 36 0.46
52 37 0.15
52 38 0.2
52 40 0.38
52 41 0.19
52 42 0.13
52 43 0.26
52 44 0.48
52 45 0.38
52 47 0.19
52 48 0.12
52 49 0.31
52 50 0.17
52 51 0.38
52 59 0.0016
53 1 0.1
53 3 0.73
53 4 0.41
53 5 0.22
53 10 0.41
53 11 0.71
53 12 0.26
53 15 0.88
53 16 0.79
17 53 0.25
19 53 0.29
21 53 0.17
53 22 0.25
24 53 0.12
25 53 0.07
30 53 0.32
31 53 0.51
33 53 0.77
53 34 0.48
53 35 0.8
53 36 0.67
53 38 0.22
53 40 0.41
43 53 0.41
53 44 0.39
53 45 0.41
47 53 0.2
48 53 0.2
49 53 0.57
50 53 0.09
53 51 0.41
52 53 0.31
53 59 9.0E-4
3 54 0.46
54 4 0.71
54 5 0.38
54 10 0.71
11 54 0.35
54 12 0.45
15 54 0.55
16 54 0.46
17 54 0.15
19 54 0.2
21 54 0.19
22 54 0.14
24 54 0.2
30 54 0.55
31 54 0.29
33 54 0.36
54 34 0.5
35 54 0.28
36 54 0.43
38 54 0.19
54 40 0.71
43 54 0.24
54 44 0.67
45 54 0.35
47 54 0.24
48 54 0.23
49 54 0.33
50 54 0.08
54 51 0.71
52 54 0.27
53 54 0.43
54 59 0.0020
3 55 0.51
55 4 0.63
55 5 0.34
55 10 0.63
11 55 0.32
55 12 0.4
15 55 0.5
16 55 0.51
17 55 0.16
19 55 0.18
21 55 0.17
22 55 0.13
24 55 0.18
30 55 0.37
31 55 0.33
33 55 0.54
55 34 0.6
35 55 0.25
36 55 0.39
38 55 0.34
55 40 0.63
43 55 0.27
55 44 0.4
45 55 0.32
47 55 0.21
48 55 0.21
49 55 0.37
50 55 0.07
55 51 0.63
52 55 0.36
53 55 0.52
55 54 0.67
55 59 0.0017
56 2 0.13
56 3 0.06
56 4 0.18
56 5 0.28
56 7 0.1
56 9 0.07
56 10 0.18
56 11 0.09
56 12 0.22
56 13 0.25
56 14 0.35
56 15 0.07
56 16 0.06
56 17 0.29
56 19 0.28
56 21 0.14
56 22 0.14
56 24 0.26
56 25 0.23
56 26 0.18
56 27 0.15
56 29 0.18
56 30 0.21
56 31 0.26
56 32 0.15
56 33 0.18
56 34 0.08
56 35 0.07
56 36 0.07
56 39 0.14
56 40 0.18
56 41 0.18
56 42 0.25
56 43 0.18
56 44 0.11
56 45 0.09
56 46 0.08
56 47 0.29
56 48 0.11
56 49 0.04
56 51 0.18
56 52 0.27
56 53 0.07
56 54 0.13
56 55 0.11
56 59 6.0E-4
1 57 0.19
2 57 0.14
7 57 0.12
8 57 0.13
9 57 0.16
17 57 0.13
57 18 0.29
19 57 0.12
20 57 0.13
57 23 0.33
24 57 0.12
32 57 0.24
37 57 0.67
57 39 0.33
43 57 0.14
46 57 0.19
50 57 0.19
59 57 4.0E-4
2 58 0.08
58 3 0.15
58 4 0.47
58 5 0.5
58 6 0.17
58 7 0.07
58 9 0.05
58 10 0.47
58 11 0.24
58 12 0.45
58 13 0.33
58 14 0.24
58 15 0.18
58 16 0.15
17 58 0.22
19 58 0.27
21 58 0.26
58 22 0.1
24 58 0.2
25 58 0.23
58 26 0.24
58 27 0.2
58 28 0.24
58 29 0.47
58 30 0.55
31 58 0.25
58 33 0.32
58 34 0.22
58 35 0.28
58 36 0.19
58 38 0.13
58 40 0.47
58 41 0.47
58 42 0.17
58 43 0.28
58 44 0.3
58 45 0.24
58 47 0.47
58 48 0.38
58 49 0.11
58 50 0.05
58 51 0.47
52 58 0.27
58 53 0.19
58 54 0.33
58 55 0.3
56 58 0.33
58 59 0.0033
