*Vertices  35
1 "衬底"
2 "光纤"
3 "III-V族半导体材料"
4 "GAN"
5 "PD"
6 "外延片"
7 "外延"
8 "LED"
9 "二极管"
10 "玻璃"
11 "通道"
12 "LED光源"
13 "滤光片"
14 "SiO2"
15 "半导体"
16 "Al2O3"
17 "GaAs"
18 "MQW"
19 "ITO"
20 "光子晶体"
21 "芯片"
22 "金属层"
23 "电流扩展层"
24 "Li"
25 "离子"
26 "电极"
27 "电阻"
28 "光子晶体谐振腔"
29 "激光"
30 "MOCVD"
31 "湿法刻蚀"
32 "干法刻蚀"
33 "透镜"
34 "激发光"
35 "滤波片"
*Arcs
1 35 0.0018
1 2 0.17
2 35 0.0032
1 3 0.32
2 3 0.53
3 35 0.0094
4 1 0.65
4 2 0.27
4 3 0.5
4 35 0.0031
1 5 0.21
5 2 0.68
5 3 0.63
4 5 0.32
5 35 0.0042
6 1 0.83
6 2 0.21
6 3 0.39
6 4 0.78
6 5 0.25
6 35 0.0023
7 1 0.95
7 2 0.17
7 3 0.32
7 4 0.65
7 5 0.21
7 6 0.83
7 35 0.0019
8 1 0.32
8 2 0.19
8 3 0.1
8 4 0.21
8 5 0.16
8 6 0.27
8 7 0.32
8 35 3.0E-4
9 1 0.37
9 2 0.23
9 3 0.14
9 4 0.25
9 5 0.18
9 6 0.31
9 7 0.37
9 8 0.72
9 35 5.0E-4
10 1 0.13
10 2 0.29
10 3 0.27
10 4 0.14
10 5 0.34
10 6 0.16
10 7 0.13
10 8 0.38
10 9 0.27
10 35 9.0E-4
11 1 0.2
11 2 0.11
11 3 0.2
11 4 0.31
11 5 0.13
11 6 0.24
11 7 0.2
8 11 0.25
9 11 0.23
10 11 0.11
11 35 5.0E-4
12 1 0.09
12 2 0.15
12 3 0.29
12 4 0.14
12 5 0.18
12 6 0.11
12 7 0.09
12 8 0.36
12 9 0.29
12 10 0.24
12 11 0.18
12 35 9.0E-4
1 13 0.21
13 2 0.68
13 3 0.63
4 13 0.32
13 5 0.6
6 13 0.25
7 13 0.21
8 13 0.16
9 13 0.23
10 13 0.26
11 13 0.13
12 13 0.27
13 35 0.0043
14 1 0.38
14 2 0.21
14 3 0.39
14 4 0.29
14 5 0.25
14 6 0.38
14 7 0.38
8 14 0.27
9 14 0.31
10 14 0.16
14 11 0.08
12 14 0.11
14 13 0.25
14 35 0.0021
15 1 0.64
15 2 0.17
15 3 0.21
15 4 0.42
15 5 0.2
15 6 0.53
15 7 0.64
15 8 0.5
15 9 0.55
15 10 0.23
15 11 0.17
15 12 0.3
15 13 0.13
15 14 0.41
15 35 0.0010
16 1 0.72
16 2 0.18
16 3 0.34
16 4 0.69
16 5 0.22
16 6 0.74
16 7 0.78
8 16 0.3
9 16 0.34
10 16 0.09
16 11 0.21
12 16 0.1
16 13 0.22
14 16 0.54
15 16 0.57
16 35 0.0019
1 17 0.61
17 2 0.25
17 3 0.47
4 17 0.24
17 5 0.3
6 17 0.37
7 17 0.69
8 17 0.22
9 17 0.27
10 17 0.19
11 17 0.1
12 17 0.14
17 13 0.3
14 17 0.37
15 17 0.44
16 17 0.4
17 35 0.0028
18 1 0.64
18 2 0.21
18 3 0.39
18 4 0.78
18 5 0.25
18 6 0.77
18 7 0.7
8 18 0.27
9 18 0.31
10 18 0.21
18 11 0.24
12 18 0.23
18 13 0.25
14 18 0.31
15 18 0.53
16 18 0.67
18 17 0.37
18 35 0.0022
1 19 0.66
19 2 0.22
19 3 0.41
4 19 0.61
19 5 0.26
6 19 0.72
7 19 0.73
8 19 0.25
9 19 0.26
10 19 0.11
11 19 0.08
12 19 0.12
19 13 0.26
14 19 0.4
15 19 0.47
16 19 0.7
19 17 0.29
18 19 0.64
19 35 0.0024
1 20 0.32
2 20 0.53
20 3 1.0
4 20 0.5
5 20 0.63
6 20 0.39
7 20 0.32
8 20 0.1
9 20 0.14
10 20 0.27
11 20 0.2
12 20 0.29
13 20 0.63
14 20 0.39
15 20 0.21
16 20 0.34
17 20 0.47
18 20 0.39
19 20 0.41
20 35 0.0094
21 1 0.49
21 2 0.09
21 3 0.17
21 4 0.34
21 5 0.11
21 6 0.43
21 7 0.49
8 21 0.62
9 21 0.58
10 21 0.21
21 11 0.24
12 21 0.22
21 13 0.16
21 14 0.4
15 21 0.6
21 16 0.46
21 17 0.36
21 18 0.43
21 19 0.38
21 20 0.17
21 35 6.0E-4
1 22 0.41
2 22 0.34
22 3 0.63
4 22 0.32
5 22 0.4
6 22 0.37
7 22 0.51
8 22 0.16
9 22 0.23
10 22 0.17
11 22 0.13
12 22 0.18
13 22 0.4
14 22 0.5
15 22 0.33
16 22 0.43
17 22 0.45
18 22 0.37
19 22 0.65
22 20 0.63
21 22 0.21
22 35 0.0044
1 23 0.57
23 2 0.27
23 3 0.5
4 23 0.38
23 5 0.32
6 23 0.39
7 23 0.57
8 23 0.21
9 23 0.29
10 23 0.2
11 23 0.1
12 23 0.14
23 13 0.32
14 23 0.49
15 23 0.42
16 23 0.34
23 17 0.71
18 23 0.49
19 23 0.41
23 20 0.5
21 23 0.34
23 22 0.47
23 35 0.0030
24 1 0.16
24 2 0.18
24 3 0.33
24 4 0.25
24 5 0.21
24 6 0.2
24 7 0.16
8 24 0.31
9 24 0.36
10 24 0.23
24 11 0.2
12 24 0.24
24 13 0.21
24 14 0.33
15 24 0.38
24 16 0.29
24 17 0.16
24 18 0.26
24 19 0.2
24 20 0.33
24 21 0.31
24 22 0.21
24 23 0.17
24 35 0.0013
25 1 0.32
25 2 0.17
25 3 0.32
25 4 0.16
25 5 0.21
25 6 0.19
25 7 0.26
8 25 0.32
9 25 0.26
10 25 0.35
25 11 0.07
12 25 0.19
25 13 0.21
25 14 0.32
15 25 0.34
25 16 0.11
25 17 0.38
25 18 0.25
25 19 0.13
25 20 0.32
25 21 0.33
25 22 0.21
25 23 0.41
25 24 0.27
25 35 0.0013
26 1 0.72
26 2 0.12
26 3 0.23
26 4 0.46
26 5 0.15
26 6 0.59
26 7 0.72
8 26 0.45
9 26 0.55
10 26 0.13
26 11 0.19
12 26 0.1
26 13 0.15
14 26 0.32
15 26 0.56
16 26 0.56
26 17 0.49
26 18 0.55
26 19 0.57
26 20 0.23
21 26 0.57
26 22 0.37
26 23 0.46
24 26 0.12
25 26 0.23
26 35 0.0011
27 1 0.11
27 2 0.06
27 3 0.11
27 4 0.17
27 5 0.07
27 6 0.13
27 7 0.11
8 27 0.45
9 27 0.51
10 27 0.09
27 11 0.19
12 27 0.1
27 13 0.15
14 27 0.09
15 27 0.19
16 27 0.12
27 17 0.05
27 18 0.18
27 19 0.14
27 20 0.11
21 27 0.47
27 22 0.07
27 23 0.11
24 27 0.11
25 27 0.04
27 26 0.51
27 35 2.0E-4
1 28 0.32
2 28 0.53
28 3 1.0
4 28 0.5
5 28 0.63
6 28 0.39
7 28 0.32
8 28 0.1
9 28 0.14
10 28 0.27
11 28 0.2
12 28 0.29
13 28 0.63
14 28 0.39
15 28 0.21
16 28 0.34
17 28 0.47
18 28 0.39
19 28 0.41
28 20 1.0
21 28 0.17
22 28 0.63
23 28 0.5
24 28 0.33
25 28 0.32
26 28 0.23
27 28 0.11
28 35 0.0094
29 1 0.37
29 2 0.4
29 3 0.38
29 4 0.38
29 5 0.36
29 6 0.3
29 7 0.43
29 8 0.28
29 9 0.24
29 10 0.21
29 11 0.08
29 12 0.16
29 13 0.36
29 14 0.3
29 15 0.39
29 16 0.45
29 17 0.36
29 18 0.37
29 19 0.46
29 20 0.38
29 21 0.26
29 22 0.48
29 23 0.38
29 24 0.19
29 25 0.12
29 26 0.31
29 27 0.17
29 28 0.38
29 35 0.0020
30 1 0.73
30 2 0.22
30 3 0.41
30 4 0.71
30 5 0.26
30 6 0.88
30 7 0.79
8 30 0.25
9 30 0.29
10 30 0.17
30 11 0.25
12 30 0.12
30 13 0.26
14 30 0.32
15 30 0.51
16 30 0.77
30 17 0.48
30 18 0.8
30 19 0.67
30 20 0.41
21 30 0.41
30 22 0.39
30 23 0.41
24 30 0.2
25 30 0.2
26 30 0.57
27 30 0.09
30 28 0.41
29 30 0.31
30 35 0.0025
1 31 0.46
31 2 0.38
31 3 0.71
4 31 0.35
31 5 0.45
6 31 0.55
7 31 0.46
8 31 0.15
9 31 0.2
10 31 0.19
11 31 0.14
12 31 0.2
31 13 0.45
14 31 0.55
15 31 0.29
16 31 0.36
31 17 0.5
18 31 0.28
19 31 0.43
31 20 0.71
21 31 0.24
31 22 0.67
23 31 0.35
24 31 0.24
25 31 0.23
26 31 0.33
27 31 0.08
31 28 0.71
29 31 0.27
30 31 0.43
31 35 0.0054
1 32 0.51
32 2 0.34
32 3 0.63
4 32 0.32
32 5 0.4
6 32 0.5
7 32 0.51
8 32 0.16
9 32 0.18
10 32 0.17
11 32 0.13
12 32 0.18
32 13 0.4
14 32 0.37
15 32 0.33
16 32 0.54
32 17 0.6
18 32 0.25
19 32 0.39
32 20 0.63
21 32 0.27
32 22 0.4
23 32 0.32
24 32 0.21
25 32 0.21
26 32 0.37
27 32 0.07
32 28 0.63
29 32 0.36
30 32 0.52
32 31 0.67
32 35 0.0044
33 1 0.06
33 2 0.28
33 3 0.18
33 4 0.09
33 5 0.22
33 6 0.07
33 7 0.06
33 8 0.29
33 9 0.28
33 10 0.14
33 11 0.14
33 12 0.26
33 13 0.22
33 14 0.21
33 15 0.26
33 16 0.18
33 17 0.08
33 18 0.07
33 19 0.07
33 20 0.18
33 21 0.18
33 22 0.11
33 23 0.09
33 24 0.29
33 25 0.11
33 26 0.04
33 28 0.18
33 29 0.27
33 30 0.07
33 31 0.13
33 32 0.11
33 35 4.0E-4
34 1 0.15
34 2 0.5
34 3 0.47
34 4 0.24
34 5 0.45
34 6 0.18
34 7 0.15
8 34 0.22
9 34 0.27
10 34 0.26
34 11 0.1
12 34 0.2
34 13 0.6
34 14 0.55
15 34 0.25
34 16 0.32
34 17 0.22
34 18 0.28
34 19 0.19
34 20 0.47
34 21 0.28
34 22 0.3
34 23 0.24
34 24 0.47
34 25 0.38
34 26 0.11
34 27 0.05
34 28 0.47
29 34 0.27
34 30 0.19
34 31 0.33
34 32 0.3
33 34 0.33
34 35 0.0026
