*Vertices  83
1 "显示器"
2 "衬底"
3 "LED灯"
4 "滤波片"
5 "光纤"
6 "探头"
7 "容器"
8 "光膜"
9 "传感器"
10 "荧光粉"
11 "开关"
12 "发光荧光材料"
13 "柔性高分子材料"
14 "III-V族半导体材料"
15 "GAN"
16 "塑料光转换荧光粒料"
17 "助剂"
18 "PD"
19 "聚合物树脂"
20 "硼酸"
21 "牙结石"
22 "光纤耦合"
23 "EP"
24 "外延片"
25 "外延"
26 "LED"
27 "二极管"
28 "玻璃"
29 "通道"
30 "LED光源"
31 "塑料"
32 "光电转换器件"
33 "转换器"
34 "探针"
35 "滤光片"
36 "稀释剂"
37 "光谱仪"
38 "荧光体"
39 "发光体"
40 "硅橡胶"
41 "SiO2"
42 "半导体"
43 "Al2O3"
44 "NH4H2PO4"
45 "GaAs"
46 "MQW"
47 "ITO"
48 "硅氧磷灰石"
49 "键合"
50 "客户"
51 "光子晶体"
52 "荧光光谱"
53 "金属银纳米粒子"
54 "光电池"
55 "LED芯片"
56 "芯片"
57 "金属层"
58 "电流扩展层"
59 "酸盐"
60 "硅油"
61 "SrCO3"
62 "Eu2O3"
63 "硝酸"
64 "Eu2"
65 "去离子水"
66 "硬脂酰胺"
67 "Li"
68 "液体石蜡"
69 "离子"
70 "电极"
71 "电阻"
72 "基色"
73 "光子晶体谐振腔"
74 "丙酮"
75 "激光"
76 "MOCVD"
77 "湿法刻蚀"
78 "干法刻蚀"
79 "玻璃体"
80 "臭氧"
81 "透镜"
82 "甲基"
83 "激发光"
*Arcs
1 83 1.0E-4
83 2 2.0E-4
3 1 0.08
3 2 0.03
3 83 1.0E-4
2 4 0.32
83 4 0.0010
2 5 0.17
5 4 0.53
83 5 0.0012
3 6 0.05
6 5 0.38
83 6 1.0E-4
7 2 0.09
3 7 0.12
83 7 1.0E-4
8 1 0.29
8 3 0.13
8 7 0.22
8 83 2.0E-4
1 9 0.25
3 9 0.13
9 5 0.23
9 6 0.2
83 9 0.0
10 1 0.14
10 2 0.13
10 3 0.13
10 7 0.22
10 8 0.33
10 83 0.0010
1 11 0.07
3 11 0.37
11 7 0.21
11 9 0.19
10 11 0.08
83 11 0.0
12 1 0.13
12 2 0.18
12 3 0.21
12 7 0.2
12 8 0.31
12 10 0.54
12 11 0.07
12 83 0.0013
13 7 0.38
8 13 0.58
10 13 0.29
12 13 0.27
83 13 5.0E-4
2 14 0.32
14 4 1.0
5 14 0.53
83 14 0.0010
15 2 0.65
3 15 0.04
15 4 0.5
15 5 0.27
10 15 0.1
15 14 0.5
83 15 4.0E-4
1 16 0.25
3 16 0.11
10 16 0.29
11 16 0.14
12 16 0.27
83 16 5.0E-4
1 17 0.18
3 17 0.08
17 7 0.27
8 17 0.41
10 17 0.41
11 17 0.1
12 17 0.38
17 13 0.71
17 16 0.71
83 17 0.0011
1 18 0.11
2 18 0.21
18 4 0.63
18 5 0.68
18 6 0.22
18 9 0.27
18 14 0.63
15 18 0.32
83 18 0.0010
1 19 0.25
3 19 0.11
10 19 0.29
11 19 0.14
12 19 0.27
19 16 1.0
19 17 0.71
83 19 5.0E-4
1 20 0.13
3 20 0.11
20 7 0.19
10 20 0.29
12 20 0.4
83 20 7.0E-4
5 21 0.38
83 21 4.0E-4
5 22 0.53
9 22 0.14
18 22 0.32
22 21 0.71
83 22 3.0E-4
1 23 0.07
23 2 0.12
3 23 0.12
23 7 0.1
10 23 0.39
23 11 0.11
12 23 0.29
23 20 0.4
83 23 5.0E-4
24 2 0.83
3 24 0.03
24 4 0.39
24 5 0.21
10 24 0.08
12 24 0.15
24 14 0.39
24 15 0.78
24 18 0.25
23 24 0.07
83 24 3.0E-4
25 2 0.95
3 25 0.05
25 4 0.32
25 5 0.17
10 25 0.13
12 25 0.25
25 14 0.32
25 15 0.65
25 18 0.21
23 25 0.06
25 24 0.83
83 25 2.0E-4
26 1 0.29
26 2 0.32
26 3 0.67
26 4 0.1
26 5 0.19
26 6 0.15
26 7 0.19
26 8 0.13
26 9 0.37
26 10 0.25
26 11 0.54
26 12 0.28
26 13 0.07
26 14 0.1
26 15 0.21
26 16 0.07
26 17 0.1
26 18 0.16
26 19 0.07
26 20 0.15
26 21 0.07
26 22 0.1
26 23 0.28
26 24 0.27
26 25 0.32
26 83 5.0E-4
27 1 0.15
27 2 0.37
27 3 0.32
27 4 0.14
27 5 0.23
27 6 0.05
27 7 0.23
27 8 0.12
27 9 0.2
27 10 0.23
27 11 0.46
27 12 0.33
27 13 0.1
27 14 0.14
27 15 0.25
27 16 0.1
27 17 0.14
27 18 0.18
27 19 0.1
27 20 0.1
27 21 0.1
27 22 0.14
27 23 0.22
27 24 0.31
27 25 0.37
27 26 0.72
27 83 6.0E-4
28 1 0.19
28 2 0.13
28 3 0.27
28 4 0.27
28 5 0.29
28 6 0.1
28 8 0.11
28 9 0.12
28 10 0.11
28 11 0.18
28 12 0.1
28 14 0.27
28 15 0.14
28 18 0.34
28 20 0.19
28 22 0.14
28 23 0.21
28 24 0.16
28 25 0.13
28 26 0.38
28 27 0.27
28 83 4.0E-4
1 29 0.07
29 2 0.2
3 29 0.22
29 4 0.2
29 5 0.11
29 9 0.12
11 29 0.04
29 14 0.2
29 15 0.31
29 18 0.13
29 24 0.24
29 25 0.2
26 29 0.25
27 29 0.23
28 29 0.11
83 29 1.0E-4
30 1 0.15
30 2 0.09
30 3 0.36
30 4 0.29
30 5 0.15
30 6 0.1
30 7 0.08
30 8 0.12
30 9 0.04
30 10 0.24
30 11 0.06
30 12 0.16
30 14 0.29
30 15 0.14
30 18 0.18
30 20 0.31
30 23 0.22
30 24 0.11
30 25 0.09
30 26 0.36
30 27 0.29
30 28 0.24
30 29 0.18
30 83 3.0E-4
31 1 0.17
31 2 0.05
31 3 0.28
31 5 0.17
31 6 0.11
31 7 0.17
31 8 0.26
31 9 0.18
31 10 0.2
31 11 0.16
31 12 0.18
31 13 0.23
31 16 0.23
31 17 0.32
31 18 0.21
31 19 0.23
31 22 0.16
31 23 0.06
31 24 0.06
31 25 0.05
31 26 0.32
31 27 0.28
31 28 0.35
31 29 0.13
31 30 0.14
31 83 3.0E-4
32 5 0.53
32 6 0.35
32 9 0.28
32 18 0.63
32 22 0.5
26 32 0.1
27 32 0.14
28 32 0.27
31 32 0.32
83 32 3.0E-4
1 33 0.15
3 33 0.1
33 5 0.23
33 6 0.15
33 9 0.3
10 33 0.09
11 33 0.25
12 33 0.08
33 16 0.3
33 17 0.21
33 18 0.27
33 19 0.3
33 22 0.21
23 33 0.08
26 33 0.24
27 33 0.21
28 33 0.12
31 33 0.21
33 32 0.43
83 33 2.0E-4
34 5 0.27
34 6 0.35
34 9 0.14
34 18 0.32
26 34 0.1
27 34 0.14
28 34 0.14
31 34 0.16
34 32 0.5
33 34 0.21
83 34 2.0E-4
1 35 0.11
2 35 0.21
35 4 0.63
35 5 0.68
35 6 0.22
35 9 0.09
11 35 0.06
35 14 0.63
15 35 0.32
35 18 0.6
35 21 0.45
35 22 0.32
24 35 0.25
25 35 0.21
26 35 0.16
27 35 0.23
28 35 0.26
29 35 0.13
30 35 0.27
31 35 0.1
35 32 0.32
33 35 0.13
35 34 0.32
83 35 0.0016
1 36 0.14
36 7 0.22
8 36 0.33
10 36 0.17
12 36 0.15
36 13 0.58
36 17 0.41
20 36 0.29
23 36 0.31
26 36 0.13
27 36 0.18
28 36 0.22
30 36 0.12
31 36 0.13
83 36 2.0E-4
3 37 0.08
37 5 0.27
12 37 0.19
37 20 0.35
37 21 0.71
37 22 0.5
37 23 0.19
26 37 0.1
27 37 0.07
37 35 0.32
83 37 0.0010
38 7 0.22
8 38 0.33
10 38 0.5
12 38 0.46
38 13 0.58
38 17 0.41
20 38 0.29
23 38 0.31
26 38 0.13
27 38 0.18
28 38 0.11
30 38 0.12
31 38 0.13
38 36 0.33
83 38 0.0016
39 1 0.09
39 3 0.21
39 8 0.22
39 9 0.08
39 10 0.22
39 11 0.1
39 12 0.2
39 23 0.1
39 26 0.19
39 27 0.23
39 28 0.15
39 29 0.11
39 30 0.23
39 31 0.09
39 38 0.22
39 83 1.0E-4
1 40 0.14
3 40 0.06
40 7 0.44
8 40 0.33
10 40 0.33
12 40 0.31
40 13 0.58
40 17 0.41
20 40 0.58
23 40 0.15
26 40 0.13
27 40 0.12
28 40 0.11
30 40 0.24
31 40 0.13
40 36 0.67
40 38 0.33
83 40 3.0E-4
1 41 0.07
41 2 0.38
3 41 0.12
41 4 0.39
41 5 0.21
41 7 0.21
8 41 0.16
10 41 0.32
41 11 0.04
12 41 0.52
41 13 0.28
41 14 0.39
41 15 0.29
41 16 0.28
41 17 0.39
41 18 0.25
41 19 0.28
41 20 0.14
41 23 0.3
41 24 0.38
41 25 0.38
26 41 0.27
27 41 0.31
28 41 0.16
41 29 0.08
30 41 0.11
31 41 0.19
41 33 0.08
41 35 0.25
41 36 0.16
41 37 0.2
41 38 0.32
39 41 0.1
41 40 0.16
83 41 0.0019
42 1 0.11
42 2 0.64
42 3 0.29
42 4 0.21
42 5 0.17
42 6 0.07
42 7 0.22
42 8 0.09
42 9 0.06
42 10 0.34
42 11 0.14
42 12 0.43
42 14 0.21
42 15 0.42
42 16 0.15
42 17 0.1
42 18 0.2
42 19 0.15
42 20 0.22
42 22 0.1
42 23 0.28
42 24 0.53
42 25 0.64
42 26 0.5
42 27 0.55
42 28 0.23
42 29 0.17
42 30 0.3
42 31 0.24
42 32 0.1
42 33 0.13
42 34 0.1
42 35 0.13
42 36 0.09
42 38 0.17
42 39 0.11
42 40 0.17
42 41 0.41
42 83 6.0E-4
1 43 0.06
43 2 0.72
3 43 0.08
43 4 0.34
43 5 0.18
43 7 0.09
8 43 0.14
10 43 0.35
43 11 0.03
12 43 0.45
43 13 0.24
43 14 0.34
43 15 0.69
43 16 0.24
43 17 0.34
43 18 0.22
43 19 0.24
23 43 0.06
43 24 0.74
43 25 0.78
26 43 0.3
27 43 0.34
28 43 0.09
43 29 0.21
30 43 0.1
31 43 0.11
43 33 0.07
43 35 0.22
43 36 0.14
43 38 0.14
43 40 0.14
41 43 0.54
42 43 0.57
83 43 8.0E-4
10 44 0.29
12 44 0.27
23 44 0.27
26 44 0.07
27 44 0.1
38 44 0.58
39 44 0.38
41 44 0.28
42 44 0.15
83 44 5.0E-4
2 45 0.61
3 45 0.04
45 4 0.47
45 5 0.25
10 45 0.1
12 45 0.18
45 14 0.47
15 45 0.24
45 18 0.3
23 45 0.09
24 45 0.37
25 45 0.69
26 45 0.22
27 45 0.27
28 45 0.19
29 45 0.1
30 45 0.14
31 45 0.08
45 35 0.3
41 45 0.37
42 45 0.44
43 45 0.4
83 45 3.0E-4
46 2 0.64
3 46 0.09
46 4 0.39
46 5 0.21
10 46 0.16
11 46 0.04
12 46 0.15
46 14 0.39
46 15 0.78
46 18 0.25
20 46 0.14
23 46 0.22
46 24 0.77
46 25 0.7
26 46 0.27
27 46 0.31
28 46 0.21
46 29 0.24
30 46 0.23
31 46 0.06
46 35 0.25
38 46 0.16
41 46 0.31
42 46 0.53
43 46 0.67
46 45 0.37
83 46 5.0E-4
1 47 0.07
2 47 0.66
3 47 0.06
47 4 0.41
47 5 0.22
10 47 0.08
12 47 0.23
47 14 0.41
15 47 0.61
47 18 0.26
24 47 0.72
25 47 0.73
26 47 0.25
27 47 0.26
28 47 0.11
29 47 0.08
30 47 0.12
47 35 0.26
41 47 0.4
42 47 0.47
43 47 0.7
47 45 0.29
46 47 0.64
83 47 3.0E-4
10 48 0.29
12 48 0.27
23 48 0.27
26 48 0.07
27 48 0.1
38 48 0.58
39 48 0.38
41 48 0.28
42 48 0.15
48 44 1.0
83 48 5.0E-4
2 49 0.26
3 49 0.04
49 5 0.14
49 6 0.19
49 9 0.08
10 49 0.22
12 49 0.2
49 18 0.17
23 49 0.1
24 49 0.1
25 49 0.35
26 49 0.19
27 49 0.19
28 49 0.07
31 49 0.09
49 32 0.27
33 49 0.11
49 34 0.27
49 35 0.17
41 49 0.21
42 49 0.28
43 49 0.28
49 45 0.5
46 49 0.1
47 49 0.11
83 49 1.0E-4
1 50 0.2
3 50 0.22
50 6 0.2
8 50 0.24
50 9 0.24
10 50 0.12
11 50 0.17
12 50 0.11
50 16 0.41
50 17 0.29
50 19 0.41
23 50 0.11
26 50 0.18
27 50 0.08
28 50 0.08
50 29 0.12
30 50 0.08
31 50 0.09
33 50 0.12
39 50 0.15
41 50 0.11
42 50 0.12
43 50 0.1
83 50 1.0E-4
2 51 0.32
51 4 1.0
5 51 0.53
51 14 1.0
15 51 0.5
18 51 0.63
24 51 0.39
25 51 0.32
26 51 0.1
27 51 0.14
28 51 0.27
29 51 0.2
30 51 0.29
35 51 0.63
41 51 0.39
42 51 0.21
43 51 0.34
45 51 0.47
46 51 0.39
47 51 0.41
83 51 0.0010
3 52 0.08
52 5 0.27
12 52 0.19
52 20 0.35
52 21 0.71
52 22 0.5
52 23 0.19
26 52 0.1
27 52 0.07
52 35 0.32
52 37 1.0
52 41 0.2
83 52 0.0010
10 53 0.29
12 53 0.27
20 53 0.5
23 53 0.27
26 53 0.07
27 53 0.1
28 53 0.19
30 53 0.2
38 53 0.58
42 53 0.15
46 53 0.28
83 53 5.0E-4
54 5 0.38
54 6 0.5
54 9 0.3
54 18 0.45
54 22 0.35
26 54 0.15
27 54 0.15
28 54 0.19
30 54 0.2
31 54 0.23
54 32 0.71
33 54 0.3
54 34 0.35
54 35 0.22
42 54 0.15
49 54 0.19
50 54 0.2
83 54 2.0E-4
55 2 0.5
3 55 0.19
55 7 0.25
8 55 0.13
10 55 0.31
55 11 0.03
12 55 0.17
55 13 0.22
55 15 0.39
55 17 0.15
20 55 0.22
23 55 0.29
55 24 0.48
55 25 0.45
26 55 0.34
27 55 0.33
28 55 0.08
55 29 0.31
30 55 0.18
31 55 0.1
55 36 0.13
55 38 0.25
55 40 0.25
41 55 0.24
42 55 0.51
43 55 0.42
55 45 0.15
55 46 0.54
55 47 0.31
55 49 0.25
55 53 0.22
83 55 2.0E-4
1 56 0.27
56 2 0.49
3 56 0.3
56 4 0.17
56 5 0.09
56 7 0.14
8 56 0.07
56 9 0.17
10 56 0.35
56 11 0.28
12 56 0.35
56 13 0.12
56 14 0.17
56 15 0.34
56 16 0.12
56 17 0.17
56 18 0.11
56 19 0.12
56 20 0.24
56 23 0.35
56 24 0.43
56 25 0.49
26 56 0.62
27 56 0.58
28 56 0.21
56 29 0.24
30 56 0.22
31 56 0.11
56 33 0.25
56 34 0.08
56 35 0.16
56 36 0.21
56 37 0.08
56 38 0.21
39 56 0.09
56 40 0.21
56 41 0.4
42 56 0.6
56 43 0.46
56 44 0.12
56 45 0.36
56 46 0.43
56 47 0.38
56 48 0.12
56 49 0.27
56 50 0.1
56 51 0.17
56 52 0.08
56 53 0.12
56 55 0.55
83 56 7.0E-4
2 57 0.41
3 57 0.05
57 4 0.63
5 57 0.34
12 57 0.24
57 14 0.63
15 57 0.32
18 57 0.4
24 57 0.37
25 57 0.51
26 57 0.16
27 57 0.23
28 57 0.17
29 57 0.13
30 57 0.18
35 57 0.4
41 57 0.5
42 57 0.33
43 57 0.43
45 57 0.45
46 57 0.37
47 57 0.65
49 57 0.17
57 51 0.63
55 57 0.1
56 57 0.21
83 57 5.0E-4
2 58 0.57
3 58 0.08
58 4 0.5
58 5 0.27
7 58 0.13
12 58 0.09
58 14 0.5
15 58 0.38
58 18 0.32
23 58 0.19
24 58 0.39
25 58 0.57
26 58 0.21
27 58 0.29
28 58 0.2
29 58 0.1
30 58 0.14
31 58 0.08
58 35 0.32
41 58 0.49
42 58 0.42
43 58 0.34
58 45 0.71
46 58 0.49
47 58 0.41
49 58 0.27
58 51 0.5
55 58 0.23
56 58 0.34
58 57 0.47
83 58 4.0E-4
1 59 0.17
3 59 0.11
59 7 0.25
8 59 0.19
10 59 0.48
59 11 0.05
12 59 0.53
59 13 0.33
59 16 0.33
59 17 0.47
59 19 0.33
59 20 0.67
59 23 0.45
26 59 0.22
27 59 0.24
28 59 0.19
30 59 0.2
31 59 0.15
59 33 0.1
59 36 0.58
59 37 0.24
59 38 0.38
59 40 0.58
59 41 0.37
42 59 0.29
59 43 0.24
59 46 0.09
59 50 0.14
59 52 0.24
59 53 0.33
59 55 0.22
59 56 0.36
83 59 0.0012
60 7 0.38
8 60 0.58
10 60 0.29
12 60 0.27
60 13 1.0
60 17 0.71
26 60 0.07
27 60 0.1
31 60 0.23
60 36 0.58
60 38 0.58
60 40 0.58
41 60 0.28
43 60 0.24
55 60 0.22
56 60 0.12
59 60 0.33
83 60 5.0E-4
3 61 0.08
10 61 0.2
12 61 0.38
61 20 0.35
61 23 0.38
26 61 0.1
27 61 0.07
61 37 0.5
61 38 0.41
39 61 0.27
61 41 0.39
42 61 0.1
61 44 0.71
61 48 0.71
61 52 0.5
61 56 0.17
61 59 0.24
83 61 0.0011
3 62 0.08
10 62 0.2
12 62 0.38
62 20 0.35
62 23 0.38
26 62 0.1
27 62 0.07
62 37 0.5
62 38 0.41
39 62 0.27
62 41 0.39
42 62 0.1
62 44 0.71
62 48 0.71
62 52 0.5
62 56 0.17
62 59 0.24
62 61 1.0
83 62 0.0011
3 63 0.06
10 63 0.33
12 63 0.46
63 20 0.58
63 23 0.46
26 63 0.13
27 63 0.12
28 63 0.11
30 63 0.12
63 37 0.41
63 38 0.33
63 41 0.32
42 63 0.17
63 43 0.14
63 46 0.16
63 52 0.41
63 53 0.58
63 55 0.13
63 56 0.21
63 59 0.58
63 61 0.41
63 62 0.41
83 63 8.0E-4
3 64 0.05
10 64 0.43
12 64 0.53
64 20 0.5
64 23 0.53
26 64 0.15
27 64 0.15
28 64 0.1
30 64 0.1
64 37 0.35
64 38 0.58
39 64 0.19
64 41 0.42
42 64 0.22
64 43 0.12
64 44 0.5
64 46 0.14
64 48 0.5
64 52 0.35
64 53 0.5
64 55 0.11
64 56 0.24
64 59 0.5
64 61 0.71
64 62 0.71
64 63 0.87
83 64 0.0014
65 2 0.21
3 65 0.05
65 7 0.17
12 65 0.12
65 20 0.22
65 23 0.36
65 25 0.1
26 65 0.16
27 65 0.14
65 37 0.32
65 41 0.25
42 65 0.2
65 45 0.15
65 52 0.32
65 55 0.1
65 56 0.21
65 58 0.16
65 59 0.3
65 61 0.32
65 62 0.32
65 63 0.26
65 64 0.22
83 65 2.0E-4
1 66 0.25
3 66 0.11
10 66 0.29
11 66 0.14
12 66 0.27
66 16 1.0
66 17 0.71
66 19 1.0
26 66 0.07
27 66 0.1
31 66 0.23
33 66 0.3
41 66 0.28
42 66 0.15
43 66 0.24
66 50 0.41
56 66 0.12
59 66 0.33
83 66 5.0E-4
1 67 0.06
67 2 0.16
3 67 0.26
67 4 0.33
67 5 0.18
67 7 0.09
8 67 0.14
67 9 0.05
10 67 0.27
67 11 0.13
12 67 0.31
67 13 0.24
67 14 0.33
67 15 0.25
67 16 0.24
67 17 0.33
67 18 0.21
67 19 0.24
67 20 0.24
67 23 0.25
67 24 0.2
67 25 0.16
26 67 0.31
27 67 0.36
28 67 0.23
67 29 0.2
30 67 0.24
31 67 0.27
67 33 0.21
67 35 0.21
67 36 0.27
67 37 0.17
67 38 0.27
67 40 0.14
67 41 0.33
42 67 0.38
67 43 0.29
67 45 0.16
67 46 0.26
67 47 0.2
67 50 0.1
67 51 0.33
67 52 0.17
67 53 0.24
67 55 0.21
67 56 0.31
67 57 0.21
67 58 0.17
67 59 0.39
67 60 0.24
67 61 0.17
67 62 0.17
67 63 0.27
67 64 0.24
67 65 0.11
67 66 0.24
83 67 0.0012
1 68 0.25
3 68 0.11
10 68 0.29
11 68 0.14
12 68 0.27
68 16 1.0
68 17 0.71
68 19 1.0
26 68 0.07
27 68 0.1
31 68 0.23
33 68 0.3
41 68 0.28
42 68 0.15
43 68 0.24
68 50 0.41
56 68 0.12
59 68 0.33
68 66 1.0
67 68 0.24
83 68 5.0E-4
1 69 0.06
69 2 0.32
3 69 0.13
69 4 0.32
69 5 0.17
69 6 0.11
69 7 0.09
10 69 0.13
12 69 0.18
69 14 0.32
69 15 0.16
69 18 0.21
69 20 0.34
69 23 0.49
69 24 0.19
69 25 0.26
26 69 0.32
27 69 0.26
28 69 0.35
69 29 0.07
30 69 0.19
31 69 0.05
69 33 0.07
69 35 0.21
69 36 0.26
69 37 0.16
69 38 0.26
39 69 0.09
69 40 0.13
69 41 0.32
42 69 0.34
69 43 0.11
69 44 0.23
69 45 0.38
69 46 0.25
69 47 0.13
69 48 0.23
69 49 0.09
69 51 0.32
69 52 0.16
69 53 0.23
69 55 0.15
69 56 0.33
69 57 0.21
69 58 0.41
69 59 0.38
69 61 0.32
69 62 0.32
69 63 0.26
69 64 0.34
69 65 0.51
69 67 0.27
83 69 9.0E-4
1 70 0.04
70 2 0.72
3 70 0.16
70 4 0.23
70 5 0.12
70 7 0.19
70 9 0.03
10 70 0.09
11 70 0.2
12 70 0.22
70 14 0.23
70 15 0.46
70 18 0.15
23 70 0.13
70 24 0.59
70 25 0.72
26 70 0.45
27 70 0.55
28 70 0.13
70 29 0.19
30 70 0.1
31 70 0.04
70 33 0.1
70 35 0.15
39 70 0.06
41 70 0.32
42 70 0.56
43 70 0.56
70 45 0.49
70 46 0.55
70 47 0.57
70 49 0.25
70 50 0.07
70 51 0.23
55 70 0.39
56 70 0.57
70 57 0.37
70 58 0.46
65 70 0.15
67 70 0.12
69 70 0.23
83 70 2.0E-4
1 71 0.08
71 2 0.11
3 71 0.3
71 4 0.11
71 5 0.06
71 7 0.18
71 9 0.16
10 71 0.05
11 71 0.46
12 71 0.04
71 14 0.11
71 15 0.17
71 18 0.07
23 71 0.09
71 24 0.13
71 25 0.11
26 71 0.45
27 71 0.51
28 71 0.09
71 29 0.19
30 71 0.1
71 33 0.29
71 35 0.15
39 71 0.06
41 71 0.09
42 71 0.19
43 71 0.12
71 45 0.05
71 46 0.18
71 47 0.14
71 50 0.13
71 51 0.11
55 71 0.11
56 71 0.47
71 57 0.07
71 58 0.11
67 71 0.11
69 71 0.04
71 70 0.51
83 71 0.0
72 2 0.09
3 72 0.04
10 72 0.24
12 72 0.22
72 20 0.41
72 23 0.22
72 25 0.09
26 72 0.18
27 72 0.08
28 72 0.16
30 72 0.08
31 72 0.09
72 37 0.29
72 38 0.24
72 41 0.23
42 72 0.12
72 43 0.1
72 45 0.14
72 46 0.11
72 49 0.15
72 52 0.29
72 53 0.41
72 55 0.18
72 56 0.15
72 59 0.27
72 61 0.29
72 62 0.29
72 63 0.47
72 64 0.41
72 65 0.18
72 67 0.19
72 69 0.19
72 70 0.07
83 72 4.0E-4
2 73 0.32
73 4 1.0
5 73 0.53
73 14 1.0
15 73 0.5
18 73 0.63
24 73 0.39
25 73 0.32
26 73 0.1
27 73 0.14
28 73 0.27
29 73 0.2
30 73 0.29
35 73 0.63
41 73 0.39
42 73 0.21
43 73 0.34
45 73 0.47
46 73 0.39
47 73 0.41
73 51 1.0
56 73 0.17
57 73 0.63
58 73 0.5
67 73 0.33
69 73 0.32
70 73 0.23
71 73 0.11
83 73 0.0010
1 74 0.1
74 2 0.19
3 74 0.04
74 7 0.15
12 74 0.11
74 20 0.41
74 23 0.65
74 24 0.11
74 25 0.09
26 74 0.18
27 74 0.17
28 74 0.24
30 74 0.08
31 74 0.09
74 36 0.47
74 37 0.29
74 40 0.24
74 41 0.23
42 74 0.18
74 45 0.14
74 46 0.11
74 52 0.29
74 55 0.18
74 56 0.24
74 58 0.29
74 59 0.41
74 61 0.29
74 62 0.29
74 63 0.24
74 64 0.2
74 65 0.55
74 67 0.19
74 69 0.56
74 70 0.13
74 72 0.17
83 74 2.0E-4
75 1 0.2
75 2 0.37
75 3 0.12
75 4 0.38
75 5 0.4
75 8 0.31
75 9 0.16
75 10 0.23
75 11 0.04
75 12 0.21
75 14 0.38
75 15 0.38
75 18 0.36
75 21 0.27
75 22 0.38
75 24 0.3
75 25 0.43
75 26 0.28
75 27 0.24
75 28 0.21
75 29 0.08
75 30 0.16
75 31 0.18
75 32 0.19
75 33 0.08
75 35 0.36
75 37 0.19
75 39 0.1
75 41 0.3
75 42 0.39
75 43 0.45
75 45 0.36
75 46 0.37
75 47 0.46
75 49 0.2
75 50 0.11
75 51 0.38
75 52 0.19
75 54 0.13
75 55 0.12
75 56 0.26
75 57 0.48
75 58 0.38
75 67 0.19
75 69 0.12
75 70 0.31
75 71 0.17
75 72 0.11
75 73 0.38
75 83 5.0E-4
76 2 0.73
3 76 0.03
76 4 0.41
76 5 0.22
10 76 0.08
12 76 0.23
76 14 0.41
76 15 0.71
76 18 0.26
23 76 0.08
76 24 0.88
76 25 0.79
26 76 0.25
27 76 0.29
28 76 0.17
76 29 0.25
30 76 0.12
31 76 0.07
76 35 0.26
41 76 0.32
42 76 0.51
43 76 0.77
76 45 0.48
76 46 0.8
76 47 0.67
76 49 0.22
76 51 0.41
55 76 0.38
56 76 0.41
76 57 0.39
76 58 0.41
67 76 0.2
69 76 0.2
70 76 0.57
71 76 0.09
76 73 0.41
74 76 0.12
75 76 0.31
83 76 3.0E-4
2 77 0.46
77 4 0.71
77 5 0.38
12 77 0.13
77 14 0.71
15 77 0.35
77 18 0.45
24 77 0.55
25 77 0.46
26 77 0.15
27 77 0.2
28 77 0.19
29 77 0.14
30 77 0.2
77 35 0.45
41 77 0.55
42 77 0.29
43 77 0.36
77 45 0.5
46 77 0.28
47 77 0.43
49 77 0.19
77 51 0.71
55 77 0.11
56 77 0.24
77 57 0.67
58 77 0.35
67 77 0.24
69 77 0.23
70 77 0.33
71 77 0.08
77 73 0.71
75 77 0.27
76 77 0.43
83 77 6.0E-4
2 78 0.51
78 4 0.63
78 5 0.34
10 78 0.13
12 78 0.24
78 14 0.63
15 78 0.32
78 18 0.4
24 78 0.5
25 78 0.51
26 78 0.16
27 78 0.18
28 78 0.17
29 78 0.13
30 78 0.18
78 35 0.4
41 78 0.37
42 78 0.33
43 78 0.54
78 45 0.6
46 78 0.25
47 78 0.39
49 78 0.34
78 51 0.63
55 78 0.1
56 78 0.27
78 57 0.4
58 78 0.32
67 78 0.21
69 78 0.21
70 78 0.37
71 78 0.07
72 78 0.18
78 73 0.63
75 78 0.36
76 78 0.52
78 77 0.67
83 78 5.0E-4
10 79 0.29
12 79 0.27
20 79 0.5
23 79 0.27
26 79 0.07
27 79 0.1
28 79 0.19
30 79 0.2
38 79 0.58
42 79 0.15
46 79 0.28
79 53 1.0
55 79 0.22
56 79 0.12
59 79 0.33
63 79 0.58
64 79 0.5
67 79 0.24
69 79 0.23
72 79 0.41
83 79 5.0E-4
3 80 0.22
80 7 0.31
8 80 0.24
10 80 0.24
12 80 0.22
80 13 0.41
80 17 0.29
20 80 0.2
26 80 0.18
27 80 0.04
28 80 0.24
30 80 0.08
31 80 0.19
80 36 0.24
80 38 0.24
80 40 0.47
41 80 0.11
42 80 0.06
43 80 0.1
55 80 0.18
56 80 0.1
59 80 0.27
80 60 0.41
67 80 0.1
69 80 0.28
83 80 1.0E-4
81 1 0.13
81 2 0.06
81 3 0.25
81 4 0.18
81 5 0.28
81 7 0.19
81 8 0.29
81 9 0.1
81 10 0.29
81 11 0.07
81 12 0.33
81 13 0.25
81 14 0.18
81 15 0.09
81 16 0.25
81 17 0.35
81 18 0.22
81 19 0.25
81 20 0.13
81 21 0.25
81 22 0.35
81 23 0.07
81 24 0.07
81 25 0.06
81 26 0.29
81 27 0.28
81 28 0.14
81 29 0.14
81 30 0.26
81 31 0.23
81 32 0.18
81 33 0.15
81 35 0.22
81 36 0.14
81 37 0.18
81 38 0.14
81 39 0.09
81 40 0.29
81 41 0.21
81 42 0.26
81 43 0.18
81 45 0.08
81 46 0.07
81 47 0.07
81 50 0.1
81 51 0.18
81 52 0.18
81 54 0.25
81 55 0.22
81 56 0.18
81 57 0.11
81 58 0.09
81 59 0.25
81 60 0.25
81 65 0.11
81 66 0.25
81 67 0.29
81 68 0.25
81 69 0.11
81 70 0.04
81 73 0.18
81 74 0.1
81 75 0.27
81 76 0.07
81 77 0.13
81 78 0.11
81 80 0.2
81 83 7.0E-4
1 82 0.14
82 2 0.33
3 82 0.06
82 7 0.22
8 82 0.17
10 82 0.33
11 82 0.04
12 82 0.23
82 13 0.29
82 15 0.41
82 16 0.29
82 17 0.41
82 19 0.29
20 82 0.29
23 82 0.23
82 24 0.4
82 25 0.33
26 82 0.25
27 82 0.23
28 82 0.11
82 29 0.08
30 82 0.12
31 82 0.13
33 82 0.09
82 36 0.5
82 38 0.17
82 40 0.5
41 82 0.16
42 82 0.38
43 82 0.49
82 46 0.4
82 47 0.33
82 50 0.12
55 82 0.38
56 82 0.38
59 82 0.58
82 60 0.29
65 82 0.26
82 66 0.29
67 82 0.27
82 68 0.29
69 82 0.26
70 82 0.24
71 82 0.05
74 82 0.35
75 82 0.08
82 76 0.42
82 80 0.24
81 82 0.29
83 82 3.0E-4
