*Vertices  93
1 "LCD显示屏"
2 "显示器"
3 "衬底"
4 "LED灯"
5 "滤波片"
6 "光纤"
7 "光膜"
8 "传感器"
9 "控制器"
10 "处理器"
11 "单片机"
12 "荧光粉"
13 "整流器"
14 "开关"
15 "发光荧光材料"
16 "III-V族半导体材料"
17 "GAN"
18 "保护层"
19 "刻度板"
20 "焊油墨"
21 "PD"
22 "活性层"
23 "显示技术"
24 "激光射线"
25 "变压器"
26 "触摸屏"
27 "牙结石"
28 "光纤耦合"
29 "LED外延片"
30 "外延片"
31 "外延"
32 "LED"
33 "二极管"
34 "掩膜"
35 "玻璃"
36 "通道"
37 "LED光源"
38 "塑料"
39 "腐蚀液"
40 "光电转换器件"
41 "转换器"
42 "铝基板"
43 "基板"
44 "缓冲层"
45 "内量子效率"
46 "滤光片"
47 "电动机"
48 "光谱仪"
49 "发光体"
50 "光刻胶"
51 "SiO2"
52 "半导体"
53 "电路板"
54 "Al2O3"
55 "GaAs"
56 "MQW"
57 "ITO"
58 "GPIO"
59 "键合"
60 "客户"
61 "光子晶体"
62 "荧光光谱"
63 "光电池"
64 "LED芯片"
65 "芯片"
66 "金属层"
67 "电流扩展层"
68 "Li"
69 "离子"
70 "电极"
71 "接触层"
72 "电阻"
73 "基色"
74 "驱动模块"
75 "光子晶体谐振腔"
76 "粘附层"
77 "MOCVD"
78 "标准芯片工艺制作"
79 "湿法刻蚀"
80 "干法刻蚀"
81 "湿法腐蚀"
82 "空穴"
83 "洗墙灯"
84 "射灯"
85 "检测板"
86 "屏幕"
87 "透镜"
88 "透明导电层"
89 "反射层"
90 "甲基"
91 "聚光帽"
92 "激发光"
93 "激光"
*Arcs
93 1 1.0E-4
2 1 0.33
93 2 3.0E-4
3 1 0.08
93 3 0.0012
4 1 0.04
4 2 0.08
4 3 0.03
93 4 1.0E-4
3 5 0.32
93 5 0.0010
3 6 0.17
6 5 0.53
93 6 0.0011
7 1 0.19
7 2 0.29
7 4 0.13
93 7 5.0E-4
1 8 0.13
2 8 0.25
4 8 0.13
8 6 0.23
93 8 2.0E-4
1 9 0.24
2 9 0.24
4 9 0.11
9 6 0.09
9 8 0.19
93 9 0.0
10 1 0.09
10 2 0.26
10 4 0.14
10 6 0.1
10 7 0.15
10 8 0.36
10 9 0.44
93 10 1.0E-4
11 1 0.08
2 11 0.52
4 11 0.13
11 8 0.28
11 9 0.17
10 11 0.24
93 11 0.0
12 2 0.14
12 3 0.13
12 4 0.13
12 7 0.33
12 9 0.07
12 10 0.07
12 11 0.07
93 12 3.0E-4
13 3 0.07
4 13 0.22
13 9 0.07
93 13 0.0
14 1 0.14
2 14 0.07
4 14 0.37
14 8 0.19
14 9 0.23
10 14 0.21
14 11 0.19
12 14 0.08
14 13 0.2
93 14 0.0
15 2 0.13
15 3 0.18
15 4 0.21
15 7 0.31
15 10 0.07
15 11 0.06
15 12 0.54
15 14 0.07
93 15 4.0E-4
3 16 0.32
16 5 1.0
6 16 0.53
93 16 0.0010
17 1 0.12
17 3 0.65
4 17 0.04
17 5 0.5
17 6 0.27
12 17 0.1
13 17 0.1
17 16 0.5
93 17 0.0010
3 18 0.23
4 18 0.11
12 18 0.14
13 18 0.14
15 18 0.13
17 18 0.18
93 18 4.0E-4
8 19 0.2
93 19 4.0E-4
1 20 0.33
2 20 0.25
4 20 0.11
7 20 0.58
93 20 2.0E-4
2 21 0.11
3 21 0.21
21 5 0.63
21 6 0.68
21 8 0.27
10 21 0.12
21 16 0.63
17 21 0.32
93 21 9.0E-4
3 22 0.23
15 22 0.27
18 22 0.5
93 22 4.0E-4
1 23 0.24
2 23 0.35
8 23 0.14
9 23 0.34
10 23 0.18
11 23 0.16
93 23 2.0E-4
8 24 0.2
24 19 1.0
93 24 4.0E-4
2 25 0.11
25 3 0.05
4 25 0.26
25 8 0.04
25 9 0.1
11 25 0.05
12 25 0.06
25 13 0.68
14 25 0.29
25 17 0.08
25 18 0.11
93 25 0.0
14 26 0.14
93 26 2.0E-4
6 27 0.38
93 27 3.0E-4
6 28 0.53
8 28 0.14
21 28 0.32
28 27 0.71
93 28 7.0E-4
29 1 0.12
29 3 0.65
4 29 0.04
12 29 0.1
13 29 0.1
29 17 0.75
29 18 0.18
25 29 0.08
93 29 3.0E-4
30 1 0.09
30 3 0.83
4 30 0.03
30 5 0.39
30 6 0.21
12 30 0.08
13 30 0.08
15 30 0.15
30 16 0.39
30 17 0.78
30 18 0.14
30 21 0.25
25 30 0.06
30 29 0.78
93 30 9.0E-4
31 1 0.08
31 3 0.95
4 31 0.05
31 5 0.32
31 6 0.17
12 31 0.13
13 31 0.07
15 31 0.25
31 16 0.32
31 17 0.65
31 18 0.23
31 21 0.21
31 22 0.23
25 31 0.05
31 29 0.65
31 30 0.83
93 31 0.0014
32 1 0.22
32 2 0.29
32 3 0.32
32 4 0.67
32 5 0.1
32 6 0.19
32 7 0.13
32 8 0.37
32 9 0.3
32 10 0.28
32 11 0.32
32 12 0.25
32 13 0.25
32 14 0.54
32 15 0.28
32 16 0.1
32 17 0.21
32 18 0.15
32 19 0.07
32 20 0.07
32 21 0.16
32 22 0.07
32 23 0.1
32 24 0.07
32 25 0.34
32 26 0.07
32 27 0.07
32 28 0.1
32 29 0.21
32 30 0.27
32 31 0.32
93 32 8.0E-4
33 1 0.14
33 2 0.15
33 3 0.37
33 4 0.32
33 5 0.14
33 6 0.23
33 7 0.12
33 8 0.2
33 9 0.15
33 10 0.08
33 11 0.16
33 12 0.23
33 13 0.35
33 14 0.46
33 15 0.33
33 16 0.14
33 17 0.25
33 18 0.1
33 21 0.18
33 22 0.1
33 25 0.39
33 27 0.1
33 28 0.14
33 29 0.22
33 30 0.31
33 31 0.37
33 32 0.72
93 33 6.0E-4
3 34 0.23
4 34 0.11
13 34 0.29
17 34 0.35
18 34 0.5
25 34 0.21
29 34 0.35
30 34 0.28
31 34 0.23
32 34 0.07
33 34 0.1
93 34 3.0E-4
35 2 0.19
35 3 0.13
35 4 0.27
35 5 0.27
35 6 0.29
35 7 0.11
35 8 0.12
35 10 0.15
35 11 0.22
35 12 0.11
35 14 0.18
35 15 0.1
35 16 0.27
35 17 0.14
35 21 0.34
35 25 0.08
35 28 0.14
35 30 0.16
35 31 0.13
35 32 0.38
35 33 0.27
93 35 4.0E-4
2 36 0.07
36 3 0.2
4 36 0.22
36 5 0.2
36 6 0.11
36 8 0.12
11 36 0.07
14 36 0.04
36 16 0.2
36 17 0.31
36 21 0.13
36 29 0.2
36 30 0.24
36 31 0.2
32 36 0.25
33 36 0.23
35 36 0.11
93 36 1.0E-4
37 1 0.07
37 2 0.15
37 3 0.09
37 4 0.36
37 5 0.29
37 6 0.15
37 7 0.12
37 8 0.04
37 10 0.11
37 11 0.09
37 12 0.24
37 13 0.06
37 14 0.06
37 15 0.16
37 16 0.29
37 17 0.14
37 21 0.18
37 25 0.09
37 30 0.11
37 31 0.09
37 32 0.36
37 33 0.29
37 35 0.24
37 36 0.18
93 37 2.0E-4
38 2 0.17
38 3 0.05
38 4 0.28
38 6 0.17
38 7 0.26
38 8 0.18
38 9 0.17
38 10 0.12
38 11 0.05
38 12 0.2
38 14 0.16
38 15 0.18
38 21 0.21
38 23 0.16
38 25 0.05
38 28 0.16
38 30 0.06
38 31 0.05
38 32 0.32
38 33 0.28
38 35 0.35
38 36 0.13
38 37 0.14
93 38 3.0E-4
3 39 0.56
4 39 0.04
13 39 0.12
17 39 0.14
18 39 0.2
25 39 0.09
29 39 0.29
30 39 0.34
31 39 0.47
32 39 0.18
33 39 0.25
39 34 0.41
35 39 0.08
38 39 0.09
93 39 1.0E-4
40 6 0.53
40 8 0.28
40 21 0.63
40 28 0.5
32 40 0.1
33 40 0.14
35 40 0.27
38 40 0.32
93 40 3.0E-4
41 1 0.2
2 41 0.15
4 41 0.1
41 6 0.23
41 8 0.3
41 9 0.22
10 41 0.16
11 41 0.14
12 41 0.09
14 41 0.25
15 41 0.08
41 21 0.27
25 41 0.06
41 28 0.21
32 41 0.24
33 41 0.21
35 41 0.12
38 41 0.21
41 40 0.43
93 41 1.0E-4
42 2 0.08
42 3 0.07
42 4 0.3
42 7 0.17
42 10 0.08
42 12 0.17
42 14 0.08
42 15 0.08
42 18 0.15
42 25 0.13
42 30 0.08
42 31 0.07
42 32 0.24
42 33 0.24
42 35 0.12
42 36 0.26
42 37 0.18
42 38 0.35
42 39 0.12
93 42 1.0E-4
3 43 0.08
4 43 0.27
12 43 0.1
13 43 0.31
25 43 0.23
31 43 0.08
32 43 0.21
33 43 0.14
36 43 0.2
37 43 0.07
93 43 0.0
44 1 0.12
44 3 0.65
12 44 0.1
15 44 0.19
44 17 0.63
44 29 0.75
44 30 0.78
44 31 0.65
32 44 0.21
33 44 0.22
44 36 0.2
93 44 2.0E-4
3 45 0.32
12 45 0.2
17 45 0.25
29 45 0.5
30 45 0.39
31 45 0.32
32 45 0.1
33 45 0.07
44 45 0.5
93 45 2.0E-4
1 46 0.15
2 46 0.11
3 46 0.21
46 5 0.63
46 6 0.68
46 8 0.09
11 46 0.1
14 46 0.06
46 16 0.63
17 46 0.32
46 21 0.6
46 27 0.45
46 28 0.32
30 46 0.25
31 46 0.21
32 46 0.16
33 46 0.23
35 46 0.26
36 46 0.13
37 46 0.27
38 46 0.1
46 40 0.32
41 46 0.13
93 46 0.0010
2 47 0.14
4 47 0.06
8 47 0.23
9 47 0.14
10 47 0.15
11 47 0.26
12 47 0.17
47 19 0.58
47 23 0.41
47 24 0.58
32 47 0.13
37 47 0.12
38 47 0.13
93 47 5.0E-4
4 48 0.08
48 6 0.27
15 48 0.19
48 27 0.71
48 28 0.5
32 48 0.1
33 48 0.07
48 46 0.32
93 48 2.0E-4
49 2 0.09
49 4 0.21
49 7 0.22
49 8 0.08
49 10 0.1
49 12 0.22
49 14 0.1
49 15 0.2
49 32 0.19
49 33 0.23
49 35 0.15
49 36 0.11
49 37 0.23
49 38 0.09
49 42 0.11
93 49 1.0E-4
3 50 0.46
4 50 0.05
13 50 0.14
17 50 0.18
18 50 0.25
25 50 0.11
29 50 0.35
30 50 0.42
31 50 0.46
32 50 0.15
33 50 0.2
50 34 0.5
35 50 0.1
38 50 0.11
39 50 0.82
42 50 0.15
93 50 2.0E-4
2 51 0.07
51 3 0.38
4 51 0.12
51 5 0.39
51 6 0.21
7 51 0.16
12 51 0.32
51 13 0.08
51 14 0.04
15 51 0.52
51 16 0.39
51 17 0.29
51 18 0.14
51 21 0.25
51 25 0.06
51 29 0.2
51 30 0.38
51 31 0.38
32 51 0.27
33 51 0.31
51 34 0.28
35 51 0.16
51 36 0.08
37 51 0.11
38 51 0.19
51 39 0.34
51 41 0.08
51 44 0.1
51 46 0.25
51 48 0.2
49 51 0.1
51 50 0.28
93 51 7.0E-4
52 1 0.05
52 2 0.11
52 3 0.64
52 4 0.29
52 5 0.21
52 6 0.17
52 7 0.09
52 8 0.06
52 10 0.08
52 11 0.03
52 12 0.34
52 13 0.17
52 14 0.14
52 15 0.43
52 16 0.21
52 17 0.42
52 18 0.15
52 21 0.2
52 22 0.15
52 25 0.19
52 26 0.15
52 28 0.1
52 29 0.42
52 30 0.53
52 31 0.64
52 32 0.5
52 33 0.55
52 34 0.15
52 35 0.23
52 36 0.17
52 37 0.3
52 38 0.24
52 39 0.36
52 40 0.1
52 41 0.13
52 42 0.27
52 43 0.1
52 44 0.42
52 45 0.21
52 46 0.13
52 49 0.11
52 50 0.29
52 51 0.41
93 52 0.0013
53 1 0.2
53 2 0.26
53 4 0.4
53 7 0.24
53 8 0.08
53 9 0.1
53 10 0.11
53 11 0.14
53 12 0.12
53 14 0.14
53 15 0.16
53 20 0.2
53 23 0.14
53 25 0.04
53 32 0.36
53 33 0.17
53 35 0.39
53 36 0.06
53 37 0.17
53 38 0.19
53 42 0.06
53 46 0.09
53 49 0.23
53 51 0.06
53 52 0.15
93 53 1.0E-4
54 1 0.08
2 54 0.06
54 3 0.72
4 54 0.08
54 5 0.34
54 6 0.18
7 54 0.14
12 54 0.35
54 13 0.07
54 14 0.03
15 54 0.45
54 16 0.34
54 17 0.69
54 18 0.24
54 21 0.22
54 22 0.24
54 25 0.05
54 29 0.6
54 30 0.74
54 31 0.78
32 54 0.3
33 54 0.34
54 34 0.24
35 54 0.09
54 36 0.21
37 54 0.1
38 54 0.11
54 39 0.1
54 41 0.07
54 43 0.09
54 44 0.69
54 45 0.34
54 46 0.22
54 50 0.12
51 54 0.54
52 54 0.57
93 54 0.0014
3 55 0.61
4 55 0.04
55 5 0.47
55 6 0.25
12 55 0.1
15 55 0.18
55 16 0.47
17 55 0.24
55 21 0.3
30 55 0.37
31 55 0.69
32 55 0.22
33 55 0.27
35 55 0.19
36 55 0.1
37 55 0.14
38 55 0.08
39 55 0.41
42 55 0.1
55 43 0.12
44 55 0.12
55 46 0.3
55 50 0.33
51 55 0.37
52 55 0.44
54 55 0.4
93 55 8.0E-4
56 1 0.09
56 3 0.64
4 56 0.09
56 5 0.39
56 6 0.21
12 56 0.16
13 56 0.16
14 56 0.04
15 56 0.15
56 16 0.39
56 17 0.78
56 18 0.14
56 21 0.25
25 56 0.12
56 29 0.69
56 30 0.77
56 31 0.7
32 56 0.27
33 56 0.31
56 34 0.28
35 56 0.21
56 36 0.24
37 56 0.23
38 56 0.06
56 39 0.23
42 56 0.08
56 44 0.59
56 45 0.39
56 46 0.25
56 50 0.28
51 56 0.31
52 56 0.53
54 56 0.67
56 55 0.37
93 56 0.0010
57 1 0.19
2 57 0.07
3 57 0.66
4 57 0.06
57 5 0.41
57 6 0.22
57 9 0.07
12 57 0.08
13 57 0.08
15 57 0.23
57 16 0.41
17 57 0.61
57 18 0.29
57 21 0.26
57 22 0.29
25 57 0.06
29 57 0.61
30 57 0.72
31 57 0.73
32 57 0.25
33 57 0.26
57 34 0.29
35 57 0.11
36 57 0.08
37 57 0.12
57 39 0.24
44 57 0.51
57 45 0.41
57 46 0.26
57 50 0.29
51 57 0.4
52 57 0.47
54 57 0.7
57 55 0.29
56 57 0.64
93 57 0.0015
58 1 0.19
2 58 0.14
4 58 0.06
10 58 0.15
11 58 0.13
14 58 0.24
58 26 0.58
32 58 0.13
33 58 0.06
37 58 0.12
58 46 0.26
52 58 0.09
53 58 0.12
93 58 2.0E-4
3 59 0.26
4 59 0.04
59 6 0.14
59 8 0.08
11 59 0.09
12 59 0.22
15 59 0.2
59 18 0.19
59 21 0.17
30 59 0.1
31 59 0.35
32 59 0.19
33 59 0.19
35 59 0.07
38 59 0.09
59 39 0.15
59 40 0.27
41 59 0.11
42 59 0.11
59 43 0.13
44 59 0.13
59 46 0.17
51 59 0.21
52 59 0.28
54 59 0.28
59 55 0.5
56 59 0.1
57 59 0.11
93 59 2.0E-4
60 1 0.14
2 60 0.2
4 60 0.22
7 60 0.24
60 8 0.24
10 60 0.21
12 60 0.12
14 60 0.17
15 60 0.11
60 20 0.41
32 60 0.18
33 60 0.08
35 60 0.08
60 36 0.12
37 60 0.08
38 60 0.09
41 60 0.12
49 60 0.15
51 60 0.11
52 60 0.12
53 60 0.17
54 60 0.1
58 60 0.24
93 60 1.0E-4
3 61 0.32
61 5 1.0
6 61 0.53
61 16 1.0
17 61 0.5
21 61 0.63
30 61 0.39
31 61 0.32
32 61 0.1
33 61 0.14
35 61 0.27
36 61 0.2
37 61 0.29
46 61 0.63
51 61 0.39
52 61 0.21
54 61 0.34
55 61 0.47
56 61 0.39
57 61 0.41
93 61 0.0010
4 62 0.08
62 6 0.27
15 62 0.19
62 27 0.71
62 28 0.5
32 62 0.1
33 62 0.07
62 46 0.32
62 48 1.0
62 51 0.2
93 62 2.0E-4
63 6 0.38
63 8 0.3
10 63 0.13
63 21 0.45
63 28 0.35
32 63 0.15
33 63 0.15
35 63 0.19
37 63 0.2
38 63 0.23
63 40 0.71
41 63 0.3
63 46 0.22
52 63 0.15
59 63 0.19
60 63 0.2
93 63 1.0E-4
64 1 0.07
64 3 0.5
4 64 0.19
7 64 0.13
64 11 0.05
12 64 0.31
64 13 0.13
64 14 0.03
15 64 0.17
64 17 0.39
64 18 0.22
64 25 0.09
64 29 0.54
64 30 0.48
64 31 0.45
32 64 0.34
33 64 0.33
64 34 0.22
35 64 0.08
64 36 0.31
37 64 0.18
38 64 0.1
64 39 0.36
42 64 0.26
64 43 0.23
64 44 0.39
64 45 0.15
64 50 0.33
51 64 0.24
52 64 0.51
53 64 0.04
54 64 0.42
64 55 0.15
64 56 0.54
64 57 0.31
64 59 0.25
93 64 2.0E-4
65 1 0.24
2 65 0.27
65 3 0.49
4 65 0.3
65 5 0.17
65 6 0.09
7 65 0.07
65 8 0.17
65 9 0.23
10 65 0.12
65 11 0.33
12 65 0.35
65 13 0.14
65 14 0.28
15 65 0.35
65 16 0.17
65 17 0.34
65 18 0.12
65 21 0.11
65 23 0.17
65 25 0.18
65 26 0.12
65 29 0.34
65 30 0.43
65 31 0.49
32 65 0.62
33 65 0.58
65 34 0.12
35 65 0.21
65 36 0.24
37 65 0.22
38 65 0.11
65 39 0.29
65 41 0.25
42 65 0.22
65 43 0.13
65 44 0.34
65 45 0.17
65 46 0.16
65 47 0.14
65 48 0.08
49 65 0.09
65 50 0.24
65 51 0.4
52 65 0.6
53 65 0.22
65 54 0.46
65 55 0.36
65 56 0.43
65 57 0.38
65 58 0.14
65 59 0.27
65 60 0.1
65 61 0.17
65 62 0.08
65 64 0.55
93 65 7.0E-4
3 66 0.41
4 66 0.05
66 5 0.63
6 66 0.34
15 66 0.24
66 16 0.63
17 66 0.32
18 66 0.22
21 66 0.4
66 22 0.45
29 66 0.16
30 66 0.37
31 66 0.51
32 66 0.16
33 66 0.23
35 66 0.17
36 66 0.13
37 66 0.18
39 66 0.18
46 66 0.4
50 66 0.22
51 66 0.5
52 66 0.33
54 66 0.43
55 66 0.45
56 66 0.37
57 66 0.65
59 66 0.17
66 61 0.63
64 66 0.1
65 66 0.21
93 66 0.0014
3 67 0.57
4 67 0.08
67 5 0.5
67 6 0.27
13 67 0.1
15 67 0.09
67 16 0.5
17 67 0.38
18 67 0.18
67 21 0.32
25 67 0.08
29 67 0.13
30 67 0.39
31 67 0.57
32 67 0.21
33 67 0.29
67 34 0.35
35 67 0.2
36 67 0.1
37 67 0.14
38 67 0.08
67 39 0.58
42 67 0.11
67 46 0.32
67 50 0.35
51 67 0.49
52 67 0.42
54 67 0.34
67 55 0.71
56 67 0.49
57 67 0.41
59 67 0.27
67 61 0.5
64 67 0.23
65 67 0.34
67 66 0.47
93 67 9.0E-4
2 68 0.06
68 3 0.16
4 68 0.26
68 5 0.33
68 6 0.18
7 68 0.14
68 8 0.05
68 9 0.06
10 68 0.06
68 11 0.05
12 68 0.27
68 14 0.13
15 68 0.31
68 16 0.33
68 17 0.25
68 21 0.21
68 25 0.05
68 29 0.08
68 30 0.2
68 31 0.16
32 68 0.31
33 68 0.36
35 68 0.23
68 36 0.2
37 68 0.24
38 68 0.27
68 41 0.21
42 68 0.36
68 44 0.08
68 45 0.17
68 46 0.21
68 48 0.17
68 51 0.33
52 68 0.38
53 68 0.14
68 54 0.29
68 55 0.16
68 56 0.26
68 57 0.2
68 60 0.1
68 61 0.33
68 62 0.17
68 64 0.21
68 65 0.31
68 66 0.21
68 67 0.17
93 68 3.0E-4
69 1 0.15
2 69 0.06
69 3 0.32
4 69 0.13
69 5 0.32
69 6 0.17
12 69 0.13
15 69 0.18
69 16 0.32
69 17 0.16
69 21 0.21
69 25 0.1
69 30 0.19
69 31 0.26
32 69 0.32
33 69 0.26
35 69 0.35
69 36 0.07
37 69 0.19
38 69 0.05
69 39 0.37
69 41 0.07
42 69 0.07
69 46 0.21
69 48 0.16
49 69 0.09
69 50 0.23
69 51 0.32
52 69 0.34
53 69 0.14
69 54 0.11
69 55 0.38
69 56 0.25
69 57 0.13
69 59 0.09
69 61 0.32
69 62 0.16
69 64 0.15
69 65 0.33
69 66 0.21
69 67 0.41
69 68 0.27
93 69 2.0E-4
70 1 0.11
2 70 0.04
70 3 0.72
4 70 0.16
70 5 0.23
70 6 0.12
70 8 0.03
70 9 0.12
11 70 0.04
12 70 0.09
70 13 0.33
14 70 0.2
15 70 0.22
70 16 0.23
70 17 0.46
70 18 0.16
70 21 0.15
70 22 0.16
70 25 0.39
70 29 0.46
70 30 0.59
70 31 0.72
32 70 0.45
33 70 0.55
70 34 0.16
35 70 0.13
70 36 0.19
37 70 0.1
38 70 0.04
70 39 0.4
70 41 0.1
42 70 0.1
70 43 0.06
70 44 0.46
70 45 0.23
70 46 0.15
49 70 0.06
70 50 0.33
51 70 0.32
52 70 0.56
53 70 0.03
54 70 0.56
70 55 0.49
70 56 0.55
70 57 0.57
70 59 0.25
70 60 0.07
70 61 0.23
64 70 0.39
65 70 0.57
70 66 0.37
70 67 0.46
68 70 0.12
69 70 0.23
93 70 8.0E-4
71 1 0.13
71 3 0.61
4 71 0.04
12 71 0.11
13 71 0.11
71 17 0.8
71 18 0.19
25 71 0.08
71 29 0.94
71 30 0.73
71 31 0.61
32 71 0.19
33 71 0.19
71 34 0.38
71 36 0.22
71 39 0.15
71 44 0.8
71 45 0.53
71 50 0.19
51 71 0.1
52 71 0.39
54 71 0.64
71 56 0.73
71 57 0.55
64 71 0.49
65 71 0.32
71 67 0.13
68 71 0.09
70 71 0.43
93 71 3.0E-4
72 1 0.16
2 72 0.08
72 3 0.11
4 72 0.3
72 5 0.11
72 6 0.06
72 8 0.16
72 9 0.16
10 72 0.08
11 72 0.22
12 72 0.05
72 13 0.56
14 72 0.46
15 72 0.04
72 16 0.11
72 17 0.17
72 18 0.08
72 21 0.07
72 25 0.55
72 26 0.16
72 29 0.11
72 30 0.13
72 31 0.11
32 72 0.45
33 72 0.51
72 34 0.16
35 72 0.09
72 36 0.19
37 72 0.1
72 39 0.07
72 41 0.29
42 72 0.05
72 43 0.23
72 44 0.06
72 45 0.11
72 46 0.15
49 72 0.06
72 50 0.08
51 72 0.09
52 72 0.19
53 72 0.17
54 72 0.12
72 55 0.05
72 56 0.18
72 57 0.14
72 58 0.28
72 60 0.13
72 61 0.11
64 72 0.11
65 72 0.47
72 66 0.07
72 67 0.11
68 72 0.11
69 72 0.04
72 70 0.51
72 71 0.12
93 72 2.0E-4
73 3 0.09
4 73 0.04
73 9 0.1
10 73 0.11
12 73 0.24
15 73 0.22
73 31 0.09
32 73 0.18
33 73 0.08
35 73 0.16
37 73 0.08
38 73 0.09
73 43 0.14
73 48 0.29
73 51 0.23
52 73 0.12
53 73 0.08
73 54 0.1
73 55 0.14
73 56 0.11
73 59 0.15
73 62 0.29
73 64 0.18
73 65 0.15
73 68 0.19
73 69 0.19
73 70 0.07
93 73 1.0E-4
2 74 0.18
4 74 0.08
8 74 0.14
9 74 0.17
10 74 0.18
11 74 0.16
74 23 0.5
32 74 0.1
38 74 0.16
47 74 0.41
65 74 0.17
93 74 1.0E-4
3 75 0.32
75 5 1.0
6 75 0.53
75 16 1.0
17 75 0.5
21 75 0.63
30 75 0.39
31 75 0.32
32 75 0.1
33 75 0.14
35 75 0.27
36 75 0.2
37 75 0.29
46 75 0.63
51 75 0.39
52 75 0.21
54 75 0.34
55 75 0.47
56 75 0.39
57 75 0.41
75 61 1.0
65 75 0.17
66 75 0.63
67 75 0.5
68 75 0.33
69 75 0.32
70 75 0.23
72 75 0.11
93 75 0.0010
3 76 0.23
15 76 0.27
18 76 0.5
76 22 1.0
31 76 0.23
32 76 0.07
33 76 0.1
52 76 0.15
54 76 0.24
57 76 0.29
66 76 0.45
70 76 0.16
93 76 4.0E-4
77 1 0.1
77 3 0.73
4 77 0.03
77 5 0.41
77 6 0.22
12 77 0.08
15 77 0.23
77 16 0.41
77 17 0.71
77 21 0.26
77 29 0.61
77 30 0.88
77 31 0.79
32 77 0.25
33 77 0.29
35 77 0.17
77 36 0.25
37 77 0.12
38 77 0.07
77 39 0.12
42 77 0.09
77 44 0.82
77 45 0.41
77 46 0.26
77 50 0.14
51 77 0.32
52 77 0.51
54 77 0.77
77 55 0.48
77 56 0.8
77 57 0.67
77 59 0.22
77 61 0.41
64 77 0.38
65 77 0.41
77 66 0.39
77 67 0.41
68 77 0.2
69 77 0.2
70 77 0.57
77 71 0.65
72 77 0.09
77 75 0.41
93 77 8.0E-4
78 1 0.15
78 3 0.51
12 78 0.13
78 17 0.63
78 29 0.79
78 30 0.62
78 31 0.51
32 78 0.16
33 78 0.14
78 36 0.13
78 44 0.79
78 45 0.63
52 78 0.33
54 78 0.54
78 56 0.62
78 57 0.52
64 78 0.39
65 78 0.27
68 78 0.11
70 78 0.37
78 71 0.85
72 78 0.07
78 77 0.65
93 78 2.0E-4
3 79 0.46
79 5 0.71
79 6 0.38
15 79 0.13
79 16 0.71
17 79 0.35
79 21 0.45
29 79 0.18
30 79 0.55
31 79 0.46
32 79 0.15
33 79 0.2
35 79 0.19
36 79 0.14
37 79 0.2
39 79 0.2
44 79 0.18
79 46 0.45
79 50 0.25
51 79 0.55
52 79 0.29
54 79 0.36
79 55 0.5
56 79 0.28
57 79 0.43
59 79 0.19
79 61 0.71
64 79 0.11
65 79 0.24
79 66 0.67
67 79 0.35
68 79 0.24
69 79 0.23
70 79 0.33
72 79 0.08
79 75 0.71
77 79 0.43
93 79 6.0E-4
3 80 0.51
80 5 0.63
80 6 0.34
12 80 0.13
15 80 0.24
80 16 0.63
17 80 0.32
80 21 0.4
30 80 0.5
31 80 0.51
32 80 0.16
33 80 0.18
35 80 0.17
36 80 0.13
37 80 0.18
80 43 0.16
44 80 0.32
80 46 0.4
51 80 0.37
52 80 0.33
54 80 0.54
80 55 0.6
56 80 0.25
57 80 0.39
59 80 0.34
80 61 0.63
64 80 0.1
65 80 0.27
80 66 0.4
67 80 0.32
68 80 0.21
69 80 0.21
70 80 0.37
72 80 0.07
73 80 0.18
80 75 0.63
77 80 0.52
80 79 0.67
93 80 8.0E-4
3 81 0.32
4 81 0.08
13 81 0.2
17 81 0.25
18 81 0.35
25 81 0.15
29 81 0.25
30 81 0.2
31 81 0.32
32 81 0.1
33 81 0.14
81 34 0.71
39 81 0.58
50 81 0.35
51 81 0.2
52 81 0.21
54 81 0.17
55 81 0.24
56 81 0.2
57 81 0.2
59 81 0.27
64 81 0.15
65 81 0.17
67 81 0.5
69 81 0.16
70 81 0.23
71 81 0.27
72 81 0.11
93 81 2.0E-4
82 1 0.13
3 82 0.26
4 82 0.17
12 82 0.11
13 82 0.11
14 82 0.1
17 82 0.4
25 82 0.16
29 82 0.4
30 82 0.31
31 82 0.26
32 82 0.19
33 82 0.23
36 82 0.11
37 82 0.08
38 82 0.26
42 82 0.34
44 82 0.4
82 45 0.27
52 82 0.39
54 82 0.28
56 82 0.42
82 57 0.33
64 82 0.25
65 82 0.18
68 82 0.36
70 82 0.25
71 82 0.43
72 82 0.12
77 82 0.33
78 82 0.51
93 82 1.0E-4
83 2 0.25
83 4 0.11
83 7 0.58
83 10 0.26
83 12 0.29
83 15 0.27
83 32 0.07
83 33 0.1
83 35 0.19
83 37 0.2
83 38 0.23
83 42 0.3
83 49 0.38
83 52 0.15
83 53 0.2
83 93 2.0E-4
84 2 0.1
84 4 0.27
84 7 0.24
84 8 0.08
84 10 0.11
84 12 0.12
84 13 0.12
84 14 0.06
84 15 0.11
84 25 0.09
84 32 0.18
84 33 0.21
84 35 0.16
84 36 0.24
84 37 0.17
84 38 0.28
84 42 0.37
84 43 0.29
84 49 0.31
84 52 0.24
84 53 0.17
84 60 0.17
84 65 0.05
84 68 0.19
84 70 0.07
84 72 0.13
84 82 0.31
84 83 0.41
84 93 1.0E-4
2 85 0.18
8 85 0.28
11 85 0.16
85 19 0.71
85 24 0.71
25 85 0.15
32 85 0.1
41 85 0.21
85 47 0.41
65 85 0.08
72 85 0.11
93 85 3.0E-4
1 86 0.17
2 86 0.13
3 86 0.36
4 86 0.06
7 86 0.15
86 8 0.1
86 9 0.13
10 86 0.07
11 86 0.06
13 86 0.07
14 86 0.11
15 86 0.14
17 86 0.18
86 20 0.26
86 23 0.18
25 86 0.06
29 86 0.27
30 86 0.43
31 86 0.36
32 86 0.28
33 86 0.18
35 86 0.15
36 86 0.07
38 86 0.18
39 86 0.21
41 86 0.08
42 86 0.08
44 86 0.37
86 47 0.15
86 50 0.26
51 86 0.21
52 86 0.27
53 86 0.16
54 86 0.25
86 55 0.17
56 86 0.21
57 86 0.22
59 86 0.1
60 86 0.11
64 86 0.23
65 86 0.25
86 66 0.12
67 86 0.09
69 86 0.12
70 86 0.3
71 86 0.2
72 86 0.04
73 86 0.11
86 74 0.18
77 86 0.37
78 86 0.12
86 79 0.26
86 80 0.23
82 86 0.1
93 86 2.0E-4
87 2 0.13
87 3 0.06
87 4 0.25
87 5 0.18
87 6 0.28
87 7 0.29
87 8 0.1
87 10 0.06
87 12 0.29
87 14 0.07
87 15 0.33
87 16 0.18
87 17 0.09
87 21 0.22
87 27 0.25
87 28 0.35
87 30 0.07
87 31 0.06
87 32 0.29
87 33 0.28
87 35 0.14
87 36 0.14
87 37 0.26
87 38 0.23
87 40 0.18
87 41 0.15
87 42 0.23
87 43 0.09
87 46 0.22
87 48 0.18
87 49 0.09
87 51 0.21
87 52 0.26
87 53 0.15
87 54 0.18
87 55 0.08
87 56 0.07
87 57 0.07
87 60 0.1
87 61 0.18
87 62 0.18
87 63 0.25
87 64 0.22
87 65 0.18
87 66 0.11
87 67 0.09
87 68 0.29
87 69 0.11
87 70 0.04
87 75 0.18
87 77 0.07
87 79 0.13
87 80 0.11
87 83 0.25
87 84 0.1
87 93 5.0E-4
3 88 0.23
15 88 0.27
18 88 0.5
88 22 1.0
31 88 0.23
32 88 0.07
33 88 0.1
52 88 0.15
54 88 0.24
57 88 0.29
66 88 0.45
70 88 0.16
88 76 1.0
93 88 4.0E-4
3 89 0.52
12 89 0.11
15 89 0.3
18 89 0.19
89 22 0.38
29 89 0.13
30 89 0.42
31 89 0.52
32 89 0.19
33 89 0.19
35 89 0.15
38 89 0.17
39 89 0.31
42 89 0.11
89 43 0.13
44 89 0.27
89 50 0.38
51 89 0.31
52 89 0.33
53 89 0.08
54 89 0.37
89 55 0.38
56 89 0.1
57 89 0.33
59 89 0.29
64 89 0.25
65 89 0.23
89 66 0.34
67 89 0.13
69 89 0.09
70 89 0.37
73 89 0.31
89 76 0.38
77 89 0.33
89 79 0.38
89 80 0.51
89 86 0.49
89 88 0.38
93 89 3.0E-4
90 1 0.1
2 90 0.14
90 3 0.33
4 90 0.06
7 90 0.17
12 90 0.33
14 90 0.04
15 90 0.23
90 17 0.41
25 90 0.06
90 29 0.51
90 30 0.4
90 31 0.33
32 90 0.25
33 90 0.23
35 90 0.11
90 36 0.08
37 90 0.12
38 90 0.13
41 90 0.09
90 44 0.51
90 45 0.41
51 90 0.16
52 90 0.38
53 90 0.12
54 90 0.49
90 56 0.4
90 57 0.33
90 60 0.12
64 90 0.38
65 90 0.38
68 90 0.27
69 90 0.26
70 90 0.24
90 71 0.55
72 90 0.05
90 77 0.42
90 78 0.52
90 82 0.33
90 86 0.15
87 90 0.29
93 90 1.0E-4
6 91 0.38
8 91 0.2
21 91 0.45
91 28 0.71
32 91 0.07
33 91 0.1
35 91 0.19
38 91 0.23
40 91 0.71
41 91 0.3
52 91 0.15
63 91 0.5
87 91 0.25
93 91 3.0E-4
2 92 0.08
92 3 0.15
4 92 0.07
92 5 0.47
92 6 0.5
7 92 0.19
92 8 0.07
12 92 0.38
92 14 0.05
15 92 0.45
92 16 0.47
92 17 0.24
92 21 0.45
92 27 0.33
92 28 0.24
92 30 0.18
92 31 0.15
32 92 0.22
33 92 0.27
35 92 0.26
92 36 0.1
37 92 0.2
38 92 0.23
92 40 0.24
92 41 0.2
92 46 0.6
92 48 0.47
49 92 0.13
92 51 0.55
52 92 0.25
92 54 0.32
92 55 0.22
92 56 0.28
92 57 0.19
92 59 0.13
92 60 0.14
92 61 0.47
92 62 0.47
92 63 0.17
92 64 0.15
92 65 0.28
92 66 0.3
92 67 0.24
92 68 0.47
92 69 0.38
92 70 0.11
92 72 0.05
92 73 0.27
92 75 0.47
92 77 0.19
92 79 0.33
92 80 0.3
87 92 0.33
92 90 0.19
93 92 7.0E-4
