*Vertices  16
1 "LED灯"
2 "电容"
3 "工质"
4 "连接管"
5 "LED"
6 "通道"
7 "电子元器件"
8 "基板"
9 "散热片"
10 "散热器"
11 "电路板"
12 "LED芯片"
13 "芯片"
14 "冷凝器"
15 "散热腔"
16 "热电分离"
*Arcs
1 16 0.0037
1 2 0.29
2 16 0.0026
1 3 0.19
2 3 0.12
3 16 0.0231
1 4 0.16
2 4 0.14
3 4 0.82
4 16 0.0317
5 1 0.67
5 2 0.36
5 3 0.13
5 4 0.1
5 16 0.0017
1 6 0.22
2 6 0.12
6 3 0.33
6 4 0.41
5 6 0.25
6 16 0.0063
1 7 0.16
2 7 0.14
3 7 0.82
7 4 1.0
5 7 0.1
6 7 0.41
7 16 0.0317
1 8 0.27
2 8 0.29
3 8 0.41
8 4 0.5
5 8 0.21
6 8 0.2
8 7 0.5
8 16 0.0097
1 9 0.43
9 2 0.05
9 3 0.42
9 4 0.34
5 9 0.3
9 6 0.35
9 7 0.34
9 8 0.34
9 16 0.0053
1 10 0.44
10 2 0.19
10 3 0.41
10 4 0.33
5 10 0.31
10 6 0.2
10 7 0.33
10 8 0.5
10 9 0.63
10 16 0.0123
11 1 0.4
11 2 0.13
11 5 0.36
11 6 0.06
11 9 0.05
11 10 0.1
11 16 0.0018
1 12 0.19
12 2 0.13
12 3 0.38
12 4 0.31
5 12 0.34
12 6 0.31
12 7 0.31
12 8 0.23
12 9 0.26
12 10 0.21
11 12 0.04
12 16 0.0040
1 13 0.3
13 2 0.37
13 3 0.21
13 4 0.17
5 13 0.62
13 6 0.24
13 7 0.17
13 8 0.13
13 9 0.17
13 10 0.14
11 13 0.22
13 12 0.55
13 16 0.0013
1 14 0.11
2 14 0.2
3 14 0.58
4 14 0.71
5 14 0.07
6 14 0.29
7 14 0.71
8 14 0.35
9 14 0.24
10 14 0.24
12 14 0.22
13 14 0.12
16 14 0.0443
1 15 0.19
2 15 0.12
3 15 0.33
4 15 0.41
5 15 0.13
6 15 0.17
7 15 0.41
8 15 0.2
9 15 0.14
10 15 0.27
11 15 0.24
12 15 0.13
13 15 0.07
15 14 0.58
15 16 0.0459
