*Vertices  10
1 "LCD显示屏"
2 "显示器"
3 "LED灯"
4 "光膜"
5 "LED"
6 "电路板"
7 "客户"
8 "激光"
9 "屏幕"
10 "焊油墨"
*Arcs
1 10 0.0211
2 1 0.33
2 10 0.0142
3 1 0.04
3 2 0.08
3 10 0.0031
4 1 0.19
4 2 0.29
4 3 0.13
4 10 0.0608
5 1 0.22
5 2 0.29
5 3 0.67
5 4 0.13
5 10 0.0021
6 1 0.2
6 2 0.26
6 3 0.4
6 4 0.24
6 5 0.36
6 10 0.0093
7 1 0.14
2 7 0.2
3 7 0.22
4 7 0.24
5 7 0.18
6 7 0.17
7 10 0.0314
8 1 0.09
8 2 0.2
8 3 0.12
8 4 0.31
8 5 0.28
8 6 0.11
8 7 0.11
8 10 0.0151
1 9 0.17
2 9 0.13
3 9 0.06
4 9 0.15
5 9 0.28
6 9 0.16
7 9 0.11
8 9 0.14
9 10 0.0133
