*Vertices  38
1 "LED灯"
2 "电容"
3 "荧光粉"
4 "整流器"
5 "开关"
6 "保护层"
7 "离子络合"
8 "变压器"
9 "AuSn"
10 "Au5Sn"
11 "EP"
12 "LED"
13 "二极管"
14 "稳压二极管"
15 "三极管"
16 "LED光源"
17 "日光灯平面光源"
18 "Au-Sn合金电镀液"
19 "铝基板"
20 "透明胶"
21 "半导体"
22 "MQW"
23 "键合"
24 "LED芯片"
25 "芯片"
26 "酸盐"
27 "亚硫酸"
28 "去离子水"
29 "电感"
30 "离子"
31 "电极"
32 "电阻"
33 "Au-Sn合金"
34 "Au-30at.％Sn合金"
35 "空穴"
36 "甲基"
37 "络合剂"
38 "焊盘"
*Arcs
1 38 1.0E-4
1 2 0.29
2 38 3.0E-4
3 1 0.13
3 38 8.0E-4
1 4 0.22
2 4 0.53
4 38 5.0E-4
1 5 0.37
5 2 0.42
3 5 0.08
5 4 0.2
5 38 1.0E-4
1 6 0.11
3 6 0.14
4 6 0.14
38 6 0.0020
38 7 0.0099
1 8 0.26
2 8 0.52
3 8 0.06
8 4 0.68
5 8 0.29
8 6 0.11
8 38 3.0E-4
9 7 1.0
38 9 0.0099
10 7 1.0
10 9 1.0
38 10 0.0099
1 11 0.12
11 2 0.11
3 11 0.39
11 4 0.08
11 5 0.11
11 6 0.13
11 8 0.11
11 38 0.0018
12 1 0.67
12 2 0.36
12 3 0.25
12 4 0.25
12 5 0.54
12 6 0.15
12 7 0.07
12 8 0.34
12 9 0.07
12 10 0.07
12 11 0.28
12 38 6.0E-4
13 1 0.32
13 2 0.39
13 3 0.23
13 4 0.35
13 5 0.46
13 6 0.1
13 7 0.1
13 8 0.39
13 9 0.1
13 10 0.1
13 11 0.22
13 12 0.72
13 38 6.0E-4
1 14 0.21
2 14 0.46
4 14 0.55
5 14 0.21
8 14 0.48
11 14 0.1
12 14 0.19
13 14 0.27
38 14 6.0E-4
1 15 0.2
15 2 0.61
15 4 0.4
5 15 0.37
15 8 0.49
11 15 0.06
12 15 0.32
13 15 0.42
15 14 0.26
15 38 3.0E-4
16 1 0.36
16 2 0.04
16 3 0.24
16 4 0.06
16 5 0.06
16 8 0.09
16 11 0.22
16 12 0.36
16 13 0.29
16 14 0.08
16 15 0.09
16 38 2.0E-4
3 17 0.29
17 6 0.5
11 17 0.27
12 17 0.07
38 17 0.0055
18 7 1.0
18 9 1.0
18 10 1.0
12 18 0.07
13 18 0.1
38 18 0.0099
19 1 0.3
19 2 0.06
19 3 0.17
19 5 0.08
19 6 0.15
19 8 0.13
19 11 0.16
19 12 0.24
19 13 0.24
19 14 0.11
19 15 0.07
19 16 0.18
19 17 0.3
19 38 8.0E-4
3 20 0.29
20 6 0.5
11 20 0.27
12 20 0.07
20 17 1.0
19 20 0.3
38 20 0.0055
21 1 0.29
21 2 0.15
21 3 0.34
21 4 0.17
21 5 0.14
21 6 0.15
21 7 0.15
21 8 0.19
21 9 0.15
21 10 0.15
21 11 0.28
21 12 0.5
21 13 0.55
21 14 0.06
21 15 0.1
21 16 0.3
21 18 0.15
21 19 0.27
21 38 9.0E-4
1 22 0.09
2 22 0.06
3 22 0.16
4 22 0.16
5 22 0.04
22 6 0.14
8 22 0.12
11 22 0.22
12 22 0.27
13 22 0.31
22 14 0.1
15 22 0.06
16 22 0.23
19 22 0.08
21 22 0.53
38 22 4.0E-4
1 23 0.04
2 23 0.08
3 23 0.22
23 6 0.19
11 23 0.1
12 23 0.19
13 23 0.19
23 17 0.38
19 23 0.11
23 20 0.38
21 23 0.28
22 23 0.1
38 23 0.0012
1 24 0.19
24 2 0.13
3 24 0.31
24 4 0.13
24 5 0.03
24 6 0.22
24 8 0.09
11 24 0.29
12 24 0.34
13 24 0.33
24 14 0.08
24 15 0.05
16 24 0.18
24 17 0.22
19 24 0.26
24 20 0.22
21 24 0.51
24 22 0.54
24 23 0.25
24 38 0.0013
1 25 0.3
25 2 0.37
3 25 0.35
25 4 0.14
25 5 0.28
25 6 0.12
25 7 0.12
25 8 0.18
25 9 0.12
25 10 0.12
25 11 0.35
12 25 0.62
13 25 0.58
25 14 0.14
25 15 0.33
16 25 0.22
25 17 0.12
25 18 0.12
19 25 0.22
25 20 0.12
21 25 0.6
25 22 0.43
25 23 0.27
25 24 0.55
25 38 0.0013
1 26 0.11
3 26 0.48
26 5 0.05
26 7 0.33
26 8 0.07
26 9 0.33
26 10 0.33
26 11 0.45
12 26 0.22
13 26 0.24
16 26 0.2
26 18 0.33
21 26 0.29
26 22 0.09
26 24 0.22
26 25 0.36
26 38 0.0014
27 7 1.0
27 9 1.0
27 10 1.0
12 27 0.07
13 27 0.1
27 18 1.0
21 27 0.15
25 27 0.12
26 27 0.33
27 38 0.0099
1 28 0.05
28 7 0.45
28 9 0.45
28 10 0.45
28 11 0.36
12 28 0.16
13 28 0.14
28 18 0.45
21 28 0.2
28 24 0.1
28 25 0.21
28 26 0.3
28 27 0.45
28 38 0.0023
1 29 0.25
2 29 0.54
4 29 0.44
5 29 0.36
8 29 0.4
11 29 0.1
12 29 0.19
13 29 0.23
29 14 0.43
15 29 0.43
16 29 0.08
19 29 0.11
21 29 0.22
29 22 0.1
24 29 0.08
25 29 0.18
29 38 6.0E-4
1 30 0.13
3 30 0.13
30 7 0.23
30 8 0.1
30 9 0.23
30 10 0.23
30 11 0.49
12 30 0.32
13 30 0.26
16 30 0.19
30 18 0.23
19 30 0.07
21 30 0.34
30 22 0.25
30 23 0.09
30 24 0.15
30 25 0.33
30 26 0.38
30 27 0.23
30 28 0.51
30 38 7.0E-4
1 31 0.16
2 31 0.37
3 31 0.09
31 4 0.33
5 31 0.2
31 6 0.16
31 8 0.39
11 31 0.13
12 31 0.45
13 31 0.55
31 14 0.19
15 31 0.6
16 31 0.1
19 31 0.1
21 31 0.56
31 22 0.55
31 23 0.25
24 31 0.39
25 31 0.57
28 31 0.15
31 29 0.31
30 31 0.23
31 38 2.0E-4
1 32 0.3
32 2 0.73
3 32 0.05
32 4 0.56
5 32 0.46
32 6 0.08
32 8 0.55
11 32 0.09
12 32 0.45
13 32 0.51
32 14 0.43
32 15 0.71
16 32 0.1
19 32 0.05
21 32 0.19
32 22 0.18
24 32 0.11
25 32 0.47
32 29 0.43
30 32 0.04
32 31 0.51
32 38 2.0E-4
33 7 1.0
33 9 1.0
33 10 1.0
12 33 0.07
13 33 0.1
33 18 1.0
21 33 0.15
25 33 0.12
26 33 0.33
33 27 1.0
28 33 0.45
30 33 0.23
33 38 0.0099
34 7 1.0
34 9 1.0
34 10 1.0
12 34 0.07
13 34 0.1
34 18 1.0
21 34 0.15
25 34 0.12
26 34 0.33
34 27 1.0
28 34 0.45
30 34 0.23
34 33 1.0
34 38 0.0099
1 35 0.17
2 35 0.08
3 35 0.11
4 35 0.11
5 35 0.1
8 35 0.16
11 35 0.1
12 35 0.19
13 35 0.23
35 14 0.14
15 35 0.09
16 35 0.08
19 35 0.34
21 35 0.39
22 35 0.42
24 35 0.25
25 35 0.18
29 35 0.14
31 35 0.25
32 35 0.12
38 35 6.0E-4
1 36 0.06
3 36 0.33
5 36 0.04
36 7 0.29
8 36 0.06
36 9 0.29
36 10 0.29
11 36 0.23
12 36 0.25
13 36 0.23
16 36 0.12
36 18 0.29
21 36 0.38
36 22 0.4
24 36 0.38
25 36 0.38
26 36 0.58
36 27 0.29
28 36 0.26
30 36 0.26
31 36 0.24
32 36 0.05
36 33 0.29
36 34 0.29
36 35 0.33
36 38 0.0012
37 7 1.0
37 9 1.0
37 10 1.0
12 37 0.07
13 37 0.1
37 18 1.0
21 37 0.15
25 37 0.12
26 37 0.33
37 27 1.0
28 37 0.45
30 37 0.23
37 33 1.0
37 34 1.0
37 36 0.29
37 38 0.0099
