*Vertices  14
1 "显示器"
2 "传感器"
3 "单片机"
4 "变压器"
5 "LED"
6 "转换器"
7 "发电机"
8 "放大器"
9 "芯片"
10 "存储器"
11 "电阻"
12 "检测仪"
13 "检测板"
14 "燃气涡轮"
*Arcs
1 14 0.0070
1 2 0.25
2 14 0.0054
1 3 0.52
3 2 0.28
3 14 0.0059
1 4 0.11
4 2 0.04
3 4 0.05
4 14 0.0047
5 1 0.29
5 2 0.37
5 3 0.32
5 4 0.34
5 14 0.0014
1 6 0.15
6 2 0.3
3 6 0.14
4 6 0.06
5 6 0.24
6 14 0.0096
1 7 0.13
2 7 0.1
3 7 0.11
4 7 0.21
5 7 0.15
6 7 0.15
7 14 0.0217
1 8 0.2
8 2 0.08
3 8 0.28
4 8 0.26
5 8 0.18
8 6 0.25
8 7 0.2
8 14 0.0167
1 9 0.27
9 2 0.17
9 3 0.33
9 4 0.18
5 9 0.62
9 6 0.25
9 7 0.06
9 8 0.29
9 14 0.0021
1 10 0.25
10 2 0.33
3 10 0.15
4 10 0.07
5 10 0.22
6 10 0.4
10 7 0.17
8 10 0.27
9 10 0.16
10 14 0.012
1 11 0.08
11 2 0.16
3 11 0.22
11 4 0.55
5 11 0.45
11 6 0.29
11 7 0.08
11 8 0.26
9 11 0.47
11 10 0.22
11 14 0.0033
1 12 0.25
2 12 0.3
3 12 0.23
4 12 0.11
5 12 0.15
6 12 0.3
12 7 0.25
8 12 0.41
9 12 0.12
10 12 0.5
11 12 0.16
12 14 0.024
1 13 0.18
2 13 0.28
3 13 0.16
4 13 0.15
5 13 0.1
6 13 0.21
13 7 0.35
8 13 0.29
9 13 0.08
10 13 0.24
11 13 0.11
12 13 0.35
13 14 0.0393
