*Vertices  11
1 "光纤"
2 "光纤耦合"
3 "LED"
4 "二极管"
5 "滤光片"
6 "光谱仪"
7 "荧光光谱"
8 "激光"
9 "透镜"
10 "激发光"
11 "牙结石"
*Arcs
1 11 0.0172
1 2 0.53
2 11 0.0436
3 1 0.19
3 2 0.1
3 11 9.0E-4
4 1 0.23
4 2 0.14
4 3 0.72
4 11 0.0014
5 1 0.68
5 2 0.32
3 5 0.16
4 5 0.23
5 11 0.0207
6 1 0.27
6 2 0.5
3 6 0.1
4 6 0.07
6 5 0.32
6 11 0.0488
7 1 0.27
7 2 0.5
3 7 0.1
4 7 0.07
7 5 0.32
7 6 1.0
7 11 0.0488
8 1 0.4
8 2 0.38
8 3 0.28
8 4 0.24
8 5 0.36
8 6 0.19
8 7 0.19
8 11 0.0088
9 1 0.28
9 2 0.35
9 3 0.29
9 4 0.28
9 5 0.22
9 6 0.18
9 7 0.18
9 8 0.27
9 11 0.0074
10 1 0.5
10 2 0.24
3 10 0.22
4 10 0.27
10 5 0.6
10 6 0.47
10 7 0.47
8 10 0.27
9 10 0.33
10 11 0.0143
