*Vertices  116
1 "LED显示屏"
2 "显示器"
3 "衬底"
4 "LED灯"
5 "滤波片"
6 "光纤"
7 "探头"
8 "电容"
9 "光膜"
10 "传感器"
11 "处理器"
12 "单片机"
13 "发生器"
14 "叶片"
15 "荧光粉"
16 "开关"
17 "发光荧光材料"
18 "III-V族半导体材料"
19 "GAN"
20 "次氯酸钠溶液"
21 "PD"
22 "引发剂"
23 "硼酸"
24 "装饰层"
25 "网孔板"
26 "变压器"
27 "太阳能吸收板"
28 "光纤耦合"
29 "EP"
30 "外延片"
31 "外延"
32 "LED"
33 "二极管"
34 "三极管"
35 "通道"
36 "接收管"
37 "LED光源"
38 "电热丝"
39 "塑料"
40 "腐蚀液"
41 "缩水甘油"
42 "光电转换器件"
43 "转换器"
44 "铝基板"
45 "晶体振荡器"
46 "探针"
47 "红外线发射管"
48 "滤光片"
49 "聚光玻璃罩"
50 "稀释剂"
51 "散热片"
52 "散热器"
53 "荧光体"
54 "发光体"
55 "硅橡胶"
56 "光刻胶"
57 "密封胶"
58 "填充区域"
59 "SiO2"
60 "半导体"
61 "电路板"
62 "Al2O3"
63 "GaAs"
64 "MQW"
65 "ITO"
66 "键合"
67 "客户"
68 "含硅"
69 "光子晶体"
70 "金属银纳米粒子"
71 "太阳能"
72 "蓄电池"
73 "锂电池"
74 "光电池"
75 "LED芯片"
76 "芯片"
77 "金属层"
78 "涂层"
79 "电流扩展层"
80 "光触媒"
81 "酸盐"
82 "硝酸"
83 "Eu2"
84 "Li"
85 "离子"
86 "电极"
87 "冰柜"
88 "电阻"
89 "基色"
90 "加热管"
91 "光子晶体谐振腔"
92 "丙酮"
93 "激光"
94 "MOCVD"
95 "湿法刻蚀"
96 "干法刻蚀"
97 "玻璃体"
98 "太阳能电子板"
99 "洗墙灯"
100 "平面板"
101 "射灯"
102 "酯键"
103 "臭氧"
104 "屏幕"
105 "透镜"
106 "反射层"
107 "发光层"
108 "甲基"
109 "扬声器"
110 "聚光帽"
111 "固定支架"
112 "激发光"
113 "发光管"
114 "DMA"
115 "插座"
116 "玻璃"
*Arcs
116 1 3.0E-4
2 1 0.08
116 2 4.0E-4
116 3 2.0E-4
4 1 0.03
4 2 0.08
4 3 0.03
116 4 6.0E-4
3 5 0.32
116 5 5.0E-4
3 6 0.17
6 5 0.53
116 6 6.0E-4
4 7 0.05
7 6 0.38
116 7 1.0E-4
4 8 0.29
116 8 1.0E-4
9 2 0.29
9 4 0.13
116 9 1.0E-4
2 10 0.25
4 10 0.13
10 6 0.23
10 7 0.2
8 10 0.08
116 10 1.0E-4
11 1 0.16
11 2 0.26
11 4 0.14
11 6 0.1
11 7 0.26
11 8 0.05
11 9 0.15
11 10 0.36
116 11 1.0E-4
12 1 0.07
2 12 0.52
4 12 0.13
12 8 0.19
12 10 0.28
11 12 0.24
116 12 4.0E-4
4 13 0.22
12 13 0.11
116 13 2.0E-4
1 14 0.45
4 14 0.08
116 14 3.0E-4
15 1 0.09
15 2 0.14
15 3 0.13
15 4 0.13
15 9 0.33
15 11 0.07
15 12 0.07
116 15 2.0E-4
16 1 0.04
2 16 0.07
4 16 0.37
16 8 0.42
16 10 0.19
11 16 0.21
16 12 0.19
16 13 0.07
15 16 0.08
116 16 3.0E-4
17 2 0.13
17 3 0.18
17 4 0.21
17 9 0.31
17 11 0.07
17 12 0.06
17 13 0.13
17 15 0.54
17 16 0.07
116 17 2.0E-4
3 18 0.32
18 5 1.0
6 18 0.53
116 18 5.0E-4
19 3 0.65
4 19 0.04
19 5 0.5
19 6 0.27
15 19 0.1
19 18 0.5
116 19 2.0E-4
3 20 0.32
116 20 1.0E-4
2 21 0.11
3 21 0.21
21 5 0.63
21 6 0.68
21 7 0.22
21 10 0.27
11 21 0.12
21 18 0.63
19 21 0.32
116 21 8.0E-4
2 22 0.18
116 22 5.0E-4
2 23 0.13
4 23 0.11
15 23 0.29
17 23 0.4
23 22 0.35
116 23 3.0E-4
16 24 0.14
116 24 2.0E-4
2 25 0.25
12 25 0.23
116 25 1.0E-4
26 1 0.07
2 26 0.11
26 3 0.05
4 26 0.26
8 26 0.52
26 10 0.04
12 26 0.05
26 13 0.11
15 26 0.06
16 26 0.29
26 19 0.08
26 22 0.15
23 26 0.11
116 26 1.0E-4
4 27 0.11
16 27 0.14
116 27 1.0E-4
6 28 0.53
10 28 0.14
21 28 0.32
116 28 1.0E-4
2 29 0.07
29 3 0.12
4 29 0.12
29 8 0.11
11 29 0.14
29 12 0.06
15 29 0.39
29 16 0.11
17 29 0.29
29 20 0.19
29 22 0.38
29 23 0.4
29 26 0.11
116 29 4.0E-4
30 3 0.83
4 30 0.03
30 5 0.39
30 6 0.21
15 30 0.08
17 30 0.15
30 18 0.39
30 19 0.78
30 20 0.2
30 21 0.25
26 30 0.06
29 30 0.07
116 30 3.0E-4
31 3 0.95
4 31 0.05
31 5 0.32
31 6 0.17
15 31 0.13
17 31 0.25
31 18 0.32
31 19 0.65
31 20 0.32
31 21 0.21
26 31 0.05
29 31 0.06
31 30 0.83
116 31 2.0E-4
32 1 0.23
32 2 0.29
32 3 0.32
32 4 0.67
32 5 0.1
32 6 0.19
32 7 0.15
32 8 0.36
32 9 0.13
32 10 0.37
32 11 0.28
32 12 0.32
32 13 0.15
32 14 0.1
32 15 0.25
32 16 0.54
32 17 0.28
32 18 0.1
32 19 0.21
32 20 0.1
32 21 0.16
32 22 0.1
32 23 0.15
32 24 0.07
32 25 0.07
32 26 0.34
32 27 0.07
32 28 0.1
32 29 0.28
32 30 0.27
32 31 0.32
116 32 0.0014
33 1 0.06
33 2 0.15
33 3 0.37
33 4 0.32
33 5 0.14
33 6 0.23
33 7 0.05
33 8 0.39
33 9 0.12
33 10 0.2
33 11 0.08
33 12 0.16
33 13 0.05
33 15 0.23
33 16 0.46
33 17 0.33
33 18 0.14
33 19 0.25
33 20 0.14
33 21 0.18
33 22 0.14
33 23 0.1
33 24 0.1
33 25 0.1
33 26 0.39
33 28 0.14
33 29 0.22
33 30 0.31
33 31 0.37
33 32 0.72
116 33 9.0E-4
2 34 0.06
4 34 0.2
34 8 0.61
34 10 0.05
12 34 0.16
34 13 0.11
16 34 0.37
17 34 0.06
34 26 0.49
29 34 0.06
32 34 0.32
33 34 0.42
116 34 1.0E-4
2 35 0.07
35 3 0.2
4 35 0.22
35 5 0.2
35 6 0.11
8 35 0.12
35 10 0.12
12 35 0.07
16 35 0.04
35 18 0.2
35 19 0.31
35 21 0.13
35 30 0.24
35 31 0.2
32 35 0.25
33 35 0.23
34 35 0.07
116 35 1.0E-4
2 36 0.14
4 36 0.13
8 36 0.24
10 36 0.12
12 36 0.13
16 36 0.24
32 36 0.13
33 36 0.18
34 36 0.4
35 36 0.17
116 36 1.0E-4
37 2 0.15
37 3 0.09
37 4 0.36
37 5 0.29
37 6 0.15
37 7 0.1
37 8 0.04
37 9 0.12
37 10 0.04
37 11 0.11
37 12 0.09
37 15 0.24
37 16 0.06
37 17 0.16
37 18 0.29
37 19 0.14
37 21 0.18
37 22 0.14
37 23 0.31
37 26 0.09
37 29 0.22
37 30 0.11
37 31 0.09
37 32 0.36
37 33 0.29
37 34 0.09
37 35 0.18
37 36 0.12
37 116 5.0E-4
4 38 0.13
13 38 0.29
16 38 0.08
32 38 0.13
33 38 0.06
116 38 1.0E-4
39 1 0.07
39 2 0.17
39 3 0.05
39 4 0.28
39 6 0.17
39 7 0.11
39 9 0.26
39 10 0.18
39 11 0.12
39 12 0.05
39 14 0.16
39 15 0.2
39 16 0.16
39 17 0.18
39 20 0.16
39 21 0.21
39 26 0.05
39 28 0.16
39 29 0.06
39 30 0.06
39 31 0.05
39 32 0.32
39 33 0.28
39 35 0.13
39 37 0.14
39 38 0.26
39 116 8.0E-4
3 40 0.56
4 40 0.04
19 40 0.14
40 20 0.58
26 40 0.09
29 40 0.22
30 40 0.34
31 40 0.47
32 40 0.18
33 40 0.25
39 40 0.09
116 40 1.0E-4
2 41 0.18
41 22 1.0
23 41 0.35
26 41 0.15
29 41 0.38
32 41 0.1
33 41 0.14
37 41 0.14
116 41 5.0E-4
42 6 0.53
42 7 0.35
42 10 0.28
42 21 0.63
42 28 0.5
32 42 0.1
33 42 0.14
39 42 0.32
116 42 4.0E-4
43 1 0.1
2 43 0.15
4 43 0.1
43 6 0.23
43 7 0.15
8 43 0.25
43 10 0.3
11 43 0.16
12 43 0.14
15 43 0.09
16 43 0.25
17 43 0.08
43 21 0.27
26 43 0.06
43 28 0.21
29 43 0.08
32 43 0.24
33 43 0.21
34 43 0.14
43 36 0.17
39 43 0.21
43 42 0.43
116 43 1.0E-4
44 2 0.08
44 3 0.07
44 4 0.3
44 8 0.06
44 9 0.17
44 11 0.08
44 15 0.17
44 16 0.08
44 17 0.08
44 20 0.21
44 26 0.13
44 29 0.16
44 30 0.08
44 31 0.07
44 32 0.24
44 33 0.24
44 34 0.07
44 35 0.26
44 37 0.18
44 39 0.35
44 40 0.12
44 116 1.0E-4
4 45 0.06
45 8 0.24
45 10 0.12
11 45 0.15
12 45 0.26
16 45 0.24
29 45 0.15
32 45 0.13
33 45 0.06
45 34 0.13
45 43 0.35
116 45 1.0E-4
46 6 0.27
46 7 0.35
46 10 0.14
46 21 0.32
32 46 0.1
33 46 0.14
39 46 0.16
46 42 0.5
43 46 0.21
116 46 1.0E-4
4 47 0.11
8 47 0.2
10 47 0.2
16 47 0.14
32 47 0.07
33 47 0.1
34 47 0.23
35 47 0.29
36 47 0.58
116 47 1.0E-4
2 48 0.11
3 48 0.21
48 5 0.63
48 6 0.68
48 7 0.22
48 10 0.09
12 48 0.1
16 48 0.06
48 18 0.63
19 48 0.32
48 21 0.6
48 28 0.32
30 48 0.25
31 48 0.21
32 48 0.16
33 48 0.23
34 48 0.1
35 48 0.13
48 36 0.26
37 48 0.27
39 48 0.1
48 42 0.32
43 48 0.13
48 46 0.32
116 48 5.0E-4
16 49 0.14
49 24 1.0
32 49 0.07
33 49 0.1
116 49 2.0E-4
2 50 0.14
9 50 0.33
15 50 0.17
17 50 0.15
50 22 0.82
23 50 0.29
26 50 0.12
29 50 0.31
32 50 0.13
33 50 0.18
37 50 0.12
39 50 0.13
50 41 0.82
116 50 4.0E-4
4 51 0.43
51 8 0.05
51 16 0.07
51 24 0.24
32 51 0.3
33 51 0.22
51 35 0.35
37 51 0.45
39 51 0.11
44 51 0.29
51 49 0.24
116 51 1.0E-4
4 52 0.44
52 8 0.19
52 26 0.15
32 52 0.31
33 52 0.24
52 35 0.2
37 52 0.34
39 52 0.05
44 52 0.21
52 51 0.63
116 52 0.0
9 53 0.33
15 53 0.5
17 53 0.46
23 53 0.29
29 53 0.31
32 53 0.13
33 53 0.18
37 53 0.12
39 53 0.13
53 50 0.33
116 53 1.0E-4
54 2 0.09
54 4 0.21
54 8 0.08
54 9 0.22
54 10 0.08
54 11 0.1
54 15 0.22
54 16 0.1
54 17 0.2
54 29 0.1
54 32 0.19
54 33 0.23
54 34 0.09
54 35 0.11
54 36 0.22
54 37 0.23
54 39 0.09
54 44 0.11
54 47 0.38
54 51 0.09
54 52 0.09
54 53 0.22
54 116 1.0E-4
2 55 0.14
4 55 0.06
9 55 0.33
15 55 0.33
17 55 0.31
55 22 0.41
23 55 0.58
26 55 0.12
29 55 0.15
32 55 0.13
33 55 0.12
37 55 0.24
39 55 0.13
55 41 0.41
55 50 0.67
55 53 0.33
116 55 1.0E-4
3 56 0.46
4 56 0.05
19 56 0.18
56 20 0.35
26 56 0.11
29 56 0.13
30 56 0.42
31 56 0.46
32 56 0.15
33 56 0.2
39 56 0.11
40 56 0.82
44 56 0.15
116 56 1.0E-4
57 1 0.16
4 57 0.22
57 14 0.35
16 57 0.07
32 57 0.15
33 57 0.05
35 57 0.29
37 57 0.1
39 57 0.11
44 57 0.3
51 57 0.24
52 57 0.12
116 57 1.0E-4
3 58 0.23
20 58 0.71
29 58 0.27
30 58 0.28
31 58 0.23
32 58 0.07
33 58 0.1
39 58 0.23
40 58 0.41
44 58 0.3
56 58 0.5
116 58 2.0E-4
59 1 0.09
2 59 0.07
59 3 0.38
4 59 0.12
59 5 0.39
59 6 0.21
9 59 0.16
59 14 0.2
15 59 0.32
59 16 0.04
17 59 0.52
59 18 0.39
59 19 0.29
59 21 0.25
59 23 0.14
59 26 0.06
59 29 0.3
59 30 0.38
59 31 0.38
32 59 0.27
33 59 0.31
59 35 0.08
37 59 0.11
39 59 0.19
59 40 0.34
59 43 0.08
59 48 0.25
59 50 0.16
59 53 0.32
54 59 0.1
59 55 0.16
59 56 0.28
116 59 3.0E-4
60 1 0.05
60 2 0.11
60 3 0.64
60 4 0.29
60 5 0.21
60 6 0.17
60 7 0.07
60 8 0.15
60 9 0.09
60 10 0.06
60 11 0.08
60 12 0.03
60 14 0.1
60 15 0.34
60 16 0.14
60 17 0.43
60 18 0.21
60 19 0.42
60 20 0.21
60 21 0.2
60 22 0.1
60 23 0.22
60 26 0.19
60 28 0.1
60 29 0.28
60 30 0.53
60 31 0.64
60 32 0.5
60 33 0.55
60 34 0.1
60 35 0.17
60 36 0.09
60 37 0.3
60 39 0.24
60 40 0.36
60 41 0.1
60 42 0.1
60 43 0.13
60 44 0.27
60 46 0.1
60 48 0.13
60 50 0.09
60 51 0.11
60 52 0.14
60 53 0.17
60 54 0.11
60 55 0.17
60 56 0.29
60 57 0.15
60 58 0.15
60 59 0.41
60 116 6.0E-4
61 1 0.13
61 2 0.26
61 4 0.4
61 7 0.1
61 8 0.13
61 9 0.24
61 10 0.08
61 11 0.11
61 12 0.14
61 13 0.1
61 14 0.29
61 15 0.12
61 16 0.14
61 17 0.16
61 22 0.14
61 23 0.1
61 26 0.04
61 29 0.05
61 32 0.36
61 33 0.17
61 34 0.19
61 35 0.06
61 36 0.24
61 37 0.17
61 39 0.19
61 41 0.14
61 44 0.06
61 45 0.12
61 47 0.2
61 48 0.09
61 50 0.12
61 51 0.05
61 52 0.1
61 54 0.23
61 55 0.12
61 57 0.1
61 59 0.06
61 60 0.15
61 116 9.0E-4
2 62 0.06
62 3 0.72
4 62 0.08
62 5 0.34
62 6 0.18
9 62 0.14
15 62 0.35
62 16 0.03
17 62 0.45
62 18 0.34
62 19 0.69
62 21 0.22
62 26 0.05
29 62 0.06
62 30 0.74
62 31 0.78
32 62 0.3
33 62 0.34
62 35 0.21
37 62 0.1
39 62 0.11
62 40 0.1
62 43 0.07
62 48 0.22
62 50 0.14
62 53 0.14
62 55 0.14
62 56 0.12
59 62 0.54
60 62 0.57
116 62 2.0E-4
3 63 0.61
4 63 0.04
63 5 0.47
63 6 0.25
15 63 0.1
17 63 0.18
63 18 0.47
19 63 0.24
63 20 0.47
63 21 0.3
29 63 0.09
30 63 0.37
31 63 0.69
32 63 0.22
33 63 0.27
35 63 0.1
37 63 0.14
39 63 0.08
40 63 0.41
44 63 0.1
63 48 0.3
63 56 0.33
63 58 0.33
59 63 0.37
60 63 0.44
62 63 0.4
116 63 3.0E-4
64 3 0.64
4 64 0.09
64 5 0.39
64 6 0.21
8 64 0.06
15 64 0.16
16 64 0.04
17 64 0.15
64 18 0.39
64 19 0.78
64 20 0.2
64 21 0.25
23 64 0.14
26 64 0.12
29 64 0.22
64 30 0.77
64 31 0.7
32 64 0.27
33 64 0.31
34 64 0.06
64 35 0.24
37 64 0.23
39 64 0.06
64 40 0.23
44 64 0.08
64 48 0.25
53 64 0.16
64 56 0.28
64 58 0.28
59 64 0.31
60 64 0.53
62 64 0.67
64 63 0.37
116 64 4.0E-4
2 65 0.07
3 65 0.66
4 65 0.06
65 5 0.41
65 6 0.22
15 65 0.08
17 65 0.23
65 18 0.41
19 65 0.61
65 21 0.26
26 65 0.06
30 65 0.72
31 65 0.73
32 65 0.25
33 65 0.26
35 65 0.08
37 65 0.12
65 40 0.24
65 48 0.26
65 56 0.29
59 65 0.4
60 65 0.47
62 65 0.7
65 63 0.29
64 65 0.64
116 65 2.0E-4
3 66 0.26
4 66 0.04
66 6 0.14
66 7 0.19
8 66 0.08
66 10 0.08
12 66 0.09
15 66 0.22
17 66 0.2
66 20 0.27
66 21 0.17
29 66 0.1
30 66 0.1
31 66 0.35
32 66 0.19
33 66 0.19
39 66 0.09
66 40 0.15
66 42 0.27
43 66 0.11
44 66 0.11
66 46 0.27
66 48 0.17
59 66 0.21
60 66 0.28
62 66 0.28
66 63 0.5
64 66 0.1
65 66 0.11
116 66 1.0E-4
2 67 0.2
4 67 0.22
67 7 0.2
8 67 0.17
9 67 0.24
67 10 0.24
11 67 0.21
15 67 0.12
16 67 0.17
17 67 0.11
29 67 0.11
32 67 0.18
33 67 0.08
34 67 0.09
67 35 0.12
67 36 0.24
37 67 0.08
39 67 0.09
43 67 0.12
67 47 0.41
54 67 0.15
59 67 0.11
60 67 0.12
61 67 0.17
62 67 0.1
116 67 1.0E-4
2 68 0.25
68 22 0.71
23 68 0.5
26 68 0.21
29 68 0.27
32 68 0.07
33 68 0.1
37 68 0.2
68 41 0.71
50 68 0.58
55 68 0.58
60 68 0.15
116 68 2.0E-4
3 69 0.32
69 5 1.0
6 69 0.53
69 18 1.0
19 69 0.5
21 69 0.63
30 69 0.39
31 69 0.32
32 69 0.1
33 69 0.14
35 69 0.2
37 69 0.29
48 69 0.63
59 69 0.39
60 69 0.21
62 69 0.34
63 69 0.47
64 69 0.39
65 69 0.41
116 69 5.0E-4
15 70 0.29
17 70 0.27
23 70 0.5
29 70 0.27
32 70 0.07
33 70 0.1
37 70 0.2
53 70 0.58
60 70 0.15
64 70 0.28
116 70 2.0E-4
71 1 0.2
3 71 0.07
4 71 0.14
6 71 0.12
7 71 0.16
8 71 0.06
11 71 0.08
15 71 0.09
16 71 0.17
19 71 0.11
26 71 0.07
71 27 0.32
30 71 0.09
31 71 0.07
32 71 0.23
33 71 0.13
34 71 0.07
35 71 0.09
60 71 0.05
61 71 0.06
62 71 0.08
64 71 0.09
116 71 2.0E-4
72 1 0.16
4 72 0.23
72 7 0.13
8 72 0.11
72 10 0.05
11 72 0.07
15 72 0.07
16 72 0.28
72 26 0.28
72 27 0.26
32 72 0.28
33 72 0.18
34 72 0.18
37 72 0.05
60 72 0.11
72 67 0.11
72 71 0.57
116 72 1.0E-4
4 73 0.1
73 8 0.18
73 10 0.18
11 73 0.23
12 73 0.1
16 73 0.12
73 26 0.1
32 73 0.16
33 73 0.18
73 34 0.31
73 43 0.13
73 45 0.26
61 73 0.18
116 73 0.0
74 6 0.38
74 7 0.5
74 10 0.3
11 74 0.13
74 21 0.45
74 28 0.35
32 74 0.15
33 74 0.15
37 74 0.2
39 74 0.23
74 42 0.71
43 74 0.3
74 46 0.35
74 48 0.22
60 74 0.15
66 74 0.19
67 74 0.2
72 74 0.13
116 74 2.0E-4
75 3 0.5
4 75 0.19
75 8 0.13
9 75 0.13
75 12 0.05
15 75 0.31
75 16 0.03
17 75 0.17
75 19 0.39
75 20 0.15
23 75 0.22
75 26 0.09
29 75 0.29
75 30 0.48
75 31 0.45
32 75 0.34
33 75 0.33
75 34 0.05
75 35 0.31
37 75 0.18
39 75 0.1
75 40 0.36
44 75 0.26
75 50 0.13
75 51 0.26
75 52 0.21
75 53 0.25
75 55 0.25
75 56 0.33
75 58 0.22
59 75 0.24
60 75 0.51
61 75 0.04
62 75 0.42
75 63 0.15
75 64 0.54
75 65 0.31
75 66 0.25
75 70 0.22
75 71 0.07
116 75 1.0E-4
76 1 0.08
2 76 0.27
76 3 0.49
4 76 0.3
76 5 0.17
76 6 0.09
76 8 0.37
9 76 0.07
76 10 0.17
11 76 0.12
76 12 0.33
76 13 0.06
76 14 0.08
15 76 0.35
76 16 0.28
17 76 0.35
76 18 0.17
76 19 0.34
76 20 0.17
76 21 0.11
76 22 0.17
76 23 0.24
76 26 0.18
76 29 0.35
76 30 0.43
76 31 0.49
32 76 0.62
33 76 0.58
76 34 0.33
76 35 0.24
76 36 0.21
37 76 0.22
39 76 0.11
76 40 0.29
76 41 0.17
76 43 0.25
44 76 0.22
76 45 0.14
76 46 0.08
76 47 0.12
76 48 0.16
76 50 0.21
76 51 0.17
76 52 0.14
76 53 0.21
54 76 0.09
76 55 0.21
76 56 0.24
76 57 0.06
76 58 0.12
76 59 0.4
60 76 0.6
61 76 0.22
76 62 0.46
76 63 0.36
76 64 0.43
76 65 0.38
76 66 0.27
76 67 0.1
76 68 0.12
76 69 0.17
76 70 0.12
76 71 0.08
76 73 0.21
76 75 0.55
116 76 6.0E-4
3 77 0.41
4 77 0.05
77 5 0.63
6 77 0.34
17 77 0.24
77 18 0.63
19 77 0.32
21 77 0.4
30 77 0.37
31 77 0.51
32 77 0.16
33 77 0.23
35 77 0.13
37 77 0.18
40 77 0.18
48 77 0.4
56 77 0.22
59 77 0.5
60 77 0.33
62 77 0.43
63 77 0.45
64 77 0.37
65 77 0.65
66 77 0.17
77 69 0.63
75 77 0.1
76 77 0.21
116 77 3.0E-4
4 78 0.11
78 13 0.25
15 78 0.14
17 78 0.13
78 26 0.11
29 78 0.13
32 78 0.15
33 78 0.1
37 78 0.1
54 78 0.19
59 78 0.14
60 78 0.07
61 78 0.1
78 62 0.12
76 78 0.06
116 78 1.0E-4
3 79 0.57
4 79 0.08
79 5 0.5
79 6 0.27
17 79 0.09
79 18 0.5
19 79 0.38
79 20 0.5
79 21 0.32
26 79 0.08
29 79 0.19
30 79 0.39
31 79 0.57
32 79 0.21
33 79 0.29
35 79 0.1
37 79 0.14
39 79 0.08
79 40 0.58
44 79 0.11
79 48 0.32
79 56 0.35
79 58 0.35
59 79 0.49
60 79 0.42
62 79 0.34
79 63 0.71
64 79 0.49
65 79 0.41
66 79 0.27
79 69 0.5
75 79 0.23
76 79 0.34
79 77 0.47
116 79 4.0E-4
4 80 0.25
7 80 0.22
13 80 0.45
26 80 0.1
32 80 0.16
37 80 0.09
51 80 0.11
61 80 0.27
78 80 0.45
116 80 1.0E-4
2 81 0.17
4 81 0.11
9 81 0.19
15 81 0.48
81 16 0.05
17 81 0.53
81 22 0.47
81 23 0.67
81 26 0.07
81 29 0.45
32 81 0.22
33 81 0.24
37 81 0.2
39 81 0.15
81 41 0.47
81 43 0.1
81 50 0.58
81 53 0.38
81 55 0.58
81 59 0.37
60 81 0.29
61 81 0.14
81 62 0.24
81 64 0.09
81 67 0.14
81 68 0.33
81 70 0.33
81 75 0.22
81 76 0.36
81 78 0.17
116 81 4.0E-4
4 82 0.06
15 82 0.33
17 82 0.46
82 23 0.58
82 29 0.46
32 82 0.13
33 82 0.12
37 82 0.12
82 53 0.33
82 59 0.32
60 82 0.17
82 62 0.14
82 64 0.16
82 70 0.58
82 75 0.13
82 76 0.21
82 78 0.29
82 81 0.58
116 82 1.0E-4
4 83 0.05
15 83 0.43
17 83 0.53
83 23 0.5
83 29 0.53
32 83 0.15
33 83 0.15
37 83 0.1
83 53 0.58
54 83 0.19
83 59 0.42
60 83 0.22
83 62 0.12
83 64 0.14
83 70 0.5
83 75 0.11
83 76 0.24
83 78 0.25
83 81 0.5
83 82 0.87
116 83 1.0E-4
2 84 0.06
84 3 0.16
4 84 0.26
84 5 0.33
84 6 0.18
84 8 0.05
9 84 0.14
84 10 0.05
11 84 0.06
84 12 0.05
15 84 0.27
84 16 0.13
17 84 0.31
84 18 0.33
84 19 0.25
84 21 0.21
84 22 0.17
84 23 0.24
84 26 0.05
84 29 0.25
84 30 0.2
84 31 0.16
32 84 0.31
33 84 0.36
84 35 0.2
37 84 0.24
39 84 0.27
84 41 0.17
84 43 0.21
44 84 0.36
84 45 0.27
84 48 0.21
84 50 0.27
84 51 0.17
84 52 0.17
84 53 0.27
84 55 0.14
84 57 0.12
84 59 0.33
60 84 0.38
61 84 0.14
84 62 0.29
84 63 0.16
84 64 0.26
84 65 0.2
84 67 0.1
84 69 0.33
84 70 0.24
84 75 0.21
84 76 0.31
84 77 0.21
84 79 0.17
84 81 0.39
84 82 0.27
84 83 0.24
116 84 5.0E-4
85 1 0.15
2 85 0.06
85 3 0.32
4 85 0.13
85 5 0.32
85 6 0.17
85 7 0.11
85 13 0.34
15 85 0.13
17 85 0.18
85 18 0.32
85 19 0.16
85 20 0.32
85 21 0.21
85 22 0.32
85 23 0.34
85 26 0.1
85 29 0.49
85 30 0.19
85 31 0.26
32 85 0.32
33 85 0.26
85 35 0.07
37 85 0.19
85 38 0.13
39 85 0.05
85 40 0.37
85 41 0.32
85 43 0.07
44 85 0.07
85 48 0.21
85 50 0.26
85 53 0.26
54 85 0.09
85 55 0.13
85 56 0.23
85 58 0.23
85 59 0.32
60 85 0.34
61 85 0.14
85 62 0.11
85 63 0.38
85 64 0.25
85 65 0.13
85 66 0.09
85 68 0.23
85 69 0.32
85 70 0.23
85 75 0.15
85 76 0.33
85 77 0.21
85 78 0.11
85 79 0.41
85 80 0.31
85 81 0.38
85 82 0.26
85 83 0.34
85 84 0.27
116 85 9.0E-4
2 86 0.04
86 3 0.72
4 86 0.16
86 5 0.23
86 6 0.12
8 86 0.37
86 10 0.03
12 86 0.04
86 13 0.08
15 86 0.09
16 86 0.2
17 86 0.22
86 18 0.23
86 19 0.46
86 20 0.23
86 21 0.15
86 26 0.39
29 86 0.13
86 30 0.59
86 31 0.72
32 86 0.45
33 86 0.55
34 86 0.6
86 35 0.19
86 36 0.19
37 86 0.1
39 86 0.04
86 40 0.4
86 43 0.1
44 86 0.1
86 47 0.16
86 48 0.15
54 86 0.06
86 56 0.33
86 58 0.16
59 86 0.32
60 86 0.56
61 86 0.03
62 86 0.56
86 63 0.49
86 64 0.55
86 65 0.57
86 66 0.25
86 67 0.07
86 69 0.23
86 71 0.05
86 72 0.13
73 86 0.15
75 86 0.39
76 86 0.57
86 77 0.37
86 79 0.46
84 86 0.12
85 86 0.23
116 86 2.0E-4
4 87 0.11
32 87 0.07
38 87 0.58
39 87 0.23
116 87 1.0E-4
2 88 0.08
88 3 0.11
4 88 0.3
88 5 0.11
88 6 0.06
88 8 0.73
88 10 0.16
11 88 0.08
12 88 0.22
88 13 0.08
15 88 0.05
16 88 0.46
17 88 0.04
88 18 0.11
88 19 0.17
88 21 0.07
88 26 0.55
29 88 0.09
88 30 0.13
88 31 0.11
32 88 0.45
33 88 0.51
88 34 0.71
88 35 0.19
88 36 0.28
37 88 0.1
88 40 0.07
88 43 0.29
44 88 0.05
88 45 0.19
88 47 0.16
88 48 0.15
51 88 0.04
52 88 0.15
54 88 0.06
88 56 0.08
59 88 0.09
60 88 0.19
61 88 0.17
62 88 0.12
88 63 0.05
88 64 0.18
88 65 0.14
88 67 0.13
88 69 0.11
88 71 0.05
88 72 0.17
88 73 0.29
75 88 0.11
76 88 0.47
88 77 0.07
88 79 0.11
84 88 0.11
85 88 0.04
88 86 0.51
116 88 1.0E-4
89 1 0.39
89 3 0.09
4 89 0.04
11 89 0.11
89 14 0.29
15 89 0.24
17 89 0.22
89 23 0.41
89 29 0.22
89 31 0.09
32 89 0.18
33 89 0.08
37 89 0.08
39 89 0.09
89 53 0.24
89 59 0.23
60 89 0.12
61 89 0.08
89 62 0.1
89 63 0.14
89 64 0.11
89 66 0.15
89 70 0.41
89 75 0.18
89 76 0.15
89 81 0.27
89 82 0.47
89 83 0.41
89 84 0.19
89 85 0.19
89 86 0.07
116 89 2.0E-4
4 90 0.08
16 90 0.19
90 27 0.71
32 90 0.1
33 90 0.07
90 38 0.41
39 90 0.16
71 90 0.22
72 90 0.18
116 90 1.0E-4
3 91 0.32
91 5 1.0
6 91 0.53
91 18 1.0
19 91 0.5
21 91 0.63
30 91 0.39
31 91 0.32
32 91 0.1
33 91 0.14
35 91 0.2
37 91 0.29
48 91 0.63
59 91 0.39
60 91 0.21
62 91 0.34
63 91 0.47
64 91 0.39
65 91 0.41
91 69 1.0
76 91 0.17
77 91 0.63
79 91 0.5
84 91 0.33
85 91 0.32
86 91 0.23
88 91 0.11
116 91 5.0E-4
2 92 0.1
92 3 0.19
4 92 0.04
17 92 0.11
92 20 0.29
92 22 0.58
92 23 0.41
92 26 0.09
92 29 0.65
92 30 0.11
92 31 0.09
32 92 0.18
33 92 0.17
37 92 0.08
39 92 0.09
92 40 0.33
92 41 0.58
44 92 0.12
92 50 0.47
92 55 0.24
92 56 0.2
92 58 0.41
92 59 0.23
60 92 0.18
61 92 0.08
92 63 0.14
92 64 0.11
92 68 0.41
92 75 0.18
92 76 0.24
92 79 0.29
92 81 0.41
92 82 0.24
92 83 0.2
92 84 0.19
92 85 0.56
92 86 0.13
92 89 0.17
116 92 4.0E-4
93 2 0.2
93 3 0.37
93 4 0.12
93 5 0.38
93 6 0.4
93 9 0.31
93 10 0.16
93 11 0.14
93 12 0.06
93 15 0.23
93 16 0.04
93 17 0.21
93 18 0.38
93 19 0.38
93 21 0.36
93 26 0.06
93 28 0.38
93 30 0.3
93 31 0.43
93 32 0.28
93 33 0.24
93 35 0.08
93 37 0.16
93 39 0.18
93 40 0.11
93 42 0.19
93 43 0.08
93 44 0.08
93 48 0.36
93 54 0.1
93 56 0.13
93 59 0.3
93 60 0.39
93 61 0.11
93 62 0.45
93 63 0.36
93 64 0.37
93 65 0.46
93 66 0.2
93 67 0.11
93 69 0.38
93 74 0.13
93 75 0.12
93 76 0.26
93 77 0.48
93 79 0.38
93 84 0.19
93 85 0.12
93 86 0.31
93 88 0.17
93 89 0.11
93 91 0.38
93 116 4.0E-4
94 3 0.73
4 94 0.03
94 5 0.41
94 6 0.22
15 94 0.08
17 94 0.23
94 18 0.41
94 19 0.71
94 20 0.2
94 21 0.26
29 94 0.08
94 30 0.88
94 31 0.79
32 94 0.25
33 94 0.29
94 35 0.25
37 94 0.12
39 94 0.07
94 40 0.12
44 94 0.09
94 48 0.26
94 56 0.14
94 58 0.29
59 94 0.32
60 94 0.51
62 94 0.77
94 63 0.48
94 64 0.8
94 65 0.67
94 66 0.22
94 69 0.41
94 71 0.09
75 94 0.38
76 94 0.41
94 77 0.39
94 79 0.41
84 94 0.2
85 94 0.2
86 94 0.57
88 94 0.09
94 91 0.41
92 94 0.12
93 94 0.31
116 94 3.0E-4
3 95 0.46
95 5 0.71
95 6 0.38
17 95 0.13
95 18 0.71
19 95 0.35
95 21 0.45
30 95 0.55
31 95 0.46
32 95 0.15
33 95 0.2
35 95 0.14
37 95 0.2
40 95 0.2
95 48 0.45
95 56 0.25
59 95 0.55
60 95 0.29
62 95 0.36
95 63 0.5
64 95 0.28
65 95 0.43
66 95 0.19
95 69 0.71
75 95 0.11
76 95 0.24
95 77 0.67
79 95 0.35
84 95 0.24
85 95 0.23
86 95 0.33
88 95 0.08
95 91 0.71
93 95 0.27
94 95 0.43
116 95 3.0E-4
3 96 0.51
96 5 0.63
96 6 0.34
15 96 0.13
17 96 0.24
96 18 0.63
19 96 0.32
96 21 0.4
30 96 0.5
31 96 0.51
32 96 0.16
33 96 0.18
35 96 0.13
37 96 0.18
96 48 0.4
59 96 0.37
60 96 0.33
62 96 0.54
96 63 0.6
64 96 0.25
65 96 0.39
66 96 0.34
96 69 0.63
75 96 0.1
76 96 0.27
96 77 0.4
79 96 0.32
84 96 0.21
85 96 0.21
86 96 0.37
88 96 0.07
89 96 0.18
96 91 0.63
93 96 0.36
94 96 0.52
96 95 0.67
116 96 3.0E-4
15 97 0.29
17 97 0.27
23 97 0.5
29 97 0.27
32 97 0.07
33 97 0.1
37 97 0.2
53 97 0.58
60 97 0.15
64 97 0.28
97 70 1.0
75 97 0.22
76 97 0.12
81 97 0.33
82 97 0.58
83 97 0.5
84 97 0.24
85 97 0.23
89 97 0.41
116 97 2.0E-4
1 98 0.32
32 98 0.07
71 98 0.32
72 98 0.26
116 98 1.0E-4
99 2 0.25
99 4 0.11
99 9 0.58
99 11 0.26
99 15 0.29
99 17 0.27
99 32 0.07
99 33 0.1
99 37 0.2
99 39 0.23
99 44 0.3
99 54 0.38
99 60 0.15
99 61 0.2
99 93 0.27
99 116 2.0E-4
2 100 0.25
12 100 0.23
32 100 0.07
33 100 0.1
61 100 0.2
116 100 1.0E-4
101 2 0.1
101 4 0.27
101 8 0.17
101 9 0.24
101 10 0.08
101 11 0.11
101 15 0.12
101 16 0.06
101 17 0.11
101 26 0.09
101 32 0.18
101 33 0.21
101 34 0.09
101 35 0.24
101 36 0.24
101 37 0.17
101 39 0.28
101 44 0.37
101 47 0.41
101 51 0.1
101 52 0.19
101 54 0.31
101 57 0.2
101 60 0.24
101 61 0.17
101 67 0.17
101 76 0.05
101 84 0.19
101 86 0.07
101 88 0.13
101 93 0.11
101 99 0.41
101 116 2.0E-4
22 102 0.71
29 102 0.27
32 102 0.07
33 102 0.1
41 102 0.71
50 102 0.58
61 102 0.2
76 102 0.12
81 102 0.33
84 102 0.24
85 102 0.23
92 102 0.41
116 102 2.0E-4
4 103 0.22
9 103 0.24
103 13 0.61
15 103 0.24
17 103 0.22
23 103 0.2
26 103 0.09
32 103 0.18
33 103 0.04
37 103 0.08
103 38 0.47
39 103 0.19
103 50 0.24
103 53 0.24
103 55 0.47
59 103 0.11
60 103 0.06
61 103 0.17
62 103 0.1
75 103 0.18
76 103 0.1
78 103 0.2
103 80 0.37
81 103 0.27
84 103 0.1
85 103 0.28
103 87 0.41
116 103 4.0E-4
104 1 0.33
2 104 0.13
3 104 0.36
4 104 0.06
8 104 0.05
9 104 0.15
104 10 0.1
11 104 0.07
12 104 0.06
104 14 0.37
16 104 0.11
17 104 0.14
19 104 0.18
104 20 0.18
26 104 0.06
29 104 0.07
30 104 0.43
31 104 0.36
32 104 0.28
33 104 0.18
34 104 0.06
35 104 0.07
39 104 0.18
40 104 0.21
43 104 0.08
44 104 0.08
104 56 0.26
104 57 0.13
104 58 0.26
59 104 0.21
60 104 0.27
61 104 0.16
62 104 0.25
104 63 0.17
64 104 0.21
65 104 0.22
66 104 0.1
67 104 0.11
104 71 0.08
75 104 0.23
76 104 0.25
104 77 0.12
79 104 0.09
85 104 0.12
86 104 0.3
88 104 0.04
89 104 0.11
92 104 0.11
93 104 0.14
94 104 0.37
104 95 0.26
104 96 0.23
116 104 2.0E-4
105 2 0.13
105 3 0.06
105 4 0.25
105 5 0.18
105 6 0.28
105 9 0.29
105 10 0.1
105 11 0.06
105 15 0.29
105 16 0.07
105 17 0.33
105 18 0.18
105 19 0.09
105 21 0.22
105 23 0.13
105 28 0.35
105 29 0.07
105 30 0.07
105 31 0.06
105 32 0.29
105 33 0.28
105 35 0.14
105 37 0.26
105 39 0.23
105 42 0.18
105 43 0.15
105 44 0.23
105 48 0.22
105 50 0.14
105 51 0.3
105 52 0.12
105 53 0.14
105 54 0.09
105 55 0.29
105 57 0.25
105 59 0.21
105 60 0.26
105 61 0.15
105 62 0.18
105 63 0.08
105 64 0.07
105 65 0.07
105 67 0.1
105 69 0.18
105 74 0.25
105 75 0.22
105 76 0.18
105 77 0.11
105 79 0.09
105 81 0.25
105 84 0.29
105 85 0.11
105 86 0.04
105 91 0.18
105 92 0.1
105 93 0.27
105 94 0.07
105 95 0.13
105 96 0.11
105 99 0.25
105 101 0.1
105 103 0.2
105 116 2.0E-4
106 1 0.12
3 106 0.52
106 14 0.27
15 106 0.11
17 106 0.3
106 20 0.27
29 106 0.1
30 106 0.42
31 106 0.52
32 106 0.19
33 106 0.19
39 106 0.17
40 106 0.31
44 106 0.11
106 56 0.38
106 58 0.38
59 106 0.31
60 106 0.33
61 106 0.08
62 106 0.37
106 63 0.38
64 106 0.1
65 106 0.33
66 106 0.29
75 106 0.25
76 106 0.23
106 77 0.34
79 106 0.13
85 106 0.09
86 106 0.37
89 106 0.31
92 106 0.15
93 106 0.2
94 106 0.33
106 95 0.38
106 96 0.51
106 104 0.49
116 106 2.0E-4
3 107 0.61
17 107 0.2
19 107 0.13
107 20 0.53
29 107 0.2
30 107 0.42
31 107 0.52
32 107 0.19
33 107 0.27
39 107 0.09
107 40 0.46
44 107 0.11
107 56 0.19
107 58 0.38
59 107 0.21
60 107 0.39
62 107 0.28
107 63 0.5
64 107 0.21
107 65 0.22
107 66 0.29
75 107 0.25
76 107 0.32
107 79 0.53
85 107 0.26
86 107 0.43
92 107 0.31
94 107 0.44
107 95 0.19
107 96 0.34
107 104 0.29
107 106 0.43
116 107 1.0E-4
2 108 0.14
108 3 0.33
4 108 0.06
9 108 0.17
15 108 0.33
16 108 0.04
17 108 0.23
108 19 0.41
108 22 0.41
23 108 0.29
26 108 0.06
29 108 0.23
108 30 0.4
108 31 0.33
32 108 0.25
33 108 0.23
108 35 0.08
37 108 0.12
39 108 0.13
108 41 0.41
43 108 0.09
108 50 0.5
108 53 0.17
108 55 0.5
59 108 0.16
60 108 0.38
61 108 0.12
62 108 0.49
108 64 0.4
108 65 0.33
108 67 0.12
108 68 0.29
108 71 0.09
75 108 0.38
76 108 0.38
81 108 0.58
84 108 0.27
85 108 0.26
86 108 0.24
88 108 0.05
92 108 0.35
93 108 0.08
108 94 0.42
108 102 0.29
108 103 0.24
108 104 0.15
105 108 0.29
108 107 0.11
116 108 2.0E-4
4 109 0.11
109 8 0.1
11 109 0.26
109 12 0.23
109 16 0.27
32 109 0.15
33 109 0.1
109 34 0.11
109 36 0.29
109 43 0.15
60 109 0.07
76 109 0.12
109 86 0.08
109 88 0.08
116 109 1.0E-4
6 110 0.38
10 110 0.2
21 110 0.45
110 28 0.71
32 110 0.07
33 110 0.1
39 110 0.23
42 110 0.71
43 110 0.3
60 110 0.15
74 110 0.5
93 110 0.27
105 110 0.25
116 110 2.0E-4
1 111 0.22
4 111 0.16
111 14 0.5
32 111 0.1
52 111 0.17
57 111 0.35
60 111 0.21
61 111 0.29
76 111 0.08
84 111 0.17
104 111 0.18
116 111 1.0E-4
2 112 0.08
112 3 0.15
4 112 0.07
112 5 0.47
112 6 0.5
112 7 0.17
9 112 0.19
112 10 0.07
15 112 0.38
112 16 0.05
17 112 0.45
112 18 0.47
112 19 0.24
112 21 0.45
112 23 0.33
112 28 0.24
112 29 0.27
112 30 0.18
112 31 0.15
32 112 0.22
33 112 0.27
112 35 0.1
37 112 0.2
39 112 0.23
112 42 0.24
112 43 0.2
112 46 0.24
112 48 0.6
112 50 0.19
112 53 0.58
54 112 0.13
112 55 0.19
112 59 0.55
60 112 0.25
112 62 0.32
112 63 0.22
112 64 0.28
112 65 0.19
112 66 0.13
112 67 0.14
112 69 0.47
112 70 0.33
112 74 0.17
112 75 0.15
112 76 0.28
112 77 0.3
112 79 0.24
112 81 0.44
112 82 0.38
112 83 0.5
112 84 0.47
112 85 0.38
112 86 0.11
112 88 0.05
112 89 0.27
112 91 0.47
112 92 0.14
93 112 0.27
112 94 0.19
112 95 0.33
112 96 0.3
112 97 0.33
112 103 0.14
105 112 0.33
112 108 0.19
116 112 6.0E-4
4 113 0.26
6 113 0.13
7 113 0.17
8 113 0.07
10 113 0.07
11 113 0.09
113 13 0.17
16 113 0.23
26 113 0.21
32 113 0.22
33 113 0.17
34 113 0.08
35 113 0.1
39 113 0.31
44 113 0.4
54 113 0.13
113 57 0.17
60 113 0.15
61 113 0.07
113 71 0.11
76 113 0.04
78 113 0.17
113 80 0.15
84 113 0.24
85 113 0.08
86 113 0.05
88 113 0.05
101 113 0.27
103 113 0.14
116 113 0.0
114 1 0.18
2 114 0.14
11 114 0.3
16 114 0.08
114 22 0.41
23 114 0.29
26 114 0.12
29 114 0.31
32 114 0.13
33 114 0.06
37 114 0.12
114 41 0.41
43 114 0.17
45 114 0.33
50 114 0.33
55 114 0.33
60 114 0.09
114 68 0.58
76 114 0.07
81 114 0.19
84 114 0.14
85 114 0.13
89 114 0.24
92 114 0.24
108 114 0.17
116 114 1.0E-4
4 115 0.09
8 115 0.17
115 10 0.16
11 115 0.11
12 115 0.19
16 115 0.28
115 24 0.41
29 115 0.11
32 115 0.18
33 115 0.17
43 115 0.12
45 115 0.24
115 49 0.41
51 115 0.1
115 67 0.17
72 115 0.11
76 115 0.1
84 115 0.1
88 115 0.13
109 115 0.2
116 115 1.0E-4
