*Vertices  22
1 "荧光粉"
2 "发光荧光材料"
3 "硼酸"
4 "EP"
5 "LED"
6 "二极管"
7 "玻璃"
8 "LED光源"
9 "荧光体"
10 "半导体"
11 "MQW"
12 "金属银纳米粒子"
13 "LED芯片"
14 "芯片"
15 "酸盐"
16 "硝酸"
17 "Eu2"
18 "Li"
19 "离子"
20 "基色"
21 "激发光"
22 "玻璃体"
*Arcs
1 22 0.0043
2 1 0.54
2 22 0.0041
1 3 0.29
2 3 0.4
3 22 0.0104
1 4 0.39
2 4 0.29
4 3 0.4
4 22 0.0040
5 1 0.25
5 2 0.28
5 3 0.15
5 4 0.28
5 22 5.0E-4
6 1 0.23
6 2 0.33
6 3 0.1
6 4 0.22
6 5 0.72
6 22 7.0E-4
7 1 0.11
7 2 0.1
7 3 0.19
7 4 0.21
7 5 0.38
7 6 0.27
7 22 0.0016
8 1 0.24
8 2 0.16
8 3 0.31
8 4 0.22
8 5 0.36
8 6 0.29
8 7 0.24
8 22 0.0018
1 9 0.5
2 9 0.46
3 9 0.29
4 9 0.31
5 9 0.13
6 9 0.18
7 9 0.11
8 9 0.12
9 22 0.0126
10 1 0.34
10 2 0.43
10 3 0.22
10 4 0.28
10 5 0.5
10 6 0.55
10 7 0.23
10 8 0.3
10 9 0.17
10 22 0.0014
1 11 0.16
2 11 0.15
3 11 0.14
4 11 0.22
5 11 0.27
6 11 0.31
7 11 0.21
8 11 0.23
9 11 0.16
10 11 0.53
11 22 0.0031
1 12 0.29
2 12 0.27
3 12 0.5
4 12 0.27
5 12 0.07
6 12 0.1
7 12 0.19
8 12 0.2
9 12 0.58
10 12 0.15
11 12 0.28
22 12 0.028
1 13 0.31
2 13 0.17
3 13 0.22
4 13 0.29
5 13 0.34
6 13 0.33
7 13 0.08
8 13 0.18
13 9 0.25
10 13 0.51
13 11 0.54
13 12 0.22
13 22 0.0022
1 14 0.35
2 14 0.35
14 3 0.24
14 4 0.35
5 14 0.62
6 14 0.58
7 14 0.21
8 14 0.22
14 9 0.21
10 14 0.6
14 11 0.43
14 12 0.12
14 13 0.55
14 22 0.0011
1 15 0.48
2 15 0.53
15 3 0.67
15 4 0.45
5 15 0.22
6 15 0.24
7 15 0.19
8 15 0.2
15 9 0.38
10 15 0.29
15 11 0.09
15 12 0.33
15 13 0.22
15 14 0.36
15 22 0.0059
1 16 0.33
2 16 0.46
16 3 0.58
16 4 0.46
5 16 0.13
6 16 0.12
7 16 0.11
8 16 0.12
16 9 0.33
10 16 0.17
16 11 0.16
16 12 0.58
16 13 0.13
16 14 0.21
16 15 0.58
16 22 0.0135
1 17 0.43
2 17 0.53
17 3 0.5
17 4 0.53
5 17 0.15
6 17 0.15
7 17 0.1
8 17 0.1
17 9 0.58
10 17 0.22
17 11 0.14
17 12 0.5
17 13 0.11
17 14 0.24
17 15 0.5
17 16 0.87
17 22 0.0113
1 18 0.27
2 18 0.31
18 3 0.24
18 4 0.25
5 18 0.31
6 18 0.36
7 18 0.23
8 18 0.24
18 9 0.27
10 18 0.38
18 11 0.26
18 12 0.24
18 13 0.21
18 14 0.31
18 15 0.39
18 16 0.27
18 17 0.24
18 22 0.0029
1 19 0.13
2 19 0.18
19 3 0.34
19 4 0.49
5 19 0.32
6 19 0.26
7 19 0.35
8 19 0.19
19 9 0.26
10 19 0.34
19 11 0.25
19 12 0.23
19 13 0.15
19 14 0.33
19 15 0.38
19 16 0.26
19 17 0.34
19 18 0.27
19 22 0.0028
1 20 0.24
2 20 0.22
20 3 0.41
20 4 0.22
5 20 0.18
6 20 0.08
7 20 0.16
8 20 0.08
20 9 0.24
10 20 0.12
20 11 0.11
20 12 0.41
20 13 0.18
20 14 0.15
20 15 0.27
20 16 0.47
20 17 0.41
20 18 0.19
20 19 0.19
20 22 0.0068
1 21 0.38
2 21 0.45
21 3 0.33
21 4 0.27
5 21 0.22
6 21 0.27
7 21 0.26
8 21 0.2
21 9 0.58
10 21 0.25
21 11 0.28
21 12 0.33
21 13 0.15
21 14 0.28
21 15 0.44
21 16 0.38
21 17 0.5
21 18 0.47
21 19 0.38
21 20 0.27
21 22 0.0055
