*Vertices  82
1 "LCD显示屏"
2 "显示器"
3 "衬底"
4 "LED灯"
5 "容器"
6 "光膜"
7 "荧光粉"
8 "开关"
9 "发光荧光材料"
10 "柔性高分子材料"
11 "GAN"
12 "塑料光转换荧光粒料"
13 "助剂"
14 "离子络合"
15 "引发剂"
16 "聚合物树脂"
17 "硼酸"
18 "变压器"
19 "AuSn"
20 "Au5Sn"
21 "EP"
22 "LED外延片"
23 "外延片"
24 "外延"
25 "LED"
26 "二极管"
27 "扩散剂"
28 "玻璃"
29 "通道"
30 "LED光源"
31 "塑料"
32 "Au-Sn合金电镀液"
33 "缩水甘油"
34 "转换器"
35 "缓冲层"
36 "内量子效率"
37 "基座"
38 "稀释剂"
39 "荧光体"
40 "硅橡胶"
41 "SiO2"
42 "半导体"
43 "电路板"
44 "Al2O3"
45 "MQW"
46 "ESD"
47 "ITO"
48 "客户"
49 "焊盘"
50 "含硅"
51 "太阳能"
52 "LED芯片"
53 "芯片"
54 "酸盐"
55 "硅油"
56 "亚硫酸"
57 "去离子水"
58 "硬脂酰胺"
59 "Li"
60 "液体石蜡"
61 "离子"
62 "电极"
63 "接触层"
64 "电阻"
65 "Au-Sn合金"
66 "Au-30at.％Sn合金"
67 "丙酮"
68 "激光"
69 "MOCVD"
70 "标准芯片工艺制作"
71 "空穴"
72 "EP-CAB共聚物"
73 "酯键"
74 "臭氧"
75 "屏幕"
76 "透镜"
77 "发光层"
78 "CAB"
79 "激发光"
80 "络合剂"
81 "DMA"
82 "甲基"
*Arcs
82 1 1.0E-4
2 1 0.33
2 82 2.0E-4
3 1 0.08
82 3 8.0E-4
4 1 0.04
4 2 0.08
4 3 0.03
4 82 1.0E-4
5 3 0.09
4 5 0.12
82 5 3.0E-4
6 1 0.19
6 2 0.29
6 4 0.13
6 5 0.22
6 82 2.0E-4
7 2 0.14
7 3 0.13
7 4 0.13
7 5 0.22
7 6 0.33
7 82 7.0E-4
8 1 0.14
2 8 0.07
4 8 0.37
8 5 0.21
7 8 0.08
8 82 0.0
9 2 0.13
9 3 0.18
9 4 0.21
9 5 0.2
9 6 0.31
9 7 0.54
9 8 0.07
9 82 5.0E-4
10 5 0.38
6 10 0.58
7 10 0.29
9 10 0.27
82 10 5.0E-4
11 1 0.12
11 3 0.65
4 11 0.04
7 11 0.1
82 11 9.0E-4
2 12 0.25
4 12 0.11
7 12 0.29
8 12 0.14
9 12 0.27
82 12 4.0E-4
2 13 0.18
4 13 0.08
13 5 0.27
6 13 0.41
7 13 0.41
8 13 0.1
9 13 0.38
13 10 0.71
13 12 0.71
82 13 9.0E-4
82 14 6.0E-4
2 15 0.18
82 15 9.0E-4
2 16 0.25
4 16 0.11
7 16 0.29
8 16 0.14
9 16 0.27
16 12 1.0
16 13 0.71
82 16 4.0E-4
2 17 0.13
4 17 0.11
17 5 0.19
7 17 0.29
9 17 0.4
17 15 0.35
17 82 5.0E-4
2 18 0.11
18 3 0.05
4 18 0.26
18 5 0.24
7 18 0.06
8 18 0.29
18 11 0.08
18 15 0.15
17 18 0.11
18 82 0.0
19 14 1.0
82 19 6.0E-4
20 14 1.0
20 19 1.0
82 20 6.0E-4
2 21 0.07
21 3 0.12
4 21 0.12
21 5 0.1
7 21 0.39
21 8 0.11
9 21 0.29
21 15 0.38
21 17 0.4
21 18 0.11
21 82 5.0E-4
22 1 0.12
22 3 0.65
4 22 0.04
7 22 0.1
22 11 0.75
18 22 0.08
82 22 0.0013
23 1 0.09
23 3 0.83
4 23 0.03
7 23 0.08
9 23 0.15
23 11 0.78
18 23 0.06
21 23 0.07
23 22 0.78
82 23 0.0010
24 1 0.08
24 3 0.95
4 24 0.05
7 24 0.13
9 24 0.25
24 11 0.65
18 24 0.05
21 24 0.06
24 22 0.65
24 23 0.83
82 24 8.0E-4
25 1 0.22
25 2 0.29
25 3 0.32
25 4 0.67
25 5 0.19
25 6 0.13
25 7 0.25
25 8 0.54
25 9 0.28
25 10 0.07
25 11 0.21
25 12 0.07
25 13 0.1
25 14 0.07
25 15 0.1
25 16 0.07
25 17 0.15
25 18 0.34
25 19 0.07
25 20 0.07
25 21 0.28
25 22 0.21
25 23 0.27
25 24 0.32
25 82 6.0E-4
26 1 0.14
26 2 0.15
26 3 0.37
26 4 0.32
26 5 0.23
26 6 0.12
26 7 0.23
26 8 0.46
26 9 0.33
26 10 0.1
26 11 0.25
26 12 0.1
26 13 0.14
26 14 0.1
26 15 0.14
26 16 0.1
26 17 0.1
26 18 0.39
26 19 0.1
26 20 0.1
26 21 0.22
26 22 0.22
26 23 0.31
26 24 0.37
26 25 0.72
26 82 5.0E-4
4 27 0.16
5 27 0.27
7 27 0.2
9 27 0.38
17 27 0.35
25 27 0.1
26 27 0.07
82 27 2.0E-4
28 2 0.19
28 3 0.13
28 4 0.27
28 6 0.11
28 7 0.11
28 8 0.18
28 9 0.1
28 11 0.14
28 15 0.27
28 17 0.19
28 18 0.08
28 21 0.21
28 23 0.16
28 24 0.13
28 25 0.38
28 26 0.27
28 82 1.0E-4
2 29 0.07
29 3 0.2
4 29 0.22
8 29 0.04
29 11 0.31
29 22 0.2
29 23 0.24
29 24 0.2
25 29 0.25
26 29 0.23
28 29 0.11
82 29 1.0E-4
30 1 0.07
30 2 0.15
30 3 0.09
30 4 0.36
30 5 0.08
30 6 0.12
30 7 0.24
30 8 0.06
30 9 0.16
30 11 0.14
30 15 0.14
30 17 0.31
30 18 0.09
30 21 0.22
30 23 0.11
30 24 0.09
30 25 0.36
30 26 0.29
30 27 0.14
30 28 0.24
30 29 0.18
30 82 1.0E-4
31 2 0.17
31 3 0.05
31 4 0.28
31 5 0.17
31 6 0.26
31 7 0.2
31 8 0.16
31 9 0.18
31 10 0.23
31 12 0.23
31 13 0.32
31 16 0.23
31 18 0.05
31 21 0.06
31 23 0.06
31 24 0.05
31 25 0.32
31 26 0.28
31 28 0.35
31 29 0.13
31 30 0.14
31 82 2.0E-4
32 14 1.0
32 19 1.0
32 20 1.0
25 32 0.07
26 32 0.1
82 32 6.0E-4
2 33 0.18
33 15 1.0
17 33 0.35
18 33 0.15
21 33 0.38
25 33 0.1
26 33 0.14
28 33 0.27
30 33 0.14
82 33 9.0E-4
34 1 0.2
2 34 0.15
4 34 0.1
7 34 0.09
8 34 0.25
9 34 0.08
34 12 0.3
34 13 0.21
34 16 0.3
18 34 0.06
21 34 0.08
25 34 0.24
26 34 0.21
28 34 0.12
31 34 0.21
34 82 1.0E-4
35 1 0.12
35 3 0.65
7 35 0.1
9 35 0.19
35 11 0.63
35 22 0.75
35 23 0.78
35 24 0.65
25 35 0.21
26 35 0.22
35 29 0.2
82 35 0.0012
3 36 0.32
7 36 0.2
11 36 0.25
22 36 0.5
23 36 0.39
24 36 0.32
25 36 0.1
26 36 0.07
35 36 0.5
82 36 7.0E-4
4 37 0.22
5 37 0.19
7 37 0.14
9 37 0.13
17 37 0.25
25 37 0.15
26 37 0.15
37 27 0.35
29 37 0.43
30 37 0.1
31 37 0.11
82 37 1.0E-4
2 38 0.14
38 5 0.22
6 38 0.33
7 38 0.17
9 38 0.15
38 10 0.58
38 13 0.41
38 15 0.82
17 38 0.29
18 38 0.12
21 38 0.31
25 38 0.13
26 38 0.18
28 38 0.22
30 38 0.12
31 38 0.13
38 33 0.82
82 38 0.0014
39 5 0.22
6 39 0.33
7 39 0.5
9 39 0.46
39 10 0.58
39 13 0.41
17 39 0.29
21 39 0.31
25 39 0.13
26 39 0.18
28 39 0.11
30 39 0.12
31 39 0.13
39 38 0.33
82 39 2.0E-4
2 40 0.14
4 40 0.06
40 5 0.44
6 40 0.33
7 40 0.33
9 40 0.31
40 10 0.58
40 13 0.41
40 15 0.41
17 40 0.58
18 40 0.12
21 40 0.15
25 40 0.13
26 40 0.12
40 27 0.41
28 40 0.11
30 40 0.24
31 40 0.13
40 33 0.41
40 37 0.29
40 38 0.67
40 39 0.33
82 40 0.0012
2 41 0.07
41 3 0.38
4 41 0.12
41 5 0.21
6 41 0.16
7 41 0.32
41 8 0.04
9 41 0.52
41 10 0.28
41 11 0.29
41 12 0.28
41 13 0.39
41 16 0.28
41 17 0.14
41 18 0.06
41 21 0.3
41 22 0.2
41 23 0.38
41 24 0.38
25 41 0.27
26 41 0.31
28 41 0.16
41 29 0.08
30 41 0.11
31 41 0.19
41 34 0.08
41 35 0.1
41 38 0.16
41 39 0.32
41 40 0.16
41 82 3.0E-4
42 1 0.05
42 2 0.11
42 3 0.64
42 4 0.29
42 5 0.22
42 6 0.09
42 7 0.34
42 8 0.14
42 9 0.43
42 11 0.42
42 12 0.15
42 13 0.1
42 14 0.15
42 15 0.1
42 16 0.15
42 17 0.22
42 18 0.19
42 19 0.15
42 20 0.15
42 21 0.28
42 22 0.42
42 23 0.53
42 24 0.64
42 25 0.5
42 26 0.55
42 27 0.21
42 28 0.23
42 29 0.17
42 30 0.3
42 31 0.24
42 32 0.15
42 33 0.1
42 34 0.13
42 35 0.42
42 36 0.21
42 37 0.15
42 38 0.09
42 39 0.17
42 40 0.17
42 41 0.41
42 82 0.0011
43 1 0.2
43 2 0.26
43 4 0.4
43 5 0.08
43 6 0.24
43 7 0.12
43 8 0.14
43 9 0.16
43 15 0.14
43 17 0.1
43 18 0.04
43 21 0.05
43 25 0.36
43 26 0.17
43 27 0.29
43 28 0.39
43 29 0.06
43 30 0.17
43 31 0.19
43 33 0.14
43 37 0.1
43 38 0.12
43 40 0.12
43 41 0.06
43 42 0.15
43 82 1.0E-4
44 1 0.08
2 44 0.06
44 3 0.72
4 44 0.08
44 5 0.09
6 44 0.14
7 44 0.35
44 8 0.03
9 44 0.45
44 10 0.24
44 11 0.69
44 12 0.24
44 13 0.34
44 16 0.24
44 18 0.05
21 44 0.06
44 22 0.6
44 23 0.74
44 24 0.78
25 44 0.3
26 44 0.34
28 44 0.09
44 29 0.21
30 44 0.1
31 44 0.11
44 34 0.07
44 35 0.69
44 36 0.34
44 38 0.14
44 39 0.14
44 40 0.14
41 44 0.54
42 44 0.57
44 82 0.0015
45 1 0.09
45 3 0.64
4 45 0.09
7 45 0.16
8 45 0.04
9 45 0.15
45 11 0.78
17 45 0.14
18 45 0.12
21 45 0.22
45 22 0.69
45 23 0.77
45 24 0.7
25 45 0.27
26 45 0.31
28 45 0.21
45 29 0.24
30 45 0.23
31 45 0.06
45 35 0.59
45 36 0.39
39 45 0.16
41 45 0.31
42 45 0.53
44 45 0.67
82 45 0.0010
46 3 0.41
8 46 0.06
46 11 0.47
46 22 0.63
46 23 0.5
46 24 0.41
25 46 0.16
26 46 0.14
46 29 0.26
34 46 0.13
46 35 0.63
46 36 0.32
42 46 0.26
44 46 0.43
46 45 0.5
82 46 7.0E-4
47 1 0.19
2 47 0.07
3 47 0.66
4 47 0.06
7 47 0.08
9 47 0.23
11 47 0.61
18 47 0.06
22 47 0.61
23 47 0.72
24 47 0.73
25 47 0.25
26 47 0.26
28 47 0.11
29 47 0.08
30 47 0.12
35 47 0.51
47 36 0.41
41 47 0.4
42 47 0.47
44 47 0.7
45 47 0.64
46 47 0.26
82 47 7.0E-4
48 1 0.14
2 48 0.2
4 48 0.22
6 48 0.24
7 48 0.12
8 48 0.17
9 48 0.11
48 12 0.41
48 13 0.29
48 16 0.41
21 48 0.11
25 48 0.18
26 48 0.08
28 48 0.08
48 29 0.12
30 48 0.08
31 48 0.09
34 48 0.12
41 48 0.11
42 48 0.12
43 48 0.17
44 48 0.1
82 48 1.0E-4
4 49 0.06
7 49 0.17
8 49 0.08
49 14 0.58
18 49 0.12
49 19 0.58
49 20 0.58
21 49 0.31
25 49 0.13
26 49 0.12
30 49 0.12
49 32 0.58
42 49 0.17
49 45 0.16
82 49 3.0E-4
2 50 0.25
50 15 0.71
17 50 0.5
18 50 0.21
21 50 0.27
25 50 0.07
26 50 0.1
28 50 0.19
30 50 0.2
50 33 0.71
38 50 0.58
40 50 0.58
42 50 0.15
82 50 4.0E-4
3 51 0.07
4 51 0.14
7 51 0.09
8 51 0.17
11 51 0.11
18 51 0.07
22 51 0.11
23 51 0.09
24 51 0.07
25 51 0.23
26 51 0.13
28 51 0.12
29 51 0.09
35 51 0.11
42 51 0.05
43 51 0.06
44 51 0.08
45 51 0.09
46 51 0.14
82 51 0.0
52 1 0.07
52 3 0.5
4 52 0.19
52 5 0.25
6 52 0.13
7 52 0.31
52 8 0.03
9 52 0.17
52 10 0.22
52 11 0.39
52 13 0.15
17 52 0.22
52 18 0.09
21 52 0.29
52 22 0.54
52 23 0.48
52 24 0.45
25 52 0.34
26 52 0.33
52 27 0.15
28 52 0.08
52 29 0.31
30 52 0.18
31 52 0.1
52 35 0.39
52 36 0.15
52 37 0.33
52 38 0.13
52 39 0.25
52 40 0.25
41 52 0.24
42 52 0.51
43 52 0.04
44 52 0.42
52 45 0.54
52 46 0.39
52 47 0.31
52 49 0.25
52 51 0.07
52 82 9.0E-4
53 1 0.24
2 53 0.27
53 3 0.49
4 53 0.3
53 5 0.14
6 53 0.07
7 53 0.35
53 8 0.28
9 53 0.35
53 10 0.12
53 11 0.34
53 12 0.12
53 13 0.17
53 14 0.12
53 15 0.17
53 16 0.12
53 17 0.24
53 18 0.18
53 19 0.12
53 20 0.12
53 21 0.35
53 22 0.34
53 23 0.43
53 24 0.49
25 53 0.62
26 53 0.58
53 27 0.08
28 53 0.21
53 29 0.24
30 53 0.22
31 53 0.11
53 32 0.12
53 33 0.17
53 34 0.25
53 35 0.34
53 36 0.17
53 37 0.18
53 38 0.21
53 39 0.21
53 40 0.21
53 41 0.4
42 53 0.6
43 53 0.22
53 44 0.46
53 45 0.43
53 46 0.27
53 47 0.38
53 48 0.1
53 49 0.21
53 50 0.12
53 51 0.08
53 52 0.55
53 82 0.0011
2 54 0.17
4 54 0.11
54 5 0.25
6 54 0.19
7 54 0.48
54 8 0.05
9 54 0.53
54 10 0.33
54 12 0.33
54 13 0.47
54 14 0.33
54 15 0.47
54 16 0.33
54 17 0.67
54 18 0.07
54 19 0.33
54 20 0.33
54 21 0.45
25 54 0.22
26 54 0.24
54 27 0.24
28 54 0.19
30 54 0.2
31 54 0.15
54 32 0.33
54 33 0.47
54 34 0.1
54 37 0.17
54 38 0.58
54 39 0.38
54 40 0.58
54 41 0.37
42 54 0.29
43 54 0.14
54 44 0.24
54 45 0.09
54 48 0.14
54 49 0.19
54 50 0.33
54 52 0.22
54 53 0.36
54 82 0.0021
55 5 0.38
6 55 0.58
7 55 0.29
9 55 0.27
55 10 1.0
55 13 0.71
25 55 0.07
26 55 0.1
31 55 0.23
55 38 0.58
55 39 0.58
55 40 0.58
41 55 0.28
44 55 0.24
52 55 0.22
53 55 0.12
54 55 0.33
82 55 5.0E-4
56 14 1.0
56 19 1.0
56 20 1.0
25 56 0.07
26 56 0.1
56 32 1.0
42 56 0.15
56 49 0.58
53 56 0.12
54 56 0.33
82 56 6.0E-4
57 3 0.21
4 57 0.05
57 5 0.17
9 57 0.12
57 14 0.45
57 17 0.22
57 19 0.45
57 20 0.45
57 21 0.36
57 24 0.1
25 57 0.16
26 57 0.14
57 32 0.45
57 41 0.25
42 57 0.2
57 49 0.26
57 52 0.1
57 53 0.21
57 54 0.3
57 56 0.45
57 82 6.0E-4
2 58 0.25
4 58 0.11
7 58 0.29
8 58 0.14
9 58 0.27
58 12 1.0
58 13 0.71
58 16 1.0
25 58 0.07
26 58 0.1
31 58 0.23
34 58 0.3
41 58 0.28
42 58 0.15
44 58 0.24
58 48 0.41
53 58 0.12
54 58 0.33
82 58 4.0E-4
2 59 0.06
59 3 0.16
4 59 0.26
59 5 0.09
6 59 0.14
7 59 0.27
59 8 0.13
9 59 0.31
59 10 0.24
59 11 0.25
59 12 0.24
59 13 0.33
59 15 0.17
59 16 0.24
59 17 0.24
59 18 0.05
59 21 0.25
59 22 0.08
59 23 0.2
59 24 0.16
25 59 0.31
26 59 0.36
59 27 0.17
28 59 0.23
59 29 0.2
30 59 0.24
31 59 0.27
59 33 0.17
59 34 0.21
59 35 0.08
59 36 0.17
59 37 0.24
59 38 0.27
59 39 0.27
59 40 0.14
59 41 0.33
42 59 0.38
43 59 0.14
59 44 0.29
59 45 0.26
59 46 0.11
59 47 0.2
59 48 0.1
59 52 0.21
59 53 0.31
59 54 0.39
59 55 0.24
59 57 0.11
59 58 0.24
59 82 6.0E-4
2 60 0.25
4 60 0.11
7 60 0.29
8 60 0.14
9 60 0.27
60 12 1.0
60 13 0.71
60 16 1.0
25 60 0.07
26 60 0.1
31 60 0.23
34 60 0.3
41 60 0.28
42 60 0.15
44 60 0.24
60 48 0.41
53 60 0.12
54 60 0.33
60 58 1.0
59 60 0.24
82 60 4.0E-4
61 1 0.15
2 61 0.06
61 3 0.32
4 61 0.13
61 5 0.09
7 61 0.13
9 61 0.18
61 11 0.16
61 14 0.23
61 15 0.32
61 17 0.34
61 18 0.1
61 19 0.23
61 20 0.23
61 21 0.49
61 23 0.19
61 24 0.26
25 61 0.32
26 61 0.26
28 61 0.35
61 29 0.07
30 61 0.19
31 61 0.05
61 32 0.23
61 33 0.32
61 34 0.07
61 38 0.26
61 39 0.26
61 40 0.13
61 41 0.32
42 61 0.34
43 61 0.14
61 44 0.11
61 45 0.25
61 47 0.13
61 49 0.13
61 50 0.23
61 52 0.15
61 53 0.33
61 54 0.38
61 56 0.23
61 57 0.51
61 59 0.27
61 82 7.0E-4
62 1 0.11
2 62 0.04
62 3 0.72
4 62 0.16
62 5 0.19
7 62 0.09
8 62 0.2
9 62 0.22
62 11 0.46
62 18 0.39
21 62 0.13
62 22 0.46
62 23 0.59
62 24 0.72
25 62 0.45
26 62 0.55
28 62 0.13
62 29 0.19
30 62 0.1
31 62 0.04
62 34 0.1
62 35 0.46
62 36 0.23
41 62 0.32
42 62 0.56
43 62 0.03
44 62 0.56
62 45 0.55
62 46 0.29
62 47 0.57
62 48 0.07
62 49 0.09
62 51 0.05
52 62 0.39
53 62 0.57
57 62 0.15
59 62 0.12
61 62 0.23
62 82 5.0E-4
63 1 0.13
63 3 0.61
4 63 0.04
7 63 0.11
63 11 0.8
18 63 0.08
63 22 0.94
63 23 0.73
63 24 0.61
25 63 0.19
26 63 0.19
63 29 0.22
63 35 0.8
63 36 0.53
41 63 0.1
42 63 0.39
44 63 0.64
63 45 0.73
63 46 0.68
63 47 0.55
63 51 0.12
52 63 0.49
53 63 0.32
59 63 0.09
62 63 0.43
82 63 0.0014
64 1 0.16
2 64 0.08
64 3 0.11
4 64 0.3
64 5 0.18
7 64 0.05
8 64 0.46
9 64 0.04
64 11 0.17
64 18 0.55
21 64 0.09
64 22 0.11
64 23 0.13
64 24 0.11
25 64 0.45
26 64 0.51
28 64 0.09
64 29 0.19
30 64 0.1
64 34 0.29
64 35 0.06
64 36 0.11
64 37 0.08
41 64 0.09
42 64 0.19
43 64 0.17
44 64 0.12
64 45 0.18
64 46 0.07
64 47 0.14
64 48 0.13
64 49 0.09
64 51 0.05
52 64 0.11
53 64 0.47
59 64 0.11
61 64 0.04
64 62 0.51
64 63 0.12
64 82 0.0
65 14 1.0
65 19 1.0
65 20 1.0
25 65 0.07
26 65 0.1
65 32 1.0
42 65 0.15
65 49 0.58
53 65 0.12
54 65 0.33
65 56 1.0
57 65 0.45
61 65 0.23
82 65 6.0E-4
66 14 1.0
66 19 1.0
66 20 1.0
25 66 0.07
26 66 0.1
66 32 1.0
42 66 0.15
66 49 0.58
53 66 0.12
54 66 0.33
66 56 1.0
57 66 0.45
61 66 0.23
66 65 1.0
82 66 6.0E-4
2 67 0.1
67 3 0.19
4 67 0.04
67 5 0.15
9 67 0.11
67 15 0.58
67 17 0.41
67 18 0.09
67 21 0.65
67 23 0.11
67 24 0.09
25 67 0.18
26 67 0.17
28 67 0.24
30 67 0.08
31 67 0.09
67 33 0.58
67 38 0.47
67 40 0.24
67 41 0.23
42 67 0.18
43 67 0.08
67 45 0.11
67 50 0.41
67 52 0.18
67 53 0.24
67 54 0.41
67 57 0.55
67 59 0.19
67 61 0.56
67 62 0.13
67 82 9.0E-4
68 1 0.09
68 2 0.2
68 3 0.37
68 4 0.12
68 6 0.31
68 7 0.23
68 8 0.04
68 9 0.21
68 11 0.38
68 18 0.06
68 22 0.19
68 23 0.3
68 24 0.43
68 25 0.28
68 26 0.24
68 28 0.21
68 29 0.08
68 30 0.16
68 31 0.18
68 34 0.08
68 35 0.09
68 36 0.19
68 41 0.3
68 42 0.39
68 43 0.11
68 44 0.45
68 45 0.37
68 47 0.46
68 48 0.11
68 52 0.12
68 53 0.26
68 59 0.19
68 61 0.12
68 62 0.31
68 63 0.2
68 64 0.17
68 82 1.0E-4
69 1 0.1
69 3 0.73
4 69 0.03
7 69 0.08
9 69 0.23
69 11 0.71
21 69 0.08
69 22 0.61
69 23 0.88
69 24 0.79
25 69 0.25
26 69 0.29
28 69 0.17
69 29 0.25
30 69 0.12
31 69 0.07
69 35 0.82
69 36 0.41
41 69 0.32
42 69 0.51
44 69 0.77
69 45 0.8
69 46 0.52
69 47 0.67
69 51 0.09
52 69 0.38
53 69 0.41
59 69 0.2
61 69 0.2
62 69 0.57
69 63 0.65
64 69 0.09
67 69 0.12
68 69 0.31
82 69 0.0010
70 1 0.15
70 3 0.51
7 70 0.13
70 11 0.63
70 22 0.79
70 23 0.62
70 24 0.51
25 70 0.16
26 70 0.14
70 29 0.13
70 35 0.79
70 36 0.63
42 70 0.33
44 70 0.54
70 45 0.62
70 46 0.6
70 47 0.52
52 70 0.39
53 70 0.27
59 70 0.11
62 70 0.37
70 63 0.85
64 70 0.07
68 70 0.12
70 69 0.65
82 70 0.0012
71 1 0.13
3 71 0.26
4 71 0.17
7 71 0.11
8 71 0.1
11 71 0.4
18 71 0.16
21 71 0.1
22 71 0.4
23 71 0.31
24 71 0.26
25 71 0.19
26 71 0.23
29 71 0.11
30 71 0.08
31 71 0.26
35 71 0.4
71 36 0.27
71 37 0.19
42 71 0.39
44 71 0.28
45 71 0.42
46 71 0.17
71 47 0.33
49 71 0.22
52 71 0.25
53 71 0.18
59 71 0.36
62 71 0.25
63 71 0.43
64 71 0.12
68 71 0.1
69 71 0.33
70 71 0.51
82 71 5.0E-4
21 72 0.27
25 72 0.07
57 72 0.45
61 72 0.23
67 72 0.41
82 72 4.0E-4
15 73 0.71
21 73 0.27
25 73 0.07
26 73 0.1
28 73 0.19
33 73 0.71
38 73 0.58
43 73 0.2
53 73 0.12
54 73 0.33
59 73 0.24
61 73 0.23
67 73 0.41
82 73 4.0E-4
4 74 0.22
74 5 0.31
6 74 0.24
7 74 0.24
9 74 0.22
74 10 0.41
74 13 0.29
17 74 0.2
18 74 0.09
25 74 0.18
26 74 0.04
74 27 0.29
28 74 0.24
30 74 0.08
31 74 0.19
74 37 0.2
74 38 0.24
74 39 0.24
74 40 0.47
41 74 0.11
42 74 0.06
43 74 0.17
44 74 0.1
52 74 0.18
53 74 0.1
54 74 0.27
74 55 0.41
59 74 0.1
61 74 0.28
82 74 3.0E-4
1 75 0.17
2 75 0.13
3 75 0.36
4 75 0.06
5 75 0.1
6 75 0.15
8 75 0.11
9 75 0.14
11 75 0.18
18 75 0.06
21 75 0.07
22 75 0.27
23 75 0.43
24 75 0.36
25 75 0.28
26 75 0.18
28 75 0.15
29 75 0.07
31 75 0.18
34 75 0.08
35 75 0.37
41 75 0.21
42 75 0.27
43 75 0.16
44 75 0.25
45 75 0.21
46 75 0.23
47 75 0.22
48 75 0.11
75 51 0.08
52 75 0.23
53 75 0.25
61 75 0.12
62 75 0.3
63 75 0.2
64 75 0.04
67 75 0.11
68 75 0.14
69 75 0.37
70 75 0.12
71 75 0.1
82 75 2.0E-4
76 2 0.13
76 3 0.06
76 4 0.25
76 5 0.19
76 6 0.29
76 7 0.29
76 8 0.07
76 9 0.33
76 10 0.25
76 11 0.09
76 12 0.25
76 13 0.35
76 16 0.25
76 17 0.13
76 21 0.07
76 23 0.07
76 24 0.06
76 25 0.29
76 26 0.28
76 27 0.35
76 28 0.14
76 29 0.14
76 30 0.26
76 31 0.23
76 34 0.15
76 37 0.25
76 38 0.14
76 39 0.14
76 40 0.29
76 41 0.21
76 42 0.26
76 43 0.15
76 44 0.18
76 45 0.07
76 47 0.07
76 48 0.1
76 52 0.22
76 53 0.18
76 54 0.25
76 55 0.25
76 57 0.11
76 58 0.25
76 59 0.29
76 60 0.25
76 61 0.11
76 62 0.04
76 67 0.1
76 68 0.27
76 69 0.07
76 72 0.25
76 74 0.2
76 82 6.0E-4
77 1 0.13
3 77 0.61
5 77 0.14
9 77 0.2
11 77 0.13
21 77 0.2
22 77 0.13
23 77 0.42
24 77 0.52
25 77 0.19
26 77 0.27
28 77 0.07
31 77 0.09
35 77 0.4
41 77 0.21
42 77 0.39
44 77 0.28
45 77 0.21
77 47 0.22
52 77 0.25
53 77 0.32
57 77 0.17
61 77 0.26
62 77 0.43
63 77 0.14
67 77 0.31
69 77 0.44
70 77 0.17
77 71 0.14
77 75 0.29
82 77 1.0E-4
21 78 0.27
25 78 0.07
57 78 0.45
61 78 0.23
67 78 0.41
78 72 1.0
76 78 0.25
82 78 4.0E-4
2 79 0.08
79 3 0.15
4 79 0.07
79 5 0.13
6 79 0.19
7 79 0.38
79 8 0.05
9 79 0.45
79 10 0.33
79 11 0.24
79 12 0.33
79 13 0.47
79 16 0.33
79 17 0.33
79 21 0.27
79 23 0.18
79 24 0.15
25 79 0.22
26 79 0.27
28 79 0.26
79 29 0.1
30 79 0.2
31 79 0.23
79 34 0.2
79 38 0.19
79 39 0.58
79 40 0.19
79 41 0.55
42 79 0.25
79 44 0.32
79 45 0.28
79 47 0.19
79 48 0.14
79 52 0.15
79 53 0.28
79 54 0.44
79 55 0.33
79 57 0.15
79 58 0.33
79 59 0.47
79 60 0.33
79 61 0.38
79 62 0.11
79 64 0.05
79 67 0.14
68 79 0.27
79 69 0.19
79 74 0.14
76 79 0.33
79 82 4.0E-4
80 14 1.0
80 19 1.0
80 20 1.0
25 80 0.07
26 80 0.1
80 32 1.0
42 80 0.15
80 49 0.58
53 80 0.12
54 80 0.33
80 56 1.0
57 80 0.45
61 80 0.23
80 65 1.0
80 66 1.0
80 82 6.0E-4
2 81 0.14
8 81 0.08
81 15 0.41
17 81 0.29
18 81 0.12
21 81 0.31
25 81 0.13
26 81 0.06
28 81 0.11
30 81 0.12
81 33 0.41
34 81 0.17
38 81 0.33
40 81 0.33
42 81 0.09
81 50 0.58
53 81 0.07
54 81 0.19
59 81 0.14
61 81 0.13
67 81 0.24
82 81 2.0E-4
