*Vertices  81
1 "LED灯"
2 "容器"
3 "传感器"
4 "控制器"
5 "处理器"
6 "单片机"
7 "聚光杯"
8 "整流器"
9 "工质"
10 "开关"
11 "热电分离"
12 "触发脉冲"
13 "功率因数校正"
14 "连接管"
15 "模数转换集成块"
16 "变压器"
17 "Zigbee"
18 "发光板"
19 "EP"
20 "LED"
21 "二极管"
22 "整流二极管"
23 "稳压二极管"
24 "三极管"
25 "GSM"
26 "玻璃"
27 "通道"
28 "接收管"
29 "LED光源"
30 "电子元器件"
31 "转换器"
32 "铝基板"
33 "基板"
34 "晶体振荡器"
35 "红外线发射管"
36 "聚光碗"
37 "散热片"
38 "散热器"
39 "发光体"
40 "放大器"
41 "半导体"
42 "电路板"
43 "MQW"
44 "ESD"
45 "GPIO"
46 "键合"
47 "客户"
48 "焊盘"
49 "滑动变阻器"
50 "太阳能"
51 "蓄电池"
52 "充电电池"
53 "锂电池"
54 "LED芯片"
55 "芯片"
56 "电抗器"
57 "继电器"
58 "充电器"
59 "冷凝器"
60 "存储器"
61 "Li"
62 "电感"
63 "电极"
64 "电阻"
65 "发射模块"
66 "脉冲信号"
67 "散热腔"
68 "超声波"
69 "SIM"
70 "空穴"
71 "射灯"
72 "检测仪"
73 "光电耦合器"
74 "屏幕"
75 "蜂鸣器"
76 "扬声器"
77 "发光管"
78 "提示仪"
79 "晶体闸流管"
80 "插座"
81 "电容"
*Arcs
1 81 0.0011
1 2 0.12
81 2 6.0E-4
1 3 0.13
81 3 1.0E-4
1 4 0.11
2 4 0.09
4 3 0.19
81 4 4.0E-4
5 1 0.14
5 3 0.36
5 4 0.44
5 81 1.0E-4
1 6 0.13
6 3 0.28
6 4 0.17
5 6 0.24
6 81 4.0E-4
1 7 0.16
81 7 7.0E-4
1 8 0.22
8 2 0.33
8 4 0.07
8 7 0.41
81 8 0.0025
1 9 0.19
81 9 2.0E-4
1 10 0.37
10 2 0.21
10 3 0.19
10 4 0.23
5 10 0.21
10 6 0.19
10 8 0.2
10 81 0.0018
1 11 0.16
9 11 0.41
81 11 2.0E-4
4 12 0.24
81 12 3.0E-4
1 13 0.11
10 13 0.14
81 13 4.0E-4
1 14 0.16
9 14 0.82
14 11 0.5
81 14 3.0E-4
1 15 0.11
10 15 0.14
81 15 5.0E-4
1 16 0.26
16 2 0.24
16 3 0.04
16 4 0.1
6 16 0.05
16 7 0.3
16 8 0.68
10 16 0.29
16 13 0.21
81 16 0.0026
3 17 0.2
6 17 0.23
10 17 0.14
81 17 3.0E-4
1 18 0.16
2 18 0.19
4 18 0.12
8 18 0.14
10 18 0.14
18 13 0.5
16 18 0.21
81 18 5.0E-4
1 19 0.12
19 2 0.1
19 4 0.06
5 19 0.14
19 6 0.06
19 8 0.08
19 10 0.11
19 16 0.11
19 81 1.0E-4
20 1 0.67
20 2 0.19
20 3 0.37
20 4 0.3
20 5 0.28
20 6 0.32
20 7 0.1
20 8 0.25
20 9 0.13
20 10 0.54
20 11 0.1
20 12 0.07
20 13 0.07
20 14 0.1
20 15 0.07
20 16 0.34
20 17 0.07
20 18 0.15
20 19 0.28
20 81 0.0018
21 1 0.32
21 2 0.23
21 3 0.2
21 4 0.15
21 5 0.08
21 6 0.16
21 7 0.14
21 8 0.35
21 9 0.12
21 10 0.46
21 12 0.1
21 13 0.1
21 14 0.07
21 15 0.1
21 16 0.39
21 17 0.1
21 18 0.15
21 19 0.22
21 20 0.72
21 81 0.0019
1 22 0.11
10 22 0.14
22 13 1.0
16 22 0.21
18 22 0.5
20 22 0.07
21 22 0.1
81 22 4.0E-4
1 23 0.21
2 23 0.14
3 23 0.08
4 23 0.18
5 23 0.1
23 7 0.53
8 23 0.55
10 23 0.21
23 13 0.38
16 23 0.48
23 18 0.38
19 23 0.1
20 23 0.19
21 23 0.27
23 22 0.38
81 23 0.0020
1 24 0.2
24 2 0.17
24 3 0.05
24 4 0.11
6 24 0.16
24 8 0.4
10 24 0.37
24 12 0.23
24 13 0.23
24 15 0.23
24 16 0.49
24 18 0.23
19 24 0.06
20 24 0.32
21 24 0.42
24 22 0.23
24 23 0.26
24 81 0.0035
4 25 0.24
6 25 0.23
20 25 0.07
81 25 4.0E-4
26 1 0.27
26 3 0.12
26 5 0.15
26 6 0.22
26 10 0.18
26 16 0.08
26 19 0.21
26 20 0.38
26 21 0.27
26 24 0.09
26 81 1.0E-4
1 27 0.22
27 3 0.12
6 27 0.07
27 9 0.33
10 27 0.04
27 11 0.2
27 14 0.41
20 27 0.25
21 27 0.23
24 27 0.07
26 27 0.11
81 27 2.0E-4
1 28 0.13
3 28 0.12
6 28 0.13
10 28 0.24
28 15 0.58
20 28 0.13
21 28 0.18
24 28 0.4
26 28 0.11
27 28 0.17
81 28 7.0E-4
29 1 0.36
29 2 0.08
29 3 0.04
29 5 0.11
29 6 0.09
29 8 0.06
29 9 0.12
29 10 0.06
29 16 0.09
29 18 0.1
29 19 0.22
29 20 0.36
29 21 0.29
29 23 0.08
29 24 0.09
29 26 0.24
29 27 0.18
29 28 0.12
29 81 1.0E-4
1 30 0.16
9 30 0.82
30 11 0.5
30 14 1.0
20 30 0.1
21 30 0.07
27 30 0.41
81 30 3.0E-4
1 31 0.1
31 3 0.3
31 4 0.22
5 31 0.16
6 31 0.14
10 31 0.25
31 12 0.3
31 15 0.3
16 31 0.06
31 17 0.3
19 31 0.08
20 31 0.24
21 31 0.21
31 23 0.11
24 31 0.14
26 31 0.12
31 28 0.17
81 31 8.0E-4
32 1 0.3
32 5 0.08
32 9 0.17
32 10 0.08
32 13 0.3
32 16 0.13
32 18 0.15
32 19 0.16
32 20 0.24
32 21 0.24
32 22 0.3
32 23 0.11
32 24 0.07
32 26 0.12
32 27 0.26
32 29 0.18
32 81 1.0E-4
1 33 0.27
33 7 0.5
8 33 0.31
9 33 0.41
33 11 0.25
33 14 0.5
16 33 0.23
20 33 0.21
21 33 0.14
23 33 0.4
27 33 0.2
29 33 0.07
33 30 0.5
81 33 9.0E-4
1 34 0.06
34 3 0.12
34 4 0.14
5 34 0.15
6 34 0.26
10 34 0.24
34 17 0.58
19 34 0.15
20 34 0.13
21 34 0.06
34 24 0.13
26 34 0.11
34 31 0.35
34 81 5.0E-4
1 35 0.11
3 35 0.2
10 35 0.14
20 35 0.07
21 35 0.1
24 35 0.23
26 35 0.19
27 35 0.29
28 35 0.58
81 35 3.0E-4
1 36 0.16
36 7 1.0
8 36 0.41
16 36 0.3
20 36 0.1
21 36 0.14
23 36 0.53
33 36 0.5
81 36 7.0E-4
1 37 0.43
37 9 0.42
37 10 0.07
37 11 0.17
37 14 0.34
37 18 0.12
20 37 0.3
21 37 0.22
26 37 0.09
37 27 0.35
29 37 0.45
37 30 0.34
32 37 0.29
37 33 0.34
37 81 1.0E-4
1 38 0.44
38 7 0.33
38 8 0.2
38 9 0.41
38 11 0.33
38 14 0.33
38 16 0.15
38 18 0.12
20 38 0.31
21 38 0.24
38 23 0.27
26 38 0.05
38 27 0.2
29 38 0.34
38 30 0.33
32 38 0.21
38 33 0.5
38 36 0.33
38 37 0.63
38 81 5.0E-4
39 1 0.21
39 3 0.08
39 5 0.1
39 10 0.1
39 18 0.19
39 19 0.1
39 20 0.19
39 21 0.23
39 24 0.09
39 26 0.15
39 27 0.11
39 28 0.22
39 29 0.23
39 32 0.11
39 35 0.38
39 37 0.09
39 38 0.09
39 81 1.0E-4
1 40 0.09
40 3 0.08
40 4 0.1
5 40 0.11
6 40 0.28
8 40 0.12
10 40 0.11
40 13 0.41
40 15 0.41
16 40 0.26
40 18 0.2
20 40 0.18
21 40 0.17
40 22 0.41
40 23 0.15
24 40 0.28
40 28 0.24
40 31 0.25
32 40 0.12
81 40 0.0010
41 1 0.29
41 2 0.22
41 3 0.06
41 5 0.08
41 6 0.03
41 8 0.17
41 9 0.09
41 10 0.14
41 15 0.15
41 16 0.19
41 19 0.28
41 20 0.5
41 21 0.55
41 23 0.06
41 24 0.1
41 26 0.23
41 27 0.17
41 28 0.09
41 29 0.3
41 31 0.13
41 32 0.27
41 33 0.1
41 37 0.11
41 38 0.14
41 39 0.11
41 40 0.12
41 81 4.0E-4
42 1 0.4
42 2 0.08
42 3 0.08
42 4 0.1
42 5 0.11
42 6 0.14
42 10 0.14
42 11 0.14
42 16 0.04
42 19 0.05
42 20 0.36
42 21 0.17
42 24 0.19
42 26 0.39
42 27 0.06
42 28 0.24
42 29 0.17
42 32 0.06
42 34 0.12
42 35 0.2
42 37 0.05
42 38 0.1
42 39 0.23
42 41 0.15
42 81 2.0E-4
1 43 0.09
8 43 0.16
10 43 0.04
16 43 0.12
19 43 0.22
20 43 0.27
21 43 0.31
43 23 0.1
24 43 0.06
26 43 0.21
43 27 0.24
29 43 0.23
32 43 0.08
41 43 0.53
81 43 1.0E-4
44 3 0.09
6 44 0.1
10 44 0.06
44 17 0.45
20 44 0.16
21 44 0.14
44 27 0.26
31 44 0.13
34 44 0.26
41 44 0.26
44 43 0.5
81 44 1.0E-4
1 45 0.06
5 45 0.15
6 45 0.13
10 45 0.24
19 45 0.15
20 45 0.13
21 45 0.06
24 45 0.13
45 28 0.33
29 45 0.12
41 45 0.09
42 45 0.12
81 45 1.0E-4
1 46 0.04
46 3 0.08
6 46 0.09
19 46 0.1
20 46 0.19
21 46 0.19
26 46 0.07
31 46 0.11
32 46 0.11
46 33 0.13
40 46 0.15
41 46 0.28
43 46 0.1
81 46 0.0
1 47 0.22
47 3 0.24
5 47 0.21
10 47 0.17
19 47 0.11
20 47 0.18
21 47 0.08
24 47 0.09
26 47 0.08
47 27 0.12
47 28 0.24
29 47 0.08
31 47 0.12
47 35 0.41
39 47 0.15
41 47 0.12
42 47 0.17
45 47 0.24
81 47 2.0E-4
1 48 0.06
8 48 0.17
10 48 0.08
16 48 0.12
19 48 0.31
20 48 0.13
21 48 0.12
48 23 0.22
24 48 0.13
29 48 0.12
32 48 0.17
41 48 0.17
48 43 0.16
48 46 0.22
81 48 1.0E-4
49 2 0.27
10 49 0.19
16 49 0.15
20 49 0.1
21 49 0.14
24 49 0.16
81 49 1.0E-4
1 50 0.14
4 50 0.23
5 50 0.08
10 50 0.17
16 50 0.07
20 50 0.23
21 50 0.13
24 50 0.07
26 50 0.12
27 50 0.09
41 50 0.05
42 50 0.06
43 50 0.09
44 50 0.14
81 50 0.0
1 51 0.23
51 2 0.2
51 3 0.05
51 4 0.13
5 51 0.07
51 8 0.3
10 51 0.28
51 16 0.28
20 51 0.28
21 51 0.18
24 51 0.18
26 51 0.1
29 51 0.05
41 51 0.11
51 47 0.11
51 50 0.57
81 51 2.0E-4
1 52 0.11
4 52 0.12
5 52 0.13
10 52 0.2
52 15 0.5
20 52 0.15
21 52 0.1
24 52 0.23
52 28 0.29
31 52 0.15
40 52 0.2
41 52 0.07
42 52 0.1
52 50 0.32
81 52 4.0E-4
1 53 0.1
53 3 0.18
53 4 0.22
5 53 0.23
6 53 0.1
10 53 0.12
53 16 0.1
20 53 0.16
21 53 0.18
53 23 0.17
53 24 0.31
26 53 0.09
53 31 0.13
53 34 0.26
42 53 0.18
53 81 2.0E-4
1 54 0.19
54 2 0.25
54 6 0.05
54 8 0.13
54 9 0.38
54 10 0.03
54 11 0.15
54 14 0.31
54 16 0.09
19 54 0.29
20 54 0.34
21 54 0.33
54 23 0.08
54 24 0.05
26 54 0.08
54 27 0.31
29 54 0.18
54 30 0.31
32 54 0.26
54 33 0.23
54 37 0.26
54 38 0.21
54 40 0.09
41 54 0.51
42 54 0.04
54 43 0.54
54 44 0.39
54 46 0.25
54 48 0.25
54 50 0.07
54 81 2.0E-4
1 55 0.3
55 2 0.14
55 3 0.17
55 4 0.23
5 55 0.12
55 6 0.33
55 8 0.14
55 9 0.21
55 10 0.28
55 11 0.08
55 12 0.12
55 13 0.12
55 14 0.17
55 15 0.12
55 16 0.18
55 17 0.12
55 18 0.06
55 19 0.35
20 55 0.62
21 55 0.58
55 22 0.12
55 23 0.14
55 24 0.33
55 25 0.12
26 55 0.21
55 27 0.24
55 28 0.21
29 55 0.22
55 30 0.17
55 31 0.25
32 55 0.22
55 33 0.13
55 34 0.14
55 35 0.12
55 37 0.17
55 38 0.14
39 55 0.09
55 40 0.29
41 55 0.6
42 55 0.22
55 43 0.43
55 44 0.27
55 45 0.14
55 46 0.27
55 47 0.1
55 48 0.21
55 49 0.08
55 50 0.08
55 52 0.12
55 53 0.21
55 54 0.55
55 81 0.0016
1 56 0.16
2 56 0.53
8 56 0.41
10 56 0.19
16 56 0.3
20 56 0.1
21 56 0.14
24 56 0.16
41 56 0.21
51 56 0.37
81 56 6.0E-4
1 57 0.05
57 3 0.09
57 4 0.11
5 57 0.12
10 57 0.24
57 12 0.45
16 57 0.19
19 57 0.12
20 57 0.16
21 57 0.18
24 57 0.31
57 31 0.13
45 57 0.26
57 47 0.18
57 49 0.32
55 57 0.16
81 57 0.0010
1 58 0.04
58 4 0.1
5 58 0.11
58 8 0.24
10 58 0.06
58 15 0.41
58 16 0.26
20 58 0.18
21 58 0.21
24 58 0.47
58 28 0.24
58 31 0.12
58 40 0.17
41 58 0.06
58 50 0.13
58 51 0.21
58 52 0.41
53 58 0.37
55 58 0.1
81 58 4.0E-4
1 59 0.11
9 59 0.58
11 59 0.71
14 59 0.71
20 59 0.07
27 59 0.29
30 59 0.71
33 59 0.35
37 59 0.24
38 59 0.24
54 59 0.22
55 59 0.12
81 59 3.0E-4
1 60 0.04
60 3 0.33
60 4 0.16
5 60 0.34
6 60 0.15
10 60 0.23
60 15 0.33
16 60 0.07
19 60 0.09
20 60 0.22
21 60 0.17
60 23 0.13
24 60 0.15
60 28 0.38
29 60 0.14
31 60 0.4
34 60 0.19
40 60 0.27
41 60 0.1
42 60 0.07
45 60 0.19
47 60 0.14
51 60 0.09
60 52 0.17
53 60 0.15
55 60 0.16
58 60 0.14
81 60 2.0E-4
1 61 0.26
61 2 0.09
61 3 0.05
61 4 0.06
5 61 0.06
61 6 0.05
61 9 0.14
61 10 0.13
61 16 0.05
61 17 0.24
61 19 0.25
20 61 0.31
21 61 0.36
26 61 0.23
61 27 0.2
29 61 0.24
61 31 0.21
32 61 0.36
61 34 0.27
61 37 0.17
61 38 0.17
41 61 0.38
42 61 0.14
61 43 0.26
61 44 0.11
61 47 0.1
61 54 0.21
61 55 0.31
61 60 0.08
61 81 1.0E-4
1 62 0.25
62 2 0.43
62 4 0.09
8 62 0.44
10 62 0.36
62 13 0.38
62 15 0.38
16 62 0.4
62 18 0.38
19 62 0.1
20 62 0.19
21 62 0.23
62 22 0.38
62 23 0.43
24 62 0.43
62 28 0.22
29 62 0.08
62 31 0.23
32 62 0.11
40 62 0.31
41 62 0.22
62 43 0.1
62 48 0.22
51 62 0.2
62 52 0.19
54 62 0.08
55 62 0.18
62 56 0.53
58 62 0.15
62 60 0.13
81 62 0.0026
1 63 0.16
63 2 0.19
63 3 0.03
63 4 0.12
6 63 0.04
63 8 0.33
10 63 0.2
63 12 0.16
63 13 0.16
63 15 0.16
63 16 0.39
63 18 0.16
19 63 0.13
20 63 0.45
21 63 0.55
63 22 0.16
63 23 0.19
24 63 0.6
26 63 0.13
63 27 0.19
63 28 0.19
29 63 0.1
63 31 0.1
32 63 0.1
63 33 0.06
63 35 0.16
39 63 0.06
63 40 0.2
41 63 0.56
42 63 0.03
63 43 0.55
63 44 0.29
63 46 0.25
63 47 0.07
63 48 0.09
63 49 0.12
63 50 0.05
63 51 0.13
63 52 0.08
53 63 0.15
54 63 0.39
55 63 0.57
63 56 0.12
63 57 0.22
63 58 0.34
63 60 0.05
61 63 0.12
63 62 0.31
81 63 0.0016
1 64 0.3
64 2 0.18
64 3 0.16
64 4 0.16
5 64 0.08
6 64 0.22
64 7 0.23
64 8 0.56
64 9 0.09
10 64 0.46
64 12 0.16
64 13 0.16
64 14 0.11
64 15 0.16
64 16 0.55
64 17 0.16
64 18 0.16
19 64 0.09
20 64 0.45
21 64 0.51
64 22 0.16
64 23 0.43
64 24 0.71
64 25 0.16
26 64 0.09
64 27 0.19
64 28 0.28
29 64 0.1
64 30 0.11
64 31 0.29
32 64 0.05
64 33 0.23
64 34 0.19
64 35 0.16
64 36 0.23
37 64 0.04
38 64 0.15
39 64 0.06
64 40 0.26
41 64 0.19
42 64 0.17
64 43 0.18
64 44 0.07
64 45 0.28
64 47 0.13
64 48 0.09
64 49 0.11
64 50 0.05
64 51 0.17
64 52 0.16
64 53 0.29
54 64 0.11
55 64 0.47
64 56 0.23
64 57 0.36
64 58 0.33
64 60 0.22
61 64 0.11
64 62 0.43
64 63 0.51
64 81 0.0053
3 65 0.2
6 65 0.23
10 65 0.14
65 17 1.0
20 65 0.07
21 65 0.1
31 65 0.3
34 65 0.58
44 65 0.45
55 65 0.12
61 65 0.24
64 65 0.16
81 65 3.0E-4
1 66 0.11
3 66 0.1
6 66 0.23
10 66 0.14
66 15 0.5
20 66 0.15
21 66 0.15
24 66 0.23
66 28 0.29
31 66 0.15
40 66 0.2
41 66 0.07
52 66 0.25
55 66 0.18
58 66 0.2
60 66 0.17
62 66 0.19
63 66 0.16
64 66 0.16
81 66 2.0E-4
1 67 0.19
9 67 0.33
67 11 0.82
14 67 0.41
20 67 0.13
27 67 0.17
30 67 0.41
33 67 0.2
37 67 0.14
38 67 0.27
42 67 0.24
54 67 0.13
55 67 0.07
67 59 0.58
81 67 2.0E-4
1 68 0.11
10 68 0.14
68 15 1.0
20 68 0.07
21 68 0.1
24 68 0.23
68 28 0.58
31 68 0.3
40 68 0.41
41 68 0.15
52 68 0.5
55 68 0.12
58 68 0.41
60 68 0.33
62 68 0.38
63 68 0.16
64 68 0.16
66 68 0.5
81 68 5.0E-4
4 69 0.24
6 69 0.23
20 69 0.07
69 25 1.0
55 69 0.12
64 69 0.16
81 69 4.0E-4
1 70 0.17
8 70 0.11
10 70 0.1
16 70 0.16
19 70 0.1
20 70 0.19
21 70 0.23
70 23 0.14
24 70 0.09
27 70 0.11
29 70 0.08
32 70 0.34
41 70 0.39
43 70 0.42
44 70 0.17
48 70 0.22
54 70 0.25
55 70 0.18
61 70 0.36
62 70 0.14
63 70 0.25
64 70 0.12
81 70 1.0E-4
71 1 0.27
71 3 0.08
71 5 0.11
71 7 0.29
71 8 0.12
71 10 0.06
71 16 0.09
71 20 0.18
71 21 0.21
71 23 0.15
71 24 0.09
71 26 0.16
71 27 0.24
71 28 0.24
71 29 0.17
71 32 0.37
71 33 0.29
71 35 0.41
71 36 0.29
71 37 0.1
71 38 0.19
71 39 0.31
71 41 0.24
71 42 0.17
71 47 0.17
71 55 0.05
71 61 0.19
71 63 0.07
71 64 0.13
71 70 0.31
71 81 3.0E-4
1 72 0.05
3 72 0.3
5 72 0.13
6 72 0.23
10 72 0.07
72 15 0.5
16 72 0.11
20 72 0.15
21 72 0.05
24 72 0.11
72 28 0.29
29 72 0.1
31 72 0.3
40 72 0.41
41 72 0.15
47 72 0.2
51 72 0.13
52 72 0.25
55 72 0.12
58 72 0.2
60 72 0.5
62 72 0.19
63 72 0.08
64 72 0.16
66 72 0.25
72 68 0.5
81 72 2.0E-4
2 73 0.27
4 73 0.34
8 73 0.2
10 73 0.1
73 12 0.71
16 73 0.15
73 18 0.35
20 73 0.1
21 73 0.14
23 73 0.27
24 73 0.32
31 73 0.21
55 73 0.08
57 73 0.32
62 73 0.27
63 73 0.23
64 73 0.23
81 73 8.0E-4
1 74 0.06
2 74 0.1
74 3 0.1
74 4 0.13
5 74 0.07
6 74 0.06
8 74 0.07
10 74 0.11
16 74 0.06
74 18 0.13
19 74 0.07
20 74 0.28
21 74 0.18
74 23 0.1
24 74 0.06
26 74 0.15
27 74 0.07
31 74 0.08
32 74 0.08
41 74 0.27
42 74 0.16
43 74 0.21
44 74 0.23
46 74 0.1
47 74 0.11
74 50 0.08
54 74 0.23
55 74 0.25
62 74 0.1
63 74 0.3
64 74 0.04
70 74 0.1
74 73 0.18
81 74 0.0
1 75 0.13
3 75 0.12
4 75 0.14
5 75 0.3
6 75 0.13
10 75 0.16
19 75 0.15
20 75 0.13
21 75 0.12
24 75 0.13
75 28 0.33
29 75 0.12
42 75 0.24
45 75 0.67
47 75 0.24
53 75 0.26
55 75 0.14
57 75 0.26
60 75 0.19
64 75 0.19
81 75 2.0E-4
1 76 0.11
5 76 0.26
76 6 0.23
76 10 0.27
76 15 0.5
20 76 0.15
21 76 0.1
76 24 0.11
26 76 0.19
76 28 0.29
76 31 0.15
76 40 0.2
41 76 0.07
76 52 0.25
55 76 0.12
76 58 0.2
76 60 0.17
76 62 0.19
76 63 0.08
76 64 0.08
76 66 0.25
76 68 0.5
76 72 0.25
76 81 2.0E-4
1 77 0.26
3 77 0.07
4 77 0.16
5 77 0.09
10 77 0.23
77 13 0.33
16 77 0.21
77 18 0.17
20 77 0.22
21 77 0.17
77 22 0.33
23 77 0.13
24 77 0.08
26 77 0.06
27 77 0.1
32 77 0.4
39 77 0.13
40 77 0.14
41 77 0.15
42 77 0.07
77 50 0.11
77 52 0.17
55 77 0.04
58 77 0.14
61 77 0.24
62 77 0.13
63 77 0.05
64 77 0.05
70 77 0.38
71 77 0.27
81 77 1.0E-4
1 78 0.11
10 78 0.14
78 15 1.0
20 78 0.07
21 78 0.1
24 78 0.23
78 28 0.58
31 78 0.3
40 78 0.41
41 78 0.15
52 78 0.5
55 78 0.12
58 78 0.41
60 78 0.33
62 78 0.38
63 78 0.16
64 78 0.16
66 78 0.5
78 68 1.0
72 78 0.5
76 78 0.5
81 78 5.0E-4
1 79 0.05
79 2 0.19
8 79 0.43
10 79 0.2
16 79 0.32
20 79 0.15
21 79 0.2
24 79 0.34
41 79 0.07
51 79 0.26
55 79 0.06
79 56 0.35
79 57 0.22
58 79 0.2
79 62 0.19
63 79 0.25
64 79 0.32
81 79 7.0E-4
1 80 0.09
80 3 0.16
5 80 0.11
6 80 0.19
10 80 0.28
80 17 0.41
19 80 0.11
20 80 0.18
21 80 0.17
26 80 0.08
31 80 0.12
34 80 0.24
37 80 0.1
80 44 0.18
45 80 0.24
80 47 0.17
51 80 0.11
55 80 0.1
57 80 0.18
61 80 0.1
64 80 0.13
80 65 0.41
80 75 0.24
76 80 0.2
81 80 3.0E-4
