*Vertices  19
1 "LED灯"
2 "电容"
3 "工质"
4 "热电分离"
5 "蒸发皿"
6 "连接管"
7 "LED"
8 "二极管"
9 "通道"
10 "基板"
11 "基座"
12 "散热片"
13 "散热器"
14 "LED芯片"
15 "芯片"
16 "冷凝器"
17 "电阻"
18 "散热腔"
19 "电子元器件"
*Arcs
1 19 0.0022
1 2 0.29
2 19 0.0014
1 3 0.19
2 3 0.12
3 19 0.0312
1 4 0.16
2 4 0.14
3 4 0.41
19 4 0.0135
1 5 0.11
3 5 0.58
19 5 0.0172
1 6 0.16
2 6 0.14
3 6 0.82
6 4 0.5
6 5 0.71
19 6 0.0425
7 1 0.67
7 2 0.36
7 3 0.13
7 4 0.1
7 5 0.07
7 6 0.1
7 19 0.0011
8 1 0.32
8 2 0.39
8 3 0.12
8 5 0.1
8 6 0.07
8 7 0.72
8 19 5.0E-4
1 9 0.22
2 9 0.12
9 3 0.33
9 4 0.2
9 5 0.29
9 6 0.41
7 9 0.25
8 9 0.23
9 19 0.0091
1 10 0.27
2 10 0.29
3 10 0.41
10 4 0.25
10 5 0.35
10 6 0.5
7 10 0.21
8 10 0.14
9 10 0.2
10 19 0.0129
1 11 0.22
3 11 0.29
11 5 0.5
11 6 0.35
7 11 0.15
8 11 0.15
9 11 0.43
10 11 0.18
11 19 0.0059
1 12 0.43
12 2 0.05
12 3 0.42
12 4 0.17
12 5 0.24
12 6 0.34
7 12 0.3
8 12 0.22
12 9 0.35
12 10 0.34
12 11 0.24
12 19 0.0070
1 13 0.44
13 2 0.19
13 3 0.41
13 4 0.33
13 5 0.24
13 6 0.33
7 13 0.31
8 13 0.24
13 9 0.2
13 10 0.5
13 11 0.12
13 12 0.63
13 19 0.0075
1 14 0.19
14 2 0.13
14 3 0.38
14 4 0.15
14 5 0.22
14 6 0.31
7 14 0.34
8 14 0.33
14 9 0.31
14 10 0.23
14 11 0.33
14 12 0.26
14 13 0.21
14 19 0.0058
1 15 0.3
15 2 0.37
15 3 0.21
15 4 0.08
15 5 0.12
15 6 0.17
7 15 0.62
8 15 0.58
15 9 0.24
15 10 0.13
15 11 0.18
15 12 0.17
15 13 0.14
15 14 0.55
15 19 0.0019
1 16 0.11
2 16 0.2
3 16 0.58
4 16 0.71
6 16 0.71
7 16 0.07
9 16 0.29
10 16 0.35
12 16 0.24
13 16 0.24
14 16 0.22
15 16 0.12
19 16 0.0217
1 17 0.3
17 2 0.73
17 3 0.09
17 5 0.16
17 6 0.11
7 17 0.45
8 17 0.51
17 9 0.19
17 10 0.23
17 11 0.08
12 17 0.04
13 17 0.15
14 17 0.11
15 17 0.47
17 19 8.0E-4
1 18 0.19
2 18 0.12
3 18 0.33
18 4 0.82
6 18 0.41
7 18 0.13
9 18 0.17
10 18 0.2
12 18 0.14
13 18 0.27
14 18 0.13
15 18 0.07
18 16 0.58
19 18 0.0097
