*Vertices  21
1 "显示器"
2 "LED灯"
3 "传感器"
4 "控制器"
5 "处理器"
6 "单片机"
7 "荧光粉"
8 "刻度板"
9 "显示技术"
10 "激光射线"
11 "EP"
12 "LED"
13 "LED光源"
14 "塑料"
15 "圆盘"
16 "芯片"
17 "驱动模块"
18 "激光"
19 "检测板"
20 "屏幕"
21 "电动机"
*Arcs
1 21 0.0021
2 1 0.08
2 21 6.0E-4
1 3 0.25
2 3 0.13
3 21 0.0054
1 4 0.24
2 4 0.11
4 3 0.19
4 21 0.0016
5 1 0.26
5 2 0.14
5 3 0.36
5 4 0.44
5 21 0.0016
1 6 0.52
2 6 0.13
6 3 0.28
6 4 0.17
5 6 0.24
6 21 0.0057
7 1 0.14
7 2 0.13
7 4 0.07
7 5 0.07
7 6 0.07
7 21 0.0028
3 8 0.2
21 8 0.0261
1 9 0.35
3 9 0.14
4 9 0.34
5 9 0.18
6 9 0.16
21 9 0.0088
3 10 0.2
10 8 1.0
21 10 0.0261
1 11 0.07
2 11 0.12
11 4 0.06
5 11 0.14
11 6 0.06
7 11 0.39
11 21 0.0022
12 1 0.29
12 2 0.67
12 3 0.37
12 4 0.3
12 5 0.28
12 6 0.32
12 7 0.25
12 8 0.07
12 9 0.1
12 10 0.07
12 11 0.28
12 21 0.0023
13 1 0.15
13 2 0.36
13 3 0.04
13 5 0.11
13 6 0.09
13 7 0.24
13 11 0.22
13 12 0.36
13 21 0.0014
14 1 0.17
14 2 0.28
14 3 0.18
14 4 0.17
14 5 0.12
14 6 0.05
14 7 0.2
14 9 0.16
14 11 0.06
14 12 0.32
14 13 0.14
14 21 0.0012
2 15 0.11
6 15 0.23
7 15 0.29
11 15 0.27
12 15 0.07
13 15 0.2
21 15 0.0127
1 16 0.27
2 16 0.3
16 3 0.17
16 4 0.23
5 16 0.12
16 6 0.33
7 16 0.35
16 9 0.17
16 11 0.35
12 16 0.62
13 16 0.22
14 16 0.11
16 15 0.12
16 21 0.0023
1 17 0.18
2 17 0.08
3 17 0.14
4 17 0.17
5 17 0.18
6 17 0.16
17 9 0.5
12 17 0.1
14 17 0.16
16 17 0.17
21 17 0.0080
18 1 0.2
18 2 0.12
18 3 0.16
18 4 0.06
18 5 0.14
18 6 0.06
18 7 0.23
18 8 0.27
18 9 0.19
18 10 0.27
18 12 0.28
18 13 0.16
18 14 0.18
18 16 0.26
18 17 0.19
18 21 0.0087
1 19 0.18
3 19 0.28
6 19 0.16
19 8 0.71
19 10 0.71
12 19 0.1
16 19 0.08
18 19 0.19
19 21 0.0185
1 20 0.13
2 20 0.06
20 3 0.1
20 4 0.13
5 20 0.07
6 20 0.06
20 9 0.18
11 20 0.07
12 20 0.28
14 20 0.18
16 20 0.25
20 17 0.18
18 20 0.14
20 21 0.0014
