*Vertices  44
1 "LED灯"
2 "电容"
3 "容器"
4 "控制器"
5 "整流器"
6 "开关"
7 "功率因数校正"
8 "模数转换集成块"
9 "变压器"
10 "发光板"
11 "EP"
12 "LED"
13 "二极管"
14 "整流二极管"
15 "稳压二极管"
16 "三极管"
17 "接收管"
18 "LED光源"
19 "转换器"
20 "铝基板"
21 "放大器"
22 "半导体"
23 "MQW"
24 "焊盘"
25 "蓄电池"
26 "充电电池"
27 "LED芯片"
28 "芯片"
29 "电抗器"
30 "充电器"
31 "存储器"
32 "电极"
33 "电阻"
34 "脉冲信号"
35 "超声波"
36 "空穴"
37 "检测仪"
38 "光电耦合器"
39 "屏幕"
40 "扬声器"
41 "发光管"
42 "提示仪"
43 "晶体闸流管"
44 "电感"
*Arcs
1 44 0.0014
1 2 0.29
2 44 0.0056
1 3 0.12
2 3 0.23
44 3 0.0028
1 4 0.11
2 4 0.15
3 4 0.09
44 4 2.0E-4
1 5 0.22
2 5 0.53
5 3 0.33
5 4 0.07
5 44 0.0034
1 6 0.37
6 2 0.42
6 3 0.21
6 4 0.23
6 5 0.2
6 44 0.0026
1 7 0.11
2 7 0.2
6 7 0.14
44 7 0.0024
1 8 0.11
2 8 0.2
6 8 0.14
44 8 0.0028
1 9 0.26
2 9 0.52
9 3 0.24
9 4 0.1
9 5 0.68
6 9 0.29
9 7 0.21
9 44 0.0034
1 10 0.16
2 10 0.2
3 10 0.19
4 10 0.12
5 10 0.14
6 10 0.14
10 7 0.5
9 10 0.21
44 10 0.0024
1 11 0.12
11 2 0.11
11 3 0.1
11 4 0.06
11 5 0.08
11 6 0.11
11 9 0.11
11 44 2.0E-4
12 1 0.67
12 2 0.36
12 3 0.19
12 4 0.3
12 5 0.25
12 6 0.54
12 7 0.07
12 8 0.07
12 9 0.34
12 10 0.15
12 11 0.28
12 44 0.0012
13 1 0.32
13 2 0.39
13 3 0.23
13 4 0.15
13 5 0.35
13 6 0.46
13 7 0.1
13 8 0.1
13 9 0.39
13 10 0.15
13 11 0.22
13 12 0.72
13 44 0.0016
1 14 0.11
2 14 0.2
6 14 0.14
14 7 1.0
9 14 0.21
10 14 0.5
12 14 0.07
13 14 0.1
44 14 0.0024
1 15 0.21
2 15 0.46
3 15 0.14
4 15 0.18
5 15 0.55
6 15 0.21
15 7 0.38
9 15 0.48
15 10 0.38
11 15 0.1
12 15 0.19
13 15 0.27
15 14 0.38
44 15 0.0031
1 16 0.2
16 2 0.61
16 3 0.17
16 4 0.11
16 5 0.4
6 16 0.37
16 7 0.23
16 8 0.23
16 9 0.49
16 10 0.23
11 16 0.06
12 16 0.32
13 16 0.42
16 14 0.23
16 15 0.26
16 44 0.0041
1 17 0.13
2 17 0.24
6 17 0.24
17 8 0.58
12 17 0.13
13 17 0.18
16 17 0.4
44 17 0.0012
18 1 0.36
18 2 0.04
18 3 0.08
18 5 0.06
18 6 0.06
18 9 0.09
18 10 0.1
18 11 0.22
18 12 0.36
18 13 0.29
18 15 0.08
18 16 0.09
18 17 0.12
18 44 1.0E-4
1 19 0.1
2 19 0.25
19 4 0.22
6 19 0.25
19 8 0.3
9 19 0.06
11 19 0.08
12 19 0.24
13 19 0.21
19 15 0.11
16 19 0.14
19 17 0.17
44 19 0.0010
20 1 0.3
20 2 0.06
20 6 0.08
20 7 0.3
20 9 0.13
20 10 0.15
20 11 0.16
20 12 0.24
20 13 0.24
20 14 0.3
20 15 0.11
20 16 0.07
20 18 0.18
20 44 3.0E-4
1 21 0.09
2 21 0.33
21 4 0.1
5 21 0.12
6 21 0.11
21 7 0.41
21 8 0.41
9 21 0.26
21 10 0.2
12 21 0.18
13 21 0.17
21 14 0.41
21 15 0.15
16 21 0.28
21 17 0.24
21 19 0.25
20 21 0.12
21 44 0.0023
22 1 0.29
22 2 0.15
22 3 0.22
22 5 0.17
22 6 0.14
22 8 0.15
22 9 0.19
22 11 0.28
22 12 0.5
22 13 0.55
22 15 0.06
22 16 0.1
22 17 0.09
22 18 0.3
22 19 0.13
22 20 0.27
22 21 0.12
22 44 0.0011
1 23 0.09
2 23 0.06
5 23 0.16
6 23 0.04
9 23 0.12
11 23 0.22
12 23 0.27
13 23 0.31
23 15 0.1
16 23 0.06
18 23 0.23
20 23 0.08
22 23 0.53
44 23 2.0E-4
1 24 0.06
2 24 0.12
5 24 0.17
6 24 0.08
9 24 0.12
11 24 0.31
12 24 0.13
13 24 0.12
24 15 0.22
16 24 0.13
18 24 0.12
20 24 0.17
22 24 0.17
24 23 0.16
44 24 5.0E-4
1 25 0.23
2 25 0.11
25 3 0.2
25 4 0.13
25 5 0.3
6 25 0.28
25 9 0.28
12 25 0.28
13 25 0.18
16 25 0.18
18 25 0.05
22 25 0.11
25 44 8.0E-4
1 26 0.11
2 26 0.2
4 26 0.12
6 26 0.2
26 8 0.5
12 26 0.15
13 26 0.1
16 26 0.23
26 17 0.29
19 26 0.15
21 26 0.2
22 26 0.07
44 26 9.0E-4
1 27 0.19
27 2 0.13
27 3 0.25
27 5 0.13
27 6 0.03
27 9 0.09
11 27 0.29
12 27 0.34
13 27 0.33
27 15 0.08
27 16 0.05
18 27 0.18
20 27 0.26
27 21 0.09
22 27 0.51
27 23 0.54
27 24 0.25
27 44 2.0E-4
1 28 0.3
28 2 0.37
28 3 0.14
28 4 0.23
28 5 0.14
28 6 0.28
28 7 0.12
28 8 0.12
28 9 0.18
28 10 0.06
28 11 0.35
12 28 0.62
13 28 0.58
28 14 0.12
28 15 0.14
28 16 0.33
28 17 0.21
18 28 0.22
28 19 0.25
20 28 0.22
28 21 0.29
22 28 0.6
28 23 0.43
28 24 0.21
28 26 0.12
28 27 0.55
28 44 0.0010
1 29 0.16
2 29 0.29
3 29 0.53
5 29 0.41
6 29 0.19
9 29 0.3
12 29 0.1
13 29 0.14
16 29 0.16
22 29 0.21
25 29 0.37
44 29 0.0031
1 30 0.04
2 30 0.17
30 4 0.1
30 5 0.24
6 30 0.06
30 8 0.41
30 9 0.26
12 30 0.18
13 30 0.21
16 30 0.47
30 17 0.24
30 19 0.12
30 21 0.17
22 30 0.06
30 25 0.21
30 26 0.41
28 30 0.1
30 44 8.0E-4
1 31 0.04
2 31 0.07
31 4 0.16
6 31 0.23
31 8 0.33
9 31 0.07
11 31 0.09
12 31 0.22
13 31 0.17
31 15 0.13
16 31 0.15
31 17 0.38
18 31 0.14
19 31 0.4
21 31 0.27
22 31 0.1
25 31 0.09
31 26 0.17
28 31 0.16
30 31 0.14
44 31 5.0E-4
1 32 0.16
2 32 0.37
32 3 0.19
32 4 0.12
32 5 0.33
6 32 0.2
32 7 0.16
32 8 0.16
32 9 0.39
32 10 0.16
11 32 0.13
12 32 0.45
13 32 0.55
32 14 0.16
32 15 0.19
16 32 0.6
32 17 0.19
18 32 0.1
32 19 0.1
20 32 0.1
32 21 0.2
22 32 0.56
32 23 0.55
32 24 0.09
32 25 0.13
32 26 0.08
27 32 0.39
28 32 0.57
32 29 0.12
32 30 0.34
32 31 0.05
32 44 0.0024
1 33 0.3
33 2 0.73
33 3 0.18
33 4 0.16
33 5 0.56
6 33 0.46
33 7 0.16
33 8 0.16
33 9 0.55
33 10 0.16
11 33 0.09
12 33 0.45
13 33 0.51
33 14 0.16
33 15 0.43
33 16 0.71
33 17 0.28
18 33 0.1
33 19 0.29
20 33 0.05
33 21 0.26
22 33 0.19
33 23 0.18
33 24 0.09
33 25 0.17
33 26 0.16
27 33 0.11
28 33 0.47
33 29 0.23
33 30 0.33
33 31 0.22
33 32 0.51
33 44 0.0042
1 34 0.11
2 34 0.1
6 34 0.14
34 8 0.5
12 34 0.15
13 34 0.15
16 34 0.23
34 17 0.29
19 34 0.15
21 34 0.2
22 34 0.07
26 34 0.25
28 34 0.18
30 34 0.2
31 34 0.17
32 34 0.16
33 34 0.16
44 34 8.0E-4
1 35 0.11
2 35 0.2
6 35 0.14
35 8 1.0
12 35 0.07
13 35 0.1
16 35 0.23
35 17 0.58
19 35 0.3
21 35 0.41
22 35 0.15
26 35 0.5
28 35 0.12
30 35 0.41
31 35 0.33
32 35 0.16
33 35 0.16
34 35 0.5
44 35 0.0028
1 36 0.17
2 36 0.08
5 36 0.11
6 36 0.1
9 36 0.16
11 36 0.1
12 36 0.19
13 36 0.23
36 15 0.14
16 36 0.09
18 36 0.08
20 36 0.34
22 36 0.39
23 36 0.42
24 36 0.22
27 36 0.25
28 36 0.18
32 36 0.25
33 36 0.12
44 36 3.0E-4
1 37 0.05
2 37 0.1
6 37 0.07
37 8 0.5
9 37 0.11
12 37 0.15
13 37 0.05
16 37 0.11
37 17 0.29
18 37 0.1
19 37 0.3
21 37 0.41
22 37 0.15
25 37 0.13
26 37 0.25
28 37 0.12
30 37 0.2
31 37 0.5
32 37 0.08
33 37 0.16
34 37 0.25
37 35 0.5
44 37 9.0E-4
2 38 0.29
3 38 0.27
4 38 0.34
5 38 0.2
6 38 0.1
9 38 0.15
38 10 0.35
12 38 0.1
13 38 0.14
15 38 0.27
16 38 0.32
19 38 0.21
28 38 0.08
32 38 0.23
33 38 0.23
44 38 0.0010
1 39 0.06
2 39 0.05
3 39 0.1
39 4 0.13
5 39 0.07
6 39 0.11
9 39 0.06
39 10 0.13
11 39 0.07
12 39 0.28
13 39 0.18
39 15 0.1
16 39 0.06
19 39 0.08
20 39 0.08
22 39 0.27
23 39 0.21
27 39 0.23
28 39 0.25
32 39 0.3
33 39 0.04
36 39 0.1
39 38 0.18
44 39 2.0E-4
1 40 0.11
40 2 0.1
40 6 0.27
40 8 0.5
12 40 0.15
13 40 0.1
40 16 0.11
40 17 0.29
40 19 0.15
40 21 0.2
22 40 0.07
40 26 0.25
28 40 0.12
40 30 0.2
40 31 0.17
40 32 0.08
40 33 0.08
40 34 0.25
40 35 0.5
40 37 0.25
40 44 8.0E-4
1 41 0.26
2 41 0.07
4 41 0.16
6 41 0.23
41 7 0.33
9 41 0.21
41 10 0.17
12 41 0.22
13 41 0.17
41 14 0.33
15 41 0.13
16 41 0.08
20 41 0.4
21 41 0.14
22 41 0.15
41 26 0.17
28 41 0.04
30 41 0.14
32 41 0.05
33 41 0.05
36 41 0.38
44 41 4.0E-4
1 42 0.11
2 42 0.2
6 42 0.14
42 8 1.0
12 42 0.07
13 42 0.1
16 42 0.23
42 17 0.58
19 42 0.3
21 42 0.41
22 42 0.15
26 42 0.5
28 42 0.12
30 42 0.41
31 42 0.33
32 42 0.16
33 42 0.16
34 42 0.5
42 35 1.0
37 42 0.5
40 42 0.5
44 42 0.0028
1 43 0.05
2 43 0.31
43 3 0.19
5 43 0.43
6 43 0.2
9 43 0.32
12 43 0.15
13 43 0.2
16 43 0.34
22 43 0.07
25 43 0.26
28 43 0.06
43 29 0.35
30 43 0.2
32 43 0.25
33 43 0.32
43 44 8.0E-4
