*Vertices  24
1 "衬底"
2 "发光荧光材料"
3 "蓝膜"
4 "蒸镀方法"
5 "外延片"
6 "外延"
7 "LED"
8 "二极管"
9 "缓冲层"
10 "SiO2"
11 "半导体"
12 "Al2O3"
13 "GaAs"
14 "键合"
15 "芯片"
16 "电流扩展层"
17 "电极"
18 "MOCVD"
19 "湿法刻蚀"
20 "干法刻蚀"
21 "屏幕"
22 "反射层"
23 "发光层"
24 "电流阻挡层"
*Arcs
1 24 0.0067
2 1 0.18
2 24 0.0019
1 3 0.32
3 24 0.0074
1 4 0.32
2 4 0.38
24 4 0.0090
5 1 0.83
2 5 0.15
5 4 0.39
5 24 0.0032
6 1 0.95
2 6 0.25
6 3 0.16
6 4 0.32
6 5 0.83
6 24 0.0064
7 1 0.32
7 2 0.28
7 3 0.1
7 4 0.1
7 5 0.27
7 6 0.32
7 24 8.0E-4
8 1 0.37
8 2 0.33
8 3 0.14
8 4 0.14
8 5 0.31
8 6 0.37
8 7 0.72
8 24 0.0014
9 1 0.65
2 9 0.19
9 4 0.5
9 5 0.78
9 6 0.65
7 9 0.21
8 9 0.22
9 24 0.0034
10 1 0.38
2 10 0.52
10 3 0.2
10 4 0.2
10 5 0.38
10 6 0.38
7 10 0.27
8 10 0.31
10 9 0.1
10 24 0.0026
11 1 0.64
11 2 0.43
11 3 0.21
11 4 0.21
11 5 0.53
11 6 0.64
11 7 0.5
11 8 0.55
11 9 0.42
11 10 0.41
11 24 0.0032
12 1 0.72
2 12 0.45
12 4 0.34
12 5 0.74
12 6 0.78
7 12 0.3
8 12 0.34
12 9 0.69
10 12 0.54
11 12 0.57
12 24 0.0025
1 13 0.61
2 13 0.18
3 13 0.24
13 4 0.24
5 13 0.37
6 13 0.69
7 13 0.22
8 13 0.27
9 13 0.12
10 13 0.37
11 13 0.44
12 13 0.4
24 13 0.0097
1 14 0.26
2 14 0.2
14 4 0.27
5 14 0.1
6 14 0.35
7 14 0.19
8 14 0.19
9 14 0.13
10 14 0.21
11 14 0.28
12 14 0.28
14 13 0.5
14 24 0.0032
15 1 0.49
2 15 0.35
15 3 0.17
15 4 0.17
15 5 0.43
15 6 0.49
7 15 0.62
8 15 0.58
15 9 0.34
15 10 0.4
11 15 0.6
15 12 0.46
15 13 0.36
15 14 0.27
15 24 0.0022
1 16 0.57
2 16 0.09
16 3 0.5
5 16 0.39
6 16 0.57
7 16 0.21
8 16 0.29
10 16 0.49
11 16 0.42
12 16 0.34
16 13 0.71
14 16 0.27
15 16 0.34
16 24 0.0040
17 1 0.72
2 17 0.22
17 3 0.23
17 4 0.23
17 5 0.59
17 6 0.72
7 17 0.45
8 17 0.55
17 9 0.46
10 17 0.32
11 17 0.56
12 17 0.56
17 13 0.49
17 14 0.25
15 17 0.57
17 16 0.46
17 24 0.0037
18 1 0.73
2 18 0.23
18 4 0.41
18 5 0.88
18 6 0.79
7 18 0.25
8 18 0.29
18 9 0.82
10 18 0.32
11 18 0.51
12 18 0.77
18 13 0.48
18 14 0.22
15 18 0.41
18 16 0.41
17 18 0.57
18 24 0.0032
1 19 0.46
2 19 0.13
19 4 0.35
5 19 0.55
6 19 0.46
7 19 0.15
8 19 0.2
9 19 0.18
10 19 0.55
11 19 0.29
12 19 0.36
19 13 0.5
14 19 0.19
15 19 0.24
16 19 0.35
17 19 0.33
18 19 0.43
24 19 0.0054
1 20 0.51
2 20 0.24
20 4 0.63
5 20 0.5
6 20 0.51
7 20 0.16
8 20 0.18
9 20 0.32
10 20 0.37
11 20 0.33
12 20 0.54
20 13 0.6
14 20 0.34
15 20 0.27
16 20 0.32
17 20 0.37
18 20 0.52
20 19 0.67
24 20 0.0056
1 21 0.36
2 21 0.14
21 4 0.37
5 21 0.43
6 21 0.36
7 21 0.28
8 21 0.18
9 21 0.37
10 21 0.21
11 21 0.27
12 21 0.25
21 13 0.17
14 21 0.1
15 21 0.25
16 21 0.09
17 21 0.3
18 21 0.37
21 19 0.26
21 20 0.23
24 21 0.0019
1 22 0.52
2 22 0.3
22 4 0.53
5 22 0.42
6 22 0.52
7 22 0.19
8 22 0.19
9 22 0.27
10 22 0.31
11 22 0.33
12 22 0.37
22 13 0.38
14 22 0.29
15 22 0.23
16 22 0.13
17 22 0.37
18 22 0.33
22 19 0.38
22 20 0.51
22 21 0.49
24 22 0.0040
1 23 0.61
2 23 0.2
23 3 0.53
23 4 0.53
5 23 0.42
6 23 0.52
7 23 0.19
8 23 0.27
9 23 0.4
10 23 0.21
11 23 0.39
12 23 0.28
23 13 0.5
23 14 0.29
15 23 0.32
23 16 0.53
17 23 0.43
18 23 0.44
23 19 0.19
23 20 0.34
23 21 0.29
23 22 0.43
23 24 0.0126
