*Vertices  62
1 "衬底"
2 "LED灯"
3 "滤波片"
4 "光纤"
5 "容器"
6 "整流器"
7 "发光荧光材料"
8 "III-V族半导体材料"
9 "GAN"
10 "次氯酸钠溶液"
11 "保护层"
12 "PD"
13 "蓝膜"
14 "变压器"
15 "EP"
16 "LED外延片"
17 "外延片"
18 "外延"
19 "LED"
20 "二极管"
21 "掩膜"
22 "玻璃"
23 "通道"
24 "LED光源"
25 "塑料"
26 "腐蚀液"
27 "铝基板"
28 "滤光片"
29 "光刻胶"
30 "填充区域"
31 "SiO2"
32 "半导体"
33 "Al2O3"
34 "GaAs"
35 "MQW"
36 "ITO"
37 "键合"
38 "光子晶体"
39 "LED芯片"
40 "芯片"
41 "金属层"
42 "去离子水"
43 "Li"
44 "离子"
45 "电极"
46 "接触层"
47 "电阻"
48 "光子晶体谐振腔"
49 "丙酮"
50 "激光"
51 "真空吸盘"
52 "MOCVD"
53 "湿法刻蚀"
54 "干法刻蚀"
55 "湿法腐蚀"
56 "屏幕"
57 "透镜"
58 "反射层"
59 "发光层"
60 "激发光"
61 "电流阻挡层"
62 "电流扩展层"
*Arcs
1 62 0.0031
2 1 0.03
2 62 1.0E-4
1 3 0.32
62 3 0.0018
1 4 0.17
4 3 0.53
62 4 6.0E-4
5 1 0.09
2 5 0.12
5 62 1.0E-4
6 1 0.07
2 6 0.22
6 5 0.33
6 62 1.0E-4
7 1 0.18
7 2 0.21
7 5 0.2
7 62 1.0E-4
1 8 0.32
8 3 1.0
4 8 0.53
62 8 0.0018
9 1 0.65
2 9 0.04
9 3 0.5
9 4 0.27
6 9 0.1
9 8 0.5
9 62 0.0014
1 10 0.32
62 10 0.0016
1 11 0.23
2 11 0.11
6 11 0.14
7 11 0.13
9 11 0.18
11 62 3.0E-4
1 12 0.21
12 3 0.63
12 4 0.68
12 8 0.63
9 12 0.32
62 12 8.0E-4
1 13 0.32
5 13 0.27
62 13 0.0010
14 1 0.05
2 14 0.26
14 5 0.24
14 6 0.68
14 9 0.08
14 11 0.11
14 62 1.0E-4
15 1 0.12
2 15 0.12
15 5 0.1
15 6 0.08
7 15 0.29
15 10 0.19
15 11 0.13
15 13 0.19
15 14 0.11
15 62 3.0E-4
16 1 0.65
2 16 0.04
6 16 0.1
16 9 0.75
16 11 0.18
14 16 0.08
16 62 3.0E-4
17 1 0.83
2 17 0.03
17 3 0.39
17 4 0.21
6 17 0.08
7 17 0.15
17 8 0.39
17 9 0.78
17 10 0.2
17 11 0.14
17 12 0.25
14 17 0.06
15 17 0.07
17 16 0.78
17 62 0.0017
18 1 0.95
2 18 0.05
18 3 0.32
18 4 0.17
6 18 0.07
7 18 0.25
18 8 0.32
18 9 0.65
18 10 0.32
18 11 0.23
18 12 0.21
18 13 0.16
14 18 0.05
15 18 0.06
18 16 0.65
18 17 0.83
18 62 0.0030
19 1 0.32
19 2 0.67
19 3 0.1
19 4 0.19
19 5 0.19
19 6 0.25
19 7 0.28
19 8 0.1
19 9 0.21
19 10 0.1
19 11 0.15
19 12 0.16
19 13 0.1
19 14 0.34
19 15 0.28
19 16 0.21
19 17 0.27
19 18 0.32
19 62 5.0E-4
20 1 0.37
20 2 0.32
20 3 0.14
20 4 0.23
20 5 0.23
20 6 0.35
20 7 0.33
20 8 0.14
20 9 0.25
20 10 0.14
20 11 0.1
20 12 0.18
20 13 0.14
20 14 0.39
20 15 0.22
20 16 0.22
20 17 0.31
20 18 0.37
20 19 0.72
20 62 9.0E-4
1 21 0.23
2 21 0.11
6 21 0.29
9 21 0.35
11 21 0.5
14 21 0.21
16 21 0.35
17 21 0.28
18 21 0.23
19 21 0.07
20 21 0.1
62 21 7.0E-4
22 1 0.13
22 2 0.27
22 3 0.27
22 4 0.29
22 7 0.1
22 8 0.27
22 9 0.14
22 10 0.14
22 12 0.34
22 14 0.08
22 15 0.21
22 17 0.16
22 18 0.13
22 19 0.38
22 20 0.27
22 62 4.0E-4
23 1 0.2
2 23 0.22
23 3 0.2
23 4 0.11
23 8 0.2
23 9 0.31
23 12 0.13
23 16 0.2
23 17 0.24
23 18 0.2
19 23 0.25
20 23 0.23
22 23 0.11
23 62 1.0E-4
24 1 0.09
24 2 0.36
24 3 0.29
24 4 0.15
24 5 0.08
24 6 0.06
24 7 0.16
24 8 0.29
24 9 0.14
24 12 0.18
24 14 0.09
24 15 0.22
24 17 0.11
24 18 0.09
24 19 0.36
24 20 0.29
24 22 0.24
24 23 0.18
24 62 2.0E-4
25 1 0.05
25 2 0.28
25 4 0.17
25 5 0.17
25 7 0.18
25 10 0.16
25 12 0.21
25 14 0.05
25 15 0.06
25 17 0.06
25 18 0.05
25 19 0.32
25 20 0.28
25 22 0.35
25 23 0.13
25 24 0.14
25 62 1.0E-4
1 26 0.56
2 26 0.04
5 26 0.15
6 26 0.12
9 26 0.14
26 10 0.58
11 26 0.2
26 13 0.29
14 26 0.09
15 26 0.22
16 26 0.29
17 26 0.34
18 26 0.47
19 26 0.18
20 26 0.25
26 21 0.41
22 26 0.08
25 26 0.09
62 26 0.0024
27 1 0.07
27 2 0.3
27 7 0.08
27 10 0.21
27 11 0.15
27 14 0.13
27 15 0.16
27 17 0.08
27 18 0.07
27 19 0.24
27 20 0.24
27 22 0.12
27 23 0.26
27 24 0.18
27 25 0.35
27 26 0.12
27 62 1.0E-4
1 28 0.21
28 3 0.63
28 4 0.68
28 8 0.63
9 28 0.32
28 12 0.6
17 28 0.25
18 28 0.21
19 28 0.16
20 28 0.23
22 28 0.26
23 28 0.13
24 28 0.27
25 28 0.1
62 28 8.0E-4
1 29 0.46
2 29 0.05
6 29 0.14
9 29 0.18
29 10 0.35
11 29 0.25
14 29 0.11
15 29 0.13
16 29 0.35
17 29 0.42
18 29 0.46
19 29 0.15
20 29 0.2
29 21 0.5
22 29 0.1
25 29 0.11
26 29 0.82
27 29 0.15
62 29 0.0010
1 30 0.23
10 30 0.71
15 30 0.27
17 30 0.28
18 30 0.23
19 30 0.07
20 30 0.1
22 30 0.19
25 30 0.23
26 30 0.41
27 30 0.3
29 30 0.5
62 30 7.0E-4
31 1 0.38
2 31 0.12
31 3 0.39
31 4 0.21
31 5 0.21
31 6 0.08
7 31 0.52
31 8 0.39
31 9 0.29
31 11 0.14
31 12 0.25
31 13 0.2
31 14 0.06
31 15 0.3
31 16 0.2
31 17 0.38
31 18 0.38
19 31 0.27
20 31 0.31
31 21 0.28
22 31 0.16
31 23 0.08
24 31 0.11
25 31 0.19
31 26 0.34
31 28 0.25
31 29 0.28
31 62 0.0018
32 1 0.64
32 2 0.29
32 3 0.21
32 4 0.17
32 5 0.22
32 6 0.17
32 7 0.43
32 8 0.21
32 9 0.42
32 10 0.21
32 11 0.15
32 12 0.2
32 13 0.21
32 14 0.19
32 15 0.28
32 16 0.42
32 17 0.53
32 18 0.64
32 19 0.5
32 20 0.55
32 21 0.15
32 22 0.23
32 23 0.17
32 24 0.3
32 25 0.24
32 26 0.36
32 27 0.27
32 28 0.13
32 29 0.29
32 30 0.15
32 31 0.41
32 62 0.0018
33 1 0.72
2 33 0.08
33 3 0.34
33 4 0.18
33 5 0.09
33 6 0.07
7 33 0.45
33 8 0.34
33 9 0.69
33 11 0.24
33 12 0.22
33 14 0.05
15 33 0.06
33 16 0.6
33 17 0.74
33 18 0.78
19 33 0.3
20 33 0.34
33 21 0.24
22 33 0.09
33 23 0.21
24 33 0.1
25 33 0.11
33 26 0.1
33 28 0.22
33 29 0.12
31 33 0.54
32 33 0.57
33 62 0.0013
1 34 0.61
2 34 0.04
34 3 0.47
34 4 0.25
7 34 0.18
34 8 0.47
9 34 0.24
34 10 0.47
34 12 0.3
13 34 0.24
15 34 0.09
17 34 0.37
18 34 0.69
19 34 0.22
20 34 0.27
22 34 0.19
23 34 0.1
24 34 0.14
25 34 0.08
26 34 0.41
27 34 0.1
34 28 0.3
34 29 0.33
34 30 0.33
31 34 0.37
32 34 0.44
33 34 0.4
62 34 0.0036
35 1 0.64
2 35 0.09
35 3 0.39
35 4 0.21
6 35 0.16
7 35 0.15
35 8 0.39
35 9 0.78
35 10 0.2
35 11 0.14
35 12 0.25
14 35 0.12
15 35 0.22
35 16 0.69
35 17 0.77
35 18 0.7
19 35 0.27
20 35 0.31
35 21 0.28
22 35 0.21
35 23 0.24
24 35 0.23
25 35 0.06
35 26 0.23
27 35 0.08
35 28 0.25
35 29 0.28
35 30 0.28
31 35 0.31
32 35 0.53
33 35 0.67
35 34 0.37
35 62 0.0020
1 36 0.66
2 36 0.06
36 3 0.41
36 4 0.22
6 36 0.08
7 36 0.23
36 8 0.41
9 36 0.61
36 11 0.29
36 12 0.26
14 36 0.06
16 36 0.61
17 36 0.72
18 36 0.73
19 36 0.25
20 36 0.26
36 21 0.29
22 36 0.11
23 36 0.08
24 36 0.12
36 26 0.24
36 28 0.26
36 29 0.29
31 36 0.4
32 36 0.47
33 36 0.7
36 34 0.29
35 36 0.64
36 62 0.0015
1 37 0.26
2 37 0.04
37 4 0.14
7 37 0.2
37 10 0.27
37 11 0.19
37 12 0.17
15 37 0.1
17 37 0.1
18 37 0.35
19 37 0.19
20 37 0.19
22 37 0.07
25 37 0.09
37 26 0.15
27 37 0.11
37 28 0.17
31 37 0.21
32 37 0.28
33 37 0.28
37 34 0.5
35 37 0.1
36 37 0.11
37 62 6.0E-4
1 38 0.32
38 3 1.0
4 38 0.53
38 8 1.0
9 38 0.5
12 38 0.63
17 38 0.39
18 38 0.32
19 38 0.1
20 38 0.14
22 38 0.27
23 38 0.2
24 38 0.29
28 38 0.63
31 38 0.39
32 38 0.21
33 38 0.34
34 38 0.47
35 38 0.39
36 38 0.41
62 38 0.0018
39 1 0.5
2 39 0.19
39 5 0.25
39 6 0.13
7 39 0.17
39 9 0.39
39 10 0.15
39 11 0.22
39 13 0.15
39 14 0.09
15 39 0.29
39 16 0.54
39 17 0.48
39 18 0.45
19 39 0.34
20 39 0.33
39 21 0.22
22 39 0.08
39 23 0.31
24 39 0.18
25 39 0.1
39 26 0.36
27 39 0.26
39 29 0.33
39 30 0.22
31 39 0.24
32 39 0.51
33 39 0.42
39 34 0.15
39 35 0.54
39 36 0.31
39 37 0.25
39 62 6.0E-4
40 1 0.49
2 40 0.3
40 3 0.17
40 4 0.09
40 5 0.14
40 6 0.14
7 40 0.35
40 8 0.17
40 9 0.34
40 10 0.17
40 11 0.12
40 12 0.11
40 13 0.17
40 14 0.18
40 15 0.35
40 16 0.34
40 17 0.43
40 18 0.49
19 40 0.62
20 40 0.58
40 21 0.12
22 40 0.21
40 23 0.24
24 40 0.22
25 40 0.11
40 26 0.29
27 40 0.22
40 28 0.16
40 29 0.24
40 30 0.12
40 31 0.4
32 40 0.6
40 33 0.46
40 34 0.36
40 35 0.43
40 36 0.38
40 37 0.27
40 38 0.17
40 39 0.55
40 62 0.0012
1 41 0.41
2 41 0.05
41 3 0.63
4 41 0.34
7 41 0.24
41 8 0.63
9 41 0.32
11 41 0.22
12 41 0.4
16 41 0.16
17 41 0.37
18 41 0.51
19 41 0.16
20 41 0.23
22 41 0.17
23 41 0.13
24 41 0.18
26 41 0.18
28 41 0.4
29 41 0.22
31 41 0.5
32 41 0.33
33 41 0.43
34 41 0.45
35 41 0.37
36 41 0.65
37 41 0.17
41 38 0.63
39 41 0.1
40 41 0.21
62 41 0.0016
42 1 0.21
2 42 0.05
42 5 0.17
7 42 0.12
42 13 0.32
42 15 0.36
42 18 0.1
19 42 0.16
20 42 0.14
42 26 0.37
42 29 0.22
42 31 0.25
32 42 0.2
42 34 0.15
42 39 0.1
42 40 0.21
42 62 2.0E-4
43 1 0.16
2 43 0.26
43 3 0.33
43 4 0.18
43 5 0.09
7 43 0.31
43 8 0.33
43 9 0.25
43 12 0.21
43 14 0.05
43 15 0.25
43 16 0.08
43 17 0.2
43 18 0.16
19 43 0.31
20 43 0.36
22 43 0.23
43 23 0.2
24 43 0.24
25 43 0.27
27 43 0.36
43 28 0.21
43 31 0.33
32 43 0.38
43 33 0.29
43 34 0.16
43 35 0.26
43 36 0.2
43 38 0.33
43 39 0.21
43 40 0.31
43 41 0.21
43 42 0.11
43 62 3.0E-4
44 1 0.32
2 44 0.13
44 3 0.32
44 4 0.17
44 5 0.09
7 44 0.18
44 8 0.32
44 9 0.16
44 10 0.32
44 12 0.21
44 13 0.16
44 14 0.1
44 15 0.49
44 17 0.19
44 18 0.26
19 44 0.32
20 44 0.26
22 44 0.35
44 23 0.07
24 44 0.19
25 44 0.05
44 26 0.37
27 44 0.07
44 28 0.21
44 29 0.23
44 30 0.23
44 31 0.32
32 44 0.34
44 33 0.11
44 34 0.38
44 35 0.25
44 36 0.13
44 37 0.09
44 38 0.32
44 39 0.15
44 40 0.33
44 41 0.21
44 42 0.51
44 43 0.27
44 62 0.0013
45 1 0.72
2 45 0.16
45 3 0.23
45 4 0.12
45 5 0.19
45 6 0.33
7 45 0.22
45 8 0.23
45 9 0.46
45 10 0.23
45 11 0.16
45 12 0.15
45 13 0.23
45 14 0.39
15 45 0.13
45 16 0.46
45 17 0.59
45 18 0.72
19 45 0.45
20 45 0.55
45 21 0.16
22 45 0.13
45 23 0.19
24 45 0.1
25 45 0.04
45 26 0.4
27 45 0.1
45 28 0.15
45 29 0.33
45 30 0.16
31 45 0.32
32 45 0.56
33 45 0.56
45 34 0.49
45 35 0.55
45 36 0.57
45 37 0.25
45 38 0.23
39 45 0.39
40 45 0.57
45 41 0.37
42 45 0.15
43 45 0.12
44 45 0.23
45 62 0.0020
46 1 0.61
2 46 0.04
6 46 0.11
46 9 0.8
46 11 0.19
14 46 0.08
46 16 0.94
46 17 0.73
46 18 0.61
19 46 0.19
20 46 0.19
46 21 0.38
46 23 0.22
46 26 0.15
46 29 0.19
31 46 0.1
32 46 0.39
33 46 0.64
46 35 0.73
46 36 0.55
39 46 0.49
40 46 0.32
43 46 0.09
45 46 0.43
46 62 3.0E-4
47 1 0.11
2 47 0.3
47 3 0.11
47 4 0.06
47 5 0.18
47 6 0.56
7 47 0.04
47 8 0.11
47 9 0.17
47 11 0.08
47 12 0.07
47 14 0.55
15 47 0.09
47 16 0.11
47 17 0.13
47 18 0.11
19 47 0.45
20 47 0.51
47 21 0.16
22 47 0.09
47 23 0.19
24 47 0.1
47 26 0.07
27 47 0.05
47 28 0.15
47 29 0.08
31 47 0.09
32 47 0.19
33 47 0.12
47 34 0.05
47 35 0.18
47 36 0.14
47 38 0.11
39 47 0.11
40 47 0.47
47 41 0.07
43 47 0.11
44 47 0.04
47 45 0.51
47 46 0.12
47 62 1.0E-4
1 48 0.32
48 3 1.0
4 48 0.53
48 8 1.0
9 48 0.5
12 48 0.63
17 48 0.39
18 48 0.32
19 48 0.1
20 48 0.14
22 48 0.27
23 48 0.2
24 48 0.29
28 48 0.63
31 48 0.39
32 48 0.21
33 48 0.34
34 48 0.47
35 48 0.39
36 48 0.41
48 38 1.0
40 48 0.17
41 48 0.63
43 48 0.33
44 48 0.32
45 48 0.23
47 48 0.11
62 48 0.0018
49 1 0.19
2 49 0.04
49 5 0.15
7 49 0.11
49 10 0.29
49 13 0.29
49 14 0.09
49 15 0.65
49 17 0.11
49 18 0.09
19 49 0.18
20 49 0.17
22 49 0.24
24 49 0.08
25 49 0.09
49 26 0.33
27 49 0.12
49 29 0.2
49 30 0.41
49 31 0.23
32 49 0.18
49 34 0.14
49 35 0.11
49 39 0.18
49 40 0.24
49 42 0.55
49 43 0.19
49 44 0.56
49 45 0.13
49 62 6.0E-4
50 1 0.37
50 2 0.12
50 3 0.38
50 4 0.4
50 6 0.08
50 7 0.21
50 8 0.38
50 9 0.38
50 11 0.27
50 12 0.36
50 14 0.06
50 16 0.19
50 17 0.3
50 18 0.43
50 19 0.28
50 20 0.24
50 21 0.27
50 22 0.21
50 23 0.08
50 24 0.16
50 25 0.18
50 26 0.11
50 27 0.08
50 28 0.36
50 29 0.13
50 31 0.3
50 32 0.39
50 33 0.45
50 34 0.36
50 35 0.37
50 36 0.46
50 37 0.2
50 38 0.38
50 39 0.12
50 40 0.26
50 41 0.48
50 43 0.19
50 44 0.12
50 45 0.31
50 46 0.2
50 47 0.17
50 48 0.38
50 62 0.0011
1 51 0.23
51 10 0.71
18 51 0.23
19 51 0.07
20 51 0.1
26 51 0.41
32 51 0.15
34 51 0.33
37 51 0.38
40 51 0.12
44 51 0.23
45 51 0.16
62 51 7.0E-4
52 1 0.73
2 52 0.03
52 3 0.41
52 4 0.22
7 52 0.23
52 8 0.41
52 9 0.71
52 10 0.2
52 12 0.26
15 52 0.08
52 16 0.61
52 17 0.88
52 18 0.79
19 52 0.25
20 52 0.29
22 52 0.17
52 23 0.25
24 52 0.12
25 52 0.07
52 26 0.12
27 52 0.09
52 28 0.26
52 29 0.14
52 30 0.29
31 52 0.32
32 52 0.51
33 52 0.77
52 34 0.48
52 35 0.8
52 36 0.67
52 37 0.22
52 38 0.41
39 52 0.38
40 52 0.41
52 41 0.39
43 52 0.2
44 52 0.2
45 52 0.57
52 46 0.65
47 52 0.09
52 48 0.41
49 52 0.12
50 52 0.31
52 62 0.0016
1 53 0.46
53 3 0.71
53 4 0.38
7 53 0.13
53 8 0.71
9 53 0.35
53 12 0.45
16 53 0.18
17 53 0.55
18 53 0.46
19 53 0.15
20 53 0.2
22 53 0.19
23 53 0.14
24 53 0.2
26 53 0.2
53 28 0.45
53 29 0.25
31 53 0.55
32 53 0.29
33 53 0.36
53 34 0.5
35 53 0.28
36 53 0.43
37 53 0.19
53 38 0.71
39 53 0.11
40 53 0.24
53 41 0.67
43 53 0.24
44 53 0.23
45 53 0.33
47 53 0.08
53 48 0.71
50 53 0.27
52 53 0.43
62 53 0.0013
1 54 0.51
54 3 0.63
54 4 0.34
7 54 0.24
54 8 0.63
9 54 0.32
54 12 0.4
17 54 0.5
18 54 0.51
19 54 0.16
20 54 0.18
22 54 0.17
23 54 0.13
24 54 0.18
54 28 0.4
31 54 0.37
32 54 0.33
33 54 0.54
54 34 0.6
35 54 0.25
36 54 0.39
37 54 0.34
54 38 0.63
39 54 0.1
40 54 0.27
54 41 0.4
43 54 0.21
44 54 0.21
45 54 0.37
47 54 0.07
54 48 0.63
50 54 0.36
52 54 0.52
54 53 0.67
62 54 0.0011
1 55 0.32
2 55 0.08
6 55 0.2
9 55 0.25
55 10 0.5
11 55 0.35
14 55 0.15
16 55 0.25
17 55 0.2
18 55 0.32
19 55 0.1
20 55 0.14
55 21 0.71
26 55 0.58
29 55 0.35
31 55 0.2
32 55 0.21
33 55 0.17
34 55 0.24
35 55 0.2
36 55 0.2
37 55 0.27
39 55 0.15
40 55 0.17
44 55 0.16
45 55 0.23
46 55 0.27
47 55 0.11
50 55 0.19
55 51 0.71
62 55 0.0015
1 56 0.36
2 56 0.06
5 56 0.1
6 56 0.07
7 56 0.14
9 56 0.18
56 10 0.18
14 56 0.06
15 56 0.07
16 56 0.27
17 56 0.43
18 56 0.36
19 56 0.28
20 56 0.18
22 56 0.15
23 56 0.07
25 56 0.18
26 56 0.21
27 56 0.08
56 29 0.26
56 30 0.26
31 56 0.21
32 56 0.27
33 56 0.25
56 34 0.17
35 56 0.21
36 56 0.22
37 56 0.1
39 56 0.23
40 56 0.25
56 41 0.12
44 56 0.12
45 56 0.3
46 56 0.2
47 56 0.04
49 56 0.11
50 56 0.14
52 56 0.37
56 53 0.26
56 54 0.23
62 56 2.0E-4
57 1 0.06
57 2 0.25
57 3 0.18
57 4 0.28
57 5 0.19
57 7 0.33
57 8 0.18
57 9 0.09
57 12 0.22
57 15 0.07
57 17 0.07
57 18 0.06
57 19 0.29
57 20 0.28
57 22 0.14
57 23 0.14
57 24 0.26
57 25 0.23
57 27 0.23
57 28 0.22
57 31 0.21
57 32 0.26
57 33 0.18
57 34 0.08
57 35 0.07
57 36 0.07
57 38 0.18
57 39 0.22
57 40 0.18
57 41 0.11
57 42 0.11
57 43 0.29
57 44 0.11
57 45 0.04
57 48 0.18
57 49 0.1
57 50 0.27
57 52 0.07
57 53 0.13
57 54 0.11
57 62 1.0E-4
1 58 0.52
7 58 0.3
58 10 0.27
11 58 0.19
15 58 0.1
16 58 0.13
17 58 0.42
18 58 0.52
19 58 0.19
20 58 0.19
22 58 0.15
25 58 0.17
26 58 0.31
27 58 0.11
58 29 0.38
58 30 0.38
31 58 0.31
32 58 0.33
33 58 0.37
58 34 0.38
35 58 0.1
36 58 0.33
37 58 0.29
39 58 0.25
40 58 0.23
58 41 0.34
44 58 0.09
45 58 0.37
49 58 0.15
50 58 0.2
52 58 0.33
58 53 0.38
58 54 0.51
58 56 0.49
62 58 4.0E-4
1 59 0.61
5 59 0.14
7 59 0.2
9 59 0.13
59 10 0.53
59 13 0.53
15 59 0.2
16 59 0.13
17 59 0.42
18 59 0.52
19 59 0.19
20 59 0.27
22 59 0.07
25 59 0.09
59 26 0.46
27 59 0.11
59 29 0.19
59 30 0.38
31 59 0.21
32 59 0.39
33 59 0.28
59 34 0.5
35 59 0.21
59 36 0.22
59 37 0.29
39 59 0.25
40 59 0.32
42 59 0.17
44 59 0.26
45 59 0.43
46 59 0.14
49 59 0.31
59 51 0.38
52 59 0.44
59 53 0.19
59 54 0.34
59 55 0.27
59 56 0.29
59 58 0.43
59 62 0.0021
60 1 0.15
2 60 0.07
60 3 0.47
60 4 0.5
60 5 0.13
7 60 0.45
60 8 0.47
60 9 0.24
60 12 0.45
60 15 0.27
60 17 0.18
60 18 0.15
19 60 0.22
20 60 0.27
22 60 0.26
60 23 0.1
24 60 0.2
25 60 0.23
60 28 0.6
60 31 0.55
32 60 0.25
60 33 0.32
60 34 0.22
60 35 0.28
60 36 0.19
60 37 0.13
60 38 0.47
60 39 0.15
60 40 0.28
60 41 0.3
60 42 0.15
60 43 0.47
60 44 0.38
60 45 0.11
60 47 0.05
60 48 0.47
60 49 0.14
50 60 0.27
60 52 0.19
60 53 0.33
60 54 0.3
57 60 0.33
60 62 6.0E-4
1 61 0.32
7 61 0.19
13 61 0.5
17 61 0.2
18 61 0.32
19 61 0.1
20 61 0.14
31 61 0.2
32 61 0.21
33 61 0.17
61 34 0.47
37 61 0.27
40 61 0.17
45 61 0.23
52 61 0.2
61 53 0.35
61 54 0.32
61 56 0.18
61 58 0.27
59 61 0.53
62 61 4.0E-4
