*Vertices  122
1 "LCD显示屏"
2 "显示器"
3 "衬底"
4 "LED灯"
5 "滤波片"
6 "光纤"
7 "电容"
8 "容器"
9 "传感器"
10 "控制器"
11 "单片机"
12 "发生器"
13 "荧光粉"
14 "整流器"
15 "开关"
16 "发光荧光材料"
17 "III-V族半导体材料"
18 "GAN"
19 "次氯酸钠溶液"
20 "保护层"
21 "触发脉冲"
22 "PD"
23 "功率因数校正"
24 "模数转换集成块"
25 "活性层"
26 "蓝膜"
27 "变压器"
28 "稳压块"
29 "蒸镀方法"
30 "发光板"
31 "EP"
32 "LED外延片"
33 "外延片"
34 "外延"
35 "LED"
36 "液晶显示模块"
37 "二极管"
38 "整流二极管"
39 "稳压二极管"
40 "三极管"
41 "掩膜"
42 "玻璃"
43 "通道"
44 "接收管"
45 "LED光源"
46 "塑料"
47 "腐蚀液"
48 "转换器"
49 "铝基板"
50 "基板"
51 "缓冲层"
52 "内量子效率"
53 "红外线发射管"
54 "滤光片"
55 "发光体"
56 "加热片"
57 "光刻胶"
58 "填充区域"
59 "SiO2"
60 "放大器"
61 "半导体"
62 "电路板"
63 "Al2O3"
64 "GaAs"
65 "MQW"
66 "SMT"
67 "ESD"
68 "ITO"
69 "键合"
70 "客户"
71 "焊盘"
72 "滑动变阻器"
73 "光子晶体"
74 "太阳能"
75 "蓄电池"
76 "充电电池"
77 "锂电池"
78 "FPC连接器"
79 "LED芯片"
80 "芯片"
81 "金属层"
82 "电流扩展层"
83 "电抗器"
84 "继电器"
85 "充电器"
86 "存储器"
87 "去离子水"
88 "Li"
89 "电感"
90 "离子"
91 "接触层"
92 "电阻"
93 "基色"
94 "脉冲信号"
95 "光子晶体谐振腔"
96 "丙酮"
97 "激光"
98 "粘附层"
99 "超声波"
100 "真空吸盘"
101 "MOCVD"
102 "标准芯片工艺制作"
103 "湿法刻蚀"
104 "干法刻蚀"
105 "湿法腐蚀"
106 "空穴"
107 "射灯"
108 "检测仪"
109 "光电耦合器"
110 "屏幕"
111 "透镜"
112 "透明导电层"
113 "反射层"
114 "发光层"
115 "甲基"
116 "扬声器"
117 "激发光"
118 "发光管"
119 "提示仪"
120 "晶体闸流管"
121 "电流阻挡层"
122 "电极"
*Arcs
122 1 1.0E-4
2 1 0.33
2 122 0.0
3 1 0.08
122 3 0.0020
4 1 0.04
4 2 0.08
4 3 0.03
4 122 2.0E-4
3 5 0.32
122 5 3.0E-4
3 6 0.17
6 5 0.53
122 6 1.0E-4
4 7 0.29
7 122 5.0E-4
8 3 0.09
4 8 0.12
7 8 0.23
122 8 2.0E-4
1 9 0.13
2 9 0.25
4 9 0.13
9 6 0.23
7 9 0.08
122 9 0.0
1 10 0.24
2 10 0.24
4 10 0.11
10 6 0.09
7 10 0.15
8 10 0.09
10 9 0.19
122 10 1.0E-4
11 1 0.08
2 11 0.52
4 11 0.13
11 7 0.19
11 9 0.28
11 10 0.17
11 122 0.0
4 12 0.22
11 12 0.11
122 12 0.0
13 2 0.14
13 3 0.13
13 4 0.13
13 8 0.22
13 10 0.07
13 11 0.07
13 122 1.0E-4
14 3 0.07
4 14 0.22
7 14 0.53
14 8 0.33
14 10 0.07
122 14 4.0E-4
15 1 0.14
2 15 0.07
4 15 0.37
15 7 0.42
15 8 0.21
15 9 0.19
15 10 0.23
15 11 0.19
15 12 0.07
13 15 0.08
15 14 0.2
15 122 2.0E-4
16 2 0.13
16 3 0.18
16 4 0.21
16 8 0.2
16 11 0.06
16 12 0.13
16 13 0.54
16 15 0.07
16 122 2.0E-4
3 17 0.32
17 5 1.0
6 17 0.53
122 17 3.0E-4
18 1 0.12
18 3 0.65
4 18 0.04
18 5 0.5
18 6 0.27
13 18 0.1
14 18 0.1
18 17 0.5
122 18 9.0E-4
3 19 0.32
122 19 2.0E-4
3 20 0.23
4 20 0.11
13 20 0.14
14 20 0.14
16 20 0.13
18 20 0.18
122 20 1.0E-4
7 21 0.2
10 21 0.24
122 21 1.0E-4
2 22 0.11
3 22 0.21
22 5 0.63
22 6 0.68
22 9 0.27
22 17 0.63
18 22 0.32
122 22 1.0E-4
4 23 0.11
7 23 0.2
15 23 0.14
122 23 1.0E-4
4 24 0.11
7 24 0.2
15 24 0.14
122 24 1.0E-4
3 25 0.23
16 25 0.27
20 25 0.5
122 25 1.0E-4
3 26 0.32
8 26 0.27
122 26 1.0E-4
2 27 0.11
27 3 0.05
4 27 0.26
7 27 0.52
27 8 0.24
27 9 0.04
27 10 0.1
11 27 0.05
27 12 0.11
13 27 0.06
27 14 0.68
15 27 0.29
27 18 0.08
27 20 0.11
27 23 0.21
122 27 5.0E-4
28 14 0.29
28 27 0.21
122 28 1.0E-4
3 29 0.32
16 29 0.38
122 29 2.0E-4
4 30 0.16
7 30 0.2
8 30 0.19
10 30 0.12
14 30 0.14
15 30 0.14
30 23 0.5
27 30 0.21
122 30 1.0E-4
2 31 0.07
31 3 0.12
4 31 0.12
31 7 0.11
31 8 0.1
31 10 0.06
31 11 0.06
13 31 0.39
31 14 0.08
31 15 0.11
16 31 0.29
31 19 0.19
31 20 0.13
31 26 0.19
31 27 0.11
31 122 1.0E-4
32 1 0.12
32 3 0.65
4 32 0.04
13 32 0.1
14 32 0.1
32 18 0.75
32 20 0.18
27 32 0.08
122 32 8.0E-4
33 1 0.09
33 3 0.83
4 33 0.03
33 5 0.39
33 6 0.21
13 33 0.08
14 33 0.08
16 33 0.15
33 17 0.39
33 18 0.78
33 19 0.2
33 20 0.14
33 22 0.25
27 33 0.06
33 29 0.39
31 33 0.07
33 32 0.78
122 33 0.0014
34 1 0.08
34 3 0.95
4 34 0.05
34 5 0.32
34 6 0.17
13 34 0.13
14 34 0.07
16 34 0.25
34 17 0.32
34 18 0.65
34 19 0.32
34 20 0.23
34 22 0.21
34 25 0.23
34 26 0.16
27 34 0.05
34 29 0.32
31 34 0.06
34 32 0.65
34 33 0.83
122 34 0.0020
35 1 0.22
35 2 0.29
35 3 0.32
35 4 0.67
35 5 0.1
35 6 0.19
35 7 0.36
35 8 0.19
35 9 0.37
35 10 0.3
35 11 0.32
35 12 0.15
35 13 0.25
35 14 0.25
35 15 0.54
35 16 0.28
35 17 0.1
35 18 0.21
35 19 0.1
35 20 0.15
35 21 0.07
35 22 0.16
35 23 0.07
35 24 0.07
35 25 0.07
35 26 0.1
35 27 0.34
35 28 0.07
35 29 0.1
35 30 0.15
35 31 0.28
35 32 0.21
35 33 0.27
35 34 0.32
35 122 9.0E-4
1 36 0.67
2 36 0.38
9 36 0.1
10 36 0.36
11 36 0.11
15 36 0.14
35 36 0.15
122 36 0.0
37 1 0.14
37 2 0.15
37 3 0.37
37 4 0.32
37 5 0.14
37 6 0.23
37 7 0.39
37 8 0.23
37 9 0.2
37 10 0.15
37 11 0.16
37 12 0.05
37 13 0.23
37 14 0.35
37 15 0.46
37 16 0.33
37 17 0.14
37 18 0.25
37 19 0.14
37 20 0.1
37 21 0.1
37 22 0.18
37 23 0.1
37 24 0.1
37 25 0.1
37 26 0.14
37 27 0.39
37 28 0.1
37 29 0.14
37 30 0.15
37 31 0.22
37 32 0.22
37 33 0.31
37 34 0.37
37 35 0.72
37 36 0.1
37 122 0.0013
4 38 0.11
7 38 0.2
15 38 0.14
38 23 1.0
27 38 0.21
30 38 0.5
35 38 0.07
37 38 0.1
122 38 1.0E-4
1 39 0.13
4 39 0.21
7 39 0.46
8 39 0.14
9 39 0.08
10 39 0.18
14 39 0.55
15 39 0.21
39 23 0.38
27 39 0.48
39 30 0.38
31 39 0.1
35 39 0.19
39 36 0.19
37 39 0.27
39 38 0.38
122 39 2.0E-4
40 1 0.08
2 40 0.06
4 40 0.2
40 7 0.61
40 8 0.17
40 9 0.05
40 10 0.11
11 40 0.16
40 12 0.11
40 14 0.4
15 40 0.37
16 40 0.06
40 21 0.23
40 23 0.23
40 24 0.23
40 27 0.49
40 28 0.23
40 30 0.23
31 40 0.06
35 40 0.32
40 36 0.11
37 40 0.42
40 38 0.23
40 39 0.26
40 122 0.0010
3 41 0.23
4 41 0.11
14 41 0.29
18 41 0.35
20 41 0.5
27 41 0.21
32 41 0.35
33 41 0.28
34 41 0.23
35 41 0.07
37 41 0.1
122 41 1.0E-4
42 2 0.19
42 3 0.13
42 4 0.27
42 5 0.27
42 6 0.29
42 7 0.08
42 9 0.12
42 11 0.22
42 12 0.19
42 13 0.11
42 15 0.18
42 16 0.1
42 17 0.27
42 18 0.14
42 19 0.14
42 22 0.34
42 27 0.08
42 31 0.21
42 33 0.16
42 34 0.13
42 35 0.38
42 37 0.27
42 40 0.09
42 122 1.0E-4
2 43 0.07
43 3 0.2
4 43 0.22
43 5 0.2
43 6 0.11
7 43 0.12
43 9 0.12
11 43 0.07
15 43 0.04
43 17 0.2
43 18 0.31
43 22 0.13
43 32 0.2
43 33 0.24
43 34 0.2
35 43 0.25
37 43 0.23
40 43 0.07
42 43 0.11
122 43 2.0E-4
1 44 0.19
2 44 0.14
4 44 0.13
7 44 0.24
9 44 0.12
11 44 0.13
15 44 0.24
44 24 0.58
35 44 0.13
44 36 0.29
37 44 0.18
40 44 0.4
42 44 0.11
43 44 0.17
122 44 1.0E-4
45 1 0.07
45 2 0.15
45 3 0.09
45 4 0.36
45 5 0.29
45 6 0.15
45 7 0.04
45 8 0.08
45 9 0.04
45 11 0.09
45 13 0.24
45 14 0.06
45 15 0.06
45 16 0.16
45 17 0.29
45 18 0.14
45 22 0.18
45 27 0.09
45 30 0.1
45 31 0.22
45 33 0.11
45 34 0.09
45 35 0.36
45 36 0.1
45 37 0.29
45 39 0.08
45 40 0.09
45 42 0.24
45 43 0.18
45 44 0.12
45 122 1.0E-4
46 2 0.17
46 3 0.05
46 4 0.28
46 6 0.17
46 8 0.17
46 9 0.18
46 10 0.17
46 11 0.05
46 13 0.2
46 15 0.16
46 16 0.18
46 19 0.16
46 22 0.21
46 27 0.05
46 31 0.06
46 33 0.06
46 34 0.05
46 35 0.32
46 37 0.28
46 42 0.35
46 43 0.13
46 45 0.14
46 122 0.0
3 47 0.56
4 47 0.04
8 47 0.15
14 47 0.12
18 47 0.14
47 19 0.58
20 47 0.2
47 26 0.29
27 47 0.09
31 47 0.22
32 47 0.29
33 47 0.34
34 47 0.47
35 47 0.18
37 47 0.25
47 41 0.41
42 47 0.08
46 47 0.09
122 47 6.0E-4
48 1 0.2
2 48 0.15
4 48 0.1
48 6 0.23
7 48 0.25
48 9 0.3
48 10 0.22
11 48 0.14
13 48 0.09
15 48 0.25
16 48 0.08
48 21 0.3
48 22 0.27
48 24 0.3
27 48 0.06
31 48 0.08
35 48 0.24
48 36 0.15
37 48 0.21
48 39 0.11
40 48 0.14
42 48 0.12
48 44 0.17
46 48 0.21
122 48 1.0E-4
49 2 0.08
49 3 0.07
49 4 0.3
49 7 0.06
49 13 0.17
49 15 0.08
49 16 0.08
49 19 0.21
49 20 0.15
49 23 0.3
49 27 0.13
49 30 0.15
49 31 0.16
49 33 0.08
49 34 0.07
49 35 0.24
49 37 0.24
49 38 0.3
49 39 0.11
49 40 0.07
49 42 0.12
49 43 0.26
49 45 0.18
49 46 0.35
49 47 0.12
49 122 1.0E-4
3 50 0.08
4 50 0.27
7 50 0.29
13 50 0.1
14 50 0.31
27 50 0.23
34 50 0.08
35 50 0.21
37 50 0.14
39 50 0.4
43 50 0.2
45 50 0.07
122 50 0.0
51 1 0.12
51 3 0.65
13 51 0.1
16 51 0.19
51 18 0.63
51 29 0.5
51 32 0.75
51 33 0.78
51 34 0.65
35 51 0.21
37 51 0.22
51 43 0.2
122 51 8.0E-4
3 52 0.32
13 52 0.2
18 52 0.25
32 52 0.5
33 52 0.39
34 52 0.32
35 52 0.1
37 52 0.07
51 52 0.5
122 52 2.0E-4
4 53 0.11
7 53 0.2
9 53 0.2
15 53 0.14
35 53 0.07
37 53 0.1
40 53 0.23
42 53 0.19
43 53 0.29
44 53 0.58
122 53 1.0E-4
1 54 0.15
2 54 0.11
3 54 0.21
54 5 0.63
54 6 0.68
54 9 0.09
11 54 0.1
15 54 0.06
54 17 0.63
18 54 0.32
54 22 0.6
33 54 0.25
34 54 0.21
35 54 0.16
54 36 0.22
37 54 0.23
40 54 0.1
42 54 0.26
43 54 0.13
54 44 0.26
45 54 0.27
46 54 0.1
48 54 0.13
122 54 1.0E-4
55 2 0.09
55 4 0.21
55 7 0.08
55 9 0.08
55 13 0.22
55 15 0.1
55 16 0.2
55 30 0.19
55 31 0.1
55 35 0.19
55 37 0.23
55 40 0.09
55 42 0.15
55 43 0.11
55 44 0.22
55 45 0.23
55 46 0.09
55 49 0.11
55 53 0.38
55 122 0.0
1 56 0.33
2 56 0.25
10 56 0.24
35 56 0.07
36 56 0.5
122 56 1.0E-4
3 57 0.46
4 57 0.05
14 57 0.14
18 57 0.18
57 19 0.35
20 57 0.25
27 57 0.11
31 57 0.13
32 57 0.35
33 57 0.42
34 57 0.46
35 57 0.15
37 57 0.2
57 41 0.5
42 57 0.1
46 57 0.11
47 57 0.82
49 57 0.15
122 57 4.0E-4
3 58 0.23
19 58 0.71
31 58 0.27
33 58 0.28
34 58 0.23
35 58 0.07
37 58 0.1
42 58 0.19
46 58 0.23
47 58 0.41
49 58 0.3
57 58 0.5
122 58 1.0E-4
2 59 0.07
59 3 0.38
4 59 0.12
59 5 0.39
59 6 0.21
59 8 0.21
13 59 0.32
59 14 0.08
59 15 0.04
16 59 0.52
59 17 0.39
59 18 0.29
59 20 0.14
59 22 0.25
59 26 0.2
59 27 0.06
59 29 0.2
59 31 0.3
59 32 0.2
59 33 0.38
59 34 0.38
35 59 0.27
37 59 0.31
59 41 0.28
42 59 0.16
59 43 0.08
45 59 0.11
46 59 0.19
59 47 0.34
59 48 0.08
59 51 0.1
59 54 0.25
55 59 0.1
59 57 0.28
59 122 5.0E-4
2 60 0.2
4 60 0.09
7 60 0.33
60 9 0.08
60 10 0.1
11 60 0.28
14 60 0.12
15 60 0.11
60 23 0.41
60 24 0.41
27 60 0.26
60 30 0.2
35 60 0.18
37 60 0.17
60 38 0.41
60 39 0.15
40 60 0.28
60 44 0.24
60 48 0.25
49 60 0.12
122 60 1.0E-4
61 1 0.05
61 2 0.11
61 3 0.64
61 4 0.29
61 5 0.21
61 6 0.17
61 7 0.15
61 8 0.22
61 9 0.06
61 11 0.03
61 13 0.34
61 14 0.17
61 15 0.14
61 16 0.43
61 17 0.21
61 18 0.42
61 19 0.21
61 20 0.15
61 22 0.2
61 24 0.15
61 25 0.15
61 26 0.21
61 27 0.19
61 29 0.21
61 31 0.28
61 32 0.42
61 33 0.53
61 34 0.64
61 35 0.5
61 37 0.55
61 39 0.06
61 40 0.1
61 41 0.15
61 42 0.23
61 43 0.17
61 44 0.09
61 45 0.3
61 46 0.24
61 47 0.36
61 48 0.13
61 49 0.27
61 50 0.1
61 51 0.42
61 52 0.21
61 54 0.13
61 55 0.11
61 57 0.29
61 58 0.15
61 59 0.41
61 60 0.12
61 122 0.0014
62 1 0.2
62 2 0.26
62 4 0.4
62 7 0.13
62 8 0.08
62 9 0.08
62 10 0.1
62 11 0.14
62 12 0.1
62 13 0.12
62 15 0.14
62 16 0.16
62 27 0.04
62 31 0.05
62 35 0.36
62 36 0.2
62 37 0.17
62 40 0.19
62 42 0.39
62 43 0.06
62 44 0.24
62 45 0.17
62 46 0.19
62 49 0.06
62 53 0.2
62 54 0.09
62 55 0.23
62 59 0.06
62 61 0.15
62 122 0.0
63 1 0.08
2 63 0.06
63 3 0.72
4 63 0.08
63 5 0.34
63 6 0.18
63 8 0.09
13 63 0.35
63 14 0.07
63 15 0.03
16 63 0.45
63 17 0.34
63 18 0.69
63 20 0.24
63 22 0.22
63 25 0.24
63 27 0.05
63 29 0.34
31 63 0.06
63 32 0.6
63 33 0.74
63 34 0.78
35 63 0.3
37 63 0.34
63 41 0.24
42 63 0.09
63 43 0.21
45 63 0.1
46 63 0.11
63 47 0.1
63 48 0.07
63 50 0.09
63 51 0.69
63 52 0.34
63 54 0.22
63 57 0.12
59 63 0.54
61 63 0.57
63 122 0.0013
3 64 0.61
4 64 0.04
64 5 0.47
64 6 0.25
13 64 0.1
16 64 0.18
64 17 0.47
18 64 0.24
64 19 0.47
64 22 0.3
26 64 0.24
64 29 0.24
31 64 0.09
33 64 0.37
34 64 0.69
35 64 0.22
37 64 0.27
42 64 0.19
43 64 0.1
45 64 0.14
46 64 0.08
47 64 0.41
49 64 0.1
64 50 0.12
51 64 0.12
64 54 0.3
64 57 0.33
64 58 0.33
59 64 0.37
61 64 0.44
63 64 0.4
122 64 9.0E-4
65 1 0.09
65 3 0.64
4 65 0.09
65 5 0.39
65 6 0.21
7 65 0.06
13 65 0.16
14 65 0.16
15 65 0.04
16 65 0.15
65 17 0.39
65 18 0.78
65 19 0.2
65 20 0.14
65 22 0.25
27 65 0.12
31 65 0.22
65 32 0.69
65 33 0.77
65 34 0.7
35 65 0.27
37 65 0.31
65 39 0.1
40 65 0.06
65 41 0.28
42 65 0.21
65 43 0.24
45 65 0.23
46 65 0.06
65 47 0.23
49 65 0.08
65 51 0.59
65 52 0.39
65 54 0.25
65 57 0.28
65 58 0.28
59 65 0.31
61 65 0.53
63 65 0.67
65 64 0.37
122 65 0.0012
1 66 0.47
2 66 0.35
10 66 0.34
35 66 0.1
36 66 0.71
66 56 0.71
62 66 0.14
122 66 1.0E-4
67 3 0.41
7 67 0.09
67 9 0.09
11 67 0.1
15 67 0.06
67 18 0.47
67 32 0.63
67 33 0.5
67 34 0.41
35 67 0.16
37 67 0.14
67 43 0.26
48 67 0.13
67 51 0.63
67 52 0.32
61 67 0.26
63 67 0.43
67 65 0.5
122 67 3.0E-4
68 1 0.19
2 68 0.07
3 68 0.66
4 68 0.06
68 5 0.41
68 6 0.22
68 10 0.07
13 68 0.08
14 68 0.08
16 68 0.23
68 17 0.41
18 68 0.61
68 20 0.29
68 22 0.26
68 25 0.29
27 68 0.06
68 29 0.2
32 68 0.61
33 68 0.72
34 68 0.73
35 68 0.25
68 36 0.14
37 68 0.26
68 41 0.29
42 68 0.11
43 68 0.08
45 68 0.12
68 47 0.24
51 68 0.51
68 52 0.41
68 54 0.26
68 56 0.29
68 57 0.29
59 68 0.4
61 68 0.47
63 68 0.7
68 64 0.29
65 68 0.64
68 66 0.2
67 68 0.26
122 68 0.0013
3 69 0.26
4 69 0.04
69 6 0.14
7 69 0.08
69 9 0.08
11 69 0.09
13 69 0.22
16 69 0.2
69 19 0.27
69 20 0.19
69 22 0.17
69 29 0.27
31 69 0.1
33 69 0.1
34 69 0.35
35 69 0.19
37 69 0.19
42 69 0.07
46 69 0.09
69 47 0.15
48 69 0.11
49 69 0.11
69 50 0.13
51 69 0.13
69 54 0.17
59 69 0.21
60 69 0.15
61 69 0.28
63 69 0.28
69 64 0.5
65 69 0.1
68 69 0.11
122 69 2.0E-4
70 1 0.14
2 70 0.2
4 70 0.22
7 70 0.17
70 9 0.24
13 70 0.12
15 70 0.17
16 70 0.11
31 70 0.11
35 70 0.18
37 70 0.08
40 70 0.09
42 70 0.08
70 43 0.12
70 44 0.24
45 70 0.08
46 70 0.09
48 70 0.12
70 53 0.41
55 70 0.15
59 70 0.11
61 70 0.12
62 70 0.17
63 70 0.1
122 70 0.0
4 71 0.06
7 71 0.12
13 71 0.17
14 71 0.17
15 71 0.08
71 20 0.29
27 71 0.12
31 71 0.31
35 71 0.13
37 71 0.12
71 39 0.22
40 71 0.13
45 71 0.12
49 71 0.17
61 71 0.17
71 65 0.16
71 69 0.22
122 71 0.0
7 72 0.14
72 8 0.27
15 72 0.19
27 72 0.15
35 72 0.1
37 72 0.14
40 72 0.16
46 72 0.16
122 72 0.0
3 73 0.32
73 5 1.0
6 73 0.53
73 17 1.0
18 73 0.5
22 73 0.63
33 73 0.39
34 73 0.32
35 73 0.1
37 73 0.14
42 73 0.27
43 73 0.2
45 73 0.29
54 73 0.63
59 73 0.39
61 73 0.21
63 73 0.34
64 73 0.47
65 73 0.39
68 73 0.41
122 73 3.0E-4
3 74 0.07
4 74 0.14
6 74 0.12
7 74 0.06
10 74 0.23
13 74 0.09
15 74 0.17
18 74 0.11
27 74 0.07
32 74 0.11
33 74 0.09
34 74 0.07
35 74 0.23
37 74 0.13
40 74 0.07
42 74 0.12
43 74 0.09
51 74 0.11
61 74 0.05
62 74 0.06
63 74 0.08
65 74 0.09
67 74 0.14
122 74 0.0
4 75 0.23
7 75 0.11
75 8 0.2
75 9 0.05
75 10 0.13
13 75 0.07
75 14 0.3
15 75 0.28
75 27 0.28
75 28 0.26
35 75 0.28
37 75 0.18
40 75 0.18
42 75 0.1
45 75 0.05
61 75 0.11
75 70 0.11
75 74 0.57
122 75 1.0E-4
4 76 0.11
6 76 0.19
7 76 0.2
10 76 0.12
15 76 0.2
76 24 0.5
35 76 0.15
37 76 0.1
40 76 0.23
76 44 0.29
48 76 0.15
60 76 0.2
61 76 0.07
62 76 0.1
76 74 0.32
122 76 0.0
77 1 0.15
4 77 0.1
77 7 0.18
77 9 0.18
77 10 0.22
11 77 0.1
15 77 0.12
77 27 0.1
35 77 0.16
77 36 0.22
37 77 0.18
77 39 0.17
77 40 0.31
42 77 0.09
77 48 0.13
62 77 0.18
77 122 1.0E-4
1 78 0.33
2 78 0.25
10 78 0.24
35 78 0.07
36 78 0.5
78 56 1.0
78 66 0.71
68 78 0.29
122 78 1.0E-4
79 1 0.07
79 3 0.5
4 79 0.19
79 7 0.13
79 8 0.25
79 11 0.05
13 79 0.31
79 14 0.13
79 15 0.03
16 79 0.17
79 18 0.39
79 19 0.15
79 20 0.22
79 26 0.15
79 27 0.09
31 79 0.29
79 32 0.54
79 33 0.48
79 34 0.45
35 79 0.34
37 79 0.33
79 39 0.08
79 40 0.05
79 41 0.22
42 79 0.08
79 43 0.31
45 79 0.18
46 79 0.1
79 47 0.36
49 79 0.26
79 50 0.23
79 51 0.39
79 52 0.15
79 57 0.33
79 58 0.22
59 79 0.24
79 60 0.09
61 79 0.51
62 79 0.04
63 79 0.42
79 64 0.15
79 65 0.54
79 67 0.39
79 68 0.31
79 69 0.25
79 71 0.25
79 74 0.07
79 122 6.0E-4
80 1 0.24
2 80 0.27
80 3 0.49
4 80 0.3
80 5 0.17
80 6 0.09
80 7 0.37
80 8 0.14
80 9 0.17
80 10 0.23
80 11 0.33
80 12 0.06
13 80 0.35
80 14 0.14
80 15 0.28
16 80 0.35
80 17 0.17
80 18 0.34
80 19 0.17
80 20 0.12
80 21 0.12
80 22 0.11
80 23 0.12
80 24 0.12
80 26 0.17
80 27 0.18
80 29 0.17
80 30 0.06
80 31 0.35
80 32 0.34
80 33 0.43
80 34 0.49
35 80 0.62
80 36 0.24
37 80 0.58
80 38 0.12
80 39 0.14
80 40 0.33
80 41 0.12
42 80 0.21
80 43 0.24
80 44 0.21
45 80 0.22
46 80 0.11
80 47 0.29
80 48 0.25
49 80 0.22
80 50 0.13
80 51 0.34
80 52 0.17
80 53 0.12
80 54 0.16
55 80 0.09
80 56 0.12
80 57 0.24
80 58 0.12
80 59 0.4
80 60 0.29
61 80 0.6
62 80 0.22
80 63 0.46
80 64 0.36
80 65 0.43
80 66 0.17
80 67 0.27
80 68 0.38
80 69 0.27
80 70 0.1
80 71 0.21
80 72 0.08
80 73 0.17
80 74 0.08
80 76 0.12
80 77 0.21
80 78 0.12
80 79 0.55
80 122 0.0014
3 81 0.41
4 81 0.05
81 5 0.63
6 81 0.34
16 81 0.24
81 17 0.63
18 81 0.32
20 81 0.22
22 81 0.4
81 25 0.45
32 81 0.16
33 81 0.37
34 81 0.51
35 81 0.16
37 81 0.23
42 81 0.17
43 81 0.13
45 81 0.18
47 81 0.18
54 81 0.4
57 81 0.22
59 81 0.5
61 81 0.33
63 81 0.43
64 81 0.45
65 81 0.37
68 81 0.65
69 81 0.17
81 73 0.63
79 81 0.1
80 81 0.21
122 81 5.0E-4
3 82 0.57
4 82 0.08
82 5 0.5
82 6 0.27
8 82 0.13
14 82 0.1
16 82 0.09
82 17 0.5
18 82 0.38
82 19 0.5
20 82 0.18
82 22 0.32
82 26 0.5
27 82 0.08
31 82 0.19
32 82 0.13
33 82 0.39
34 82 0.57
35 82 0.21
37 82 0.29
82 41 0.35
42 82 0.2
43 82 0.1
45 82 0.14
46 82 0.08
82 47 0.58
49 82 0.11
82 54 0.32
82 57 0.35
82 58 0.35
59 82 0.49
61 82 0.42
63 82 0.34
82 64 0.71
65 82 0.49
68 82 0.41
69 82 0.27
82 73 0.5
79 82 0.23
80 82 0.34
82 81 0.47
122 82 9.0E-4
4 83 0.16
7 83 0.29
8 83 0.53
14 83 0.41
15 83 0.19
27 83 0.3
35 83 0.1
37 83 0.14
40 83 0.16
61 83 0.21
75 83 0.37
122 83 1.0E-4
84 1 0.15
4 84 0.05
7 84 0.37
84 9 0.09
84 10 0.11
15 84 0.24
84 21 0.45
27 84 0.19
31 84 0.12
35 84 0.16
37 84 0.18
40 84 0.31
84 48 0.13
84 70 0.18
84 72 0.32
80 84 0.16
122 84 1.0E-4
4 85 0.04
85 6 0.15
7 85 0.17
85 10 0.1
85 14 0.24
15 85 0.06
85 24 0.41
85 27 0.26
85 28 0.41
35 85 0.18
37 85 0.21
40 85 0.47
85 44 0.24
85 48 0.12
85 60 0.17
61 85 0.06
85 74 0.13
85 75 0.21
85 76 0.41
77 85 0.37
80 85 0.1
122 85 3.0E-4
1 86 0.22
2 86 0.25
4 86 0.04
7 86 0.07
86 9 0.33
86 10 0.16
11 86 0.15
15 86 0.23
86 22 0.15
86 24 0.33
27 86 0.07
31 86 0.09
35 86 0.22
86 36 0.33
37 86 0.17
86 39 0.13
40 86 0.15
86 44 0.38
45 86 0.14
48 86 0.4
86 54 0.15
60 86 0.27
61 86 0.1
62 86 0.07
70 86 0.14
75 86 0.09
86 76 0.17
77 86 0.15
80 86 0.16
85 86 0.14
122 86 0.0
87 3 0.21
4 87 0.05
87 8 0.17
16 87 0.12
87 26 0.32
87 31 0.36
87 34 0.1
35 87 0.16
37 87 0.14
87 47 0.37
87 57 0.22
87 59 0.25
61 87 0.2
87 64 0.15
87 71 0.26
87 79 0.1
87 80 0.21
87 82 0.16
87 122 1.0E-4
2 88 0.06
88 3 0.16
4 88 0.26
88 5 0.33
88 6 0.18
88 7 0.05
88 8 0.09
88 9 0.05
88 10 0.06
88 11 0.05
13 88 0.27
88 15 0.13
16 88 0.31
88 17 0.33
88 18 0.25
88 22 0.21
88 27 0.05
88 31 0.25
88 32 0.08
88 33 0.2
88 34 0.16
35 88 0.31
37 88 0.36
42 88 0.23
88 43 0.2
45 88 0.24
46 88 0.27
88 48 0.21
49 88 0.36
88 51 0.08
88 52 0.17
88 54 0.21
88 59 0.33
61 88 0.38
62 88 0.14
88 63 0.29
88 64 0.16
88 65 0.26
88 67 0.11
88 68 0.2
88 70 0.1
88 73 0.33
88 79 0.21
88 80 0.31
88 81 0.21
88 82 0.17
88 86 0.08
88 87 0.11
88 122 1.0E-4
4 89 0.25
7 89 0.54
89 8 0.43
89 10 0.09
14 89 0.44
15 89 0.36
89 23 0.38
89 24 0.38
27 89 0.4
89 30 0.38
31 89 0.1
35 89 0.19
37 89 0.23
89 38 0.38
89 39 0.43
40 89 0.43
89 44 0.22
45 89 0.08
89 48 0.23
49 89 0.11
60 89 0.31
61 89 0.22
89 65 0.1
89 71 0.22
75 89 0.2
89 76 0.19
79 89 0.08
80 89 0.18
89 83 0.53
85 89 0.15
89 86 0.13
122 89 4.0E-4
90 1 0.15
2 90 0.06
90 3 0.32
4 90 0.13
90 5 0.32
90 6 0.17
90 8 0.09
90 12 0.34
13 90 0.13
16 90 0.18
90 17 0.32
90 18 0.16
90 19 0.32
90 22 0.21
90 26 0.16
90 27 0.1
90 31 0.49
90 33 0.19
90 34 0.26
35 90 0.32
37 90 0.26
42 90 0.35
90 43 0.07
45 90 0.19
46 90 0.05
90 47 0.37
90 48 0.07
49 90 0.07
90 54 0.21
55 90 0.09
90 57 0.23
90 58 0.23
90 59 0.32
61 90 0.34
62 90 0.14
90 63 0.11
90 64 0.38
90 65 0.25
90 68 0.13
90 69 0.09
90 71 0.13
90 73 0.32
90 79 0.15
90 80 0.33
90 81 0.21
90 82 0.41
90 87 0.51
90 88 0.27
90 122 3.0E-4
91 1 0.13
91 3 0.61
4 91 0.04
13 91 0.11
14 91 0.11
91 18 0.8
91 20 0.19
27 91 0.08
91 32 0.94
91 33 0.73
91 34 0.61
35 91 0.19
37 91 0.19
91 41 0.38
91 43 0.22
91 47 0.15
91 51 0.8
91 52 0.53
91 57 0.19
59 91 0.1
61 91 0.39
63 91 0.64
91 65 0.73
91 67 0.68
91 68 0.55
91 74 0.12
79 91 0.49
80 91 0.32
91 82 0.13
88 91 0.09
122 91 7.0E-4
92 1 0.16
2 92 0.08
92 3 0.11
4 92 0.3
92 5 0.11
92 6 0.06
92 7 0.73
92 8 0.18
92 9 0.16
92 10 0.16
11 92 0.22
92 12 0.08
13 92 0.05
92 14 0.56
15 92 0.46
16 92 0.04
92 17 0.11
92 18 0.17
92 20 0.08
92 21 0.16
92 22 0.07
92 23 0.16
92 24 0.16
92 27 0.55
92 28 0.16
92 30 0.16
31 92 0.09
92 32 0.11
92 33 0.13
92 34 0.11
35 92 0.45
92 36 0.16
37 92 0.51
92 38 0.16
92 39 0.43
92 40 0.71
92 41 0.16
42 92 0.09
92 43 0.19
92 44 0.28
45 92 0.1
92 47 0.07
92 48 0.29
49 92 0.05
92 50 0.23
92 51 0.06
92 52 0.11
92 53 0.16
92 54 0.15
55 92 0.06
92 57 0.08
59 92 0.09
92 60 0.26
61 92 0.19
62 92 0.17
63 92 0.12
92 64 0.05
92 65 0.18
92 67 0.07
92 68 0.14
92 70 0.13
92 71 0.09
92 72 0.11
92 73 0.11
92 74 0.05
92 75 0.17
92 76 0.16
92 77 0.29
79 92 0.11
80 92 0.47
92 81 0.07
92 82 0.11
92 83 0.23
92 84 0.36
92 85 0.33
92 86 0.22
88 92 0.11
92 89 0.43
90 92 0.04
92 91 0.12
92 122 0.0010
93 3 0.09
4 93 0.04
93 10 0.1
13 93 0.24
16 93 0.22
93 31 0.22
93 34 0.09
35 93 0.18
37 93 0.08
42 93 0.16
45 93 0.08
46 93 0.09
93 50 0.14
93 59 0.23
61 93 0.12
62 93 0.08
93 63 0.1
93 64 0.14
93 65 0.11
93 69 0.15
93 79 0.18
93 80 0.15
93 87 0.18
93 88 0.19
93 90 0.19
93 122 0.0
2 94 0.13
4 94 0.11
7 94 0.1
9 94 0.1
11 94 0.23
94 12 0.25
15 94 0.14
16 94 0.13
94 24 0.5
35 94 0.15
37 94 0.15
40 94 0.23
94 44 0.29
48 94 0.15
60 94 0.2
61 94 0.07
76 94 0.25
80 94 0.18
85 94 0.2
86 94 0.17
89 94 0.19
92 94 0.16
122 94 1.0E-4
3 95 0.32
95 5 1.0
6 95 0.53
95 17 1.0
18 95 0.5
22 95 0.63
33 95 0.39
34 95 0.32
35 95 0.1
37 95 0.14
42 95 0.27
43 95 0.2
45 95 0.29
54 95 0.63
59 95 0.39
61 95 0.21
63 95 0.34
64 95 0.47
65 95 0.39
68 95 0.41
95 73 1.0
80 95 0.17
81 95 0.63
82 95 0.5
88 95 0.33
90 95 0.32
92 95 0.11
122 95 3.0E-4
2 96 0.1
96 3 0.19
4 96 0.04
96 8 0.15
16 96 0.11
96 19 0.29
96 26 0.29
96 27 0.09
96 31 0.65
96 33 0.11
96 34 0.09
35 96 0.18
37 96 0.17
42 96 0.24
45 96 0.08
46 96 0.09
96 47 0.33
49 96 0.12
96 57 0.2
96 58 0.41
96 59 0.23
61 96 0.18
62 96 0.08
96 64 0.14
96 65 0.11
96 79 0.18
96 80 0.24
96 82 0.29
96 87 0.55
96 88 0.19
96 90 0.56
96 93 0.17
96 122 1.0E-4
97 1 0.09
97 2 0.2
97 3 0.37
97 4 0.12
97 5 0.38
97 6 0.4
97 9 0.16
97 10 0.06
97 11 0.06
97 13 0.23
97 14 0.08
97 15 0.04
97 16 0.21
97 17 0.38
97 18 0.38
97 20 0.27
97 22 0.36
97 25 0.27
97 27 0.06
97 32 0.19
97 33 0.3
97 34 0.43
97 35 0.28
97 37 0.24
97 41 0.27
97 42 0.21
97 43 0.08
97 45 0.16
97 46 0.18
97 47 0.11
97 48 0.08
97 49 0.08
97 50 0.09
97 51 0.09
97 52 0.19
97 54 0.36
97 55 0.1
97 57 0.13
97 59 0.3
97 61 0.39
97 62 0.11
97 63 0.45
97 64 0.36
97 65 0.37
97 68 0.46
97 69 0.2
97 70 0.11
97 73 0.38
97 79 0.12
97 80 0.26
97 81 0.48
97 82 0.38
97 88 0.19
97 90 0.12
97 91 0.2
97 92 0.17
97 93 0.11
97 95 0.38
97 122 4.0E-4
3 98 0.23
16 98 0.27
20 98 0.5
98 25 1.0
34 98 0.23
35 98 0.07
37 98 0.1
61 98 0.15
63 98 0.24
68 98 0.29
81 98 0.45
97 98 0.27
122 98 1.0E-4
4 99 0.11
7 99 0.2
15 99 0.14
99 24 1.0
35 99 0.07
37 99 0.1
40 99 0.23
99 44 0.58
48 99 0.3
60 99 0.41
61 99 0.15
76 99 0.5
80 99 0.12
85 99 0.41
86 99 0.33
89 99 0.38
92 99 0.16
94 99 0.5
122 99 1.0E-4
3 100 0.23
100 19 0.71
34 100 0.23
35 100 0.07
37 100 0.1
47 100 0.41
61 100 0.15
64 100 0.33
69 100 0.38
80 100 0.12
82 100 0.35
90 100 0.23
122 100 1.0E-4
101 1 0.1
101 3 0.73
4 101 0.03
101 5 0.41
101 6 0.22
13 101 0.08
16 101 0.23
101 17 0.41
101 18 0.71
101 19 0.2
101 22 0.26
101 29 0.41
31 101 0.08
101 32 0.61
101 33 0.88
101 34 0.79
35 101 0.25
37 101 0.29
42 101 0.17
101 43 0.25
45 101 0.12
46 101 0.07
101 47 0.12
49 101 0.09
101 51 0.82
101 52 0.41
101 54 0.26
101 57 0.14
101 58 0.29
59 101 0.32
61 101 0.51
63 101 0.77
101 64 0.48
101 65 0.8
101 67 0.52
101 68 0.67
101 69 0.22
101 73 0.41
101 74 0.09
79 101 0.38
80 101 0.41
101 81 0.39
101 82 0.41
88 101 0.2
90 101 0.2
101 91 0.65
92 101 0.09
101 95 0.41
96 101 0.12
97 101 0.31
122 101 0.0013
102 1 0.15
102 3 0.51
13 102 0.13
102 18 0.63
102 32 0.79
102 33 0.62
102 34 0.51
35 102 0.16
37 102 0.14
102 43 0.13
102 51 0.79
102 52 0.63
61 102 0.33
63 102 0.54
102 65 0.62
102 67 0.6
102 68 0.52
79 102 0.39
80 102 0.27
88 102 0.11
102 91 0.85
92 102 0.07
97 102 0.12
102 101 0.65
122 102 5.0E-4
3 103 0.46
103 5 0.71
103 6 0.38
16 103 0.13
103 17 0.71
18 103 0.35
103 22 0.45
103 29 0.35
32 103 0.18
33 103 0.55
34 103 0.46
35 103 0.15
37 103 0.2
42 103 0.19
43 103 0.14
45 103 0.2
47 103 0.2
51 103 0.18
103 54 0.45
103 57 0.25
59 103 0.55
61 103 0.29
63 103 0.36
103 64 0.5
65 103 0.28
68 103 0.43
69 103 0.19
103 73 0.71
79 103 0.11
80 103 0.24
103 81 0.67
82 103 0.35
88 103 0.24
90 103 0.23
92 103 0.08
103 95 0.71
97 103 0.27
101 103 0.43
122 103 5.0E-4
3 104 0.51
104 5 0.63
104 6 0.34
13 104 0.13
16 104 0.24
104 17 0.63
18 104 0.32
104 22 0.4
104 29 0.63
33 104 0.5
34 104 0.51
35 104 0.16
37 104 0.18
42 104 0.17
43 104 0.13
45 104 0.18
104 50 0.16
51 104 0.32
104 54 0.4
59 104 0.37
61 104 0.33
63 104 0.54
104 64 0.6
65 104 0.25
68 104 0.39
69 104 0.34
104 73 0.63
79 104 0.1
80 104 0.27
104 81 0.4
82 104 0.32
88 104 0.21
90 104 0.21
92 104 0.07
93 104 0.18
104 95 0.63
97 104 0.36
101 104 0.52
104 103 0.67
122 104 5.0E-4
3 105 0.32
4 105 0.08
14 105 0.2
18 105 0.25
105 19 0.5
20 105 0.35
27 105 0.15
32 105 0.25
33 105 0.2
34 105 0.32
35 105 0.1
37 105 0.14
105 41 0.71
47 105 0.58
57 105 0.35
59 105 0.2
61 105 0.21
63 105 0.17
64 105 0.24
65 105 0.2
68 105 0.2
69 105 0.27
79 105 0.15
80 105 0.17
82 105 0.5
90 105 0.16
91 105 0.27
92 105 0.11
97 105 0.19
105 100 0.71
122 105 2.0E-4
106 1 0.13
3 106 0.26
4 106 0.17
7 106 0.08
13 106 0.11
14 106 0.11
15 106 0.1
18 106 0.4
27 106 0.16
31 106 0.1
32 106 0.4
33 106 0.31
34 106 0.26
35 106 0.19
37 106 0.23
106 39 0.14
40 106 0.09
43 106 0.11
45 106 0.08
46 106 0.26
49 106 0.34
51 106 0.4
106 52 0.27
61 106 0.39
63 106 0.28
65 106 0.42
67 106 0.17
106 68 0.33
71 106 0.22
79 106 0.25
80 106 0.18
88 106 0.36
89 106 0.14
91 106 0.43
92 106 0.12
97 106 0.1
101 106 0.33
102 106 0.51
122 106 2.0E-4
107 2 0.1
107 4 0.27
107 7 0.17
107 9 0.08
107 13 0.12
107 14 0.12
107 15 0.06
107 16 0.11
107 27 0.09
107 35 0.18
107 37 0.21
107 39 0.15
107 40 0.09
107 42 0.16
107 43 0.24
107 44 0.24
107 45 0.17
107 46 0.28
107 49 0.37
107 50 0.29
107 53 0.41
107 55 0.31
107 61 0.24
107 62 0.17
107 70 0.17
107 80 0.05
107 88 0.19
107 92 0.13
107 97 0.11
107 106 0.31
107 122 0.0
2 108 0.25
4 108 0.05
7 108 0.1
9 108 0.3
11 108 0.23
15 108 0.07
108 24 0.5
27 108 0.11
35 108 0.15
37 108 0.05
40 108 0.11
108 44 0.29
45 108 0.1
48 108 0.3
60 108 0.41
61 108 0.15
70 108 0.2
75 108 0.13
76 108 0.25
80 108 0.12
85 108 0.2
86 108 0.5
89 108 0.19
92 108 0.16
94 108 0.25
108 99 0.5
122 108 0.0
7 109 0.29
8 109 0.27
10 109 0.34
14 109 0.2
15 109 0.1
109 21 0.71
27 109 0.15
109 30 0.35
35 109 0.1
37 109 0.14
39 109 0.27
40 109 0.32
48 109 0.21
80 109 0.08
84 109 0.32
89 109 0.27
92 109 0.23
122 109 2.0E-4
1 110 0.17
2 110 0.13
3 110 0.36
4 110 0.06
7 110 0.05
8 110 0.1
110 9 0.1
110 10 0.13
11 110 0.06
14 110 0.07
15 110 0.11
16 110 0.14
18 110 0.18
110 19 0.18
27 110 0.06
110 29 0.37
110 30 0.13
31 110 0.07
32 110 0.27
33 110 0.43
34 110 0.36
35 110 0.28
37 110 0.18
110 39 0.1
40 110 0.06
42 110 0.15
43 110 0.07
46 110 0.18
47 110 0.21
48 110 0.08
49 110 0.08
51 110 0.37
110 57 0.26
110 58 0.26
59 110 0.21
61 110 0.27
62 110 0.16
63 110 0.25
110 64 0.17
65 110 0.21
67 110 0.23
68 110 0.22
69 110 0.1
70 110 0.11
110 74 0.08
79 110 0.23
80 110 0.25
110 81 0.12
82 110 0.09
89 110 0.1
90 110 0.12
91 110 0.2
92 110 0.04
93 110 0.11
96 110 0.11
97 110 0.14
101 110 0.37
102 110 0.12
110 103 0.26
110 104 0.23
106 110 0.1
110 109 0.18
122 110 4.0E-4
111 2 0.13
111 3 0.06
111 4 0.25
111 5 0.18
111 6 0.28
111 8 0.19
111 9 0.1
111 13 0.29
111 15 0.07
111 16 0.33
111 17 0.18
111 18 0.09
111 22 0.22
111 31 0.07
111 33 0.07
111 34 0.06
111 35 0.29
111 37 0.28
111 42 0.14
111 43 0.14
111 45 0.26
111 46 0.23
111 48 0.15
111 49 0.23
111 50 0.09
111 54 0.22
111 55 0.09
111 59 0.21
111 61 0.26
111 62 0.15
111 63 0.18
111 64 0.08
111 65 0.07
111 68 0.07
111 70 0.1
111 73 0.18
111 79 0.22
111 80 0.18
111 81 0.11
111 82 0.09
111 86 0.08
111 87 0.11
111 88 0.29
111 90 0.11
111 95 0.18
111 96 0.1
111 97 0.27
111 101 0.07
111 103 0.13
111 104 0.11
111 107 0.1
111 122 0.0
3 112 0.23
16 112 0.27
20 112 0.5
112 25 1.0
34 112 0.23
35 112 0.07
37 112 0.1
61 112 0.15
63 112 0.24
68 112 0.29
81 112 0.45
97 112 0.27
112 98 1.0
122 112 1.0E-4
3 113 0.52
13 113 0.11
16 113 0.3
113 19 0.27
20 113 0.19
113 25 0.38
113 29 0.53
31 113 0.1
32 113 0.13
33 113 0.42
34 113 0.52
35 113 0.19
37 113 0.19
42 113 0.15
46 113 0.17
47 113 0.31
49 113 0.11
113 50 0.13
51 113 0.27
113 57 0.38
113 58 0.38
59 113 0.31
61 113 0.33
62 113 0.08
63 113 0.37
113 64 0.38
65 113 0.1
68 113 0.33
69 113 0.29
79 113 0.25
80 113 0.23
113 81 0.34
82 113 0.13
90 113 0.09
93 113 0.31
96 113 0.15
97 113 0.2
113 98 0.38
101 113 0.33
113 103 0.38
113 104 0.51
113 110 0.49
113 112 0.38
122 113 5.0E-4
114 1 0.13
3 114 0.61
8 114 0.14
16 114 0.2
18 114 0.13
114 19 0.53
114 26 0.53
114 29 0.53
31 114 0.2
32 114 0.13
33 114 0.42
34 114 0.52
35 114 0.19
37 114 0.27
42 114 0.07
46 114 0.09
114 47 0.46
49 114 0.11
51 114 0.4
114 57 0.19
114 58 0.38
59 114 0.21
61 114 0.39
63 114 0.28
114 64 0.5
65 114 0.21
114 68 0.22
114 69 0.29
79 114 0.25
80 114 0.32
114 82 0.53
87 114 0.17
90 114 0.26
91 114 0.14
96 114 0.31
114 100 0.38
101 114 0.44
102 114 0.17
114 103 0.19
114 104 0.34
114 105 0.27
114 106 0.14
114 110 0.29
114 113 0.43
122 114 7.0E-4
115 1 0.1
2 115 0.14
115 3 0.33
4 115 0.06
115 8 0.22
13 115 0.33
15 115 0.04
16 115 0.23
115 18 0.41
27 115 0.06
31 115 0.23
115 32 0.51
115 33 0.4
115 34 0.33
35 115 0.25
37 115 0.23
42 115 0.11
115 43 0.08
45 115 0.12
46 115 0.13
48 115 0.09
115 51 0.51
115 52 0.41
59 115 0.16
61 115 0.38
62 115 0.12
63 115 0.49
115 65 0.4
115 67 0.39
115 68 0.33
115 70 0.12
115 71 0.17
115 74 0.09
79 115 0.38
80 115 0.38
87 115 0.26
88 115 0.27
90 115 0.26
115 91 0.55
92 115 0.05
96 115 0.35
97 115 0.08
115 101 0.42
115 102 0.52
115 106 0.33
115 110 0.15
111 115 0.29
115 114 0.11
122 115 3.0E-4
4 116 0.11
116 7 0.1
116 11 0.23
116 15 0.27
116 24 0.5
35 116 0.15
37 116 0.1
116 40 0.11
42 116 0.19
116 44 0.29
116 48 0.15
116 60 0.2
61 116 0.07
116 76 0.25
80 116 0.12
116 85 0.2
116 86 0.17
116 89 0.19
116 92 0.08
116 94 0.25
116 99 0.5
116 108 0.25
116 122 0.0
2 117 0.08
117 3 0.15
4 117 0.07
117 5 0.47
117 6 0.5
117 8 0.13
117 9 0.07
13 117 0.38
117 15 0.05
16 117 0.45
117 17 0.47
117 18 0.24
117 22 0.45
117 31 0.27
117 33 0.18
117 34 0.15
35 117 0.22
37 117 0.27
42 117 0.26
117 43 0.1
45 117 0.2
46 117 0.23
117 48 0.2
117 54 0.6
55 117 0.13
117 59 0.55
61 117 0.25
117 63 0.32
117 64 0.22
117 65 0.28
117 68 0.19
117 69 0.13
117 70 0.14
117 73 0.47
117 79 0.15
117 80 0.28
117 81 0.3
117 82 0.24
117 87 0.15
117 88 0.47
117 90 0.38
117 92 0.05
117 93 0.27
117 95 0.47
117 96 0.14
97 117 0.27
117 101 0.19
117 103 0.33
117 104 0.3
111 117 0.33
117 115 0.19
117 122 1.0E-4
4 118 0.26
6 118 0.13
7 118 0.07
9 118 0.07
10 118 0.16
118 12 0.17
15 118 0.23
118 23 0.33
27 118 0.21
118 30 0.17
35 118 0.22
37 118 0.17
118 38 0.33
39 118 0.13
40 118 0.08
42 118 0.06
43 118 0.1
46 118 0.31
49 118 0.4
55 118 0.13
60 118 0.14
61 118 0.15
62 118 0.07
118 74 0.11
118 76 0.17
80 118 0.04
85 118 0.14
88 118 0.24
89 118 0.13
90 118 0.08
92 118 0.05
106 118 0.38
107 118 0.27
122 118 0.0
4 119 0.11
7 119 0.2
15 119 0.14
119 24 1.0
35 119 0.07
37 119 0.1
40 119 0.23
119 44 0.58
48 119 0.3
60 119 0.41
61 119 0.15
76 119 0.5
80 119 0.12
85 119 0.41
86 119 0.33
89 119 0.38
92 119 0.16
94 119 0.5
119 99 1.0
108 119 0.5
116 119 0.5
122 119 1.0E-4
4 120 0.05
7 120 0.31
120 8 0.19
14 120 0.43
15 120 0.2
27 120 0.32
35 120 0.15
37 120 0.2
40 120 0.34
61 120 0.07
75 120 0.26
80 120 0.06
120 83 0.35
120 84 0.22
85 120 0.2
120 89 0.19
92 120 0.32
122 120 1.0E-4
3 121 0.32
16 121 0.19
26 121 0.5
121 29 0.5
33 121 0.2
34 121 0.32
35 121 0.1
37 121 0.14
51 121 0.25
59 121 0.2
61 121 0.21
63 121 0.17
121 64 0.47
69 121 0.27
80 121 0.17
82 121 0.25
101 121 0.2
121 103 0.35
121 104 0.32
121 110 0.18
121 113 0.27
114 121 0.53
122 121 2.0E-4
