*Vertices  16
1 "LED灯"
2 "电容"
3 "容器"
4 "整流器"
5 "开关"
6 "变压器"
7 "LED"
8 "二极管"
9 "三极管"
10 "半导体"
11 "蓄电池"
12 "电感"
13 "电极"
14 "电阻"
15 "晶体闸流管"
16 "电抗器"
*Arcs
1 16 0.0029
1 2 0.29
2 16 0.01
1 3 0.12
2 3 0.23
3 16 0.0218
1 4 0.22
2 4 0.53
4 3 0.33
4 16 0.0169
1 5 0.37
5 2 0.42
5 3 0.21
5 4 0.2
5 16 0.0046
1 6 0.26
2 6 0.52
6 3 0.24
6 4 0.68
5 6 0.29
6 16 0.0106
7 1 0.67
7 2 0.36
7 3 0.19
7 4 0.25
7 5 0.54
7 6 0.34
7 16 0.0021
8 1 0.32
8 2 0.39
8 3 0.23
8 4 0.35
8 5 0.46
8 6 0.39
8 7 0.72
8 16 0.0033
1 9 0.2
9 2 0.61
9 3 0.17
9 4 0.4
5 9 0.37
9 6 0.49
7 9 0.32
8 9 0.42
9 16 0.0045
10 1 0.29
10 2 0.15
10 3 0.22
10 4 0.17
10 5 0.14
10 6 0.19
10 7 0.5
10 8 0.55
10 9 0.1
10 16 0.0042
1 11 0.23
2 11 0.11
11 3 0.2
11 4 0.3
5 11 0.28
11 6 0.28
7 11 0.28
8 11 0.18
9 11 0.18
10 11 0.11
11 16 0.0115
1 12 0.25
2 12 0.54
12 3 0.43
4 12 0.44
5 12 0.36
6 12 0.4
7 12 0.19
8 12 0.23
9 12 0.43
10 12 0.22
11 12 0.2
12 16 0.0232
1 13 0.16
2 13 0.37
13 3 0.19
13 4 0.33
5 13 0.2
13 6 0.39
7 13 0.45
8 13 0.55
9 13 0.6
10 13 0.56
13 11 0.13
13 12 0.31
13 16 0.0028
1 14 0.3
14 2 0.73
14 3 0.18
14 4 0.56
5 14 0.46
14 6 0.55
7 14 0.45
8 14 0.51
14 9 0.71
10 14 0.19
14 11 0.17
14 12 0.43
14 13 0.51
14 16 0.0075
1 15 0.05
2 15 0.31
15 3 0.19
4 15 0.43
5 15 0.2
6 15 0.32
7 15 0.15
8 15 0.2
9 15 0.34
10 15 0.07
11 15 0.26
15 12 0.19
13 15 0.25
14 15 0.32
15 16 0.0103
