*Vertices  16
1 "LED灯"
2 "容器"
3 "发生器"
4 "开关"
5 "LED"
6 "二极管"
7 "玻璃"
8 "塑料"
9 "电加热器"
10 "滑动变阻器"
11 "离子"
12 "冰柜"
13 "加热管"
14 "臭氧仪"
15 "臭氧"
16 "电热丝"
*Arcs
1 16 0.0032
1 2 0.12
2 16 0.0072
1 3 0.22
3 16 0.0116
1 4 0.37
4 2 0.21
4 3 0.07
4 16 0.0014
5 1 0.67
5 2 0.19
5 3 0.15
5 4 0.54
5 16 0.0032
6 1 0.32
6 2 0.23
6 3 0.05
6 4 0.46
6 5 0.72
6 16 8.0E-4
7 1 0.27
7 3 0.19
7 4 0.18
7 5 0.38
7 6 0.27
7 16 0.0027
8 1 0.28
8 2 0.17
8 4 0.16
8 5 0.32
8 6 0.28
8 7 0.35
8 16 0.01
2 9 0.38
4 9 0.14
5 9 0.07
6 9 0.1
8 9 0.23
9 16 0.0286
10 2 0.27
4 10 0.19
5 10 0.1
6 10 0.14
8 10 0.16
10 9 0.71
10 16 0.0191
1 11 0.13
11 2 0.09
11 3 0.34
5 11 0.32
6 11 0.26
7 11 0.35
8 11 0.05
11 16 0.0030
1 12 0.11
5 12 0.07
7 12 0.19
8 12 0.23
16 12 0.0186
1 13 0.08
2 13 0.27
4 13 0.19
5 13 0.1
6 13 0.07
7 13 0.14
8 13 0.16
13 9 0.71
10 13 0.5
13 16 0.0194
1 14 0.11
3 14 0.5
5 14 0.07
11 14 0.23
16 14 0.0205
1 15 0.22
15 2 0.31
15 3 0.61
5 15 0.18
6 15 0.04
7 15 0.24
8 15 0.19
11 15 0.28
15 12 0.41
15 14 0.41
15 16 0.0324
