*Vertices  13
1 "LED灯"
2 "控制器"
3 "开关"
4 "LED"
5 "二极管"
6 "教具"
7 "直流电机"
8 "太阳能"
9 "太阳能电池板"
10 "蓄电池"
11 "磁铁"
12 "转子"
13 "电磁感应"
*Arcs
1 13 0.0021
1 2 0.11
2 13 0.0066
1 3 0.37
3 2 0.23
3 13 0.0024
4 1 0.67
4 2 0.3
4 3 0.54
4 13 0.0023
5 1 0.32
5 2 0.15
5 3 0.46
5 4 0.72
5 13 6.0E-4
1 6 0.11
2 6 0.24
3 6 0.14
4 6 0.07
13 6 0.0809
1 7 0.11
2 7 0.24
3 7 0.14
4 7 0.07
7 6 1.0
13 7 0.0809
1 8 0.14
2 8 0.23
3 8 0.17
4 8 0.23
5 8 0.13
8 6 0.32
8 7 0.32
8 13 0.0126
1 9 0.15
2 9 0.22
3 9 0.06
4 9 0.16
5 9 0.05
9 6 0.45
9 7 0.45
9 8 0.71
9 13 0.0227
1 10 0.23
10 2 0.13
3 10 0.28
4 10 0.28
5 10 0.18
10 6 0.26
10 7 0.26
10 8 0.57
10 9 0.46
10 13 0.0084
1 11 0.13
4 11 0.13
5 11 0.06
13 11 0.0118
1 12 0.11
2 12 0.24
3 12 0.14
4 12 0.07
12 6 1.0
12 7 1.0
8 12 0.32
9 12 0.45
10 12 0.26
13 12 0.0809
