*Vertices  89
1 "LED显示屏"
2 "LCD显示屏"
3 "显示器"
4 "LED灯"
5 "探头"
6 "电容"
7 "容器"
8 "光膜"
9 "传感器"
10 "控制器"
11 "处理器"
12 "单片机"
13 "发生器"
14 "叶片"
15 "荧光粉"
16 "开关"
17 "发光荧光材料"
18 "热电分离"
19 "焊油墨"
20 "引发剂"
21 "硼酸"
22 "显示技术"
23 "变压器"
24 "加湿器"
25 "EP"
26 "LED"
27 "液晶显示模块"
28 "二极管"
29 "三极管"
30 "扩散剂"
31 "玻璃"
32 "香薰托盘"
33 "通道"
34 "接收管"
35 "LED光源"
36 "塑料"
37 "缩水甘油"
38 "铝基板"
39 "晶体振荡器"
40 "基座"
41 "红外线发射管"
42 "滤光片"
43 "稀释剂"
44 "散热片"
45 "散热器"
46 "发光体"
47 "硅橡胶"
48 "密封胶"
49 "SiO2"
50 "半导体"
51 "SMT"
52 "GPIO"
53 "客户"
54 "冷却片"
55 "摄像机"
56 "太阳能"
57 "充电电池"
58 "锂电池"
59 "FFC连接器"
60 "LED芯片"
61 "芯片"
62 "涂层"
63 "存储器"
64 "光触媒"
65 "酸盐"
66 "Li"
67 "离子"
68 "电极"
69 "电阻"
70 "基色"
71 "蒸发腔"
72 "散热腔"
73 "丙酮"
74 "激光"
75 "洗墙灯"
76 "平面板"
77 "射灯"
78 "酯键"
79 "臭氧"
80 "屏幕"
81 "聚光镜"
82 "透镜"
83 "后视镜"
84 "反射层"
85 "甲基"
86 "蜂鸣器"
87 "固定支架"
88 "发光管"
89 "电路板"
*Arcs
89 1 3.0E-4
2 1 0.21
89 2 6.0E-4
3 1 0.08
3 2 0.33
89 3 0.0012
4 1 0.03
4 2 0.04
4 3 0.08
89 4 0.0025
4 5 0.05
89 5 3.0E-4
4 6 0.29
89 6 3.0E-4
4 7 0.12
6 7 0.23
89 7 1.0E-4
8 2 0.19
8 3 0.29
8 4 0.13
8 7 0.22
89 8 8.0E-4
2 9 0.13
3 9 0.25
4 9 0.13
9 5 0.2
6 9 0.08
89 9 1.0E-4
10 1 0.23
2 10 0.24
3 10 0.24
4 10 0.11
10 5 0.12
6 10 0.15
7 10 0.09
10 9 0.19
89 10 2.0E-4
11 1 0.16
11 2 0.09
11 3 0.26
11 4 0.14
11 5 0.26
11 6 0.05
11 8 0.15
11 9 0.36
11 10 0.44
89 11 2.0E-4
12 1 0.07
12 2 0.08
3 12 0.52
4 12 0.13
12 6 0.19
12 9 0.28
12 10 0.17
11 12 0.24
89 12 4.0E-4
4 13 0.22
12 13 0.11
89 13 1.0E-4
1 14 0.45
4 14 0.08
89 14 7.0E-4
15 1 0.09
15 3 0.14
15 4 0.13
15 7 0.22
15 8 0.33
15 10 0.07
15 11 0.07
15 12 0.07
89 15 3.0E-4
16 1 0.04
16 2 0.14
3 16 0.07
4 16 0.37
16 6 0.42
16 7 0.21
16 9 0.19
16 10 0.23
11 16 0.21
16 12 0.19
16 13 0.07
15 16 0.08
89 16 4.0E-4
17 3 0.13
17 4 0.21
17 7 0.2
17 8 0.31
17 11 0.07
17 12 0.06
17 13 0.13
17 15 0.54
17 16 0.07
89 17 4.0E-4
4 18 0.16
6 18 0.14
89 18 2.0E-4
2 19 0.33
3 19 0.25
4 19 0.11
8 19 0.58
89 19 3.0E-4
3 20 0.18
89 20 3.0E-4
3 21 0.13
4 21 0.11
21 7 0.19
15 21 0.29
17 21 0.4
21 20 0.35
89 21 2.0E-4
2 22 0.24
3 22 0.35
9 22 0.14
10 22 0.34
11 22 0.18
12 22 0.16
89 22 3.0E-4
23 1 0.07
3 23 0.11
4 23 0.26
6 23 0.52
23 7 0.24
23 9 0.04
23 10 0.1
12 23 0.05
23 13 0.11
15 23 0.06
16 23 0.29
23 20 0.15
21 23 0.11
89 23 1.0E-4
4 24 0.11
5 24 0.5
89 24 6.0E-4
3 25 0.07
4 25 0.12
25 6 0.11
25 7 0.1
25 10 0.06
11 25 0.14
25 12 0.06
15 25 0.39
25 16 0.11
17 25 0.29
25 20 0.38
25 21 0.4
25 23 0.11
89 25 1.0E-4
26 1 0.23
26 2 0.22
26 3 0.29
26 4 0.67
26 5 0.15
26 6 0.36
26 7 0.19
26 8 0.13
26 9 0.37
26 10 0.3
26 11 0.28
26 12 0.32
26 13 0.15
26 14 0.1
26 15 0.25
26 16 0.54
26 17 0.28
26 18 0.1
26 19 0.07
26 20 0.1
26 21 0.15
26 22 0.1
26 23 0.34
26 24 0.07
26 25 0.28
89 26 0.0024
2 27 0.67
3 27 0.38
9 27 0.1
10 27 0.36
11 27 0.13
12 27 0.11
16 27 0.14
27 22 0.35
26 27 0.15
89 27 6.0E-4
28 1 0.06
28 2 0.14
28 3 0.15
28 4 0.32
28 5 0.05
28 6 0.39
28 7 0.23
28 8 0.12
28 9 0.2
28 10 0.15
28 11 0.08
28 12 0.16
28 13 0.05
28 15 0.23
28 16 0.46
28 17 0.33
28 20 0.14
28 21 0.1
28 23 0.39
28 25 0.22
28 26 0.72
28 27 0.1
89 28 7.0E-4
29 2 0.08
3 29 0.06
4 29 0.2
29 6 0.61
29 7 0.17
29 9 0.05
29 10 0.11
12 29 0.16
29 13 0.11
16 29 0.37
17 29 0.06
29 23 0.49
25 29 0.06
26 29 0.32
29 27 0.11
28 29 0.42
89 29 4.0E-4
4 30 0.16
7 30 0.27
15 30 0.2
17 30 0.38
21 30 0.35
26 30 0.1
28 30 0.07
89 30 6.0E-4
31 1 0.18
31 3 0.19
31 4 0.27
31 5 0.1
31 6 0.08
31 8 0.11
31 9 0.12
31 11 0.15
31 12 0.22
31 13 0.19
31 14 0.27
31 15 0.11
31 16 0.18
31 17 0.1
31 20 0.27
31 21 0.19
31 23 0.08
31 25 0.21
31 26 0.38
31 28 0.27
31 29 0.09
89 31 0.0019
4 32 0.11
5 32 0.5
32 24 1.0
26 32 0.07
89 32 6.0E-4
3 33 0.07
4 33 0.22
6 33 0.12
33 9 0.12
12 33 0.07
16 33 0.04
33 18 0.2
26 33 0.25
28 33 0.23
29 33 0.07
31 33 0.11
89 33 1.0E-4
2 34 0.19
3 34 0.14
4 34 0.13
6 34 0.24
9 34 0.12
12 34 0.13
16 34 0.24
26 34 0.13
34 27 0.29
28 34 0.18
29 34 0.4
31 34 0.11
33 34 0.17
89 34 7.0E-4
35 2 0.07
35 3 0.15
35 4 0.36
35 5 0.1
35 6 0.04
35 7 0.08
35 8 0.12
35 9 0.04
35 11 0.11
35 12 0.09
35 15 0.24
35 16 0.06
35 17 0.16
35 20 0.14
35 21 0.31
35 23 0.09
35 25 0.22
35 26 0.36
35 27 0.1
35 28 0.29
35 29 0.09
35 30 0.14
35 31 0.24
35 33 0.18
35 34 0.12
89 35 5.0E-4
36 1 0.07
36 3 0.17
36 4 0.28
36 5 0.11
36 7 0.17
36 8 0.26
36 9 0.18
36 10 0.17
36 11 0.12
36 12 0.05
36 14 0.16
36 15 0.2
36 16 0.16
36 17 0.18
36 22 0.16
36 23 0.05
36 25 0.06
36 26 0.32
36 28 0.28
36 31 0.35
36 33 0.13
36 35 0.14
89 36 5.0E-4
3 37 0.18
37 20 1.0
21 37 0.35
23 37 0.15
25 37 0.38
26 37 0.1
28 37 0.14
31 37 0.27
35 37 0.14
89 37 3.0E-4
38 3 0.08
38 4 0.3
38 6 0.06
38 8 0.17
38 11 0.08
38 15 0.17
38 16 0.08
38 17 0.08
38 23 0.13
38 25 0.16
38 26 0.24
38 28 0.24
38 29 0.07
38 31 0.12
38 33 0.26
38 35 0.18
38 36 0.35
89 38 1.0E-4
4 39 0.06
39 6 0.24
39 9 0.12
39 10 0.14
11 39 0.15
12 39 0.26
16 39 0.24
25 39 0.15
26 39 0.13
28 39 0.06
39 29 0.13
31 39 0.11
89 39 1.0E-4
4 40 0.22
7 40 0.19
15 40 0.14
17 40 0.13
21 40 0.25
26 40 0.15
28 40 0.15
40 30 0.35
33 40 0.43
35 40 0.1
36 40 0.11
38 40 0.3
89 40 1.0E-4
4 41 0.11
6 41 0.2
9 41 0.2
16 41 0.14
26 41 0.07
28 41 0.1
29 41 0.23
31 41 0.19
33 41 0.29
34 41 0.58
89 41 3.0E-4
2 42 0.15
3 42 0.11
42 5 0.22
42 9 0.09
12 42 0.1
16 42 0.06
26 42 0.16
42 27 0.22
28 42 0.23
29 42 0.1
31 42 0.26
33 42 0.13
42 34 0.26
35 42 0.27
36 42 0.1
89 42 1.0E-4
3 43 0.14
43 7 0.22
8 43 0.33
15 43 0.17
17 43 0.15
43 20 0.82
21 43 0.29
23 43 0.12
25 43 0.31
26 43 0.13
28 43 0.18
31 43 0.22
35 43 0.12
36 43 0.13
43 37 0.82
89 43 3.0E-4
4 44 0.43
44 6 0.05
44 16 0.07
44 18 0.17
26 44 0.3
28 44 0.22
31 44 0.09
44 33 0.35
35 44 0.45
36 44 0.11
38 44 0.29
44 40 0.24
89 44 1.0E-4
4 45 0.44
45 6 0.19
45 18 0.33
45 23 0.15
26 45 0.31
28 45 0.24
31 45 0.05
45 33 0.2
35 45 0.34
36 45 0.05
38 45 0.21
45 40 0.12
45 44 0.63
89 45 2.0E-4
46 3 0.09
46 4 0.21
46 6 0.08
46 8 0.22
46 9 0.08
46 11 0.1
46 15 0.22
46 16 0.1
46 17 0.2
46 25 0.1
46 26 0.19
46 28 0.23
46 29 0.09
46 31 0.15
46 33 0.11
46 34 0.22
46 35 0.23
46 36 0.09
46 38 0.11
46 41 0.38
46 44 0.09
46 45 0.09
89 46 9.0E-4
3 47 0.14
4 47 0.06
47 7 0.44
8 47 0.33
15 47 0.33
17 47 0.31
47 20 0.41
21 47 0.58
23 47 0.12
25 47 0.15
26 47 0.13
28 47 0.12
47 30 0.41
31 47 0.11
35 47 0.24
36 47 0.13
47 37 0.41
47 40 0.29
47 43 0.67
89 47 3.0E-4
48 1 0.16
4 48 0.22
48 14 0.35
16 48 0.07
26 48 0.15
28 48 0.05
31 48 0.1
33 48 0.29
35 48 0.1
36 48 0.11
38 48 0.3
48 40 0.25
44 48 0.24
45 48 0.12
89 48 2.0E-4
49 1 0.09
3 49 0.07
4 49 0.12
49 7 0.21
8 49 0.16
49 14 0.2
15 49 0.32
49 16 0.04
17 49 0.52
49 21 0.14
49 23 0.06
49 25 0.3
26 49 0.27
28 49 0.31
31 49 0.16
49 33 0.08
35 49 0.11
36 49 0.19
49 42 0.25
49 43 0.16
46 49 0.1
49 47 0.16
89 49 1.0E-4
50 1 0.05
50 2 0.05
50 3 0.11
50 4 0.29
50 5 0.07
50 6 0.15
50 7 0.22
50 8 0.09
50 9 0.06
50 11 0.08
50 12 0.03
50 14 0.1
50 15 0.34
50 16 0.14
50 17 0.43
50 20 0.1
50 21 0.22
50 23 0.19
50 25 0.28
50 26 0.5
50 28 0.55
50 29 0.1
50 30 0.21
50 31 0.23
50 33 0.17
50 34 0.09
50 35 0.3
50 36 0.24
50 37 0.1
50 38 0.27
50 40 0.15
50 42 0.13
50 43 0.09
50 44 0.11
50 45 0.14
50 46 0.11
50 47 0.17
50 48 0.15
50 49 0.41
89 50 5.0E-4
2 51 0.47
3 51 0.35
10 51 0.34
51 22 0.5
26 51 0.1
27 51 0.71
89 51 3.0E-4
52 2 0.19
3 52 0.14
4 52 0.06
6 52 0.12
11 52 0.15
12 52 0.13
16 52 0.24
25 52 0.15
26 52 0.13
52 27 0.29
28 52 0.06
29 52 0.13
52 34 0.33
35 52 0.12
52 42 0.26
50 52 0.09
89 52 2.0E-4
53 2 0.14
3 53 0.2
4 53 0.22
53 5 0.2
6 53 0.17
8 53 0.24
53 9 0.24
11 53 0.21
15 53 0.12
16 53 0.17
17 53 0.11
53 19 0.41
25 53 0.11
26 53 0.18
28 53 0.08
29 53 0.09
31 53 0.08
53 33 0.12
53 34 0.24
35 53 0.08
36 53 0.09
53 41 0.41
46 53 0.15
49 53 0.11
50 53 0.12
52 53 0.24
89 53 5.0E-4
4 54 0.11
26 54 0.07
46 54 0.38
89 54 2.0E-4
1 55 0.18
2 55 0.38
3 55 0.14
9 55 0.12
12 55 0.13
16 55 0.08
26 55 0.13
55 27 0.29
28 55 0.12
29 55 0.13
34 55 0.33
35 55 0.12
42 55 0.26
52 55 0.33
89 55 2.0E-4
56 1 0.2
4 56 0.14
5 56 0.16
6 56 0.06
10 56 0.23
11 56 0.08
15 56 0.09
16 56 0.17
23 56 0.07
26 56 0.23
28 56 0.13
29 56 0.07
31 56 0.12
33 56 0.09
50 56 0.05
89 56 0.0
4 57 0.11
5 57 0.25
6 57 0.2
10 57 0.12
11 57 0.13
16 57 0.2
26 57 0.15
28 57 0.1
29 57 0.23
57 34 0.29
50 57 0.07
57 56 0.32
89 57 1.0E-4
58 2 0.15
4 58 0.1
58 6 0.18
58 9 0.18
58 10 0.22
11 58 0.23
12 58 0.1
16 58 0.12
58 23 0.1
26 58 0.16
58 27 0.22
28 58 0.18
58 29 0.31
31 58 0.09
58 39 0.26
89 58 3.0E-4
2 59 0.33
3 59 0.25
10 59 0.24
59 22 0.71
26 59 0.07
27 59 0.5
59 51 0.71
89 59 4.0E-4
60 2 0.07
4 60 0.19
60 6 0.13
60 7 0.25
8 60 0.13
60 12 0.05
15 60 0.31
60 16 0.03
17 60 0.17
60 18 0.15
21 60 0.22
60 23 0.09
25 60 0.29
26 60 0.34
28 60 0.33
60 29 0.05
60 30 0.15
31 60 0.08
60 33 0.31
35 60 0.18
36 60 0.1
38 60 0.26
60 40 0.33
60 43 0.13
60 44 0.26
60 45 0.21
60 47 0.25
49 60 0.24
50 60 0.51
60 56 0.07
89 60 1.0E-4
61 1 0.08
61 2 0.24
3 61 0.27
4 61 0.3
61 6 0.37
61 7 0.14
8 61 0.07
61 9 0.17
61 10 0.23
11 61 0.12
61 12 0.33
61 13 0.06
61 14 0.08
15 61 0.35
61 16 0.28
17 61 0.35
61 18 0.08
61 20 0.17
61 21 0.24
61 22 0.17
61 23 0.18
61 25 0.35
26 61 0.62
61 27 0.24
28 61 0.58
61 29 0.33
61 30 0.08
31 61 0.21
61 33 0.24
61 34 0.21
35 61 0.22
36 61 0.11
61 37 0.17
38 61 0.22
61 39 0.14
61 40 0.18
61 41 0.12
61 42 0.16
61 43 0.21
61 44 0.17
61 45 0.14
46 61 0.09
61 47 0.21
61 48 0.06
61 49 0.4
50 61 0.6
61 51 0.17
61 52 0.14
61 53 0.1
61 55 0.07
61 56 0.08
61 57 0.12
61 58 0.21
61 59 0.12
61 60 0.55
89 61 9.0E-4
4 62 0.11
62 13 0.25
15 62 0.14
17 62 0.13
62 23 0.11
25 62 0.13
26 62 0.15
28 62 0.1
31 62 0.1
35 62 0.1
46 62 0.19
49 62 0.14
50 62 0.07
61 62 0.06
89 62 1.0E-4
2 63 0.22
3 63 0.25
4 63 0.04
63 5 0.17
6 63 0.07
63 9 0.33
63 10 0.16
11 63 0.34
12 63 0.15
16 63 0.23
23 63 0.07
25 63 0.09
26 63 0.22
63 27 0.33
28 63 0.17
29 63 0.15
63 34 0.38
35 63 0.14
39 63 0.19
63 42 0.15
50 63 0.1
52 63 0.19
53 63 0.14
63 55 0.38
63 57 0.17
58 63 0.15
61 63 0.16
89 63 1.0E-4
4 64 0.25
5 64 0.22
13 64 0.45
23 64 0.1
64 24 0.45
26 64 0.16
31 64 0.17
64 32 0.45
35 64 0.09
44 64 0.11
62 64 0.45
89 64 8.0E-4
3 65 0.17
4 65 0.11
65 7 0.25
8 65 0.19
15 65 0.48
65 16 0.05
17 65 0.53
65 20 0.47
65 21 0.67
65 23 0.07
65 25 0.45
26 65 0.22
28 65 0.24
65 30 0.24
31 65 0.19
35 65 0.2
36 65 0.15
65 37 0.47
65 40 0.17
65 43 0.58
65 47 0.58
65 49 0.37
50 65 0.29
65 53 0.14
65 60 0.22
65 61 0.36
65 62 0.17
89 65 4.0E-4
3 66 0.06
4 66 0.26
66 6 0.05
66 7 0.09
8 66 0.14
66 9 0.05
66 10 0.06
11 66 0.06
66 12 0.05
15 66 0.27
66 16 0.13
17 66 0.31
66 20 0.17
66 21 0.24
66 23 0.05
66 25 0.25
26 66 0.31
28 66 0.36
66 30 0.17
31 66 0.23
66 33 0.2
35 66 0.24
36 66 0.27
66 37 0.17
38 66 0.36
66 39 0.27
66 40 0.24
66 42 0.21
66 43 0.27
66 44 0.17
66 45 0.17
66 47 0.14
66 48 0.12
66 49 0.33
50 66 0.38
66 53 0.1
66 60 0.21
66 61 0.31
66 63 0.08
66 65 0.39
89 66 4.0E-4
67 1 0.15
67 2 0.15
3 67 0.06
4 67 0.13
67 5 0.11
67 7 0.09
67 13 0.34
15 67 0.13
17 67 0.18
67 20 0.32
67 21 0.34
67 23 0.1
67 24 0.23
67 25 0.49
26 67 0.32
28 67 0.26
31 67 0.35
67 32 0.23
67 33 0.07
35 67 0.19
36 67 0.05
67 37 0.32
38 67 0.07
67 42 0.21
67 43 0.26
46 67 0.09
67 47 0.13
67 49 0.32
50 67 0.34
67 55 0.13
67 60 0.15
67 61 0.33
67 62 0.11
67 64 0.31
67 65 0.38
67 66 0.27
89 67 5.0E-4
68 2 0.11
3 68 0.04
4 68 0.16
6 68 0.37
68 7 0.19
68 9 0.03
68 10 0.12
12 68 0.04
68 13 0.08
15 68 0.09
16 68 0.2
17 68 0.22
68 23 0.39
25 68 0.13
26 68 0.45
68 27 0.08
28 68 0.55
29 68 0.6
31 68 0.13
68 33 0.19
68 34 0.19
35 68 0.1
36 68 0.04
38 68 0.1
68 41 0.16
68 42 0.15
46 68 0.06
49 68 0.32
50 68 0.56
68 51 0.12
68 53 0.07
68 56 0.05
68 57 0.08
58 68 0.15
60 68 0.39
61 68 0.57
68 63 0.05
66 68 0.12
67 68 0.23
89 68 1.0E-4
69 2 0.16
3 69 0.08
4 69 0.3
69 6 0.73
69 7 0.18
69 9 0.16
69 10 0.16
11 69 0.08
12 69 0.22
69 13 0.08
15 69 0.05
16 69 0.46
17 69 0.04
69 23 0.55
25 69 0.09
26 69 0.45
69 27 0.16
28 69 0.51
69 29 0.71
31 69 0.09
69 33 0.19
69 34 0.28
35 69 0.1
38 69 0.05
69 39 0.19
69 40 0.08
69 41 0.16
69 42 0.15
44 69 0.04
45 69 0.15
46 69 0.06
49 69 0.09
50 69 0.19
69 52 0.28
69 53 0.13
69 55 0.09
69 56 0.05
69 57 0.16
69 58 0.29
60 69 0.11
61 69 0.47
69 63 0.22
66 69 0.11
67 69 0.04
69 68 0.51
89 69 6.0E-4
70 1 0.39
4 70 0.04
70 10 0.1
11 70 0.11
70 14 0.29
15 70 0.24
17 70 0.22
70 21 0.41
70 25 0.22
26 70 0.18
28 70 0.08
31 70 0.16
35 70 0.08
36 70 0.09
70 49 0.23
50 70 0.12
70 60 0.18
70 61 0.15
70 65 0.27
70 66 0.19
70 67 0.19
70 68 0.07
89 70 1.0E-4
4 71 0.11
5 71 0.5
71 24 1.0
26 71 0.07
71 32 1.0
64 71 0.45
67 71 0.23
89 71 6.0E-4
4 72 0.19
6 72 0.12
72 18 0.82
26 72 0.13
33 72 0.17
44 72 0.14
45 72 0.27
60 72 0.13
61 72 0.07
89 72 4.0E-4
3 73 0.1
4 73 0.04
73 7 0.15
17 73 0.11
73 20 0.58
73 21 0.41
73 23 0.09
73 25 0.65
26 73 0.18
28 73 0.17
31 73 0.24
35 73 0.08
36 73 0.09
73 37 0.58
38 73 0.12
73 43 0.47
73 47 0.24
73 49 0.23
50 73 0.18
73 60 0.18
73 61 0.24
73 65 0.41
73 66 0.19
73 67 0.56
73 68 0.13
73 70 0.17
89 73 1.0E-4
74 2 0.09
74 3 0.2
74 4 0.12
74 8 0.31
74 9 0.16
74 10 0.06
74 11 0.14
74 12 0.06
74 15 0.23
74 16 0.04
74 17 0.21
74 19 0.27
74 22 0.19
74 23 0.06
74 26 0.28
74 28 0.24
74 31 0.21
74 33 0.08
74 35 0.16
74 36 0.18
74 38 0.08
74 42 0.36
74 46 0.1
74 49 0.3
74 50 0.39
74 52 0.15
74 53 0.11
74 60 0.12
74 61 0.26
74 66 0.19
74 67 0.12
74 68 0.31
74 69 0.17
74 70 0.11
74 89 2.0E-4
75 3 0.25
75 4 0.11
75 8 0.58
75 11 0.26
75 15 0.29
75 17 0.27
75 26 0.07
75 28 0.1
75 31 0.19
75 35 0.2
75 36 0.23
75 38 0.3
75 46 0.38
75 50 0.15
75 74 0.27
75 89 4.0E-4
3 76 0.25
12 76 0.23
26 76 0.07
28 76 0.1
31 76 0.19
89 76 2.0E-4
77 3 0.1
77 4 0.27
77 6 0.17
77 8 0.24
77 9 0.08
77 11 0.11
77 15 0.12
77 16 0.06
77 17 0.11
77 23 0.09
77 26 0.18
77 28 0.21
77 29 0.09
77 31 0.16
77 33 0.24
77 34 0.24
77 35 0.17
77 36 0.28
77 38 0.37
77 40 0.2
77 41 0.41
77 44 0.1
77 45 0.19
77 46 0.31
77 48 0.2
77 50 0.24
77 53 0.17
77 61 0.05
77 66 0.19
77 68 0.07
77 69 0.13
77 74 0.11
77 75 0.41
77 89 4.0E-4
20 78 0.71
25 78 0.27
26 78 0.07
28 78 0.1
31 78 0.19
37 78 0.71
43 78 0.58
61 78 0.12
65 78 0.33
66 78 0.24
67 78 0.23
73 78 0.41
89 78 3.0E-4
4 79 0.22
79 7 0.31
8 79 0.24
79 13 0.61
15 79 0.24
17 79 0.22
21 79 0.2
23 79 0.09
26 79 0.18
28 79 0.04
79 30 0.29
31 79 0.24
35 79 0.08
36 79 0.19
79 40 0.2
79 43 0.24
79 47 0.47
49 79 0.11
50 79 0.06
60 79 0.18
61 79 0.1
62 79 0.2
79 64 0.37
65 79 0.27
66 79 0.1
67 79 0.28
89 79 4.0E-4
80 1 0.33
2 80 0.17
3 80 0.13
4 80 0.06
6 80 0.05
7 80 0.1
8 80 0.15
80 9 0.1
80 10 0.13
11 80 0.07
12 80 0.06
80 14 0.37
16 80 0.11
17 80 0.14
80 19 0.26
80 22 0.18
23 80 0.06
25 80 0.07
26 80 0.28
28 80 0.18
29 80 0.06
31 80 0.15
33 80 0.07
36 80 0.18
38 80 0.08
80 48 0.13
49 80 0.21
50 80 0.27
53 80 0.11
80 56 0.08
60 80 0.23
61 80 0.25
67 80 0.12
68 80 0.3
69 80 0.04
70 80 0.11
73 80 0.11
74 80 0.14
89 80 4.0E-4
4 81 0.11
26 81 0.07
45 81 0.24
50 81 0.15
66 81 0.24
89 81 4.0E-4
82 3 0.13
82 4 0.25
82 7 0.19
82 8 0.29
82 9 0.1
82 11 0.06
82 15 0.29
82 16 0.07
82 17 0.33
82 21 0.13
82 25 0.07
82 26 0.29
82 28 0.28
82 30 0.35
82 31 0.14
82 33 0.14
82 35 0.26
82 36 0.23
82 38 0.23
82 40 0.25
82 42 0.22
82 43 0.14
82 44 0.3
82 45 0.12
82 46 0.09
82 47 0.29
82 48 0.25
82 49 0.21
82 50 0.26
82 53 0.1
82 55 0.14
82 60 0.22
82 61 0.18
82 63 0.08
82 65 0.25
82 66 0.29
82 67 0.11
82 68 0.04
82 73 0.1
82 74 0.27
82 75 0.25
82 77 0.1
82 79 0.2
82 89 4.0E-4
4 83 0.11
16 83 0.14
26 83 0.07
69 83 0.16
89 83 2.0E-4
84 1 0.12
84 14 0.27
15 84 0.11
17 84 0.3
25 84 0.1
26 84 0.19
28 84 0.19
31 84 0.15
36 84 0.17
38 84 0.11
49 84 0.31
50 84 0.33
60 84 0.25
61 84 0.23
67 84 0.09
68 84 0.37
70 84 0.31
73 84 0.15
74 84 0.2
84 80 0.49
89 84 1.0E-4
85 2 0.1
3 85 0.14
4 85 0.06
85 7 0.22
8 85 0.17
15 85 0.33
16 85 0.04
17 85 0.23
85 20 0.41
21 85 0.29
23 85 0.06
25 85 0.23
26 85 0.25
28 85 0.23
85 30 0.2
31 85 0.11
85 33 0.08
35 85 0.12
36 85 0.13
85 37 0.41
85 40 0.14
85 43 0.5
85 47 0.5
49 85 0.16
50 85 0.38
85 53 0.12
85 56 0.09
60 85 0.38
61 85 0.38
65 85 0.58
66 85 0.27
67 85 0.26
68 85 0.24
69 85 0.05
73 85 0.35
74 85 0.08
85 78 0.29
85 79 0.24
85 80 0.15
82 85 0.29
89 85 3.0E-4
2 86 0.19
3 86 0.14
4 86 0.13
6 86 0.12
9 86 0.12
10 86 0.14
11 86 0.3
12 86 0.13
16 86 0.16
25 86 0.15
26 86 0.13
86 27 0.29
28 86 0.12
29 86 0.13
86 34 0.33
35 86 0.12
42 86 0.26
52 86 0.67
53 86 0.24
86 55 0.33
58 86 0.26
61 86 0.14
63 86 0.19
69 86 0.19
89 86 5.0E-4
1 87 0.22
4 87 0.16
87 14 0.5
26 87 0.1
31 87 0.14
45 87 0.17
48 87 0.35
50 87 0.21
61 87 0.08
66 87 0.17
80 87 0.18
87 81 0.71
89 87 0.0010
4 88 0.26
5 88 0.17
6 88 0.07
9 88 0.07
10 88 0.16
11 88 0.09
88 13 0.17
16 88 0.23
23 88 0.21
26 88 0.22
28 88 0.17
29 88 0.08
31 88 0.06
33 88 0.1
36 88 0.31
38 88 0.4
88 40 0.17
46 88 0.13
88 48 0.17
50 88 0.15
88 56 0.11
88 57 0.17
61 88 0.04
62 88 0.17
88 64 0.15
66 88 0.24
67 88 0.08
68 88 0.05
69 88 0.05
77 88 0.27
79 88 0.14
89 88 1.0E-4
