*Vertices  131
1 "LCD显示屏"
2 "显示器"
3 "衬底"
4 "LED灯"
5 "滤波片"
6 "光纤"
7 "电容"
8 "容器"
9 "传感器"
10 "控制器"
11 "处理器"
12 "单片机"
13 "发生器"
14 "荧光粉"
15 "聚光杯"
16 "整流器"
17 "工质"
18 "开关"
19 "发光荧光材料"
20 "III-V族半导体材料"
21 "GAN"
22 "保护层"
23 "触发脉冲"
24 "PD"
25 "蒸发皿"
26 "功率因数校正"
27 "连接管"
28 "模数转换集成块"
29 "变压器"
30 "定时器"
31 "稳压块"
32 "Zigbee"
33 "触摸屏"
34 "发光板"
35 "EP"
36 "LED外延片"
37 "外延片"
38 "外延"
39 "LED"
40 "液晶显示模块"
41 "二极管"
42 "整流二极管"
43 "稳压二极管"
44 "三极管"
45 "掩膜"
46 "GSM"
47 "玻璃"
48 "通道"
49 "接收管"
50 "LED光源"
51 "腐蚀液"
52 "电子元器件"
53 "转换器"
54 "铝基板"
55 "基板"
56 "缓冲层"
57 "晶体振荡器"
58 "内量子效率"
59 "基座"
60 "红外线发射管"
61 "滤光片"
62 "聚光碗"
63 "散热片"
64 "散热器"
65 "发电机"
66 "发光体"
67 "光刻胶"
68 "SiO2"
69 "放大器"
70 "半导体"
71 "电路板"
72 "Al2O3"
73 "GaAs"
74 "MQW"
75 "ESD"
76 "ITO"
77 "GPIO"
78 "燃气涡轮"
79 "客户"
80 "焊盘"
81 "滑动变阻器"
82 "摄像机"
83 "光子晶体"
84 "太阳能"
85 "蓄电池"
86 "充电电池"
87 "锂电池"
88 "LED芯片"
89 "芯片"
90 "金属层"
91 "电流扩展层"
92 "电抗器"
93 "继电器"
94 "充电器"
95 "存储器"
96 "Li"
97 "电感"
98 "离子"
99 "电极"
100 "接触层"
101 "发射模块"
102 "脉冲信号"
103 "光子晶体谐振腔"
104 "激光"
105 "超声波"
106 "SIM"
107 "MOCVD"
108 "标准芯片工艺制作"
109 "湿法刻蚀"
110 "干法刻蚀"
111 "湿法腐蚀"
112 "空穴"
113 "射灯"
114 "检测仪"
115 "检测板"
116 "光电耦合器"
117 "屏幕"
118 "读取器"
119 "后视镜"
120 "同轴电缆"
121 "甲基"
122 "信息卡"
123 "芯线"
124 "蜂鸣器"
125 "扬声器"
126 "激发光"
127 "发光管"
128 "提示仪"
129 "晶体闸流管"
130 "插座"
131 "电阻"
*Arcs
131 1 2.0E-4
2 1 0.33
2 131 1.0E-4
3 1 0.08
131 3 1.0E-4
4 1 0.04
4 2 0.08
4 3 0.03
4 131 7.0E-4
3 5 0.32
131 5 1.0E-4
3 6 0.17
6 5 0.53
131 6 0.0
4 7 0.29
131 7 0.0029
8 3 0.09
4 8 0.12
7 8 0.23
131 8 2.0E-4
1 9 0.13
2 9 0.25
4 9 0.13
9 6 0.23
7 9 0.08
131 9 2.0E-4
1 10 0.24
2 10 0.24
4 10 0.11
10 6 0.09
7 10 0.15
8 10 0.09
10 9 0.19
131 10 3.0E-4
11 1 0.09
11 2 0.26
11 4 0.14
11 6 0.1
11 7 0.05
11 9 0.36
11 10 0.44
11 131 1.0E-4
12 1 0.08
2 12 0.52
4 12 0.13
12 7 0.19
12 9 0.28
12 10 0.17
11 12 0.24
12 131 3.0E-4
4 13 0.22
12 13 0.11
131 13 0.0
14 2 0.14
14 3 0.13
14 4 0.13
14 8 0.22
14 10 0.07
14 11 0.07
14 12 0.07
14 131 0.0
4 15 0.16
7 15 0.29
131 15 3.0E-4
16 3 0.07
4 16 0.22
7 16 0.53
16 8 0.33
16 10 0.07
16 15 0.41
131 16 0.0016
4 17 0.19
7 17 0.12
131 17 1.0E-4
18 1 0.14
2 18 0.07
4 18 0.37
18 7 0.42
18 8 0.21
18 9 0.19
18 10 0.23
11 18 0.21
18 12 0.19
18 13 0.07
14 18 0.08
18 16 0.2
18 131 0.0014
19 2 0.13
19 3 0.18
19 4 0.21
19 8 0.2
19 11 0.07
19 12 0.06
19 13 0.13
19 14 0.54
19 18 0.07
19 131 0.0
3 20 0.32
20 5 1.0
6 20 0.53
131 20 1.0E-4
21 1 0.12
21 3 0.65
4 21 0.04
21 5 0.5
21 6 0.27
14 21 0.1
16 21 0.1
21 20 0.5
131 21 2.0E-4
3 22 0.23
4 22 0.11
14 22 0.14
16 22 0.14
19 22 0.13
21 22 0.18
131 22 0.0
7 23 0.2
10 23 0.24
131 23 1.0E-4
2 24 0.11
3 24 0.21
24 5 0.63
24 6 0.68
24 9 0.27
11 24 0.12
24 20 0.63
21 24 0.32
131 24 0.0
4 25 0.11
17 25 0.58
131 25 1.0E-4
4 26 0.11
7 26 0.2
18 26 0.14
131 26 2.0E-4
4 27 0.16
7 27 0.14
17 27 0.82
27 25 0.71
131 27 1.0E-4
4 28 0.11
7 28 0.2
18 28 0.14
131 28 2.0E-4
2 29 0.11
29 3 0.05
4 29 0.26
7 29 0.52
29 8 0.24
29 9 0.04
29 10 0.1
12 29 0.05
29 13 0.11
14 29 0.06
29 15 0.3
29 16 0.68
18 29 0.29
29 21 0.08
29 22 0.11
29 26 0.21
131 29 0.0017
1 30 0.19
4 30 0.06
9 30 0.12
10 30 0.28
11 30 0.15
18 30 0.24
131 30 1.0E-4
31 16 0.29
31 29 0.21
131 31 1.0E-4
7 32 0.2
9 32 0.2
12 32 0.23
18 32 0.14
131 32 1.0E-4
18 33 0.14
131 33 1.0E-4
4 34 0.16
7 34 0.2
8 34 0.19
10 34 0.12
16 34 0.14
18 34 0.14
34 26 0.5
29 34 0.21
131 34 2.0E-4
2 35 0.07
35 3 0.12
4 35 0.12
35 7 0.11
35 8 0.1
35 10 0.06
11 35 0.14
35 12 0.06
14 35 0.39
35 16 0.08
35 18 0.11
19 35 0.29
35 22 0.13
35 29 0.11
35 131 1.0E-4
36 1 0.12
36 3 0.65
4 36 0.04
14 36 0.1
16 36 0.1
36 21 0.75
36 22 0.18
29 36 0.08
131 36 1.0E-4
37 1 0.09
37 3 0.83
4 37 0.03
37 5 0.39
37 6 0.21
14 37 0.08
16 37 0.08
19 37 0.15
37 20 0.39
37 21 0.78
37 22 0.14
37 24 0.25
29 37 0.06
35 37 0.07
37 36 0.78
131 37 2.0E-4
38 1 0.08
38 3 0.95
4 38 0.05
38 5 0.32
38 6 0.17
14 38 0.13
16 38 0.07
19 38 0.25
38 20 0.32
38 21 0.65
38 22 0.23
38 24 0.21
29 38 0.05
35 38 0.06
38 36 0.65
38 37 0.83
131 38 1.0E-4
39 1 0.22
39 2 0.29
39 3 0.32
39 4 0.67
39 5 0.1
39 6 0.19
39 7 0.36
39 8 0.19
39 9 0.37
39 10 0.3
39 11 0.28
39 12 0.32
39 13 0.15
39 14 0.25
39 15 0.1
39 16 0.25
39 17 0.13
39 18 0.54
39 19 0.28
39 20 0.1
39 21 0.21
39 22 0.15
39 23 0.07
39 24 0.16
39 25 0.07
39 26 0.07
39 27 0.1
39 28 0.07
39 29 0.34
39 30 0.13
39 31 0.07
39 32 0.07
39 33 0.07
39 34 0.15
39 35 0.28
39 36 0.21
39 37 0.27
39 38 0.32
39 131 0.0016
1 40 0.67
2 40 0.38
9 40 0.1
10 40 0.36
11 40 0.13
12 40 0.11
18 40 0.14
30 40 0.29
39 40 0.15
131 40 2.0E-4
41 1 0.14
41 2 0.15
41 3 0.37
41 4 0.32
41 5 0.14
41 6 0.23
41 7 0.39
41 8 0.23
41 9 0.2
41 10 0.15
41 11 0.08
41 12 0.16
41 13 0.05
41 14 0.23
41 15 0.14
41 16 0.35
41 17 0.12
41 18 0.46
41 19 0.33
41 20 0.14
41 21 0.25
41 22 0.1
41 23 0.1
41 24 0.18
41 25 0.1
41 26 0.1
41 27 0.07
41 28 0.1
41 29 0.39
41 30 0.12
41 31 0.1
41 32 0.1
41 34 0.15
41 35 0.22
41 36 0.22
41 37 0.31
41 38 0.37
41 39 0.72
41 40 0.1
41 131 0.0018
4 42 0.11
7 42 0.2
18 42 0.14
42 26 1.0
29 42 0.21
34 42 0.5
39 42 0.07
41 42 0.1
131 42 2.0E-4
1 43 0.13
4 43 0.21
7 43 0.46
8 43 0.14
9 43 0.08
10 43 0.18
11 43 0.1
43 15 0.53
16 43 0.55
18 43 0.21
43 26 0.38
29 43 0.48
43 30 0.22
43 34 0.38
35 43 0.1
39 43 0.19
43 40 0.19
41 43 0.27
43 42 0.38
131 43 0.0010
44 1 0.08
2 44 0.06
4 44 0.2
44 7 0.61
44 8 0.17
44 9 0.05
44 10 0.11
12 44 0.16
44 13 0.11
44 16 0.4
18 44 0.37
19 44 0.06
44 23 0.23
44 26 0.23
44 28 0.23
44 29 0.49
44 31 0.23
44 34 0.23
35 44 0.06
39 44 0.32
44 40 0.11
41 44 0.42
44 42 0.23
44 43 0.26
131 44 0.0025
3 45 0.23
4 45 0.11
16 45 0.29
21 45 0.35
22 45 0.5
29 45 0.21
36 45 0.35
37 45 0.28
38 45 0.23
39 45 0.07
41 45 0.1
131 45 1.0E-4
7 46 0.2
10 46 0.24
12 46 0.23
39 46 0.07
131 46 1.0E-4
47 2 0.19
47 3 0.13
47 4 0.27
47 5 0.27
47 6 0.29
47 7 0.08
47 9 0.12
47 11 0.15
47 12 0.22
47 13 0.19
47 14 0.11
47 18 0.18
47 19 0.1
47 20 0.27
47 21 0.14
47 24 0.34
47 29 0.08
47 35 0.21
47 37 0.16
47 38 0.13
47 39 0.38
47 41 0.27
47 44 0.09
47 131 1.0E-4
2 48 0.07
48 3 0.2
4 48 0.22
48 5 0.2
48 6 0.11
7 48 0.12
48 9 0.12
12 48 0.07
48 17 0.33
18 48 0.04
48 20 0.2
48 21 0.31
48 24 0.13
48 25 0.29
48 27 0.41
48 36 0.2
48 37 0.24
48 38 0.2
39 48 0.25
41 48 0.23
44 48 0.07
47 48 0.11
131 48 3.0E-4
1 49 0.19
2 49 0.14
4 49 0.13
7 49 0.24
9 49 0.12
12 49 0.13
18 49 0.24
49 28 0.58
39 49 0.13
49 40 0.29
41 49 0.18
44 49 0.4
47 49 0.11
48 49 0.17
131 49 5.0E-4
50 1 0.07
50 2 0.15
50 3 0.09
50 4 0.36
50 5 0.29
50 6 0.15
50 7 0.04
50 8 0.08
50 9 0.04
50 11 0.11
50 12 0.09
50 14 0.24
50 16 0.06
50 17 0.12
50 18 0.06
50 19 0.16
50 20 0.29
50 21 0.14
50 24 0.18
50 29 0.09
50 34 0.1
50 35 0.22
50 37 0.11
50 38 0.09
50 39 0.36
50 40 0.1
50 41 0.29
50 43 0.08
50 44 0.09
50 47 0.24
50 48 0.18
50 49 0.12
50 131 1.0E-4
3 51 0.56
4 51 0.04
8 51 0.15
16 51 0.12
21 51 0.14
22 51 0.2
29 51 0.09
35 51 0.22
36 51 0.29
37 51 0.34
38 51 0.47
39 51 0.18
41 51 0.25
51 45 0.41
47 51 0.08
131 51 0.0
4 52 0.16
7 52 0.14
17 52 0.82
52 25 0.71
52 27 1.0
39 52 0.1
41 52 0.07
48 52 0.41
131 52 1.0E-4
53 1 0.2
2 53 0.15
4 53 0.1
53 6 0.23
7 53 0.25
53 9 0.3
53 10 0.22
11 53 0.16
12 53 0.14
14 53 0.09
18 53 0.25
19 53 0.08
53 23 0.3
53 24 0.27
53 28 0.3
29 53 0.06
53 30 0.17
53 32 0.3
35 53 0.08
39 53 0.24
53 40 0.15
41 53 0.21
53 43 0.11
44 53 0.14
47 53 0.12
53 49 0.17
131 53 6.0E-4
54 2 0.08
54 3 0.07
54 4 0.3
54 7 0.06
54 11 0.08
54 14 0.17
54 17 0.17
54 18 0.08
54 19 0.08
54 22 0.15
54 26 0.3
54 29 0.13
54 34 0.15
54 35 0.16
54 37 0.08
54 38 0.07
54 39 0.24
54 41 0.24
54 42 0.3
54 43 0.11
54 44 0.07
54 47 0.12
54 48 0.26
54 50 0.18
54 51 0.12
54 131 0.0
3 55 0.08
4 55 0.27
7 55 0.29
14 55 0.1
55 15 0.5
16 55 0.31
17 55 0.41
55 25 0.35
55 27 0.5
29 55 0.23
38 55 0.08
39 55 0.21
41 55 0.14
43 55 0.4
48 55 0.2
50 55 0.07
55 52 0.5
131 55 3.0E-4
56 1 0.12
56 3 0.65
14 56 0.1
19 56 0.19
56 21 0.63
56 36 0.75
56 37 0.78
56 38 0.65
39 56 0.21
41 56 0.22
56 48 0.2
131 56 0.0
4 57 0.06
57 7 0.24
57 9 0.12
57 10 0.14
11 57 0.15
12 57 0.26
18 57 0.24
57 32 0.58
35 57 0.15
39 57 0.13
41 57 0.06
57 44 0.13
47 57 0.11
57 53 0.35
131 57 2.0E-4
3 58 0.32
14 58 0.2
21 58 0.25
36 58 0.5
37 58 0.39
38 58 0.32
39 58 0.1
41 58 0.07
56 58 0.5
131 58 1.0E-4
4 59 0.22
8 59 0.19
14 59 0.14
17 59 0.29
19 59 0.13
59 25 0.5
59 27 0.35
39 59 0.15
41 59 0.15
48 59 0.43
50 59 0.1
59 52 0.35
54 59 0.3
55 59 0.18
131 59 0.0
4 60 0.11
7 60 0.2
9 60 0.2
18 60 0.14
39 60 0.07
41 60 0.1
44 60 0.23
47 60 0.19
48 60 0.29
49 60 0.58
131 60 1.0E-4
1 61 0.15
2 61 0.11
3 61 0.21
61 5 0.63
61 6 0.68
61 9 0.09
12 61 0.1
18 61 0.06
61 20 0.63
21 61 0.32
61 24 0.6
37 61 0.25
38 61 0.21
39 61 0.16
61 40 0.22
41 61 0.23
44 61 0.1
47 61 0.26
48 61 0.13
61 49 0.26
50 61 0.27
53 61 0.13
131 61 1.0E-4
4 62 0.16
7 62 0.29
62 15 1.0
16 62 0.41
29 62 0.3
39 62 0.1
41 62 0.14
43 62 0.53
55 62 0.5
131 62 3.0E-4
4 63 0.43
63 7 0.05
63 17 0.42
63 18 0.07
63 25 0.24
63 27 0.34
63 34 0.12
39 63 0.3
41 63 0.22
47 63 0.09
63 48 0.35
50 63 0.45
63 52 0.34
54 63 0.29
63 55 0.34
63 59 0.24
63 131 0.0
4 64 0.44
64 7 0.19
64 15 0.33
64 16 0.2
64 17 0.41
64 25 0.24
64 27 0.33
64 29 0.15
64 34 0.12
39 64 0.31
41 64 0.24
64 43 0.27
47 64 0.05
64 48 0.2
50 64 0.34
64 52 0.33
54 64 0.21
64 55 0.5
64 59 0.12
64 62 0.33
64 63 0.63
64 131 2.0E-4
2 65 0.13
4 65 0.11
9 65 0.1
10 65 0.12
12 65 0.11
14 65 0.14
18 65 0.14
29 65 0.21
65 34 0.25
39 65 0.15
41 65 0.1
50 65 0.1
53 65 0.15
63 65 0.12
64 65 0.12
131 65 1.0E-4
66 2 0.09
66 4 0.21
66 7 0.08
66 9 0.08
66 11 0.1
66 14 0.22
66 18 0.1
66 19 0.2
66 34 0.19
66 35 0.1
66 39 0.19
66 41 0.23
66 44 0.09
66 47 0.15
66 48 0.11
66 49 0.22
66 50 0.23
66 54 0.11
66 60 0.38
66 63 0.09
66 64 0.09
66 65 0.19
66 131 0.0
3 67 0.46
4 67 0.05
16 67 0.14
21 67 0.18
22 67 0.25
29 67 0.11
35 67 0.13
36 67 0.35
37 67 0.42
38 67 0.46
39 67 0.15
41 67 0.2
67 45 0.5
47 67 0.1
51 67 0.82
54 67 0.15
131 67 0.0
2 68 0.07
68 3 0.38
4 68 0.12
68 5 0.39
68 6 0.21
68 8 0.21
14 68 0.32
68 16 0.08
68 18 0.04
19 68 0.52
68 20 0.39
68 21 0.29
68 22 0.14
68 24 0.25
68 29 0.06
68 35 0.3
68 36 0.2
68 37 0.38
68 38 0.38
39 68 0.27
41 68 0.31
68 45 0.28
47 68 0.16
68 48 0.08
50 68 0.11
68 51 0.34
68 53 0.08
68 56 0.1
68 61 0.25
66 68 0.1
68 67 0.28
68 131 1.0E-4
2 69 0.2
4 69 0.09
7 69 0.33
69 9 0.08
69 10 0.1
11 69 0.11
12 69 0.28
16 69 0.12
18 69 0.11
69 26 0.41
69 28 0.41
29 69 0.26
69 34 0.2
39 69 0.18
41 69 0.17
69 42 0.41
69 43 0.15
44 69 0.28
69 49 0.24
69 53 0.25
54 69 0.12
69 65 0.2
131 69 4.0E-4
70 1 0.05
70 2 0.11
70 3 0.64
70 4 0.29
70 5 0.21
70 6 0.17
70 7 0.15
70 8 0.22
70 9 0.06
70 11 0.08
70 12 0.03
70 14 0.34
70 16 0.17
70 17 0.09
70 18 0.14
70 19 0.43
70 20 0.21
70 21 0.42
70 22 0.15
70 24 0.2
70 28 0.15
70 29 0.19
70 33 0.15
70 35 0.28
70 36 0.42
70 37 0.53
70 38 0.64
70 39 0.5
70 41 0.55
70 43 0.06
70 44 0.1
70 45 0.15
70 47 0.23
70 48 0.17
70 49 0.09
70 50 0.3
70 51 0.36
70 53 0.13
70 54 0.27
70 55 0.1
70 56 0.42
70 58 0.21
70 59 0.15
70 61 0.13
70 63 0.11
70 64 0.14
70 66 0.11
70 67 0.29
70 68 0.41
70 69 0.12
70 131 4.0E-4
71 1 0.2
71 2 0.26
71 4 0.4
71 7 0.13
71 8 0.08
71 9 0.08
71 10 0.1
71 11 0.11
71 12 0.14
71 13 0.1
71 14 0.12
71 18 0.14
71 19 0.16
71 29 0.04
71 35 0.05
71 39 0.36
71 40 0.2
71 41 0.17
71 44 0.19
71 47 0.39
71 48 0.06
71 49 0.24
71 50 0.17
71 54 0.06
71 57 0.12
71 59 0.1
71 60 0.2
71 61 0.09
71 63 0.05
71 64 0.1
71 66 0.23
71 68 0.06
71 70 0.15
71 131 2.0E-4
72 1 0.08
2 72 0.06
72 3 0.72
4 72 0.08
72 5 0.34
72 6 0.18
72 8 0.09
14 72 0.35
72 16 0.07
72 18 0.03
19 72 0.45
72 20 0.34
72 21 0.69
72 22 0.24
72 24 0.22
72 29 0.05
35 72 0.06
72 36 0.6
72 37 0.74
72 38 0.78
39 72 0.3
41 72 0.34
72 45 0.24
47 72 0.09
72 48 0.21
50 72 0.1
72 51 0.1
72 53 0.07
72 55 0.09
72 56 0.69
72 58 0.34
72 61 0.22
72 67 0.12
68 72 0.54
70 72 0.57
72 131 1.0E-4
3 73 0.61
4 73 0.04
73 5 0.47
73 6 0.25
14 73 0.1
19 73 0.18
73 20 0.47
21 73 0.24
73 24 0.3
35 73 0.09
37 73 0.37
38 73 0.69
39 73 0.22
41 73 0.27
47 73 0.19
48 73 0.1
50 73 0.14
51 73 0.41
54 73 0.1
73 55 0.12
56 73 0.12
73 61 0.3
73 67 0.33
68 73 0.37
70 73 0.44
72 73 0.4
131 73 0.0
74 1 0.09
74 3 0.64
4 74 0.09
74 5 0.39
74 6 0.21
7 74 0.06
14 74 0.16
16 74 0.16
18 74 0.04
19 74 0.15
74 20 0.39
74 21 0.78
74 22 0.14
74 24 0.25
29 74 0.12
35 74 0.22
74 36 0.69
74 37 0.77
74 38 0.7
39 74 0.27
41 74 0.31
74 43 0.1
44 74 0.06
74 45 0.28
47 74 0.21
74 48 0.24
50 74 0.23
74 51 0.23
54 74 0.08
74 56 0.59
74 58 0.39
74 61 0.25
74 67 0.28
68 74 0.31
70 74 0.53
72 74 0.67
74 73 0.37
131 74 2.0E-4
75 3 0.41
7 75 0.09
75 9 0.09
12 75 0.1
18 75 0.06
75 21 0.47
75 32 0.45
75 36 0.63
75 37 0.5
75 38 0.41
39 75 0.16
41 75 0.14
75 48 0.26
53 75 0.13
75 56 0.63
57 75 0.26
75 58 0.32
70 75 0.26
72 75 0.43
75 74 0.5
131 75 1.0E-4
76 1 0.19
2 76 0.07
3 76 0.66
4 76 0.06
76 5 0.41
76 6 0.22
76 10 0.07
14 76 0.08
16 76 0.08
19 76 0.23
76 20 0.41
21 76 0.61
76 22 0.29
76 24 0.26
29 76 0.06
36 76 0.61
37 76 0.72
38 76 0.73
39 76 0.25
76 40 0.14
41 76 0.26
76 45 0.29
47 76 0.11
48 76 0.08
50 76 0.12
76 51 0.24
56 76 0.51
76 58 0.41
76 61 0.26
76 67 0.29
68 76 0.4
70 76 0.47
72 76 0.7
76 73 0.29
74 76 0.64
75 76 0.26
131 76 2.0E-4
77 1 0.19
2 77 0.14
4 77 0.06
7 77 0.12
11 77 0.15
12 77 0.13
18 77 0.24
77 33 0.58
35 77 0.15
39 77 0.13
77 40 0.29
41 77 0.06
44 77 0.13
77 49 0.33
50 77 0.12
77 61 0.26
70 77 0.09
71 77 0.12
131 77 4.0E-4
2 78 0.25
9 78 0.2
12 78 0.23
29 78 0.21
39 78 0.07
53 78 0.3
65 78 0.5
69 78 0.41
131 78 1.0E-4
79 1 0.14
2 79 0.2
4 79 0.22
7 79 0.17
79 9 0.24
11 79 0.21
14 79 0.12
18 79 0.17
19 79 0.11
35 79 0.11
39 79 0.18
41 79 0.08
44 79 0.09
47 79 0.08
79 48 0.12
79 49 0.24
50 79 0.08
53 79 0.12
79 60 0.41
66 79 0.15
68 79 0.11
70 79 0.12
71 79 0.17
72 79 0.1
77 79 0.24
131 79 1.0E-4
4 80 0.06
7 80 0.12
14 80 0.17
16 80 0.17
18 80 0.08
80 22 0.29
29 80 0.12
35 80 0.31
39 80 0.13
41 80 0.12
80 43 0.22
44 80 0.13
50 80 0.12
54 80 0.17
70 80 0.17
80 74 0.16
131 80 0.0
7 81 0.14
81 8 0.27
18 81 0.19
29 81 0.15
39 81 0.1
41 81 0.14
44 81 0.16
131 81 1.0E-4
1 82 0.38
2 82 0.14
9 82 0.12
12 82 0.13
18 82 0.08
39 82 0.13
82 40 0.29
41 82 0.12
44 82 0.13
49 82 0.33
50 82 0.12
61 82 0.26
71 82 0.12
77 82 0.33
131 82 1.0E-4
3 83 0.32
83 5 1.0
6 83 0.53
83 20 1.0
21 83 0.5
24 83 0.63
37 83 0.39
38 83 0.32
39 83 0.1
41 83 0.14
47 83 0.27
48 83 0.2
50 83 0.29
61 83 0.63
68 83 0.39
70 83 0.21
72 83 0.34
73 83 0.47
74 83 0.39
76 83 0.41
131 83 1.0E-4
3 84 0.07
4 84 0.14
6 84 0.12
7 84 0.06
10 84 0.23
11 84 0.08
14 84 0.09
18 84 0.17
21 84 0.11
29 84 0.07
36 84 0.11
37 84 0.09
38 84 0.07
39 84 0.23
41 84 0.13
44 84 0.07
47 84 0.12
48 84 0.09
56 84 0.11
84 65 0.16
70 84 0.05
71 84 0.06
72 84 0.08
74 84 0.09
75 84 0.14
131 84 0.0
4 85 0.23
7 85 0.11
85 8 0.2
85 9 0.05
85 10 0.13
11 85 0.07
14 85 0.07
85 16 0.3
18 85 0.28
85 29 0.28
85 31 0.26
39 85 0.28
41 85 0.18
44 85 0.18
47 85 0.1
50 85 0.05
85 65 0.26
70 85 0.11
85 79 0.11
85 84 0.57
131 85 2.0E-4
4 86 0.11
6 86 0.19
7 86 0.2
10 86 0.12
11 86 0.13
18 86 0.2
86 28 0.5
86 30 0.29
39 86 0.15
41 86 0.1
44 86 0.23
86 49 0.29
53 86 0.15
69 86 0.2
70 86 0.07
71 86 0.1
86 84 0.32
131 86 2.0E-4
87 1 0.15
4 87 0.1
87 7 0.18
87 9 0.18
87 10 0.22
11 87 0.23
12 87 0.1
18 87 0.12
87 29 0.1
87 30 0.26
39 87 0.16
87 40 0.22
41 87 0.18
87 43 0.17
87 44 0.31
47 87 0.09
87 53 0.13
87 57 0.26
71 87 0.18
131 87 3.0E-4
88 1 0.07
88 3 0.5
4 88 0.19
88 7 0.13
88 8 0.25
88 12 0.05
14 88 0.31
88 16 0.13
88 17 0.38
88 18 0.03
19 88 0.17
88 21 0.39
88 22 0.22
88 25 0.22
88 27 0.31
88 29 0.09
35 88 0.29
88 36 0.54
88 37 0.48
88 38 0.45
39 88 0.34
41 88 0.33
88 43 0.08
88 44 0.05
88 45 0.22
47 88 0.08
88 48 0.31
50 88 0.18
88 51 0.36
88 52 0.31
54 88 0.26
88 55 0.23
88 56 0.39
88 58 0.15
88 59 0.33
88 63 0.26
88 64 0.21
88 67 0.33
68 88 0.24
88 69 0.09
70 88 0.51
71 88 0.04
72 88 0.42
88 73 0.15
88 74 0.54
88 75 0.39
88 76 0.31
88 80 0.25
88 84 0.07
88 131 2.0E-4
89 1 0.24
2 89 0.27
89 3 0.49
4 89 0.3
89 5 0.17
89 6 0.09
89 7 0.37
89 8 0.14
89 9 0.17
89 10 0.23
11 89 0.12
89 12 0.33
89 13 0.06
14 89 0.35
89 16 0.14
89 17 0.21
89 18 0.28
19 89 0.35
89 20 0.17
89 21 0.34
89 22 0.12
89 23 0.12
89 24 0.11
89 25 0.12
89 26 0.12
89 27 0.17
89 28 0.12
89 29 0.18
89 30 0.07
89 32 0.12
89 33 0.12
89 34 0.06
89 35 0.35
89 36 0.34
89 37 0.43
89 38 0.49
39 89 0.62
89 40 0.24
41 89 0.58
89 42 0.12
89 43 0.14
89 44 0.33
89 45 0.12
89 46 0.12
47 89 0.21
89 48 0.24
89 49 0.21
50 89 0.22
89 51 0.29
89 52 0.17
89 53 0.25
54 89 0.22
89 55 0.13
89 56 0.34
89 57 0.14
89 58 0.17
89 59 0.18
89 60 0.12
89 61 0.16
89 63 0.17
89 64 0.14
89 65 0.06
66 89 0.09
89 67 0.24
89 68 0.4
89 69 0.29
70 89 0.6
71 89 0.22
89 72 0.46
89 73 0.36
89 74 0.43
89 75 0.27
89 76 0.38
89 77 0.14
89 78 0.12
89 79 0.1
89 80 0.21
89 81 0.08
89 82 0.07
89 83 0.17
89 84 0.08
89 86 0.12
89 87 0.21
89 88 0.55
89 131 0.0015
3 90 0.41
4 90 0.05
90 5 0.63
6 90 0.34
19 90 0.24
90 20 0.63
21 90 0.32
22 90 0.22
24 90 0.4
36 90 0.16
37 90 0.37
38 90 0.51
39 90 0.16
41 90 0.23
47 90 0.17
48 90 0.13
50 90 0.18
51 90 0.18
61 90 0.4
67 90 0.22
68 90 0.5
70 90 0.33
72 90 0.43
73 90 0.45
74 90 0.37
76 90 0.65
90 83 0.63
88 90 0.1
89 90 0.21
131 90 1.0E-4
3 91 0.57
4 91 0.08
91 5 0.5
91 6 0.27
8 91 0.13
16 91 0.1
19 91 0.09
91 20 0.5
21 91 0.38
22 91 0.18
91 24 0.32
29 91 0.08
35 91 0.19
36 91 0.13
37 91 0.39
38 91 0.57
39 91 0.21
41 91 0.29
91 45 0.35
47 91 0.2
48 91 0.1
50 91 0.14
91 51 0.58
54 91 0.11
91 61 0.32
91 67 0.35
68 91 0.49
70 91 0.42
72 91 0.34
91 73 0.71
74 91 0.49
76 91 0.41
91 83 0.5
88 91 0.23
89 91 0.34
91 90 0.47
131 91 1.0E-4
4 92 0.16
7 92 0.29
8 92 0.53
16 92 0.41
18 92 0.19
29 92 0.3
39 92 0.1
41 92 0.14
44 92 0.16
70 92 0.21
85 92 0.37
131 92 3.0E-4
93 1 0.15
4 93 0.05
7 93 0.37
93 9 0.09
93 10 0.11
11 93 0.12
18 93 0.24
93 23 0.45
29 93 0.19
35 93 0.12
39 93 0.16
41 93 0.18
44 93 0.31
93 53 0.13
77 93 0.26
93 79 0.18
93 81 0.32
89 93 0.16
131 93 5.0E-4
4 94 0.04
94 6 0.15
7 94 0.17
94 10 0.1
11 94 0.11
94 16 0.24
18 94 0.06
94 28 0.41
94 29 0.26
94 31 0.41
39 94 0.18
41 94 0.21
44 94 0.47
94 49 0.24
94 53 0.12
94 69 0.17
70 94 0.06
94 84 0.13
94 85 0.21
94 86 0.41
87 94 0.37
89 94 0.1
131 94 6.0E-4
1 95 0.22
2 95 0.25
4 95 0.04
7 95 0.07
95 9 0.33
95 10 0.16
11 95 0.34
12 95 0.15
18 95 0.23
95 24 0.15
95 28 0.33
29 95 0.07
95 30 0.19
35 95 0.09
39 95 0.22
95 40 0.33
41 95 0.17
95 43 0.13
44 95 0.15
95 49 0.38
50 95 0.14
53 95 0.4
57 95 0.19
95 61 0.15
95 65 0.17
69 95 0.27
70 95 0.1
71 95 0.07
77 95 0.19
95 78 0.33
79 95 0.14
95 82 0.38
85 95 0.09
95 86 0.17
87 95 0.15
89 95 0.16
94 95 0.14
131 95 4.0E-4
2 96 0.06
96 3 0.16
4 96 0.26
96 5 0.33
96 6 0.18
96 7 0.05
96 8 0.09
96 9 0.05
96 10 0.06
11 96 0.06
96 12 0.05
14 96 0.27
96 17 0.14
96 18 0.13
19 96 0.31
96 20 0.33
96 21 0.25
96 24 0.21
96 29 0.05
96 32 0.24
96 35 0.25
96 36 0.08
96 37 0.2
96 38 0.16
39 96 0.31
41 96 0.36
47 96 0.23
96 48 0.2
50 96 0.24
96 53 0.21
54 96 0.36
96 56 0.08
96 57 0.27
96 58 0.17
96 59 0.24
96 61 0.21
96 63 0.17
96 64 0.17
96 68 0.33
70 96 0.38
71 96 0.14
96 72 0.29
96 73 0.16
96 74 0.26
96 75 0.11
96 76 0.2
96 79 0.1
96 83 0.33
96 88 0.21
96 89 0.31
96 90 0.21
96 91 0.17
96 95 0.08
96 131 1.0E-4
4 97 0.25
7 97 0.54
97 8 0.43
97 10 0.09
16 97 0.44
18 97 0.36
97 26 0.38
97 28 0.38
29 97 0.4
97 34 0.38
35 97 0.1
39 97 0.19
41 97 0.23
97 42 0.38
97 43 0.43
44 97 0.43
97 49 0.22
50 97 0.08
97 53 0.23
54 97 0.11
69 97 0.31
70 97 0.22
97 74 0.1
97 80 0.22
85 97 0.2
97 86 0.19
88 97 0.08
89 97 0.18
97 92 0.53
94 97 0.15
97 95 0.13
131 97 0.0011
98 1 0.15
2 98 0.06
98 3 0.32
4 98 0.13
98 5 0.32
98 6 0.17
98 8 0.09
98 13 0.34
14 98 0.13
19 98 0.18
98 20 0.32
98 21 0.16
98 24 0.21
98 29 0.1
98 35 0.49
98 37 0.19
98 38 0.26
39 98 0.32
41 98 0.26
47 98 0.35
98 48 0.07
50 98 0.19
98 51 0.37
98 53 0.07
54 98 0.07
98 61 0.21
66 98 0.09
98 67 0.23
98 68 0.32
70 98 0.34
71 98 0.14
98 72 0.11
98 73 0.38
98 74 0.25
98 76 0.13
98 80 0.13
98 82 0.13
98 83 0.32
98 88 0.15
98 89 0.33
98 90 0.21
98 91 0.41
98 96 0.27
98 131 0.0
99 1 0.11
2 99 0.04
99 3 0.72
4 99 0.16
99 5 0.23
99 6 0.12
7 99 0.37
99 8 0.19
99 9 0.03
99 10 0.12
12 99 0.04
99 13 0.08
14 99 0.09
99 16 0.33
18 99 0.2
19 99 0.22
99 20 0.23
99 21 0.46
99 22 0.16
99 23 0.16
99 24 0.15
99 26 0.16
99 28 0.16
99 29 0.39
99 31 0.16
99 34 0.16
35 99 0.13
99 36 0.46
99 37 0.59
99 38 0.72
39 99 0.45
99 40 0.08
41 99 0.55
99 42 0.16
99 43 0.19
44 99 0.6
99 45 0.16
47 99 0.13
99 48 0.19
99 49 0.19
50 99 0.1
99 51 0.4
99 53 0.1
54 99 0.1
99 55 0.06
99 56 0.46
99 58 0.23
99 60 0.16
99 61 0.15
66 99 0.06
99 67 0.33
68 99 0.32
99 69 0.2
70 99 0.56
71 99 0.03
72 99 0.56
99 73 0.49
99 74 0.55
99 75 0.29
99 76 0.57
99 79 0.07
99 80 0.09
99 81 0.12
99 83 0.23
99 84 0.05
99 85 0.13
99 86 0.08
87 99 0.15
88 99 0.39
89 99 0.57
99 90 0.37
99 91 0.46
99 92 0.12
99 93 0.22
99 94 0.34
99 95 0.05
96 99 0.12
99 97 0.31
98 99 0.23
131 99 0.0016
100 1 0.13
100 3 0.61
4 100 0.04
14 100 0.11
16 100 0.11
100 21 0.8
100 22 0.19
29 100 0.08
100 36 0.94
100 37 0.73
100 38 0.61
39 100 0.19
41 100 0.19
100 45 0.38
100 48 0.22
100 51 0.15
100 56 0.8
100 58 0.53
100 67 0.19
68 100 0.1
70 100 0.39
72 100 0.64
100 74 0.73
100 75 0.68
100 76 0.55
100 84 0.12
88 100 0.49
89 100 0.32
100 91 0.13
96 100 0.09
99 100 0.43
131 100 1.0E-4
7 101 0.2
9 101 0.2
12 101 0.23
18 101 0.14
101 32 1.0
39 101 0.07
41 101 0.1
53 101 0.3
57 101 0.58
75 101 0.45
89 101 0.12
96 101 0.24
131 101 1.0E-4
2 102 0.13
4 102 0.11
7 102 0.1
9 102 0.1
12 102 0.23
102 13 0.25
18 102 0.14
19 102 0.13
102 28 0.5
39 102 0.15
41 102 0.15
44 102 0.23
102 49 0.29
53 102 0.15
69 102 0.2
70 102 0.07
86 102 0.25
89 102 0.18
94 102 0.2
95 102 0.17
97 102 0.19
99 102 0.16
131 102 2.0E-4
3 103 0.32
103 5 1.0
6 103 0.53
103 20 1.0
21 103 0.5
24 103 0.63
37 103 0.39
38 103 0.32
39 103 0.1
41 103 0.14
47 103 0.27
48 103 0.2
50 103 0.29
61 103 0.63
68 103 0.39
70 103 0.21
72 103 0.34
73 103 0.47
74 103 0.39
76 103 0.41
103 83 1.0
89 103 0.17
90 103 0.63
91 103 0.5
96 103 0.33
98 103 0.32
99 103 0.23
131 103 1.0E-4
104 1 0.09
104 2 0.2
104 3 0.37
104 4 0.12
104 5 0.38
104 6 0.4
104 9 0.16
104 10 0.06
104 11 0.14
104 12 0.06
104 14 0.23
104 16 0.08
104 18 0.04
104 19 0.21
104 20 0.38
104 21 0.38
104 22 0.27
104 24 0.36
104 29 0.06
104 33 0.27
104 36 0.19
104 37 0.3
104 38 0.43
104 39 0.28
104 41 0.24
104 45 0.27
104 47 0.21
104 48 0.08
104 50 0.16
104 51 0.11
104 53 0.08
104 54 0.08
104 55 0.09
104 56 0.09
104 58 0.19
104 61 0.36
104 66 0.1
104 67 0.13
104 68 0.3
104 70 0.39
104 71 0.11
104 72 0.45
104 73 0.36
104 74 0.37
104 76 0.46
104 77 0.15
104 79 0.11
104 83 0.38
104 88 0.12
104 89 0.26
104 90 0.48
104 91 0.38
104 96 0.19
104 98 0.12
104 99 0.31
104 100 0.2
104 103 0.38
104 131 2.0E-4
4 105 0.11
7 105 0.2
18 105 0.14
105 28 1.0
39 105 0.07
41 105 0.1
44 105 0.23
105 49 0.58
53 105 0.3
69 105 0.41
70 105 0.15
86 105 0.5
89 105 0.12
94 105 0.41
95 105 0.33
97 105 0.38
99 105 0.16
102 105 0.5
131 105 2.0E-4
7 106 0.2
10 106 0.24
12 106 0.23
39 106 0.07
106 46 1.0
89 106 0.12
131 106 1.0E-4
107 1 0.1
107 3 0.73
4 107 0.03
107 5 0.41
107 6 0.22
14 107 0.08
19 107 0.23
107 20 0.41
107 21 0.71
107 24 0.26
35 107 0.08
107 36 0.61
107 37 0.88
107 38 0.79
39 107 0.25
41 107 0.29
47 107 0.17
107 48 0.25
50 107 0.12
107 51 0.12
54 107 0.09
107 56 0.82
107 58 0.41
107 61 0.26
107 67 0.14
68 107 0.32
70 107 0.51
72 107 0.77
107 73 0.48
107 74 0.8
107 75 0.52
107 76 0.67
107 83 0.41
107 84 0.09
88 107 0.38
89 107 0.41
107 90 0.39
107 91 0.41
96 107 0.2
98 107 0.2
99 107 0.57
107 100 0.65
107 103 0.41
104 107 0.31
131 107 1.0E-4
108 1 0.15
108 3 0.51
14 108 0.13
108 21 0.63
108 36 0.79
108 37 0.62
108 38 0.51
39 108 0.16
41 108 0.14
108 48 0.13
108 56 0.79
108 58 0.63
70 108 0.33
72 108 0.54
108 74 0.62
108 75 0.6
108 76 0.52
88 108 0.39
89 108 0.27
96 108 0.11
99 108 0.37
108 100 0.85
104 108 0.12
108 107 0.65
131 108 0.0
3 109 0.46
109 5 0.71
109 6 0.38
19 109 0.13
109 20 0.71
21 109 0.35
109 24 0.45
36 109 0.18
37 109 0.55
38 109 0.46
39 109 0.15
41 109 0.2
47 109 0.19
48 109 0.14
50 109 0.2
51 109 0.2
56 109 0.18
109 61 0.45
109 67 0.25
68 109 0.55
70 109 0.29
72 109 0.36
109 73 0.5
74 109 0.28
76 109 0.43
109 83 0.71
88 109 0.11
89 109 0.24
109 90 0.67
91 109 0.35
96 109 0.24
98 109 0.23
99 109 0.33
109 103 0.71
104 109 0.27
107 109 0.43
131 109 1.0E-4
3 110 0.51
110 5 0.63
110 6 0.34
14 110 0.13
19 110 0.24
110 20 0.63
21 110 0.32
110 24 0.4
37 110 0.5
38 110 0.51
39 110 0.16
41 110 0.18
47 110 0.17
48 110 0.13
50 110 0.18
110 55 0.16
56 110 0.32
110 61 0.4
68 110 0.37
70 110 0.33
72 110 0.54
110 73 0.6
74 110 0.25
76 110 0.39
110 83 0.63
88 110 0.1
89 110 0.27
110 90 0.4
91 110 0.32
96 110 0.21
98 110 0.21
99 110 0.37
110 103 0.63
104 110 0.36
107 110 0.52
110 109 0.67
131 110 0.0
3 111 0.32
4 111 0.08
16 111 0.2
21 111 0.25
22 111 0.35
29 111 0.15
36 111 0.25
37 111 0.2
38 111 0.32
39 111 0.1
41 111 0.14
111 45 0.71
51 111 0.58
67 111 0.35
68 111 0.2
70 111 0.21
72 111 0.17
73 111 0.24
74 111 0.2
76 111 0.2
88 111 0.15
89 111 0.17
91 111 0.5
98 111 0.16
99 111 0.23
100 111 0.27
104 111 0.19
131 111 1.0E-4
112 1 0.13
3 112 0.26
4 112 0.17
7 112 0.08
14 112 0.11
16 112 0.11
18 112 0.1
21 112 0.4
29 112 0.16
35 112 0.1
36 112 0.4
37 112 0.31
38 112 0.26
39 112 0.19
41 112 0.23
112 43 0.14
44 112 0.09
48 112 0.11
50 112 0.08
54 112 0.34
56 112 0.4
112 58 0.27
112 59 0.19
70 112 0.39
72 112 0.28
74 112 0.42
75 112 0.17
112 76 0.33
80 112 0.22
88 112 0.25
89 112 0.18
96 112 0.36
97 112 0.14
99 112 0.25
100 112 0.43
104 112 0.1
107 112 0.33
108 112 0.51
131 112 1.0E-4
113 2 0.1
113 4 0.27
113 7 0.17
113 9 0.08
113 11 0.11
113 14 0.12
113 15 0.29
113 16 0.12
113 18 0.06
113 19 0.11
113 29 0.09
113 39 0.18
113 41 0.21
113 43 0.15
113 44 0.09
113 47 0.16
113 48 0.24
113 49 0.24
113 50 0.17
113 54 0.37
113 55 0.29
113 59 0.2
113 60 0.41
113 62 0.29
113 63 0.1
113 64 0.19
113 66 0.31
113 70 0.24
113 71 0.17
113 79 0.17
113 89 0.05
113 96 0.19
113 99 0.07
113 104 0.11
113 112 0.31
113 131 1.0E-4
2 114 0.25
4 114 0.05
7 114 0.1
9 114 0.3
11 114 0.13
12 114 0.23
18 114 0.07
114 28 0.5
29 114 0.11
39 114 0.15
41 114 0.05
44 114 0.11
114 49 0.29
50 114 0.1
53 114 0.3
114 65 0.25
69 114 0.41
70 114 0.15
114 78 0.5
79 114 0.2
85 114 0.13
86 114 0.25
89 114 0.12
94 114 0.2
95 114 0.5
97 114 0.19
99 114 0.08
102 114 0.25
114 105 0.5
131 114 2.0E-4
2 115 0.18
9 115 0.28
12 115 0.16
29 115 0.15
39 115 0.1
53 115 0.21
115 65 0.35
69 115 0.29
115 78 0.71
89 115 0.08
95 115 0.24
104 115 0.19
114 115 0.35
131 115 1.0E-4
7 116 0.29
8 116 0.27
10 116 0.34
16 116 0.2
18 116 0.1
116 23 0.71
29 116 0.15
116 34 0.35
39 116 0.1
41 116 0.14
43 116 0.27
44 116 0.32
53 116 0.21
89 116 0.08
93 116 0.32
97 116 0.27
99 116 0.23
131 116 3.0E-4
1 117 0.17
2 117 0.13
3 117 0.36
4 117 0.06
7 117 0.05
8 117 0.1
117 9 0.1
117 10 0.13
11 117 0.07
12 117 0.06
16 117 0.07
18 117 0.11
19 117 0.14
21 117 0.18
29 117 0.06
117 34 0.13
35 117 0.07
36 117 0.27
37 117 0.43
38 117 0.36
39 117 0.28
41 117 0.18
117 43 0.1
44 117 0.06
47 117 0.15
48 117 0.07
51 117 0.21
53 117 0.08
54 117 0.08
56 117 0.37
117 67 0.26
68 117 0.21
70 117 0.27
71 117 0.16
72 117 0.25
117 73 0.17
74 117 0.21
75 117 0.23
76 117 0.22
79 117 0.11
117 84 0.08
88 117 0.23
89 117 0.25
117 90 0.12
91 117 0.09
97 117 0.1
98 117 0.12
99 117 0.3
100 117 0.2
104 117 0.14
107 117 0.37
108 117 0.12
117 109 0.26
117 110 0.23
112 117 0.1
117 116 0.18
131 117 0.0
1 118 0.33
9 118 0.2
10 118 0.24
11 118 0.26
18 118 0.14
30 118 0.58
39 118 0.07
40 118 0.5
41 118 0.1
43 118 0.38
53 118 0.3
87 118 0.45
89 118 0.12
95 118 0.33
131 118 1.0E-4
4 119 0.11
18 119 0.14
39 119 0.07
71 119 0.2
131 119 1.0E-4
39 120 0.07
41 120 0.1
48 120 0.29
131 120 1.0E-4
121 1 0.1
2 121 0.14
121 3 0.33
4 121 0.06
121 8 0.22
14 121 0.33
18 121 0.04
19 121 0.23
121 21 0.41
29 121 0.06
35 121 0.23
121 36 0.51
121 37 0.4
121 38 0.33
39 121 0.25
41 121 0.23
47 121 0.11
121 48 0.08
50 121 0.12
53 121 0.09
121 56 0.51
121 58 0.41
121 59 0.14
68 121 0.16
70 121 0.38
71 121 0.12
72 121 0.49
121 74 0.4
121 75 0.39
121 76 0.33
121 79 0.12
121 80 0.17
121 84 0.09
88 121 0.38
89 121 0.38
96 121 0.27
98 121 0.26
99 121 0.24
121 100 0.55
104 121 0.08
121 107 0.42
121 108 0.52
121 112 0.33
121 117 0.15
131 121 0.0
1 122 0.24
9 122 0.14
10 122 0.17
11 122 0.18
18 122 0.1
30 122 0.41
39 122 0.1
40 122 0.35
41 122 0.14
43 122 0.27
53 122 0.21
84 122 0.22
85 122 0.18
87 122 0.32
89 122 0.08
95 122 0.24
122 118 0.71
131 122 1.0E-4
39 123 0.07
41 123 0.1
48 123 0.29
123 120 1.0
131 123 1.0E-4
1 124 0.19
2 124 0.14
4 124 0.13
7 124 0.12
9 124 0.12
10 124 0.14
11 124 0.3
12 124 0.13
18 124 0.16
35 124 0.15
39 124 0.13
124 40 0.29
41 124 0.12
44 124 0.13
124 49 0.33
50 124 0.12
61 124 0.26
71 124 0.24
77 124 0.67
79 124 0.24
124 82 0.33
87 124 0.26
89 124 0.14
93 124 0.26
95 124 0.19
131 124 2.0E-4
4 125 0.11
125 7 0.1
11 125 0.26
125 12 0.23
125 18 0.27
125 28 0.5
39 125 0.15
41 125 0.1
125 44 0.11
47 125 0.19
125 49 0.29
125 53 0.15
125 69 0.2
70 125 0.07
125 86 0.25
89 125 0.12
125 94 0.2
125 95 0.17
125 97 0.19
125 99 0.08
125 102 0.25
125 105 0.5
125 114 0.25
125 131 1.0E-4
2 126 0.08
126 3 0.15
4 126 0.07
126 5 0.47
126 6 0.5
126 8 0.13
126 9 0.07
14 126 0.38
126 18 0.05
19 126 0.45
126 20 0.47
126 21 0.24
126 24 0.45
126 35 0.27
126 37 0.18
126 38 0.15
39 126 0.22
41 126 0.27
47 126 0.26
126 48 0.1
50 126 0.2
126 53 0.2
126 61 0.6
66 126 0.13
126 68 0.55
70 126 0.25
126 72 0.32
126 73 0.22
126 74 0.28
126 76 0.19
126 79 0.14
126 83 0.47
126 88 0.15
126 89 0.28
126 90 0.3
126 91 0.24
126 96 0.47
126 98 0.38
126 99 0.11
126 103 0.47
104 126 0.27
126 107 0.19
126 109 0.33
126 110 0.3
126 121 0.19
126 131 0.0
4 127 0.26
6 127 0.13
7 127 0.07
9 127 0.07
10 127 0.16
11 127 0.09
127 13 0.17
18 127 0.23
127 26 0.33
29 127 0.21
127 34 0.17
39 127 0.22
41 127 0.17
127 42 0.33
43 127 0.13
44 127 0.08
47 127 0.06
48 127 0.1
54 127 0.4
127 59 0.17
66 127 0.13
69 127 0.14
70 127 0.15
71 127 0.07
127 84 0.11
127 86 0.17
89 127 0.04
94 127 0.14
96 127 0.24
97 127 0.13
98 127 0.08
99 127 0.05
112 127 0.38
113 127 0.27
131 127 0.0
4 128 0.11
7 128 0.2
18 128 0.14
128 28 1.0
39 128 0.07
41 128 0.1
44 128 0.23
128 49 0.58
53 128 0.3
69 128 0.41
70 128 0.15
86 128 0.5
89 128 0.12
94 128 0.41
95 128 0.33
97 128 0.38
99 128 0.16
102 128 0.5
128 105 1.0
114 128 0.5
125 128 0.5
131 128 2.0E-4
4 129 0.05
7 129 0.31
129 8 0.19
16 129 0.43
18 129 0.2
29 129 0.32
39 129 0.15
41 129 0.2
44 129 0.34
70 129 0.07
85 129 0.26
89 129 0.06
129 92 0.35
129 93 0.22
94 129 0.2
129 97 0.19
99 129 0.25
131 129 4.0E-4
4 130 0.09
7 130 0.17
130 9 0.16
11 130 0.11
12 130 0.19
18 130 0.28
130 32 0.41
35 130 0.11
39 130 0.18
41 130 0.17
47 130 0.08
53 130 0.12
57 130 0.24
63 130 0.1
130 75 0.18
77 130 0.24
130 79 0.17
85 130 0.11
89 130 0.1
93 130 0.18
96 130 0.1
130 101 0.41
130 124 0.24
125 130 0.2
131 130 1.0E-4
