*Vertices  11
1 "LED灯"
2 "控制器"
3 "开关"
4 "LED"
5 "教具"
6 "太阳能"
7 "太阳能电池板"
8 "蓄电池"
9 "转子"
10 "电磁感应"
11 "直流电机"
*Arcs
1 11 0.0022
1 2 0.11
2 11 0.0091
1 3 0.37
3 2 0.23
3 11 0.0033
4 1 0.67
4 2 0.3
4 3 0.54
4 11 0.0013
1 5 0.11
2 5 0.24
3 5 0.14
4 5 0.07
11 5 0.1084
1 6 0.14
2 6 0.23
3 6 0.17
4 6 0.23
6 5 0.32
6 11 0.0178
1 7 0.15
2 7 0.22
3 7 0.06
4 7 0.16
7 5 0.45
7 6 0.71
7 11 0.031
1 8 0.23
8 2 0.13
3 8 0.28
4 8 0.28
8 5 0.26
8 6 0.57
8 7 0.46
8 11 0.0118
1 9 0.11
2 9 0.24
3 9 0.14
4 9 0.07
9 5 1.0
6 9 0.32
7 9 0.45
8 9 0.26
9 11 0.1084
1 10 0.08
2 10 0.17
3 10 0.1
4 10 0.1
10 5 0.71
6 10 0.22
7 10 0.32
8 10 0.18
10 9 0.71
10 11 0.0625
