*Vertices  16
1 "衬底"
2 "次氯酸钠溶液"
3 "外延"
4 "LED"
5 "二极管"
6 "腐蚀液"
7 "半导体"
8 "GaAs"
9 "键合"
10 "芯片"
11 "电流扩展层"
12 "离子"
13 "电极"
14 "湿法腐蚀"
15 "发光层"
16 "真空吸盘"
*Arcs
1 16 0.0065
1 2 0.32
16 2 0.0325
3 1 0.95
3 2 0.32
3 16 0.0064
4 1 0.32
4 2 0.1
4 3 0.32
4 16 8.0E-4
5 1 0.37
5 2 0.14
5 3 0.37
5 4 0.72
5 16 0.0014
1 6 0.56
6 2 0.58
3 6 0.47
4 6 0.18
5 6 0.25
6 16 0.015
7 1 0.64
7 2 0.21
7 3 0.64
7 4 0.5
7 5 0.55
7 6 0.36
7 16 0.0031
1 8 0.61
8 2 0.47
3 8 0.69
4 8 0.22
5 8 0.27
6 8 0.41
7 8 0.44
8 16 0.0104
1 9 0.26
9 2 0.27
3 9 0.35
4 9 0.19
5 9 0.19
9 6 0.15
7 9 0.28
9 8 0.5
9 16 0.0102
10 1 0.49
10 2 0.17
10 3 0.49
4 10 0.62
5 10 0.58
10 6 0.29
7 10 0.6
10 8 0.36
10 9 0.27
10 16 0.0021
1 11 0.57
11 2 0.5
3 11 0.57
4 11 0.21
5 11 0.29
11 6 0.58
7 11 0.42
11 8 0.71
9 11 0.27
10 11 0.34
11 16 0.0123
12 1 0.32
12 2 0.32
12 3 0.26
4 12 0.32
5 12 0.26
12 6 0.37
7 12 0.34
12 8 0.38
12 9 0.09
12 10 0.33
12 11 0.41
12 16 0.0048
13 1 0.72
13 2 0.23
13 3 0.72
4 13 0.45
5 13 0.55
13 6 0.4
7 13 0.56
13 8 0.49
13 9 0.25
10 13 0.57
13 11 0.46
12 13 0.23
13 16 0.0035
1 14 0.32
14 2 0.5
3 14 0.32
4 14 0.1
5 14 0.14
6 14 0.58
7 14 0.21
8 14 0.24
9 14 0.27
10 14 0.17
11 14 0.5
12 14 0.16
13 14 0.23
14 16 0.0315
1 15 0.61
15 2 0.53
3 15 0.52
4 15 0.19
5 15 0.27
15 6 0.46
7 15 0.39
15 8 0.5
15 9 0.29
10 15 0.32
15 11 0.53
12 15 0.26
13 15 0.43
15 14 0.27
15 16 0.0124
