*Vertices  17
1 "光纤"
2 "探头"
3 "传感器"
4 "控制器"
5 "处理器"
6 "编解码方法"
7 "LED"
8 "二极管"
9 "太阳能"
10 "太阳能电池板"
11 "充电电池"
12 "充电器"
13 "脉冲信号"
14 "绝对位置"
15 "发光管"
16 "光电管"
17 "码道"
*Arcs
1 17 0.0055
2 1 0.38
2 17 0.0087
3 1 0.23
3 2 0.2
3 17 0.0028
4 1 0.09
4 2 0.12
4 3 0.19
4 17 0.0024
5 1 0.1
5 2 0.26
5 3 0.36
5 4 0.44
5 17 0.0026
3 6 0.2
17 6 0.0379
7 1 0.19
7 2 0.15
7 3 0.37
7 4 0.3
7 5 0.28
7 6 0.07
7 17 0.0016
8 1 0.23
8 2 0.05
8 3 0.2
8 4 0.15
8 5 0.08
8 6 0.1
8 7 0.72
8 17 0.0010
1 9 0.12
2 9 0.16
4 9 0.23
5 9 0.08
7 9 0.23
8 9 0.13
9 17 0.0043
1 10 0.17
2 10 0.22
4 10 0.22
5 10 0.12
7 10 0.16
8 10 0.05
10 9 0.71
10 17 0.0075
1 11 0.19
2 11 0.25
4 11 0.12
5 11 0.13
7 11 0.15
8 11 0.1
11 9 0.32
11 10 0.22
11 17 0.0093
12 1 0.15
12 2 0.2
12 4 0.1
5 12 0.11
7 12 0.18
8 12 0.21
12 9 0.13
12 10 0.18
12 11 0.41
12 17 0.0064
3 13 0.1
13 6 0.5
7 13 0.15
8 13 0.15
11 13 0.25
12 13 0.2
17 13 0.0155
3 14 0.2
14 6 1.0
7 14 0.07
8 14 0.1
13 14 0.5
17 14 0.0379
1 15 0.13
2 15 0.17
3 15 0.07
4 15 0.16
5 15 0.09
7 15 0.22
8 15 0.17
15 9 0.11
15 10 0.15
15 11 0.17
12 15 0.14
15 17 0.0041
1 16 0.38
2 16 0.5
4 16 0.24
5 16 0.26
7 16 0.07
16 9 0.32
16 10 0.45
16 11 0.5
12 16 0.41
16 15 0.33
16 17 0.0248
