*Vertices  23
1 "容器"
2 "光膜"
3 "荧光粉"
4 "发光荧光材料"
5 "柔性高分子材料"
6 "助剂"
7 "LED"
8 "二极管"
9 "塑料"
10 "稀释剂"
11 "荧光体"
12 "硅橡胶"
13 "SiO2"
14 "Al2O3"
15 "LED芯片"
16 "芯片"
17 "酸盐"
18 "Li"
19 "臭氧"
20 "透镜"
21 "甲基"
22 "激发光"
23 "硅油"
*Arcs
23 1 0.0045
2 1 0.22
2 23 0.0091
3 1 0.22
3 2 0.33
3 23 0.0035
4 1 0.2
4 2 0.31
4 3 0.54
4 23 0.0032
5 1 0.38
2 5 0.58
3 5 0.29
4 5 0.27
23 5 0.0232
6 1 0.27
2 6 0.41
3 6 0.41
4 6 0.38
6 5 0.71
23 6 0.014
7 1 0.19
7 2 0.13
7 3 0.25
7 4 0.28
7 5 0.07
7 6 0.1
7 23 4.0E-4
8 1 0.23
8 2 0.12
8 3 0.23
8 4 0.33
8 5 0.1
8 6 0.14
8 7 0.72
8 23 6.0E-4
9 1 0.17
9 2 0.26
9 3 0.2
9 4 0.18
9 5 0.23
9 6 0.32
9 7 0.32
9 8 0.28
9 23 0.0019
10 1 0.22
2 10 0.33
3 10 0.17
4 10 0.15
10 5 0.58
10 6 0.41
7 10 0.13
8 10 0.18
9 10 0.13
23 10 0.0097
11 1 0.22
2 11 0.33
3 11 0.5
4 11 0.46
11 5 0.58
11 6 0.41
7 11 0.13
8 11 0.18
9 11 0.13
11 10 0.33
23 11 0.0096
12 1 0.44
2 12 0.33
3 12 0.33
4 12 0.31
12 5 0.58
12 6 0.41
7 12 0.13
8 12 0.12
9 12 0.13
12 10 0.67
12 11 0.33
23 12 0.0103
13 1 0.21
2 13 0.16
3 13 0.32
4 13 0.52
13 5 0.28
13 6 0.39
7 13 0.27
8 13 0.31
9 13 0.19
13 10 0.16
13 11 0.32
13 12 0.16
13 23 0.0029
14 1 0.09
2 14 0.14
3 14 0.35
4 14 0.45
14 5 0.24
14 6 0.34
7 14 0.3
8 14 0.34
9 14 0.11
14 10 0.14
14 11 0.14
14 12 0.14
13 14 0.54
14 23 0.0021
15 1 0.25
2 15 0.13
3 15 0.31
4 15 0.17
15 5 0.22
15 6 0.15
7 15 0.34
8 15 0.33
9 15 0.1
15 10 0.13
15 11 0.25
15 12 0.25
13 15 0.24
14 15 0.42
15 23 0.0018
16 1 0.14
2 16 0.07
3 16 0.35
4 16 0.35
16 5 0.12
16 6 0.17
7 16 0.62
8 16 0.58
9 16 0.11
16 10 0.21
16 11 0.21
16 12 0.21
16 13 0.4
16 14 0.46
16 15 0.55
16 23 9.0E-4
17 1 0.25
2 17 0.19
3 17 0.48
4 17 0.53
17 5 0.33
17 6 0.47
7 17 0.22
8 17 0.24
9 17 0.15
17 10 0.58
17 11 0.38
17 12 0.58
17 13 0.37
17 14 0.24
17 15 0.22
17 16 0.36
17 23 0.0047
18 1 0.09
2 18 0.14
3 18 0.27
4 18 0.31
18 5 0.24
18 6 0.33
7 18 0.31
8 18 0.36
9 18 0.27
18 10 0.27
18 11 0.27
18 12 0.14
18 13 0.33
18 14 0.29
18 15 0.21
18 16 0.31
18 17 0.39
18 23 0.0022
19 1 0.31
2 19 0.24
3 19 0.24
4 19 0.22
19 5 0.41
19 6 0.29
7 19 0.18
8 19 0.04
9 19 0.19
19 10 0.24
19 11 0.24
19 12 0.47
13 19 0.11
14 19 0.1
15 19 0.18
16 19 0.1
17 19 0.27
18 19 0.1
19 23 0.0051
20 1 0.19
20 2 0.29
20 3 0.29
20 4 0.33
20 5 0.25
20 6 0.35
20 7 0.29
20 8 0.28
20 9 0.23
20 10 0.14
20 11 0.14
20 12 0.29
20 13 0.21
20 14 0.18
20 15 0.22
20 16 0.18
20 17 0.25
20 18 0.29
20 19 0.2
20 23 0.0024
21 1 0.22
2 21 0.17
3 21 0.33
4 21 0.23
21 5 0.29
21 6 0.41
7 21 0.25
8 21 0.23
9 21 0.13
21 10 0.5
21 11 0.17
21 12 0.5
13 21 0.16
14 21 0.49
15 21 0.38
16 21 0.38
17 21 0.58
18 21 0.27
21 19 0.24
20 21 0.29
21 23 0.0035
22 1 0.13
2 22 0.19
3 22 0.38
4 22 0.45
22 5 0.33
22 6 0.47
7 22 0.22
8 22 0.27
9 22 0.23
22 10 0.19
22 11 0.58
22 12 0.19
22 13 0.55
22 14 0.32
22 15 0.15
22 16 0.28
22 17 0.44
22 18 0.47
22 19 0.14
20 22 0.33
22 21 0.19
22 23 0.0040
