*Vertices  32
1 "LED灯"
2 "荧光粉"
3 "发光荧光材料"
4 "硼酸"
5 "EP"
6 "LED"
7 "二极管"
8 "玻璃"
9 "LED光源"
10 "光谱仪"
11 "荧光体"
12 "SiO2"
13 "半导体"
14 "Al2O3"
15 "MQW"
16 "荧光光谱"
17 "金属银纳米粒子"
18 "LED芯片"
19 "芯片"
20 "涂层"
21 "酸盐"
22 "SrCO3"
23 "Eu2O3"
24 "Eu2"
25 "去离子水"
26 "Li"
27 "离子"
28 "基色"
29 "丙酮"
30 "玻璃体"
31 "激发光"
32 "硝酸"
*Arcs
1 32 1.0E-4
2 1 0.13
2 32 0.0027
3 1 0.21
3 2 0.54
3 32 0.0048
1 4 0.11
2 4 0.29
3 4 0.4
32 4 0.0071
1 5 0.12
2 5 0.39
3 5 0.29
5 4 0.4
32 5 0.0048
6 1 0.67
6 2 0.25
6 3 0.28
6 4 0.15
6 5 0.28
6 32 6.0E-4
7 1 0.32
7 2 0.23
7 3 0.33
7 4 0.1
7 5 0.22
7 6 0.72
7 32 6.0E-4
8 1 0.27
8 2 0.11
8 3 0.1
8 4 0.19
8 5 0.21
8 6 0.38
8 7 0.27
8 32 4.0E-4
9 1 0.36
9 2 0.24
9 3 0.16
9 4 0.31
9 5 0.22
9 6 0.36
9 7 0.29
9 8 0.24
9 32 5.0E-4
1 10 0.08
3 10 0.19
10 4 0.35
10 5 0.19
6 10 0.1
7 10 0.07
32 10 0.0034
2 11 0.5
3 11 0.46
4 11 0.29
5 11 0.31
6 11 0.13
7 11 0.18
8 11 0.11
9 11 0.12
32 11 0.0033
1 12 0.12
2 12 0.32
3 12 0.52
12 4 0.14
12 5 0.3
6 12 0.27
7 12 0.31
8 12 0.16
9 12 0.11
12 10 0.2
12 11 0.32
32 12 0.0025
13 1 0.29
13 2 0.34
13 3 0.43
13 4 0.22
13 5 0.28
13 6 0.5
13 7 0.55
13 8 0.23
13 9 0.3
13 11 0.17
13 12 0.41
13 32 0.0010
1 14 0.08
2 14 0.35
3 14 0.45
5 14 0.06
6 14 0.3
7 14 0.34
8 14 0.09
9 14 0.1
14 11 0.14
12 14 0.54
13 14 0.57
32 14 5.0E-4
1 15 0.09
2 15 0.16
3 15 0.15
4 15 0.14
5 15 0.22
6 15 0.27
7 15 0.31
8 15 0.21
9 15 0.23
11 15 0.16
12 15 0.31
13 15 0.53
14 15 0.67
32 15 7.0E-4
1 16 0.08
3 16 0.19
16 4 0.35
16 5 0.19
6 16 0.1
7 16 0.07
16 10 1.0
16 12 0.2
32 16 0.0034
2 17 0.29
3 17 0.27
4 17 0.5
5 17 0.27
6 17 0.07
7 17 0.1
8 17 0.19
9 17 0.2
11 17 0.58
13 17 0.15
15 17 0.28
32 17 0.0060
1 18 0.19
2 18 0.31
3 18 0.17
4 18 0.22
5 18 0.29
6 18 0.34
7 18 0.33
8 18 0.08
9 18 0.18
18 11 0.25
12 18 0.24
13 18 0.51
14 18 0.42
18 15 0.54
18 17 0.22
32 18 6.0E-4
1 19 0.3
2 19 0.35
3 19 0.35
19 4 0.24
19 5 0.35
6 19 0.62
7 19 0.58
8 19 0.21
9 19 0.22
19 10 0.08
19 11 0.21
19 12 0.4
13 19 0.6
19 14 0.46
19 15 0.43
19 16 0.08
19 17 0.12
19 18 0.55
32 19 0.0013
1 20 0.11
2 20 0.14
3 20 0.13
5 20 0.13
6 20 0.15
7 20 0.1
8 20 0.1
9 20 0.1
12 20 0.14
13 20 0.07
20 14 0.12
19 20 0.06
32 20 0.0010
1 21 0.11
2 21 0.48
3 21 0.53
21 4 0.67
21 5 0.45
6 21 0.22
7 21 0.24
8 21 0.19
9 21 0.2
21 10 0.24
21 11 0.38
21 12 0.37
13 21 0.29
21 14 0.24
21 15 0.09
21 16 0.24
21 17 0.33
21 18 0.22
21 19 0.36
21 20 0.17
32 21 0.0069
1 22 0.08
2 22 0.2
3 22 0.38
22 4 0.35
22 5 0.38
6 22 0.1
7 22 0.07
22 10 0.5
22 11 0.41
22 12 0.39
13 22 0.1
22 16 0.5
22 19 0.17
22 21 0.24
32 22 0.0040
1 23 0.08
2 23 0.2
3 23 0.38
23 4 0.35
23 5 0.38
6 23 0.1
7 23 0.07
23 10 0.5
23 11 0.41
23 12 0.39
13 23 0.1
23 16 0.5
23 19 0.17
23 21 0.24
23 22 1.0
32 23 0.0040
1 24 0.05
2 24 0.43
3 24 0.53
24 4 0.5
24 5 0.53
6 24 0.15
7 24 0.15
8 24 0.1
9 24 0.1
24 10 0.35
24 11 0.58
24 12 0.42
13 24 0.22
24 14 0.12
24 15 0.14
24 16 0.35
24 17 0.5
24 18 0.11
24 19 0.24
24 20 0.25
24 21 0.5
24 22 0.71
24 23 0.71
24 32 0.0137
1 25 0.05
3 25 0.12
25 4 0.22
25 5 0.36
6 25 0.16
7 25 0.14
25 10 0.32
25 12 0.25
13 25 0.2
25 16 0.32
25 18 0.1
25 19 0.21
25 21 0.3
25 22 0.32
25 23 0.32
25 24 0.22
25 32 0.0015
1 26 0.26
2 26 0.27
3 26 0.31
26 4 0.24
26 5 0.25
6 26 0.31
7 26 0.36
8 26 0.23
9 26 0.24
26 10 0.17
26 11 0.27
26 12 0.33
13 26 0.38
26 14 0.29
26 15 0.26
26 16 0.17
26 17 0.24
26 18 0.21
26 19 0.31
26 21 0.39
26 22 0.17
26 23 0.17
26 24 0.24
26 25 0.11
26 32 0.0019
1 27 0.13
2 27 0.13
3 27 0.18
27 4 0.34
27 5 0.49
6 27 0.32
7 27 0.26
8 27 0.35
9 27 0.19
27 10 0.16
27 11 0.26
27 12 0.32
13 27 0.34
27 14 0.11
27 15 0.25
27 16 0.16
27 17 0.23
27 18 0.15
27 19 0.33
27 20 0.11
27 21 0.38
27 22 0.32
27 23 0.32
27 24 0.34
27 25 0.51
27 26 0.27
27 32 0.0022
1 28 0.04
2 28 0.24
3 28 0.22
28 4 0.41
28 5 0.22
6 28 0.18
7 28 0.08
8 28 0.16
9 28 0.08
28 10 0.29
28 11 0.24
28 12 0.23
13 28 0.12
28 14 0.1
28 15 0.11
28 16 0.29
28 17 0.41
28 18 0.18
28 19 0.15
28 21 0.27
28 22 0.29
28 23 0.29
28 24 0.41
28 25 0.18
28 26 0.19
28 27 0.19
28 32 0.0046
1 29 0.04
3 29 0.11
29 4 0.41
29 5 0.65
6 29 0.18
7 29 0.17
8 29 0.24
9 29 0.08
29 10 0.29
29 12 0.23
13 29 0.18
29 15 0.11
29 16 0.29
29 18 0.18
29 19 0.24
29 21 0.41
29 22 0.29
29 23 0.29
29 24 0.2
29 25 0.55
29 26 0.19
29 27 0.56
29 28 0.17
29 32 0.0015
2 30 0.29
3 30 0.27
4 30 0.5
5 30 0.27
6 30 0.07
7 30 0.1
8 30 0.19
9 30 0.2
11 30 0.58
13 30 0.15
15 30 0.28
30 17 1.0
18 30 0.22
19 30 0.12
21 30 0.33
24 30 0.5
26 30 0.24
27 30 0.23
28 30 0.41
32 30 0.0060
1 31 0.07
2 31 0.38
3 31 0.45
31 4 0.33
31 5 0.27
6 31 0.22
7 31 0.27
8 31 0.26
9 31 0.2
31 10 0.47
31 11 0.58
31 12 0.55
13 31 0.25
31 14 0.32
31 15 0.28
31 16 0.47
31 17 0.33
31 18 0.15
31 19 0.28
31 21 0.44
31 22 0.47
31 23 0.47
31 24 0.5
31 25 0.15
31 26 0.47
31 27 0.38
31 28 0.27
31 29 0.14
31 30 0.33
31 32 0.0042
