*Vertices  24
1 "显示器"
2 "LED灯"
3 "荧光粉"
4 "开关"
5 "发光荧光材料"
6 "塑料光转换荧光粒料"
7 "助剂"
8 "聚合物树脂"
9 "LED"
10 "二极管"
11 "塑料"
12 "转换器"
13 "SiO2"
14 "半导体"
15 "Al2O3"
16 "客户"
17 "芯片"
18 "酸盐"
19 "Li"
20 "液体石蜡"
21 "透镜"
22 "甲基"
23 "激发光"
24 "硬脂酰胺"
*Arcs
1 24 0.0022
2 1 0.08
2 24 6.0E-4
3 1 0.14
3 2 0.13
3 24 0.0034
1 4 0.07
2 4 0.37
3 4 0.08
4 24 8.0E-4
5 1 0.13
5 2 0.21
5 3 0.54
5 4 0.07
5 24 0.0031
1 6 0.25
2 6 0.11
3 6 0.29
4 6 0.14
5 6 0.27
24 6 0.0279
1 7 0.18
2 7 0.08
3 7 0.41
4 7 0.1
5 7 0.38
7 6 0.71
24 7 0.0166
1 8 0.25
2 8 0.11
3 8 0.29
4 8 0.14
5 8 0.27
8 6 1.0
8 7 0.71
24 8 0.0279
9 1 0.29
9 2 0.67
9 3 0.25
9 4 0.54
9 5 0.28
9 6 0.07
9 7 0.1
9 8 0.07
9 24 4.0E-4
10 1 0.15
10 2 0.32
10 3 0.23
10 4 0.46
10 5 0.33
10 6 0.1
10 7 0.14
10 8 0.1
10 9 0.72
10 24 6.0E-4
11 1 0.17
11 2 0.28
11 3 0.2
11 4 0.16
11 5 0.18
11 6 0.23
11 7 0.32
11 8 0.23
11 9 0.32
11 10 0.28
11 24 0.0021
1 12 0.15
2 12 0.1
3 12 0.09
4 12 0.25
5 12 0.08
12 6 0.3
12 7 0.21
12 8 0.3
9 12 0.24
10 12 0.21
11 12 0.21
12 24 0.0031
1 13 0.07
2 13 0.12
3 13 0.32
13 4 0.04
5 13 0.52
13 6 0.28
13 7 0.39
13 8 0.28
9 13 0.27
10 13 0.31
11 13 0.19
13 12 0.08
13 24 0.0032
14 1 0.11
14 2 0.29
14 3 0.34
14 4 0.14
14 5 0.43
14 6 0.15
14 7 0.1
14 8 0.15
14 9 0.5
14 10 0.55
14 11 0.24
14 12 0.13
14 13 0.41
14 24 0.0011
1 15 0.06
2 15 0.08
3 15 0.35
15 4 0.03
5 15 0.45
15 6 0.24
15 7 0.34
15 8 0.24
9 15 0.3
10 15 0.34
11 15 0.11
15 12 0.07
13 15 0.54
14 15 0.57
15 24 0.0024
1 16 0.2
2 16 0.22
3 16 0.12
4 16 0.17
5 16 0.11
16 6 0.41
16 7 0.29
16 8 0.41
9 16 0.18
10 16 0.08
11 16 0.09
12 16 0.12
13 16 0.11
14 16 0.12
15 16 0.1
24 16 0.0055
1 17 0.27
2 17 0.3
3 17 0.35
17 4 0.28
5 17 0.35
17 6 0.12
17 7 0.17
17 8 0.12
9 17 0.62
10 17 0.58
11 17 0.11
17 12 0.25
17 13 0.4
14 17 0.6
17 15 0.46
17 16 0.1
17 24 8.0E-4
1 18 0.17
2 18 0.11
3 18 0.48
18 4 0.05
5 18 0.53
18 6 0.33
18 7 0.47
18 8 0.33
9 18 0.22
10 18 0.24
11 18 0.15
18 12 0.1
18 13 0.37
14 18 0.29
18 15 0.24
18 16 0.14
18 17 0.36
18 24 0.0044
1 19 0.06
2 19 0.26
3 19 0.27
19 4 0.13
5 19 0.31
19 6 0.24
19 7 0.33
19 8 0.24
9 19 0.31
10 19 0.36
11 19 0.27
19 12 0.21
19 13 0.33
14 19 0.38
19 15 0.29
19 16 0.1
19 17 0.31
19 18 0.39
19 24 0.0025
1 20 0.25
2 20 0.11
3 20 0.29
4 20 0.14
5 20 0.27
20 6 1.0
20 7 0.71
20 8 1.0
9 20 0.07
10 20 0.1
11 20 0.23
12 20 0.3
13 20 0.28
14 20 0.15
15 20 0.24
20 16 0.41
17 20 0.12
18 20 0.33
19 20 0.24
20 24 0.0279
21 1 0.13
21 2 0.25
21 3 0.29
21 4 0.07
21 5 0.33
21 6 0.25
21 7 0.35
21 8 0.25
21 9 0.29
21 10 0.28
21 11 0.23
21 12 0.15
21 13 0.21
21 14 0.26
21 15 0.18
21 16 0.1
21 17 0.18
21 18 0.25
21 19 0.29
21 20 0.25
21 24 0.0025
1 22 0.14
2 22 0.06
3 22 0.33
4 22 0.04
5 22 0.23
22 6 0.29
22 7 0.41
22 8 0.29
9 22 0.25
10 22 0.23
11 22 0.13
12 22 0.09
13 22 0.16
14 22 0.38
15 22 0.49
22 16 0.12
17 22 0.38
18 22 0.58
19 22 0.27
22 20 0.29
21 22 0.29
22 24 0.0033
1 23 0.08
2 23 0.07
3 23 0.38
23 4 0.05
5 23 0.45
23 6 0.33
23 7 0.47
23 8 0.33
9 23 0.22
10 23 0.27
11 23 0.23
23 12 0.2
23 13 0.55
14 23 0.25
23 15 0.32
23 16 0.14
23 17 0.28
23 18 0.44
23 19 0.47
23 20 0.33
21 23 0.33
23 22 0.19
23 24 0.0044
