*Vertices  45
1 "显示器"
2 "LED灯"
3 "容器"
4 "荧光粉"
5 "发光荧光材料"
6 "引发剂"
7 "变压器"
8 "EP"
9 "LED"
10 "二极管"
11 "扩散剂"
12 "玻璃"
13 "LED光源"
14 "缩水甘油"
15 "基座"
16 "稀释剂"
17 "光谱仪"
18 "荧光体"
19 "硅橡胶"
20 "SiO2"
21 "半导体"
22 "电路板"
23 "MQW"
24 "含硅"
25 "荧光光谱"
26 "金属银纳米粒子"
27 "LED芯片"
28 "芯片"
29 "酸盐"
30 "SrCO3"
31 "Eu2O3"
32 "硝酸"
33 "Eu2"
34 "去离子水"
35 "Li"
36 "离子"
37 "基色"
38 "丙酮"
39 "玻璃体"
40 "臭氧"
41 "透镜"
42 "甲基"
43 "激发光"
44 "DMA"
45 "硼酸"
*Arcs
1 45 2.0E-4
2 1 0.08
2 45 2.0E-4
2 3 0.12
45 3 5.0E-4
4 1 0.14
4 2 0.13
4 3 0.22
4 45 0.0015
5 1 0.13
5 2 0.21
5 3 0.2
5 4 0.54
5 45 0.0026
1 6 0.18
45 6 0.0017
1 7 0.11
2 7 0.26
7 3 0.24
4 7 0.06
7 6 0.15
45 7 2.0E-4
1 8 0.07
2 8 0.12
8 3 0.1
4 8 0.39
5 8 0.29
8 6 0.38
8 7 0.11
8 45 0.0028
9 1 0.29
9 2 0.67
9 3 0.19
9 4 0.25
9 5 0.28
9 6 0.1
9 7 0.34
9 8 0.28
9 45 6.0E-4
10 1 0.15
10 2 0.32
10 3 0.23
10 4 0.23
10 5 0.33
10 6 0.14
10 7 0.39
10 8 0.22
10 9 0.72
10 45 4.0E-4
2 11 0.16
3 11 0.27
4 11 0.2
5 11 0.38
9 11 0.1
10 11 0.07
45 11 0.0010
12 1 0.19
12 2 0.27
12 4 0.11
12 5 0.1
12 6 0.27
12 7 0.08
12 8 0.21
12 9 0.38
12 10 0.27
12 45 7.0E-4
13 1 0.15
13 2 0.36
13 3 0.08
13 4 0.24
13 5 0.16
13 6 0.14
13 7 0.09
13 8 0.22
13 9 0.36
13 10 0.29
13 11 0.14
13 12 0.24
13 45 0.0012
1 14 0.18
14 6 1.0
7 14 0.15
8 14 0.38
9 14 0.1
10 14 0.14
12 14 0.27
13 14 0.14
45 14 0.0017
2 15 0.22
3 15 0.19
4 15 0.14
5 15 0.13
9 15 0.15
10 15 0.15
15 11 0.35
13 15 0.1
45 15 6.0E-4
1 16 0.14
16 3 0.22
4 16 0.17
5 16 0.15
16 6 0.82
7 16 0.12
8 16 0.31
9 16 0.13
10 16 0.18
12 16 0.22
13 16 0.12
16 14 0.82
45 16 0.0016
2 17 0.08
5 17 0.19
17 8 0.19
9 17 0.1
10 17 0.07
17 45 0.0015
18 3 0.22
4 18 0.5
5 18 0.46
8 18 0.31
9 18 0.13
10 18 0.18
12 18 0.11
13 18 0.12
18 16 0.33
45 18 0.0017
1 19 0.14
2 19 0.06
19 3 0.44
4 19 0.33
5 19 0.31
19 6 0.41
7 19 0.12
8 19 0.15
9 19 0.13
10 19 0.12
19 11 0.41
12 19 0.11
13 19 0.24
19 14 0.41
19 15 0.29
19 16 0.67
19 18 0.33
45 19 0.0037
1 20 0.07
2 20 0.12
20 3 0.21
4 20 0.32
5 20 0.52
20 7 0.06
20 8 0.3
9 20 0.27
10 20 0.31
12 20 0.16
13 20 0.11
20 16 0.16
20 17 0.2
20 18 0.32
20 19 0.16
20 45 6.0E-4
21 1 0.11
21 2 0.29
21 3 0.22
21 4 0.34
21 5 0.43
21 6 0.1
21 7 0.19
21 8 0.28
21 9 0.5
21 10 0.55
21 11 0.21
21 12 0.23
21 13 0.3
21 14 0.1
21 15 0.15
21 16 0.09
21 18 0.17
21 19 0.17
21 20 0.41
21 45 0.0010
22 1 0.26
22 2 0.4
22 3 0.08
22 4 0.12
22 5 0.16
22 6 0.14
22 7 0.04
22 8 0.05
22 9 0.36
22 10 0.17
22 11 0.29
22 12 0.39
22 13 0.17
22 14 0.14
22 15 0.1
22 16 0.12
22 19 0.12
22 20 0.06
22 21 0.15
22 45 2.0E-4
2 23 0.09
4 23 0.16
5 23 0.15
7 23 0.12
8 23 0.22
9 23 0.27
10 23 0.31
12 23 0.21
13 23 0.23
18 23 0.16
20 23 0.31
21 23 0.53
45 23 4.0E-4
1 24 0.25
24 6 0.71
7 24 0.21
8 24 0.27
9 24 0.07
10 24 0.1
12 24 0.19
13 24 0.2
24 14 0.71
16 24 0.58
19 24 0.58
21 24 0.15
45 24 0.0025
2 25 0.08
5 25 0.19
25 8 0.19
9 25 0.1
10 25 0.07
25 17 1.0
25 20 0.2
25 45 0.0015
4 26 0.29
5 26 0.27
8 26 0.27
9 26 0.07
10 26 0.1
12 26 0.19
13 26 0.2
18 26 0.58
21 26 0.15
23 26 0.28
45 26 0.0027
2 27 0.19
27 3 0.25
4 27 0.31
5 27 0.17
27 7 0.09
8 27 0.29
9 27 0.34
10 27 0.33
27 11 0.15
12 27 0.08
13 27 0.18
27 15 0.33
27 16 0.13
27 18 0.25
27 19 0.25
20 27 0.24
21 27 0.51
22 27 0.04
27 23 0.54
27 26 0.22
45 27 8.0E-4
1 28 0.27
2 28 0.3
28 3 0.14
4 28 0.35
5 28 0.35
28 6 0.17
28 7 0.18
28 8 0.35
9 28 0.62
10 28 0.58
28 11 0.08
12 28 0.21
13 28 0.22
28 14 0.17
28 15 0.18
28 16 0.21
28 17 0.08
28 18 0.21
28 19 0.21
28 20 0.4
21 28 0.6
22 28 0.22
28 23 0.43
28 24 0.12
28 25 0.08
28 26 0.12
28 27 0.55
28 45 0.0011
1 29 0.17
2 29 0.11
29 3 0.25
4 29 0.48
5 29 0.53
29 6 0.47
29 7 0.07
29 8 0.45
9 29 0.22
10 29 0.24
29 11 0.24
12 29 0.19
13 29 0.2
29 14 0.47
29 15 0.17
29 16 0.58
29 17 0.24
29 18 0.38
29 19 0.58
29 20 0.37
21 29 0.29
22 29 0.14
29 23 0.09
29 24 0.33
29 25 0.24
29 26 0.33
29 27 0.22
29 28 0.36
29 45 0.0063
2 30 0.08
4 30 0.2
5 30 0.38
30 8 0.38
9 30 0.1
10 30 0.07
30 17 0.5
30 18 0.41
30 20 0.39
21 30 0.1
30 25 0.5
30 28 0.17
30 29 0.24
30 45 0.0017
2 31 0.08
4 31 0.2
5 31 0.38
31 8 0.38
9 31 0.1
10 31 0.07
31 17 0.5
31 18 0.41
31 20 0.39
21 31 0.1
31 25 0.5
31 28 0.17
31 29 0.24
31 30 1.0
31 45 0.0017
2 32 0.06
4 32 0.33
5 32 0.46
32 8 0.46
9 32 0.13
10 32 0.12
12 32 0.11
13 32 0.12
32 17 0.41
32 18 0.33
32 20 0.32
21 32 0.17
32 23 0.16
32 25 0.41
32 26 0.58
32 27 0.13
32 28 0.21
32 29 0.58
32 30 0.41
32 31 0.41
32 45 0.0041
2 33 0.05
4 33 0.43
5 33 0.53
33 8 0.53
9 33 0.15
10 33 0.15
12 33 0.1
13 33 0.1
33 17 0.35
33 18 0.58
33 20 0.42
21 33 0.22
33 23 0.14
33 25 0.35
33 26 0.5
33 27 0.11
33 28 0.24
33 29 0.5
33 30 0.71
33 31 0.71
33 32 0.87
33 45 0.0036
2 34 0.05
34 3 0.17
5 34 0.12
34 8 0.36
9 34 0.16
10 34 0.14
34 17 0.32
34 20 0.25
21 34 0.2
34 25 0.32
34 27 0.1
34 28 0.21
34 29 0.3
34 30 0.32
34 31 0.32
34 32 0.26
34 33 0.22
34 45 7.0E-4
1 35 0.06
2 35 0.26
35 3 0.09
4 35 0.27
5 35 0.31
35 6 0.17
35 7 0.05
35 8 0.25
9 35 0.31
10 35 0.36
35 11 0.17
12 35 0.23
13 35 0.24
35 14 0.17
35 15 0.24
35 16 0.27
35 17 0.17
35 18 0.27
35 19 0.14
35 20 0.33
21 35 0.38
22 35 0.14
35 23 0.26
35 25 0.17
35 26 0.24
35 27 0.21
35 28 0.31
35 29 0.39
35 30 0.17
35 31 0.17
35 32 0.27
35 33 0.24
35 34 0.11
35 45 0.0012
1 36 0.06
2 36 0.13
36 3 0.09
4 36 0.13
5 36 0.18
36 6 0.32
36 7 0.1
36 8 0.49
9 36 0.32
10 36 0.26
12 36 0.35
13 36 0.19
36 14 0.32
36 16 0.26
36 17 0.16
36 18 0.26
36 19 0.13
36 20 0.32
21 36 0.34
22 36 0.14
36 23 0.25
36 24 0.23
36 25 0.16
36 26 0.23
36 27 0.15
36 28 0.33
36 29 0.38
36 30 0.32
36 31 0.32
36 32 0.26
36 33 0.34
36 34 0.51
36 35 0.27
36 45 0.0020
2 37 0.04
4 37 0.24
5 37 0.22
37 8 0.22
9 37 0.18
10 37 0.08
12 37 0.16
13 37 0.08
37 17 0.29
37 18 0.24
37 20 0.23
21 37 0.12
22 37 0.08
37 23 0.11
37 25 0.29
37 26 0.41
37 27 0.18
37 28 0.15
37 29 0.27
37 30 0.29
37 31 0.29
37 32 0.47
37 33 0.41
37 34 0.18
37 35 0.19
37 36 0.19
37 45 0.0021
1 38 0.1
2 38 0.04
38 3 0.15
5 38 0.11
38 6 0.58
38 7 0.09
38 8 0.65
9 38 0.18
10 38 0.17
12 38 0.24
13 38 0.08
38 14 0.58
38 16 0.47
38 17 0.29
38 19 0.24
38 20 0.23
21 38 0.18
22 38 0.08
38 23 0.11
38 24 0.41
38 25 0.29
38 27 0.18
38 28 0.24
38 29 0.41
38 30 0.29
38 31 0.29
38 32 0.24
38 33 0.2
38 34 0.55
38 35 0.19
38 36 0.56
38 37 0.17
38 45 0.0025
4 39 0.29
5 39 0.27
8 39 0.27
9 39 0.07
10 39 0.1
12 39 0.19
13 39 0.2
18 39 0.58
21 39 0.15
23 39 0.28
39 26 1.0
27 39 0.22
28 39 0.12
29 39 0.33
32 39 0.58
33 39 0.5
35 39 0.24
36 39 0.23
37 39 0.41
45 39 0.0027
2 40 0.22
40 3 0.31
4 40 0.24
5 40 0.22
7 40 0.09
9 40 0.18
10 40 0.04
40 11 0.29
12 40 0.24
13 40 0.08
40 15 0.2
40 16 0.24
40 18 0.24
40 19 0.47
20 40 0.11
21 40 0.06
22 40 0.17
27 40 0.18
28 40 0.1
29 40 0.27
35 40 0.1
36 40 0.28
45 40 5.0E-4
41 1 0.13
41 2 0.25
41 3 0.19
41 4 0.29
41 5 0.33
41 8 0.07
41 9 0.29
41 10 0.28
41 11 0.35
41 12 0.14
41 13 0.26
41 15 0.25
41 16 0.14
41 17 0.18
41 18 0.14
41 19 0.29
41 20 0.21
41 21 0.26
41 22 0.15
41 23 0.07
41 25 0.18
41 27 0.22
41 28 0.18
41 29 0.25
41 34 0.11
41 35 0.29
41 36 0.11
41 38 0.1
41 40 0.2
41 45 4.0E-4
1 42 0.14
2 42 0.06
42 3 0.22
4 42 0.33
5 42 0.23
42 6 0.41
7 42 0.06
8 42 0.23
9 42 0.25
10 42 0.23
42 11 0.2
12 42 0.11
13 42 0.12
42 14 0.41
42 15 0.14
42 16 0.5
42 18 0.17
42 19 0.5
20 42 0.16
21 42 0.38
22 42 0.12
42 23 0.4
42 24 0.29
27 42 0.38
28 42 0.38
29 42 0.58
34 42 0.26
35 42 0.27
36 42 0.26
38 42 0.35
42 40 0.24
41 42 0.29
45 42 0.0014
1 43 0.08
2 43 0.07
43 3 0.13
4 43 0.38
5 43 0.45
43 8 0.27
9 43 0.22
10 43 0.27
12 43 0.26
13 43 0.2
43 16 0.19
43 17 0.47
43 18 0.58
43 19 0.19
43 20 0.55
21 43 0.25
43 23 0.28
43 25 0.47
43 26 0.33
43 27 0.15
43 28 0.28
43 29 0.44
43 30 0.47
43 31 0.47
43 32 0.38
43 33 0.5
43 34 0.15
43 35 0.47
43 36 0.38
43 37 0.27
43 38 0.14
43 39 0.33
43 40 0.14
41 43 0.33
43 42 0.19
43 45 0.0021
1 44 0.14
44 6 0.41
7 44 0.12
8 44 0.31
9 44 0.13
10 44 0.06
12 44 0.11
13 44 0.12
44 14 0.41
16 44 0.33
19 44 0.33
21 44 0.09
44 24 0.58
28 44 0.07
29 44 0.19
35 44 0.14
36 44 0.13
37 44 0.24
38 44 0.24
42 44 0.17
45 44 0.0010
