*Vertices  108
1 "LED显示屏"
2 "LCD显示屏"
3 "显示器"
4 "衬底"
5 "LED灯"
6 "滤波片"
7 "光纤"
8 "探头"
9 "容器"
10 "发生器"
11 "荧光粉"
12 "发光荧光材料"
13 "III-V族半导体材料"
14 "GAN"
15 "次氯酸钠溶液"
16 "离子络合"
17 "PD"
18 "引发剂"
19 "硼酸"
20 "蓝膜"
21 "变压器"
22 "加湿器"
23 "AuSn"
24 "Au5Sn"
25 "EP"
26 "外延片"
27 "外延"
28 "LED"
29 "二极管"
30 "玻璃"
31 "香薰托盘"
32 "通道"
33 "LED光源"
34 "电热丝"
35 "塑料"
36 "腐蚀液"
37 "Au-Sn合金电镀液"
38 "缩水甘油"
39 "转换器"
40 "铝基板"
41 "滤光片"
42 "稀释剂"
43 "光谱仪"
44 "荧光体"
45 "发光体"
46 "硅橡胶"
47 "光刻胶"
48 "填充区域"
49 "SiO2"
50 "半导体"
51 "电路板"
52 "Al2O3"
53 "NH4H2PO4"
54 "GaAs"
55 "MQW"
56 "ITO"
57 "硅氧磷灰石"
58 "键合"
59 "焊盘"
60 "摄像机"
61 "含硅"
62 "光子晶体"
63 "荧光光谱"
64 "金属银纳米粒子"
65 "LED芯片"
66 "芯片"
67 "金属层"
68 "涂层"
69 "电流扩展层"
70 "光触媒"
71 "酸盐"
72 "SrCO3"
73 "Eu2O3"
74 "亚硫酸"
75 "硝酸"
76 "Eu2"
77 "去离子水"
78 "Li"
79 "电极"
80 "电阻"
81 "基色"
82 "Au-Sn合金"
83 "Au-30at.％Sn合金"
84 "蒸发腔"
85 "光子晶体谐振腔"
86 "丙酮"
87 "激光"
88 "真空吸盘"
89 "MOCVD"
90 "湿法刻蚀"
91 "干法刻蚀"
92 "湿法腐蚀"
93 "玻璃体"
94 "EP-CAB共聚物"
95 "酯键"
96 "臭氧仪"
97 "臭氧"
98 "屏幕"
99 "透镜"
100 "反射层"
101 "发光层"
102 "甲基"
103 "CAB"
104 "激发光"
105 "发光管"
106 "络合剂"
107 "DMA"
108 "离子"
*Arcs
108 1 1.0E-4
2 1 0.21
108 2 1.0E-4
3 1 0.08
3 2 0.33
3 108 0.0
4 2 0.08
108 4 6.0E-4
5 1 0.03
5 2 0.04
5 3 0.08
5 4 0.03
5 108 2.0E-4
4 6 0.32
108 6 5.0E-4
4 7 0.17
7 6 0.53
108 7 2.0E-4
5 8 0.05
8 7 0.38
108 8 1.0E-4
9 4 0.09
5 9 0.12
108 9 1.0E-4
5 10 0.22
108 10 4.0E-4
11 1 0.09
11 3 0.14
11 4 0.13
11 5 0.13
11 9 0.22
11 108 2.0E-4
12 3 0.13
12 4 0.18
12 5 0.21
12 9 0.2
12 10 0.13
12 11 0.54
12 108 3.0E-4
4 13 0.32
13 6 1.0
7 13 0.53
108 13 5.0E-4
14 2 0.12
14 4 0.65
5 14 0.04
14 6 0.5
14 7 0.27
11 14 0.1
14 13 0.5
108 14 2.0E-4
4 15 0.32
108 15 4.0E-4
108 16 3.0E-4
3 17 0.11
4 17 0.21
17 6 0.63
17 7 0.68
17 8 0.22
17 13 0.63
14 17 0.32
108 17 2.0E-4
3 18 0.18
108 18 5.0E-4
3 19 0.13
5 19 0.11
19 9 0.19
11 19 0.29
12 19 0.4
19 18 0.35
108 19 6.0E-4
4 20 0.32
9 20 0.27
108 20 1.0E-4
21 1 0.07
3 21 0.11
21 4 0.05
5 21 0.26
21 9 0.24
21 10 0.11
11 21 0.06
21 14 0.08
21 18 0.15
19 21 0.11
108 21 1.0E-4
5 22 0.11
8 22 0.5
108 22 3.0E-4
23 16 1.0
108 23 3.0E-4
24 16 1.0
24 23 1.0
108 24 3.0E-4
3 25 0.07
25 4 0.12
5 25 0.12
25 9 0.1
11 25 0.39
12 25 0.29
25 15 0.19
25 18 0.38
25 19 0.4
25 20 0.19
25 21 0.11
108 25 0.0013
26 2 0.09
26 4 0.83
5 26 0.03
26 6 0.39
26 7 0.21
11 26 0.08
12 26 0.15
26 13 0.39
26 14 0.78
26 15 0.2
26 17 0.25
21 26 0.06
25 26 0.07
108 26 3.0E-4
27 2 0.08
27 4 0.95
5 27 0.05
27 6 0.32
27 7 0.17
11 27 0.13
12 27 0.25
27 13 0.32
27 14 0.65
27 15 0.32
27 17 0.21
27 20 0.16
21 27 0.05
25 27 0.06
27 26 0.83
108 27 5.0E-4
28 1 0.23
28 2 0.22
28 3 0.29
28 4 0.32
28 5 0.67
28 6 0.1
28 7 0.19
28 8 0.15
28 9 0.19
28 10 0.15
28 11 0.25
28 12 0.28
28 13 0.1
28 14 0.21
28 15 0.1
28 16 0.07
28 17 0.16
28 18 0.1
28 19 0.15
28 20 0.1
28 21 0.34
28 22 0.07
28 23 0.07
28 24 0.07
28 25 0.28
28 26 0.27
28 27 0.32
28 108 7.0E-4
29 1 0.06
29 2 0.14
29 3 0.15
29 4 0.37
29 5 0.32
29 6 0.14
29 7 0.23
29 8 0.05
29 9 0.23
29 10 0.05
29 11 0.23
29 12 0.33
29 13 0.14
29 14 0.25
29 15 0.14
29 16 0.1
29 17 0.18
29 18 0.14
29 19 0.1
29 20 0.14
29 21 0.39
29 23 0.1
29 24 0.1
29 25 0.22
29 26 0.31
29 27 0.37
29 28 0.72
29 108 5.0E-4
30 1 0.18
30 3 0.19
30 4 0.13
30 5 0.27
30 6 0.27
30 7 0.29
30 8 0.1
30 10 0.19
30 11 0.11
30 12 0.1
30 13 0.27
30 14 0.14
30 15 0.14
30 17 0.34
30 18 0.27
30 19 0.19
30 21 0.08
30 25 0.21
30 26 0.16
30 27 0.13
30 28 0.38
30 29 0.27
30 108 6.0E-4
5 31 0.11
8 31 0.5
31 22 1.0
28 31 0.07
108 31 3.0E-4
3 32 0.07
32 4 0.2
5 32 0.22
32 6 0.2
32 7 0.11
32 13 0.2
32 14 0.31
32 17 0.13
32 26 0.24
32 27 0.2
28 32 0.25
29 32 0.23
30 32 0.11
108 32 0.0
33 2 0.07
33 3 0.15
33 4 0.09
33 5 0.36
33 6 0.29
33 7 0.15
33 8 0.1
33 9 0.08
33 11 0.24
33 12 0.16
33 13 0.29
33 14 0.14
33 17 0.18
33 18 0.14
33 19 0.31
33 21 0.09
33 25 0.22
33 26 0.11
33 27 0.09
33 28 0.36
33 29 0.29
33 30 0.24
33 32 0.18
33 108 2.0E-4
5 34 0.13
9 34 0.22
10 34 0.29
28 34 0.13
29 34 0.06
30 34 0.11
108 34 1.0E-4
35 1 0.07
35 3 0.17
35 4 0.05
35 5 0.28
35 7 0.17
35 8 0.11
35 9 0.17
35 11 0.2
35 12 0.18
35 15 0.16
35 17 0.21
35 21 0.05
35 25 0.06
35 26 0.06
35 27 0.05
35 28 0.32
35 29 0.28
35 30 0.35
35 32 0.13
35 33 0.14
35 34 0.26
35 108 0.0
4 36 0.56
5 36 0.04
9 36 0.15
14 36 0.14
36 15 0.58
36 20 0.29
21 36 0.09
25 36 0.22
26 36 0.34
27 36 0.47
28 36 0.18
29 36 0.25
30 36 0.08
35 36 0.09
108 36 6.0E-4
37 16 1.0
37 23 1.0
37 24 1.0
28 37 0.07
29 37 0.1
108 37 3.0E-4
3 38 0.18
38 18 1.0
19 38 0.35
21 38 0.15
25 38 0.38
28 38 0.1
29 38 0.14
30 38 0.27
33 38 0.14
108 38 5.0E-4
39 1 0.1
39 2 0.2
3 39 0.15
5 39 0.1
39 7 0.23
39 8 0.15
11 39 0.09
12 39 0.08
39 17 0.27
21 39 0.06
25 39 0.08
28 39 0.24
29 39 0.21
30 39 0.12
35 39 0.21
108 39 0.0
40 3 0.08
40 4 0.07
40 5 0.3
40 11 0.17
40 12 0.08
40 15 0.21
40 21 0.13
40 25 0.16
40 26 0.08
40 27 0.07
40 28 0.24
40 29 0.24
40 30 0.12
40 32 0.26
40 33 0.18
40 35 0.35
40 36 0.12
40 108 0.0
2 41 0.15
3 41 0.11
4 41 0.21
41 6 0.63
41 7 0.68
41 8 0.22
41 13 0.63
14 41 0.32
41 17 0.6
26 41 0.25
27 41 0.21
28 41 0.16
29 41 0.23
30 41 0.26
32 41 0.13
33 41 0.27
35 41 0.1
39 41 0.13
108 41 3.0E-4
3 42 0.14
42 9 0.22
11 42 0.17
12 42 0.15
42 18 0.82
19 42 0.29
21 42 0.12
25 42 0.31
28 42 0.13
29 42 0.18
30 42 0.22
33 42 0.12
35 42 0.13
42 38 0.82
108 42 4.0E-4
5 43 0.08
43 7 0.27
12 43 0.19
43 19 0.35
43 25 0.19
28 43 0.1
29 43 0.07
43 41 0.32
108 43 2.0E-4
44 9 0.22
11 44 0.5
12 44 0.46
19 44 0.29
25 44 0.31
28 44 0.13
29 44 0.18
30 44 0.11
33 44 0.12
35 44 0.13
44 42 0.33
108 44 4.0E-4
45 3 0.09
45 5 0.21
45 11 0.22
45 12 0.2
45 25 0.1
45 28 0.19
45 29 0.23
45 30 0.15
45 32 0.11
45 33 0.23
45 35 0.09
45 40 0.11
45 44 0.22
45 108 1.0E-4
3 46 0.14
5 46 0.06
46 9 0.44
11 46 0.33
12 46 0.31
46 18 0.41
19 46 0.58
21 46 0.12
25 46 0.15
28 46 0.13
29 46 0.12
30 46 0.11
33 46 0.24
35 46 0.13
46 38 0.41
46 42 0.67
46 44 0.33
108 46 2.0E-4
4 47 0.46
5 47 0.05
14 47 0.18
47 15 0.35
21 47 0.11
25 47 0.13
26 47 0.42
27 47 0.46
28 47 0.15
29 47 0.2
30 47 0.1
35 47 0.11
36 47 0.82
40 47 0.15
108 47 2.0E-4
4 48 0.23
15 48 0.71
25 48 0.27
26 48 0.28
27 48 0.23
28 48 0.07
29 48 0.1
30 48 0.19
35 48 0.23
36 48 0.41
40 48 0.3
47 48 0.5
108 48 2.0E-4
49 1 0.09
3 49 0.07
49 4 0.38
5 49 0.12
49 6 0.39
49 7 0.21
49 9 0.21
11 49 0.32
12 49 0.52
49 13 0.39
49 14 0.29
49 17 0.25
49 19 0.14
49 20 0.2
49 21 0.06
49 25 0.3
49 26 0.38
49 27 0.38
28 49 0.27
29 49 0.31
30 49 0.16
49 32 0.08
33 49 0.11
35 49 0.19
49 36 0.34
49 39 0.08
49 41 0.25
49 42 0.16
49 43 0.2
49 44 0.32
45 49 0.1
49 46 0.16
49 47 0.28
108 49 7.0E-4
50 1 0.05
50 2 0.05
50 3 0.11
50 4 0.64
50 5 0.29
50 6 0.21
50 7 0.17
50 8 0.07
50 9 0.22
50 11 0.34
50 12 0.43
50 13 0.21
50 14 0.42
50 15 0.21
50 16 0.15
50 17 0.2
50 18 0.1
50 19 0.22
50 20 0.21
50 21 0.19
50 23 0.15
50 24 0.15
50 25 0.28
50 26 0.53
50 27 0.64
50 28 0.5
50 29 0.55
50 30 0.23
50 32 0.17
50 33 0.3
50 35 0.24
50 36 0.36
50 37 0.15
50 38 0.1
50 39 0.13
50 40 0.27
50 41 0.13
50 42 0.09
50 44 0.17
50 45 0.11
50 46 0.17
50 47 0.29
50 48 0.15
50 49 0.41
50 108 8.0E-4
51 1 0.13
51 2 0.2
51 3 0.26
51 5 0.4
51 8 0.1
51 9 0.08
51 10 0.1
51 11 0.12
51 12 0.16
51 18 0.14
51 19 0.1
51 21 0.04
51 22 0.2
51 25 0.05
51 28 0.36
51 29 0.17
51 30 0.39
51 31 0.2
51 32 0.06
51 33 0.17
51 35 0.19
51 38 0.14
51 40 0.06
51 41 0.09
51 42 0.12
51 45 0.23
51 46 0.12
51 49 0.06
51 50 0.15
51 108 1.0E-4
52 2 0.08
3 52 0.06
52 4 0.72
5 52 0.08
52 6 0.34
52 7 0.18
52 9 0.09
11 52 0.35
12 52 0.45
52 13 0.34
52 14 0.69
52 17 0.22
52 21 0.05
25 52 0.06
52 26 0.74
52 27 0.78
28 52 0.3
29 52 0.34
30 52 0.09
52 32 0.21
33 52 0.1
35 52 0.11
52 36 0.1
52 39 0.07
52 41 0.22
52 42 0.14
52 44 0.14
52 46 0.14
52 47 0.12
49 52 0.54
50 52 0.57
108 52 2.0E-4
11 53 0.29
12 53 0.27
25 53 0.27
28 53 0.07
29 53 0.1
44 53 0.58
45 53 0.38
49 53 0.28
50 53 0.15
108 53 2.0E-4
4 54 0.61
5 54 0.04
54 6 0.47
54 7 0.25
11 54 0.1
12 54 0.18
54 13 0.47
14 54 0.24
54 15 0.47
54 17 0.3
20 54 0.24
25 54 0.09
26 54 0.37
27 54 0.69
28 54 0.22
29 54 0.27
30 54 0.19
32 54 0.1
33 54 0.14
35 54 0.08
36 54 0.41
40 54 0.1
54 41 0.3
54 47 0.33
54 48 0.33
49 54 0.37
50 54 0.44
52 54 0.4
108 54 7.0E-4
55 2 0.09
55 4 0.64
5 55 0.09
55 6 0.39
55 7 0.21
11 55 0.16
12 55 0.15
55 13 0.39
55 14 0.78
55 15 0.2
55 17 0.25
19 55 0.14
21 55 0.12
25 55 0.22
55 26 0.77
55 27 0.7
28 55 0.27
29 55 0.31
30 55 0.21
55 32 0.24
33 55 0.23
35 55 0.06
55 36 0.23
40 55 0.08
55 41 0.25
44 55 0.16
55 47 0.28
55 48 0.28
49 55 0.31
50 55 0.53
52 55 0.67
55 54 0.37
108 55 4.0E-4
56 2 0.19
3 56 0.07
4 56 0.66
5 56 0.06
56 6 0.41
56 7 0.22
11 56 0.08
12 56 0.23
56 13 0.41
14 56 0.61
56 17 0.26
21 56 0.06
26 56 0.72
27 56 0.73
28 56 0.25
29 56 0.26
30 56 0.11
32 56 0.08
33 56 0.12
56 36 0.24
56 41 0.26
56 47 0.29
49 56 0.4
50 56 0.47
52 56 0.7
56 54 0.29
55 56 0.64
108 56 2.0E-4
11 57 0.29
12 57 0.27
25 57 0.27
28 57 0.07
29 57 0.1
44 57 0.58
45 57 0.38
49 57 0.28
50 57 0.15
57 53 1.0
108 57 2.0E-4
4 58 0.26
5 58 0.04
58 7 0.14
58 8 0.19
11 58 0.22
12 58 0.2
58 15 0.27
58 17 0.17
25 58 0.1
26 58 0.1
27 58 0.35
28 58 0.19
29 58 0.19
30 58 0.07
35 58 0.09
58 36 0.15
39 58 0.11
40 58 0.11
58 41 0.17
49 58 0.21
50 58 0.28
52 58 0.28
58 54 0.5
55 58 0.1
56 58 0.11
108 58 1.0E-4
5 59 0.06
11 59 0.17
59 16 0.58
21 59 0.12
59 23 0.58
59 24 0.58
25 59 0.31
28 59 0.13
29 59 0.12
33 59 0.12
59 37 0.58
40 59 0.17
50 59 0.17
59 55 0.16
59 58 0.22
108 59 1.0E-4
1 60 0.18
2 60 0.38
3 60 0.14
28 60 0.13
29 60 0.12
33 60 0.12
41 60 0.26
51 60 0.12
108 60 0.0
3 61 0.25
61 18 0.71
19 61 0.5
21 61 0.21
25 61 0.27
28 61 0.07
29 61 0.1
30 61 0.19
33 61 0.2
61 38 0.71
42 61 0.58
46 61 0.58
50 61 0.15
108 61 2.0E-4
4 62 0.32
62 6 1.0
7 62 0.53
62 13 1.0
14 62 0.5
17 62 0.63
26 62 0.39
27 62 0.32
28 62 0.1
29 62 0.14
30 62 0.27
32 62 0.2
33 62 0.29
41 62 0.63
49 62 0.39
50 62 0.21
52 62 0.34
54 62 0.47
55 62 0.39
56 62 0.41
108 62 5.0E-4
5 63 0.08
63 7 0.27
12 63 0.19
63 19 0.35
63 25 0.19
28 63 0.1
29 63 0.07
63 41 0.32
63 43 1.0
63 49 0.2
108 63 2.0E-4
11 64 0.29
12 64 0.27
19 64 0.5
25 64 0.27
28 64 0.07
29 64 0.1
30 64 0.19
33 64 0.2
44 64 0.58
50 64 0.15
55 64 0.28
108 64 2.0E-4
65 2 0.07
65 4 0.5
5 65 0.19
65 9 0.25
11 65 0.31
12 65 0.17
65 14 0.39
65 15 0.15
19 65 0.22
65 20 0.15
65 21 0.09
25 65 0.29
65 26 0.48
65 27 0.45
28 65 0.34
29 65 0.33
30 65 0.08
65 32 0.31
33 65 0.18
35 65 0.1
65 36 0.36
40 65 0.26
65 42 0.13
65 44 0.25
65 46 0.25
65 47 0.33
65 48 0.22
49 65 0.24
50 65 0.51
51 65 0.04
52 65 0.42
65 54 0.15
65 55 0.54
65 56 0.31
65 58 0.25
65 59 0.25
65 64 0.22
108 65 2.0E-4
66 1 0.08
66 2 0.24
3 66 0.27
66 4 0.49
5 66 0.3
66 6 0.17
66 7 0.09
66 9 0.14
66 10 0.06
11 66 0.35
12 66 0.35
66 13 0.17
66 14 0.34
66 15 0.17
66 16 0.12
66 17 0.11
66 18 0.17
66 19 0.24
66 20 0.17
66 21 0.18
66 23 0.12
66 24 0.12
66 25 0.35
66 26 0.43
66 27 0.49
28 66 0.62
29 66 0.58
30 66 0.21
66 32 0.24
33 66 0.22
35 66 0.11
66 36 0.29
66 37 0.12
66 38 0.17
66 39 0.25
40 66 0.22
66 41 0.16
66 42 0.21
66 43 0.08
66 44 0.21
45 66 0.09
66 46 0.21
66 47 0.24
66 48 0.12
66 49 0.4
50 66 0.6
51 66 0.22
66 52 0.46
66 53 0.12
66 54 0.36
66 55 0.43
66 56 0.38
66 57 0.12
66 58 0.27
66 59 0.21
66 60 0.07
66 61 0.12
66 62 0.17
66 63 0.08
66 64 0.12
66 65 0.55
108 66 8.0E-4
4 67 0.41
5 67 0.05
67 6 0.63
7 67 0.34
12 67 0.24
67 13 0.63
14 67 0.32
17 67 0.4
26 67 0.37
27 67 0.51
28 67 0.16
29 67 0.23
30 67 0.17
32 67 0.13
33 67 0.18
36 67 0.18
41 67 0.4
47 67 0.22
49 67 0.5
50 67 0.33
52 67 0.43
54 67 0.45
55 67 0.37
56 67 0.65
58 67 0.17
67 62 0.63
65 67 0.1
66 67 0.21
108 67 3.0E-4
5 68 0.11
68 10 0.25
11 68 0.14
12 68 0.13
68 21 0.11
25 68 0.13
28 68 0.15
29 68 0.1
30 68 0.1
33 68 0.1
45 68 0.19
49 68 0.14
50 68 0.07
51 68 0.1
68 52 0.12
66 68 0.06
108 68 1.0E-4
4 69 0.57
5 69 0.08
69 6 0.5
69 7 0.27
9 69 0.13
12 69 0.09
69 13 0.5
14 69 0.38
69 15 0.5
69 17 0.32
69 20 0.5
21 69 0.08
25 69 0.19
26 69 0.39
27 69 0.57
28 69 0.21
29 69 0.29
30 69 0.2
32 69 0.1
33 69 0.14
35 69 0.08
69 36 0.58
40 69 0.11
69 41 0.32
69 47 0.35
69 48 0.35
49 69 0.49
50 69 0.42
52 69 0.34
69 54 0.71
55 69 0.49
56 69 0.41
58 69 0.27
69 62 0.5
65 69 0.23
66 69 0.34
69 67 0.47
108 69 8.0E-4
5 70 0.25
8 70 0.22
10 70 0.45
21 70 0.1
70 22 0.45
28 70 0.16
30 70 0.17
70 31 0.45
33 70 0.09
51 70 0.27
68 70 0.45
108 70 4.0E-4
3 71 0.17
5 71 0.11
71 9 0.25
11 71 0.48
12 71 0.53
71 16 0.33
71 18 0.47
71 19 0.67
71 21 0.07
71 23 0.33
71 24 0.33
71 25 0.45
28 71 0.22
29 71 0.24
30 71 0.19
33 71 0.2
35 71 0.15
71 37 0.33
71 38 0.47
71 39 0.1
71 42 0.58
71 43 0.24
71 44 0.38
71 46 0.58
71 49 0.37
50 71 0.29
51 71 0.14
71 52 0.24
71 55 0.09
71 59 0.19
71 61 0.33
71 63 0.24
71 64 0.33
71 65 0.22
71 66 0.36
71 68 0.17
108 71 0.0010
5 72 0.08
11 72 0.2
12 72 0.38
72 19 0.35
72 25 0.38
28 72 0.1
29 72 0.07
72 43 0.5
72 44 0.41
45 72 0.27
72 49 0.39
50 72 0.1
72 53 0.71
72 57 0.71
72 63 0.5
72 66 0.17
72 71 0.24
108 72 5.0E-4
5 73 0.08
11 73 0.2
12 73 0.38
73 19 0.35
73 25 0.38
28 73 0.1
29 73 0.07
73 43 0.5
73 44 0.41
45 73 0.27
73 49 0.39
50 73 0.1
73 53 0.71
73 57 0.71
73 63 0.5
73 66 0.17
73 71 0.24
73 72 1.0
108 73 5.0E-4
74 16 1.0
74 23 1.0
74 24 1.0
28 74 0.07
29 74 0.1
74 37 1.0
50 74 0.15
74 59 0.58
66 74 0.12
71 74 0.33
108 74 3.0E-4
5 75 0.06
11 75 0.33
12 75 0.46
75 19 0.58
75 25 0.46
28 75 0.13
29 75 0.12
30 75 0.11
33 75 0.12
75 43 0.41
75 44 0.33
75 49 0.32
50 75 0.17
75 52 0.14
75 55 0.16
75 63 0.41
75 64 0.58
75 65 0.13
75 66 0.21
75 68 0.29
75 71 0.58
75 72 0.41
75 73 0.41
108 75 4.0E-4
5 76 0.05
11 76 0.43
12 76 0.53
76 19 0.5
76 25 0.53
28 76 0.15
29 76 0.15
30 76 0.1
33 76 0.1
76 43 0.35
76 44 0.58
45 76 0.19
76 49 0.42
50 76 0.22
76 52 0.12
76 53 0.5
76 55 0.14
76 57 0.5
76 63 0.35
76 64 0.5
76 65 0.11
76 66 0.24
76 68 0.25
76 71 0.5
76 72 0.71
76 73 0.71
76 75 0.87
108 76 6.0E-4
77 4 0.21
5 77 0.05
77 9 0.17
12 77 0.12
77 16 0.45
77 19 0.22
77 20 0.32
77 23 0.45
77 24 0.45
77 25 0.36
77 27 0.1
28 77 0.16
29 77 0.14
77 36 0.37
77 37 0.45
77 43 0.32
77 47 0.22
77 49 0.25
50 77 0.2
77 54 0.15
77 59 0.26
77 63 0.32
77 65 0.1
77 66 0.21
77 69 0.16
77 71 0.3
77 72 0.32
77 73 0.32
77 74 0.45
77 75 0.26
77 76 0.22
108 77 0.0012
3 78 0.06
78 4 0.16
5 78 0.26
78 6 0.33
78 7 0.18
78 9 0.09
11 78 0.27
12 78 0.31
78 13 0.33
78 14 0.25
78 17 0.21
78 18 0.17
78 19 0.24
78 21 0.05
78 25 0.25
78 26 0.2
78 27 0.16
28 78 0.31
29 78 0.36
30 78 0.23
78 32 0.2
33 78 0.24
35 78 0.27
78 38 0.17
78 39 0.21
40 78 0.36
78 41 0.21
78 42 0.27
78 43 0.17
78 44 0.27
78 46 0.14
78 49 0.33
50 78 0.38
51 78 0.14
78 52 0.29
78 54 0.16
78 55 0.26
78 56 0.2
78 62 0.33
78 63 0.17
78 64 0.24
78 65 0.21
78 66 0.31
78 67 0.21
78 69 0.17
78 71 0.39
78 72 0.17
78 73 0.17
78 75 0.27
78 76 0.24
78 77 0.11
108 78 5.0E-4
79 2 0.11
3 79 0.04
79 4 0.72
5 79 0.16
79 6 0.23
79 7 0.12
79 9 0.19
79 10 0.08
11 79 0.09
12 79 0.22
79 13 0.23
79 14 0.46
79 15 0.23
79 17 0.15
79 20 0.23
79 21 0.39
25 79 0.13
79 26 0.59
79 27 0.72
28 79 0.45
29 79 0.55
30 79 0.13
79 32 0.19
33 79 0.1
35 79 0.04
79 36 0.4
79 39 0.1
40 79 0.1
79 41 0.15
45 79 0.06
79 47 0.33
79 48 0.16
49 79 0.32
50 79 0.56
51 79 0.03
52 79 0.56
79 54 0.49
79 55 0.55
79 56 0.57
79 58 0.25
79 59 0.09
79 62 0.23
65 79 0.39
66 79 0.57
79 67 0.37
79 69 0.46
77 79 0.15
78 79 0.12
108 79 4.0E-4
80 2 0.16
3 80 0.08
80 4 0.11
5 80 0.3
80 6 0.11
80 7 0.06
80 9 0.18
80 10 0.08
11 80 0.05
12 80 0.04
80 13 0.11
80 14 0.17
80 17 0.07
80 21 0.55
25 80 0.09
80 26 0.13
80 27 0.11
28 80 0.45
29 80 0.51
30 80 0.09
80 32 0.19
33 80 0.1
80 36 0.07
80 39 0.29
40 80 0.05
80 41 0.15
45 80 0.06
80 47 0.08
49 80 0.09
50 80 0.19
51 80 0.17
52 80 0.12
80 54 0.05
80 55 0.18
80 56 0.14
80 59 0.09
80 60 0.09
80 62 0.11
65 80 0.11
66 80 0.47
80 67 0.07
80 69 0.11
78 80 0.11
80 79 0.51
108 80 0.0
81 1 0.39
81 4 0.09
5 81 0.04
11 81 0.24
12 81 0.22
81 19 0.41
81 25 0.22
81 27 0.09
28 81 0.18
29 81 0.08
30 81 0.16
33 81 0.08
35 81 0.09
81 43 0.29
81 44 0.24
81 49 0.23
50 81 0.12
51 81 0.08
81 52 0.1
81 54 0.14
81 55 0.11
81 58 0.15
81 63 0.29
81 64 0.41
81 65 0.18
81 66 0.15
81 71 0.27
81 72 0.29
81 73 0.29
81 75 0.47
81 76 0.41
81 77 0.18
81 78 0.19
81 79 0.07
81 108 2.0E-4
82 16 1.0
82 23 1.0
82 24 1.0
28 82 0.07
29 82 0.1
82 37 1.0
50 82 0.15
82 59 0.58
66 82 0.12
71 82 0.33
82 74 1.0
77 82 0.45
108 82 3.0E-4
83 16 1.0
83 23 1.0
83 24 1.0
28 83 0.07
29 83 0.1
83 37 1.0
50 83 0.15
83 59 0.58
66 83 0.12
71 83 0.33
83 74 1.0
77 83 0.45
83 82 1.0
108 83 3.0E-4
5 84 0.11
8 84 0.5
84 22 1.0
28 84 0.07
84 31 1.0
51 84 0.2
70 84 0.45
108 84 3.0E-4
4 85 0.32
85 6 1.0
7 85 0.53
85 13 1.0
14 85 0.5
17 85 0.63
26 85 0.39
27 85 0.32
28 85 0.1
29 85 0.14
30 85 0.27
32 85 0.2
33 85 0.29
41 85 0.63
49 85 0.39
50 85 0.21
52 85 0.34
54 85 0.47
55 85 0.39
56 85 0.41
85 62 1.0
66 85 0.17
67 85 0.63
69 85 0.5
78 85 0.33
79 85 0.23
80 85 0.11
108 85 5.0E-4
3 86 0.1
86 4 0.19
5 86 0.04
86 9 0.15
12 86 0.11
86 15 0.29
86 18 0.58
86 19 0.41
86 20 0.29
86 21 0.09
86 25 0.65
86 26 0.11
86 27 0.09
28 86 0.18
29 86 0.17
30 86 0.24
33 86 0.08
35 86 0.09
86 36 0.33
86 38 0.58
40 86 0.12
86 42 0.47
86 43 0.29
86 46 0.24
86 47 0.2
86 48 0.41
86 49 0.23
50 86 0.18
51 86 0.08
86 54 0.14
86 55 0.11
86 61 0.41
86 63 0.29
86 65 0.18
86 66 0.24
86 69 0.29
86 71 0.41
86 72 0.29
86 73 0.29
86 75 0.24
86 76 0.2
86 77 0.55
86 78 0.19
86 79 0.13
86 81 0.17
86 108 0.0015
87 2 0.09
87 3 0.2
87 4 0.37
87 5 0.12
87 6 0.38
87 7 0.4
87 11 0.23
87 12 0.21
87 13 0.38
87 14 0.38
87 17 0.36
87 21 0.06
87 26 0.3
87 27 0.43
87 28 0.28
87 29 0.24
87 30 0.21
87 32 0.08
87 33 0.16
87 35 0.18
87 36 0.11
87 39 0.08
87 40 0.08
87 41 0.36
87 43 0.19
87 45 0.1
87 47 0.13
87 49 0.3
87 50 0.39
87 51 0.11
87 52 0.45
87 54 0.36
87 55 0.37
87 56 0.46
87 58 0.2
87 62 0.38
87 63 0.19
87 65 0.12
87 66 0.26
87 67 0.48
87 69 0.38
87 78 0.19
87 79 0.31
87 80 0.17
87 81 0.11
87 85 0.38
87 108 1.0E-4
4 88 0.23
88 15 0.71
27 88 0.23
28 88 0.07
29 88 0.1
36 88 0.41
50 88 0.15
54 88 0.33
58 88 0.38
66 88 0.12
69 88 0.35
79 88 0.16
108 88 2.0E-4
89 2 0.1
89 4 0.73
5 89 0.03
89 6 0.41
89 7 0.22
11 89 0.08
12 89 0.23
89 13 0.41
89 14 0.71
89 15 0.2
89 17 0.26
25 89 0.08
89 26 0.88
89 27 0.79
28 89 0.25
29 89 0.29
30 89 0.17
89 32 0.25
33 89 0.12
35 89 0.07
89 36 0.12
40 89 0.09
89 41 0.26
89 47 0.14
89 48 0.29
49 89 0.32
50 89 0.51
52 89 0.77
89 54 0.48
89 55 0.8
89 56 0.67
89 58 0.22
89 62 0.41
65 89 0.38
66 89 0.41
89 67 0.39
89 69 0.41
78 89 0.2
79 89 0.57
80 89 0.09
89 85 0.41
86 89 0.12
87 89 0.31
108 89 3.0E-4
4 90 0.46
90 6 0.71
90 7 0.38
12 90 0.13
90 13 0.71
14 90 0.35
90 17 0.45
26 90 0.55
27 90 0.46
28 90 0.15
29 90 0.2
30 90 0.19
32 90 0.14
33 90 0.2
36 90 0.2
90 41 0.45
90 47 0.25
49 90 0.55
50 90 0.29
52 90 0.36
90 54 0.5
55 90 0.28
56 90 0.43
58 90 0.19
90 62 0.71
65 90 0.11
66 90 0.24
90 67 0.67
69 90 0.35
78 90 0.24
79 90 0.33
80 90 0.08
90 85 0.71
87 90 0.27
89 90 0.43
108 90 3.0E-4
4 91 0.51
91 6 0.63
91 7 0.34
11 91 0.13
12 91 0.24
91 13 0.63
14 91 0.32
91 17 0.4
26 91 0.5
27 91 0.51
28 91 0.16
29 91 0.18
30 91 0.17
32 91 0.13
33 91 0.18
91 41 0.4
49 91 0.37
50 91 0.33
52 91 0.54
91 54 0.6
55 91 0.25
56 91 0.39
58 91 0.34
91 62 0.63
65 91 0.1
66 91 0.27
91 67 0.4
69 91 0.32
78 91 0.21
79 91 0.37
80 91 0.07
81 91 0.18
91 85 0.63
87 91 0.36
89 91 0.52
91 90 0.67
108 91 3.0E-4
4 92 0.32
5 92 0.08
14 92 0.25
92 15 0.5
21 92 0.15
26 92 0.2
27 92 0.32
28 92 0.1
29 92 0.14
36 92 0.58
47 92 0.35
49 92 0.2
50 92 0.21
52 92 0.17
54 92 0.24
55 92 0.2
56 92 0.2
58 92 0.27
65 92 0.15
66 92 0.17
69 92 0.5
79 92 0.23
80 92 0.11
87 92 0.19
92 88 0.71
108 92 1.0E-4
11 93 0.29
12 93 0.27
19 93 0.5
25 93 0.27
28 93 0.07
29 93 0.1
30 93 0.19
33 93 0.2
44 93 0.58
50 93 0.15
55 93 0.28
93 64 1.0
65 93 0.22
66 93 0.12
71 93 0.33
75 93 0.58
76 93 0.5
78 93 0.24
81 93 0.41
108 93 2.0E-4
25 94 0.27
28 94 0.07
77 94 0.45
86 94 0.41
108 94 2.0E-4
18 95 0.71
25 95 0.27
28 95 0.07
29 95 0.1
30 95 0.19
38 95 0.71
42 95 0.58
51 95 0.2
66 95 0.12
71 95 0.33
78 95 0.24
86 95 0.41
108 95 2.0E-4
5 96 0.11
10 96 0.5
28 96 0.07
34 96 0.58
108 96 2.0E-4
5 97 0.22
97 9 0.31
97 10 0.61
11 97 0.24
12 97 0.22
19 97 0.2
21 97 0.09
28 97 0.18
29 97 0.04
30 97 0.24
33 97 0.08
97 34 0.47
35 97 0.19
97 42 0.24
97 44 0.24
97 46 0.47
49 97 0.11
50 97 0.06
51 97 0.17
52 97 0.1
65 97 0.18
66 97 0.1
68 97 0.2
97 70 0.37
71 97 0.27
78 97 0.1
97 96 0.41
108 97 4.0E-4
98 1 0.33
2 98 0.17
3 98 0.13
4 98 0.36
5 98 0.06
9 98 0.1
12 98 0.14
14 98 0.18
98 15 0.18
21 98 0.06
25 98 0.07
26 98 0.43
27 98 0.36
28 98 0.28
29 98 0.18
30 98 0.15
32 98 0.07
35 98 0.18
36 98 0.21
39 98 0.08
40 98 0.08
98 47 0.26
98 48 0.26
49 98 0.21
50 98 0.27
51 98 0.16
52 98 0.25
98 54 0.17
55 98 0.21
56 98 0.22
58 98 0.1
65 98 0.23
66 98 0.25
98 67 0.12
69 98 0.09
79 98 0.3
80 98 0.04
81 98 0.11
86 98 0.11
87 98 0.14
89 98 0.37
98 90 0.26
98 91 0.23
108 98 1.0E-4
99 3 0.13
99 4 0.06
99 5 0.25
99 6 0.18
99 7 0.28
99 9 0.19
99 11 0.29
99 12 0.33
99 13 0.18
99 14 0.09
99 17 0.22
99 19 0.13
99 25 0.07
99 26 0.07
99 27 0.06
99 28 0.29
99 29 0.28
99 30 0.14
99 32 0.14
99 33 0.26
99 35 0.23
99 39 0.15
99 40 0.23
99 41 0.22
99 42 0.14
99 43 0.18
99 44 0.14
99 45 0.09
99 46 0.29
99 49 0.21
99 50 0.26
99 51 0.15
99 52 0.18
99 54 0.08
99 55 0.07
99 56 0.07
99 60 0.14
99 62 0.18
99 63 0.18
99 65 0.22
99 66 0.18
99 67 0.11
99 69 0.09
99 71 0.25
99 77 0.11
99 78 0.29
99 79 0.04
99 85 0.18
99 86 0.1
99 87 0.27
99 89 0.07
99 90 0.13
99 91 0.11
99 94 0.25
99 97 0.2
99 108 1.0E-4
100 1 0.12
4 100 0.52
11 100 0.11
12 100 0.3
100 15 0.27
25 100 0.1
26 100 0.42
27 100 0.52
28 100 0.19
29 100 0.19
30 100 0.15
35 100 0.17
36 100 0.31
40 100 0.11
100 47 0.38
100 48 0.38
49 100 0.31
50 100 0.33
51 100 0.08
52 100 0.37
100 54 0.38
55 100 0.1
56 100 0.33
58 100 0.29
65 100 0.25
66 100 0.23
100 67 0.34
69 100 0.13
79 100 0.37
81 100 0.31
86 100 0.15
87 100 0.2
89 100 0.33
100 90 0.38
100 91 0.51
100 98 0.49
108 100 1.0E-4
101 2 0.13
4 101 0.61
9 101 0.14
12 101 0.2
14 101 0.13
101 15 0.53
101 20 0.53
25 101 0.2
26 101 0.42
27 101 0.52
28 101 0.19
29 101 0.27
30 101 0.07
35 101 0.09
101 36 0.46
40 101 0.11
101 47 0.19
101 48 0.38
49 101 0.21
50 101 0.39
52 101 0.28
101 54 0.5
55 101 0.21
101 56 0.22
101 58 0.29
65 101 0.25
66 101 0.32
101 69 0.53
77 101 0.17
79 101 0.43
86 101 0.31
101 88 0.38
89 101 0.44
101 90 0.19
101 91 0.34
101 92 0.27
101 98 0.29
101 100 0.43
108 101 4.0E-4
102 2 0.1
3 102 0.14
102 4 0.33
5 102 0.06
102 9 0.22
11 102 0.33
12 102 0.23
102 14 0.41
102 16 0.29
102 18 0.41
19 102 0.29
21 102 0.06
102 23 0.29
102 24 0.29
25 102 0.23
102 26 0.4
102 27 0.33
28 102 0.25
29 102 0.23
30 102 0.11
102 32 0.08
33 102 0.12
35 102 0.13
102 37 0.29
102 38 0.41
39 102 0.09
102 42 0.5
102 44 0.17
102 46 0.5
49 102 0.16
50 102 0.38
51 102 0.12
52 102 0.49
102 55 0.4
102 56 0.33
102 59 0.17
102 61 0.29
65 102 0.38
66 102 0.38
71 102 0.58
102 74 0.29
77 102 0.26
78 102 0.27
79 102 0.24
80 102 0.05
102 82 0.29
102 83 0.29
86 102 0.35
87 102 0.08
102 89 0.42
102 94 0.29
102 95 0.29
102 97 0.24
102 98 0.15
99 102 0.29
102 101 0.11
108 102 6.0E-4
25 103 0.27
28 103 0.07
77 103 0.45
86 103 0.41
103 94 1.0
99 103 0.25
102 103 0.29
108 103 2.0E-4
3 104 0.08
104 4 0.15
5 104 0.07
104 6 0.47
104 7 0.5
104 8 0.17
104 9 0.13
11 104 0.38
12 104 0.45
104 13 0.47
104 14 0.24
104 17 0.45
104 19 0.33
104 25 0.27
104 26 0.18
104 27 0.15
28 104 0.22
29 104 0.27
30 104 0.26
104 32 0.1
33 104 0.2
35 104 0.23
104 39 0.2
104 41 0.6
104 42 0.19
104 43 0.47
104 44 0.58
45 104 0.13
104 46 0.19
104 49 0.55
50 104 0.25
104 52 0.32
104 53 0.33
104 54 0.22
104 55 0.28
104 56 0.19
104 57 0.33
104 58 0.13
104 62 0.47
104 63 0.47
104 64 0.33
104 65 0.15
104 66 0.28
104 67 0.3
104 69 0.24
104 71 0.44
104 72 0.47
104 73 0.47
104 75 0.38
104 76 0.5
104 77 0.15
104 78 0.47
104 79 0.11
104 80 0.05
104 81 0.27
104 85 0.47
104 86 0.14
87 104 0.27
104 89 0.19
104 90 0.33
104 91 0.3
104 93 0.33
104 97 0.14
99 104 0.33
104 102 0.19
104 108 9.0E-4
5 105 0.26
7 105 0.13
8 105 0.17
105 10 0.17
21 105 0.21
28 105 0.22
29 105 0.17
30 105 0.06
32 105 0.1
35 105 0.31
40 105 0.4
45 105 0.13
50 105 0.15
51 105 0.07
66 105 0.04
68 105 0.17
105 70 0.15
78 105 0.24
79 105 0.05
80 105 0.05
97 105 0.14
108 105 0.0
106 16 1.0
106 23 1.0
106 24 1.0
28 106 0.07
29 106 0.1
106 37 1.0
50 106 0.15
106 59 0.58
66 106 0.12
71 106 0.33
106 74 1.0
77 106 0.45
106 82 1.0
106 83 1.0
106 102 0.29
108 106 3.0E-4
107 1 0.18
3 107 0.14
107 18 0.41
19 107 0.29
21 107 0.12
25 107 0.31
28 107 0.13
29 107 0.06
30 107 0.11
33 107 0.12
107 38 0.41
39 107 0.17
42 107 0.33
46 107 0.33
50 107 0.09
107 61 0.58
66 107 0.07
71 107 0.19
78 107 0.14
81 107 0.24
86 107 0.24
102 107 0.17
108 107 1.0E-4
