*Vertices  38
1 "显示器"
2 "容器"
3 "光膜"
4 "荧光粉"
5 "发光荧光材料"
6 "柔性高分子材料"
7 "助剂"
8 "引发剂"
9 "硼酸"
10 "变压器"
11 "EP"
12 "LED"
13 "二极管"
14 "玻璃"
15 "LED光源"
16 "塑料"
17 "缩水甘油"
18 "荧光体"
19 "硅橡胶"
20 "SiO2"
21 "半导体"
22 "电路板"
23 "Al2O3"
24 "含硅"
25 "LED芯片"
26 "芯片"
27 "酸盐"
28 "硅油"
29 "Li"
30 "离子"
31 "丙酮"
32 "酯键"
33 "臭氧"
34 "透镜"
35 "甲基"
36 "激发光"
37 "DMA"
38 "稀释剂"
*Arcs
1 38 5.0E-4
38 2 0.0010
3 1 0.29
3 2 0.22
3 38 0.0018
4 1 0.14
4 2 0.22
4 3 0.33
4 38 9.0E-4
5 1 0.13
5 2 0.2
5 3 0.31
5 4 0.54
5 38 8.0E-4
6 2 0.38
3 6 0.58
4 6 0.29
5 6 0.27
38 6 0.0046
1 7 0.18
7 2 0.27
3 7 0.41
4 7 0.41
5 7 0.38
7 6 0.71
38 7 0.0028
1 8 0.18
38 8 0.0102
1 9 0.13
9 2 0.19
4 9 0.29
5 9 0.4
9 8 0.35
9 38 0.0021
1 10 0.11
10 2 0.24
4 10 0.06
10 8 0.15
9 10 0.11
10 38 3.0E-4
1 11 0.07
11 2 0.1
4 11 0.39
5 11 0.29
11 8 0.38
11 9 0.4
11 10 0.11
11 38 0.0022
12 1 0.29
12 2 0.19
12 3 0.13
12 4 0.25
12 5 0.28
12 6 0.07
12 7 0.1
12 8 0.1
12 9 0.15
12 10 0.34
12 11 0.28
12 38 6.0E-4
13 1 0.15
13 2 0.23
13 3 0.12
13 4 0.23
13 5 0.33
13 6 0.1
13 7 0.14
13 8 0.14
13 9 0.1
13 10 0.39
13 11 0.22
13 12 0.72
13 38 8.0E-4
14 1 0.19
14 3 0.11
14 4 0.11
14 5 0.1
14 8 0.27
14 9 0.19
14 10 0.08
14 11 0.21
14 12 0.38
14 13 0.27
14 38 0.0011
15 1 0.15
15 2 0.08
15 3 0.12
15 4 0.24
15 5 0.16
15 8 0.14
15 9 0.31
15 10 0.09
15 11 0.22
15 12 0.36
15 13 0.29
15 14 0.24
15 38 4.0E-4
16 1 0.17
16 2 0.17
16 3 0.26
16 4 0.2
16 5 0.18
16 6 0.23
16 7 0.32
16 10 0.05
16 11 0.06
16 12 0.32
16 13 0.28
16 14 0.35
16 15 0.14
16 38 4.0E-4
1 17 0.18
17 8 1.0
9 17 0.35
10 17 0.15
11 17 0.38
12 17 0.1
13 17 0.14
14 17 0.27
15 17 0.14
38 17 0.0102
18 2 0.22
3 18 0.33
4 18 0.5
5 18 0.46
18 6 0.58
18 7 0.41
9 18 0.29
11 18 0.31
12 18 0.13
13 18 0.18
14 18 0.11
15 18 0.12
16 18 0.13
18 38 0.0020
1 19 0.14
19 2 0.44
3 19 0.33
4 19 0.33
5 19 0.31
19 6 0.58
19 7 0.41
19 8 0.41
9 19 0.58
10 19 0.12
11 19 0.15
12 19 0.13
13 19 0.12
14 19 0.11
15 19 0.24
16 19 0.13
19 17 0.41
19 18 0.33
19 38 0.0077
1 20 0.07
20 2 0.21
3 20 0.16
4 20 0.32
5 20 0.52
20 6 0.28
20 7 0.39
20 9 0.14
20 10 0.06
20 11 0.3
12 20 0.27
13 20 0.31
14 20 0.16
15 20 0.11
16 20 0.19
20 18 0.32
20 19 0.16
20 38 7.0E-4
21 1 0.11
21 2 0.22
21 3 0.09
21 4 0.34
21 5 0.43
21 7 0.1
21 8 0.1
21 9 0.22
21 10 0.19
21 11 0.28
21 12 0.5
21 13 0.55
21 14 0.23
21 15 0.3
21 16 0.24
21 17 0.1
21 18 0.17
21 19 0.17
21 20 0.41
21 38 4.0E-4
22 1 0.26
22 2 0.08
22 3 0.24
22 4 0.12
22 5 0.16
22 8 0.14
22 9 0.1
22 10 0.04
22 11 0.05
22 12 0.36
22 13 0.17
22 14 0.39
22 15 0.17
22 16 0.19
22 17 0.14
22 19 0.12
22 20 0.06
22 21 0.15
22 38 4.0E-4
1 23 0.06
23 2 0.09
3 23 0.14
4 23 0.35
5 23 0.45
23 6 0.24
23 7 0.34
23 10 0.05
11 23 0.06
12 23 0.3
13 23 0.34
14 23 0.09
15 23 0.1
16 23 0.11
23 18 0.14
23 19 0.14
20 23 0.54
21 23 0.57
23 38 5.0E-4
1 24 0.25
24 8 0.71
9 24 0.5
10 24 0.21
11 24 0.27
12 24 0.07
13 24 0.1
14 24 0.19
15 24 0.2
24 17 0.71
19 24 0.58
21 24 0.15
38 24 0.0050
25 2 0.25
3 25 0.13
4 25 0.31
5 25 0.17
25 6 0.22
25 7 0.15
9 25 0.22
25 10 0.09
11 25 0.29
12 25 0.34
13 25 0.33
14 25 0.08
15 25 0.18
16 25 0.1
25 18 0.25
25 19 0.25
20 25 0.24
21 25 0.51
22 25 0.04
23 25 0.42
25 38 5.0E-4
1 26 0.27
26 2 0.14
3 26 0.07
4 26 0.35
5 26 0.35
26 6 0.12
26 7 0.17
26 8 0.17
26 9 0.24
26 10 0.18
26 11 0.35
12 26 0.62
13 26 0.58
14 26 0.21
15 26 0.22
16 26 0.11
26 17 0.17
26 18 0.21
26 19 0.21
26 20 0.4
21 26 0.6
22 26 0.22
26 23 0.46
26 24 0.12
26 25 0.55
26 38 0.0012
1 27 0.17
27 2 0.25
3 27 0.19
4 27 0.48
5 27 0.53
27 6 0.33
27 7 0.47
27 8 0.47
27 9 0.67
27 10 0.07
27 11 0.45
12 27 0.22
13 27 0.24
14 27 0.19
15 27 0.2
16 27 0.15
27 17 0.47
27 18 0.38
27 19 0.58
27 20 0.37
21 27 0.29
22 27 0.14
27 23 0.24
27 24 0.33
27 25 0.22
27 26 0.36
27 38 0.0068
28 2 0.38
3 28 0.58
4 28 0.29
5 28 0.27
28 6 1.0
28 7 0.71
12 28 0.07
13 28 0.1
16 28 0.23
28 18 0.58
28 19 0.58
20 28 0.28
23 28 0.24
25 28 0.22
26 28 0.12
27 28 0.33
28 38 0.0046
1 29 0.06
29 2 0.09
3 29 0.14
4 29 0.27
5 29 0.31
29 6 0.24
29 7 0.33
29 8 0.17
29 9 0.24
29 10 0.05
29 11 0.25
12 29 0.31
13 29 0.36
14 29 0.23
15 29 0.24
16 29 0.27
29 17 0.17
29 18 0.27
29 19 0.14
29 20 0.33
21 29 0.38
22 29 0.14
29 23 0.29
29 25 0.21
29 26 0.31
29 27 0.39
29 28 0.24
29 38 0.0016
1 30 0.06
30 2 0.09
4 30 0.13
5 30 0.18
30 8 0.32
30 9 0.34
30 10 0.1
30 11 0.49
12 30 0.32
13 30 0.26
14 30 0.35
15 30 0.19
16 30 0.05
30 17 0.32
30 18 0.26
30 19 0.13
30 20 0.32
21 30 0.34
22 30 0.14
30 23 0.11
30 24 0.23
30 25 0.15
30 26 0.33
30 27 0.38
30 29 0.27
30 38 0.0017
1 31 0.1
31 2 0.15
5 31 0.11
31 8 0.58
31 9 0.41
31 10 0.09
31 11 0.65
12 31 0.18
13 31 0.17
14 31 0.24
15 31 0.08
16 31 0.09
31 17 0.58
31 19 0.24
31 20 0.23
21 31 0.18
22 31 0.08
31 24 0.41
31 25 0.18
31 26 0.24
31 27 0.41
31 29 0.19
31 30 0.56
31 38 0.0042
8 32 0.71
11 32 0.27
12 32 0.07
13 32 0.1
14 32 0.19
17 32 0.71
22 32 0.2
26 32 0.12
27 32 0.33
29 32 0.24
30 32 0.23
31 32 0.41
38 32 0.0043
33 2 0.31
3 33 0.24
4 33 0.24
5 33 0.22
33 6 0.41
33 7 0.29
9 33 0.2
10 33 0.09
12 33 0.18
13 33 0.04
14 33 0.24
15 33 0.08
16 33 0.19
33 18 0.24
33 19 0.47
20 33 0.11
21 33 0.06
22 33 0.17
23 33 0.1
25 33 0.18
26 33 0.1
27 33 0.27
33 28 0.41
29 33 0.1
30 33 0.28
33 38 0.0011
34 1 0.13
34 2 0.19
34 3 0.29
34 4 0.29
34 5 0.33
34 6 0.25
34 7 0.35
34 9 0.13
34 11 0.07
34 12 0.29
34 13 0.28
34 14 0.14
34 15 0.26
34 16 0.23
34 18 0.14
34 19 0.29
34 20 0.21
34 21 0.26
34 22 0.15
34 23 0.18
34 25 0.22
34 26 0.18
34 27 0.25
34 28 0.25
34 29 0.29
34 30 0.11
34 31 0.1
34 33 0.2
34 38 5.0E-4
1 35 0.14
35 2 0.22
3 35 0.17
4 35 0.33
5 35 0.23
35 6 0.29
35 7 0.41
35 8 0.41
9 35 0.29
10 35 0.06
11 35 0.23
12 35 0.25
13 35 0.23
14 35 0.11
15 35 0.12
16 35 0.13
35 17 0.41
35 18 0.17
35 19 0.5
20 35 0.16
21 35 0.38
22 35 0.12
23 35 0.49
35 24 0.29
25 35 0.38
26 35 0.38
27 35 0.58
35 28 0.29
29 35 0.27
30 35 0.26
31 35 0.35
35 32 0.29
35 33 0.24
34 35 0.29
35 38 0.0049
1 36 0.08
36 2 0.13
3 36 0.19
4 36 0.38
5 36 0.45
36 6 0.33
36 7 0.47
36 9 0.33
36 11 0.27
12 36 0.22
13 36 0.27
14 36 0.26
15 36 0.2
16 36 0.23
36 18 0.58
36 19 0.19
36 20 0.55
21 36 0.25
36 23 0.32
36 25 0.15
36 26 0.28
36 27 0.44
36 28 0.33
36 29 0.47
36 30 0.38
36 31 0.14
36 33 0.14
34 36 0.33
36 35 0.19
36 38 9.0E-4
1 37 0.14
37 8 0.41
9 37 0.29
10 37 0.12
11 37 0.31
12 37 0.13
13 37 0.06
14 37 0.11
15 37 0.12
37 17 0.41
19 37 0.33
21 37 0.09
37 24 0.58
26 37 0.07
27 37 0.19
29 37 0.14
30 37 0.13
31 37 0.24
35 37 0.17
38 37 0.0020
