*Vertices  10
1 "整流器"
2 "变压器"
3 "LED"
4 "二极管"
5 "三极管"
6 "蓄电池"
7 "充电器"
8 "电极"
9 "电阻"
10 "稳压块"
*Arcs
10 1 0.0308
2 1 0.68
10 2 0.0193
3 1 0.25
3 2 0.34
3 10 0.0033
4 1 0.35
4 2 0.39
4 3 0.72
4 10 0.0057
5 1 0.4
5 2 0.49
3 5 0.32
4 5 0.42
5 10 0.0226
6 1 0.3
6 2 0.28
3 6 0.28
4 6 0.18
5 6 0.18
6 10 0.0231
7 1 0.24
7 2 0.26
3 7 0.18
4 7 0.21
5 7 0.47
7 6 0.21
7 10 0.0536
8 1 0.33
8 2 0.39
3 8 0.45
4 8 0.55
5 8 0.6
8 6 0.13
8 7 0.34
8 10 0.0122
9 1 0.56
9 2 0.55
3 9 0.45
4 9 0.51
9 5 0.71
9 6 0.17
9 7 0.33
9 8 0.51
9 10 0.0133
