*Vertices  45
1 "LCD显示屏"
2 "LED灯"
3 "电容"
4 "容器"
5 "传感器"
6 "控制器"
7 "处理器"
8 "聚光杯"
9 "整流器"
10 "开关"
11 "功率因数校正"
12 "变压器"
13 "定时器"
14 "发光板"
15 "EP"
16 "LED"
17 "液晶显示模块"
18 "二极管"
19 "整流二极管"
20 "三极管"
21 "LED光源"
22 "转换器"
23 "铝基板"
24 "基板"
25 "聚光碗"
26 "散热器"
27 "放大器"
28 "半导体"
29 "MQW"
30 "焊盘"
31 "锂电池"
32 "LED芯片"
33 "芯片"
34 "存储器"
35 "电感"
36 "电极"
37 "电阻"
38 "空穴"
39 "射灯"
40 "光电耦合器"
41 "屏幕"
42 "读取器"
43 "信息卡"
44 "发光管"
45 "稳压二极管"
*Arcs
1 45 4.0E-4
2 1 0.04
2 45 0.0014
2 3 0.29
3 45 0.0050
2 4 0.12
3 4 0.23
4 45 5.0E-4
1 5 0.13
2 5 0.13
3 5 0.08
5 45 2.0E-4
1 6 0.24
2 6 0.11
3 6 0.15
4 6 0.09
6 5 0.19
6 45 8.0E-4
7 1 0.09
7 2 0.14
7 3 0.05
7 5 0.36
7 6 0.44
7 45 3.0E-4
2 8 0.16
3 8 0.29
45 8 0.0049
2 9 0.22
3 9 0.53
9 4 0.33
9 6 0.07
9 8 0.41
9 45 0.0056
10 1 0.14
2 10 0.37
10 3 0.42
10 4 0.21
10 5 0.19
10 6 0.23
7 10 0.21
10 9 0.2
10 45 0.0013
2 11 0.11
3 11 0.2
10 11 0.14
45 11 0.0027
2 12 0.26
3 12 0.52
12 4 0.24
12 5 0.04
12 6 0.1
12 8 0.3
12 9 0.68
10 12 0.29
12 11 0.21
12 45 0.0050
1 13 0.19
2 13 0.06
5 13 0.12
6 13 0.28
7 13 0.15
10 13 0.24
45 13 9.0E-4
2 14 0.16
3 14 0.2
4 14 0.19
6 14 0.12
9 14 0.14
10 14 0.14
14 11 0.5
12 14 0.21
45 14 0.0027
2 15 0.12
15 3 0.11
15 4 0.1
15 6 0.06
7 15 0.14
15 9 0.08
15 10 0.11
15 12 0.11
15 45 2.0E-4
16 1 0.22
16 2 0.67
16 3 0.36
16 4 0.19
16 5 0.37
16 6 0.3
16 7 0.28
16 8 0.1
16 9 0.25
16 10 0.54
16 11 0.07
16 12 0.34
16 13 0.13
16 14 0.15
16 15 0.28
16 45 0.0014
1 17 0.67
5 17 0.1
6 17 0.36
7 17 0.13
10 17 0.14
13 17 0.29
16 17 0.15
45 17 8.0E-4
18 1 0.14
18 2 0.32
18 3 0.39
18 4 0.23
18 5 0.2
18 6 0.15
18 7 0.08
18 8 0.14
18 9 0.35
18 10 0.46
18 11 0.1
18 12 0.39
18 13 0.12
18 14 0.15
18 15 0.22
18 16 0.72
18 17 0.1
18 45 0.0022
2 19 0.11
3 19 0.2
10 19 0.14
19 11 1.0
12 19 0.21
14 19 0.5
16 19 0.07
18 19 0.1
45 19 0.0027
20 1 0.08
2 20 0.2
20 3 0.61
20 4 0.17
20 5 0.05
20 6 0.11
20 9 0.4
10 20 0.37
20 11 0.23
20 12 0.49
20 14 0.23
15 20 0.06
16 20 0.32
20 17 0.11
18 20 0.42
20 19 0.23
20 45 0.0019
21 1 0.07
21 2 0.36
21 3 0.04
21 4 0.08
21 5 0.04
21 7 0.11
21 9 0.06
21 10 0.06
21 12 0.09
21 14 0.1
21 15 0.22
21 16 0.36
21 17 0.1
21 18 0.29
21 20 0.09
21 45 2.0E-4
22 1 0.2
2 22 0.1
3 22 0.25
22 5 0.3
22 6 0.22
7 22 0.16
10 22 0.25
12 22 0.06
22 13 0.17
15 22 0.08
16 22 0.24
22 17 0.15
18 22 0.21
20 22 0.14
22 45 4.0E-4
23 2 0.3
23 3 0.06
23 7 0.08
23 10 0.08
23 11 0.3
23 12 0.13
23 14 0.15
23 15 0.16
23 16 0.24
23 18 0.24
23 19 0.3
23 20 0.07
23 21 0.18
23 45 4.0E-4
2 24 0.27
3 24 0.29
24 8 0.5
9 24 0.31
12 24 0.23
16 24 0.21
18 24 0.14
21 24 0.07
45 24 0.0031
2 25 0.16
3 25 0.29
25 8 1.0
9 25 0.41
12 25 0.3
16 25 0.1
18 25 0.14
24 25 0.5
45 25 0.0049
2 26 0.44
26 3 0.19
26 8 0.33
26 9 0.2
26 12 0.15
26 14 0.12
16 26 0.31
18 26 0.24
21 26 0.34
23 26 0.21
26 24 0.5
26 25 0.33
26 45 0.0016
2 27 0.09
3 27 0.33
27 5 0.08
27 6 0.1
7 27 0.11
9 27 0.12
10 27 0.11
27 11 0.41
12 27 0.26
27 14 0.2
16 27 0.18
18 27 0.17
27 19 0.41
20 27 0.28
27 22 0.25
23 27 0.12
27 45 8.0E-4
28 1 0.05
28 2 0.29
28 3 0.15
28 4 0.22
28 5 0.06
28 7 0.08
28 9 0.17
28 10 0.14
28 12 0.19
28 15 0.28
28 16 0.5
28 18 0.55
28 20 0.1
28 21 0.3
28 22 0.13
28 23 0.27
28 24 0.1
28 26 0.14
28 27 0.12
28 45 2.0E-4
29 1 0.09
2 29 0.09
3 29 0.06
9 29 0.16
10 29 0.04
12 29 0.12
15 29 0.22
16 29 0.27
18 29 0.31
20 29 0.06
21 29 0.23
23 29 0.08
28 29 0.53
29 45 2.0E-4
2 30 0.06
3 30 0.12
9 30 0.17
10 30 0.08
12 30 0.12
15 30 0.31
16 30 0.13
18 30 0.12
20 30 0.13
21 30 0.12
23 30 0.17
28 30 0.17
30 29 0.16
30 45 6.0E-4
31 1 0.15
2 31 0.1
31 3 0.18
31 5 0.18
31 6 0.22
7 31 0.23
10 31 0.12
31 12 0.1
31 13 0.26
16 31 0.16
31 17 0.22
18 31 0.18
31 20 0.31
31 22 0.13
31 45 7.0E-4
32 1 0.07
2 32 0.19
32 3 0.13
32 4 0.25
32 9 0.13
32 10 0.03
32 12 0.09
15 32 0.29
16 32 0.34
18 32 0.33
32 20 0.05
21 32 0.18
23 32 0.26
32 24 0.23
32 26 0.21
32 27 0.09
28 32 0.51
32 29 0.54
32 30 0.25
32 45 2.0E-4
33 1 0.24
2 33 0.3
33 3 0.37
33 4 0.14
33 5 0.17
33 6 0.23
7 33 0.12
33 9 0.14
33 10 0.28
33 11 0.12
33 12 0.18
33 13 0.07
33 14 0.06
33 15 0.35
16 33 0.62
33 17 0.24
18 33 0.58
33 19 0.12
33 20 0.33
21 33 0.22
33 22 0.25
23 33 0.22
33 24 0.13
33 26 0.14
33 27 0.29
28 33 0.6
33 29 0.43
33 30 0.21
33 31 0.21
33 32 0.55
33 45 8.0E-4
1 34 0.22
2 34 0.04
3 34 0.07
34 5 0.33
34 6 0.16
7 34 0.34
10 34 0.23
12 34 0.07
34 13 0.19
15 34 0.09
16 34 0.22
34 17 0.33
18 34 0.17
20 34 0.15
21 34 0.14
22 34 0.4
27 34 0.27
28 34 0.1
31 34 0.15
33 34 0.16
34 45 5.0E-4
2 35 0.25
3 35 0.54
35 4 0.43
35 6 0.09
9 35 0.44
10 35 0.36
35 11 0.38
12 35 0.4
35 14 0.38
15 35 0.1
16 35 0.19
18 35 0.23
35 19 0.38
20 35 0.43
21 35 0.08
35 22 0.23
23 35 0.11
27 35 0.31
28 35 0.22
35 29 0.1
35 30 0.22
32 35 0.08
33 35 0.18
35 34 0.13
35 45 0.0036
36 1 0.11
2 36 0.16
3 36 0.37
36 4 0.19
36 5 0.03
36 6 0.12
36 9 0.33
10 36 0.2
36 11 0.16
36 12 0.39
36 14 0.16
15 36 0.13
16 36 0.45
36 17 0.08
18 36 0.55
36 19 0.16
20 36 0.6
21 36 0.1
36 22 0.1
23 36 0.1
36 24 0.06
36 27 0.2
28 36 0.56
36 29 0.55
36 30 0.09
31 36 0.15
32 36 0.39
33 36 0.57
36 34 0.05
36 35 0.31
36 45 0.0011
37 1 0.16
2 37 0.3
37 3 0.73
37 4 0.18
37 5 0.16
37 6 0.16
7 37 0.08
37 8 0.23
37 9 0.56
10 37 0.46
37 11 0.16
37 12 0.55
37 13 0.09
37 14 0.16
15 37 0.09
16 37 0.45
37 17 0.16
18 37 0.51
37 19 0.16
37 20 0.71
21 37 0.1
37 22 0.29
23 37 0.05
37 24 0.23
37 25 0.23
26 37 0.15
37 27 0.26
28 37 0.19
37 29 0.18
37 30 0.09
37 31 0.29
32 37 0.11
33 37 0.47
37 34 0.22
37 35 0.43
37 36 0.51
37 45 0.0047
38 1 0.13
2 38 0.17
3 38 0.08
9 38 0.11
10 38 0.1
12 38 0.16
15 38 0.1
16 38 0.19
18 38 0.23
20 38 0.09
21 38 0.08
23 38 0.34
28 38 0.39
29 38 0.42
30 38 0.22
32 38 0.25
33 38 0.18
35 38 0.14
36 38 0.25
37 38 0.12
38 45 3.0E-4
39 2 0.27
39 3 0.17
39 5 0.08
39 7 0.11
39 8 0.29
39 9 0.12
39 10 0.06
39 12 0.09
39 16 0.18
39 18 0.21
39 20 0.09
39 21 0.17
39 23 0.37
39 24 0.29
39 25 0.29
39 26 0.19
39 28 0.24
39 33 0.05
39 36 0.07
39 37 0.13
39 38 0.31
39 45 7.0E-4
3 40 0.29
4 40 0.27
6 40 0.34
9 40 0.2
10 40 0.1
12 40 0.15
40 14 0.35
16 40 0.1
18 40 0.14
20 40 0.32
22 40 0.21
33 40 0.08
35 40 0.27
36 40 0.23
37 40 0.23
45 40 0.0011
1 41 0.17
2 41 0.06
3 41 0.05
4 41 0.1
41 5 0.1
41 6 0.13
7 41 0.07
9 41 0.07
10 41 0.11
12 41 0.06
41 14 0.13
15 41 0.07
16 41 0.28
18 41 0.18
20 41 0.06
22 41 0.08
23 41 0.08
28 41 0.27
29 41 0.21
32 41 0.23
33 41 0.25
35 41 0.1
36 41 0.3
37 41 0.04
38 41 0.1
41 40 0.18
41 45 2.0E-4
1 42 0.33
5 42 0.2
6 42 0.24
7 42 0.26
10 42 0.14
13 42 0.58
16 42 0.07
17 42 0.5
18 42 0.1
22 42 0.3
31 42 0.45
33 42 0.12
34 42 0.33
37 42 0.16
45 42 0.0021
1 43 0.24
5 43 0.14
6 43 0.17
7 43 0.18
10 43 0.1
13 43 0.41
16 43 0.1
17 43 0.35
18 43 0.14
22 43 0.21
31 43 0.32
33 43 0.08
34 43 0.24
37 43 0.11
43 42 0.71
45 43 0.0013
2 44 0.26
3 44 0.07
5 44 0.07
6 44 0.16
7 44 0.09
10 44 0.23
44 11 0.33
12 44 0.21
44 14 0.17
16 44 0.22
18 44 0.17
44 19 0.33
20 44 0.08
23 44 0.4
27 44 0.14
28 44 0.15
33 44 0.04
35 44 0.13
36 44 0.05
37 44 0.05
38 44 0.38
39 44 0.27
45 44 5.0E-4
