*Vertices  51
1 "LCD显示屏"
2 "衬底"
3 "LED灯罩"
4 "LED灯"
5 "电容"
6 "荧光粉"
7 "整流器"
8 "开关"
9 "GAN"
10 "变压器"
11 "阻燃塑料外壳"
12 "EP"
13 "LED外延片"
14 "外延片"
15 "外延"
16 "LED"
17 "二极管"
18 "稳压二极管"
19 "三极管"
20 "通道"
21 "LED光源"
22 "塑料"
23 "铝基板"
24 "缓冲层"
25 "导热陶瓷"
26 "内量子效率"
27 "基座"
28 "密封胶"
29 "半导体"
30 "Al2O3"
31 "MQW"
32 "ESD"
33 "ITO"
34 "焊盘"
35 "LED芯片"
36 "芯片"
37 "Li"
38 "电感"
39 "电极"
40 "接触层"
41 "电阻"
42 "激光"
43 "MOCVD"
44 "标准芯片工艺制作"
45 "射灯"
46 "屏幕"
47 "发光层"
48 "甲基"
49 "发光管"
50 "导热柱"
51 "空穴"
*Arcs
51 1 2.0E-4
2 1 0.08
2 51 0.0015
51 3 6.0E-4
4 1 0.04
4 2 0.03
4 3 0.16
4 51 7.0E-4
4 5 0.29
5 51 1.0E-4
6 2 0.13
6 4 0.13
6 51 2.0E-4
7 2 0.07
4 7 0.22
5 7 0.53
7 51 2.0E-4
8 1 0.14
4 8 0.37
8 5 0.42
6 8 0.08
8 7 0.2
8 51 2.0E-4
9 1 0.12
9 2 0.65
4 9 0.04
6 9 0.1
7 9 0.1
9 51 0.0024
10 2 0.05
4 10 0.26
5 10 0.52
6 10 0.06
10 7 0.68
8 10 0.29
10 9 0.08
10 51 5.0E-4
4 11 0.11
8 11 0.14
10 11 0.21
51 11 0.0012
12 2 0.12
4 12 0.12
12 5 0.11
6 12 0.39
12 7 0.08
12 8 0.11
12 10 0.11
12 51 2.0E-4
13 1 0.12
13 2 0.65
4 13 0.04
6 13 0.1
7 13 0.1
13 9 0.75
10 13 0.08
13 51 0.0026
14 1 0.09
14 2 0.83
4 14 0.03
6 14 0.08
7 14 0.08
14 9 0.78
10 14 0.06
12 14 0.07
14 13 0.78
14 51 0.0020
15 1 0.08
15 2 0.95
4 15 0.05
6 15 0.13
7 15 0.07
15 9 0.65
10 15 0.05
12 15 0.06
15 13 0.65
15 14 0.83
15 51 0.0015
16 1 0.22
16 2 0.32
16 3 0.1
16 4 0.67
16 5 0.36
16 6 0.25
16 7 0.25
16 8 0.54
16 9 0.21
16 10 0.34
16 11 0.07
16 12 0.28
16 13 0.21
16 14 0.27
16 15 0.32
16 51 0.0010
17 1 0.14
17 2 0.37
17 3 0.07
17 4 0.32
17 5 0.39
17 6 0.23
17 7 0.35
17 8 0.46
17 9 0.25
17 10 0.39
17 11 0.1
17 12 0.22
17 13 0.22
17 14 0.31
17 15 0.37
17 16 0.72
17 51 0.0012
1 18 0.13
4 18 0.21
5 18 0.46
7 18 0.55
8 18 0.21
10 18 0.48
12 18 0.1
16 18 0.19
17 18 0.27
51 18 2.0E-4
19 1 0.08
4 19 0.2
19 5 0.61
19 7 0.4
8 19 0.37
19 10 0.49
12 19 0.06
16 19 0.32
17 19 0.42
19 18 0.26
19 51 1.0E-4
20 2 0.2
4 20 0.22
5 20 0.12
8 20 0.04
20 9 0.31
20 13 0.2
20 14 0.24
20 15 0.2
16 20 0.25
17 20 0.23
19 20 0.07
20 51 5.0E-4
21 1 0.07
21 2 0.09
21 4 0.36
21 5 0.04
21 6 0.24
21 7 0.06
21 8 0.06
21 9 0.14
21 10 0.09
21 12 0.22
21 14 0.11
21 15 0.09
21 16 0.36
21 17 0.29
21 18 0.08
21 19 0.09
21 20 0.18
21 51 1.0E-4
22 2 0.05
22 3 0.16
22 4 0.28
22 6 0.2
22 8 0.16
22 10 0.05
22 11 0.23
22 12 0.06
22 14 0.06
22 15 0.05
22 16 0.32
22 17 0.28
22 20 0.13
22 21 0.14
22 51 0.0012
23 2 0.07
23 3 0.21
23 4 0.3
23 5 0.06
23 6 0.17
23 8 0.08
23 10 0.13
23 11 0.3
23 12 0.16
23 14 0.08
23 15 0.07
23 16 0.24
23 17 0.24
23 18 0.11
23 19 0.07
23 20 0.26
23 21 0.18
23 22 0.35
23 51 0.0021
24 1 0.12
24 2 0.65
6 24 0.1
24 9 0.63
24 13 0.75
24 14 0.78
24 15 0.65
16 24 0.21
17 24 0.22
24 20 0.2
24 51 0.0025
4 25 0.11
16 25 0.07
17 25 0.1
20 25 0.29
22 25 0.23
23 25 0.3
51 25 0.0019
2 26 0.32
6 26 0.2
9 26 0.25
13 26 0.5
14 26 0.39
15 26 0.32
16 26 0.1
17 26 0.07
24 26 0.5
51 26 0.0011
4 27 0.22
6 27 0.14
16 27 0.15
17 27 0.15
20 27 0.43
21 27 0.1
22 27 0.11
23 27 0.3
27 25 0.5
51 27 7.0E-4
4 28 0.22
8 28 0.07
16 28 0.15
17 28 0.05
20 28 0.29
21 28 0.1
22 28 0.11
23 28 0.3
28 25 0.5
28 27 0.25
51 28 6.0E-4
29 1 0.05
29 2 0.64
29 3 0.1
29 4 0.29
29 5 0.15
29 6 0.34
29 7 0.17
29 8 0.14
29 9 0.42
29 10 0.19
29 11 0.15
29 12 0.28
29 13 0.42
29 14 0.53
29 15 0.64
29 16 0.5
29 17 0.55
29 18 0.06
29 19 0.1
29 20 0.17
29 21 0.3
29 22 0.24
29 23 0.27
29 24 0.42
29 25 0.15
29 26 0.21
29 27 0.15
29 28 0.15
29 51 0.0029
30 1 0.08
30 2 0.72
4 30 0.08
6 30 0.35
30 7 0.07
30 8 0.03
30 9 0.69
30 10 0.05
12 30 0.06
30 13 0.6
30 14 0.74
30 15 0.78
16 30 0.3
17 30 0.34
30 20 0.21
21 30 0.1
22 30 0.11
30 24 0.69
30 26 0.34
29 30 0.57
30 51 0.0016
31 1 0.09
31 2 0.64
4 31 0.09
5 31 0.06
6 31 0.16
7 31 0.16
8 31 0.04
31 9 0.78
10 31 0.12
12 31 0.22
31 13 0.69
31 14 0.77
31 15 0.7
16 31 0.27
17 31 0.31
31 18 0.1
19 31 0.06
31 20 0.24
21 31 0.23
22 31 0.06
23 31 0.08
31 24 0.59
31 26 0.39
29 31 0.53
30 31 0.67
31 51 0.0028
32 2 0.41
5 32 0.09
8 32 0.06
32 9 0.47
32 13 0.63
32 14 0.5
32 15 0.41
16 32 0.16
17 32 0.14
32 20 0.26
32 24 0.63
32 26 0.32
29 32 0.26
30 32 0.43
32 31 0.5
32 51 7.0E-4
33 1 0.19
2 33 0.66
4 33 0.06
6 33 0.08
7 33 0.08
9 33 0.61
10 33 0.06
13 33 0.61
14 33 0.72
15 33 0.73
16 33 0.25
17 33 0.26
20 33 0.08
21 33 0.12
24 33 0.51
33 26 0.41
29 33 0.47
30 33 0.7
31 33 0.64
32 33 0.26
51 33 0.0018
4 34 0.06
5 34 0.12
6 34 0.17
7 34 0.17
8 34 0.08
10 34 0.12
12 34 0.31
16 34 0.13
17 34 0.12
34 18 0.22
19 34 0.13
21 34 0.12
23 34 0.17
29 34 0.17
34 31 0.16
34 51 4.0E-4
35 1 0.07
35 2 0.5
4 35 0.19
35 5 0.13
6 35 0.31
35 7 0.13
35 8 0.03
35 9 0.39
35 10 0.09
12 35 0.29
35 13 0.54
35 14 0.48
35 15 0.45
16 35 0.34
17 35 0.33
35 18 0.08
35 19 0.05
35 20 0.31
21 35 0.18
22 35 0.1
23 35 0.26
35 24 0.39
35 26 0.15
35 27 0.33
29 35 0.51
30 35 0.42
35 31 0.54
35 32 0.39
35 33 0.31
35 34 0.25
35 51 0.0012
36 1 0.24
36 2 0.49
4 36 0.3
36 5 0.37
6 36 0.35
36 7 0.14
36 8 0.28
36 9 0.34
36 10 0.18
36 12 0.35
36 13 0.34
36 14 0.43
36 15 0.49
16 36 0.62
17 36 0.58
36 18 0.14
36 19 0.33
36 20 0.24
21 36 0.22
22 36 0.11
23 36 0.22
36 24 0.34
36 26 0.17
36 27 0.18
36 28 0.06
29 36 0.6
36 30 0.46
36 31 0.43
36 32 0.27
36 33 0.38
36 34 0.21
36 35 0.55
36 51 9.0E-4
37 2 0.16
37 3 0.17
4 37 0.26
37 5 0.05
6 37 0.27
37 8 0.13
37 9 0.25
37 10 0.05
37 11 0.24
37 12 0.25
37 13 0.08
37 14 0.2
37 15 0.16
16 37 0.31
17 37 0.36
37 20 0.2
21 37 0.24
22 37 0.27
23 37 0.36
37 24 0.08
37 25 0.24
37 26 0.17
37 27 0.24
37 28 0.12
29 37 0.38
37 30 0.29
37 31 0.26
37 32 0.11
37 33 0.2
37 35 0.21
37 36 0.31
37 51 0.0022
4 38 0.25
5 38 0.54
7 38 0.44
8 38 0.36
10 38 0.4
12 38 0.1
16 38 0.19
17 38 0.23
38 18 0.43
19 38 0.43
21 38 0.08
23 38 0.11
29 38 0.22
38 31 0.1
38 34 0.22
35 38 0.08
36 38 0.18
38 51 2.0E-4
39 1 0.11
39 2 0.72
4 39 0.16
5 39 0.37
6 39 0.09
39 7 0.33
8 39 0.2
39 9 0.46
39 10 0.39
12 39 0.13
39 13 0.46
39 14 0.59
39 15 0.72
16 39 0.45
17 39 0.55
39 18 0.19
19 39 0.6
39 20 0.19
21 39 0.1
22 39 0.04
23 39 0.1
39 24 0.46
39 26 0.23
29 39 0.56
30 39 0.56
39 31 0.55
39 32 0.29
39 33 0.57
39 34 0.09
35 39 0.39
36 39 0.57
37 39 0.12
39 38 0.31
39 51 0.0013
40 1 0.13
40 2 0.61
4 40 0.04
6 40 0.11
7 40 0.11
40 9 0.8
10 40 0.08
40 13 0.94
40 14 0.73
40 15 0.61
16 40 0.19
17 40 0.19
40 20 0.22
40 24 0.8
40 26 0.53
29 40 0.39
30 40 0.64
40 31 0.73
40 32 0.68
40 33 0.55
35 40 0.49
36 40 0.32
37 40 0.09
39 40 0.43
40 51 0.0028
41 1 0.16
41 2 0.11
4 41 0.3
41 5 0.73
6 41 0.05
41 7 0.56
8 41 0.46
41 9 0.17
41 10 0.55
12 41 0.09
41 13 0.11
41 14 0.13
41 15 0.11
16 41 0.45
17 41 0.51
41 18 0.43
41 19 0.71
41 20 0.19
21 41 0.1
23 41 0.05
41 24 0.06
41 26 0.11
41 27 0.08
29 41 0.19
30 41 0.12
41 31 0.18
41 32 0.07
41 33 0.14
41 34 0.09
35 41 0.11
36 41 0.47
37 41 0.11
41 38 0.43
41 39 0.51
41 40 0.12
41 51 3.0E-4
42 1 0.09
42 2 0.37
42 4 0.12
42 6 0.23
42 7 0.08
42 8 0.04
42 9 0.38
42 10 0.06
42 13 0.19
42 14 0.3
42 15 0.43
42 16 0.28
42 17 0.24
42 20 0.08
42 21 0.16
42 22 0.18
42 23 0.08
42 24 0.09
42 26 0.19
42 29 0.39
42 30 0.45
42 31 0.37
42 33 0.46
42 35 0.12
42 36 0.26
42 37 0.19
42 39 0.31
42 40 0.2
42 41 0.17
42 51 3.0E-4
43 1 0.1
43 2 0.73
4 43 0.03
6 43 0.08
43 9 0.71
12 43 0.08
43 13 0.61
43 14 0.88
43 15 0.79
16 43 0.25
17 43 0.29
43 20 0.25
21 43 0.12
22 43 0.07
23 43 0.09
43 24 0.82
43 26 0.41
29 43 0.51
30 43 0.77
43 31 0.8
43 32 0.52
43 33 0.67
35 43 0.38
36 43 0.41
37 43 0.2
39 43 0.57
43 40 0.65
41 43 0.09
42 43 0.31
43 51 0.0021
44 1 0.15
44 2 0.51
6 44 0.13
44 9 0.63
44 13 0.79
44 14 0.62
44 15 0.51
16 44 0.16
17 44 0.14
44 20 0.13
44 24 0.79
44 26 0.63
29 44 0.33
30 44 0.54
44 31 0.62
44 32 0.6
44 33 0.52
35 44 0.39
36 44 0.27
37 44 0.11
39 44 0.37
44 40 0.85
41 44 0.07
42 44 0.12
44 43 0.65
44 51 0.0033
45 3 0.29
45 4 0.27
45 5 0.17
45 6 0.12
45 7 0.12
45 8 0.06
45 10 0.09
45 16 0.18
45 17 0.21
45 18 0.15
45 19 0.09
45 20 0.24
45 21 0.17
45 22 0.28
45 23 0.37
45 25 0.41
45 27 0.2
45 28 0.2
45 29 0.24
45 36 0.05
45 37 0.19
45 39 0.07
45 41 0.13
45 42 0.11
45 51 0.0015
1 46 0.17
2 46 0.36
4 46 0.06
5 46 0.05
7 46 0.07
8 46 0.11
9 46 0.18
10 46 0.06
12 46 0.07
13 46 0.27
14 46 0.43
15 46 0.36
16 46 0.28
17 46 0.18
46 18 0.1
19 46 0.06
20 46 0.07
22 46 0.18
23 46 0.08
24 46 0.37
46 28 0.13
29 46 0.27
30 46 0.25
31 46 0.21
32 46 0.23
33 46 0.22
35 46 0.23
36 46 0.25
38 46 0.1
39 46 0.3
40 46 0.2
41 46 0.04
42 46 0.14
43 46 0.37
44 46 0.12
51 46 3.0E-4
47 1 0.13
2 47 0.61
9 47 0.13
12 47 0.2
13 47 0.13
14 47 0.42
15 47 0.52
16 47 0.19
17 47 0.27
22 47 0.09
23 47 0.11
24 47 0.4
29 47 0.39
30 47 0.28
31 47 0.21
47 33 0.22
35 47 0.25
36 47 0.32
39 47 0.43
40 47 0.14
43 47 0.44
44 47 0.17
47 46 0.29
47 51 3.0E-4
48 1 0.1
48 2 0.33
4 48 0.06
6 48 0.33
8 48 0.04
48 9 0.41
10 48 0.06
12 48 0.23
48 13 0.51
48 14 0.4
48 15 0.33
16 48 0.25
17 48 0.23
48 20 0.08
21 48 0.12
22 48 0.13
48 24 0.51
48 26 0.41
48 27 0.14
29 48 0.38
30 48 0.49
48 31 0.4
48 32 0.39
48 33 0.33
48 34 0.17
35 48 0.38
36 48 0.38
37 48 0.27
39 48 0.24
48 40 0.55
41 48 0.05
42 48 0.08
48 43 0.42
48 44 0.52
48 46 0.15
48 47 0.11
48 51 0.0016
49 3 0.24
4 49 0.26
5 49 0.07
8 49 0.23
10 49 0.21
49 11 0.33
16 49 0.22
17 49 0.17
18 49 0.13
19 49 0.08
20 49 0.1
22 49 0.31
23 49 0.4
49 25 0.33
49 27 0.17
49 28 0.17
29 49 0.15
36 49 0.04
37 49 0.24
38 49 0.13
39 49 0.05
41 49 0.05
45 49 0.27
51 49 0.0022
4 50 0.11
16 50 0.07
17 50 0.1
20 50 0.29
22 50 0.23
23 50 0.3
50 25 1.0
27 50 0.5
28 50 0.5
29 50 0.15
37 50 0.24
45 50 0.41
49 50 0.33
51 50 0.0019
