*Vertices  18
1 "LED灯"
2 "电容"
3 "传感器"
4 "开关"
5 "LED"
6 "二极管"
7 "三极管"
8 "玻璃"
9 "通道"
10 "接收管"
11 "发光体"
12 "电路板"
13 "客户"
14 "芯片"
15 "电极"
16 "电阻"
17 "射灯"
18 "红外线发射管"
*Arcs
1 18 0.0020
1 2 0.29
2 18 0.0044
1 3 0.13
2 3 0.08
3 18 0.0035
1 4 0.37
4 2 0.42
4 3 0.19
4 18 0.0024
5 1 0.67
5 2 0.36
5 3 0.37
5 4 0.54
5 18 0.0014
6 1 0.32
6 2 0.39
6 3 0.2
6 4 0.46
6 5 0.72
6 18 0.0019
1 7 0.2
7 2 0.61
7 3 0.05
4 7 0.37
5 7 0.32
6 7 0.42
7 18 0.0055
8 1 0.27
8 2 0.08
8 3 0.12
8 4 0.18
8 5 0.38
8 6 0.27
8 7 0.09
8 18 0.0034
1 9 0.22
2 9 0.12
9 3 0.12
4 9 0.04
5 9 0.25
6 9 0.23
7 9 0.07
8 9 0.11
9 18 0.0070
1 10 0.13
2 10 0.24
3 10 0.12
4 10 0.24
5 10 0.13
6 10 0.18
7 10 0.4
8 10 0.11
9 10 0.17
10 18 0.0259
11 1 0.21
11 2 0.08
11 3 0.08
11 4 0.1
11 5 0.19
11 6 0.23
11 7 0.09
11 8 0.15
11 9 0.11
11 10 0.22
11 18 0.0116
12 1 0.4
12 2 0.13
12 3 0.08
12 4 0.14
12 5 0.36
12 6 0.17
12 7 0.19
12 8 0.39
12 9 0.06
12 10 0.24
12 11 0.23
12 18 0.0042
1 13 0.22
2 13 0.17
13 3 0.24
4 13 0.17
5 13 0.18
6 13 0.08
7 13 0.09
8 13 0.08
13 9 0.12
13 10 0.24
11 13 0.15
12 13 0.17
13 18 0.0132
1 14 0.3
14 2 0.37
14 3 0.17
14 4 0.28
5 14 0.62
6 14 0.58
14 7 0.33
8 14 0.21
14 9 0.24
14 10 0.21
11 14 0.09
12 14 0.22
14 13 0.1
14 18 0.0020
1 15 0.16
2 15 0.37
15 3 0.03
4 15 0.2
5 15 0.45
6 15 0.55
7 15 0.6
8 15 0.13
15 9 0.19
15 10 0.19
11 15 0.06
12 15 0.03
15 13 0.07
14 15 0.57
15 18 0.0028
1 16 0.3
16 2 0.73
16 3 0.16
4 16 0.46
5 16 0.45
6 16 0.51
16 7 0.71
8 16 0.09
16 9 0.19
16 10 0.28
11 16 0.06
12 16 0.17
16 13 0.13
14 16 0.47
16 15 0.51
16 18 0.0034
17 1 0.27
17 2 0.17
17 3 0.08
17 4 0.06
17 5 0.18
17 6 0.21
17 7 0.09
17 8 0.16
17 9 0.24
17 10 0.24
17 11 0.31
17 12 0.17
17 13 0.17
17 14 0.05
17 15 0.07
17 16 0.13
17 18 0.0136
