*Vertices  25
1 "LCD显示屏"
2 "LED灯"
3 "电容"
4 "传感器"
5 "控制器"
6 "处理器"
7 "开关"
8 "触发脉冲"
9 "变压器"
10 "EP"
11 "LED"
12 "二极管"
13 "三极管"
14 "转换器"
15 "GPIO"
16 "客户"
17 "滑动变阻器"
18 "芯片"
19 "电极"
20 "电阻"
21 "光电耦合器"
22 "蜂鸣器"
23 "晶体闸流管"
24 "插座"
25 "继电器"
*Arcs
25 1 0.0013
2 1 0.04
2 25 4.0E-4
2 3 0.29
3 25 0.0102
1 4 0.13
2 4 0.13
3 4 0.08
25 4 6.0E-4
1 5 0.24
2 5 0.11
3 5 0.15
5 4 0.19
25 5 0.0016
6 1 0.09
6 2 0.14
6 3 0.05
6 4 0.36
6 5 0.44
6 25 0.0010
7 1 0.14
2 7 0.37
7 3 0.42
7 4 0.19
7 5 0.23
6 7 0.21
7 25 0.0046
3 8 0.2
5 8 0.24
25 8 0.0101
2 9 0.26
3 9 0.52
9 4 0.04
9 5 0.1
7 9 0.29
9 25 0.0028
2 10 0.12
10 3 0.11
10 5 0.06
6 10 0.14
10 7 0.11
10 9 0.11
10 25 9.0E-4
11 1 0.22
11 2 0.67
11 3 0.36
11 4 0.37
11 5 0.3
11 6 0.28
11 7 0.54
11 8 0.07
11 9 0.34
11 10 0.28
11 25 0.0028
12 1 0.14
12 2 0.32
12 3 0.39
12 4 0.2
12 5 0.15
12 6 0.08
12 7 0.46
12 8 0.1
12 9 0.39
12 10 0.22
12 11 0.72
12 25 0.0033
13 1 0.08
2 13 0.2
13 3 0.61
13 4 0.05
13 5 0.11
7 13 0.37
13 8 0.23
13 9 0.49
10 13 0.06
11 13 0.32
12 13 0.42
13 25 0.0081
14 1 0.2
2 14 0.1
3 14 0.25
14 4 0.3
14 5 0.22
6 14 0.16
7 14 0.25
14 8 0.3
9 14 0.06
10 14 0.08
11 14 0.24
12 14 0.21
13 14 0.14
25 14 0.0020
15 1 0.19
2 15 0.06
3 15 0.12
6 15 0.15
7 15 0.24
10 15 0.15
11 15 0.13
12 15 0.06
13 15 0.13
15 25 0.0039
16 1 0.14
2 16 0.22
3 16 0.17
16 4 0.24
6 16 0.21
7 16 0.17
10 16 0.11
11 16 0.18
12 16 0.08
13 16 0.09
14 16 0.12
15 16 0.24
25 16 0.0019
3 17 0.14
7 17 0.19
9 17 0.15
11 17 0.1
12 17 0.14
13 17 0.16
25 17 0.0042
18 1 0.24
2 18 0.3
18 3 0.37
18 4 0.17
18 5 0.23
6 18 0.12
18 7 0.28
18 8 0.12
18 9 0.18
18 10 0.35
11 18 0.62
12 18 0.58
18 13 0.33
18 14 0.25
18 15 0.14
18 16 0.1
18 17 0.08
18 25 0.0026
19 1 0.11
2 19 0.16
3 19 0.37
19 4 0.03
19 5 0.12
7 19 0.2
19 8 0.16
19 9 0.39
10 19 0.13
11 19 0.45
12 19 0.55
13 19 0.6
19 14 0.1
19 16 0.07
19 17 0.12
18 19 0.57
19 25 0.0042
20 1 0.16
2 20 0.3
20 3 0.73
20 4 0.16
20 5 0.16
6 20 0.08
7 20 0.46
20 8 0.16
20 9 0.55
10 20 0.09
11 20 0.45
12 20 0.51
20 13 0.71
20 14 0.29
20 15 0.28
20 16 0.13
20 17 0.11
18 20 0.47
20 19 0.51
20 25 0.0101
3 21 0.29
5 21 0.34
7 21 0.1
21 8 0.71
9 21 0.15
11 21 0.1
12 21 0.14
13 21 0.32
14 21 0.21
18 21 0.08
19 21 0.23
20 21 0.23
25 21 0.0081
1 22 0.19
2 22 0.13
3 22 0.12
4 22 0.12
5 22 0.14
6 22 0.3
7 22 0.16
10 22 0.15
11 22 0.13
12 22 0.12
13 22 0.13
15 22 0.67
16 22 0.24
18 22 0.14
20 22 0.19
25 22 0.0039
2 23 0.05
3 23 0.31
7 23 0.2
9 23 0.32
11 23 0.15
12 23 0.2
13 23 0.34
18 23 0.06
19 23 0.25
20 23 0.32
23 25 0.0023
2 24 0.09
3 24 0.17
24 4 0.16
6 24 0.11
7 24 0.28
10 24 0.11
11 24 0.18
12 24 0.17
14 24 0.12
15 24 0.24
24 16 0.17
18 24 0.1
20 24 0.13
24 22 0.24
25 24 0.0018
