*Vertices  40
1 "LCD显示屏"
2 "衬底"
3 "荧光粉"
4 "发光荧光材料"
5 "GAN"
6 "蒸镀方法"
7 "LED外延片"
8 "外延片"
9 "外延"
10 "LED"
11 "二极管"
12 "通道"
13 "内量子效率"
14 "SiO2"
15 "半导体"
16 "Al2O3"
17 "GaAs"
18 "MQW"
19 "ESD"
20 "ITO"
21 "键合"
22 "太阳能"
23 "LED芯片"
24 "芯片"
25 "Li"
26 "电极"
27 "接触层"
28 "电阻"
29 "激光"
30 "MOCVD"
31 "标准芯片工艺制作"
32 "湿法刻蚀"
33 "干法刻蚀"
34 "空穴"
35 "屏幕"
36 "反射层"
37 "发光层"
38 "甲基"
39 "电流阻挡层"
40 "缓冲层"
*Arcs
40 1 2.0E-4
2 1 0.08
40 2 0.0051
3 2 0.13
3 40 2.0E-4
4 2 0.18
4 3 0.54
4 40 4.0E-4
5 1 0.12
5 2 0.65
3 5 0.1
40 5 0.0043
2 6 0.32
4 6 0.38
40 6 0.0018
7 1 0.12
7 2 0.65
3 7 0.1
7 5 0.75
40 7 0.0056
8 1 0.09
8 2 0.83
3 8 0.08
4 8 0.15
8 5 0.78
8 6 0.39
8 7 0.78
40 8 0.0066
9 1 0.08
9 2 0.95
3 9 0.13
4 9 0.25
9 5 0.65
9 6 0.32
9 7 0.65
9 8 0.83
40 9 0.0052
10 1 0.22
10 2 0.32
10 3 0.25
10 4 0.28
10 5 0.21
10 6 0.1
10 7 0.21
10 8 0.27
10 9 0.32
10 40 7.0E-4
11 1 0.14
11 2 0.37
11 3 0.23
11 4 0.33
11 5 0.25
11 6 0.14
11 7 0.22
11 8 0.31
11 9 0.37
11 10 0.72
11 40 8.0E-4
12 2 0.2
12 5 0.31
12 7 0.2
12 8 0.24
12 9 0.2
10 12 0.25
11 12 0.23
40 12 4.0E-4
2 13 0.32
3 13 0.2
5 13 0.25
7 13 0.5
8 13 0.39
9 13 0.32
10 13 0.1
11 13 0.07
40 13 0.0022
14 2 0.38
3 14 0.32
4 14 0.52
14 5 0.29
14 6 0.2
14 7 0.2
14 8 0.38
14 9 0.38
10 14 0.27
11 14 0.31
14 12 0.08
14 40 4.0E-4
15 1 0.05
15 2 0.64
15 3 0.34
15 4 0.43
15 5 0.42
15 6 0.21
15 7 0.42
15 8 0.53
15 9 0.64
15 10 0.5
15 11 0.55
15 12 0.17
15 13 0.21
15 14 0.41
15 40 0.0024
16 1 0.08
16 2 0.72
3 16 0.35
4 16 0.45
16 5 0.69
16 6 0.34
16 7 0.6
16 8 0.74
16 9 0.78
10 16 0.3
11 16 0.34
16 12 0.21
16 13 0.34
14 16 0.54
15 16 0.57
16 40 0.0053
2 17 0.61
3 17 0.1
4 17 0.18
5 17 0.24
17 6 0.24
8 17 0.37
9 17 0.69
10 17 0.22
11 17 0.27
12 17 0.1
14 17 0.37
15 17 0.44
16 17 0.4
40 17 5.0E-4
18 1 0.09
18 2 0.64
3 18 0.16
4 18 0.15
18 5 0.78
18 7 0.69
18 8 0.77
18 9 0.7
10 18 0.27
11 18 0.31
18 12 0.24
18 13 0.39
14 18 0.31
15 18 0.53
16 18 0.67
18 17 0.37
18 40 0.0042
19 2 0.41
19 5 0.47
19 7 0.63
19 8 0.5
19 9 0.41
10 19 0.16
11 19 0.14
19 12 0.26
19 13 0.32
15 19 0.26
16 19 0.43
19 18 0.5
19 40 0.0035
20 1 0.19
2 20 0.66
3 20 0.08
4 20 0.23
5 20 0.61
20 6 0.2
7 20 0.61
8 20 0.72
9 20 0.73
10 20 0.25
11 20 0.26
12 20 0.08
20 13 0.41
14 20 0.4
15 20 0.47
16 20 0.7
20 17 0.29
18 20 0.64
19 20 0.26
40 20 0.0033
2 21 0.26
3 21 0.22
4 21 0.2
21 6 0.27
8 21 0.1
9 21 0.35
10 21 0.19
11 21 0.19
14 21 0.21
15 21 0.28
16 21 0.28
21 17 0.5
18 21 0.1
20 21 0.11
40 21 3.0E-4
2 22 0.07
3 22 0.09
5 22 0.11
7 22 0.11
8 22 0.09
9 22 0.07
10 22 0.23
11 22 0.13
12 22 0.09
15 22 0.05
16 22 0.08
18 22 0.09
19 22 0.14
40 22 1.0E-4
23 1 0.07
23 2 0.5
3 23 0.31
4 23 0.17
23 5 0.39
23 7 0.54
23 8 0.48
23 9 0.45
10 23 0.34
11 23 0.33
23 12 0.31
23 13 0.15
14 23 0.24
15 23 0.51
16 23 0.42
23 17 0.15
23 18 0.54
23 19 0.39
23 20 0.31
23 21 0.25
23 22 0.07
23 40 0.0019
24 1 0.24
24 2 0.49
3 24 0.35
4 24 0.35
24 5 0.34
24 6 0.17
24 7 0.34
24 8 0.43
24 9 0.49
10 24 0.62
11 24 0.58
24 12 0.24
24 13 0.17
24 14 0.4
15 24 0.6
24 16 0.46
24 17 0.36
24 18 0.43
24 19 0.27
24 20 0.38
24 21 0.27
24 22 0.08
24 23 0.55
24 40 0.0017
25 2 0.16
3 25 0.27
4 25 0.31
25 5 0.25
25 7 0.08
25 8 0.2
25 9 0.16
10 25 0.31
11 25 0.36
25 12 0.2
25 13 0.17
25 14 0.33
15 25 0.38
25 16 0.29
25 17 0.16
25 18 0.26
25 19 0.11
25 20 0.2
25 23 0.21
25 24 0.31
25 40 2.0E-4
26 1 0.11
26 2 0.72
3 26 0.09
4 26 0.22
26 5 0.46
26 6 0.23
26 7 0.46
26 8 0.59
26 9 0.72
10 26 0.45
11 26 0.55
26 12 0.19
26 13 0.23
14 26 0.32
15 26 0.56
16 26 0.56
26 17 0.49
26 18 0.55
26 19 0.29
26 20 0.57
26 21 0.25
26 22 0.05
23 26 0.39
24 26 0.57
25 26 0.12
26 40 0.0028
27 1 0.13
27 2 0.61
3 27 0.11
27 5 0.8
27 7 0.94
27 8 0.73
27 9 0.61
10 27 0.19
11 27 0.19
27 12 0.22
27 13 0.53
14 27 0.1
15 27 0.39
16 27 0.64
27 18 0.73
27 19 0.68
27 20 0.55
27 22 0.12
23 27 0.49
24 27 0.32
25 27 0.09
26 27 0.43
27 40 0.0061
28 1 0.16
28 2 0.11
3 28 0.05
4 28 0.04
28 5 0.17
28 7 0.11
28 8 0.13
28 9 0.11
10 28 0.45
11 28 0.51
28 12 0.19
28 13 0.11
14 28 0.09
15 28 0.19
16 28 0.12
28 17 0.05
28 18 0.18
28 19 0.07
28 20 0.14
28 22 0.05
23 28 0.11
24 28 0.47
25 28 0.11
28 26 0.51
28 27 0.12
28 40 1.0E-4
29 1 0.09
29 2 0.37
29 3 0.23
29 4 0.21
29 5 0.38
29 7 0.19
29 8 0.3
29 9 0.43
29 10 0.28
29 11 0.24
29 12 0.08
29 13 0.19
29 14 0.3
29 15 0.39
29 16 0.45
29 17 0.36
29 18 0.37
29 20 0.46
29 21 0.2
29 23 0.12
29 24 0.26
29 25 0.19
29 26 0.31
29 27 0.2
29 28 0.17
29 40 3.0E-4
30 1 0.1
30 2 0.73
3 30 0.08
4 30 0.23
30 5 0.71
30 6 0.41
30 7 0.61
30 8 0.88
30 9 0.79
10 30 0.25
11 30 0.29
30 12 0.25
30 13 0.41
14 30 0.32
15 30 0.51
16 30 0.77
30 17 0.48
30 18 0.8
30 19 0.52
30 20 0.67
30 21 0.22
30 22 0.09
23 30 0.38
24 30 0.41
25 30 0.2
26 30 0.57
30 27 0.65
28 30 0.09
29 30 0.31
30 40 0.0069
31 1 0.15
31 2 0.51
3 31 0.13
31 5 0.63
31 7 0.79
31 8 0.62
31 9 0.51
10 31 0.16
11 31 0.14
31 12 0.13
31 13 0.63
15 31 0.33
16 31 0.54
31 18 0.62
31 19 0.6
31 20 0.52
23 31 0.39
24 31 0.27
25 31 0.11
26 31 0.37
31 27 0.85
28 31 0.07
29 31 0.12
31 30 0.65
31 40 0.0055
2 32 0.46
4 32 0.13
5 32 0.35
32 6 0.35
7 32 0.18
8 32 0.55
9 32 0.46
10 32 0.15
11 32 0.2
12 32 0.14
14 32 0.55
15 32 0.29
16 32 0.36
32 17 0.5
18 32 0.28
20 32 0.43
21 32 0.19
23 32 0.11
24 32 0.24
25 32 0.24
26 32 0.33
28 32 0.08
29 32 0.27
30 32 0.43
40 32 6.0E-4
2 33 0.51
3 33 0.13
4 33 0.24
5 33 0.32
33 6 0.63
8 33 0.5
9 33 0.51
10 33 0.16
11 33 0.18
12 33 0.13
14 33 0.37
15 33 0.33
16 33 0.54
33 17 0.6
18 33 0.25
20 33 0.39
21 33 0.34
23 33 0.1
24 33 0.27
25 33 0.21
26 33 0.37
28 33 0.07
29 33 0.36
30 33 0.52
33 32 0.67
40 33 0.0012
34 1 0.13
2 34 0.26
3 34 0.11
5 34 0.4
7 34 0.4
8 34 0.31
9 34 0.26
10 34 0.19
11 34 0.23
12 34 0.11
34 13 0.27
15 34 0.39
16 34 0.28
18 34 0.42
19 34 0.17
34 20 0.33
23 34 0.25
24 34 0.18
25 34 0.36
26 34 0.25
27 34 0.43
28 34 0.12
29 34 0.1
30 34 0.33
31 34 0.51
40 34 0.0016
1 35 0.17
2 35 0.36
4 35 0.14
5 35 0.18
35 6 0.37
7 35 0.27
8 35 0.43
9 35 0.36
10 35 0.28
11 35 0.18
12 35 0.07
14 35 0.21
15 35 0.27
16 35 0.25
35 17 0.17
18 35 0.21
19 35 0.23
20 35 0.22
21 35 0.1
35 22 0.08
23 35 0.23
24 35 0.25
26 35 0.3
27 35 0.2
28 35 0.04
29 35 0.14
30 35 0.37
31 35 0.12
35 32 0.26
35 33 0.23
34 35 0.1
40 35 0.0014
2 36 0.52
3 36 0.11
4 36 0.3
36 6 0.53
7 36 0.13
8 36 0.42
9 36 0.52
10 36 0.19
11 36 0.19
14 36 0.31
15 36 0.33
16 36 0.37
36 17 0.38
18 36 0.1
20 36 0.33
21 36 0.29
23 36 0.25
24 36 0.23
26 36 0.37
29 36 0.2
30 36 0.33
36 32 0.38
36 33 0.51
36 35 0.49
40 36 9.0E-4
37 1 0.13
2 37 0.61
4 37 0.2
5 37 0.13
37 6 0.53
7 37 0.13
8 37 0.42
9 37 0.52
10 37 0.19
11 37 0.27
14 37 0.21
15 37 0.39
16 37 0.28
37 17 0.5
18 37 0.21
37 20 0.22
37 21 0.29
23 37 0.25
24 37 0.32
26 37 0.43
27 37 0.14
30 37 0.44
31 37 0.17
37 32 0.19
37 33 0.34
37 34 0.14
37 35 0.29
37 36 0.43
40 37 0.0017
38 1 0.1
38 2 0.33
3 38 0.33
4 38 0.23
38 5 0.41
38 7 0.51
38 8 0.4
38 9 0.33
10 38 0.25
11 38 0.23
38 12 0.08
38 13 0.41
14 38 0.16
15 38 0.38
16 38 0.49
38 18 0.4
38 19 0.39
38 20 0.33
38 22 0.09
23 38 0.38
24 38 0.38
25 38 0.27
26 38 0.24
38 27 0.55
28 38 0.05
29 38 0.08
38 30 0.42
38 31 0.52
38 34 0.33
38 35 0.15
38 37 0.11
38 40 0.0026
2 39 0.32
4 39 0.19
39 6 0.5
8 39 0.2
9 39 0.32
10 39 0.1
11 39 0.14
14 39 0.2
15 39 0.21
16 39 0.17
39 17 0.47
21 39 0.27
24 39 0.17
26 39 0.23
30 39 0.2
39 32 0.35
39 33 0.32
39 35 0.18
39 36 0.27
37 39 0.53
40 39 6.0E-4
