*Vertices  13
1 "LED显示屏"
2 "3D显示屏"
3 "连接带"
4 "开关"
5 "LED"
6 "二极管"
7 "听筒"
8 "芯片"
9 "MP4播放器"
10 "屏幕"
11 "扬声器"
12 "插座"
13 "耳机"
*Arcs
13 1 0.0113
1 2 0.32
13 2 0.0839
1 3 0.16
3 2 0.5
13 3 0.0268
4 1 0.04
4 3 0.07
4 13 0.0013
5 1 0.23
5 2 0.07
5 3 0.15
5 4 0.54
5 13 0.0022
6 1 0.06
6 4 0.46
6 5 0.72
6 13 6.0E-4
1 7 0.32
7 2 1.0
3 7 0.5
5 7 0.07
13 7 0.0839
8 1 0.08
8 4 0.28
5 8 0.62
6 8 0.58
8 13 7.0E-4
1 9 0.32
9 2 1.0
3 9 0.5
5 9 0.07
9 7 1.0
13 9 0.0839
10 1 0.33
10 2 0.26
10 3 0.26
4 10 0.11
5 10 0.28
6 10 0.18
10 7 0.26
8 10 0.25
10 9 0.26
13 10 0.0082
11 4 0.27
5 11 0.15
6 11 0.1
8 11 0.12
11 13 0.0087
4 12 0.28
5 12 0.18
6 12 0.17
8 12 0.1
11 12 0.2
12 13 0.0062
