*Vertices  15
1 "光纤"
2 "传感器"
3 "PD"
4 "光纤耦合"
5 "LED"
6 "二极管"
7 "玻璃"
8 "塑料"
9 "光电转换器件"
10 "转换器"
11 "半导体"
12 "光电池"
13 "激光"
14 "透镜"
15 "聚光帽"
*Arcs
1 15 0.0154
2 1 0.23
2 15 0.0041
3 1 0.68
3 2 0.27
3 15 0.0186
1 4 0.53
2 4 0.14
3 4 0.32
15 4 0.0333
5 1 0.19
5 2 0.37
5 3 0.16
5 4 0.1
5 15 9.0E-4
6 1 0.23
6 2 0.2
6 3 0.18
6 4 0.14
6 5 0.72
6 15 0.0015
7 1 0.29
7 2 0.12
7 3 0.34
7 4 0.14
7 5 0.38
7 6 0.27
7 15 0.0038
8 1 0.17
8 2 0.18
8 3 0.21
8 4 0.16
8 5 0.32
8 6 0.28
8 7 0.35
8 15 0.0051
9 1 0.53
9 2 0.28
9 3 0.63
9 4 0.5
5 9 0.1
6 9 0.14
7 9 0.27
8 9 0.32
9 15 0.0365
10 1 0.23
10 2 0.3
10 3 0.27
10 4 0.21
5 10 0.24
6 10 0.21
7 10 0.12
8 10 0.21
10 9 0.43
10 15 0.0083
11 1 0.17
11 2 0.06
11 3 0.2
11 4 0.1
11 5 0.5
11 6 0.55
11 7 0.23
11 8 0.24
11 9 0.1
11 10 0.13
11 15 0.0022
12 1 0.38
12 2 0.3
12 3 0.45
12 4 0.35
5 12 0.15
6 12 0.15
7 12 0.19
8 12 0.23
12 9 0.71
10 12 0.3
11 12 0.15
12 15 0.0212
13 1 0.4
13 2 0.16
13 3 0.36
13 4 0.38
13 5 0.28
13 6 0.24
13 7 0.21
13 8 0.18
13 9 0.19
13 10 0.08
13 11 0.39
13 12 0.13
13 15 0.0069
14 1 0.28
14 2 0.1
14 3 0.22
14 4 0.35
14 5 0.29
14 6 0.28
14 7 0.14
14 8 0.23
14 9 0.18
14 10 0.15
14 11 0.26
14 12 0.25
14 13 0.27
14 15 0.0060
