*Vertices  13
1 "LED灯"
2 "电容"
3 "整流器"
4 "变压器"
5 "LED"
6 "二极管"
7 "稳压二极管"
8 "基板"
9 "聚光碗"
10 "散热器"
11 "电阻"
12 "射灯"
13 "聚光杯"
*Arcs
1 13 0.0039
1 2 0.29
2 13 0.0109
1 3 0.22
2 3 0.53
3 13 0.019
1 4 0.26
2 4 0.52
4 3 0.68
4 13 0.0114
5 1 0.67
5 2 0.36
5 3 0.25
5 4 0.34
5 13 0.0020
6 1 0.32
6 2 0.39
6 3 0.35
6 4 0.39
6 5 0.72
6 13 0.0032
1 7 0.21
2 7 0.46
3 7 0.55
4 7 0.48
5 7 0.19
6 7 0.27
7 13 0.0292
1 8 0.27
2 8 0.29
3 8 0.31
4 8 0.23
5 8 0.21
6 8 0.14
7 8 0.4
8 13 0.0257
1 9 0.16
2 9 0.29
3 9 0.41
4 9 0.3
5 9 0.1
6 9 0.14
7 9 0.53
8 9 0.5
9 13 0.0663
1 10 0.44
10 2 0.19
10 3 0.2
10 4 0.15
5 10 0.31
6 10 0.24
10 7 0.27
10 8 0.5
10 9 0.33
10 13 0.0122
1 11 0.3
11 2 0.73
11 3 0.56
11 4 0.55
5 11 0.45
6 11 0.51
11 7 0.43
11 8 0.23
11 9 0.23
10 11 0.15
11 13 0.0076
12 1 0.27
12 2 0.17
12 3 0.12
12 4 0.09
12 5 0.18
12 6 0.21
12 7 0.15
12 8 0.29
12 9 0.29
12 10 0.19
12 11 0.13
12 13 0.0087
