*Vertices  13
1 "LED灯"
2 "电容"
3 "聚光杯"
4 "整流器"
5 "变压器"
6 "LED"
7 "二极管"
8 "稳压二极管"
9 "基板"
10 "散热器"
11 "电阻"
12 "射灯"
13 "聚光碗"
*Arcs
1 13 0.0039
1 2 0.29
2 13 0.0109
1 3 0.16
2 3 0.29
13 3 0.0663
1 4 0.22
2 4 0.53
4 3 0.41
4 13 0.019
1 5 0.26
2 5 0.52
5 3 0.3
5 4 0.68
5 13 0.0114
6 1 0.67
6 2 0.36
6 3 0.1
6 4 0.25
6 5 0.34
6 13 0.0020
7 1 0.32
7 2 0.39
7 3 0.14
7 4 0.35
7 5 0.39
7 6 0.72
7 13 0.0032
1 8 0.21
2 8 0.46
8 3 0.53
4 8 0.55
5 8 0.48
6 8 0.19
7 8 0.27
8 13 0.0292
1 9 0.27
2 9 0.29
9 3 0.5
4 9 0.31
5 9 0.23
6 9 0.21
7 9 0.14
8 9 0.4
9 13 0.0257
1 10 0.44
10 2 0.19
10 3 0.33
10 4 0.2
10 5 0.15
6 10 0.31
7 10 0.24
10 8 0.27
10 9 0.5
10 13 0.0122
1 11 0.3
11 2 0.73
11 3 0.23
11 4 0.56
11 5 0.55
6 11 0.45
7 11 0.51
11 8 0.43
11 9 0.23
10 11 0.15
11 13 0.0076
12 1 0.27
12 2 0.17
12 3 0.29
12 4 0.12
12 5 0.09
12 6 0.18
12 7 0.21
12 8 0.15
12 9 0.29
12 10 0.19
12 11 0.13
12 13 0.0087
