*Vertices  33
1 "显示器"
2 "LED灯"
3 "电容"
4 "传感器"
5 "单片机"
6 "发生器"
7 "开关"
8 "发光荧光材料"
9 "模数转换集成块"
10 "编解码方法"
11 "LED"
12 "二极管"
13 "三极管"
14 "接收管"
15 "转换器"
16 "放大器"
17 "半导体"
18 "码道"
19 "充电电池"
20 "芯片"
21 "充电器"
22 "存储器"
23 "电感"
24 "电极"
25 "电阻"
26 "超声波"
27 "检测仪"
28 "模拟音频"
29 "KVM"
30 "扬声器"
31 "绝对位置"
32 "提示仪"
33 "脉冲信号"
*Arcs
1 33 0.0012
2 1 0.08
2 33 5.0E-4
2 3 0.29
3 33 7.0E-4
1 4 0.25
2 4 0.13
3 4 0.08
4 33 8.0E-4
1 5 0.52
2 5 0.13
5 3 0.19
5 4 0.28
5 33 0.0023
2 6 0.22
5 6 0.11
33 6 0.0010
1 7 0.07
2 7 0.37
7 3 0.42
7 4 0.19
7 5 0.19
7 6 0.07
7 33 9.0E-4
8 1 0.13
8 2 0.21
8 5 0.06
8 6 0.13
8 7 0.07
8 33 3.0E-4
2 9 0.11
3 9 0.2
7 9 0.14
33 9 0.0083
4 10 0.2
33 10 0.0085
11 1 0.29
11 2 0.67
11 3 0.36
11 4 0.37
11 5 0.32
11 6 0.15
11 7 0.54
11 8 0.28
11 9 0.07
11 10 0.07
11 33 0.0015
12 1 0.15
12 2 0.32
12 3 0.39
12 4 0.2
12 5 0.16
12 6 0.05
12 7 0.46
12 8 0.33
12 9 0.1
12 10 0.1
12 11 0.72
12 33 0.0012
1 13 0.06
2 13 0.2
13 3 0.61
13 4 0.05
5 13 0.16
13 6 0.11
7 13 0.37
8 13 0.06
13 9 0.23
11 13 0.32
12 13 0.42
13 33 0.0020
1 14 0.14
2 14 0.13
3 14 0.24
4 14 0.12
5 14 0.13
7 14 0.24
14 9 0.58
11 14 0.13
12 14 0.18
13 14 0.4
33 14 0.0034
1 15 0.15
2 15 0.1
3 15 0.25
15 4 0.3
5 15 0.14
7 15 0.25
8 15 0.08
15 9 0.3
11 15 0.24
12 15 0.21
13 15 0.14
15 14 0.17
15 33 0.0011
1 16 0.2
2 16 0.09
3 16 0.33
16 4 0.08
5 16 0.28
7 16 0.11
16 9 0.41
11 16 0.18
12 16 0.17
13 16 0.28
16 14 0.24
16 15 0.25
16 33 0.0019
17 1 0.11
17 2 0.29
17 3 0.15
17 4 0.06
17 5 0.03
17 7 0.14
17 8 0.43
17 9 0.15
17 11 0.5
17 12 0.55
17 13 0.1
17 14 0.09
17 15 0.13
17 16 0.12
17 33 3.0E-4
4 18 0.14
18 10 0.71
11 18 0.1
12 18 0.07
18 33 0.0064
2 19 0.11
3 19 0.2
7 19 0.2
19 9 0.5
11 19 0.15
12 19 0.1
13 19 0.23
19 14 0.29
15 19 0.15
16 19 0.2
17 19 0.07
19 18 0.35
19 33 0.0028
1 20 0.27
2 20 0.3
20 3 0.37
20 4 0.17
20 5 0.33
20 6 0.06
20 7 0.28
8 20 0.35
20 9 0.12
11 20 0.62
12 20 0.58
20 13 0.33
20 14 0.21
20 15 0.25
20 16 0.29
17 20 0.6
20 19 0.12
20 33 0.0017
2 21 0.04
3 21 0.17
7 21 0.06
21 9 0.41
11 21 0.18
12 21 0.21
13 21 0.47
21 14 0.24
21 15 0.12
21 16 0.17
17 21 0.06
21 18 0.29
21 19 0.41
20 21 0.1
21 33 0.0019
1 22 0.25
2 22 0.04
3 22 0.07
22 4 0.33
5 22 0.15
7 22 0.23
22 9 0.33
11 22 0.22
12 22 0.17
13 22 0.15
22 14 0.38
15 22 0.4
16 22 0.27
17 22 0.1
22 19 0.17
20 22 0.16
21 22 0.14
22 33 0.0014
2 23 0.25
3 23 0.54
7 23 0.36
23 9 0.38
11 23 0.19
12 23 0.23
13 23 0.43
23 14 0.22
23 15 0.23
16 23 0.31
17 23 0.22
23 19 0.19
20 23 0.18
21 23 0.15
23 22 0.13
23 33 0.0016
1 24 0.04
2 24 0.16
3 24 0.37
24 4 0.03
5 24 0.04
24 6 0.08
7 24 0.2
8 24 0.22
24 9 0.16
11 24 0.45
12 24 0.55
13 24 0.6
24 14 0.19
24 15 0.1
24 16 0.2
17 24 0.56
24 19 0.08
20 24 0.57
24 21 0.34
24 22 0.05
24 23 0.31
24 33 0.0010
1 25 0.08
2 25 0.3
25 3 0.73
25 4 0.16
5 25 0.22
25 6 0.08
7 25 0.46
8 25 0.04
25 9 0.16
11 25 0.45
12 25 0.51
25 13 0.71
25 14 0.28
25 15 0.29
25 16 0.26
17 25 0.19
25 19 0.16
20 25 0.47
25 21 0.33
25 22 0.22
25 23 0.43
25 24 0.51
25 33 0.0012
2 26 0.11
3 26 0.2
7 26 0.14
26 9 1.0
11 26 0.07
12 26 0.1
13 26 0.23
26 14 0.58
15 26 0.3
16 26 0.41
17 26 0.15
19 26 0.5
20 26 0.12
21 26 0.41
22 26 0.33
23 26 0.38
24 26 0.16
25 26 0.16
33 26 0.0083
1 27 0.25
2 27 0.05
3 27 0.1
4 27 0.3
5 27 0.23
7 27 0.07
27 9 0.5
11 27 0.15
12 27 0.05
13 27 0.11
27 14 0.29
15 27 0.3
16 27 0.41
17 27 0.15
19 27 0.25
20 27 0.12
21 27 0.2
22 27 0.5
23 27 0.19
24 27 0.08
25 27 0.16
27 26 0.5
33 27 0.0026
1 28 0.25
5 28 0.23
11 28 0.07
20 28 0.12
33 28 0.0083
1 29 0.25
5 29 0.23
11 29 0.07
20 29 0.12
29 28 1.0
33 29 0.0083
2 30 0.11
30 3 0.1
30 5 0.23
30 7 0.27
30 9 0.5
11 30 0.15
12 30 0.1
30 13 0.11
30 14 0.29
30 15 0.15
30 16 0.2
17 30 0.07
30 19 0.25
20 30 0.12
30 21 0.2
30 22 0.17
30 23 0.19
30 24 0.08
30 25 0.08
30 26 0.5
30 27 0.25
30 33 0.0024
4 31 0.2
31 10 1.0
11 31 0.07
12 31 0.1
18 31 0.71
33 31 0.0085
2 32 0.11
3 32 0.2
7 32 0.14
32 9 1.0
11 32 0.07
12 32 0.1
13 32 0.23
32 14 0.58
15 32 0.3
16 32 0.41
17 32 0.15
19 32 0.5
20 32 0.12
21 32 0.41
22 32 0.33
23 32 0.38
24 32 0.16
25 32 0.16
32 26 1.0
27 32 0.5
30 32 0.5
33 32 0.0083
