*Vertices  40
1 "LED灯"
2 "容器"
3 "光膜"
4 "发生器"
5 "荧光粉"
6 "发光荧光材料"
7 "柔性高分子材料"
8 "助剂"
9 "硼酸"
10 "变压器"
11 "LED"
12 "二极管"
13 "扩散剂"
14 "玻璃"
15 "LED光源"
16 "电热丝"
17 "塑料"
18 "基座"
19 "稀释剂"
20 "荧光体"
21 "硅橡胶"
22 "SiO2"
23 "半导体"
24 "电路板"
25 "Al2O3"
26 "LED芯片"
27 "芯片"
28 "涂层"
29 "光触媒"
30 "酸盐"
31 "硅油"
32 "Li"
33 "离子"
34 "冰柜"
35 "臭氧仪"
36 "透镜"
37 "甲基"
38 "激发光"
39 "发光管"
40 "臭氧"
*Arcs
1 40 0.0019
1 2 0.12
40 2 0.0024
3 1 0.13
3 2 0.22
3 40 0.0016
1 4 0.22
40 4 0.0074
5 1 0.13
5 2 0.22
5 3 0.33
5 40 0.0017
6 1 0.21
6 2 0.2
6 3 0.31
6 4 0.13
6 5 0.54
6 40 0.0018
7 2 0.38
3 7 0.58
5 7 0.29
6 7 0.27
40 7 0.0038
1 8 0.08
8 2 0.27
3 8 0.41
5 8 0.41
6 8 0.38
8 7 0.71
40 8 0.0023
1 9 0.11
9 2 0.19
5 9 0.29
6 9 0.4
9 40 0.0011
1 10 0.26
10 2 0.24
10 4 0.11
5 10 0.06
9 10 0.11
10 40 3.0E-4
11 1 0.67
11 2 0.19
11 3 0.13
11 4 0.15
11 5 0.25
11 6 0.28
11 7 0.07
11 8 0.1
11 9 0.15
11 10 0.34
11 40 0.0015
12 1 0.32
12 2 0.23
12 3 0.12
12 4 0.05
12 5 0.23
12 6 0.33
12 7 0.1
12 8 0.14
12 9 0.1
12 10 0.39
12 11 0.72
12 40 3.0E-4
1 13 0.16
2 13 0.27
5 13 0.2
6 13 0.38
9 13 0.35
11 13 0.1
12 13 0.07
40 13 0.0014
14 1 0.27
14 3 0.11
14 4 0.19
14 5 0.11
14 6 0.1
14 9 0.19
14 10 0.08
14 11 0.38
14 12 0.27
14 40 0.0018
15 1 0.36
15 2 0.08
15 3 0.12
15 5 0.24
15 6 0.16
15 9 0.31
15 10 0.09
15 11 0.36
15 12 0.29
15 13 0.14
15 14 0.24
15 40 3.0E-4
1 16 0.13
2 16 0.22
4 16 0.29
11 16 0.13
12 16 0.06
14 16 0.11
40 16 0.0073
17 1 0.28
17 2 0.17
17 3 0.26
17 5 0.2
17 6 0.18
17 7 0.23
17 8 0.32
17 10 0.05
17 11 0.32
17 12 0.28
17 14 0.35
17 15 0.14
17 16 0.26
17 40 0.0015
1 18 0.22
2 18 0.19
5 18 0.14
6 18 0.13
9 18 0.25
11 18 0.15
12 18 0.15
18 13 0.35
15 18 0.1
17 18 0.11
40 18 8.0E-4
19 2 0.22
3 19 0.33
5 19 0.17
6 19 0.15
19 7 0.58
19 8 0.41
9 19 0.29
10 19 0.12
11 19 0.13
12 19 0.18
14 19 0.22
15 19 0.12
17 19 0.13
40 19 0.0018
20 2 0.22
3 20 0.33
5 20 0.5
6 20 0.46
20 7 0.58
20 8 0.41
9 20 0.29
11 20 0.13
12 20 0.18
14 20 0.11
15 20 0.12
17 20 0.13
20 19 0.33
40 20 0.0017
1 21 0.06
21 2 0.44
3 21 0.33
5 21 0.33
6 21 0.31
21 7 0.58
21 8 0.41
9 21 0.58
10 21 0.12
11 21 0.13
12 21 0.12
21 13 0.41
14 21 0.11
15 21 0.24
17 21 0.13
21 18 0.29
21 19 0.67
21 20 0.33
40 21 0.0049
1 22 0.12
22 2 0.21
3 22 0.16
5 22 0.32
6 22 0.52
22 7 0.28
22 8 0.39
22 9 0.14
22 10 0.06
11 22 0.27
12 22 0.31
14 22 0.16
15 22 0.11
17 22 0.19
22 19 0.16
22 20 0.32
22 21 0.16
22 40 6.0E-4
23 1 0.29
23 2 0.22
23 3 0.09
23 5 0.34
23 6 0.43
23 8 0.1
23 9 0.22
23 10 0.19
23 11 0.5
23 12 0.55
23 13 0.21
23 14 0.23
23 15 0.3
23 17 0.24
23 18 0.15
23 19 0.09
23 20 0.17
23 21 0.17
23 22 0.41
23 40 3.0E-4
24 1 0.4
24 2 0.08
24 3 0.24
24 4 0.1
24 5 0.12
24 6 0.16
24 9 0.1
24 10 0.04
24 11 0.36
24 12 0.17
24 13 0.29
24 14 0.39
24 15 0.17
24 17 0.19
24 18 0.1
24 19 0.12
24 21 0.12
24 22 0.06
24 23 0.15
24 40 8.0E-4
1 25 0.08
25 2 0.09
3 25 0.14
5 25 0.35
6 25 0.45
25 7 0.24
25 8 0.34
25 10 0.05
11 25 0.3
12 25 0.34
14 25 0.09
15 25 0.1
17 25 0.11
25 19 0.14
25 20 0.14
25 21 0.14
22 25 0.54
23 25 0.57
25 40 4.0E-4
1 26 0.19
26 2 0.25
3 26 0.13
5 26 0.31
6 26 0.17
26 7 0.22
26 8 0.15
9 26 0.22
26 10 0.09
11 26 0.34
12 26 0.33
26 13 0.15
14 26 0.08
15 26 0.18
17 26 0.1
26 18 0.33
26 19 0.13
26 20 0.25
26 21 0.25
22 26 0.24
23 26 0.51
24 26 0.04
25 26 0.42
26 40 9.0E-4
1 27 0.3
27 2 0.14
3 27 0.07
27 4 0.06
5 27 0.35
6 27 0.35
27 7 0.12
27 8 0.17
27 9 0.24
27 10 0.18
11 27 0.62
12 27 0.58
27 13 0.08
14 27 0.21
15 27 0.22
17 27 0.11
27 18 0.18
27 19 0.21
27 20 0.21
27 21 0.21
27 22 0.4
23 27 0.6
24 27 0.22
27 25 0.46
27 26 0.55
27 40 5.0E-4
1 28 0.11
28 4 0.25
5 28 0.14
6 28 0.13
28 10 0.11
11 28 0.15
12 28 0.1
14 28 0.1
15 28 0.1
22 28 0.14
23 28 0.07
24 28 0.1
28 25 0.12
27 28 0.06
28 40 9.0E-4
1 29 0.25
4 29 0.45
10 29 0.1
11 29 0.16
14 29 0.17
15 29 0.09
24 29 0.27
28 29 0.45
40 29 0.0025
1 30 0.11
30 2 0.25
3 30 0.19
5 30 0.48
6 30 0.53
30 7 0.33
30 8 0.47
30 9 0.67
30 10 0.07
11 30 0.22
12 30 0.24
30 13 0.24
14 30 0.19
15 30 0.2
17 30 0.15
30 18 0.17
30 19 0.58
30 20 0.38
30 21 0.58
30 22 0.37
23 30 0.29
24 30 0.14
30 25 0.24
30 26 0.22
30 27 0.36
30 28 0.17
30 40 0.0023
31 2 0.38
3 31 0.58
5 31 0.29
6 31 0.27
31 7 1.0
31 8 0.71
11 31 0.07
12 31 0.1
17 31 0.23
31 19 0.58
31 20 0.58
31 21 0.58
22 31 0.28
25 31 0.24
26 31 0.22
27 31 0.12
30 31 0.33
40 31 0.0038
1 32 0.26
32 2 0.09
3 32 0.14
5 32 0.27
6 32 0.31
32 7 0.24
32 8 0.33
32 9 0.24
32 10 0.05
11 32 0.31
12 32 0.36
32 13 0.17
14 32 0.23
15 32 0.24
17 32 0.27
32 18 0.24
32 19 0.27
32 20 0.27
32 21 0.14
32 22 0.33
23 32 0.38
24 32 0.14
32 25 0.29
32 26 0.21
32 27 0.31
32 30 0.39
32 31 0.24
32 40 6.0E-4
1 33 0.13
33 2 0.09
33 4 0.34
5 33 0.13
6 33 0.18
33 9 0.34
33 10 0.1
11 33 0.32
12 33 0.26
14 33 0.35
15 33 0.19
33 16 0.13
17 33 0.05
33 19 0.26
33 20 0.26
33 21 0.13
33 22 0.32
23 33 0.34
24 33 0.14
33 25 0.11
33 26 0.15
33 27 0.33
33 28 0.11
33 29 0.31
33 30 0.38
33 32 0.27
33 40 0.0026
1 34 0.11
11 34 0.07
14 34 0.19
16 34 0.58
17 34 0.23
40 34 0.0026
1 35 0.11
4 35 0.5
11 35 0.07
16 35 0.58
33 35 0.23
40 35 0.0034
36 1 0.25
36 2 0.19
36 3 0.29
36 5 0.29
36 6 0.33
36 7 0.25
36 8 0.35
36 9 0.13
36 11 0.29
36 12 0.28
36 13 0.35
36 14 0.14
36 15 0.26
36 17 0.23
36 18 0.25
36 19 0.14
36 20 0.14
36 21 0.29
36 22 0.21
36 23 0.26
36 24 0.15
36 25 0.18
36 26 0.22
36 27 0.18
36 30 0.25
36 31 0.25
36 32 0.29
36 33 0.11
36 40 0.0012
1 37 0.06
37 2 0.22
3 37 0.17
5 37 0.33
6 37 0.23
37 7 0.29
37 8 0.41
9 37 0.29
10 37 0.06
11 37 0.25
12 37 0.23
37 13 0.2
14 37 0.11
15 37 0.12
17 37 0.13
37 18 0.14
37 19 0.5
37 20 0.17
37 21 0.5
22 37 0.16
23 37 0.38
24 37 0.12
25 37 0.49
26 37 0.38
27 37 0.38
30 37 0.58
37 31 0.29
32 37 0.27
33 37 0.26
36 37 0.29
37 40 0.0016
1 38 0.07
38 2 0.13
3 38 0.19
5 38 0.38
6 38 0.45
38 7 0.33
38 8 0.47
38 9 0.33
11 38 0.22
12 38 0.27
14 38 0.26
15 38 0.2
17 38 0.23
38 19 0.19
38 20 0.58
38 21 0.19
38 22 0.55
23 38 0.25
38 25 0.32
38 26 0.15
38 27 0.28
38 30 0.44
38 31 0.33
38 32 0.47
38 33 0.38
36 38 0.33
38 37 0.19
38 40 8.0E-4
1 39 0.26
39 4 0.17
10 39 0.21
11 39 0.22
12 39 0.17
14 39 0.06
17 39 0.31
39 18 0.17
23 39 0.15
24 39 0.07
27 39 0.04
28 39 0.17
39 29 0.15
32 39 0.24
33 39 0.08
40 39 4.0E-4
