*Vertices  12
1 "LED显示屏"
2 "控制器"
3 "处理器"
4 "IP核"
5 "XYZ2xyz"
6 "XYZ2RGB"
7 "CIE"
8 "LED"
9 "二极管"
10 "基色"
11 "DMA"
12 "色域"
*Arcs
12 1 0.0188
2 1 0.23
2 12 0.0043
3 1 0.16
3 2 0.44
3 12 0.0047
1 4 0.32
2 4 0.24
3 4 0.26
12 4 0.0537
1 5 0.32
2 5 0.24
3 5 0.26
5 4 1.0
12 5 0.0537
1 6 0.32
2 6 0.24
3 6 0.26
6 4 1.0
6 5 1.0
12 6 0.0537
7 1 0.45
2 7 0.17
3 7 0.18
7 4 0.71
7 5 0.71
7 6 0.71
7 12 0.0708
8 1 0.23
8 2 0.3
8 3 0.28
8 4 0.07
8 5 0.07
8 6 0.07
8 7 0.1
8 12 0.0013
9 1 0.06
9 2 0.15
9 3 0.08
9 7 0.07
9 8 0.72
9 12 4.0E-4
10 1 0.39
10 2 0.1
3 10 0.11
10 4 0.41
10 5 0.41
10 6 0.41
10 7 0.58
8 10 0.18
9 10 0.08
10 12 0.0305
11 1 0.18
11 2 0.28
3 11 0.3
11 4 0.58
11 5 0.58
11 6 0.58
11 7 0.41
8 11 0.13
9 11 0.06
10 11 0.24
11 12 0.0218
