*Vertices  205
1 "LED显示屏"
2 "LCD显示屏"
3 "显示器"
4 "衬底"
5 "LED灯"
6 "滤波片"
7 "光纤"
8 "电容"
9 "容器"
10 "光膜"
11 "传感器"
12 "控制器"
13 "处理器"
14 "单片机"
15 "发生器"
16 "叶片"
17 "荧光粉"
18 "反光杯"
19 "整流器"
20 "工质"
21 "开关"
22 "发光荧光材料"
23 "柔性高分子材料"
24 "III-V族半导体材料"
25 "GAN"
26 "塑料光转换荧光粒料"
27 "助剂"
28 "次氯酸钠溶液"
29 "保护层"
30 "热电分离"
31 "离子络合"
32 "触发脉冲"
33 "PD"
34 "引发剂"
35 "聚合物树脂"
36 "蒸发皿"
37 "功率因数校正"
38 "连接管"
39 "模数转换集成块"
40 "硼酸"
41 "显示技术"
42 "蓝膜"
43 "变压器"
44 "定时器"
45 "Zigbee"
46 "触摸屏"
47 "蒸镀方法"
48 "校准方法"
49 "AuSn"
50 "Au5Sn"
51 "发光板"
52 "EP"
53 "LED外延片"
54 "外延片"
55 "外延"
56 "LED"
57 "液晶显示模块"
58 "二极管"
59 "整流二极管"
60 "稳压二极管"
61 "三极管"
62 "掩膜"
63 "扩散剂"
64 "GSM"
65 "玻璃"
66 "通道"
67 "接收管"
68 "LED光源"
69 "日光灯平面光源"
70 "塑料"
71 "腐蚀液"
72 "Au-Sn合金电镀液"
73 "缩水甘油"
74 "电子元器件"
75 "转换器"
76 "铝基板"
77 "基板"
78 "导热板"
79 "缓冲层"
80 "晶体振荡器"
81 "探针"
82 "内量子效率"
83 "基座"
84 "红外线发射管"
85 "滤光片"
86 "稀释剂"
87 "电动机"
88 "散热片"
89 "散热器"
90 "光谱仪"
91 "发电机"
92 "荧光体"
93 "发光体"
94 "加热片"
95 "硅橡胶"
96 "透明胶"
97 "光刻胶"
98 "密封胶"
99 "填充区域"
100 "SiO2"
101 "放大器"
102 "半导体"
103 "电路板"
104 "Al2O3"
105 "NH4H2PO4"
106 "GaAs"
107 "MQW"
108 "SMT"
109 "ESD"
110 "ITO"
111 "GPIO"
112 "硅氧磷灰石"
113 "键合"
114 "燃气涡轮"
115 "客户"
116 "焊盘"
117 "滑动变阻器"
118 "摄像机"
119 "含硅"
120 "光子晶体"
121 "圆盘"
122 "荧光光谱"
123 "金属银纳米粒子"
124 "太阳能"
125 "充电电池"
126 "锂电池"
127 "LED照明设备"
128 "FPC连接器"
129 "FFC连接器"
130 "LED芯片"
131 "金属层"
132 "涂层"
133 "电流扩展层"
134 "继电器"
135 "充电器"
136 "冷凝器"
137 "存储器"
138 "酸盐"
139 "硅油"
140 "SrCO3"
141 "Eu2O3"
142 "亚硫酸"
143 "硝酸"
144 "Eu2"
145 "去离子水"
146 "硬脂酰胺"
147 "Li"
148 "液体石蜡"
149 "电感"
150 "离子"
151 "耳机"
152 "电极"
153 "接触层"
154 "电阻"
155 "基色"
156 "Au-Sn合金"
157 "Au-30at.％Sn合金"
158 "发射模块"
159 "驱动模块"
160 "脉冲信号"
161 "交通灯"
162 "散热腔"
163 "光子晶体谐振腔"
164 "丙酮"
165 "激光"
166 "超声波"
167 "SIM"
168 "真空吸盘"
169 "MOCVD"
170 "标准芯片工艺制作"
171 "湿法刻蚀"
172 "干法刻蚀"
173 "湿法腐蚀"
174 "空穴"
175 "玻璃体"
176 "射灯"
177 "酯键"
178 "检测仪"
179 "检测板"
180 "转动轴"
181 "光电耦合器"
182 "臭氧"
183 "屏幕"
184 "读取器"
185 "透镜"
186 "模拟音频"
187 "舰船"
188 "反射层"
189 "发光层"
190 "吸液芯"
191 "甲基"
192 "信息卡"
193 "蜂鸣器"
194 "KVM"
195 "扬声器"
196 "固定支架"
197 "激发光"
198 "发光管"
199 "提示仪"
200 "晶体闸流管"
201 "络合剂"
202 "DMA"
203 "插座"
204 "电流阻挡层"
205 "芯片"
*Arcs
205 1 0.0
2 1 0.21
205 2 1.0E-4
3 1 0.08
3 2 0.33
3 205 2.0E-4
4 2 0.08
205 4 6.0E-4
5 1 0.03
5 2 0.04
5 3 0.08
5 4 0.03
5 205 3.0E-4
4 6 0.32
205 6 1.0E-4
4 7 0.17
7 6 0.53
205 7 0.0
5 8 0.29
205 8 3.0E-4
9 4 0.09
5 9 0.12
8 9 0.23
205 9 1.0E-4
10 2 0.19
10 3 0.29
10 5 0.13
10 9 0.22
10 205 0.0
2 11 0.13
3 11 0.25
5 11 0.13
11 7 0.23
8 11 0.08
205 11 1.0E-4
12 1 0.23
2 12 0.24
3 12 0.24
5 12 0.11
12 7 0.09
8 12 0.15
9 12 0.09
12 11 0.19
205 12 1.0E-4
13 1 0.16
13 2 0.09
13 3 0.26
13 5 0.14
13 7 0.1
13 8 0.05
13 10 0.15
13 11 0.36
13 12 0.44
13 205 1.0E-4
14 1 0.07
14 2 0.08
3 14 0.52
5 14 0.13
14 8 0.19
14 11 0.28
14 12 0.17
13 14 0.24
205 14 2.0E-4
5 15 0.22
14 15 0.11
205 15 0.0
1 16 0.45
5 16 0.08
205 16 0.0
17 1 0.09
17 3 0.14
17 4 0.13
17 5 0.13
17 9 0.22
17 10 0.33
17 12 0.07
17 13 0.07
17 14 0.07
17 205 3.0E-4
5 18 0.11
205 18 0.0
19 4 0.07
5 19 0.22
8 19 0.53
19 9 0.33
19 12 0.07
205 19 1.0E-4
5 20 0.19
8 20 0.12
205 20 1.0E-4
21 1 0.04
21 2 0.14
3 21 0.07
5 21 0.37
21 8 0.42
21 9 0.21
21 11 0.19
21 12 0.23
13 21 0.21
21 14 0.19
21 15 0.07
17 21 0.08
21 19 0.2
205 21 2.0E-4
22 3 0.13
22 4 0.18
22 5 0.21
22 9 0.2
22 10 0.31
22 13 0.07
22 14 0.06
22 15 0.13
22 17 0.54
22 21 0.07
22 205 3.0E-4
23 9 0.38
10 23 0.58
17 23 0.29
22 23 0.27
205 23 0.0
4 24 0.32
24 6 1.0
7 24 0.53
205 24 1.0E-4
25 2 0.12
25 4 0.65
5 25 0.04
25 6 0.5
25 7 0.27
17 25 0.1
19 25 0.1
25 24 0.5
205 25 3.0E-4
3 26 0.25
5 26 0.11
17 26 0.29
21 26 0.14
22 26 0.27
205 26 0.0
3 27 0.18
5 27 0.08
27 9 0.27
10 27 0.41
17 27 0.41
21 27 0.1
22 27 0.38
27 23 0.71
27 26 0.71
205 27 1.0E-4
4 28 0.32
205 28 1.0E-4
4 29 0.23
5 29 0.11
17 29 0.14
19 29 0.14
22 29 0.13
25 29 0.18
205 29 1.0E-4
5 30 0.16
8 30 0.14
20 30 0.41
205 30 0.0
205 31 0.0
8 32 0.2
12 32 0.24
205 32 0.0
3 33 0.11
4 33 0.21
33 6 0.63
33 7 0.68
33 11 0.27
13 33 0.12
33 24 0.63
25 33 0.32
205 33 1.0E-4
3 34 0.18
205 34 1.0E-4
3 35 0.25
5 35 0.11
17 35 0.29
21 35 0.14
22 35 0.27
35 26 1.0
35 27 0.71
205 35 0.0
5 36 0.11
20 36 0.58
205 36 0.0
5 37 0.11
8 37 0.2
21 37 0.14
205 37 0.0
5 38 0.16
8 38 0.14
20 38 0.82
38 30 0.5
38 36 0.71
205 38 1.0E-4
5 39 0.11
8 39 0.2
21 39 0.14
205 39 0.0
3 40 0.13
5 40 0.11
40 9 0.19
17 40 0.29
22 40 0.4
40 34 0.35
205 40 1.0E-4
2 41 0.24
3 41 0.35
11 41 0.14
12 41 0.34
13 41 0.18
14 41 0.16
205 41 1.0E-4
4 42 0.32
9 42 0.27
205 42 0.0
43 1 0.07
3 43 0.11
43 4 0.05
5 43 0.26
8 43 0.52
43 9 0.24
43 11 0.04
43 12 0.1
14 43 0.05
43 15 0.11
17 43 0.06
43 19 0.68
21 43 0.29
43 25 0.08
43 29 0.11
43 34 0.15
43 37 0.21
40 43 0.11
205 43 1.0E-4
2 44 0.19
5 44 0.06
11 44 0.12
12 44 0.28
13 44 0.15
21 44 0.24
205 44 0.0
8 45 0.2
11 45 0.2
14 45 0.23
21 45 0.14
205 45 0.0
21 46 0.14
205 46 0.0
4 47 0.32
22 47 0.38
205 47 1.0E-4
205 48 0.0
49 31 1.0
205 49 0.0
50 31 1.0
50 49 1.0
205 50 0.0
5 51 0.16
8 51 0.2
9 51 0.19
12 51 0.12
19 51 0.14
21 51 0.14
51 37 0.5
43 51 0.21
205 51 0.0
3 52 0.07
52 4 0.12
5 52 0.12
52 8 0.11
52 9 0.1
52 12 0.06
13 52 0.14
52 14 0.06
17 52 0.39
52 19 0.08
52 21 0.11
22 52 0.29
52 28 0.19
52 29 0.13
52 34 0.38
52 40 0.4
52 42 0.19
52 43 0.11
205 52 3.0E-4
53 2 0.12
53 4 0.65
5 53 0.04
17 53 0.1
19 53 0.1
53 25 0.75
53 29 0.18
43 53 0.08
205 53 3.0E-4
54 2 0.09
54 4 0.83
5 54 0.03
54 6 0.39
54 7 0.21
17 54 0.08
19 54 0.08
22 54 0.15
54 24 0.39
54 25 0.78
54 28 0.2
54 29 0.14
54 33 0.25
43 54 0.06
54 47 0.39
52 54 0.07
54 53 0.78
205 54 5.0E-4
55 2 0.08
55 4 0.95
5 55 0.05
55 6 0.32
55 7 0.17
17 55 0.13
19 55 0.07
22 55 0.25
55 24 0.32
55 25 0.65
55 28 0.32
55 29 0.23
55 33 0.21
55 42 0.16
43 55 0.05
55 47 0.32
52 55 0.06
55 53 0.65
55 54 0.83
205 55 6.0E-4
56 1 0.23
56 2 0.22
56 3 0.29
56 4 0.32
56 5 0.67
56 6 0.1
56 7 0.19
56 8 0.36
56 9 0.19
56 10 0.13
56 11 0.37
56 12 0.3
56 13 0.28
56 14 0.32
56 15 0.15
56 16 0.1
56 17 0.25
56 18 0.07
56 19 0.25
56 20 0.13
56 21 0.54
56 22 0.28
56 23 0.07
56 24 0.1
56 25 0.21
56 26 0.07
56 27 0.1
56 28 0.1
56 29 0.15
56 30 0.1
56 31 0.07
56 32 0.07
56 33 0.16
56 34 0.1
56 35 0.07
56 36 0.07
56 37 0.07
56 38 0.1
56 39 0.07
56 40 0.15
56 41 0.1
56 42 0.1
56 43 0.34
56 44 0.13
56 45 0.07
56 46 0.07
56 47 0.1
56 48 0.07
56 49 0.07
56 50 0.07
56 51 0.15
56 52 0.28
56 53 0.21
56 54 0.27
56 55 0.32
56 205 0.0011
2 57 0.67
3 57 0.38
11 57 0.1
12 57 0.36
13 57 0.13
14 57 0.11
21 57 0.14
57 41 0.35
44 57 0.29
56 57 0.15
205 57 1.0E-4
58 1 0.06
58 2 0.14
58 3 0.15
58 4 0.37
58 5 0.32
58 6 0.14
58 7 0.23
58 8 0.39
58 9 0.23
58 10 0.12
58 11 0.2
58 12 0.15
58 13 0.08
58 14 0.16
58 15 0.05
58 17 0.23
58 18 0.1
58 19 0.35
58 20 0.12
58 21 0.46
58 22 0.33
58 23 0.1
58 24 0.14
58 25 0.25
58 26 0.1
58 27 0.14
58 28 0.14
58 29 0.1
58 31 0.1
58 32 0.1
58 33 0.18
58 34 0.14
58 35 0.1
58 36 0.1
58 37 0.1
58 38 0.07
58 39 0.1
58 40 0.1
58 42 0.14
58 43 0.39
58 44 0.12
58 45 0.1
58 47 0.14
58 48 0.1
58 49 0.1
58 50 0.1
58 51 0.15
58 52 0.22
58 53 0.22
58 54 0.31
58 55 0.37
58 56 0.72
58 57 0.1
58 205 9.0E-4
5 59 0.11
8 59 0.2
21 59 0.14
59 37 1.0
43 59 0.21
51 59 0.5
56 59 0.07
58 59 0.1
205 59 0.0
2 60 0.13
5 60 0.21
8 60 0.46
9 60 0.14
11 60 0.08
12 60 0.18
13 60 0.1
19 60 0.55
21 60 0.21
60 37 0.38
43 60 0.48
60 44 0.22
60 51 0.38
52 60 0.1
56 60 0.19
60 57 0.19
58 60 0.27
60 59 0.38
205 60 1.0E-4
61 2 0.08
3 61 0.06
5 61 0.2
61 8 0.61
61 9 0.17
61 11 0.05
61 12 0.11
14 61 0.16
61 15 0.11
61 19 0.4
21 61 0.37
22 61 0.06
61 32 0.23
61 37 0.23
61 39 0.23
61 43 0.49
61 51 0.23
52 61 0.06
56 61 0.32
61 57 0.11
58 61 0.42
61 59 0.23
61 60 0.26
205 61 2.0E-4
4 62 0.23
5 62 0.11
19 62 0.29
25 62 0.35
29 62 0.5
43 62 0.21
53 62 0.35
54 62 0.28
55 62 0.23
56 62 0.07
58 62 0.1
205 62 0.0
5 63 0.16
9 63 0.27
17 63 0.2
22 63 0.38
40 63 0.35
56 63 0.1
58 63 0.07
205 63 0.0
8 64 0.2
12 64 0.24
14 64 0.23
56 64 0.07
205 64 0.0
65 1 0.18
65 3 0.19
65 4 0.13
65 5 0.27
65 6 0.27
65 7 0.29
65 8 0.08
65 10 0.11
65 11 0.12
65 13 0.15
65 14 0.22
65 15 0.19
65 16 0.27
65 17 0.11
65 21 0.18
65 22 0.1
65 24 0.27
65 25 0.14
65 28 0.14
65 33 0.34
65 34 0.27
65 40 0.19
65 43 0.08
65 52 0.21
65 54 0.16
65 55 0.13
65 56 0.38
65 58 0.27
65 61 0.09
65 205 2.0E-4
3 66 0.07
66 4 0.2
5 66 0.22
66 6 0.2
66 7 0.11
8 66 0.12
66 11 0.12
14 66 0.07
66 20 0.33
21 66 0.04
66 24 0.2
66 25 0.31
66 30 0.2
66 33 0.13
66 36 0.29
66 38 0.41
66 53 0.2
66 54 0.24
66 55 0.2
56 66 0.25
58 66 0.23
61 66 0.07
65 66 0.11
205 66 2.0E-4
2 67 0.19
3 67 0.14
5 67 0.13
8 67 0.24
11 67 0.12
14 67 0.13
21 67 0.24
67 39 0.58
56 67 0.13
67 57 0.29
58 67 0.18
61 67 0.4
65 67 0.11
66 67 0.17
205 67 1.0E-4
68 2 0.07
68 3 0.15
68 4 0.09
68 5 0.36
68 6 0.29
68 7 0.15
68 8 0.04
68 9 0.08
68 10 0.12
68 11 0.04
68 13 0.11
68 14 0.09
68 17 0.24
68 19 0.06
68 20 0.12
68 21 0.06
68 22 0.16
68 24 0.29
68 25 0.14
68 33 0.18
68 34 0.14
68 40 0.31
68 43 0.09
68 51 0.1
68 52 0.22
68 54 0.11
68 55 0.09
68 56 0.36
68 57 0.1
68 58 0.29
68 60 0.08
68 61 0.09
68 63 0.14
68 65 0.24
68 66 0.18
68 67 0.12
68 205 2.0E-4
17 69 0.29
69 29 0.5
52 69 0.27
56 69 0.07
205 69 0.0
70 1 0.07
70 3 0.17
70 4 0.05
70 5 0.28
70 7 0.17
70 9 0.17
70 10 0.26
70 11 0.18
70 12 0.17
70 13 0.12
70 14 0.05
70 16 0.16
70 17 0.2
70 21 0.16
70 22 0.18
70 23 0.23
70 26 0.23
70 27 0.32
70 28 0.16
70 33 0.21
70 35 0.23
70 41 0.16
70 43 0.05
70 44 0.13
70 52 0.06
70 54 0.06
70 55 0.05
70 56 0.32
70 58 0.28
70 65 0.35
70 66 0.13
70 68 0.14
70 205 1.0E-4
4 71 0.56
5 71 0.04
9 71 0.15
19 71 0.12
25 71 0.14
71 28 0.58
29 71 0.2
71 42 0.29
43 71 0.09
52 71 0.22
53 71 0.29
54 71 0.34
55 71 0.47
56 71 0.18
58 71 0.25
71 62 0.41
65 71 0.08
70 71 0.09
205 71 2.0E-4
72 31 1.0
72 49 1.0
72 50 1.0
56 72 0.07
58 72 0.1
205 72 0.0
3 73 0.18
73 34 1.0
40 73 0.35
43 73 0.15
52 73 0.38
56 73 0.1
58 73 0.14
65 73 0.27
68 73 0.14
205 73 1.0E-4
5 74 0.16
8 74 0.14
20 74 0.82
74 30 0.5
74 36 0.71
74 38 1.0
56 74 0.1
58 74 0.07
66 74 0.41
205 74 1.0E-4
75 1 0.1
75 2 0.2
3 75 0.15
5 75 0.1
75 7 0.23
8 75 0.25
75 11 0.3
75 12 0.22
13 75 0.16
14 75 0.14
17 75 0.09
21 75 0.25
22 75 0.08
75 26 0.3
75 27 0.21
75 32 0.3
75 33 0.27
75 35 0.3
75 39 0.3
43 75 0.06
75 44 0.17
75 45 0.3
52 75 0.08
56 75 0.24
75 57 0.15
58 75 0.21
75 60 0.11
61 75 0.14
65 75 0.12
75 67 0.17
70 75 0.21
205 75 2.0E-4
76 3 0.08
76 4 0.07
76 5 0.3
76 8 0.06
76 10 0.17
76 13 0.08
76 17 0.17
76 20 0.17
76 21 0.08
76 22 0.08
76 28 0.21
76 29 0.15
76 37 0.3
76 43 0.13
76 51 0.15
76 52 0.16
76 54 0.08
76 55 0.07
76 56 0.24
76 58 0.24
76 59 0.3
76 60 0.11
76 61 0.07
76 65 0.12
76 66 0.26
76 68 0.18
76 69 0.3
76 70 0.35
76 71 0.12
76 205 1.0E-4
4 77 0.08
5 77 0.27
8 77 0.29
17 77 0.1
19 77 0.31
20 77 0.41
77 30 0.25
77 36 0.35
77 38 0.5
43 77 0.23
55 77 0.08
56 77 0.21
58 77 0.14
60 77 0.4
66 77 0.2
68 77 0.07
77 74 0.5
205 77 1.0E-4
5 78 0.16
78 18 0.71
56 78 0.1
58 78 0.07
78 66 0.2
68 78 0.14
76 78 0.21
205 78 0.0
79 2 0.12
79 4 0.65
17 79 0.1
22 79 0.19
79 25 0.63
79 47 0.5
79 53 0.75
79 54 0.78
79 55 0.65
56 79 0.21
58 79 0.22
79 66 0.2
205 79 3.0E-4
5 80 0.06
80 8 0.24
80 11 0.12
80 12 0.14
13 80 0.15
14 80 0.26
21 80 0.24
80 45 0.58
52 80 0.15
56 80 0.13
58 80 0.06
80 61 0.13
65 80 0.11
80 75 0.35
205 80 0.0
81 7 0.27
81 11 0.14
81 33 0.32
81 48 0.71
56 81 0.1
58 81 0.14
65 81 0.14
70 81 0.16
75 81 0.21
205 81 0.0
4 82 0.32
17 82 0.2
25 82 0.25
53 82 0.5
54 82 0.39
55 82 0.32
56 82 0.1
58 82 0.07
79 82 0.5
205 82 1.0E-4
5 83 0.22
9 83 0.19
17 83 0.14
20 83 0.29
22 83 0.13
83 36 0.5
83 38 0.35
40 83 0.25
56 83 0.15
58 83 0.15
83 63 0.35
66 83 0.43
68 83 0.1
70 83 0.11
83 74 0.35
76 83 0.3
77 83 0.18
205 83 1.0E-4
5 84 0.11
8 84 0.2
11 84 0.2
21 84 0.14
56 84 0.07
58 84 0.1
61 84 0.23
65 84 0.19
66 84 0.29
67 84 0.58
205 84 0.0
2 85 0.15
3 85 0.11
4 85 0.21
85 6 0.63
85 7 0.68
85 11 0.09
14 85 0.1
21 85 0.06
85 24 0.63
25 85 0.32
85 33 0.6
54 85 0.25
55 85 0.21
56 85 0.16
85 57 0.22
58 85 0.23
61 85 0.1
65 85 0.26
66 85 0.13
85 67 0.26
68 85 0.27
70 85 0.1
75 85 0.13
85 81 0.32
205 85 1.0E-4
3 86 0.14
86 9 0.22
10 86 0.33
17 86 0.17
22 86 0.15
86 23 0.58
86 27 0.41
86 34 0.82
40 86 0.29
43 86 0.12
52 86 0.31
56 86 0.13
58 86 0.18
65 86 0.22
68 86 0.12
70 86 0.13
86 73 0.82
205 86 1.0E-4
3 87 0.14
5 87 0.06
11 87 0.23
12 87 0.14
13 87 0.15
14 87 0.26
17 87 0.17
87 41 0.41
52 87 0.15
56 87 0.13
68 87 0.12
70 87 0.13
205 87 0.0
5 88 0.43
88 8 0.05
88 18 0.24
88 20 0.42
88 21 0.07
88 30 0.17
88 36 0.24
88 38 0.34
88 51 0.12
56 88 0.3
58 88 0.22
65 88 0.09
88 66 0.35
68 88 0.45
70 88 0.11
88 74 0.34
76 88 0.29
88 77 0.34
88 78 0.34
88 83 0.24
205 88 1.0E-4
5 89 0.44
89 8 0.19
89 18 0.24
89 19 0.2
89 20 0.41
89 30 0.33
89 36 0.24
89 38 0.33
89 43 0.15
89 51 0.12
56 89 0.31
58 89 0.24
89 60 0.27
65 89 0.05
89 66 0.2
68 89 0.34
70 89 0.05
89 74 0.33
76 89 0.21
89 77 0.5
89 78 0.33
89 83 0.12
89 88 0.63
205 89 1.0E-4
5 90 0.08
90 7 0.27
22 90 0.19
90 40 0.35
90 52 0.19
56 90 0.1
58 90 0.07
90 85 0.32
205 90 0.0
1 91 0.16
3 91 0.13
5 91 0.11
11 91 0.1
12 91 0.12
14 91 0.11
17 91 0.14
21 91 0.14
43 91 0.21
91 51 0.25
56 91 0.15
58 91 0.1
68 91 0.1
75 91 0.15
88 91 0.12
89 91 0.12
205 91 0.0
92 9 0.22
10 92 0.33
17 92 0.5
22 92 0.46
92 23 0.58
92 27 0.41
40 92 0.29
52 92 0.31
56 92 0.13
58 92 0.18
65 92 0.11
68 92 0.12
70 92 0.13
92 86 0.33
205 92 1.0E-4
93 3 0.09
93 5 0.21
93 8 0.08
93 10 0.22
93 11 0.08
93 13 0.1
93 17 0.22
93 21 0.1
93 22 0.2
93 51 0.19
93 52 0.1
93 56 0.19
93 58 0.23
93 61 0.09
93 65 0.15
93 66 0.11
93 67 0.22
93 68 0.23
93 70 0.09
93 76 0.11
93 84 0.38
93 88 0.09
93 89 0.09
93 91 0.19
93 92 0.22
93 205 0.0
2 94 0.33
3 94 0.25
12 94 0.24
56 94 0.07
57 94 0.5
205 94 0.0
3 95 0.14
5 95 0.06
95 9 0.44
10 95 0.33
17 95 0.33
22 95 0.31
95 23 0.58
95 27 0.41
95 34 0.41
40 95 0.58
43 95 0.12
52 95 0.15
56 95 0.13
58 95 0.12
95 63 0.41
65 95 0.11
68 95 0.24
70 95 0.13
95 73 0.41
95 83 0.29
95 86 0.67
95 92 0.33
205 95 1.0E-4
17 96 0.29
96 29 0.5
52 96 0.27
56 96 0.07
96 69 1.0
76 96 0.3
205 96 0.0
4 97 0.46
5 97 0.05
19 97 0.14
25 97 0.18
97 28 0.35
29 97 0.25
43 97 0.11
52 97 0.13
53 97 0.35
54 97 0.42
55 97 0.46
56 97 0.15
58 97 0.2
97 62 0.5
65 97 0.1
70 97 0.11
71 97 0.82
76 97 0.15
205 97 1.0E-4
98 1 0.16
5 98 0.22
98 16 0.35
21 98 0.07
56 98 0.15
58 98 0.05
65 98 0.1
66 98 0.29
68 98 0.1
70 98 0.11
76 98 0.3
78 98 0.35
98 83 0.25
88 98 0.24
89 98 0.12
205 98 0.0
4 99 0.23
28 99 0.71
52 99 0.27
54 99 0.28
55 99 0.23
56 99 0.07
58 99 0.1
65 99 0.19
70 99 0.23
71 99 0.41
76 99 0.3
97 99 0.5
205 99 0.0
100 1 0.09
3 100 0.07
100 4 0.38
5 100 0.12
100 6 0.39
100 7 0.21
100 9 0.21
10 100 0.16
100 16 0.2
17 100 0.32
100 19 0.08
100 21 0.04
22 100 0.52
100 23 0.28
100 24 0.39
100 25 0.29
100 26 0.28
100 27 0.39
100 29 0.14
100 33 0.25
100 35 0.28
100 40 0.14
100 42 0.2
100 43 0.06
100 47 0.2
100 52 0.3
100 53 0.2
100 54 0.38
100 55 0.38
56 100 0.27
58 100 0.31
100 62 0.28
65 100 0.16
100 66 0.08
68 100 0.11
70 100 0.19
100 71 0.34
100 75 0.08
100 79 0.1
100 85 0.25
100 86 0.16
100 90 0.2
100 92 0.32
93 100 0.1
100 95 0.16
100 97 0.28
205 100 4.0E-4
101 1 0.13
3 101 0.2
5 101 0.09
8 101 0.33
101 11 0.08
101 12 0.1
13 101 0.11
14 101 0.28
19 101 0.12
21 101 0.11
101 37 0.41
101 39 0.41
43 101 0.26
101 51 0.2
56 101 0.18
58 101 0.17
101 59 0.41
101 60 0.15
61 101 0.28
101 67 0.24
101 75 0.25
76 101 0.12
101 91 0.2
205 101 1.0E-4
102 1 0.05
102 2 0.05
102 3 0.11
102 4 0.64
102 5 0.29
102 6 0.21
102 7 0.17
102 8 0.15
102 9 0.22
102 10 0.09
102 11 0.06
102 13 0.08
102 14 0.03
102 16 0.1
102 17 0.34
102 18 0.15
102 19 0.17
102 20 0.09
102 21 0.14
102 22 0.43
102 24 0.21
102 25 0.42
102 26 0.15
102 27 0.1
102 28 0.21
102 29 0.15
102 31 0.15
102 33 0.2
102 34 0.1
102 35 0.15
102 39 0.15
102 40 0.22
102 42 0.21
102 43 0.19
102 46 0.15
102 47 0.21
102 48 0.15
102 49 0.15
102 50 0.15
102 52 0.28
102 53 0.42
102 54 0.53
102 55 0.64
102 56 0.5
102 58 0.55
102 60 0.06
102 61 0.1
102 62 0.15
102 63 0.21
102 65 0.23
102 66 0.17
102 67 0.09
102 68 0.3
102 70 0.24
102 71 0.36
102 72 0.15
102 73 0.1
102 75 0.13
102 76 0.27
102 77 0.1
102 78 0.1
102 79 0.42
102 81 0.1
102 82 0.21
102 83 0.15
102 85 0.13
102 86 0.09
102 88 0.11
102 89 0.14
102 92 0.17
102 93 0.11
102 95 0.17
102 97 0.29
102 98 0.15
102 99 0.15
102 100 0.41
102 101 0.12
102 205 9.0E-4
103 1 0.13
103 2 0.2
103 3 0.26
103 5 0.4
103 8 0.13
103 9 0.08
103 10 0.24
103 11 0.08
103 12 0.1
103 13 0.11
103 14 0.14
103 15 0.1
103 16 0.29
103 17 0.12
103 21 0.14
103 22 0.16
103 30 0.14
103 34 0.14
103 40 0.1
103 41 0.14
103 43 0.04
103 52 0.05
103 56 0.36
103 57 0.2
103 58 0.17
103 61 0.19
103 63 0.29
103 65 0.39
103 66 0.06
103 67 0.24
103 68 0.17
103 70 0.19
103 73 0.14
103 76 0.06
103 80 0.12
103 83 0.1
103 84 0.2
103 85 0.09
103 86 0.12
103 88 0.05
103 89 0.1
103 93 0.23
103 95 0.12
103 98 0.1
103 100 0.06
103 102 0.15
103 205 1.0E-4
104 2 0.08
3 104 0.06
104 4 0.72
5 104 0.08
104 6 0.34
104 7 0.18
104 9 0.09
10 104 0.14
17 104 0.35
104 19 0.07
104 21 0.03
22 104 0.45
104 23 0.24
104 24 0.34
104 25 0.69
104 26 0.24
104 27 0.34
104 29 0.24
104 33 0.22
104 35 0.24
104 43 0.05
104 47 0.34
52 104 0.06
104 53 0.6
104 54 0.74
104 55 0.78
56 104 0.3
58 104 0.34
104 62 0.24
65 104 0.09
104 66 0.21
68 104 0.1
70 104 0.11
104 71 0.1
104 75 0.07
104 77 0.09
104 79 0.69
104 82 0.34
104 85 0.22
104 86 0.14
104 92 0.14
104 95 0.14
104 97 0.12
100 104 0.54
102 104 0.57
205 104 5.0E-4
17 105 0.29
22 105 0.27
52 105 0.27
56 105 0.07
58 105 0.1
92 105 0.58
93 105 0.38
100 105 0.28
102 105 0.15
205 105 0.0
4 106 0.61
5 106 0.04
106 6 0.47
106 7 0.25
17 106 0.1
22 106 0.18
106 24 0.47
25 106 0.24
106 28 0.47
106 33 0.3
42 106 0.24
106 47 0.24
52 106 0.09
54 106 0.37
55 106 0.69
56 106 0.22
58 106 0.27
65 106 0.19
66 106 0.1
68 106 0.14
70 106 0.08
71 106 0.41
76 106 0.1
106 77 0.12
79 106 0.12
106 85 0.3
106 97 0.33
106 99 0.33
100 106 0.37
102 106 0.44
104 106 0.4
205 106 3.0E-4
107 2 0.09
107 4 0.64
5 107 0.09
107 6 0.39
107 7 0.21
8 107 0.06
17 107 0.16
19 107 0.16
21 107 0.04
22 107 0.15
107 24 0.39
107 25 0.78
107 28 0.2
107 29 0.14
107 33 0.25
40 107 0.14
43 107 0.12
52 107 0.22
107 53 0.69
107 54 0.77
107 55 0.7
56 107 0.27
58 107 0.31
107 60 0.1
61 107 0.06
107 62 0.28
65 107 0.21
107 66 0.24
68 107 0.23
70 107 0.06
107 71 0.23
76 107 0.08
107 79 0.59
107 82 0.39
107 85 0.25
92 107 0.16
107 97 0.28
107 99 0.28
100 107 0.31
102 107 0.53
104 107 0.67
107 106 0.37
205 107 5.0E-4
2 108 0.47
3 108 0.35
12 108 0.34
108 41 0.5
56 108 0.1
57 108 0.71
108 94 0.71
103 108 0.14
205 108 1.0E-4
109 4 0.41
8 109 0.09
109 11 0.09
14 109 0.1
21 109 0.06
109 25 0.47
109 45 0.45
109 53 0.63
109 54 0.5
109 55 0.41
56 109 0.16
58 109 0.14
109 66 0.26
75 109 0.13
109 79 0.63
80 109 0.26
109 82 0.32
102 109 0.26
104 109 0.43
109 107 0.5
205 109 2.0E-4
110 2 0.19
3 110 0.07
4 110 0.66
5 110 0.06
110 6 0.41
110 7 0.22
110 12 0.07
17 110 0.08
19 110 0.08
22 110 0.23
110 24 0.41
25 110 0.61
110 29 0.29
110 33 0.26
43 110 0.06
110 47 0.2
53 110 0.61
54 110 0.72
55 110 0.73
56 110 0.25
110 57 0.14
58 110 0.26
110 62 0.29
65 110 0.11
66 110 0.08
68 110 0.12
110 71 0.24
79 110 0.51
110 82 0.41
110 85 0.26
110 94 0.29
110 97 0.29
100 110 0.4
102 110 0.47
104 110 0.7
110 106 0.29
107 110 0.64
110 108 0.2
109 110 0.26
205 110 4.0E-4
111 2 0.19
3 111 0.14
5 111 0.06
8 111 0.12
13 111 0.15
14 111 0.13
21 111 0.24
111 46 0.58
52 111 0.15
56 111 0.13
111 57 0.29
58 111 0.06
61 111 0.13
111 67 0.33
68 111 0.12
111 85 0.26
102 111 0.09
103 111 0.12
205 111 1.0E-4
17 112 0.29
22 112 0.27
52 112 0.27
56 112 0.07
58 112 0.1
92 112 0.58
93 112 0.38
100 112 0.28
102 112 0.15
112 105 1.0
205 112 0.0
4 113 0.26
5 113 0.04
113 7 0.14
8 113 0.08
113 11 0.08
14 113 0.09
17 113 0.22
22 113 0.2
113 28 0.27
113 29 0.19
113 33 0.17
113 47 0.27
52 113 0.1
54 113 0.1
55 113 0.35
56 113 0.19
58 113 0.19
65 113 0.07
113 69 0.38
70 113 0.09
113 71 0.15
75 113 0.11
76 113 0.11
113 77 0.13
79 113 0.13
113 81 0.27
113 85 0.17
113 96 0.38
100 113 0.21
101 113 0.15
102 113 0.28
104 113 0.28
113 106 0.5
107 113 0.1
110 113 0.11
205 113 2.0E-4
3 114 0.25
11 114 0.2
14 114 0.23
43 114 0.21
56 114 0.07
75 114 0.3
91 114 0.5
101 114 0.41
205 114 0.0
115 2 0.14
3 115 0.2
5 115 0.22
8 115 0.17
10 115 0.24
115 11 0.24
13 115 0.21
17 115 0.12
21 115 0.17
22 115 0.11
115 26 0.41
115 27 0.29
115 35 0.41
52 115 0.11
56 115 0.18
58 115 0.08
61 115 0.09
65 115 0.08
115 66 0.12
115 67 0.24
68 115 0.08
70 115 0.09
75 115 0.12
115 84 0.41
93 115 0.15
100 115 0.11
102 115 0.12
103 115 0.17
104 115 0.1
111 115 0.24
205 115 0.0
5 116 0.06
8 116 0.12
17 116 0.17
19 116 0.17
21 116 0.08
116 29 0.29
116 31 0.58
43 116 0.12
116 49 0.58
116 50 0.58
52 116 0.31
56 116 0.13
58 116 0.12
116 60 0.22
61 116 0.13
68 116 0.12
116 69 0.58
116 72 0.58
76 116 0.17
116 96 0.58
102 116 0.17
116 107 0.16
116 113 0.22
205 116 1.0E-4
8 117 0.14
117 9 0.27
21 117 0.19
43 117 0.15
56 117 0.1
58 117 0.14
61 117 0.16
70 117 0.16
205 117 0.0
1 118 0.18
2 118 0.38
3 118 0.14
11 118 0.12
14 118 0.13
21 118 0.08
56 118 0.13
118 57 0.29
58 118 0.12
61 118 0.13
67 118 0.33
68 118 0.12
85 118 0.26
103 118 0.12
111 118 0.33
205 118 0.0
3 119 0.25
119 34 0.71
40 119 0.5
43 119 0.21
52 119 0.27
56 119 0.07
58 119 0.1
65 119 0.19
68 119 0.2
119 73 0.71
86 119 0.58
95 119 0.58
102 119 0.15
205 119 0.0
4 120 0.32
120 6 1.0
7 120 0.53
120 24 1.0
25 120 0.5
33 120 0.63
54 120 0.39
55 120 0.32
56 120 0.1
58 120 0.14
65 120 0.27
66 120 0.2
68 120 0.29
85 120 0.63
100 120 0.39
102 120 0.21
104 120 0.34
106 120 0.47
107 120 0.39
110 120 0.41
205 120 1.0E-4
5 121 0.11
14 121 0.23
17 121 0.29
52 121 0.27
56 121 0.07
68 121 0.2
87 121 0.58
205 121 0.0
5 122 0.08
122 7 0.27
22 122 0.19
122 40 0.35
122 52 0.19
56 122 0.1
58 122 0.07
122 85 0.32
122 90 1.0
122 100 0.2
205 122 0.0
17 123 0.29
22 123 0.27
40 123 0.5
52 123 0.27
56 123 0.07
58 123 0.1
65 123 0.19
68 123 0.2
92 123 0.58
102 123 0.15
107 123 0.28
205 123 0.0
124 1 0.2
4 124 0.07
5 124 0.14
7 124 0.12
8 124 0.06
12 124 0.23
13 124 0.08
17 124 0.09
21 124 0.17
25 124 0.11
43 124 0.07
53 124 0.11
54 124 0.09
55 124 0.07
56 124 0.23
58 124 0.13
61 124 0.07
65 124 0.12
66 124 0.09
79 124 0.11
124 91 0.16
102 124 0.05
103 124 0.06
104 124 0.08
107 124 0.09
109 124 0.14
205 124 0.0
5 125 0.11
7 125 0.19
8 125 0.2
12 125 0.12
13 125 0.13
21 125 0.2
125 39 0.5
125 44 0.29
56 125 0.15
58 125 0.1
61 125 0.23
125 67 0.29
75 125 0.15
101 125 0.2
102 125 0.07
103 125 0.1
125 124 0.32
205 125 0.0
126 2 0.15
5 126 0.1
126 8 0.18
126 11 0.18
126 12 0.22
13 126 0.23
14 126 0.1
21 126 0.12
126 43 0.1
126 44 0.26
56 126 0.16
126 57 0.22
58 126 0.18
126 60 0.17
126 61 0.31
65 126 0.09
126 75 0.13
126 80 0.26
103 126 0.18
205 126 1.0E-4
1 127 0.18
5 127 0.13
12 127 0.14
17 127 0.17
21 127 0.08
43 127 0.12
56 127 0.13
58 127 0.12
66 127 0.17
68 127 0.12
76 127 0.17
127 83 0.29
88 127 0.14
91 127 0.29
124 127 0.18
205 127 0.0
2 128 0.33
3 128 0.25
12 128 0.24
56 128 0.07
57 128 0.5
128 94 1.0
128 108 0.71
110 128 0.29
205 128 0.0
2 129 0.33
3 129 0.25
12 129 0.24
129 41 0.71
56 129 0.07
57 129 0.5
103 129 0.2
129 108 0.71
205 129 0.0
130 2 0.07
130 4 0.5
5 130 0.19
130 8 0.13
130 9 0.25
10 130 0.13
130 14 0.05
17 130 0.31
130 18 0.22
130 19 0.13
130 20 0.38
130 21 0.03
22 130 0.17
130 23 0.22
130 25 0.39
130 27 0.15
130 28 0.15
130 29 0.22
130 30 0.15
130 36 0.22
130 38 0.31
40 130 0.22
130 42 0.15
130 43 0.09
52 130 0.29
130 53 0.54
130 54 0.48
130 55 0.45
56 130 0.34
58 130 0.33
130 60 0.08
130 61 0.05
130 62 0.22
130 63 0.15
65 130 0.08
130 66 0.31
68 130 0.18
130 69 0.22
70 130 0.1
130 71 0.36
130 74 0.31
76 130 0.26
130 77 0.23
130 78 0.15
130 79 0.39
130 82 0.15
130 83 0.33
130 86 0.13
130 88 0.26
130 89 0.21
130 92 0.25
130 95 0.25
130 96 0.22
130 97 0.33
130 99 0.22
100 130 0.24
130 101 0.09
102 130 0.51
103 130 0.04
104 130 0.42
130 106 0.15
130 107 0.54
130 109 0.39
130 110 0.31
130 113 0.25
130 116 0.25
130 123 0.22
130 124 0.07
130 127 0.13
205 130 7.0E-4
4 131 0.41
5 131 0.05
131 6 0.63
7 131 0.34
22 131 0.24
131 24 0.63
25 131 0.32
29 131 0.22
33 131 0.4
53 131 0.16
54 131 0.37
55 131 0.51
56 131 0.16
58 131 0.23
65 131 0.17
66 131 0.13
68 131 0.18
71 131 0.18
85 131 0.4
97 131 0.22
100 131 0.5
102 131 0.33
104 131 0.43
106 131 0.45
107 131 0.37
110 131 0.65
113 131 0.17
131 120 0.63
130 131 0.1
205 131 1.0E-4
5 132 0.11
132 15 0.25
17 132 0.14
22 132 0.13
132 29 0.25
132 43 0.11
52 132 0.13
56 132 0.15
58 132 0.1
65 132 0.1
68 132 0.1
93 132 0.19
100 132 0.14
102 132 0.07
103 132 0.1
132 104 0.12
205 132 0.0
4 133 0.57
5 133 0.08
133 6 0.5
133 7 0.27
9 133 0.13
19 133 0.1
22 133 0.09
133 24 0.5
25 133 0.38
133 28 0.5
29 133 0.18
133 33 0.32
133 42 0.5
43 133 0.08
52 133 0.19
53 133 0.13
54 133 0.39
55 133 0.57
56 133 0.21
58 133 0.29
133 62 0.35
65 133 0.2
66 133 0.1
68 133 0.14
70 133 0.08
133 71 0.58
76 133 0.11
133 85 0.32
133 97 0.35
133 99 0.35
100 133 0.49
102 133 0.42
104 133 0.34
133 106 0.71
107 133 0.49
110 133 0.41
113 133 0.27
133 120 0.5
130 133 0.23
133 131 0.47
205 133 3.0E-4
134 2 0.15
5 134 0.05
8 134 0.37
134 11 0.09
134 12 0.11
13 134 0.12
21 134 0.24
134 32 0.45
43 134 0.19
52 134 0.12
56 134 0.16
58 134 0.18
61 134 0.31
134 75 0.13
111 134 0.26
134 115 0.18
134 117 0.32
205 134 0.0
5 135 0.04
135 7 0.15
8 135 0.17
135 12 0.1
13 135 0.11
135 19 0.24
21 135 0.06
135 39 0.41
135 43 0.26
56 135 0.18
58 135 0.21
61 135 0.47
135 67 0.24
135 75 0.12
135 101 0.17
102 135 0.06
135 124 0.13
135 125 0.41
126 135 0.37
205 135 0.0
5 136 0.11
8 136 0.2
20 136 0.58
30 136 0.71
38 136 0.71
56 136 0.07
66 136 0.29
74 136 0.71
77 136 0.35
88 136 0.24
89 136 0.24
130 136 0.22
205 136 0.0
2 137 0.22
3 137 0.25
5 137 0.04
8 137 0.07
137 11 0.33
137 12 0.16
13 137 0.34
14 137 0.15
21 137 0.23
137 33 0.15
137 39 0.33
43 137 0.07
137 44 0.19
52 137 0.09
56 137 0.22
137 57 0.33
58 137 0.17
137 60 0.13
61 137 0.15
137 67 0.38
68 137 0.14
75 137 0.4
80 137 0.19
137 85 0.15
137 91 0.17
101 137 0.27
102 137 0.1
103 137 0.07
111 137 0.19
137 114 0.33
115 137 0.14
137 118 0.38
137 125 0.17
126 137 0.15
135 137 0.14
205 137 1.0E-4
3 138 0.17
5 138 0.11
138 9 0.25
10 138 0.19
17 138 0.48
138 21 0.05
22 138 0.53
138 23 0.33
138 26 0.33
138 27 0.47
138 31 0.33
138 34 0.47
138 35 0.33
138 40 0.67
138 43 0.07
138 49 0.33
138 50 0.33
138 52 0.45
56 138 0.22
58 138 0.24
138 63 0.24
65 138 0.19
68 138 0.2
70 138 0.15
138 72 0.33
138 73 0.47
138 75 0.1
138 83 0.17
138 86 0.58
138 90 0.24
138 92 0.38
138 95 0.58
138 100 0.37
102 138 0.29
103 138 0.14
138 104 0.24
138 107 0.09
138 115 0.14
138 116 0.19
138 119 0.33
138 122 0.24
138 123 0.33
138 130 0.22
138 132 0.17
138 205 3.0E-4
139 9 0.38
10 139 0.58
17 139 0.29
22 139 0.27
139 23 1.0
139 27 0.71
56 139 0.07
58 139 0.1
70 139 0.23
139 86 0.58
139 92 0.58
139 95 0.58
100 139 0.28
104 139 0.24
130 139 0.22
138 139 0.33
205 139 0.0
5 140 0.08
17 140 0.2
22 140 0.38
140 40 0.35
140 52 0.38
56 140 0.1
58 140 0.07
140 90 0.5
140 92 0.41
93 140 0.27
140 100 0.39
102 140 0.1
140 105 0.71
140 112 0.71
140 122 0.5
140 138 0.24
140 205 1.0E-4
5 141 0.08
17 141 0.2
22 141 0.38
141 40 0.35
141 52 0.38
56 141 0.1
58 141 0.07
141 90 0.5
141 92 0.41
93 141 0.27
141 100 0.39
102 141 0.1
141 105 0.71
141 112 0.71
141 122 0.5
141 138 0.24
141 140 1.0
141 205 1.0E-4
142 31 1.0
142 49 1.0
142 50 1.0
56 142 0.07
58 142 0.1
142 72 1.0
102 142 0.15
142 116 0.58
138 142 0.33
205 142 0.0
5 143 0.06
17 143 0.33
22 143 0.46
143 40 0.58
143 52 0.46
56 143 0.13
58 143 0.12
65 143 0.11
68 143 0.12
143 90 0.41
143 92 0.33
143 100 0.32
102 143 0.17
143 104 0.14
143 107 0.16
143 122 0.41
143 123 0.58
143 130 0.13
143 132 0.29
143 138 0.58
143 140 0.41
143 141 0.41
143 205 1.0E-4
5 144 0.05
17 144 0.43
22 144 0.53
144 40 0.5
144 52 0.53
56 144 0.15
58 144 0.15
65 144 0.1
68 144 0.1
144 90 0.35
144 92 0.58
93 144 0.19
144 100 0.42
102 144 0.22
144 104 0.12
144 105 0.5
144 107 0.14
144 112 0.5
144 122 0.35
144 123 0.5
144 130 0.11
144 132 0.25
144 138 0.5
144 140 0.71
144 141 0.71
144 143 0.87
144 205 1.0E-4
145 4 0.21
5 145 0.05
145 9 0.17
22 145 0.12
145 31 0.45
145 40 0.22
145 42 0.32
145 49 0.45
145 50 0.45
145 52 0.36
145 55 0.1
56 145 0.16
58 145 0.14
145 71 0.37
145 72 0.45
145 90 0.32
145 97 0.22
145 100 0.25
102 145 0.2
145 106 0.15
145 116 0.26
145 122 0.32
145 130 0.1
145 133 0.16
145 138 0.3
145 140 0.32
145 141 0.32
145 142 0.45
145 143 0.26
145 144 0.22
145 205 1.0E-4
3 146 0.25
5 146 0.11
17 146 0.29
21 146 0.14
22 146 0.27
146 26 1.0
146 27 0.71
146 35 1.0
56 146 0.07
58 146 0.1
70 146 0.23
75 146 0.3
100 146 0.28
102 146 0.15
104 146 0.24
146 115 0.41
138 146 0.33
205 146 0.0
3 147 0.06
147 4 0.16
5 147 0.26
147 6 0.33
147 7 0.18
147 8 0.05
147 9 0.09
10 147 0.14
147 11 0.05
147 12 0.06
13 147 0.06
147 14 0.05
17 147 0.27
147 20 0.14
147 21 0.13
22 147 0.31
147 23 0.24
147 24 0.33
147 25 0.25
147 26 0.24
147 27 0.33
147 33 0.21
147 34 0.17
147 35 0.24
147 40 0.24
147 43 0.05
147 45 0.24
147 52 0.25
147 53 0.08
147 54 0.2
147 55 0.16
56 147 0.31
58 147 0.36
147 63 0.17
65 147 0.23
147 66 0.2
68 147 0.24
70 147 0.27
147 73 0.17
147 75 0.21
76 147 0.36
147 79 0.08
147 80 0.27
147 82 0.17
147 83 0.24
147 85 0.21
147 86 0.27
147 88 0.17
147 89 0.17
147 90 0.17
147 92 0.27
147 95 0.14
147 98 0.12
147 100 0.33
102 147 0.38
103 147 0.14
147 104 0.29
147 106 0.16
147 107 0.26
147 109 0.11
147 110 0.2
147 115 0.1
147 120 0.33
147 122 0.17
147 123 0.24
147 127 0.14
147 130 0.21
147 131 0.21
147 133 0.17
147 137 0.08
147 138 0.39
147 139 0.24
147 140 0.17
147 141 0.17
147 143 0.27
147 144 0.24
147 145 0.11
147 146 0.24
147 205 3.0E-4
3 148 0.25
5 148 0.11
17 148 0.29
21 148 0.14
22 148 0.27
148 26 1.0
148 27 0.71
148 35 1.0
56 148 0.07
58 148 0.1
70 148 0.23
75 148 0.3
100 148 0.28
102 148 0.15
104 148 0.24
148 115 0.41
138 148 0.33
148 146 1.0
147 148 0.24
205 148 0.0
5 149 0.25
8 149 0.54
149 9 0.43
149 12 0.09
19 149 0.44
21 149 0.36
149 37 0.38
149 39 0.38
43 149 0.4
149 51 0.38
52 149 0.1
56 149 0.19
58 149 0.23
149 59 0.38
149 60 0.43
61 149 0.43
149 67 0.22
68 149 0.08
149 75 0.23
76 149 0.11
101 149 0.31
102 149 0.22
149 107 0.1
149 116 0.22
149 125 0.19
130 149 0.08
135 149 0.15
149 137 0.13
205 149 1.0E-4
150 1 0.15
150 2 0.15
3 150 0.06
150 4 0.32
5 150 0.13
150 6 0.32
150 7 0.17
150 9 0.09
150 15 0.34
17 150 0.13
22 150 0.18
150 24 0.32
150 25 0.16
150 28 0.32
150 31 0.23
150 33 0.21
150 34 0.32
150 40 0.34
150 42 0.16
150 43 0.1
150 49 0.23
150 50 0.23
150 52 0.49
150 54 0.19
150 55 0.26
56 150 0.32
58 150 0.26
65 150 0.35
150 66 0.07
68 150 0.19
70 150 0.05
150 71 0.37
150 72 0.23
150 73 0.32
150 75 0.07
76 150 0.07
150 85 0.21
150 86 0.26
150 90 0.16
150 92 0.26
93 150 0.09
150 95 0.13
150 97 0.23
150 99 0.23
150 100 0.32
102 150 0.34
103 150 0.14
150 104 0.11
150 105 0.23
150 106 0.38
150 107 0.25
150 110 0.13
150 112 0.23
150 113 0.09
150 116 0.13
150 118 0.13
150 119 0.23
150 120 0.32
150 122 0.16
150 123 0.23
150 130 0.15
150 131 0.21
150 132 0.11
150 133 0.41
150 138 0.38
150 140 0.32
150 141 0.32
150 142 0.23
150 143 0.26
150 144 0.34
150 145 0.51
150 147 0.27
150 205 3.0E-4
151 1 0.22
21 151 0.1
56 151 0.1
58 151 0.07
205 151 0.0
152 2 0.11
3 152 0.04
152 4 0.72
5 152 0.16
152 6 0.23
152 7 0.12
8 152 0.37
152 9 0.19
152 11 0.03
152 12 0.12
14 152 0.04
152 15 0.08
17 152 0.09
152 19 0.33
21 152 0.2
22 152 0.22
152 24 0.23
152 25 0.46
152 28 0.23
152 29 0.16
152 32 0.16
152 33 0.15
152 37 0.16
152 39 0.16
152 42 0.23
152 43 0.39
152 47 0.23
152 51 0.16
52 152 0.13
152 53 0.46
152 54 0.59
152 55 0.72
56 152 0.45
152 57 0.08
58 152 0.55
152 59 0.16
152 60 0.19
61 152 0.6
152 62 0.16
65 152 0.13
152 66 0.19
152 67 0.19
68 152 0.1
70 152 0.04
152 71 0.4
152 75 0.1
76 152 0.1
152 77 0.06
152 79 0.46
152 82 0.23
152 84 0.16
152 85 0.15
93 152 0.06
152 94 0.16
152 97 0.33
152 99 0.16
100 152 0.32
152 101 0.2
102 152 0.56
103 152 0.03
104 152 0.56
152 106 0.49
152 107 0.55
152 108 0.12
152 109 0.29
152 110 0.57
152 113 0.25
152 115 0.07
152 116 0.09
152 117 0.12
152 120 0.23
152 124 0.05
152 125 0.08
126 152 0.15
152 128 0.16
130 152 0.39
152 131 0.37
152 133 0.46
152 134 0.22
152 135 0.34
152 137 0.05
145 152 0.15
147 152 0.12
152 149 0.31
150 152 0.23
205 152 8.0E-4
153 2 0.13
153 4 0.61
5 153 0.04
17 153 0.11
19 153 0.11
153 25 0.8
153 29 0.19
43 153 0.08
153 53 0.94
153 54 0.73
153 55 0.61
56 153 0.19
58 153 0.19
153 62 0.38
153 66 0.22
153 71 0.15
153 79 0.8
153 82 0.53
153 97 0.19
100 153 0.1
102 153 0.39
104 153 0.64
153 107 0.73
153 109 0.68
153 110 0.55
153 124 0.12
130 153 0.49
153 133 0.13
147 153 0.09
152 153 0.43
205 153 2.0E-4
154 2 0.16
3 154 0.08
154 4 0.11
5 154 0.3
154 6 0.11
154 7 0.06
154 8 0.73
154 9 0.18
154 11 0.16
154 12 0.16
13 154 0.08
14 154 0.22
154 15 0.08
17 154 0.05
154 19 0.56
154 20 0.09
21 154 0.46
22 154 0.04
154 24 0.11
154 25 0.17
154 29 0.08
154 32 0.16
154 33 0.07
154 36 0.16
154 37 0.16
154 38 0.11
154 39 0.16
154 43 0.55
154 44 0.09
154 45 0.16
154 46 0.16
154 51 0.16
52 154 0.09
154 53 0.11
154 54 0.13
154 55 0.11
56 154 0.45
154 57 0.16
58 154 0.51
154 59 0.16
154 60 0.43
154 61 0.71
154 62 0.16
154 64 0.16
65 154 0.09
154 66 0.19
154 67 0.28
68 154 0.1
154 71 0.07
154 74 0.11
154 75 0.29
76 154 0.05
154 77 0.23
154 79 0.06
154 80 0.19
154 82 0.11
154 83 0.08
154 84 0.16
154 85 0.15
88 154 0.04
89 154 0.15
154 91 0.08
93 154 0.06
154 97 0.08
100 154 0.09
154 101 0.26
102 154 0.19
103 154 0.17
104 154 0.12
154 106 0.05
154 107 0.18
154 109 0.07
154 110 0.14
154 111 0.28
154 114 0.16
154 115 0.13
154 116 0.09
154 117 0.11
154 118 0.09
154 120 0.11
154 124 0.05
154 125 0.16
154 126 0.29
130 154 0.11
154 131 0.07
154 133 0.11
154 134 0.36
154 135 0.33
154 137 0.22
147 154 0.11
154 149 0.43
150 154 0.04
154 152 0.51
154 153 0.12
205 154 5.0E-4
155 1 0.39
155 4 0.09
5 155 0.04
155 12 0.1
13 155 0.11
155 16 0.29
17 155 0.24
22 155 0.22
155 40 0.41
155 52 0.22
155 55 0.09
56 155 0.18
58 155 0.08
65 155 0.16
68 155 0.08
70 155 0.09
155 77 0.14
155 90 0.29
155 92 0.24
155 100 0.23
102 155 0.12
103 155 0.08
155 104 0.1
155 106 0.14
155 107 0.11
155 113 0.15
155 122 0.29
155 123 0.41
155 130 0.18
155 138 0.27
155 140 0.29
155 141 0.29
155 143 0.47
155 144 0.41
155 145 0.18
155 147 0.19
155 150 0.19
155 152 0.07
155 205 1.0E-4
156 31 1.0
156 49 1.0
156 50 1.0
56 156 0.07
58 156 0.1
156 72 1.0
102 156 0.15
156 116 0.58
138 156 0.33
156 142 1.0
145 156 0.45
150 156 0.23
205 156 0.0
157 31 1.0
157 49 1.0
157 50 1.0
56 157 0.07
58 157 0.1
157 72 1.0
102 157 0.15
157 116 0.58
138 157 0.33
157 142 1.0
145 157 0.45
150 157 0.23
157 156 1.0
205 157 0.0
8 158 0.2
11 158 0.2
14 158 0.23
21 158 0.14
158 45 1.0
56 158 0.07
58 158 0.1
75 158 0.3
80 158 0.58
109 158 0.45
147 158 0.24
154 158 0.16
205 158 0.0
3 159 0.18
5 159 0.08
11 159 0.14
12 159 0.17
13 159 0.18
14 159 0.16
159 41 0.5
56 159 0.1
70 159 0.16
87 159 0.41
205 159 1.0E-4
3 160 0.13
5 160 0.11
8 160 0.1
11 160 0.1
14 160 0.23
160 15 0.25
21 160 0.14
22 160 0.13
160 39 0.5
56 160 0.15
58 160 0.15
61 160 0.23
160 67 0.29
75 160 0.15
101 160 0.2
102 160 0.07
125 160 0.25
135 160 0.2
137 160 0.17
149 160 0.19
152 160 0.16
154 160 0.16
205 160 1.0E-4
5 161 0.08
14 161 0.16
56 161 0.1
58 161 0.14
68 161 0.14
88 161 0.17
89 161 0.17
205 161 0.0
5 162 0.19
8 162 0.12
20 162 0.33
162 30 0.82
38 162 0.41
56 162 0.13
66 162 0.17
74 162 0.41
77 162 0.2
88 162 0.14
89 162 0.27
103 162 0.24
130 162 0.13
162 136 0.58
205 162 0.0
4 163 0.32
163 6 1.0
7 163 0.53
163 24 1.0
25 163 0.5
33 163 0.63
54 163 0.39
55 163 0.32
56 163 0.1
58 163 0.14
65 163 0.27
66 163 0.2
68 163 0.29
85 163 0.63
100 163 0.39
102 163 0.21
104 163 0.34
106 163 0.47
107 163 0.39
110 163 0.41
163 120 1.0
131 163 0.63
133 163 0.5
147 163 0.33
150 163 0.32
152 163 0.23
154 163 0.11
205 163 1.0E-4
3 164 0.1
164 4 0.19
5 164 0.04
164 9 0.15
22 164 0.11
164 28 0.29
164 34 0.58
164 40 0.41
164 42 0.29
164 43 0.09
164 52 0.65
164 54 0.11
164 55 0.09
56 164 0.18
58 164 0.17
65 164 0.24
68 164 0.08
70 164 0.09
164 71 0.33
164 73 0.58
76 164 0.12
164 86 0.47
164 90 0.29
164 95 0.24
164 97 0.2
164 99 0.41
164 100 0.23
102 164 0.18
103 164 0.08
164 106 0.14
164 107 0.11
164 119 0.41
164 122 0.29
164 130 0.18
164 133 0.29
164 138 0.41
164 140 0.29
164 141 0.29
164 143 0.24
164 144 0.2
164 145 0.55
164 147 0.19
164 150 0.56
164 152 0.13
164 155 0.17
164 205 2.0E-4
165 2 0.09
165 3 0.2
165 4 0.37
165 5 0.12
165 6 0.38
165 7 0.4
165 10 0.31
165 11 0.16
165 12 0.06
165 13 0.14
165 14 0.06
165 17 0.23
165 19 0.08
165 21 0.04
165 22 0.21
165 24 0.38
165 25 0.38
165 29 0.27
165 33 0.36
165 41 0.19
165 43 0.06
165 46 0.27
165 53 0.19
165 54 0.3
165 55 0.43
165 56 0.28
165 58 0.24
165 62 0.27
165 65 0.21
165 66 0.08
165 68 0.16
165 70 0.18
165 71 0.11
165 75 0.08
165 76 0.08
165 77 0.09
165 79 0.09
165 82 0.19
165 85 0.36
165 87 0.31
165 90 0.19
165 93 0.1
165 97 0.13
165 100 0.3
165 102 0.39
165 103 0.11
165 104 0.45
165 106 0.36
165 107 0.37
165 110 0.46
165 111 0.15
165 113 0.2
165 115 0.11
165 120 0.38
165 122 0.19
165 130 0.12
165 131 0.48
165 133 0.38
165 147 0.19
165 150 0.12
165 152 0.31
165 153 0.2
165 154 0.17
165 155 0.11
165 159 0.19
165 163 0.38
165 205 2.0E-4
5 166 0.11
8 166 0.2
21 166 0.14
166 39 1.0
56 166 0.07
58 166 0.1
61 166 0.23
166 67 0.58
75 166 0.3
101 166 0.41
102 166 0.15
125 166 0.5
135 166 0.41
137 166 0.33
149 166 0.38
152 166 0.16
154 166 0.16
160 166 0.5
205 166 0.0
8 167 0.2
12 167 0.24
14 167 0.23
56 167 0.07
167 64 1.0
154 167 0.16
205 167 0.0
4 168 0.23
168 28 0.71
55 168 0.23
56 168 0.07
58 168 0.1
71 168 0.41
102 168 0.15
106 168 0.33
113 168 0.38
133 168 0.35
150 168 0.23
152 168 0.16
205 168 0.0
169 2 0.1
169 4 0.73
5 169 0.03
169 6 0.41
169 7 0.22
17 169 0.08
22 169 0.23
169 24 0.41
169 25 0.71
169 28 0.2
169 33 0.26
169 47 0.41
52 169 0.08
169 53 0.61
169 54 0.88
169 55 0.79
56 169 0.25
58 169 0.29
65 169 0.17
169 66 0.25
68 169 0.12
70 169 0.07
169 71 0.12
76 169 0.09
169 79 0.82
169 82 0.41
169 85 0.26
169 97 0.14
169 99 0.29
100 169 0.32
102 169 0.51
104 169 0.77
169 106 0.48
169 107 0.8
169 109 0.52
169 110 0.67
169 113 0.22
169 120 0.41
169 124 0.09
130 169 0.38
169 131 0.39
169 133 0.41
147 169 0.2
150 169 0.2
152 169 0.57
169 153 0.65
154 169 0.09
169 163 0.41
164 169 0.12
165 169 0.31
205 169 4.0E-4
170 2 0.15
170 4 0.51
17 170 0.13
170 25 0.63
170 53 0.79
170 54 0.62
170 55 0.51
56 170 0.16
58 170 0.14
170 66 0.13
170 79 0.79
170 82 0.63
102 170 0.33
104 170 0.54
170 107 0.62
170 109 0.6
170 110 0.52
130 170 0.39
147 170 0.11
152 170 0.37
170 153 0.85
154 170 0.07
165 170 0.12
170 169 0.65
205 170 2.0E-4
4 171 0.46
171 6 0.71
171 7 0.38
22 171 0.13
171 24 0.71
25 171 0.35
171 33 0.45
171 47 0.35
53 171 0.18
54 171 0.55
55 171 0.46
56 171 0.15
58 171 0.2
65 171 0.19
66 171 0.14
68 171 0.2
71 171 0.2
79 171 0.18
171 85 0.45
171 97 0.25
100 171 0.55
102 171 0.29
104 171 0.36
171 106 0.5
107 171 0.28
110 171 0.43
113 171 0.19
171 120 0.71
130 171 0.11
171 131 0.67
133 171 0.35
147 171 0.24
150 171 0.23
152 171 0.33
154 171 0.08
171 163 0.71
165 171 0.27
169 171 0.43
205 171 2.0E-4
4 172 0.51
172 6 0.63
172 7 0.34
17 172 0.13
22 172 0.24
172 24 0.63
25 172 0.32
172 33 0.4
172 47 0.63
54 172 0.5
55 172 0.51
56 172 0.16
58 172 0.18
65 172 0.17
66 172 0.13
68 172 0.18
172 77 0.16
79 172 0.32
172 85 0.4
100 172 0.37
102 172 0.33
104 172 0.54
172 106 0.6
107 172 0.25
110 172 0.39
113 172 0.34
172 120 0.63
130 172 0.1
172 131 0.4
133 172 0.32
147 172 0.21
150 172 0.21
152 172 0.37
154 172 0.07
155 172 0.18
172 163 0.63
165 172 0.36
169 172 0.52
172 171 0.67
205 172 2.0E-4
4 173 0.32
5 173 0.08
19 173 0.2
25 173 0.25
173 28 0.5
29 173 0.35
43 173 0.15
53 173 0.25
54 173 0.2
55 173 0.32
56 173 0.1
58 173 0.14
173 62 0.71
71 173 0.58
97 173 0.35
100 173 0.2
102 173 0.21
104 173 0.17
106 173 0.24
107 173 0.2
110 173 0.2
113 173 0.27
130 173 0.15
133 173 0.5
150 173 0.16
152 173 0.23
153 173 0.27
154 173 0.11
165 173 0.19
173 168 0.71
205 173 1.0E-4
174 2 0.13
4 174 0.26
5 174 0.17
8 174 0.08
17 174 0.11
19 174 0.11
21 174 0.1
25 174 0.4
43 174 0.16
52 174 0.1
53 174 0.4
54 174 0.31
55 174 0.26
56 174 0.19
58 174 0.23
174 60 0.14
61 174 0.09
66 174 0.11
68 174 0.08
70 174 0.26
76 174 0.34
79 174 0.4
174 82 0.27
174 83 0.19
174 98 0.19
102 174 0.39
104 174 0.28
107 174 0.42
109 174 0.17
174 110 0.33
116 174 0.22
130 174 0.25
147 174 0.36
149 174 0.14
152 174 0.25
153 174 0.43
154 174 0.12
165 174 0.1
169 174 0.33
170 174 0.51
205 174 1.0E-4
17 175 0.29
22 175 0.27
40 175 0.5
52 175 0.27
56 175 0.07
58 175 0.1
65 175 0.19
68 175 0.2
92 175 0.58
102 175 0.15
107 175 0.28
175 123 1.0
130 175 0.22
138 175 0.33
143 175 0.58
144 175 0.5
147 175 0.24
150 175 0.23
155 175 0.41
205 175 0.0
176 3 0.1
176 5 0.27
176 8 0.17
176 10 0.24
176 11 0.08
176 13 0.11
176 17 0.12
176 19 0.12
176 21 0.06
176 22 0.11
176 43 0.09
176 56 0.18
176 58 0.21
176 60 0.15
176 61 0.09
176 65 0.16
176 66 0.24
176 67 0.24
176 68 0.17
176 70 0.28
176 76 0.37
176 77 0.29
176 83 0.2
176 84 0.41
176 88 0.1
176 89 0.19
176 93 0.31
176 98 0.2
176 102 0.24
176 103 0.17
176 115 0.17
176 147 0.19
176 152 0.07
176 154 0.13
176 165 0.11
176 174 0.31
176 205 0.0
34 177 0.71
52 177 0.27
56 177 0.07
58 177 0.1
65 177 0.19
73 177 0.71
86 177 0.58
103 177 0.2
138 177 0.33
147 177 0.24
150 177 0.23
164 177 0.41
205 177 0.0
3 178 0.25
5 178 0.05
8 178 0.1
11 178 0.3
13 178 0.13
14 178 0.23
21 178 0.07
178 39 0.5
43 178 0.11
56 178 0.15
58 178 0.05
61 178 0.11
178 67 0.29
68 178 0.1
75 178 0.3
178 91 0.25
101 178 0.41
102 178 0.15
178 114 0.5
115 178 0.2
125 178 0.25
135 178 0.2
137 178 0.5
149 178 0.19
152 178 0.08
154 178 0.16
160 178 0.25
178 166 0.5
205 178 0.0
3 179 0.18
11 179 0.28
14 179 0.16
43 179 0.15
56 179 0.1
75 179 0.21
179 87 0.41
179 91 0.35
101 179 0.29
179 114 0.71
137 179 0.24
154 179 0.11
165 179 0.19
178 179 0.35
205 179 0.0
5 180 0.11
56 180 0.07
58 180 0.1
66 180 0.29
76 180 0.3
180 83 0.5
88 180 0.24
127 180 0.58
130 180 0.22
147 180 0.24
205 180 0.0
8 181 0.29
9 181 0.27
12 181 0.34
19 181 0.2
21 181 0.1
181 32 0.71
43 181 0.15
181 51 0.35
56 181 0.1
58 181 0.14
60 181 0.27
61 181 0.32
75 181 0.21
134 181 0.32
149 181 0.27
152 181 0.23
154 181 0.23
205 181 0.0
5 182 0.22
182 9 0.31
10 182 0.24
182 15 0.61
17 182 0.24
22 182 0.22
182 23 0.41
182 27 0.29
40 182 0.2
43 182 0.09
56 182 0.18
58 182 0.04
182 63 0.29
65 182 0.24
68 182 0.08
70 182 0.19
182 83 0.2
182 86 0.24
182 92 0.24
182 95 0.47
100 182 0.11
102 182 0.06
103 182 0.17
104 182 0.1
130 182 0.18
132 182 0.2
138 182 0.27
182 139 0.41
147 182 0.1
150 182 0.28
205 182 0.0
183 1 0.33
2 183 0.17
3 183 0.13
4 183 0.36
5 183 0.06
8 183 0.05
9 183 0.1
10 183 0.15
183 11 0.1
183 12 0.13
13 183 0.07
14 183 0.06
183 16 0.37
19 183 0.07
21 183 0.11
22 183 0.14
25 183 0.18
183 28 0.18
183 41 0.18
43 183 0.06
183 47 0.37
183 51 0.13
52 183 0.07
53 183 0.27
54 183 0.43
55 183 0.36
56 183 0.28
58 183 0.18
183 60 0.1
61 183 0.06
65 183 0.15
66 183 0.07
70 183 0.18
71 183 0.21
75 183 0.08
76 183 0.08
79 183 0.37
183 87 0.15
183 97 0.26
183 98 0.13
183 99 0.26
100 183 0.21
102 183 0.27
103 183 0.16
104 183 0.25
183 106 0.17
107 183 0.21
109 183 0.23
110 183 0.22
113 183 0.1
115 183 0.11
183 124 0.08
130 183 0.23
183 131 0.12
133 183 0.09
149 183 0.1
150 183 0.12
151 183 0.18
152 183 0.3
153 183 0.2
154 183 0.04
155 183 0.11
183 159 0.18
164 183 0.11
165 183 0.14
169 183 0.37
170 183 0.12
183 171 0.26
183 172 0.23
174 183 0.1
183 181 0.18
205 183 2.0E-4
2 184 0.33
11 184 0.2
12 184 0.24
13 184 0.26
21 184 0.14
44 184 0.58
56 184 0.07
57 184 0.5
58 184 0.1
60 184 0.38
75 184 0.3
126 184 0.45
137 184 0.33
154 184 0.16
205 184 0.0
185 3 0.13
185 4 0.06
185 5 0.25
185 6 0.18
185 7 0.28
185 9 0.19
185 10 0.29
185 11 0.1
185 13 0.06
185 17 0.29
185 18 0.25
185 21 0.07
185 22 0.33
185 23 0.25
185 24 0.18
185 25 0.09
185 26 0.25
185 27 0.35
185 33 0.22
185 35 0.25
185 40 0.13
185 52 0.07
185 54 0.07
185 55 0.06
185 56 0.29
185 58 0.28
185 63 0.35
185 65 0.14
185 66 0.14
185 68 0.26
185 70 0.23
185 75 0.15
185 76 0.23
185 77 0.09
185 78 0.35
185 83 0.25
185 85 0.22
185 86 0.14
185 88 0.3
185 89 0.12
185 90 0.18
185 92 0.14
185 93 0.09
185 95 0.29
185 98 0.25
185 100 0.21
185 102 0.26
185 103 0.15
185 104 0.18
185 106 0.08
185 107 0.07
185 110 0.07
185 115 0.1
185 118 0.14
185 120 0.18
185 122 0.18
185 127 0.14
185 130 0.22
185 131 0.11
185 133 0.09
185 137 0.08
185 138 0.25
185 139 0.25
185 145 0.11
185 146 0.25
185 147 0.29
185 148 0.25
185 150 0.11
185 152 0.04
185 163 0.18
185 164 0.1
185 165 0.27
185 169 0.07
185 171 0.13
185 172 0.11
185 176 0.1
185 180 0.25
185 182 0.2
185 205 1.0E-4
3 186 0.25
14 186 0.23
56 186 0.07
160 186 0.5
205 186 0.0
5 187 0.11
56 187 0.07
187 159 0.71
205 187 0.0
188 1 0.12
4 188 0.52
188 16 0.27
17 188 0.11
22 188 0.3
188 28 0.27
29 188 0.19
188 47 0.53
52 188 0.1
53 188 0.13
54 188 0.42
55 188 0.52
56 188 0.19
58 188 0.19
65 188 0.15
70 188 0.17
71 188 0.31
76 188 0.11
188 77 0.13
79 188 0.27
188 97 0.38
188 99 0.38
100 188 0.31
102 188 0.33
103 188 0.08
104 188 0.37
188 106 0.38
107 188 0.1
110 188 0.33
113 188 0.29
130 188 0.25
188 131 0.34
133 188 0.13
150 188 0.09
152 188 0.37
155 188 0.31
164 188 0.15
165 188 0.2
169 188 0.33
188 171 0.38
188 172 0.51
188 183 0.49
205 188 1.0E-4
189 2 0.13
4 189 0.61
9 189 0.14
22 189 0.2
25 189 0.13
189 28 0.53
189 42 0.53
189 47 0.53
52 189 0.2
53 189 0.13
54 189 0.42
55 189 0.52
56 189 0.19
58 189 0.27
65 189 0.07
70 189 0.09
189 71 0.46
76 189 0.11
79 189 0.4
189 97 0.19
189 99 0.38
100 189 0.21
102 189 0.39
104 189 0.28
189 106 0.5
107 189 0.21
189 110 0.22
189 113 0.29
130 189 0.25
189 133 0.53
145 189 0.17
150 189 0.26
152 189 0.43
153 189 0.14
164 189 0.31
189 168 0.38
169 189 0.44
170 189 0.17
189 171 0.19
189 172 0.34
189 173 0.27
189 174 0.14
189 183 0.29
189 188 0.43
205 189 2.0E-4
5 190 0.11
190 20 0.58
56 190 0.07
58 190 0.1
68 190 0.2
76 190 0.3
88 190 0.24
89 190 0.24
102 190 0.15
130 190 0.22
147 190 0.24
205 190 0.0
191 2 0.1
3 191 0.14
191 4 0.33
5 191 0.06
191 9 0.22
10 191 0.17
17 191 0.33
21 191 0.04
22 191 0.23
191 23 0.29
191 25 0.41
191 26 0.29
191 27 0.41
191 31 0.29
191 34 0.41
191 35 0.29
40 191 0.29
43 191 0.06
191 49 0.29
191 50 0.29
52 191 0.23
191 53 0.51
191 54 0.4
191 55 0.33
56 191 0.25
58 191 0.23
191 63 0.2
65 191 0.11
191 66 0.08
68 191 0.12
70 191 0.13
191 72 0.29
191 73 0.41
75 191 0.09
191 79 0.51
191 82 0.41
191 83 0.14
191 86 0.5
191 92 0.17
191 95 0.5
100 191 0.16
102 191 0.38
103 191 0.12
104 191 0.49
191 107 0.4
191 109 0.39
191 110 0.33
191 115 0.12
191 116 0.17
191 119 0.29
191 124 0.09
130 191 0.38
138 191 0.58
191 139 0.29
191 142 0.29
145 191 0.26
191 146 0.29
147 191 0.27
191 148 0.29
150 191 0.26
152 191 0.24
191 153 0.55
154 191 0.05
191 156 0.29
191 157 0.29
164 191 0.35
165 191 0.08
191 169 0.42
191 170 0.52
191 174 0.33
191 177 0.29
191 182 0.24
191 183 0.15
185 191 0.29
191 189 0.11
205 191 4.0E-4
2 192 0.24
11 192 0.14
12 192 0.17
13 192 0.18
21 192 0.1
44 192 0.41
56 192 0.1
57 192 0.35
58 192 0.14
60 192 0.27
75 192 0.21
124 192 0.22
126 192 0.32
137 192 0.24
154 192 0.11
192 184 0.71
205 192 0.0
2 193 0.19
3 193 0.14
5 193 0.13
8 193 0.12
11 193 0.12
12 193 0.14
13 193 0.3
14 193 0.13
21 193 0.16
52 193 0.15
56 193 0.13
193 57 0.29
58 193 0.12
61 193 0.13
193 67 0.33
68 193 0.12
85 193 0.26
103 193 0.24
111 193 0.67
115 193 0.24
193 118 0.33
126 193 0.26
134 193 0.26
137 193 0.19
154 193 0.19
205 193 0.0
3 194 0.25
14 194 0.23
56 194 0.07
160 194 0.5
194 186 1.0
205 194 0.0
5 195 0.11
195 8 0.1
13 195 0.26
195 14 0.23
195 21 0.27
195 39 0.5
56 195 0.15
58 195 0.1
195 61 0.11
65 195 0.19
195 67 0.29
195 75 0.15
195 101 0.2
102 195 0.07
195 125 0.25
195 135 0.2
195 137 0.17
195 149 0.19
195 151 0.35
195 152 0.08
195 154 0.08
195 160 0.25
195 166 0.5
195 178 0.25
205 195 0.0
1 196 0.22
5 196 0.16
196 16 0.5
56 196 0.1
65 196 0.14
89 196 0.17
98 196 0.35
102 196 0.21
103 196 0.29
147 196 0.17
183 196 0.18
205 196 0.0
3 197 0.08
197 4 0.15
5 197 0.07
197 6 0.47
197 7 0.5
197 9 0.13
10 197 0.19
197 11 0.07
17 197 0.38
197 21 0.05
22 197 0.45
197 23 0.33
197 24 0.47
197 25 0.24
197 26 0.33
197 27 0.47
197 33 0.45
197 35 0.33
197 40 0.33
197 52 0.27
197 54 0.18
197 55 0.15
56 197 0.22
58 197 0.27
65 197 0.26
197 66 0.1
68 197 0.2
70 197 0.23
197 75 0.2
197 81 0.24
197 85 0.6
197 86 0.19
197 90 0.47
197 92 0.58
93 197 0.13
197 95 0.19
197 100 0.55
102 197 0.25
197 104 0.32
197 105 0.33
197 106 0.22
197 107 0.28
197 110 0.19
197 112 0.33
197 113 0.13
197 115 0.14
197 120 0.47
197 122 0.47
197 123 0.33
197 130 0.15
197 131 0.3
197 133 0.24
197 138 0.44
197 139 0.33
197 140 0.47
197 141 0.47
197 143 0.38
197 144 0.5
197 145 0.15
197 146 0.33
197 147 0.47
197 148 0.33
197 150 0.38
197 152 0.11
197 154 0.05
197 155 0.27
197 163 0.47
197 164 0.14
165 197 0.27
197 169 0.19
197 171 0.33
197 172 0.3
197 175 0.33
197 182 0.14
185 197 0.33
197 191 0.19
197 205 3.0E-4
5 198 0.26
7 198 0.13
8 198 0.07
11 198 0.07
12 198 0.16
13 198 0.09
198 15 0.17
21 198 0.23
198 37 0.33
43 198 0.21
198 51 0.17
56 198 0.22
58 198 0.17
198 59 0.33
60 198 0.13
61 198 0.08
65 198 0.06
66 198 0.1
70 198 0.31
76 198 0.4
198 83 0.17
93 198 0.13
198 98 0.17
101 198 0.14
102 198 0.15
103 198 0.07
198 124 0.11
198 125 0.17
132 198 0.17
135 198 0.14
147 198 0.24
149 198 0.13
150 198 0.08
152 198 0.05
154 198 0.05
174 198 0.38
176 198 0.27
182 198 0.14
205 198 0.0
5 199 0.11
8 199 0.2
21 199 0.14
199 39 1.0
56 199 0.07
58 199 0.1
61 199 0.23
199 67 0.58
75 199 0.3
101 199 0.41
102 199 0.15
125 199 0.5
135 199 0.41
137 199 0.33
149 199 0.38
152 199 0.16
154 199 0.16
160 199 0.5
199 166 1.0
178 199 0.5
195 199 0.5
205 199 0.0
5 200 0.05
8 200 0.31
200 9 0.19
19 200 0.43
21 200 0.2
43 200 0.32
56 200 0.15
58 200 0.2
61 200 0.34
102 200 0.07
200 134 0.22
135 200 0.2
200 149 0.19
152 200 0.25
154 200 0.32
205 200 0.0
201 31 1.0
201 49 1.0
201 50 1.0
56 201 0.07
58 201 0.1
201 72 1.0
102 201 0.15
201 116 0.58
138 201 0.33
201 142 1.0
145 201 0.45
150 201 0.23
201 156 1.0
201 157 1.0
201 191 0.29
205 201 0.0
202 1 0.18
3 202 0.14
202 12 0.28
13 202 0.3
21 202 0.08
202 34 0.41
40 202 0.29
43 202 0.12
52 202 0.31
56 202 0.13
58 202 0.06
65 202 0.11
68 202 0.12
202 73 0.41
75 202 0.17
80 202 0.33
86 202 0.33
95 202 0.33
102 202 0.09
202 119 0.58
202 137 0.19
138 202 0.19
147 202 0.14
150 202 0.13
155 202 0.24
164 202 0.24
191 202 0.17
205 202 0.0
5 203 0.09
8 203 0.17
203 11 0.16
13 203 0.11
14 203 0.19
21 203 0.28
203 45 0.41
52 203 0.11
56 203 0.18
58 203 0.17
65 203 0.08
75 203 0.12
80 203 0.24
88 203 0.1
203 109 0.18
111 203 0.24
203 115 0.17
134 203 0.18
147 203 0.1
203 151 0.29
154 203 0.13
203 158 0.41
203 193 0.24
195 203 0.2
205 203 0.0
4 204 0.32
22 204 0.19
42 204 0.5
204 47 0.5
54 204 0.2
55 204 0.32
56 204 0.1
58 204 0.14
79 204 0.25
100 204 0.2
102 204 0.21
104 204 0.17
204 106 0.47
113 204 0.27
133 204 0.25
152 204 0.23
169 204 0.2
204 171 0.35
204 172 0.32
204 183 0.18
204 188 0.27
189 204 0.53
205 204 1.0E-4
