*Vertices  40
1 "容器"
2 "光膜"
3 "荧光粉"
4 "发光荧光材料"
5 "柔性高分子材料"
6 "助剂"
7 "硼酸"
8 "EP"
9 "LED"
10 "二极管"
11 "玻璃"
12 "LED光源"
13 "塑料"
14 "稀释剂"
15 "发光体"
16 "硅橡胶"
17 "SiO2"
18 "半导体"
19 "Al2O3"
20 "NH4H2PO4"
21 "MQW"
22 "硅氧磷灰石"
23 "金属银纳米粒子"
24 "LED芯片"
25 "芯片"
26 "酸盐"
27 "硅油"
28 "SrCO3"
29 "Eu2O3"
30 "硝酸"
31 "Eu2"
32 "Li"
33 "离子"
34 "基色"
35 "玻璃体"
36 "臭氧"
37 "透镜"
38 "甲基"
39 "激发光"
40 "荧光体"
*Arcs
40 1 8.0E-4
2 1 0.22
2 40 0.0015
3 1 0.22
3 2 0.33
3 40 0.0042
4 1 0.2
4 2 0.31
4 3 0.54
4 40 0.0039
5 1 0.38
2 5 0.58
3 5 0.29
4 5 0.27
40 5 0.0038
6 1 0.27
2 6 0.41
3 6 0.41
4 6 0.38
6 5 0.71
40 6 0.0024
7 1 0.19
3 7 0.29
4 7 0.4
7 40 0.0019
8 1 0.1
3 8 0.39
4 8 0.29
8 7 0.4
8 40 0.0020
9 1 0.19
9 2 0.13
9 3 0.25
9 4 0.28
9 5 0.07
9 6 0.1
9 7 0.15
9 8 0.28
9 40 5.0E-4
10 1 0.23
10 2 0.12
10 3 0.23
10 4 0.33
10 5 0.1
10 6 0.14
10 7 0.1
10 8 0.22
10 9 0.72
10 40 7.0E-4
11 2 0.11
11 3 0.11
11 4 0.1
11 7 0.19
11 8 0.21
11 9 0.38
11 10 0.27
11 40 3.0E-4
12 1 0.08
12 2 0.12
12 3 0.24
12 4 0.16
12 7 0.31
12 8 0.22
12 9 0.36
12 10 0.29
12 11 0.24
12 40 3.0E-4
13 1 0.17
13 2 0.26
13 3 0.2
13 4 0.18
13 5 0.23
13 6 0.32
13 8 0.06
13 9 0.32
13 10 0.28
13 11 0.35
13 12 0.14
13 40 3.0E-4
14 1 0.22
2 14 0.33
3 14 0.17
4 14 0.15
14 5 0.58
14 6 0.41
7 14 0.29
8 14 0.31
9 14 0.13
10 14 0.18
11 14 0.22
12 14 0.12
13 14 0.13
40 14 0.0017
15 2 0.22
15 3 0.22
15 4 0.2
15 8 0.1
15 9 0.19
15 10 0.23
15 11 0.15
15 12 0.23
15 13 0.09
15 40 8.0E-4
16 1 0.44
2 16 0.33
3 16 0.33
4 16 0.31
16 5 0.58
16 6 0.41
7 16 0.58
8 16 0.15
9 16 0.13
10 16 0.12
11 16 0.11
12 16 0.24
13 16 0.13
16 14 0.67
16 40 0.0018
17 1 0.21
2 17 0.16
3 17 0.32
4 17 0.52
17 5 0.28
17 6 0.39
17 7 0.14
17 8 0.3
9 17 0.27
10 17 0.31
11 17 0.16
12 17 0.11
13 17 0.19
17 14 0.16
15 17 0.1
17 16 0.16
17 40 0.0022
18 1 0.22
18 2 0.09
18 3 0.34
18 4 0.43
18 6 0.1
18 7 0.22
18 8 0.28
18 9 0.5
18 10 0.55
18 11 0.23
18 12 0.3
18 13 0.24
18 14 0.09
18 15 0.11
18 16 0.17
18 17 0.41
18 40 8.0E-4
19 1 0.09
2 19 0.14
3 19 0.35
4 19 0.45
19 5 0.24
19 6 0.34
8 19 0.06
9 19 0.3
10 19 0.34
11 19 0.09
12 19 0.1
13 19 0.11
19 14 0.14
19 16 0.14
17 19 0.54
18 19 0.57
19 40 5.0E-4
3 20 0.29
4 20 0.27
8 20 0.27
9 20 0.07
10 20 0.1
15 20 0.38
17 20 0.28
18 20 0.15
40 20 0.0040
3 21 0.16
4 21 0.15
7 21 0.14
8 21 0.22
9 21 0.27
10 21 0.31
11 21 0.21
12 21 0.23
13 21 0.06
17 21 0.31
18 21 0.53
19 21 0.67
40 21 5.0E-4
3 22 0.29
4 22 0.27
8 22 0.27
9 22 0.07
10 22 0.1
15 22 0.38
17 22 0.28
18 22 0.15
22 20 1.0
40 22 0.0040
3 23 0.29
4 23 0.27
7 23 0.5
8 23 0.27
9 23 0.07
10 23 0.1
11 23 0.19
12 23 0.2
18 23 0.15
21 23 0.28
40 23 0.0036
24 1 0.25
2 24 0.13
3 24 0.31
4 24 0.17
24 5 0.22
24 6 0.15
7 24 0.22
8 24 0.29
9 24 0.34
10 24 0.33
11 24 0.08
12 24 0.18
13 24 0.1
24 14 0.13
24 16 0.25
17 24 0.24
18 24 0.51
19 24 0.42
24 21 0.54
24 23 0.22
24 40 0.0011
25 1 0.14
2 25 0.07
3 25 0.35
4 25 0.35
25 5 0.12
25 6 0.17
25 7 0.24
25 8 0.35
9 25 0.62
10 25 0.58
11 25 0.21
12 25 0.22
13 25 0.11
25 14 0.21
15 25 0.09
25 16 0.21
25 17 0.4
18 25 0.6
25 19 0.46
25 20 0.12
25 21 0.43
25 22 0.12
25 23 0.12
25 24 0.55
25 40 0.0010
26 1 0.25
2 26 0.19
3 26 0.48
4 26 0.53
26 5 0.33
26 6 0.47
26 7 0.67
26 8 0.45
9 26 0.22
10 26 0.24
11 26 0.19
12 26 0.2
13 26 0.15
26 14 0.58
26 16 0.58
26 17 0.37
18 26 0.29
26 19 0.24
26 21 0.09
26 23 0.33
26 24 0.22
26 25 0.36
26 40 0.0030
27 1 0.38
2 27 0.58
3 27 0.29
4 27 0.27
27 5 1.0
27 6 0.71
9 27 0.07
10 27 0.1
13 27 0.23
27 14 0.58
27 16 0.58
17 27 0.28
19 27 0.24
24 27 0.22
25 27 0.12
26 27 0.33
27 40 0.0038
3 28 0.2
4 28 0.38
28 7 0.35
28 8 0.38
9 28 0.1
10 28 0.07
15 28 0.27
28 17 0.39
18 28 0.1
28 20 0.71
28 22 0.71
28 25 0.17
28 26 0.24
28 40 0.0030
3 29 0.2
4 29 0.38
29 7 0.35
29 8 0.38
9 29 0.1
10 29 0.07
15 29 0.27
29 17 0.39
18 29 0.1
29 20 0.71
29 22 0.71
29 25 0.17
29 26 0.24
29 28 1.0
29 40 0.0030
3 30 0.33
4 30 0.46
30 7 0.58
30 8 0.46
9 30 0.13
10 30 0.12
11 30 0.11
12 30 0.12
30 17 0.32
18 30 0.17
30 19 0.14
30 21 0.16
30 23 0.58
30 24 0.13
30 25 0.21
30 26 0.58
30 28 0.41
30 29 0.41
30 40 0.0021
3 31 0.43
4 31 0.53
31 7 0.5
31 8 0.53
9 31 0.15
10 31 0.15
11 31 0.1
12 31 0.1
15 31 0.19
31 17 0.42
18 31 0.22
31 19 0.12
31 20 0.5
31 21 0.14
31 22 0.5
31 23 0.5
31 24 0.11
31 25 0.24
31 26 0.5
31 28 0.71
31 29 0.71
31 30 0.87
31 40 0.0054
32 1 0.09
2 32 0.14
3 32 0.27
4 32 0.31
32 5 0.24
32 6 0.33
32 7 0.24
32 8 0.25
9 32 0.31
10 32 0.36
11 32 0.23
12 32 0.24
13 32 0.27
32 14 0.27
32 16 0.14
32 17 0.33
18 32 0.38
32 19 0.29
32 21 0.26
32 23 0.24
32 24 0.21
32 25 0.31
32 26 0.39
32 27 0.24
32 28 0.17
32 29 0.17
32 30 0.27
32 31 0.24
32 40 0.0014
33 1 0.09
3 33 0.13
4 33 0.18
33 7 0.34
33 8 0.49
9 33 0.32
10 33 0.26
11 33 0.35
12 33 0.19
13 33 0.05
33 14 0.26
15 33 0.09
33 16 0.13
33 17 0.32
18 33 0.34
33 19 0.11
33 20 0.23
33 21 0.25
33 22 0.23
33 23 0.23
33 24 0.15
33 25 0.33
33 26 0.38
33 28 0.32
33 29 0.32
33 30 0.26
33 31 0.34
33 32 0.27
33 40 0.0014
3 34 0.24
4 34 0.22
34 7 0.41
34 8 0.22
9 34 0.18
10 34 0.08
11 34 0.16
12 34 0.08
13 34 0.09
34 17 0.23
18 34 0.12
34 19 0.1
34 21 0.11
34 23 0.41
34 24 0.18
34 25 0.15
34 26 0.27
34 28 0.29
34 29 0.29
34 30 0.47
34 31 0.41
34 32 0.19
34 33 0.19
34 40 0.0011
3 35 0.29
4 35 0.27
7 35 0.5
8 35 0.27
9 35 0.07
10 35 0.1
11 35 0.19
12 35 0.2
18 35 0.15
21 35 0.28
35 23 1.0
24 35 0.22
25 35 0.12
26 35 0.33
30 35 0.58
31 35 0.5
32 35 0.24
33 35 0.23
34 35 0.41
40 35 0.0036
36 1 0.31
2 36 0.24
3 36 0.24
4 36 0.22
36 5 0.41
36 6 0.29
7 36 0.2
9 36 0.18
10 36 0.04
11 36 0.24
12 36 0.08
13 36 0.19
36 14 0.24
36 16 0.47
17 36 0.11
18 36 0.06
19 36 0.1
24 36 0.18
25 36 0.1
26 36 0.27
36 27 0.41
32 36 0.1
33 36 0.28
36 40 9.0E-4
37 1 0.19
37 2 0.29
37 3 0.29
37 4 0.33
37 5 0.25
37 6 0.35
37 7 0.13
37 8 0.07
37 9 0.29
37 10 0.28
37 11 0.14
37 12 0.26
37 13 0.23
37 14 0.14
37 15 0.09
37 16 0.29
37 17 0.21
37 18 0.26
37 19 0.18
37 21 0.07
37 24 0.22
37 25 0.18
37 26 0.25
37 27 0.25
37 32 0.29
37 33 0.11
37 36 0.2
37 40 5.0E-4
38 1 0.22
2 38 0.17
3 38 0.33
4 38 0.23
38 5 0.29
38 6 0.41
7 38 0.29
8 38 0.23
9 38 0.25
10 38 0.23
11 38 0.11
12 38 0.12
13 38 0.13
38 14 0.5
38 16 0.5
17 38 0.16
18 38 0.38
19 38 0.49
38 21 0.4
24 38 0.38
25 38 0.38
26 38 0.58
38 27 0.29
32 38 0.27
33 38 0.26
38 36 0.24
37 38 0.29
38 40 7.0E-4
39 1 0.13
2 39 0.19
3 39 0.38
4 39 0.45
39 5 0.33
39 6 0.47
39 7 0.33
39 8 0.27
9 39 0.22
10 39 0.27
11 39 0.26
12 39 0.2
13 39 0.23
39 14 0.19
15 39 0.13
39 16 0.19
39 17 0.55
18 39 0.25
39 19 0.32
39 20 0.33
39 21 0.28
39 22 0.33
39 23 0.33
39 24 0.15
39 25 0.28
39 26 0.44
39 27 0.33
39 28 0.47
39 29 0.47
39 30 0.38
39 31 0.5
39 32 0.47
39 33 0.38
39 34 0.27
39 35 0.33
39 36 0.14
37 39 0.33
39 38 0.19
39 40 0.0054
