*Vertices  93
1 "LED显示屏"
2 "显示器"
3 "衬底"
4 "LED灯"
5 "容器"
6 "光膜"
7 "控制器"
8 "处理器"
9 "单片机"
10 "开关"
11 "发光荧光材料"
12 "柔性高分子材料"
13 "GAN"
14 "塑料光转换荧光粒料"
15 "助剂"
16 "保护层"
17 "聚合物树脂"
18 "硼酸"
19 "变压器"
20 "EP"
21 "LED外延片"
22 "外延片"
23 "外延"
24 "LED"
25 "二极管"
26 "扩散剂"
27 "玻璃"
28 "LED光源"
29 "日光灯平面光源"
30 "塑料"
31 "转换器"
32 "铝基板"
33 "基板"
34 "缓冲层"
35 "内量子效率"
36 "基座"
37 "稀释剂"
38 "电动机"
39 "发电机"
40 "荧光体"
41 "发光体"
42 "硅橡胶"
43 "透明胶"
44 "SiO2"
45 "半导体"
46 "电路板"
47 "Al2O3"
48 "NH4H2PO4"
49 "GaAs"
50 "MQW"
51 "ITO"
52 "硅氧磷灰石"
53 "键合"
54 "客户"
55 "焊盘"
56 "圆盘"
57 "金属银纳米粒子"
58 "太阳能"
59 "风能"
60 "蓄电池"
61 "LED照明设备"
62 "蓄电设备"
63 "LED芯片"
64 "芯片"
65 "涂层"
66 "酸盐"
67 "硅油"
68 "SrCO3"
69 "Eu2O3"
70 "硝酸"
71 "Eu2"
72 "硬脂酰胺"
73 "Li"
74 "液体石蜡"
75 "离子"
76 "电极"
77 "接触层"
78 "电阻"
79 "基色"
80 "激光"
81 "MOCVD"
82 "标准芯片工艺制作"
83 "干法刻蚀"
84 "空穴"
85 "玻璃体"
86 "洗墙灯"
87 "射灯"
88 "臭氧"
89 "透镜"
90 "反射层"
91 "甲基"
92 "激发光"
93 "荧光粉"
*Arcs
93 1 1.0E-4
2 1 0.08
93 2 2.0E-4
93 3 2.0E-4
4 1 0.03
4 2 0.08
4 3 0.03
93 4 2.0E-4
5 3 0.09
4 5 0.12
93 5 3.0E-4
6 2 0.29
6 4 0.13
6 5 0.22
93 6 7.0E-4
7 1 0.23
2 7 0.24
4 7 0.11
5 7 0.09
93 7 1.0E-4
8 1 0.16
8 2 0.26
8 4 0.14
8 6 0.15
8 7 0.44
93 8 0.0
9 1 0.07
2 9 0.52
4 9 0.13
9 7 0.17
8 9 0.24
93 9 1.0E-4
10 1 0.04
2 10 0.07
4 10 0.37
10 5 0.21
10 7 0.23
8 10 0.21
10 9 0.19
93 10 1.0E-4
11 2 0.13
11 3 0.18
11 4 0.21
11 5 0.2
11 6 0.31
11 8 0.07
11 9 0.06
11 10 0.07
11 93 0.0022
12 5 0.38
6 12 0.58
11 12 0.27
93 12 6.0E-4
13 3 0.65
4 13 0.04
93 13 1.0E-4
2 14 0.25
4 14 0.11
10 14 0.14
11 14 0.27
93 14 6.0E-4
2 15 0.18
4 15 0.08
15 5 0.27
6 15 0.41
10 15 0.1
11 15 0.38
15 12 0.71
15 14 0.71
93 15 0.0013
3 16 0.23
4 16 0.11
11 16 0.13
13 16 0.18
93 16 2.0E-4
2 17 0.25
4 17 0.11
10 17 0.14
11 17 0.27
17 14 1.0
17 15 0.71
93 17 6.0E-4
2 18 0.13
4 18 0.11
18 5 0.19
11 18 0.4
93 18 7.0E-4
19 1 0.07
2 19 0.11
19 3 0.05
4 19 0.26
19 5 0.24
19 7 0.1
9 19 0.05
10 19 0.29
19 13 0.08
19 16 0.11
18 19 0.11
93 19 1.0E-4
2 20 0.07
20 3 0.12
4 20 0.12
20 5 0.1
20 7 0.06
8 20 0.14
20 9 0.06
20 10 0.11
11 20 0.29
20 16 0.13
20 18 0.4
20 19 0.11
93 20 0.0013
21 3 0.65
4 21 0.04
21 13 0.75
21 16 0.18
19 21 0.08
93 21 1.0E-4
22 3 0.83
4 22 0.03
11 22 0.15
22 13 0.78
22 16 0.14
19 22 0.06
20 22 0.07
22 21 0.78
93 22 1.0E-4
23 3 0.95
4 23 0.05
11 23 0.25
23 13 0.65
23 16 0.23
19 23 0.05
20 23 0.06
23 21 0.65
23 22 0.83
93 23 2.0E-4
24 1 0.23
24 2 0.29
24 3 0.32
24 4 0.67
24 5 0.19
24 6 0.13
24 7 0.3
24 8 0.28
24 9 0.32
24 10 0.54
24 11 0.28
24 12 0.07
24 13 0.21
24 14 0.07
24 15 0.1
24 16 0.15
24 17 0.07
24 18 0.15
24 19 0.34
24 20 0.28
24 21 0.21
24 22 0.27
24 23 0.32
24 93 7.0E-4
25 1 0.06
25 2 0.15
25 3 0.37
25 4 0.32
25 5 0.23
25 6 0.12
25 7 0.15
25 8 0.08
25 9 0.16
25 10 0.46
25 11 0.33
25 12 0.1
25 13 0.25
25 14 0.1
25 15 0.14
25 16 0.1
25 17 0.1
25 18 0.1
25 19 0.39
25 20 0.22
25 21 0.22
25 22 0.31
25 23 0.37
25 24 0.72
25 93 6.0E-4
4 26 0.16
5 26 0.27
11 26 0.38
18 26 0.35
24 26 0.1
25 26 0.07
93 26 2.0E-4
27 1 0.18
27 2 0.19
27 3 0.13
27 4 0.27
27 6 0.11
27 8 0.15
27 9 0.22
27 10 0.18
27 11 0.1
27 13 0.14
27 18 0.19
27 19 0.08
27 20 0.21
27 22 0.16
27 23 0.13
27 24 0.38
27 25 0.27
27 93 2.0E-4
28 2 0.15
28 3 0.09
28 4 0.36
28 5 0.08
28 6 0.12
28 8 0.11
28 9 0.09
28 10 0.06
28 11 0.16
28 13 0.14
28 18 0.31
28 19 0.09
28 20 0.22
28 22 0.11
28 23 0.09
28 24 0.36
28 25 0.29
28 26 0.14
28 27 0.24
28 93 5.0E-4
29 16 0.5
20 29 0.27
24 29 0.07
93 29 4.0E-4
30 1 0.07
30 2 0.17
30 3 0.05
30 4 0.28
30 5 0.17
30 6 0.26
30 7 0.17
30 8 0.12
30 9 0.05
30 10 0.16
30 11 0.18
30 12 0.23
30 14 0.23
30 15 0.32
30 17 0.23
30 19 0.05
30 20 0.06
30 22 0.06
30 23 0.05
30 24 0.32
30 25 0.28
30 27 0.35
30 28 0.14
30 93 4.0E-4
31 1 0.1
2 31 0.15
4 31 0.1
31 7 0.22
8 31 0.16
9 31 0.14
10 31 0.25
11 31 0.08
31 14 0.3
31 15 0.21
31 17 0.3
19 31 0.06
20 31 0.08
24 31 0.24
25 31 0.21
27 31 0.12
30 31 0.21
93 31 1.0E-4
32 2 0.08
32 3 0.07
32 4 0.3
32 6 0.17
32 8 0.08
32 10 0.08
32 11 0.08
32 16 0.15
32 19 0.13
32 20 0.16
32 22 0.08
32 23 0.07
32 24 0.24
32 25 0.24
32 27 0.12
32 28 0.18
32 29 0.3
32 30 0.35
32 93 3.0E-4
3 33 0.08
4 33 0.27
19 33 0.23
23 33 0.08
24 33 0.21
25 33 0.14
28 33 0.07
93 33 0.0
34 3 0.65
11 34 0.19
34 13 0.63
34 21 0.75
34 22 0.78
34 23 0.65
24 34 0.21
25 34 0.22
93 34 1.0E-4
3 35 0.32
13 35 0.25
21 35 0.5
22 35 0.39
23 35 0.32
24 35 0.1
25 35 0.07
34 35 0.5
93 35 2.0E-4
4 36 0.22
5 36 0.19
11 36 0.13
18 36 0.25
24 36 0.15
25 36 0.15
36 26 0.35
28 36 0.1
30 36 0.11
32 36 0.3
33 36 0.18
93 36 1.0E-4
2 37 0.14
37 5 0.22
6 37 0.33
11 37 0.15
37 12 0.58
37 15 0.41
18 37 0.29
19 37 0.12
20 37 0.31
24 37 0.13
25 37 0.18
27 37 0.22
28 37 0.12
30 37 0.13
93 37 3.0E-4
2 38 0.14
4 38 0.06
7 38 0.14
8 38 0.15
9 38 0.26
20 38 0.15
24 38 0.13
28 38 0.12
30 38 0.13
93 38 2.0E-4
1 39 0.16
2 39 0.13
4 39 0.11
7 39 0.12
9 39 0.11
10 39 0.14
19 39 0.21
24 39 0.15
25 39 0.1
28 39 0.1
31 39 0.15
93 39 2.0E-4
40 5 0.22
6 40 0.33
11 40 0.46
40 12 0.58
40 15 0.41
18 40 0.29
20 40 0.31
24 40 0.13
25 40 0.18
27 40 0.11
28 40 0.12
30 40 0.13
40 37 0.33
93 40 0.0018
41 2 0.09
41 4 0.21
41 6 0.22
41 8 0.1
41 10 0.1
41 11 0.2
41 20 0.1
41 24 0.19
41 25 0.23
41 27 0.15
41 28 0.23
41 30 0.09
41 32 0.11
41 39 0.19
41 40 0.22
41 93 3.0E-4
2 42 0.14
4 42 0.06
42 5 0.44
6 42 0.33
11 42 0.31
42 12 0.58
42 15 0.41
18 42 0.58
19 42 0.12
20 42 0.15
24 42 0.13
25 42 0.12
42 26 0.41
27 42 0.11
28 42 0.24
30 42 0.13
42 36 0.29
42 37 0.67
42 40 0.33
93 42 8.0E-4
43 16 0.5
20 43 0.27
24 43 0.07
43 29 1.0
32 43 0.3
93 43 4.0E-4
44 1 0.09
2 44 0.07
44 3 0.38
4 44 0.12
44 5 0.21
6 44 0.16
44 10 0.04
11 44 0.52
44 12 0.28
44 13 0.29
44 14 0.28
44 15 0.39
44 16 0.14
44 17 0.28
44 18 0.14
44 19 0.06
44 20 0.3
44 21 0.2
44 22 0.38
44 23 0.38
24 44 0.27
25 44 0.31
27 44 0.16
28 44 0.11
30 44 0.19
44 31 0.08
44 34 0.1
44 37 0.16
44 40 0.32
41 44 0.1
44 42 0.16
93 44 0.0010
45 1 0.05
45 2 0.11
45 3 0.64
45 4 0.29
45 5 0.22
45 6 0.09
45 8 0.08
45 9 0.03
45 10 0.14
45 11 0.43
45 13 0.42
45 14 0.15
45 15 0.1
45 16 0.15
45 17 0.15
45 18 0.22
45 19 0.19
45 20 0.28
45 21 0.42
45 22 0.53
45 23 0.64
45 24 0.5
45 25 0.55
45 26 0.21
45 27 0.23
45 28 0.3
45 30 0.24
45 31 0.13
45 32 0.27
45 33 0.1
45 34 0.42
45 35 0.21
45 36 0.15
45 37 0.09
45 40 0.17
45 41 0.11
45 42 0.17
45 44 0.41
45 93 0.0010
46 1 0.13
46 2 0.26
46 4 0.4
46 5 0.08
46 6 0.24
46 7 0.1
46 8 0.11
46 9 0.14
46 10 0.14
46 11 0.16
46 18 0.1
46 19 0.04
46 20 0.05
46 24 0.36
46 25 0.17
46 26 0.29
46 27 0.39
46 28 0.17
46 30 0.19
46 32 0.06
46 36 0.1
46 37 0.12
46 41 0.23
46 42 0.12
46 44 0.06
46 45 0.15
46 93 1.0E-4
2 47 0.06
47 3 0.72
4 47 0.08
47 5 0.09
6 47 0.14
47 10 0.03
11 47 0.45
47 12 0.24
47 13 0.69
47 14 0.24
47 15 0.34
47 16 0.24
47 17 0.24
47 19 0.05
20 47 0.06
47 21 0.6
47 22 0.74
47 23 0.78
24 47 0.3
25 47 0.34
27 47 0.09
28 47 0.1
30 47 0.11
47 31 0.07
47 33 0.09
47 34 0.69
47 35 0.34
47 37 0.14
47 40 0.14
47 42 0.14
44 47 0.54
45 47 0.57
93 47 9.0E-4
11 48 0.27
20 48 0.27
24 48 0.07
25 48 0.1
40 48 0.58
41 48 0.38
44 48 0.28
45 48 0.15
93 48 5.0E-4
3 49 0.61
4 49 0.04
11 49 0.18
13 49 0.24
20 49 0.09
22 49 0.37
23 49 0.69
24 49 0.22
25 49 0.27
27 49 0.19
28 49 0.14
30 49 0.08
32 49 0.1
49 33 0.12
34 49 0.12
44 49 0.37
45 49 0.44
47 49 0.4
93 49 1.0E-4
50 3 0.64
4 50 0.09
10 50 0.04
11 50 0.15
50 13 0.78
50 16 0.14
18 50 0.14
19 50 0.12
20 50 0.22
50 21 0.69
50 22 0.77
50 23 0.7
24 50 0.27
25 50 0.31
27 50 0.21
28 50 0.23
30 50 0.06
32 50 0.08
50 34 0.59
50 35 0.39
40 50 0.16
44 50 0.31
45 50 0.53
47 50 0.67
50 49 0.37
93 50 3.0E-4
2 51 0.07
3 51 0.66
4 51 0.06
51 7 0.07
11 51 0.23
13 51 0.61
51 16 0.29
19 51 0.06
21 51 0.61
22 51 0.72
23 51 0.73
24 51 0.25
25 51 0.26
27 51 0.11
28 51 0.12
34 51 0.51
51 35 0.41
44 51 0.4
45 51 0.47
47 51 0.7
51 49 0.29
50 51 0.64
93 51 1.0E-4
11 52 0.27
20 52 0.27
24 52 0.07
25 52 0.1
40 52 0.58
41 52 0.38
44 52 0.28
45 52 0.15
52 48 1.0
93 52 5.0E-4
3 53 0.26
4 53 0.04
9 53 0.09
11 53 0.2
53 16 0.19
20 53 0.1
22 53 0.1
23 53 0.35
24 53 0.19
25 53 0.19
27 53 0.07
53 29 0.38
30 53 0.09
31 53 0.11
32 53 0.11
53 33 0.13
34 53 0.13
53 43 0.38
44 53 0.21
45 53 0.28
47 53 0.28
53 49 0.5
50 53 0.1
51 53 0.11
93 53 3.0E-4
2 54 0.2
4 54 0.22
6 54 0.24
8 54 0.21
10 54 0.17
11 54 0.11
54 14 0.41
54 15 0.29
54 17 0.41
20 54 0.11
24 54 0.18
25 54 0.08
27 54 0.08
28 54 0.08
30 54 0.09
31 54 0.12
41 54 0.15
44 54 0.11
45 54 0.12
46 54 0.17
47 54 0.1
93 54 1.0E-4
4 55 0.06
10 55 0.08
55 16 0.29
19 55 0.12
20 55 0.31
24 55 0.13
25 55 0.12
28 55 0.12
55 29 0.58
32 55 0.17
55 43 0.58
45 55 0.17
55 50 0.16
55 53 0.22
93 55 2.0E-4
4 56 0.11
9 56 0.23
20 56 0.27
24 56 0.07
28 56 0.2
38 56 0.58
93 56 3.0E-4
11 57 0.27
18 57 0.5
20 57 0.27
24 57 0.07
25 57 0.1
27 57 0.19
28 57 0.2
40 57 0.58
45 57 0.15
50 57 0.28
93 57 5.0E-4
58 1 0.2
3 58 0.07
4 58 0.14
7 58 0.23
8 58 0.08
10 58 0.17
13 58 0.11
19 58 0.07
21 58 0.11
22 58 0.09
23 58 0.07
24 58 0.23
25 58 0.13
27 58 0.12
34 58 0.11
58 39 0.16
45 58 0.05
46 58 0.06
47 58 0.08
50 58 0.09
93 58 1.0E-4
1 59 0.32
7 59 0.24
10 59 0.14
19 59 0.21
24 59 0.07
25 59 0.1
39 59 0.5
58 59 0.32
93 59 4.0E-4
60 1 0.16
4 60 0.23
60 5 0.2
60 7 0.13
8 60 0.07
10 60 0.28
60 19 0.28
24 60 0.28
25 60 0.18
27 60 0.1
28 60 0.05
60 39 0.26
45 60 0.11
60 54 0.11
60 58 0.57
60 59 0.26
93 60 1.0E-4
1 61 0.18
4 61 0.13
7 61 0.14
10 61 0.08
19 61 0.12
24 61 0.13
25 61 0.12
28 61 0.12
32 61 0.17
61 36 0.29
39 61 0.29
58 61 0.18
61 59 0.58
60 61 0.15
93 61 2.0E-4
1 62 0.32
7 62 0.24
10 62 0.14
19 62 0.21
24 62 0.07
25 62 0.1
39 62 0.5
58 62 0.32
62 59 1.0
60 62 0.26
62 61 0.58
93 62 4.0E-4
63 3 0.5
4 63 0.19
63 5 0.25
6 63 0.13
63 9 0.05
63 10 0.03
11 63 0.17
63 12 0.22
63 13 0.39
63 15 0.15
63 16 0.22
18 63 0.22
63 19 0.09
20 63 0.29
63 21 0.54
63 22 0.48
63 23 0.45
24 63 0.34
25 63 0.33
63 26 0.15
27 63 0.08
28 63 0.18
63 29 0.22
30 63 0.1
32 63 0.26
63 33 0.23
63 34 0.39
63 35 0.15
63 36 0.33
63 37 0.13
63 40 0.25
63 42 0.25
63 43 0.22
44 63 0.24
45 63 0.51
46 63 0.04
47 63 0.42
63 49 0.15
63 50 0.54
63 51 0.31
63 53 0.25
63 55 0.25
63 57 0.22
63 58 0.07
63 61 0.13
93 63 8.0E-4
64 1 0.08
2 64 0.27
64 3 0.49
4 64 0.3
64 5 0.14
6 64 0.07
64 7 0.23
8 64 0.12
64 9 0.33
64 10 0.28
11 64 0.35
64 12 0.12
64 13 0.34
64 14 0.12
64 15 0.17
64 16 0.12
64 17 0.12
64 18 0.24
64 19 0.18
64 20 0.35
64 21 0.34
64 22 0.43
64 23 0.49
24 64 0.62
25 64 0.58
64 26 0.08
27 64 0.21
28 64 0.22
64 29 0.12
30 64 0.11
64 31 0.25
32 64 0.22
64 33 0.13
64 34 0.34
64 35 0.17
64 36 0.18
64 37 0.21
64 38 0.14
64 39 0.06
64 40 0.21
41 64 0.09
64 42 0.21
64 43 0.12
64 44 0.4
45 64 0.6
46 64 0.22
64 47 0.46
64 48 0.12
64 49 0.36
64 50 0.43
64 51 0.38
64 52 0.12
64 53 0.27
64 54 0.1
64 55 0.21
64 56 0.12
64 57 0.12
64 58 0.08
64 61 0.07
64 63 0.55
93 64 0.0012
4 65 0.11
11 65 0.13
65 16 0.25
65 19 0.11
20 65 0.13
24 65 0.15
25 65 0.1
27 65 0.1
28 65 0.1
41 65 0.19
44 65 0.14
45 65 0.07
46 65 0.1
65 47 0.12
64 65 0.06
93 65 1.0E-4
2 66 0.17
4 66 0.11
66 5 0.25
6 66 0.19
66 10 0.05
11 66 0.53
66 12 0.33
66 14 0.33
66 15 0.47
66 17 0.33
66 18 0.67
66 19 0.07
66 20 0.45
24 66 0.22
25 66 0.24
66 26 0.24
27 66 0.19
28 66 0.2
30 66 0.15
66 31 0.1
66 36 0.17
66 37 0.58
66 40 0.38
66 42 0.58
66 44 0.37
45 66 0.29
46 66 0.14
66 47 0.24
66 50 0.09
66 54 0.14
66 55 0.19
66 57 0.33
66 63 0.22
66 64 0.36
66 65 0.17
93 66 0.0018
67 5 0.38
6 67 0.58
11 67 0.27
67 12 1.0
67 15 0.71
24 67 0.07
25 67 0.1
30 67 0.23
67 37 0.58
67 40 0.58
67 42 0.58
44 67 0.28
47 67 0.24
63 67 0.22
64 67 0.12
66 67 0.33
93 67 6.0E-4
4 68 0.08
11 68 0.38
68 18 0.35
68 20 0.38
24 68 0.1
25 68 0.07
68 40 0.41
41 68 0.27
68 44 0.39
45 68 0.1
68 48 0.71
68 52 0.71
68 64 0.17
68 66 0.24
93 68 4.0E-4
4 69 0.08
11 69 0.38
69 18 0.35
69 20 0.38
24 69 0.1
25 69 0.07
69 40 0.41
41 69 0.27
69 44 0.39
45 69 0.1
69 48 0.71
69 52 0.71
69 64 0.17
69 66 0.24
69 68 1.0
93 69 4.0E-4
4 70 0.06
11 70 0.46
70 18 0.58
70 20 0.46
24 70 0.13
25 70 0.12
27 70 0.11
28 70 0.12
70 40 0.33
70 44 0.32
45 70 0.17
70 47 0.14
70 50 0.16
70 57 0.58
70 63 0.13
70 64 0.21
70 65 0.29
70 66 0.58
70 68 0.41
70 69 0.41
93 70 7.0E-4
4 71 0.05
11 71 0.53
71 18 0.5
71 20 0.53
24 71 0.15
25 71 0.15
27 71 0.1
28 71 0.1
71 40 0.58
41 71 0.19
71 44 0.42
45 71 0.22
71 47 0.12
71 48 0.5
71 50 0.14
71 52 0.5
71 57 0.5
71 63 0.11
71 64 0.24
71 65 0.25
71 66 0.5
71 68 0.71
71 69 0.71
71 70 0.87
93 71 0.0013
2 72 0.25
4 72 0.11
10 72 0.14
11 72 0.27
72 14 1.0
72 15 0.71
72 17 1.0
24 72 0.07
25 72 0.1
30 72 0.23
31 72 0.3
44 72 0.28
45 72 0.15
47 72 0.24
72 54 0.41
64 72 0.12
66 72 0.33
93 72 6.0E-4
2 73 0.06
73 3 0.16
4 73 0.26
73 5 0.09
6 73 0.14
73 7 0.06
8 73 0.06
73 9 0.05
73 10 0.13
11 73 0.31
73 12 0.24
73 13 0.25
73 14 0.24
73 15 0.33
73 17 0.24
73 18 0.24
73 19 0.05
73 20 0.25
73 21 0.08
73 22 0.2
73 23 0.16
24 73 0.31
25 73 0.36
73 26 0.17
27 73 0.23
28 73 0.24
30 73 0.27
73 31 0.21
32 73 0.36
73 34 0.08
73 35 0.17
73 36 0.24
73 37 0.27
73 40 0.27
73 42 0.14
73 44 0.33
45 73 0.38
46 73 0.14
73 47 0.29
73 49 0.16
73 50 0.26
73 51 0.2
73 54 0.1
73 57 0.24
73 61 0.14
73 63 0.21
73 64 0.31
73 66 0.39
73 67 0.24
73 68 0.17
73 69 0.17
73 70 0.27
73 71 0.24
73 72 0.24
93 73 7.0E-4
2 74 0.25
4 74 0.11
10 74 0.14
11 74 0.27
74 14 1.0
74 15 0.71
74 17 1.0
24 74 0.07
25 74 0.1
30 74 0.23
31 74 0.3
44 74 0.28
45 74 0.15
47 74 0.24
74 54 0.41
64 74 0.12
66 74 0.33
74 72 1.0
73 74 0.24
93 74 6.0E-4
75 1 0.15
2 75 0.06
75 3 0.32
4 75 0.13
75 5 0.09
11 75 0.18
75 13 0.16
75 18 0.34
75 19 0.1
75 20 0.49
75 22 0.19
75 23 0.26
24 75 0.32
25 75 0.26
27 75 0.35
28 75 0.19
30 75 0.05
75 31 0.07
32 75 0.07
75 37 0.26
75 40 0.26
41 75 0.09
75 42 0.13
75 44 0.32
45 75 0.34
46 75 0.14
75 47 0.11
75 48 0.23
75 49 0.38
75 50 0.25
75 51 0.13
75 52 0.23
75 53 0.09
75 55 0.13
75 57 0.23
75 63 0.15
75 64 0.33
75 65 0.11
75 66 0.38
75 68 0.32
75 69 0.32
75 70 0.26
75 71 0.34
75 73 0.27
93 75 3.0E-4
2 76 0.04
76 3 0.72
4 76 0.16
76 5 0.19
76 7 0.12
9 76 0.04
10 76 0.2
11 76 0.22
76 13 0.46
76 16 0.16
76 19 0.39
20 76 0.13
76 21 0.46
76 22 0.59
76 23 0.72
24 76 0.45
25 76 0.55
27 76 0.13
28 76 0.1
30 76 0.04
76 31 0.1
32 76 0.1
76 33 0.06
76 34 0.46
76 35 0.23
41 76 0.06
44 76 0.32
45 76 0.56
46 76 0.03
47 76 0.56
76 49 0.49
76 50 0.55
76 51 0.57
76 53 0.25
76 54 0.07
76 55 0.09
76 58 0.05
76 60 0.13
63 76 0.39
64 76 0.57
73 76 0.12
75 76 0.23
93 76 1.0E-4
77 3 0.61
4 77 0.04
77 13 0.8
77 16 0.19
19 77 0.08
77 21 0.94
77 22 0.73
77 23 0.61
24 77 0.19
25 77 0.19
77 34 0.8
77 35 0.53
44 77 0.1
45 77 0.39
47 77 0.64
77 50 0.73
77 51 0.55
77 58 0.12
63 77 0.49
64 77 0.32
73 77 0.09
76 77 0.43
93 77 1.0E-4
2 78 0.08
78 3 0.11
4 78 0.3
78 5 0.18
78 7 0.16
8 78 0.08
9 78 0.22
10 78 0.46
11 78 0.04
78 13 0.17
78 16 0.08
78 19 0.55
20 78 0.09
78 21 0.11
78 22 0.13
78 23 0.11
24 78 0.45
25 78 0.51
27 78 0.09
28 78 0.1
78 31 0.29
32 78 0.05
78 33 0.23
78 34 0.06
78 35 0.11
78 36 0.08
78 39 0.08
41 78 0.06
44 78 0.09
45 78 0.19
46 78 0.17
47 78 0.12
78 49 0.05
78 50 0.18
78 51 0.14
78 54 0.13
78 55 0.09
78 58 0.05
78 60 0.17
63 78 0.11
64 78 0.47
73 78 0.11
75 78 0.04
78 76 0.51
78 77 0.12
93 78 0.0
79 1 0.39
79 3 0.09
4 79 0.04
79 7 0.1
8 79 0.11
11 79 0.22
79 18 0.41
79 20 0.22
79 23 0.09
24 79 0.18
25 79 0.08
27 79 0.16
28 79 0.08
30 79 0.09
79 33 0.14
79 40 0.24
79 44 0.23
45 79 0.12
46 79 0.08
79 47 0.1
79 49 0.14
79 50 0.11
79 53 0.15
79 57 0.41
79 63 0.18
79 64 0.15
79 66 0.27
79 68 0.29
79 69 0.29
79 70 0.47
79 71 0.41
79 73 0.19
79 75 0.19
79 76 0.07
93 79 4.0E-4
80 2 0.2
80 3 0.37
80 4 0.12
80 6 0.31
80 7 0.06
80 8 0.14
80 9 0.06
80 10 0.04
80 11 0.21
80 13 0.38
80 16 0.27
80 19 0.06
80 21 0.19
80 22 0.3
80 23 0.43
80 24 0.28
80 25 0.24
80 27 0.21
80 28 0.16
80 30 0.18
80 31 0.08
80 32 0.08
80 33 0.09
80 34 0.09
80 35 0.19
80 38 0.31
80 41 0.1
80 44 0.3
80 45 0.39
80 46 0.11
80 47 0.45
80 49 0.36
80 50 0.37
80 51 0.46
80 53 0.2
80 54 0.11
80 63 0.12
80 64 0.26
80 73 0.19
80 75 0.12
80 76 0.31
80 77 0.2
80 78 0.17
80 79 0.11
80 93 3.0E-4
81 3 0.73
4 81 0.03
11 81 0.23
81 13 0.71
20 81 0.08
81 21 0.61
81 22 0.88
81 23 0.79
24 81 0.25
25 81 0.29
27 81 0.17
28 81 0.12
30 81 0.07
32 81 0.09
81 34 0.82
81 35 0.41
44 81 0.32
45 81 0.51
47 81 0.77
81 49 0.48
81 50 0.8
81 51 0.67
81 53 0.22
81 58 0.09
63 81 0.38
64 81 0.41
73 81 0.2
75 81 0.2
76 81 0.57
81 77 0.65
78 81 0.09
80 81 0.31
93 81 1.0E-4
82 3 0.51
82 13 0.63
82 21 0.79
82 22 0.62
82 23 0.51
24 82 0.16
25 82 0.14
82 34 0.79
82 35 0.63
45 82 0.33
47 82 0.54
82 50 0.62
82 51 0.52
63 82 0.39
64 82 0.27
73 82 0.11
76 82 0.37
82 77 0.85
78 82 0.07
80 82 0.12
82 81 0.65
93 82 1.0E-4
3 83 0.51
11 83 0.24
13 83 0.32
22 83 0.5
23 83 0.51
24 83 0.16
25 83 0.18
27 83 0.17
28 83 0.18
83 33 0.16
34 83 0.32
44 83 0.37
45 83 0.33
47 83 0.54
83 49 0.6
50 83 0.25
51 83 0.39
53 83 0.34
63 83 0.1
64 83 0.27
73 83 0.21
75 83 0.21
76 83 0.37
78 83 0.07
79 83 0.18
80 83 0.36
81 83 0.52
93 83 1.0E-4
3 84 0.26
4 84 0.17
10 84 0.1
13 84 0.4
19 84 0.16
20 84 0.1
21 84 0.4
22 84 0.31
23 84 0.26
24 84 0.19
25 84 0.23
28 84 0.08
30 84 0.26
32 84 0.34
34 84 0.4
84 35 0.27
84 36 0.19
45 84 0.39
47 84 0.28
50 84 0.42
84 51 0.33
55 84 0.22
63 84 0.25
64 84 0.18
73 84 0.36
76 84 0.25
77 84 0.43
78 84 0.12
80 84 0.1
81 84 0.33
82 84 0.51
93 84 1.0E-4
11 85 0.27
18 85 0.5
20 85 0.27
24 85 0.07
25 85 0.1
27 85 0.19
28 85 0.2
40 85 0.58
45 85 0.15
50 85 0.28
85 57 1.0
63 85 0.22
64 85 0.12
66 85 0.33
70 85 0.58
71 85 0.5
73 85 0.24
75 85 0.23
79 85 0.41
93 85 5.0E-4
86 2 0.25
86 4 0.11
86 6 0.58
86 8 0.26
86 11 0.27
86 24 0.07
86 25 0.1
86 27 0.19
86 28 0.2
86 30 0.23
86 32 0.3
86 41 0.38
86 45 0.15
86 46 0.2
86 80 0.27
86 93 3.0E-4
87 2 0.1
87 4 0.27
87 6 0.24
87 8 0.11
87 10 0.06
87 11 0.11
87 19 0.09
87 24 0.18
87 25 0.21
87 27 0.16
87 28 0.17
87 30 0.28
87 32 0.37
87 33 0.29
87 36 0.2
87 41 0.31
87 45 0.24
87 46 0.17
87 54 0.17
87 64 0.05
87 73 0.19
87 76 0.07
87 78 0.13
87 80 0.11
87 84 0.31
87 86 0.41
87 93 1.0E-4
4 88 0.22
88 5 0.31
6 88 0.24
11 88 0.22
88 12 0.41
88 15 0.29
18 88 0.2
19 88 0.09
24 88 0.18
25 88 0.04
88 26 0.29
27 88 0.24
28 88 0.08
30 88 0.19
88 36 0.2
88 37 0.24
88 40 0.24
88 42 0.47
44 88 0.11
45 88 0.06
46 88 0.17
47 88 0.1
63 88 0.18
64 88 0.1
65 88 0.2
66 88 0.27
88 67 0.41
73 88 0.1
75 88 0.28
93 88 4.0E-4
89 2 0.13
89 3 0.06
89 4 0.25
89 5 0.19
89 6 0.29
89 8 0.06
89 10 0.07
89 11 0.33
89 12 0.25
89 13 0.09
89 14 0.25
89 15 0.35
89 17 0.25
89 18 0.13
89 20 0.07
89 22 0.07
89 23 0.06
89 24 0.29
89 25 0.28
89 26 0.35
89 27 0.14
89 28 0.26
89 30 0.23
89 31 0.15
89 32 0.23
89 33 0.09
89 36 0.25
89 37 0.14
89 40 0.14
89 41 0.09
89 42 0.29
89 44 0.21
89 45 0.26
89 46 0.15
89 47 0.18
89 49 0.08
89 50 0.07
89 51 0.07
89 54 0.1
89 61 0.14
89 63 0.22
89 64 0.18
89 66 0.25
89 67 0.25
89 72 0.25
89 73 0.29
89 74 0.25
89 75 0.11
89 76 0.04
89 80 0.27
89 81 0.07
89 83 0.11
89 86 0.25
89 87 0.1
89 88 0.2
89 93 7.0E-4
90 1 0.12
3 90 0.52
11 90 0.3
16 90 0.19
20 90 0.1
21 90 0.13
22 90 0.42
23 90 0.52
24 90 0.19
25 90 0.19
27 90 0.15
30 90 0.17
32 90 0.11
90 33 0.13
34 90 0.27
44 90 0.31
45 90 0.33
46 90 0.08
47 90 0.37
90 49 0.38
50 90 0.1
51 90 0.33
53 90 0.29
63 90 0.25
64 90 0.23
75 90 0.09
76 90 0.37
79 90 0.31
80 90 0.2
81 90 0.33
90 83 0.51
93 90 1.0E-4
2 91 0.14
91 3 0.33
4 91 0.06
91 5 0.22
6 91 0.17
10 91 0.04
11 91 0.23
91 12 0.29
91 13 0.41
91 14 0.29
91 15 0.41
91 17 0.29
18 91 0.29
19 91 0.06
20 91 0.23
91 21 0.51
91 22 0.4
91 23 0.33
24 91 0.25
25 91 0.23
91 26 0.2
27 91 0.11
28 91 0.12
30 91 0.13
31 91 0.09
91 34 0.51
91 35 0.41
91 36 0.14
91 37 0.5
91 40 0.17
91 42 0.5
44 91 0.16
45 91 0.38
46 91 0.12
47 91 0.49
91 50 0.4
91 51 0.33
91 54 0.12
91 55 0.17
91 58 0.09
63 91 0.38
64 91 0.38
66 91 0.58
91 67 0.29
91 72 0.29
73 91 0.27
91 74 0.29
75 91 0.26
76 91 0.24
91 77 0.55
78 91 0.05
80 91 0.08
91 81 0.42
91 82 0.52
91 84 0.33
91 88 0.24
89 91 0.29
93 91 9.0E-4
2 92 0.08
92 3 0.15
4 92 0.07
92 5 0.13
6 92 0.19
92 10 0.05
11 92 0.45
92 12 0.33
92 13 0.24
92 14 0.33
92 15 0.47
92 17 0.33
92 18 0.33
92 20 0.27
92 22 0.18
92 23 0.15
24 92 0.22
25 92 0.27
27 92 0.26
28 92 0.2
30 92 0.23
92 31 0.2
92 37 0.19
92 40 0.58
41 92 0.13
92 42 0.19
92 44 0.55
45 92 0.25
92 47 0.32
92 48 0.33
92 49 0.22
92 50 0.28
92 51 0.19
92 52 0.33
92 53 0.13
92 54 0.14
92 57 0.33
92 63 0.15
92 64 0.28
92 66 0.44
92 67 0.33
92 68 0.47
92 69 0.47
92 70 0.38
92 71 0.5
92 72 0.33
92 73 0.47
92 74 0.33
92 75 0.38
92 76 0.11
92 78 0.05
92 79 0.27
80 92 0.27
92 81 0.19
92 83 0.3
92 85 0.33
92 88 0.14
89 92 0.33
92 91 0.19
93 92 0.0014
