*Vertices  27
1 "LED灯"
2 "光纤"
3 "发光荧光材料"
4 "硼酸"
5 "牙结石"
6 "光纤耦合"
7 "EP"
8 "LED"
9 "二极管"
10 "滤光片"
11 "光谱仪"
12 "SiO2"
13 "芯片"
14 "酸盐"
15 "SrCO3"
16 "Eu2O3"
17 "硝酸"
18 "Eu2"
19 "去离子水"
20 "Li"
21 "离子"
22 "基色"
23 "丙酮"
24 "激光"
25 "透镜"
26 "激发光"
27 "荧光光谱"
*Arcs
1 27 2.0E-4
27 2 0.0030
3 1 0.21
3 27 0.0018
1 4 0.11
3 4 0.4
27 4 0.0041
2 5 0.38
27 5 0.0117
2 6 0.53
6 5 0.71
27 6 0.0077
1 7 0.12
3 7 0.29
7 4 0.4
27 7 0.0018
8 1 0.67
8 2 0.19
8 3 0.28
8 4 0.15
8 5 0.07
8 6 0.1
8 7 0.28
8 27 6.0E-4
9 1 0.32
9 2 0.23
9 3 0.33
9 4 0.1
9 5 0.1
9 6 0.14
9 7 0.22
9 8 0.72
9 27 4.0E-4
10 2 0.68
10 5 0.45
10 6 0.32
8 10 0.16
9 10 0.23
27 10 0.0038
1 11 0.08
11 2 0.27
3 11 0.19
11 4 0.35
11 5 0.71
11 6 0.5
11 7 0.19
8 11 0.1
9 11 0.07
11 10 0.32
27 11 0.0259
1 12 0.12
12 2 0.21
3 12 0.52
12 4 0.14
12 7 0.3
8 12 0.27
9 12 0.31
12 10 0.25
12 11 0.2
27 12 0.0019
1 13 0.3
13 2 0.09
3 13 0.35
13 4 0.24
13 7 0.35
8 13 0.62
9 13 0.58
13 10 0.16
13 11 0.08
13 12 0.4
13 27 5.0E-4
1 14 0.11
3 14 0.53
14 4 0.67
14 7 0.45
8 14 0.22
9 14 0.24
14 11 0.24
14 12 0.37
14 13 0.36
14 27 0.0025
1 15 0.08
3 15 0.38
15 4 0.35
15 7 0.38
8 15 0.1
9 15 0.07
15 11 0.5
15 12 0.39
15 13 0.17
15 14 0.24
15 27 0.0076
1 16 0.08
3 16 0.38
16 4 0.35
16 7 0.38
8 16 0.1
9 16 0.07
16 11 0.5
16 12 0.39
16 13 0.17
16 14 0.24
16 15 1.0
16 27 0.0076
1 17 0.06
3 17 0.46
17 4 0.58
17 7 0.46
8 17 0.13
9 17 0.12
17 11 0.41
17 12 0.32
17 13 0.21
17 14 0.58
17 15 0.41
17 16 0.41
17 27 0.0054
1 18 0.05
3 18 0.53
18 4 0.5
18 7 0.53
8 18 0.15
9 18 0.15
18 11 0.35
18 12 0.42
18 13 0.24
18 14 0.5
18 15 0.71
18 16 0.71
18 17 0.87
18 27 0.0049
1 19 0.05
3 19 0.12
19 4 0.22
19 7 0.36
8 19 0.16
9 19 0.14
19 11 0.32
19 12 0.25
19 13 0.21
19 14 0.3
19 15 0.32
19 16 0.32
19 17 0.26
19 18 0.22
19 27 0.0031
1 20 0.26
20 2 0.18
3 20 0.31
20 4 0.24
20 7 0.25
8 20 0.31
9 20 0.36
20 10 0.21
20 11 0.17
20 12 0.33
20 13 0.31
20 14 0.39
20 15 0.17
20 16 0.17
20 17 0.27
20 18 0.24
20 19 0.11
20 27 0.0012
1 21 0.13
21 2 0.17
3 21 0.18
21 4 0.34
21 7 0.49
8 21 0.32
9 21 0.26
21 10 0.21
21 11 0.16
21 12 0.32
21 13 0.33
21 14 0.38
21 15 0.32
21 16 0.32
21 17 0.26
21 18 0.34
21 19 0.51
21 20 0.27
21 27 0.0014
1 22 0.04
3 22 0.22
22 4 0.41
22 7 0.22
8 22 0.18
9 22 0.08
22 11 0.29
22 12 0.23
22 13 0.15
22 14 0.27
22 15 0.29
22 16 0.29
22 17 0.47
22 18 0.41
22 19 0.18
22 20 0.19
22 21 0.19
22 27 0.0027
1 23 0.04
3 23 0.11
23 4 0.41
23 7 0.65
8 23 0.18
9 23 0.17
23 11 0.29
23 12 0.23
23 13 0.24
23 14 0.41
23 15 0.29
23 16 0.29
23 17 0.24
23 18 0.2
23 19 0.55
23 20 0.19
23 21 0.56
23 22 0.17
23 27 0.0027
24 1 0.12
24 2 0.4
24 3 0.21
24 5 0.27
24 6 0.38
24 8 0.28
24 9 0.24
24 10 0.36
24 11 0.19
24 12 0.3
24 13 0.26
24 20 0.19
24 21 0.12
24 22 0.11
24 27 0.0016
25 1 0.25
25 2 0.28
25 3 0.33
25 4 0.13
25 5 0.25
25 6 0.35
25 7 0.07
25 8 0.29
25 9 0.28
25 10 0.22
25 11 0.18
25 12 0.21
25 13 0.18
25 14 0.25
25 19 0.11
25 20 0.29
25 21 0.11
25 23 0.1
25 24 0.27
25 27 0.0015
1 26 0.07
26 2 0.5
3 26 0.45
26 4 0.33
26 5 0.33
26 6 0.24
26 7 0.27
8 26 0.22
9 26 0.27
26 10 0.6
26 11 0.47
26 12 0.55
26 13 0.28
26 14 0.44
26 15 0.47
26 16 0.47
26 17 0.38
26 18 0.5
26 19 0.15
26 20 0.47
26 21 0.38
26 22 0.27
26 23 0.14
24 26 0.27
25 26 0.33
26 27 0.0086
