*Vertices  15
1 "LED灯"
2 "工质"
3 "连接管"
4 "LED"
5 "二极管"
6 "通道"
7 "电子元器件"
8 "基板"
9 "基座"
10 "散热片"
11 "散热器"
12 "LED芯片"
13 "芯片"
14 "电阻"
15 "蒸发皿"
*Arcs
1 15 0.0022
1 2 0.19
2 15 0.0334
1 3 0.16
2 3 0.82
3 15 0.0453
4 1 0.67
4 2 0.13
4 3 0.1
4 15 0.0011
5 1 0.32
5 2 0.12
5 3 0.07
5 4 0.72
5 15 0.0014
1 6 0.22
6 2 0.33
6 3 0.41
4 6 0.25
5 6 0.23
6 15 0.0103
1 7 0.16
2 7 0.82
7 3 1.0
4 7 0.1
5 7 0.07
6 7 0.41
7 15 0.0453
1 8 0.27
2 8 0.41
8 3 0.5
4 8 0.21
5 8 0.14
6 8 0.2
8 7 0.5
8 15 0.0138
1 9 0.22
2 9 0.29
9 3 0.35
4 9 0.15
5 9 0.15
6 9 0.43
9 7 0.35
8 9 0.18
9 15 0.0199
1 10 0.43
10 2 0.42
10 3 0.34
4 10 0.3
5 10 0.22
10 6 0.35
10 7 0.34
10 8 0.34
10 9 0.24
10 15 0.0079
1 11 0.44
11 2 0.41
11 3 0.33
4 11 0.31
5 11 0.24
11 6 0.2
11 7 0.33
11 8 0.5
11 9 0.12
11 10 0.63
11 15 0.0077
1 12 0.19
12 2 0.38
12 3 0.31
4 12 0.34
5 12 0.33
12 6 0.31
12 7 0.31
12 8 0.23
12 9 0.33
12 10 0.26
12 11 0.21
12 15 0.0066
1 13 0.3
13 2 0.21
13 3 0.17
4 13 0.62
5 13 0.58
13 6 0.24
13 7 0.17
13 8 0.13
13 9 0.18
13 10 0.17
13 11 0.14
13 12 0.55
13 15 0.0022
1 14 0.3
14 2 0.09
14 3 0.11
4 14 0.45
5 14 0.51
14 6 0.19
14 7 0.11
14 8 0.23
14 9 0.08
10 14 0.04
11 14 0.15
12 14 0.11
13 14 0.47
14 15 0.0024
