*Vertices  23
1 "衬底"
2 "发光荧光材料"
3 "外延片"
4 "外延"
5 "LED"
6 "二极管"
7 "缓冲层"
8 "SiO2"
9 "半导体"
10 "Al2O3"
11 "GaAs"
12 "ITO"
13 "键合"
14 "芯片"
15 "电极"
16 "MOCVD"
17 "湿法刻蚀"
18 "干法刻蚀"
19 "屏幕"
20 "反射层"
21 "发光层"
22 "电流阻挡层"
23 "蒸镀方法"
*Arcs
1 23 0.0054
2 1 0.18
2 23 0.0042
3 1 0.83
2 3 0.15
3 23 0.0063
4 1 0.95
2 4 0.25
4 3 0.83
4 23 0.0054
5 1 0.32
5 2 0.28
5 3 0.27
5 4 0.32
5 23 7.0E-4
6 1 0.37
6 2 0.33
6 3 0.31
6 4 0.37
6 5 0.72
6 23 0.0011
7 1 0.65
2 7 0.19
7 3 0.78
7 4 0.65
5 7 0.21
6 7 0.22
7 23 0.0078
8 1 0.38
2 8 0.52
8 3 0.38
8 4 0.38
5 8 0.27
6 8 0.31
8 7 0.1
8 23 0.0020
9 1 0.64
9 2 0.43
9 3 0.53
9 4 0.64
9 5 0.5
9 6 0.55
9 7 0.42
9 8 0.41
9 23 0.0026
10 1 0.72
2 10 0.45
10 3 0.74
10 4 0.78
5 10 0.3
6 10 0.34
10 7 0.69
8 10 0.54
9 10 0.57
10 23 0.0051
1 11 0.61
2 11 0.18
3 11 0.37
4 11 0.69
5 11 0.22
6 11 0.27
7 11 0.12
8 11 0.37
9 11 0.44
10 11 0.4
11 23 0.0033
1 12 0.66
2 12 0.23
3 12 0.72
4 12 0.73
5 12 0.25
6 12 0.26
7 12 0.51
8 12 0.4
9 12 0.47
10 12 0.7
12 11 0.29
12 23 0.0022
1 13 0.26
2 13 0.2
3 13 0.1
4 13 0.35
5 13 0.19
6 13 0.19
7 13 0.13
8 13 0.21
9 13 0.28
10 13 0.28
13 11 0.5
12 13 0.11
13 23 0.0026
14 1 0.49
2 14 0.35
14 3 0.43
14 4 0.49
5 14 0.62
6 14 0.58
14 7 0.34
14 8 0.4
9 14 0.6
14 10 0.46
14 11 0.36
14 12 0.38
14 13 0.27
14 23 0.0017
15 1 0.72
2 15 0.22
15 3 0.59
15 4 0.72
5 15 0.45
6 15 0.55
15 7 0.46
8 15 0.32
9 15 0.56
10 15 0.56
15 11 0.49
15 12 0.57
15 13 0.25
14 15 0.57
15 23 0.0030
16 1 0.73
2 16 0.23
16 3 0.88
16 4 0.79
5 16 0.25
6 16 0.29
16 7 0.82
8 16 0.32
9 16 0.51
10 16 0.77
16 11 0.48
16 12 0.67
16 13 0.22
14 16 0.41
15 16 0.57
16 23 0.0067
1 17 0.46
2 17 0.13
3 17 0.55
4 17 0.46
5 17 0.15
6 17 0.2
7 17 0.18
8 17 0.55
9 17 0.29
10 17 0.36
17 11 0.5
12 17 0.43
13 17 0.19
14 17 0.24
15 17 0.33
16 17 0.43
17 23 0.0046
1 18 0.51
2 18 0.24
3 18 0.5
4 18 0.51
5 18 0.16
6 18 0.18
7 18 0.32
8 18 0.37
9 18 0.33
10 18 0.54
18 11 0.6
12 18 0.39
13 18 0.34
14 18 0.27
15 18 0.37
16 18 0.52
18 17 0.67
18 23 0.0116
1 19 0.36
2 19 0.14
3 19 0.43
4 19 0.36
5 19 0.28
6 19 0.18
7 19 0.37
8 19 0.21
9 19 0.27
10 19 0.25
19 11 0.17
12 19 0.22
13 19 0.1
14 19 0.25
15 19 0.3
16 19 0.37
19 17 0.26
19 18 0.23
19 23 0.0044
1 20 0.52
2 20 0.3
3 20 0.42
4 20 0.52
5 20 0.19
6 20 0.19
7 20 0.27
8 20 0.31
9 20 0.33
10 20 0.37
20 11 0.38
12 20 0.33
13 20 0.29
14 20 0.23
15 20 0.37
16 20 0.33
20 17 0.38
20 18 0.51
20 19 0.49
20 23 0.0085
1 21 0.61
2 21 0.2
3 21 0.42
4 21 0.52
5 21 0.19
6 21 0.27
7 21 0.4
8 21 0.21
9 21 0.39
10 21 0.28
21 11 0.5
21 12 0.22
21 13 0.29
14 21 0.32
15 21 0.43
16 21 0.44
21 17 0.19
21 18 0.34
21 19 0.29
21 20 0.43
21 23 0.0088
1 22 0.32
2 22 0.19
3 22 0.2
4 22 0.32
5 22 0.1
6 22 0.14
7 22 0.25
8 22 0.2
9 22 0.21
10 22 0.17
22 11 0.47
13 22 0.27
14 22 0.17
15 22 0.23
16 22 0.2
22 17 0.35
22 18 0.32
22 19 0.18
22 20 0.27
21 22 0.53
22 23 0.0068
