*Vertices  52
1 "LED显示屏"
2 "LED灯"
3 "探头"
4 "连接带"
5 "电容"
6 "容器"
7 "传感器"
8 "控制器"
9 "处理器"
10 "荧光粉"
11 "整流器"
12 "开关"
13 "充电台灯"
14 "变压器"
15 "稳压块"
16 "太阳能吸收板"
17 "LED"
18 "二极管"
19 "三极管"
20 "挂绳"
21 "联轴器"
22 "教具"
23 "玻璃"
24 "LED光源"
25 "发电机"
26 "直流电机"
27 "半导体"
28 "客户"
29 "太阳能"
30 "太阳能电池板"
31 "风能"
32 "光电池"
33 "LED照明设备"
34 "蓄电设备"
35 "电抗器"
36 "充电器"
37 "存储器"
38 "电感"
39 "电极"
40 "电阻"
41 "加热管"
42 "防护服"
43 "太阳能电子板"
44 "检测仪"
45 "信息卡"
46 "防护罩"
47 "转子"
48 "弹簧"
49 "电磁感应"
50 "晶体闸流管"
51 "插座"
52 "蓄电池"
*Arcs
52 1 9.0E-4
2 1 0.03
2 52 0.0015
2 3 0.05
52 3 3.0E-4
1 4 0.16
2 4 0.05
52 4 5.0E-4
2 5 0.29
5 52 5.0E-4
2 6 0.12
5 6 0.23
52 6 9.0E-4
2 7 0.13
7 3 0.2
7 4 0.2
5 7 0.08
52 7 1.0E-4
8 1 0.23
2 8 0.11
8 3 0.12
5 8 0.15
6 8 0.09
8 7 0.19
52 8 7.0E-4
9 1 0.16
9 2 0.14
9 3 0.26
9 4 0.13
9 5 0.05
9 7 0.36
9 8 0.44
9 52 1.0E-4
10 1 0.09
10 2 0.13
10 6 0.22
10 8 0.07
10 9 0.07
10 52 2.0E-4
2 11 0.22
5 11 0.53
11 6 0.33
11 8 0.07
52 11 0.0019
12 1 0.04
2 12 0.37
12 4 0.07
12 5 0.42
12 6 0.21
12 7 0.19
12 8 0.23
9 12 0.21
10 12 0.08
12 11 0.2
12 52 0.0027
12 13 0.14
52 13 7.0E-4
14 1 0.07
2 14 0.26
5 14 0.52
14 6 0.24
14 7 0.04
14 8 0.1
10 14 0.06
14 11 0.68
12 14 0.29
52 14 0.0020
15 11 0.29
15 14 0.21
52 15 8.0E-4
2 16 0.11
12 16 0.14
52 16 9.0E-4
17 1 0.23
17 2 0.67
17 3 0.15
17 4 0.15
17 5 0.36
17 6 0.19
17 7 0.37
17 8 0.3
17 9 0.28
17 10 0.25
17 11 0.25
17 12 0.54
17 13 0.07
17 14 0.34
17 15 0.07
17 16 0.07
17 52 0.0027
18 1 0.06
18 2 0.32
18 3 0.05
18 5 0.39
18 6 0.23
18 7 0.2
18 8 0.15
18 9 0.08
18 10 0.23
18 11 0.35
18 12 0.46
18 13 0.1
18 14 0.39
18 15 0.1
18 17 0.72
18 52 0.0013
2 19 0.2
19 5 0.61
19 6 0.17
19 7 0.05
19 8 0.11
19 11 0.4
12 19 0.37
19 14 0.49
19 15 0.23
17 19 0.32
18 19 0.42
19 52 9.0E-4
17 20 0.07
18 20 0.1
52 20 0.0016
2 21 0.11
12 21 0.14
17 21 0.07
52 21 8.0E-4
2 22 0.11
8 22 0.24
12 22 0.14
17 22 0.07
52 22 0.0020
23 1 0.18
23 2 0.27
23 3 0.1
23 5 0.08
23 7 0.12
23 9 0.15
23 10 0.11
23 12 0.18
23 14 0.08
23 16 0.19
23 17 0.38
23 18 0.27
23 19 0.09
23 52 4.0E-4
24 2 0.36
24 3 0.1
24 5 0.04
24 6 0.08
24 7 0.04
24 9 0.11
24 10 0.24
24 11 0.06
24 12 0.06
24 14 0.09
24 17 0.36
24 18 0.29
24 19 0.09
24 23 0.24
24 52 1.0E-4
1 25 0.16
2 25 0.11
7 25 0.1
8 25 0.12
10 25 0.14
12 25 0.14
14 25 0.21
17 25 0.15
18 25 0.1
25 21 0.5
24 25 0.1
52 25 0.0019
2 26 0.11
8 26 0.24
12 26 0.14
17 26 0.07
26 22 1.0
52 26 0.0020
27 1 0.05
27 2 0.29
27 3 0.07
27 5 0.15
27 6 0.22
27 7 0.06
27 9 0.08
27 10 0.34
27 11 0.17
27 12 0.14
27 14 0.19
27 17 0.5
27 18 0.55
27 19 0.1
27 23 0.23
27 24 0.3
27 52 3.0E-4
2 28 0.22
28 3 0.2
5 28 0.17
28 7 0.24
9 28 0.21
10 28 0.12
12 28 0.17
17 28 0.18
18 28 0.08
19 28 0.09
23 28 0.08
24 28 0.08
27 28 0.12
52 28 2.0E-4
29 1 0.2
2 29 0.14
3 29 0.16
29 4 0.16
5 29 0.06
8 29 0.23
9 29 0.08
10 29 0.09
12 29 0.17
14 29 0.07
29 16 0.32
17 29 0.23
18 29 0.13
19 29 0.07
29 20 0.32
29 22 0.32
23 29 0.12
29 25 0.16
29 26 0.32
27 29 0.05
52 29 0.0092
2 30 0.15
3 30 0.22
30 4 0.22
8 30 0.22
9 30 0.12
12 30 0.06
17 30 0.16
18 30 0.05
30 20 0.45
30 22 0.45
30 26 0.45
30 29 0.71
52 30 0.0055
1 31 0.32
8 31 0.24
10 31 0.29
12 31 0.14
14 31 0.21
17 31 0.07
18 31 0.1
25 31 0.5
29 31 0.32
52 31 0.0014
32 3 0.5
32 7 0.3
9 32 0.13
17 32 0.15
18 32 0.15
23 32 0.19
24 32 0.2
27 32 0.15
28 32 0.2
52 32 2.0E-4
1 33 0.18
2 33 0.13
8 33 0.14
10 33 0.17
12 33 0.08
14 33 0.12
17 33 0.13
18 33 0.12
24 33 0.12
25 33 0.29
29 33 0.18
33 31 0.58
52 33 6.0E-4
1 34 0.32
8 34 0.24
10 34 0.29
12 34 0.14
14 34 0.21
17 34 0.07
18 34 0.1
25 34 0.5
29 34 0.32
34 31 1.0
34 33 0.58
52 34 0.0014
2 35 0.16
5 35 0.29
6 35 0.53
11 35 0.41
12 35 0.19
14 35 0.3
17 35 0.1
18 35 0.14
19 35 0.16
27 35 0.21
52 35 0.0018
2 36 0.04
36 3 0.2
5 36 0.17
36 8 0.1
9 36 0.11
36 11 0.24
12 36 0.06
36 14 0.26
36 15 0.41
17 36 0.18
18 36 0.21
19 36 0.47
27 36 0.06
36 29 0.13
36 30 0.18
36 52 0.0010
2 37 0.04
37 3 0.17
5 37 0.07
37 7 0.33
37 8 0.16
9 37 0.34
12 37 0.23
14 37 0.07
17 37 0.22
18 37 0.17
19 37 0.15
24 37 0.14
37 25 0.17
27 37 0.1
28 37 0.14
37 32 0.17
36 37 0.14
52 37 2.0E-4
2 38 0.25
5 38 0.54
38 6 0.43
38 8 0.09
11 38 0.44
12 38 0.36
14 38 0.4
17 38 0.19
18 38 0.23
19 38 0.43
24 38 0.08
27 38 0.22
38 35 0.53
36 38 0.15
38 37 0.13
52 38 9.0E-4
2 39 0.16
5 39 0.37
39 6 0.19
39 7 0.03
39 8 0.12
10 39 0.09
39 11 0.33
12 39 0.2
39 14 0.39
39 15 0.16
17 39 0.45
18 39 0.55
19 39 0.6
23 39 0.13
24 39 0.1
27 39 0.56
39 28 0.07
39 29 0.05
39 35 0.12
39 36 0.34
39 37 0.05
39 38 0.31
39 52 5.0E-4
2 40 0.3
40 5 0.73
40 6 0.18
40 7 0.16
40 8 0.16
9 40 0.08
10 40 0.05
40 11 0.56
12 40 0.46
40 14 0.55
40 15 0.16
17 40 0.45
18 40 0.51
40 19 0.71
23 40 0.09
24 40 0.1
40 25 0.08
27 40 0.19
40 28 0.13
40 29 0.05
40 35 0.23
40 36 0.33
40 37 0.22
40 38 0.43
40 39 0.51
40 52 0.0010
2 41 0.08
6 41 0.27
12 41 0.19
41 16 0.71
17 41 0.1
18 41 0.07
23 41 0.14
29 41 0.22
52 41 8.0E-4
2 42 0.11
4 42 0.5
17 42 0.07
29 42 0.32
30 42 0.45
52 42 9.0E-4
1 43 0.32
17 43 0.07
23 43 0.19
29 43 0.32
52 43 7.0E-4
2 44 0.05
3 44 0.25
5 44 0.1
7 44 0.3
9 44 0.13
12 44 0.07
14 44 0.11
17 44 0.15
18 44 0.05
19 44 0.11
24 44 0.1
44 25 0.25
27 44 0.15
28 44 0.2
32 44 0.25
36 44 0.2
37 44 0.5
38 44 0.19
39 44 0.08
40 44 0.16
52 44 3.0E-4
7 45 0.14
8 45 0.17
9 45 0.18
12 45 0.1
17 45 0.1
18 45 0.14
45 20 0.71
29 45 0.22
30 45 0.32
37 45 0.24
40 45 0.11
52 45 0.0011
17 46 0.07
18 46 0.1
46 20 1.0
29 46 0.32
30 46 0.45
45 46 0.71
52 46 0.0016
2 47 0.11
8 47 0.24
12 47 0.14
17 47 0.07
47 22 1.0
47 26 1.0
29 47 0.32
30 47 0.45
52 47 0.0020
2 48 0.11
12 48 0.2
17 48 0.15
18 48 0.1
48 21 0.5
48 25 0.25
52 48 5.0E-4
2 49 0.08
8 49 0.17
12 49 0.1
17 49 0.1
18 49 0.07
49 22 0.71
49 26 0.71
29 49 0.22
30 49 0.32
49 47 0.71
52 49 0.0011
2 50 0.05
5 50 0.31
50 6 0.19
11 50 0.43
12 50 0.2
14 50 0.32
17 50 0.15
18 50 0.2
19 50 0.34
27 50 0.07
50 35 0.35
36 50 0.2
50 38 0.19
39 50 0.25
40 50 0.32
52 50 0.0010
2 51 0.09
5 51 0.17
51 7 0.16
9 51 0.11
12 51 0.28
51 13 0.41
17 51 0.18
18 51 0.17
23 51 0.08
51 28 0.17
40 51 0.13
52 51 5.0E-4
