*Vertices  13
1 "LED显示屏"
2 "控制器"
3 "荧光粉"
4 "开关"
5 "变压器"
6 "LED"
7 "二极管"
8 "发电机"
9 "太阳能"
10 "风能"
11 "蓄电池"
12 "LED照明设备"
13 "蓄电设备"
*Arcs
1 13 0.0124
2 1 0.23
2 13 0.0074
3 1 0.09
3 2 0.07
3 13 0.01
4 1 0.04
4 2 0.23
3 4 0.08
4 13 0.0029
5 1 0.07
5 2 0.1
3 5 0.06
4 5 0.29
5 13 0.0059
6 1 0.23
6 2 0.3
6 3 0.25
6 4 0.54
6 5 0.34
6 13 0.0014
7 1 0.06
7 2 0.15
7 3 0.23
7 4 0.46
7 5 0.39
7 6 0.72
7 13 0.0018
1 8 0.16
2 8 0.12
3 8 0.14
4 8 0.14
5 8 0.21
6 8 0.15
7 8 0.1
8 13 0.0286
9 1 0.2
2 9 0.23
3 9 0.09
4 9 0.17
5 9 0.07
6 9 0.23
7 9 0.13
9 8 0.16
9 13 0.013
1 10 0.32
2 10 0.24
3 10 0.29
4 10 0.14
5 10 0.21
6 10 0.07
7 10 0.1
8 10 0.5
9 10 0.32
13 10 0.0802
11 1 0.16
11 2 0.13
3 11 0.07
4 11 0.28
11 5 0.28
6 11 0.28
7 11 0.18
11 8 0.26
11 9 0.57
11 10 0.26
11 13 0.0095
1 12 0.18
2 12 0.14
3 12 0.17
4 12 0.08
5 12 0.12
6 12 0.13
7 12 0.12
8 12 0.29
9 12 0.18
12 10 0.58
11 12 0.15
13 12 0.0363
