*Vertices  20
1 "衬底"
2 "容器"
3 "EP"
4 "外延"
5 "LED"
6 "二极管"
7 "腐蚀液"
8 "SiO2"
9 "半导体"
10 "GaAs"
11 "LED芯片"
12 "芯片"
13 "电流扩展层"
14 "去离子水"
15 "离子"
16 "电极"
17 "丙酮"
18 "发光层"
19 "电流阻挡层"
20 "蓝膜"
*Arcs
1 20 0.0080
2 1 0.09
2 20 0.0036
3 1 0.12
3 2 0.1
3 20 0.0025
4 1 0.95
3 4 0.06
4 20 0.0031
5 1 0.32
5 2 0.19
5 3 0.28
5 4 0.32
5 20 0.0011
6 1 0.37
6 2 0.23
6 3 0.22
6 4 0.37
6 5 0.72
6 20 0.0019
1 7 0.56
2 7 0.15
3 7 0.22
4 7 0.47
5 7 0.18
6 7 0.25
7 20 0.0057
8 1 0.38
8 2 0.21
8 3 0.3
8 4 0.38
5 8 0.27
6 8 0.31
8 7 0.34
8 20 0.0033
9 1 0.64
9 2 0.22
9 3 0.28
9 4 0.64
9 5 0.5
9 6 0.55
9 7 0.36
9 8 0.41
9 20 0.0040
1 10 0.61
3 10 0.09
4 10 0.69
5 10 0.22
6 10 0.27
7 10 0.41
8 10 0.37
9 10 0.44
20 10 0.0052
11 1 0.5
11 2 0.25
3 11 0.29
11 4 0.45
5 11 0.34
6 11 0.33
11 7 0.36
8 11 0.24
9 11 0.51
11 10 0.15
11 20 0.0018
12 1 0.49
12 2 0.14
12 3 0.35
12 4 0.49
5 12 0.62
6 12 0.58
12 7 0.29
12 8 0.4
9 12 0.6
12 10 0.36
12 11 0.55
12 20 0.0028
1 13 0.57
2 13 0.13
3 13 0.19
4 13 0.57
5 13 0.21
6 13 0.29
13 7 0.58
8 13 0.49
9 13 0.42
13 10 0.71
11 13 0.23
12 13 0.34
13 20 0.0148
14 1 0.21
14 2 0.17
14 3 0.36
14 4 0.1
5 14 0.16
6 14 0.14
14 7 0.37
14 8 0.25
9 14 0.2
14 10 0.15
14 11 0.1
14 12 0.21
14 13 0.16
14 20 0.0056
15 1 0.32
15 2 0.09
15 3 0.49
15 4 0.26
5 15 0.32
6 15 0.26
15 7 0.37
15 8 0.32
9 15 0.34
15 10 0.38
15 11 0.15
15 12 0.33
15 13 0.41
15 14 0.51
15 20 0.0023
16 1 0.72
16 2 0.19
3 16 0.13
16 4 0.72
5 16 0.45
6 16 0.55
16 7 0.4
8 16 0.32
9 16 0.56
16 10 0.49
11 16 0.39
12 16 0.57
16 13 0.46
14 16 0.15
15 16 0.23
16 20 0.0045
17 1 0.19
17 2 0.15
17 3 0.65
17 4 0.09
5 17 0.18
6 17 0.17
17 7 0.33
17 8 0.23
9 17 0.18
17 10 0.14
17 11 0.18
17 12 0.24
17 13 0.29
17 14 0.55
17 15 0.56
17 16 0.13
17 20 0.0051
1 18 0.61
2 18 0.14
3 18 0.2
4 18 0.52
5 18 0.19
6 18 0.27
18 7 0.46
8 18 0.21
9 18 0.39
18 10 0.5
11 18 0.25
12 18 0.32
18 13 0.53
14 18 0.17
15 18 0.26
16 18 0.43
17 18 0.31
18 20 0.0167
1 19 0.32
4 19 0.32
5 19 0.1
6 19 0.14
8 19 0.2
9 19 0.21
19 10 0.47
12 19 0.17
13 19 0.25
16 19 0.23
18 19 0.53
20 19 0.012
