*Vertices  28
1 "LCD显示屏"
2 "显示器"
3 "LED灯"
4 "电容"
5 "传感器"
6 "控制器"
7 "处理器"
8 "单片机"
9 "开关"
10 "EP"
11 "LED"
12 "液晶显示模块"
13 "二极管"
14 "三极管"
15 "接收管"
16 "LED光源"
17 "滤光片"
18 "电路板"
19 "GPIO"
20 "客户"
21 "摄像机"
22 "锂电池"
23 "芯片"
24 "继电器"
25 "存储器"
26 "电阻"
27 "插座"
28 "蜂鸣器"
*Arcs
1 28 0.0029
2 1 0.33
2 28 0.0016
3 1 0.04
3 2 0.08
3 28 0.0011
3 4 0.29
4 28 0.0013
1 5 0.13
2 5 0.25
3 5 0.13
4 5 0.08
5 28 0.0011
1 6 0.24
2 6 0.24
3 6 0.11
4 6 0.15
6 5 0.19
6 28 0.0012
7 1 0.09
7 2 0.26
7 3 0.14
7 4 0.05
7 5 0.36
7 6 0.44
7 28 0.0043
8 1 0.08
2 8 0.52
3 8 0.13
8 4 0.19
8 5 0.28
8 6 0.17
7 8 0.24
8 28 0.0013
9 1 0.14
2 9 0.07
3 9 0.37
9 4 0.42
9 5 0.19
9 6 0.23
7 9 0.21
9 8 0.19
9 28 0.0023
2 10 0.07
3 10 0.12
10 4 0.11
10 6 0.06
7 10 0.14
10 8 0.06
10 9 0.11
10 28 0.0012
11 1 0.22
11 2 0.29
11 3 0.67
11 4 0.36
11 5 0.37
11 6 0.3
11 7 0.28
11 8 0.32
11 9 0.54
11 10 0.28
11 28 0.0019
1 12 0.67
2 12 0.38
5 12 0.1
6 12 0.36
7 12 0.13
8 12 0.11
9 12 0.14
11 12 0.15
28 12 0.0050
13 1 0.14
13 2 0.15
13 3 0.32
13 4 0.39
13 5 0.2
13 6 0.15
13 7 0.08
13 8 0.16
13 9 0.46
13 10 0.22
13 11 0.72
13 12 0.1
13 28 0.0014
14 1 0.08
2 14 0.06
3 14 0.2
14 4 0.61
14 5 0.05
14 6 0.11
8 14 0.16
9 14 0.37
10 14 0.06
11 14 0.32
14 12 0.11
13 14 0.42
14 28 0.0017
1 15 0.19
2 15 0.14
3 15 0.13
4 15 0.24
5 15 0.12
8 15 0.13
9 15 0.24
11 15 0.13
15 12 0.29
13 15 0.18
14 15 0.4
28 15 0.0059
16 1 0.07
16 2 0.15
16 3 0.36
16 4 0.04
16 5 0.04
16 7 0.11
16 8 0.09
16 9 0.06
16 10 0.22
16 11 0.36
16 12 0.1
16 13 0.29
16 14 0.09
16 15 0.12
16 28 9.0E-4
1 17 0.15
2 17 0.11
17 5 0.09
8 17 0.1
9 17 0.06
11 17 0.16
17 12 0.22
13 17 0.23
14 17 0.1
17 15 0.26
16 17 0.27
17 28 0.0035
18 1 0.2
18 2 0.26
18 3 0.4
18 4 0.13
18 5 0.08
18 6 0.1
18 7 0.11
18 8 0.14
18 9 0.14
18 10 0.05
18 11 0.36
18 12 0.2
18 13 0.17
18 14 0.19
18 15 0.24
18 16 0.17
18 17 0.09
18 28 0.0030
19 1 0.19
2 19 0.14
3 19 0.06
4 19 0.12
7 19 0.15
8 19 0.13
9 19 0.24
10 19 0.15
11 19 0.13
19 12 0.29
13 19 0.06
14 19 0.13
19 15 0.33
16 19 0.12
19 17 0.26
18 19 0.12
19 28 0.0181
20 1 0.14
2 20 0.2
3 20 0.22
4 20 0.17
20 5 0.24
7 20 0.21
9 20 0.17
10 20 0.11
11 20 0.18
13 20 0.08
14 20 0.09
20 15 0.24
16 20 0.08
18 20 0.17
19 20 0.24
20 28 0.0030
1 21 0.38
2 21 0.14
5 21 0.12
8 21 0.13
9 21 0.08
11 21 0.13
21 12 0.29
13 21 0.12
14 21 0.13
15 21 0.33
16 21 0.12
17 21 0.26
18 21 0.12
19 21 0.33
28 21 0.0053
22 1 0.15
3 22 0.1
22 4 0.18
22 5 0.18
22 6 0.22
7 22 0.23
8 22 0.1
9 22 0.12
11 22 0.16
22 12 0.22
13 22 0.18
22 14 0.31
18 22 0.18
22 28 0.0027
23 1 0.24
2 23 0.27
3 23 0.3
23 4 0.37
23 5 0.17
23 6 0.23
7 23 0.12
23 8 0.33
23 9 0.28
23 10 0.35
11 23 0.62
23 12 0.24
13 23 0.58
23 14 0.33
23 15 0.21
16 23 0.22
23 17 0.16
18 23 0.22
23 19 0.14
23 20 0.1
23 21 0.07
23 22 0.21
23 28 0.0019
24 1 0.15
3 24 0.05
4 24 0.37
24 5 0.09
24 6 0.11
7 24 0.12
9 24 0.24
10 24 0.12
11 24 0.16
13 24 0.18
14 24 0.31
19 24 0.26
24 20 0.18
23 24 0.16
24 28 0.0032
1 25 0.22
2 25 0.25
3 25 0.04
4 25 0.07
25 5 0.33
25 6 0.16
7 25 0.34
8 25 0.15
9 25 0.23
10 25 0.09
11 25 0.22
25 12 0.33
13 25 0.17
14 25 0.15
25 15 0.38
16 25 0.14
25 17 0.15
18 25 0.07
19 25 0.19
20 25 0.14
25 21 0.38
22 25 0.15
23 25 0.16
25 28 0.0028
26 1 0.16
2 26 0.08
3 26 0.3
26 4 0.73
26 5 0.16
26 6 0.16
7 26 0.08
8 26 0.22
9 26 0.46
10 26 0.09
11 26 0.45
26 12 0.16
13 26 0.51
26 14 0.71
26 15 0.28
16 26 0.1
26 17 0.15
18 26 0.17
26 19 0.28
26 20 0.13
26 21 0.09
26 22 0.29
23 26 0.47
26 24 0.36
26 25 0.22
26 28 0.0032
3 27 0.09
4 27 0.17
27 5 0.16
7 27 0.11
8 27 0.19
9 27 0.28
10 27 0.11
11 27 0.18
13 27 0.17
19 27 0.24
27 20 0.17
23 27 0.1
24 27 0.18
26 27 0.13
27 28 0.0026
