*Vertices  77
1 "LCD显示屏"
2 "LED灯"
3 "滤波片"
4 "光纤"
5 "容器"
6 "荧光粉"
7 "整流器"
8 "发光荧光材料"
9 "III-V族半导体材料"
10 "GAN"
11 "次氯酸钠溶液"
12 "保护层"
13 "PD"
14 "活性层"
15 "蓝膜"
16 "变压器"
17 "蒸镀方法"
18 "EP"
19 "LED外延片"
20 "外延片"
21 "外延"
22 "LED"
23 "二极管"
24 "掩膜"
25 "玻璃"
26 "通道"
27 "LED光源"
28 "塑料"
29 "腐蚀液"
30 "铝基板"
31 "基板"
32 "缓冲层"
33 "内量子效率"
34 "滤光片"
35 "光刻胶"
36 "填充区域"
37 "SiO2"
38 "半导体"
39 "Al2O3"
40 "GaAs"
41 "MQW"
42 "ESD"
43 "ITO"
44 "键合"
45 "光子晶体"
46 "太阳能"
47 "LED芯片"
48 "芯片"
49 "金属层"
50 "电流扩展层"
51 "去离子水"
52 "Li"
53 "离子"
54 "电极"
55 "接触层"
56 "电阻"
57 "基色"
58 "光子晶体谐振腔"
59 "丙酮"
60 "激光"
61 "粘附层"
62 "真空吸盘"
63 "MOCVD"
64 "标准芯片工艺制作"
65 "湿法刻蚀"
66 "干法刻蚀"
67 "湿法腐蚀"
68 "空穴"
69 "屏幕"
70 "透镜"
71 "透明导电层"
72 "反射层"
73 "发光层"
74 "甲基"
75 "激发光"
76 "电流阻挡层"
77 "衬底"
*Arcs
77 1 0.0
2 1 0.04
2 77 0.0
77 3 6.0E-4
4 3 0.53
77 4 2.0E-4
2 5 0.12
5 77 0.0
6 2 0.13
6 5 0.22
6 77 1.0E-4
2 7 0.22
7 5 0.33
7 77 0.0
8 2 0.21
8 5 0.2
8 6 0.54
8 77 3.0E-4
9 3 1.0
4 9 0.53
77 9 6.0E-4
10 1 0.12
2 10 0.04
10 3 0.5
10 4 0.27
6 10 0.1
7 10 0.1
10 9 0.5
10 77 0.0020
77 11 5.0E-4
2 12 0.11
6 12 0.14
7 12 0.14
8 12 0.13
10 12 0.18
77 12 3.0E-4
13 3 0.63
13 4 0.68
13 9 0.63
10 13 0.32
77 13 3.0E-4
8 14 0.27
12 14 0.5
77 14 2.0E-4
5 15 0.27
77 15 3.0E-4
2 16 0.26
16 5 0.24
6 16 0.06
16 7 0.68
16 10 0.08
16 12 0.11
16 77 0.0
8 17 0.38
77 17 4.0E-4
2 18 0.12
18 5 0.1
6 18 0.39
18 7 0.08
8 18 0.29
18 11 0.19
18 12 0.13
18 15 0.19
18 16 0.11
18 77 1.0E-4
19 1 0.12
2 19 0.04
6 19 0.1
7 19 0.1
19 10 0.75
19 12 0.18
16 19 0.08
19 77 0.0018
20 1 0.09
2 20 0.03
20 3 0.39
20 4 0.21
6 20 0.08
7 20 0.08
8 20 0.15
20 9 0.39
20 10 0.78
20 11 0.2
20 12 0.14
20 13 0.25
16 20 0.06
20 17 0.39
18 20 0.07
20 19 0.78
20 77 0.0032
21 1 0.08
2 21 0.05
21 3 0.32
21 4 0.17
6 21 0.13
7 21 0.07
8 21 0.25
21 9 0.32
21 10 0.65
21 11 0.32
21 12 0.23
21 13 0.21
21 14 0.23
21 15 0.16
16 21 0.05
21 17 0.32
18 21 0.06
21 19 0.65
21 20 0.83
21 77 0.0041
22 1 0.22
22 2 0.67
22 3 0.1
22 4 0.19
22 5 0.19
22 6 0.25
22 7 0.25
22 8 0.28
22 9 0.1
22 10 0.21
22 11 0.1
22 12 0.15
22 13 0.16
22 14 0.07
22 15 0.1
22 16 0.34
22 17 0.1
22 18 0.28
22 19 0.21
22 20 0.27
22 21 0.32
22 77 6.0E-4
23 1 0.14
23 2 0.32
23 3 0.14
23 4 0.23
23 5 0.23
23 6 0.23
23 7 0.35
23 8 0.33
23 9 0.14
23 10 0.25
23 11 0.14
23 12 0.1
23 13 0.18
23 14 0.1
23 15 0.14
23 16 0.39
23 17 0.14
23 18 0.22
23 19 0.22
23 20 0.31
23 21 0.37
23 22 0.72
23 77 8.0E-4
2 24 0.11
7 24 0.29
10 24 0.35
12 24 0.5
16 24 0.21
19 24 0.35
20 24 0.28
21 24 0.23
22 24 0.07
23 24 0.1
77 24 3.0E-4
25 2 0.27
25 3 0.27
25 4 0.29
25 6 0.11
25 8 0.1
25 9 0.27
25 10 0.14
25 11 0.14
25 13 0.34
25 16 0.08
25 18 0.21
25 20 0.16
25 21 0.13
25 22 0.38
25 23 0.27
25 77 1.0E-4
2 26 0.22
26 3 0.2
26 4 0.11
26 9 0.2
26 10 0.31
26 13 0.13
26 19 0.2
26 20 0.24
26 21 0.2
22 26 0.25
23 26 0.23
25 26 0.11
26 77 2.0E-4
27 1 0.07
27 2 0.36
27 3 0.29
27 4 0.15
27 5 0.08
27 6 0.24
27 7 0.06
27 8 0.16
27 9 0.29
27 10 0.14
27 13 0.18
27 16 0.09
27 18 0.22
27 20 0.11
27 21 0.09
27 22 0.36
27 23 0.29
27 25 0.24
27 26 0.18
27 77 1.0E-4
28 2 0.28
28 4 0.17
28 5 0.17
28 6 0.2
28 8 0.18
28 11 0.16
28 13 0.21
28 16 0.05
28 18 0.06
28 20 0.06
28 21 0.05
28 22 0.32
28 23 0.28
28 25 0.35
28 26 0.13
28 27 0.14
28 77 0.0
2 29 0.04
5 29 0.15
7 29 0.12
10 29 0.14
29 11 0.58
12 29 0.2
29 15 0.29
16 29 0.09
18 29 0.22
19 29 0.29
20 29 0.34
21 29 0.47
22 29 0.18
23 29 0.25
29 24 0.41
25 29 0.08
28 29 0.09
77 29 0.0013
30 2 0.3
30 6 0.17
30 8 0.08
30 11 0.21
30 12 0.15
30 16 0.13
30 18 0.16
30 20 0.08
30 21 0.07
30 22 0.24
30 23 0.24
30 25 0.12
30 26 0.26
30 27 0.18
30 28 0.35
30 29 0.12
30 77 0.0
2 31 0.27
6 31 0.1
7 31 0.31
16 31 0.23
21 31 0.08
22 31 0.21
23 31 0.14
26 31 0.2
27 31 0.07
77 31 0.0
32 1 0.12
6 32 0.1
8 32 0.19
32 10 0.63
32 17 0.5
32 19 0.75
32 20 0.78
32 21 0.65
22 32 0.21
23 32 0.22
32 26 0.2
32 77 0.0018
6 33 0.2
10 33 0.25
19 33 0.5
20 33 0.39
21 33 0.32
22 33 0.1
23 33 0.07
32 33 0.5
77 33 4.0E-4
1 34 0.15
34 3 0.63
34 4 0.68
34 9 0.63
10 34 0.32
34 13 0.6
20 34 0.25
21 34 0.21
22 34 0.16
23 34 0.23
25 34 0.26
26 34 0.13
27 34 0.27
28 34 0.1
77 34 3.0E-4
2 35 0.05
7 35 0.14
10 35 0.18
35 11 0.35
12 35 0.25
16 35 0.11
18 35 0.13
19 35 0.35
20 35 0.42
21 35 0.46
22 35 0.15
23 35 0.2
35 24 0.5
25 35 0.1
28 35 0.11
29 35 0.82
30 35 0.15
77 35 8.0E-4
11 36 0.71
18 36 0.27
20 36 0.28
21 36 0.23
22 36 0.07
23 36 0.1
25 36 0.19
28 36 0.23
29 36 0.41
30 36 0.3
35 36 0.5
77 36 3.0E-4
2 37 0.12
37 3 0.39
37 4 0.21
37 5 0.21
6 37 0.32
37 7 0.08
8 37 0.52
37 9 0.39
37 10 0.29
37 12 0.14
37 13 0.25
37 15 0.2
37 16 0.06
37 17 0.2
37 18 0.3
37 19 0.2
37 20 0.38
37 21 0.38
22 37 0.27
23 37 0.31
37 24 0.28
25 37 0.16
37 26 0.08
27 37 0.11
28 37 0.19
37 29 0.34
37 32 0.1
37 34 0.25
37 35 0.28
37 77 9.0E-4
38 1 0.05
38 2 0.29
38 3 0.21
38 4 0.17
38 5 0.22
38 6 0.34
38 7 0.17
38 8 0.43
38 9 0.21
38 10 0.42
38 11 0.21
38 12 0.15
38 13 0.2
38 14 0.15
38 15 0.21
38 16 0.19
38 17 0.21
38 18 0.28
38 19 0.42
38 20 0.53
38 21 0.64
38 22 0.5
38 23 0.55
38 24 0.15
38 25 0.23
38 26 0.17
38 27 0.3
38 28 0.24
38 29 0.36
38 30 0.27
38 31 0.1
38 32 0.42
38 33 0.21
38 34 0.13
38 35 0.29
38 36 0.15
38 37 0.41
38 77 0.0021
39 1 0.08
2 39 0.08
39 3 0.34
39 4 0.18
39 5 0.09
6 39 0.35
39 7 0.07
8 39 0.45
39 9 0.34
39 10 0.69
39 12 0.24
39 13 0.22
39 14 0.24
39 16 0.05
39 17 0.34
18 39 0.06
39 19 0.6
39 20 0.74
39 21 0.78
22 39 0.3
23 39 0.34
39 24 0.24
25 39 0.09
39 26 0.21
27 39 0.1
28 39 0.11
39 29 0.1
39 31 0.09
39 32 0.69
39 33 0.34
39 34 0.22
39 35 0.12
37 39 0.54
38 39 0.57
39 77 0.0026
2 40 0.04
40 3 0.47
40 4 0.25
6 40 0.1
8 40 0.18
40 9 0.47
10 40 0.24
40 11 0.47
40 13 0.3
15 40 0.24
40 17 0.24
18 40 0.09
20 40 0.37
21 40 0.69
22 40 0.22
23 40 0.27
25 40 0.19
26 40 0.1
27 40 0.14
28 40 0.08
29 40 0.41
30 40 0.1
40 31 0.12
32 40 0.12
40 34 0.3
40 35 0.33
40 36 0.33
37 40 0.37
38 40 0.44
39 40 0.4
77 40 0.0017
41 1 0.09
2 41 0.09
41 3 0.39
41 4 0.21
6 41 0.16
7 41 0.16
8 41 0.15
41 9 0.39
41 10 0.78
41 11 0.2
41 12 0.14
41 13 0.25
16 41 0.12
18 41 0.22
41 19 0.69
41 20 0.77
41 21 0.7
22 41 0.27
23 41 0.31
41 24 0.28
25 41 0.21
41 26 0.24
27 41 0.23
28 41 0.06
41 29 0.23
30 41 0.08
41 32 0.59
41 33 0.39
41 34 0.25
41 35 0.28
41 36 0.28
37 41 0.31
38 41 0.53
39 41 0.67
41 40 0.37
41 77 0.0021
42 10 0.47
42 19 0.63
42 20 0.5
42 21 0.41
22 42 0.16
23 42 0.14
42 26 0.26
42 32 0.63
42 33 0.32
38 42 0.26
39 42 0.43
42 41 0.5
42 77 7.0E-4
43 1 0.19
2 43 0.06
43 3 0.41
43 4 0.22
6 43 0.08
7 43 0.08
8 43 0.23
43 9 0.41
10 43 0.61
43 12 0.29
43 13 0.26
43 14 0.29
16 43 0.06
43 17 0.2
19 43 0.61
20 43 0.72
21 43 0.73
22 43 0.25
23 43 0.26
43 24 0.29
25 43 0.11
26 43 0.08
27 43 0.12
43 29 0.24
32 43 0.51
43 33 0.41
43 34 0.26
43 35 0.29
37 43 0.4
38 43 0.47
39 43 0.7
43 40 0.29
41 43 0.64
42 43 0.26
77 43 0.0022
2 44 0.04
44 4 0.14
6 44 0.22
8 44 0.2
44 11 0.27
44 12 0.19
44 13 0.17
44 17 0.27
18 44 0.1
20 44 0.1
21 44 0.35
22 44 0.19
23 44 0.19
25 44 0.07
28 44 0.09
44 29 0.15
30 44 0.11
44 31 0.13
32 44 0.13
44 34 0.17
37 44 0.21
38 44 0.28
39 44 0.28
44 40 0.5
41 44 0.1
43 44 0.11
77 44 4.0E-4
45 3 1.0
4 45 0.53
45 9 1.0
10 45 0.5
13 45 0.63
20 45 0.39
21 45 0.32
22 45 0.1
23 45 0.14
25 45 0.27
26 45 0.2
27 45 0.29
34 45 0.63
37 45 0.39
38 45 0.21
39 45 0.34
40 45 0.47
41 45 0.39
43 45 0.41
77 45 6.0E-4
2 46 0.14
4 46 0.12
6 46 0.09
10 46 0.11
16 46 0.07
19 46 0.11
20 46 0.09
21 46 0.07
22 46 0.23
23 46 0.13
25 46 0.12
26 46 0.09
32 46 0.11
38 46 0.05
39 46 0.08
41 46 0.09
42 46 0.14
77 46 0.0
47 1 0.07
2 47 0.19
47 5 0.25
6 47 0.31
47 7 0.13
8 47 0.17
47 10 0.39
47 11 0.15
47 12 0.22
47 15 0.15
47 16 0.09
18 47 0.29
47 19 0.54
47 20 0.48
47 21 0.45
22 47 0.34
23 47 0.33
47 24 0.22
25 47 0.08
47 26 0.31
27 47 0.18
28 47 0.1
47 29 0.36
30 47 0.26
47 31 0.23
47 32 0.39
47 33 0.15
47 35 0.33
47 36 0.22
37 47 0.24
38 47 0.51
39 47 0.42
47 40 0.15
47 41 0.54
47 42 0.39
47 43 0.31
47 44 0.25
47 46 0.07
47 77 0.0012
48 1 0.24
2 48 0.3
48 3 0.17
48 4 0.09
48 5 0.14
6 48 0.35
48 7 0.14
8 48 0.35
48 9 0.17
48 10 0.34
48 11 0.17
48 12 0.12
48 13 0.11
48 15 0.17
48 16 0.18
48 17 0.17
48 18 0.35
48 19 0.34
48 20 0.43
48 21 0.49
22 48 0.62
23 48 0.58
48 24 0.12
25 48 0.21
48 26 0.24
27 48 0.22
28 48 0.11
48 29 0.29
30 48 0.22
48 31 0.13
48 32 0.34
48 33 0.17
48 34 0.16
48 35 0.24
48 36 0.12
48 37 0.4
38 48 0.6
48 39 0.46
48 40 0.36
48 41 0.43
48 42 0.27
48 43 0.38
48 44 0.27
48 45 0.17
48 46 0.08
48 47 0.55
48 77 0.0013
2 49 0.05
49 3 0.63
4 49 0.34
8 49 0.24
49 9 0.63
10 49 0.32
12 49 0.22
13 49 0.4
49 14 0.45
19 49 0.16
20 49 0.37
21 49 0.51
22 49 0.16
23 49 0.23
25 49 0.17
26 49 0.13
27 49 0.18
29 49 0.18
34 49 0.4
35 49 0.22
37 49 0.5
38 49 0.33
39 49 0.43
40 49 0.45
41 49 0.37
43 49 0.65
44 49 0.17
49 45 0.63
47 49 0.1
48 49 0.21
77 49 9.0E-4
2 50 0.08
50 3 0.5
50 4 0.27
5 50 0.13
7 50 0.1
8 50 0.09
50 9 0.5
10 50 0.38
50 11 0.5
12 50 0.18
50 13 0.32
50 15 0.5
16 50 0.08
18 50 0.19
19 50 0.13
20 50 0.39
21 50 0.57
22 50 0.21
23 50 0.29
50 24 0.35
25 50 0.2
26 50 0.1
27 50 0.14
28 50 0.08
50 29 0.58
30 50 0.11
50 34 0.32
50 35 0.35
50 36 0.35
37 50 0.49
38 50 0.42
39 50 0.34
50 40 0.71
41 50 0.49
43 50 0.41
44 50 0.27
50 45 0.5
47 50 0.23
48 50 0.34
50 49 0.47
77 50 0.0017
2 51 0.05
51 5 0.17
8 51 0.12
51 15 0.32
51 18 0.36
51 21 0.1
22 51 0.16
23 51 0.14
51 29 0.37
51 35 0.22
51 37 0.25
38 51 0.2
51 40 0.15
51 47 0.1
51 48 0.21
51 50 0.16
51 77 2.0E-4
2 52 0.26
52 3 0.33
52 4 0.18
52 5 0.09
6 52 0.27
8 52 0.31
52 9 0.33
52 10 0.25
52 13 0.21
52 16 0.05
52 18 0.25
52 19 0.08
52 20 0.2
52 21 0.16
22 52 0.31
23 52 0.36
25 52 0.23
52 26 0.2
27 52 0.24
28 52 0.27
30 52 0.36
52 32 0.08
52 33 0.17
52 34 0.21
52 37 0.33
38 52 0.38
52 39 0.29
52 40 0.16
52 41 0.26
52 42 0.11
52 43 0.2
52 45 0.33
52 47 0.21
52 48 0.31
52 49 0.21
52 50 0.17
52 51 0.11
52 77 2.0E-4
53 1 0.15
2 53 0.13
53 3 0.32
53 4 0.17
53 5 0.09
6 53 0.13
8 53 0.18
53 9 0.32
53 10 0.16
53 11 0.32
53 13 0.21
53 15 0.16
53 16 0.1
53 18 0.49
53 20 0.19
53 21 0.26
22 53 0.32
23 53 0.26
25 53 0.35
53 26 0.07
27 53 0.19
28 53 0.05
53 29 0.37
30 53 0.07
53 34 0.21
53 35 0.23
53 36 0.23
53 37 0.32
38 53 0.34
53 39 0.11
53 40 0.38
53 41 0.25
53 43 0.13
53 44 0.09
53 45 0.32
53 47 0.15
53 48 0.33
53 49 0.21
53 50 0.41
53 51 0.51
53 52 0.27
53 77 5.0E-4
54 1 0.11
2 54 0.16
54 3 0.23
54 4 0.12
54 5 0.19
6 54 0.09
54 7 0.33
8 54 0.22
54 9 0.23
54 10 0.46
54 11 0.23
54 12 0.16
54 13 0.15
54 14 0.16
54 15 0.23
54 16 0.39
54 17 0.23
18 54 0.13
54 19 0.46
54 20 0.59
54 21 0.72
22 54 0.45
23 54 0.55
54 24 0.16
25 54 0.13
54 26 0.19
27 54 0.1
28 54 0.04
54 29 0.4
30 54 0.1
54 31 0.06
54 32 0.46
54 33 0.23
54 34 0.15
54 35 0.33
54 36 0.16
37 54 0.32
38 54 0.56
39 54 0.56
54 40 0.49
54 41 0.55
54 42 0.29
54 43 0.57
54 44 0.25
54 45 0.23
54 46 0.05
47 54 0.39
48 54 0.57
54 49 0.37
54 50 0.46
51 54 0.15
52 54 0.12
53 54 0.23
54 77 0.0024
55 1 0.13
2 55 0.04
6 55 0.11
7 55 0.11
55 10 0.8
55 12 0.19
16 55 0.08
55 19 0.94
55 20 0.73
55 21 0.61
22 55 0.19
23 55 0.19
55 24 0.38
55 26 0.22
55 29 0.15
55 32 0.8
55 33 0.53
55 35 0.19
37 55 0.1
38 55 0.39
39 55 0.64
55 41 0.73
55 42 0.68
55 43 0.55
55 46 0.12
47 55 0.49
48 55 0.32
55 50 0.13
52 55 0.09
54 55 0.43
55 77 0.0016
56 1 0.16
2 56 0.3
56 3 0.11
56 4 0.06
56 5 0.18
6 56 0.05
56 7 0.56
8 56 0.04
56 9 0.11
56 10 0.17
56 12 0.08
56 13 0.07
56 16 0.55
18 56 0.09
56 19 0.11
56 20 0.13
56 21 0.11
22 56 0.45
23 56 0.51
56 24 0.16
25 56 0.09
56 26 0.19
27 56 0.1
56 29 0.07
30 56 0.05
56 31 0.23
56 32 0.06
56 33 0.11
56 34 0.15
56 35 0.08
37 56 0.09
38 56 0.19
39 56 0.12
56 40 0.05
56 41 0.18
56 42 0.07
56 43 0.14
56 45 0.11
56 46 0.05
47 56 0.11
48 56 0.47
56 49 0.07
56 50 0.11
52 56 0.11
53 56 0.04
56 54 0.51
56 55 0.12
56 77 1.0E-4
2 57 0.04
6 57 0.24
8 57 0.22
57 18 0.22
57 21 0.09
22 57 0.18
23 57 0.08
25 57 0.16
27 57 0.08
28 57 0.09
57 31 0.14
57 37 0.23
38 57 0.12
57 39 0.1
57 40 0.14
57 41 0.11
57 44 0.15
57 47 0.18
57 48 0.15
57 51 0.18
57 52 0.19
57 53 0.19
57 54 0.07
57 77 0.0
58 3 1.0
4 58 0.53
58 9 1.0
10 58 0.5
13 58 0.63
20 58 0.39
21 58 0.32
22 58 0.1
23 58 0.14
25 58 0.27
26 58 0.2
27 58 0.29
34 58 0.63
37 58 0.39
38 58 0.21
39 58 0.34
40 58 0.47
41 58 0.39
43 58 0.41
58 45 1.0
48 58 0.17
49 58 0.63
50 58 0.5
52 58 0.33
53 58 0.32
54 58 0.23
56 58 0.11
77 58 6.0E-4
2 59 0.04
59 5 0.15
8 59 0.11
59 11 0.29
59 15 0.29
59 16 0.09
59 18 0.65
59 20 0.11
59 21 0.09
22 59 0.18
23 59 0.17
25 59 0.24
27 59 0.08
28 59 0.09
59 29 0.33
30 59 0.12
59 35 0.2
59 36 0.41
59 37 0.23
38 59 0.18
59 40 0.14
59 41 0.11
59 47 0.18
59 48 0.24
59 50 0.29
59 51 0.55
59 52 0.19
59 53 0.56
59 54 0.13
59 57 0.17
59 77 2.0E-4
60 1 0.09
60 2 0.12
60 3 0.38
60 4 0.4
60 6 0.23
60 7 0.08
60 8 0.21
60 9 0.38
60 10 0.38
60 12 0.27
60 13 0.36
60 14 0.27
60 16 0.06
60 19 0.19
60 20 0.3
60 21 0.43
60 22 0.28
60 23 0.24
60 24 0.27
60 25 0.21
60 26 0.08
60 27 0.16
60 28 0.18
60 29 0.11
60 30 0.08
60 31 0.09
60 32 0.09
60 33 0.19
60 34 0.36
60 35 0.13
60 37 0.3
60 38 0.39
60 39 0.45
60 40 0.36
60 41 0.37
60 43 0.46
60 44 0.2
60 45 0.38
60 47 0.12
60 48 0.26
60 49 0.48
60 50 0.38
60 52 0.19
60 53 0.12
60 54 0.31
60 55 0.2
60 56 0.17
60 57 0.11
60 58 0.38
60 77 8.0E-4
8 61 0.27
12 61 0.5
61 14 1.0
21 61 0.23
22 61 0.07
23 61 0.1
38 61 0.15
39 61 0.24
43 61 0.29
49 61 0.45
54 61 0.16
60 61 0.27
77 61 2.0E-4
62 11 0.71
21 62 0.23
22 62 0.07
23 62 0.1
29 62 0.41
38 62 0.15
40 62 0.33
44 62 0.38
48 62 0.12
50 62 0.35
53 62 0.23
54 62 0.16
77 62 2.0E-4
63 1 0.1
2 63 0.03
63 3 0.41
63 4 0.22
6 63 0.08
8 63 0.23
63 9 0.41
63 10 0.71
63 11 0.2
63 13 0.26
63 17 0.41
18 63 0.08
63 19 0.61
63 20 0.88
63 21 0.79
22 63 0.25
23 63 0.29
25 63 0.17
63 26 0.25
27 63 0.12
28 63 0.07
63 29 0.12
30 63 0.09
63 32 0.82
63 33 0.41
63 34 0.26
63 35 0.14
63 36 0.29
37 63 0.32
38 63 0.51
39 63 0.77
63 40 0.48
63 41 0.8
63 42 0.52
63 43 0.67
63 44 0.22
63 45 0.41
63 46 0.09
47 63 0.38
48 63 0.41
63 49 0.39
63 50 0.41
52 63 0.2
53 63 0.2
54 63 0.57
63 55 0.65
56 63 0.09
63 58 0.41
59 63 0.12
60 63 0.31
63 77 0.0026
64 1 0.15
6 64 0.13
64 10 0.63
64 19 0.79
64 20 0.62
64 21 0.51
22 64 0.16
23 64 0.14
64 26 0.13
64 32 0.79
64 33 0.63
38 64 0.33
39 64 0.54
64 41 0.62
64 42 0.6
64 43 0.52
47 64 0.39
48 64 0.27
52 64 0.11
54 64 0.37
64 55 0.85
56 64 0.07
60 64 0.12
64 63 0.65
64 77 0.0011
65 3 0.71
65 4 0.38
8 65 0.13
65 9 0.71
10 65 0.35
65 13 0.45
65 17 0.35
19 65 0.18
20 65 0.55
21 65 0.46
22 65 0.15
23 65 0.2
25 65 0.19
26 65 0.14
27 65 0.2
29 65 0.2
32 65 0.18
65 34 0.45
65 35 0.25
37 65 0.55
38 65 0.29
39 65 0.36
65 40 0.5
41 65 0.28
43 65 0.43
44 65 0.19
65 45 0.71
47 65 0.11
48 65 0.24
65 49 0.67
50 65 0.35
52 65 0.24
53 65 0.23
54 65 0.33
56 65 0.08
65 58 0.71
60 65 0.27
63 65 0.43
77 65 0.0011
66 3 0.63
66 4 0.34
6 66 0.13
8 66 0.24
66 9 0.63
10 66 0.32
66 13 0.4
66 17 0.63
20 66 0.5
21 66 0.51
22 66 0.16
23 66 0.18
25 66 0.17
26 66 0.13
27 66 0.18
66 31 0.16
32 66 0.32
66 34 0.4
37 66 0.37
38 66 0.33
39 66 0.54
66 40 0.6
41 66 0.25
43 66 0.39
44 66 0.34
66 45 0.63
47 66 0.1
48 66 0.27
66 49 0.4
50 66 0.32
52 66 0.21
53 66 0.21
54 66 0.37
56 66 0.07
57 66 0.18
66 58 0.63
60 66 0.36
63 66 0.52
66 65 0.67
77 66 0.0012
2 67 0.08
7 67 0.2
10 67 0.25
67 11 0.5
12 67 0.35
16 67 0.15
19 67 0.25
20 67 0.2
21 67 0.32
22 67 0.1
23 67 0.14
67 24 0.71
29 67 0.58
35 67 0.35
37 67 0.2
38 67 0.21
39 67 0.17
40 67 0.24
41 67 0.2
43 67 0.2
44 67 0.27
47 67 0.15
48 67 0.17
50 67 0.5
53 67 0.16
54 67 0.23
55 67 0.27
56 67 0.11
60 67 0.19
67 62 0.71
77 67 5.0E-4
68 1 0.13
2 68 0.17
6 68 0.11
7 68 0.11
10 68 0.4
16 68 0.16
18 68 0.1
19 68 0.4
20 68 0.31
21 68 0.26
22 68 0.19
23 68 0.23
26 68 0.11
27 68 0.08
28 68 0.26
30 68 0.34
32 68 0.4
68 33 0.27
38 68 0.39
39 68 0.28
41 68 0.42
42 68 0.17
68 43 0.33
47 68 0.25
48 68 0.18
52 68 0.36
54 68 0.25
55 68 0.43
56 68 0.12
60 68 0.1
63 68 0.33
64 68 0.51
77 68 3.0E-4
1 69 0.17
2 69 0.06
5 69 0.1
7 69 0.07
8 69 0.14
10 69 0.18
69 11 0.18
16 69 0.06
69 17 0.37
18 69 0.07
19 69 0.27
20 69 0.43
21 69 0.36
22 69 0.28
23 69 0.18
25 69 0.15
26 69 0.07
28 69 0.18
29 69 0.21
30 69 0.08
32 69 0.37
69 35 0.26
69 36 0.26
37 69 0.21
38 69 0.27
39 69 0.25
69 40 0.17
41 69 0.21
42 69 0.23
43 69 0.22
44 69 0.1
69 46 0.08
47 69 0.23
48 69 0.25
69 49 0.12
50 69 0.09
53 69 0.12
54 69 0.3
55 69 0.2
56 69 0.04
57 69 0.11
59 69 0.11
60 69 0.14
63 69 0.37
64 69 0.12
69 65 0.26
69 66 0.23
68 69 0.1
77 69 6.0E-4
70 2 0.25
70 3 0.18
70 4 0.28
70 5 0.19
70 6 0.29
70 8 0.33
70 9 0.18
70 10 0.09
70 13 0.22
70 18 0.07
70 20 0.07
70 21 0.06
70 22 0.29
70 23 0.28
70 25 0.14
70 26 0.14
70 27 0.26
70 28 0.23
70 30 0.23
70 31 0.09
70 34 0.22
70 37 0.21
70 38 0.26
70 39 0.18
70 40 0.08
70 41 0.07
70 43 0.07
70 45 0.18
70 47 0.22
70 48 0.18
70 49 0.11
70 50 0.09
70 51 0.11
70 52 0.29
70 53 0.11
70 54 0.04
70 58 0.18
70 59 0.1
70 60 0.27
70 63 0.07
70 65 0.13
70 66 0.11
70 77 0.0
8 71 0.27
12 71 0.5
71 14 1.0
21 71 0.23
22 71 0.07
23 71 0.1
38 71 0.15
39 71 0.24
43 71 0.29
49 71 0.45
54 71 0.16
60 71 0.27
71 61 1.0
77 71 2.0E-4
6 72 0.11
8 72 0.3
72 11 0.27
12 72 0.19
72 14 0.38
72 17 0.53
18 72 0.1
19 72 0.13
20 72 0.42
21 72 0.52
22 72 0.19
23 72 0.19
25 72 0.15
28 72 0.17
29 72 0.31
30 72 0.11
72 31 0.13
32 72 0.27
72 35 0.38
72 36 0.38
37 72 0.31
38 72 0.33
39 72 0.37
72 40 0.38
41 72 0.1
43 72 0.33
44 72 0.29
47 72 0.25
48 72 0.23
72 49 0.34
50 72 0.13
53 72 0.09
54 72 0.37
57 72 0.31
59 72 0.15
60 72 0.2
72 61 0.38
63 72 0.33
72 65 0.38
72 66 0.51
72 69 0.49
72 71 0.38
77 72 0.0012
73 1 0.13
5 73 0.14
8 73 0.2
10 73 0.13
73 11 0.53
73 15 0.53
73 17 0.53
18 73 0.2
19 73 0.13
20 73 0.42
21 73 0.52
22 73 0.19
23 73 0.27
25 73 0.07
28 73 0.09
73 29 0.46
30 73 0.11
32 73 0.4
73 35 0.19
73 36 0.38
37 73 0.21
38 73 0.39
39 73 0.28
73 40 0.5
41 73 0.21
73 43 0.22
73 44 0.29
47 73 0.25
48 73 0.32
73 50 0.53
51 73 0.17
53 73 0.26
54 73 0.43
55 73 0.14
59 73 0.31
73 62 0.38
63 73 0.44
64 73 0.17
73 65 0.19
73 66 0.34
73 67 0.27
73 68 0.14
73 69 0.29
73 72 0.43
77 73 0.0016
74 1 0.1
2 74 0.06
74 5 0.22
6 74 0.33
8 74 0.23
74 10 0.41
16 74 0.06
18 74 0.23
74 19 0.51
74 20 0.4
74 21 0.33
22 74 0.25
23 74 0.23
25 74 0.11
74 26 0.08
27 74 0.12
28 74 0.13
74 32 0.51
74 33 0.41
37 74 0.16
38 74 0.38
39 74 0.49
74 41 0.4
74 42 0.39
74 43 0.33
74 46 0.09
47 74 0.38
48 74 0.38
51 74 0.26
52 74 0.27
53 74 0.26
54 74 0.24
74 55 0.55
56 74 0.05
59 74 0.35
60 74 0.08
74 63 0.42
74 64 0.52
74 68 0.33
74 69 0.15
70 74 0.29
74 73 0.11
74 77 6.0E-4
2 75 0.07
75 3 0.47
75 4 0.5
75 5 0.13
6 75 0.38
8 75 0.45
75 9 0.47
75 10 0.24
75 13 0.45
75 18 0.27
75 20 0.18
75 21 0.15
22 75 0.22
23 75 0.27
25 75 0.26
75 26 0.1
27 75 0.2
28 75 0.23
75 34 0.6
75 37 0.55
38 75 0.25
75 39 0.32
75 40 0.22
75 41 0.28
75 43 0.19
75 44 0.13
75 45 0.47
75 47 0.15
75 48 0.28
75 49 0.3
75 50 0.24
75 51 0.15
75 52 0.47
75 53 0.38
75 54 0.11
75 56 0.05
75 57 0.27
75 58 0.47
75 59 0.14
60 75 0.27
75 63 0.19
75 65 0.33
75 66 0.3
70 75 0.33
75 74 0.19
75 77 2.0E-4
8 76 0.19
15 76 0.5
76 17 0.5
20 76 0.2
21 76 0.32
22 76 0.1
23 76 0.14
32 76 0.25
37 76 0.2
38 76 0.21
39 76 0.17
76 40 0.47
44 76 0.27
48 76 0.17
50 76 0.25
54 76 0.23
63 76 0.2
76 65 0.35
76 66 0.32
76 69 0.18
76 72 0.27
73 76 0.53
77 76 4.0E-4
