*Vertices  12
1 "电容"
2 "控制器"
3 "LED"
4 "二极管"
5 "三极管"
6 "转换器"
7 "芯片"
8 "继电器"
9 "电极"
10 "电阻"
11 "光电耦合器"
12 "触发脉冲"
*Arcs
1 12 0.0122
1 2 0.15
2 12 0.0129
3 1 0.36
3 2 0.3
3 12 0.0021
4 1 0.39
4 2 0.15
4 3 0.72
4 12 0.0036
5 1 0.61
5 2 0.11
3 5 0.32
4 5 0.42
5 12 0.0143
1 6 0.25
6 2 0.22
3 6 0.24
4 6 0.21
5 6 0.14
6 12 0.0169
7 1 0.37
7 2 0.23
3 7 0.62
4 7 0.58
7 5 0.33
7 6 0.25
7 12 0.0040
1 8 0.37
8 2 0.11
3 8 0.16
4 8 0.18
5 8 0.31
8 6 0.13
7 8 0.16
8 12 0.0355
1 9 0.37
9 2 0.12
3 9 0.45
4 9 0.55
5 9 0.6
9 6 0.1
7 9 0.57
9 8 0.22
9 12 0.0076
10 1 0.73
10 2 0.16
3 10 0.45
4 10 0.51
10 5 0.71
10 6 0.29
7 10 0.47
10 8 0.36
10 9 0.51
10 12 0.0090
1 11 0.29
2 11 0.34
3 11 0.1
4 11 0.14
5 11 0.32
6 11 0.21
7 11 0.08
8 11 0.32
9 11 0.23
10 11 0.23
11 12 0.0768
