*Vertices  17
1 "LCD显示屏"
2 "传感器"
3 "控制器"
4 "处理器"
5 "开关"
6 "定时器"
7 "LED"
8 "液晶显示模块"
9 "二极管"
10 "稳压二极管"
11 "转换器"
12 "锂电池"
13 "芯片"
14 "存储器"
15 "电阻"
16 "信息卡"
17 "读取器"
*Arcs
1 17 0.0088
1 2 0.13
2 17 0.0035
1 3 0.24
3 2 0.19
3 17 0.0058
4 1 0.09
4 2 0.36
4 3 0.44
4 17 0.0054
5 1 0.14
5 2 0.19
5 3 0.23
4 5 0.21
5 17 0.0024
1 6 0.19
2 6 0.12
3 6 0.28
4 6 0.15
5 6 0.24
6 17 0.0207
7 1 0.22
7 2 0.37
7 3 0.3
7 4 0.28
7 5 0.54
7 6 0.13
7 17 0.0012
1 8 0.67
2 8 0.1
3 8 0.36
4 8 0.13
5 8 0.14
6 8 0.29
7 8 0.15
8 17 0.0177
9 1 0.14
9 2 0.2
9 3 0.15
9 4 0.08
9 5 0.46
9 6 0.12
9 7 0.72
9 8 0.1
9 17 0.0015
1 10 0.13
2 10 0.08
3 10 0.18
4 10 0.1
5 10 0.21
10 6 0.22
7 10 0.19
10 8 0.19
9 10 0.27
10 17 0.0099
11 1 0.2
11 2 0.3
11 3 0.22
4 11 0.16
5 11 0.25
11 6 0.17
7 11 0.24
11 8 0.15
9 11 0.21
11 10 0.11
11 17 0.0068
12 1 0.15
12 2 0.18
12 3 0.22
4 12 0.23
5 12 0.12
12 6 0.26
7 12 0.16
12 8 0.22
9 12 0.18
12 10 0.17
12 11 0.13
12 17 0.0135
13 1 0.24
13 2 0.17
13 3 0.23
4 13 0.12
13 5 0.28
13 6 0.07
7 13 0.62
13 8 0.24
9 13 0.58
13 10 0.14
13 11 0.25
13 12 0.21
13 17 0.0018
1 14 0.22
14 2 0.33
14 3 0.16
4 14 0.34
5 14 0.23
14 6 0.19
7 14 0.22
14 8 0.33
9 14 0.17
14 10 0.13
11 14 0.4
12 14 0.15
13 14 0.16
14 17 0.0085
15 1 0.16
15 2 0.16
15 3 0.16
4 15 0.08
5 15 0.46
15 6 0.09
7 15 0.45
15 8 0.16
9 15 0.51
15 10 0.43
15 11 0.29
15 12 0.29
13 15 0.47
15 14 0.22
15 17 0.0029
1 16 0.24
2 16 0.14
3 16 0.17
4 16 0.18
5 16 0.1
6 16 0.41
7 16 0.1
8 16 0.35
9 16 0.14
10 16 0.27
11 16 0.21
12 16 0.32
13 16 0.08
14 16 0.24
15 16 0.11
16 17 0.0301
