*Vertices  23
1 "LED灯"
2 "电容"
3 "开关"
4 "模数转换集成块"
5 "LED"
6 "二极管"
7 "三极管"
8 "接收管"
9 "转换器"
10 "放大器"
11 "半导体"
12 "充电电池"
13 "芯片"
14 "充电器"
15 "存储器"
16 "电感"
17 "电极"
18 "电阻"
19 "脉冲信号"
20 "检测仪"
21 "扬声器"
22 "提示仪"
23 "超声波"
*Arcs
1 23 7.0E-4
1 2 0.29
2 23 0.0022
1 3 0.37
3 2 0.42
3 23 0.0014
1 4 0.11
2 4 0.2
3 4 0.14
23 4 0.0305
5 1 0.67
5 2 0.36
5 3 0.54
5 4 0.07
5 23 6.0E-4
6 1 0.32
6 2 0.39
6 3 0.46
6 4 0.1
6 5 0.72
6 23 8.0E-4
1 7 0.2
7 2 0.61
3 7 0.37
7 4 0.23
5 7 0.32
6 7 0.42
7 23 0.0031
1 8 0.13
2 8 0.24
3 8 0.24
8 4 0.58
5 8 0.13
6 8 0.18
7 8 0.4
23 8 0.0121
1 9 0.1
2 9 0.25
3 9 0.25
9 4 0.3
5 9 0.24
6 9 0.21
7 9 0.14
9 8 0.17
9 23 0.0038
1 10 0.09
2 10 0.33
3 10 0.11
10 4 0.41
5 10 0.18
6 10 0.17
7 10 0.28
10 8 0.24
10 9 0.25
10 23 0.0066
11 1 0.29
11 2 0.15
11 3 0.14
11 4 0.15
11 5 0.5
11 6 0.55
11 7 0.1
11 8 0.09
11 9 0.13
11 10 0.12
11 23 0.0010
1 12 0.11
2 12 0.2
3 12 0.2
12 4 0.5
5 12 0.15
6 12 0.1
7 12 0.23
12 8 0.29
9 12 0.15
10 12 0.2
11 12 0.07
12 23 0.0091
1 13 0.3
13 2 0.37
13 3 0.28
13 4 0.12
5 13 0.62
6 13 0.58
13 7 0.33
13 8 0.21
13 9 0.25
13 10 0.29
11 13 0.6
13 12 0.12
13 23 0.0011
1 14 0.04
2 14 0.17
3 14 0.06
14 4 0.41
5 14 0.18
6 14 0.21
7 14 0.47
14 8 0.24
14 9 0.12
14 10 0.17
11 14 0.06
14 12 0.41
13 14 0.1
14 23 0.0064
1 15 0.04
2 15 0.07
3 15 0.23
15 4 0.33
5 15 0.22
6 15 0.17
7 15 0.15
15 8 0.38
9 15 0.4
10 15 0.27
11 15 0.1
15 12 0.17
13 15 0.16
14 15 0.14
15 23 0.0047
1 16 0.25
2 16 0.54
3 16 0.36
16 4 0.38
5 16 0.19
6 16 0.23
7 16 0.43
16 8 0.22
16 9 0.23
10 16 0.31
11 16 0.22
16 12 0.19
13 16 0.18
14 16 0.15
16 15 0.13
16 23 0.0057
1 17 0.16
2 17 0.37
3 17 0.2
17 4 0.16
5 17 0.45
6 17 0.55
7 17 0.6
17 8 0.19
17 9 0.1
17 10 0.2
11 17 0.56
17 12 0.08
13 17 0.57
17 14 0.34
17 15 0.05
17 16 0.31
17 23 0.0015
1 18 0.3
18 2 0.73
3 18 0.46
18 4 0.16
5 18 0.45
6 18 0.51
18 7 0.71
18 8 0.28
18 9 0.29
18 10 0.26
11 18 0.19
18 12 0.16
13 18 0.47
18 14 0.33
18 15 0.22
18 16 0.43
18 17 0.51
18 23 0.0018
1 19 0.11
2 19 0.1
3 19 0.14
19 4 0.5
5 19 0.15
6 19 0.15
7 19 0.23
19 8 0.29
9 19 0.15
10 19 0.2
11 19 0.07
12 19 0.25
13 19 0.18
14 19 0.2
15 19 0.17
16 19 0.19
17 19 0.16
18 19 0.16
19 23 0.0088
1 20 0.05
2 20 0.1
3 20 0.07
20 4 0.5
5 20 0.15
6 20 0.05
7 20 0.11
20 8 0.29
9 20 0.3
10 20 0.41
11 20 0.15
12 20 0.25
13 20 0.12
14 20 0.2
15 20 0.5
16 20 0.19
17 20 0.08
18 20 0.16
19 20 0.25
20 23 0.0093
1 21 0.11
21 2 0.1
21 3 0.27
21 4 0.5
5 21 0.15
6 21 0.1
21 7 0.11
21 8 0.29
21 9 0.15
21 10 0.2
11 21 0.07
21 12 0.25
13 21 0.12
21 14 0.2
21 15 0.17
21 16 0.19
21 17 0.08
21 18 0.08
21 19 0.25
21 20 0.25
21 23 0.0086
1 22 0.11
2 22 0.2
3 22 0.14
22 4 1.0
5 22 0.07
6 22 0.1
7 22 0.23
22 8 0.58
9 22 0.3
10 22 0.41
11 22 0.15
12 22 0.5
13 22 0.12
14 22 0.41
15 22 0.33
16 22 0.38
17 22 0.16
18 22 0.16
19 22 0.5
20 22 0.5
21 22 0.5
22 23 0.0305
