*Vertices  13
1 "LED灯"
2 "LED"
3 "二极管"
4 "通道"
5 "铝基板"
6 "基座"
7 "散热片"
8 "LED照明设备"
9 "LED芯片"
10 "芯片"
11 "Li"
12 "透镜"
13 "转动轴"
*Arcs
1 13 0.0031
2 1 0.67
2 13 0.0018
3 1 0.32
3 2 0.72
3 13 0.0025
1 4 0.22
2 4 0.25
3 4 0.23
4 13 0.0139
5 1 0.3
5 2 0.24
5 3 0.24
5 4 0.26
5 13 0.0141
1 6 0.22
2 6 0.15
3 6 0.15
4 6 0.43
5 6 0.3
13 6 0.0349
1 7 0.43
2 7 0.3
3 7 0.22
7 4 0.35
5 7 0.29
7 6 0.24
7 13 0.0094
1 8 0.13
2 8 0.13
3 8 0.12
4 8 0.17
5 8 0.17
8 6 0.29
7 8 0.14
8 13 0.041
1 9 0.19
2 9 0.34
3 9 0.33
9 4 0.31
5 9 0.26
9 6 0.33
9 7 0.26
9 8 0.13
9 13 0.0085
1 10 0.3
2 10 0.62
3 10 0.58
10 4 0.24
5 10 0.22
10 6 0.18
10 7 0.17
10 8 0.07
10 9 0.55
10 13 0.0030
1 11 0.26
2 11 0.31
3 11 0.36
11 4 0.2
5 11 0.36
11 6 0.24
11 7 0.17
11 8 0.14
11 9 0.21
11 10 0.31
11 13 0.0095
12 1 0.25
12 2 0.29
12 3 0.28
12 4 0.14
12 5 0.23
12 6 0.25
12 7 0.3
12 8 0.14
12 9 0.22
12 10 0.18
12 11 0.29
12 13 0.01
