*Vertices  85
1 "LED显示屏"
2 "LCD显示屏"
3 "显示器"
4 "LED灯"
5 "光纤"
6 "探头"
7 "电容"
8 "传感器"
9 "控制器"
10 "处理器"
11 "单片机"
12 "荧光粉"
13 "开关"
14 "发光荧光材料"
15 "塑料光转换荧光粒料"
16 "助剂"
17 "触发脉冲"
18 "PD"
19 "聚合物树脂"
20 "模数转换集成块"
21 "变压器"
22 "定时器"
23 "Zigbee"
24 "光纤耦合"
25 "EP"
26 "LED"
27 "液晶显示模块"
28 "二极管"
29 "稳压二极管"
30 "三极管"
31 "模糊增强算法"
32 "玻璃"
33 "接收管"
34 "塑料"
35 "光电转换器件"
36 "晶体振荡器"
37 "探针"
38 "IP软核"
39 "滤光片"
40 "发电机"
41 "SiO2"
42 "放大器"
43 "半导体"
44 "Al2O3"
45 "ESD"
46 "键合"
47 "燃气涡轮"
48 "客户"
49 "充电电池"
50 "锂电池"
51 "光电池"
52 "芯片"
53 "继电器"
54 "充电器"
55 "存储器"
56 "酸盐"
57 "硬脂酰胺"
58 "Li"
59 "液体石蜡"
60 "电感"
61 "灰度"
62 "离子"
63 "电极"
64 "边缘检测"
65 "电阻"
66 "发射模块"
67 "脉冲信号"
68 "激光"
69 "超声波"
70 "检测仪"
71 "检测板"
72 "光电耦合器"
73 "屏幕"
74 "读取器"
75 "透镜"
76 "甲基"
77 "信息卡"
78 "VGA"
79 "扬声器"
80 "聚光帽"
81 "激发光"
82 "提示仪"
83 "DMA"
84 "插座"
85 "转换器"
*Arcs
85 1 1.0E-4
2 1 0.21
85 2 3.0E-4
3 1 0.08
3 2 0.33
3 85 3.0E-4
4 1 0.03
4 2 0.04
4 3 0.08
4 85 2.0E-4
85 5 5.0E-4
4 6 0.05
6 5 0.38
85 6 2.0E-4
4 7 0.29
7 85 7.0E-4
2 8 0.13
3 8 0.25
4 8 0.13
8 5 0.23
8 6 0.2
7 8 0.08
85 8 0.0010
9 1 0.23
2 9 0.24
3 9 0.24
4 9 0.11
9 5 0.09
9 6 0.12
7 9 0.15
9 8 0.19
85 9 6.0E-4
10 1 0.16
10 2 0.09
10 3 0.26
10 4 0.14
10 5 0.1
10 6 0.26
10 7 0.05
10 8 0.36
10 9 0.44
10 85 4.0E-4
11 1 0.07
11 2 0.08
3 11 0.52
4 11 0.13
11 7 0.19
11 8 0.28
11 9 0.17
10 11 0.24
11 85 3.0E-4
12 1 0.09
12 3 0.14
12 4 0.13
12 9 0.07
12 10 0.07
12 11 0.07
12 85 1.0E-4
13 1 0.04
13 2 0.14
3 13 0.07
4 13 0.37
13 7 0.42
13 8 0.19
13 9 0.23
10 13 0.21
13 11 0.19
12 13 0.08
13 85 8.0E-4
14 3 0.13
14 4 0.21
14 10 0.07
14 11 0.06
14 12 0.54
14 13 0.07
14 85 1.0E-4
3 15 0.25
4 15 0.11
12 15 0.29
13 15 0.14
14 15 0.27
85 15 7.0E-4
3 16 0.18
4 16 0.08
12 16 0.41
13 16 0.1
14 16 0.38
16 15 0.71
85 16 4.0E-4
7 17 0.2
9 17 0.24
85 17 4.0E-4
3 18 0.11
18 5 0.68
18 6 0.22
18 8 0.27
10 18 0.12
85 18 7.0E-4
3 19 0.25
4 19 0.11
12 19 0.29
13 19 0.14
14 19 0.27
19 15 1.0
19 16 0.71
85 19 7.0E-4
4 20 0.11
7 20 0.2
13 20 0.14
85 20 8.0E-4
21 1 0.07
3 21 0.11
4 21 0.26
7 21 0.52
21 8 0.04
21 9 0.1
11 21 0.05
12 21 0.06
13 21 0.29
21 85 1.0E-4
2 22 0.19
4 22 0.06
8 22 0.12
9 22 0.28
10 22 0.15
13 22 0.24
85 22 2.0E-4
7 23 0.2
8 23 0.2
11 23 0.23
13 23 0.14
85 23 6.0E-4
5 24 0.53
8 24 0.14
18 24 0.32
85 24 4.0E-4
3 25 0.07
4 25 0.12
25 7 0.11
25 9 0.06
10 25 0.14
25 11 0.06
12 25 0.39
25 13 0.11
14 25 0.29
25 21 0.11
25 85 1.0E-4
26 1 0.23
26 2 0.22
26 3 0.29
26 4 0.67
26 5 0.19
26 6 0.15
26 7 0.36
26 8 0.37
26 9 0.3
26 10 0.28
26 11 0.32
26 12 0.25
26 13 0.54
26 14 0.28
26 15 0.07
26 16 0.1
26 17 0.07
26 18 0.16
26 19 0.07
26 20 0.07
26 21 0.34
26 22 0.13
26 23 0.07
26 24 0.1
26 25 0.28
26 85 9.0E-4
2 27 0.67
3 27 0.38
8 27 0.1
9 27 0.36
10 27 0.13
11 27 0.11
13 27 0.14
22 27 0.29
26 27 0.15
85 27 2.0E-4
28 1 0.06
28 2 0.14
28 3 0.15
28 4 0.32
28 5 0.23
28 6 0.05
28 7 0.39
28 8 0.2
28 9 0.15
28 10 0.08
28 11 0.16
28 12 0.23
28 13 0.46
28 14 0.33
28 15 0.1
28 16 0.14
28 17 0.1
28 18 0.18
28 19 0.1
28 20 0.1
28 21 0.39
28 22 0.12
28 23 0.1
28 24 0.14
28 25 0.22
28 26 0.72
28 27 0.1
28 85 7.0E-4
2 29 0.13
4 29 0.21
7 29 0.46
8 29 0.08
9 29 0.18
10 29 0.1
13 29 0.21
21 29 0.48
29 22 0.22
25 29 0.1
26 29 0.19
29 27 0.19
28 29 0.27
85 29 2.0E-4
30 2 0.08
3 30 0.06
4 30 0.2
30 7 0.61
30 8 0.05
30 9 0.11
11 30 0.16
13 30 0.37
14 30 0.06
30 17 0.23
30 20 0.23
30 21 0.49
25 30 0.06
26 30 0.32
30 27 0.11
28 30 0.42
30 29 0.26
30 85 4.0E-4
31 9 0.24
10 31 0.26
13 31 0.14
25 31 0.27
26 31 0.07
85 31 0.0010
32 1 0.18
32 3 0.19
32 4 0.27
32 5 0.29
32 6 0.1
32 7 0.08
32 8 0.12
32 10 0.15
32 11 0.22
32 12 0.11
32 13 0.18
32 14 0.1
32 18 0.34
32 21 0.08
32 24 0.14
32 25 0.21
32 26 0.38
32 28 0.27
32 30 0.09
32 85 2.0E-4
2 33 0.19
3 33 0.14
4 33 0.13
7 33 0.24
8 33 0.12
11 33 0.13
13 33 0.24
33 20 0.58
26 33 0.13
33 27 0.29
28 33 0.18
30 33 0.4
32 33 0.11
85 33 4.0E-4
34 1 0.07
34 3 0.17
34 4 0.28
34 5 0.17
34 6 0.11
34 8 0.18
34 9 0.17
34 10 0.12
34 11 0.05
34 12 0.2
34 13 0.16
34 14 0.18
34 15 0.23
34 16 0.32
34 18 0.21
34 19 0.23
34 21 0.05
34 22 0.13
34 24 0.16
34 25 0.06
34 26 0.32
34 28 0.28
34 32 0.35
34 85 4.0E-4
35 5 0.53
35 6 0.35
35 8 0.28
35 18 0.63
35 24 0.5
26 35 0.1
28 35 0.14
32 35 0.27
34 35 0.32
85 35 0.0012
4 36 0.06
36 7 0.24
36 8 0.12
36 9 0.14
10 36 0.15
11 36 0.26
13 36 0.24
36 23 0.58
25 36 0.15
26 36 0.13
28 36 0.06
36 30 0.13
36 31 0.58
32 36 0.11
36 85 0.0013
37 5 0.27
37 6 0.35
37 8 0.14
37 18 0.32
26 37 0.1
28 37 0.14
32 37 0.14
34 37 0.16
37 35 0.5
85 37 3.0E-4
38 9 0.24
10 38 0.26
13 38 0.14
25 38 0.27
26 38 0.07
38 31 1.0
36 38 0.58
85 38 0.0010
2 39 0.15
3 39 0.11
39 5 0.68
39 6 0.22
39 8 0.09
11 39 0.1
13 39 0.06
39 18 0.6
39 24 0.32
26 39 0.16
39 27 0.22
28 39 0.23
30 39 0.1
32 39 0.26
39 33 0.26
34 39 0.1
39 35 0.32
39 37 0.32
85 39 2.0E-4
1 40 0.16
3 40 0.13
4 40 0.11
8 40 0.1
9 40 0.12
11 40 0.11
12 40 0.14
13 40 0.14
21 40 0.21
26 40 0.15
28 40 0.1
85 40 2.0E-4
41 1 0.09
3 41 0.07
4 41 0.12
41 5 0.21
12 41 0.32
41 13 0.04
14 41 0.52
41 15 0.28
41 16 0.39
41 18 0.25
41 19 0.28
41 21 0.06
41 25 0.3
26 41 0.27
28 41 0.31
32 41 0.16
34 41 0.19
41 39 0.25
41 85 1.0E-4
42 1 0.13
3 42 0.2
4 42 0.09
7 42 0.33
42 8 0.08
42 9 0.1
10 42 0.11
11 42 0.28
13 42 0.11
42 20 0.41
21 42 0.26
26 42 0.18
28 42 0.17
42 29 0.15
30 42 0.28
42 33 0.24
42 40 0.2
42 85 6.0E-4
43 1 0.05
43 2 0.05
43 3 0.11
43 4 0.29
43 5 0.17
43 6 0.07
43 7 0.15
43 8 0.06
43 10 0.08
43 11 0.03
43 12 0.34
43 13 0.14
43 14 0.43
43 15 0.15
43 16 0.1
43 18 0.2
43 19 0.15
43 20 0.15
43 21 0.19
43 24 0.1
43 25 0.28
43 26 0.5
43 28 0.55
43 29 0.06
43 30 0.1
43 32 0.23
43 33 0.09
43 34 0.24
43 35 0.1
43 37 0.1
43 39 0.13
43 41 0.41
43 42 0.12
43 85 3.0E-4
44 2 0.08
3 44 0.06
4 44 0.08
44 5 0.18
12 44 0.35
44 13 0.03
14 44 0.45
44 15 0.24
44 16 0.34
44 18 0.22
44 19 0.24
44 21 0.05
25 44 0.06
26 44 0.3
28 44 0.34
32 44 0.09
34 44 0.11
44 39 0.22
41 44 0.54
43 44 0.57
44 85 1.0E-4
7 45 0.09
45 8 0.09
11 45 0.1
13 45 0.06
45 23 0.45
26 45 0.16
28 45 0.14
36 45 0.26
43 45 0.26
44 45 0.43
85 45 2.0E-4
4 46 0.04
46 5 0.14
46 6 0.19
7 46 0.08
46 8 0.08
11 46 0.09
12 46 0.22
14 46 0.2
46 18 0.17
25 46 0.1
26 46 0.19
28 46 0.19
32 46 0.07
34 46 0.09
46 35 0.27
46 37 0.27
46 39 0.17
41 46 0.21
42 46 0.15
43 46 0.28
44 46 0.28
85 46 1.0E-4
3 47 0.25
8 47 0.2
11 47 0.23
21 47 0.21
26 47 0.07
40 47 0.5
42 47 0.41
85 47 5.0E-4
48 2 0.14
3 48 0.2
4 48 0.22
48 6 0.2
7 48 0.17
48 8 0.24
10 48 0.21
12 48 0.12
13 48 0.17
14 48 0.11
48 15 0.41
48 16 0.29
48 19 0.41
25 48 0.11
26 48 0.18
28 48 0.08
30 48 0.09
32 48 0.08
48 33 0.24
34 48 0.09
41 48 0.11
43 48 0.12
44 48 0.1
85 48 2.0E-4
4 49 0.11
5 49 0.19
6 49 0.25
7 49 0.2
9 49 0.12
10 49 0.13
13 49 0.2
49 20 0.5
49 22 0.29
26 49 0.15
28 49 0.1
30 49 0.23
49 33 0.29
42 49 0.2
43 49 0.07
85 49 3.0E-4
50 2 0.15
4 50 0.1
50 7 0.18
50 8 0.18
50 9 0.22
10 50 0.23
11 50 0.1
13 50 0.12
50 21 0.1
50 22 0.26
26 50 0.16
50 27 0.22
28 50 0.18
50 29 0.17
50 30 0.31
32 50 0.09
50 36 0.26
50 85 2.0E-4
51 5 0.38
51 6 0.5
51 8 0.3
10 51 0.13
51 18 0.45
51 24 0.35
26 51 0.15
28 51 0.15
32 51 0.19
34 51 0.23
51 35 0.71
51 37 0.35
51 39 0.22
43 51 0.15
46 51 0.19
48 51 0.2
85 51 8.0E-4
52 1 0.08
52 2 0.24
3 52 0.27
4 52 0.3
52 5 0.09
52 7 0.37
52 8 0.17
52 9 0.23
10 52 0.12
52 11 0.33
12 52 0.35
52 13 0.28
14 52 0.35
52 15 0.12
52 16 0.17
52 17 0.12
52 18 0.11
52 19 0.12
52 20 0.12
52 21 0.18
52 22 0.07
52 23 0.12
52 25 0.35
26 52 0.62
52 27 0.24
28 52 0.58
52 29 0.14
52 30 0.33
32 52 0.21
52 33 0.21
34 52 0.11
52 36 0.14
52 37 0.08
52 39 0.16
52 40 0.06
52 41 0.4
52 42 0.29
43 52 0.6
52 44 0.46
52 45 0.27
52 46 0.27
52 47 0.12
52 48 0.1
52 49 0.12
52 50 0.21
52 85 8.0E-4
53 2 0.15
4 53 0.05
7 53 0.37
53 8 0.09
53 9 0.11
10 53 0.12
13 53 0.24
53 17 0.45
21 53 0.19
25 53 0.12
26 53 0.16
28 53 0.18
30 53 0.31
53 48 0.18
52 53 0.16
53 85 2.0E-4
4 54 0.04
54 5 0.15
54 6 0.2
7 54 0.17
54 9 0.1
10 54 0.11
13 54 0.06
54 20 0.41
54 21 0.26
26 54 0.18
28 54 0.21
30 54 0.47
54 33 0.24
54 42 0.17
43 54 0.06
54 49 0.41
50 54 0.37
52 54 0.1
54 85 2.0E-4
2 55 0.22
3 55 0.25
4 55 0.04
55 6 0.17
7 55 0.07
55 8 0.33
55 9 0.16
10 55 0.34
11 55 0.15
13 55 0.23
55 18 0.15
55 20 0.33
21 55 0.07
55 22 0.19
25 55 0.09
26 55 0.22
55 27 0.33
28 55 0.17
55 29 0.13
30 55 0.15
55 31 0.33
55 33 0.38
36 55 0.19
55 38 0.33
55 39 0.15
55 40 0.17
42 55 0.27
43 55 0.1
55 47 0.33
48 55 0.14
55 49 0.17
50 55 0.15
55 51 0.17
52 55 0.16
54 55 0.14
85 55 0.0017
3 56 0.17
4 56 0.11
12 56 0.48
56 13 0.05
14 56 0.53
56 15 0.33
56 16 0.47
56 19 0.33
56 21 0.07
56 25 0.45
26 56 0.22
28 56 0.24
32 56 0.19
34 56 0.15
56 41 0.37
43 56 0.29
56 44 0.24
56 48 0.14
56 52 0.36
56 85 1.0E-4
3 57 0.25
4 57 0.11
12 57 0.29
13 57 0.14
14 57 0.27
57 15 1.0
57 16 0.71
57 19 1.0
26 57 0.07
28 57 0.1
34 57 0.23
41 57 0.28
43 57 0.15
44 57 0.24
57 48 0.41
52 57 0.12
56 57 0.33
85 57 7.0E-4
3 58 0.06
4 58 0.26
58 5 0.18
58 7 0.05
58 8 0.05
58 9 0.06
10 58 0.06
58 11 0.05
12 58 0.27
58 13 0.13
14 58 0.31
58 15 0.24
58 16 0.33
58 18 0.21
58 19 0.24
58 21 0.05
58 23 0.24
58 25 0.25
26 58 0.31
28 58 0.36
58 31 0.24
32 58 0.23
34 58 0.27
58 36 0.27
58 38 0.24
58 39 0.21
58 41 0.33
43 58 0.38
58 44 0.29
58 45 0.11
58 48 0.1
58 52 0.31
58 55 0.08
58 56 0.39
58 57 0.24
58 85 6.0E-4
3 59 0.25
4 59 0.11
12 59 0.29
13 59 0.14
14 59 0.27
59 15 1.0
59 16 0.71
59 19 1.0
26 59 0.07
28 59 0.1
34 59 0.23
41 59 0.28
43 59 0.15
44 59 0.24
59 48 0.41
52 59 0.12
56 59 0.33
59 57 1.0
58 59 0.24
85 59 7.0E-4
4 60 0.25
7 60 0.54
60 9 0.09
13 60 0.36
60 20 0.38
21 60 0.4
25 60 0.1
26 60 0.19
28 60 0.23
60 29 0.43
30 60 0.43
60 33 0.22
42 60 0.31
43 60 0.22
60 49 0.19
52 60 0.18
54 60 0.15
60 55 0.13
60 85 4.0E-4
61 9 0.24
10 61 0.26
13 61 0.14
25 61 0.27
26 61 0.07
61 31 1.0
36 61 0.58
61 38 1.0
61 55 0.33
58 61 0.24
85 61 0.0010
62 1 0.15
62 2 0.15
3 62 0.06
4 62 0.13
62 5 0.17
62 6 0.11
12 62 0.13
14 62 0.18
62 18 0.21
62 21 0.1
62 25 0.49
26 62 0.32
28 62 0.26
32 62 0.35
34 62 0.05
62 39 0.21
62 41 0.32
43 62 0.34
62 44 0.11
62 46 0.09
62 52 0.33
62 56 0.38
62 58 0.27
62 85 0.0
63 2 0.11
3 63 0.04
4 63 0.16
63 5 0.12
7 63 0.37
63 8 0.03
63 9 0.12
11 63 0.04
12 63 0.09
13 63 0.2
14 63 0.22
63 17 0.16
63 18 0.15
63 20 0.16
63 21 0.39
25 63 0.13
26 63 0.45
63 27 0.08
28 63 0.55
63 29 0.19
30 63 0.6
32 63 0.13
63 33 0.19
34 63 0.04
63 39 0.15
41 63 0.32
63 42 0.2
43 63 0.56
44 63 0.56
63 45 0.29
63 46 0.25
63 48 0.07
63 49 0.08
50 63 0.15
52 63 0.57
63 53 0.22
63 54 0.34
63 55 0.05
58 63 0.12
63 60 0.31
62 63 0.23
63 85 2.0E-4
64 9 0.24
10 64 0.26
13 64 0.14
25 64 0.27
26 64 0.07
64 31 1.0
36 64 0.58
64 38 1.0
64 55 0.33
58 64 0.24
64 61 1.0
85 64 0.0010
65 2 0.16
3 65 0.08
4 65 0.3
65 5 0.06
65 7 0.73
65 8 0.16
65 9 0.16
10 65 0.08
11 65 0.22
12 65 0.05
13 65 0.46
14 65 0.04
65 17 0.16
65 18 0.07
65 20 0.16
65 21 0.55
65 22 0.09
65 23 0.16
25 65 0.09
26 65 0.45
65 27 0.16
28 65 0.51
65 29 0.43
65 30 0.71
32 65 0.09
65 33 0.28
65 36 0.19
65 39 0.15
65 40 0.08
41 65 0.09
65 42 0.26
43 65 0.19
44 65 0.12
65 45 0.07
65 47 0.16
65 48 0.13
65 49 0.16
65 50 0.29
52 65 0.47
65 53 0.36
65 54 0.33
65 55 0.22
58 65 0.11
65 60 0.43
62 65 0.04
65 63 0.51
65 85 0.0010
7 66 0.2
8 66 0.2
11 66 0.23
13 66 0.14
66 23 1.0
26 66 0.07
28 66 0.1
36 66 0.58
45 66 0.45
52 66 0.12
58 66 0.24
65 66 0.16
85 66 6.0E-4
3 67 0.13
4 67 0.11
7 67 0.1
8 67 0.1
11 67 0.23
13 67 0.14
14 67 0.13
67 20 0.5
26 67 0.15
28 67 0.15
30 67 0.23
67 33 0.29
42 67 0.2
43 67 0.07
49 67 0.25
52 67 0.18
54 67 0.2
55 67 0.17
60 67 0.19
63 67 0.16
65 67 0.16
85 67 3.0E-4
68 2 0.09
68 3 0.2
68 4 0.12
68 5 0.4
68 8 0.16
68 9 0.06
68 10 0.14
68 11 0.06
68 12 0.23
68 13 0.04
68 14 0.21
68 18 0.36
68 21 0.06
68 24 0.38
68 26 0.28
68 28 0.24
68 32 0.21
68 34 0.18
68 35 0.19
68 39 0.36
68 41 0.3
68 43 0.39
68 44 0.45
68 46 0.2
68 48 0.11
68 51 0.13
68 52 0.26
68 58 0.19
68 62 0.12
68 63 0.31
68 65 0.17
68 85 1.0E-4
4 69 0.11
7 69 0.2
13 69 0.14
69 20 1.0
26 69 0.07
28 69 0.1
30 69 0.23
69 33 0.58
42 69 0.41
43 69 0.15
49 69 0.5
52 69 0.12
54 69 0.41
55 69 0.33
60 69 0.38
63 69 0.16
65 69 0.16
67 69 0.5
85 69 8.0E-4
3 70 0.25
4 70 0.05
6 70 0.25
7 70 0.1
8 70 0.3
10 70 0.13
11 70 0.23
13 70 0.07
70 20 0.5
21 70 0.11
26 70 0.15
28 70 0.05
30 70 0.11
70 33 0.29
70 40 0.25
42 70 0.41
43 70 0.15
70 47 0.5
48 70 0.2
49 70 0.25
51 70 0.25
52 70 0.12
54 70 0.2
55 70 0.5
60 70 0.19
63 70 0.08
65 70 0.16
67 70 0.25
70 69 0.5
85 70 9.0E-4
3 71 0.18
8 71 0.28
11 71 0.16
21 71 0.15
26 71 0.1
71 40 0.35
42 71 0.29
71 47 0.71
52 71 0.08
55 71 0.24
65 71 0.11
68 71 0.19
70 71 0.35
85 71 3.0E-4
7 72 0.29
9 72 0.34
13 72 0.1
72 17 0.71
21 72 0.15
26 72 0.1
28 72 0.14
29 72 0.27
30 72 0.32
52 72 0.08
53 72 0.32
60 72 0.27
63 72 0.23
65 72 0.23
85 72 4.0E-4
73 1 0.33
2 73 0.17
3 73 0.13
4 73 0.06
7 73 0.05
73 8 0.1
73 9 0.13
10 73 0.07
11 73 0.06
13 73 0.11
14 73 0.14
21 73 0.06
25 73 0.07
26 73 0.28
28 73 0.18
73 29 0.1
30 73 0.06
32 73 0.15
34 73 0.18
41 73 0.21
43 73 0.27
44 73 0.25
45 73 0.23
46 73 0.1
48 73 0.11
52 73 0.25
60 73 0.1
62 73 0.12
63 73 0.3
65 73 0.04
68 73 0.14
73 72 0.18
85 73 1.0E-4
2 74 0.33
8 74 0.2
9 74 0.24
10 74 0.26
13 74 0.14
22 74 0.58
26 74 0.07
27 74 0.5
28 74 0.1
29 74 0.38
50 74 0.45
52 74 0.12
55 74 0.33
65 74 0.16
85 74 6.0E-4
75 3 0.13
75 4 0.25
75 5 0.28
75 8 0.1
75 10 0.06
75 12 0.29
75 13 0.07
75 14 0.33
75 15 0.25
75 16 0.35
75 18 0.22
75 19 0.25
75 24 0.35
75 25 0.07
75 26 0.29
75 28 0.28
75 32 0.14
75 34 0.23
75 35 0.18
75 39 0.22
75 41 0.21
75 43 0.26
75 44 0.18
75 48 0.1
75 51 0.25
75 52 0.18
75 55 0.08
75 56 0.25
75 57 0.25
75 58 0.29
75 59 0.25
75 62 0.11
75 63 0.04
75 68 0.27
75 85 3.0E-4
76 2 0.1
3 76 0.14
4 76 0.06
12 76 0.33
13 76 0.04
14 76 0.23
76 15 0.29
76 16 0.41
76 19 0.29
21 76 0.06
25 76 0.23
26 76 0.25
28 76 0.23
32 76 0.11
34 76 0.13
41 76 0.16
43 76 0.38
44 76 0.49
76 45 0.39
76 48 0.12
52 76 0.38
56 76 0.58
76 57 0.29
58 76 0.27
76 59 0.29
62 76 0.26
63 76 0.24
65 76 0.05
68 76 0.08
76 73 0.15
75 76 0.29
85 76 1.0E-4
2 77 0.24
8 77 0.14
9 77 0.17
10 77 0.18
13 77 0.1
22 77 0.41
26 77 0.1
27 77 0.35
28 77 0.14
29 77 0.27
50 77 0.32
52 77 0.08
55 77 0.24
65 77 0.11
77 74 0.71
85 77 3.0E-4
78 9 0.24
10 78 0.26
13 78 0.14
25 78 0.27
26 78 0.07
78 31 1.0
36 78 0.58
78 38 1.0
78 55 0.33
58 78 0.24
78 61 1.0
78 64 1.0
85 78 0.0010
4 79 0.11
79 7 0.1
10 79 0.26
79 11 0.23
79 13 0.27
79 20 0.5
26 79 0.15
28 79 0.1
79 30 0.11
32 79 0.19
79 33 0.29
79 42 0.2
43 79 0.07
79 49 0.25
52 79 0.12
79 54 0.2
79 55 0.17
79 60 0.19
79 63 0.08
79 65 0.08
79 67 0.25
79 69 0.5
79 70 0.25
79 85 3.0E-4
5 80 0.38
8 80 0.2
18 80 0.45
80 24 0.71
26 80 0.07
28 80 0.1
32 80 0.19
34 80 0.23
35 80 0.71
43 80 0.15
51 80 0.5
68 80 0.27
75 80 0.25
85 80 6.0E-4
3 81 0.08
4 81 0.07
81 5 0.5
81 6 0.17
81 8 0.07
12 81 0.38
81 13 0.05
14 81 0.45
81 15 0.33
81 16 0.47
81 18 0.45
81 19 0.33
81 24 0.24
81 25 0.27
26 81 0.22
28 81 0.27
32 81 0.26
34 81 0.23
81 35 0.24
81 37 0.24
81 39 0.6
81 41 0.55
43 81 0.25
81 44 0.32
81 46 0.13
81 48 0.14
81 51 0.17
81 52 0.28
81 56 0.44
81 57 0.33
81 58 0.47
81 59 0.33
81 62 0.38
81 63 0.11
81 65 0.05
68 81 0.27
75 81 0.33
81 76 0.19
81 85 4.0E-4
4 82 0.11
7 82 0.2
13 82 0.14
82 20 1.0
26 82 0.07
28 82 0.1
30 82 0.23
82 33 0.58
42 82 0.41
43 82 0.15
49 82 0.5
52 82 0.12
54 82 0.41
55 82 0.33
60 82 0.38
63 82 0.16
65 82 0.16
67 82 0.5
82 69 1.0
70 82 0.5
79 82 0.5
85 82 8.0E-4
83 1 0.18
3 83 0.14
83 9 0.28
10 83 0.3
13 83 0.08
21 83 0.12
25 83 0.31
26 83 0.13
28 83 0.06
83 31 0.58
32 83 0.11
36 83 0.33
83 38 0.58
43 83 0.09
52 83 0.07
83 55 0.19
56 83 0.19
58 83 0.14
83 61 0.58
62 83 0.13
83 64 0.58
76 83 0.17
83 78 0.58
85 83 4.0E-4
4 84 0.09
7 84 0.17
84 8 0.16
10 84 0.11
11 84 0.19
13 84 0.28
84 23 0.41
25 84 0.11
26 84 0.18
28 84 0.17
32 84 0.08
36 84 0.24
84 45 0.18
84 48 0.17
52 84 0.1
53 84 0.18
58 84 0.1
65 84 0.13
84 66 0.41
79 84 0.2
85 84 2.0E-4
