*Vertices  19
1 "LED显示屏"
2 "3D显示屏"
3 "LED灯"
4 "传感器"
5 "处理器"
6 "开关"
7 "桡动脉"
8 "LED"
9 "听筒"
10 "止血扣碗"
11 "绝缘靴"
12 "太阳能"
13 "太阳能电池板"
14 "蓄电池"
15 "耳机"
16 "MP4播放器"
17 "防护服"
18 "屏幕"
19 "连接带"
*Arcs
1 19 0.0035
1 2 0.32
19 2 0.024
3 1 0.03
3 19 3.0E-4
3 4 0.13
4 19 0.0054
5 1 0.16
5 3 0.14
5 4 0.36
5 19 0.0026
6 1 0.04
3 6 0.37
6 4 0.19
5 6 0.21
6 19 9.0E-4
4 7 0.2
6 7 0.14
7 19 0.0188
8 1 0.23
8 2 0.07
8 3 0.67
8 4 0.37
8 5 0.28
8 6 0.54
8 7 0.07
8 19 0.0032
1 9 0.32
9 2 1.0
8 9 0.07
19 9 0.024
4 10 0.2
6 10 0.14
10 7 1.0
8 10 0.07
10 19 0.0188
4 11 0.2
5 11 0.26
8 11 0.07
19 11 0.0088
12 1 0.2
3 12 0.14
5 12 0.08
6 12 0.17
8 12 0.23
12 19 0.0029
3 13 0.15
5 13 0.12
6 13 0.06
8 13 0.16
13 12 0.71
13 19 0.0047
14 1 0.16
3 14 0.23
14 4 0.05
5 14 0.07
6 14 0.28
8 14 0.28
14 12 0.57
14 13 0.46
14 19 0.0019
15 1 0.22
15 2 0.71
6 15 0.1
8 15 0.1
15 9 0.71
15 19 0.0139
1 16 0.32
16 2 1.0
8 16 0.07
16 9 1.0
15 16 0.71
19 16 0.024
3 17 0.11
8 17 0.07
12 17 0.32
13 17 0.45
14 17 0.26
19 17 0.0094
18 1 0.33
18 2 0.26
3 18 0.06
18 4 0.1
5 18 0.07
6 18 0.11
18 7 0.26
8 18 0.28
18 9 0.26
18 10 0.26
18 12 0.08
15 18 0.18
18 16 0.26
18 19 0.0089
