*Vertices  16
1 "衬底"
2 "发光荧光材料"
3 "保护层"
4 "活性层"
5 "外延"
6 "LED"
7 "二极管"
8 "半导体"
9 "Al2O3"
10 "ITO"
11 "金属层"
12 "电极"
13 "激光"
14 "粘附层"
15 "反射层"
16 "透明导电层"
*Arcs
1 16 0.0054
2 1 0.18
2 16 0.0059
1 3 0.23
2 3 0.13
3 16 0.018
1 4 0.23
2 4 0.27
3 4 0.5
16 4 0.0552
5 1 0.95
2 5 0.25
5 3 0.23
5 4 0.23
5 16 0.0056
6 1 0.32
6 2 0.28
6 3 0.15
6 4 0.07
6 5 0.32
6 16 7.0E-4
7 1 0.37
7 2 0.33
7 3 0.1
7 4 0.1
7 5 0.37
7 6 0.72
7 16 0.0012
8 1 0.64
8 2 0.43
8 3 0.15
8 4 0.15
8 5 0.64
8 6 0.5
8 7 0.55
8 16 0.0026
9 1 0.72
2 9 0.45
9 3 0.24
9 4 0.24
9 5 0.78
6 9 0.3
7 9 0.34
8 9 0.57
9 16 0.0058
1 10 0.66
2 10 0.23
10 3 0.29
10 4 0.29
5 10 0.73
6 10 0.25
7 10 0.26
8 10 0.47
9 10 0.7
10 16 0.0079
1 11 0.41
2 11 0.24
3 11 0.22
11 4 0.45
5 11 0.51
6 11 0.16
7 11 0.23
8 11 0.33
9 11 0.43
10 11 0.65
11 16 0.0159
12 1 0.72
2 12 0.22
12 3 0.16
12 4 0.16
12 5 0.72
6 12 0.45
7 12 0.55
8 12 0.56
9 12 0.56
12 10 0.57
12 11 0.37
12 16 0.0029
13 1 0.37
13 2 0.21
13 3 0.27
13 4 0.27
13 5 0.43
13 6 0.28
13 7 0.24
13 8 0.39
13 9 0.45
13 10 0.46
13 11 0.48
13 12 0.31
13 16 0.0064
1 14 0.23
2 14 0.27
3 14 0.5
14 4 1.0
5 14 0.23
6 14 0.07
7 14 0.1
8 14 0.15
9 14 0.24
10 14 0.29
11 14 0.45
12 14 0.16
13 14 0.27
16 14 0.0552
1 15 0.52
2 15 0.3
3 15 0.19
15 4 0.38
5 15 0.52
6 15 0.19
7 15 0.19
8 15 0.33
9 15 0.37
10 15 0.33
15 11 0.34
12 15 0.37
13 15 0.2
15 14 0.38
15 16 0.0114
