*Vertices  96
1 "显示器"
2 "衬底"
3 "LED灯"
4 "滤波片"
5 "光纤"
6 "容器"
7 "光膜"
8 "传感器"
9 "处理器"
10 "波长检测器"
11 "荧光粉"
12 "反光杯"
13 "远光灯"
14 "开关"
15 "发光荧光材料"
16 "柔性高分子材料"
17 "III-V族半导体材料"
18 "GAN"
19 "塑料光转换荧光粒料"
20 "助剂"
21 "PD"
22 "聚合物树脂"
23 "硼酸"
24 "牙结石"
25 "光纤耦合"
26 "EP"
27 "外延片"
28 "外延"
29 "LED"
30 "二极管"
31 "扩散剂"
32 "玻璃"
33 "通道"
34 "LED光源"
35 "塑料"
36 "光电转换器件"
37 "转换器"
38 "铝基板"
39 "基板"
40 "集热板"
41 "导热板"
42 "基座"
43 "滤光片"
44 "稀释剂"
45 "散热片"
46 "散热器"
47 "光谱仪"
48 "液相色谱仪"
49 "荧光体"
50 "发光体"
51 "硅橡胶"
52 "密封胶"
53 "SiO2"
54 "半导体"
55 "电路板"
56 "Al2O3"
57 "GaAs"
58 "MQW"
59 "ITO"
60 "客户"
61 "摄像机"
62 "光子晶体"
63 "荧光光谱"
64 "光电池"
65 "LED照明设备"
66 "LED芯片"
67 "芯片"
68 "金属层"
69 "电流扩展层"
70 "存储器"
71 "酸盐"
72 "硅油"
73 "去离子水"
74 "硬脂酰胺"
75 "Li"
76 "液体石蜡"
77 "离子"
78 "电极"
79 "光子晶体谐振腔"
80 "丙酮"
81 "激光"
82 "MOCVD"
83 "湿法刻蚀"
84 "干法刻蚀"
85 "EP-CAB共聚物"
86 "洗墙灯"
87 "检测池"
88 "射灯"
89 "转动轴"
90 "臭氧"
91 "半透半反镜"
92 "甲基"
93 "CAB"
94 "聚光帽"
95 "激发光"
96 "透镜"
*Arcs
96 1 2.0E-4
96 2 1.0E-4
3 1 0.08
3 2 0.03
96 3 7.0E-4
2 4 0.32
96 4 3.0E-4
2 5 0.17
5 4 0.53
96 5 7.0E-4
6 2 0.09
3 6 0.12
96 6 3.0E-4
7 1 0.29
7 3 0.13
7 6 0.22
96 7 6.0E-4
1 8 0.25
3 8 0.13
8 5 0.23
96 8 1.0E-4
9 1 0.26
9 3 0.14
9 5 0.1
9 7 0.15
9 8 0.36
96 9 0.0
96 10 6.0E-4
11 1 0.14
11 2 0.13
11 3 0.13
11 6 0.22
11 7 0.33
11 9 0.07
96 11 8.0E-4
3 12 0.11
96 12 3.0E-4
8 13 0.2
96 13 2.0E-4
1 14 0.07
3 14 0.37
14 6 0.21
14 8 0.19
9 14 0.21
11 14 0.08
96 14 1.0E-4
15 1 0.13
15 2 0.18
15 3 0.21
15 6 0.2
15 7 0.31
15 9 0.07
15 11 0.54
15 14 0.07
96 15 9.0E-4
16 6 0.38
7 16 0.58
11 16 0.29
15 16 0.27
96 16 5.0E-4
2 17 0.32
17 4 1.0
5 17 0.53
96 17 3.0E-4
18 2 0.65
3 18 0.04
18 4 0.5
18 5 0.27
11 18 0.1
18 17 0.5
96 18 1.0E-4
1 19 0.25
3 19 0.11
11 19 0.29
14 19 0.14
15 19 0.27
96 19 5.0E-4
1 20 0.18
3 20 0.08
20 6 0.27
7 20 0.41
11 20 0.41
14 20 0.1
15 20 0.38
20 16 0.71
20 19 0.71
96 20 0.0010
1 21 0.11
2 21 0.21
21 4 0.63
21 5 0.68
21 8 0.27
9 21 0.12
21 17 0.63
18 21 0.32
96 21 5.0E-4
1 22 0.25
3 22 0.11
11 22 0.29
14 22 0.14
15 22 0.27
22 19 1.0
22 20 0.71
96 22 5.0E-4
1 23 0.13
3 23 0.11
23 6 0.19
11 23 0.29
15 23 0.4
96 23 2.0E-4
5 24 0.38
96 24 3.0E-4
5 25 0.53
8 25 0.14
21 25 0.32
25 24 0.71
96 25 8.0E-4
1 26 0.07
26 2 0.12
3 26 0.12
26 6 0.1
9 26 0.14
11 26 0.39
26 14 0.11
15 26 0.29
26 23 0.4
96 26 1.0E-4
27 2 0.83
3 27 0.03
27 4 0.39
27 5 0.21
11 27 0.08
15 27 0.15
27 17 0.39
27 18 0.78
27 21 0.25
26 27 0.07
96 27 1.0E-4
28 2 0.95
3 28 0.05
28 4 0.32
28 5 0.17
11 28 0.13
15 28 0.25
28 17 0.32
28 18 0.65
28 21 0.21
26 28 0.06
28 27 0.83
96 28 1.0E-4
29 1 0.29
29 2 0.32
29 3 0.67
29 4 0.1
29 5 0.19
29 6 0.19
29 7 0.13
29 8 0.37
29 9 0.28
29 10 0.07
29 11 0.25
29 12 0.07
29 13 0.07
29 14 0.54
29 15 0.28
29 16 0.07
29 17 0.1
29 18 0.21
29 19 0.07
29 20 0.1
29 21 0.16
29 22 0.07
29 23 0.15
29 24 0.07
29 25 0.1
29 26 0.28
29 27 0.27
29 28 0.32
96 29 0.0010
30 1 0.15
30 2 0.37
30 3 0.32
30 4 0.14
30 5 0.23
30 6 0.23
30 7 0.12
30 8 0.2
30 9 0.08
30 10 0.1
30 11 0.23
30 12 0.1
30 13 0.1
30 14 0.46
30 15 0.33
30 16 0.1
30 17 0.14
30 18 0.25
30 19 0.1
30 20 0.14
30 21 0.18
30 22 0.1
30 23 0.1
30 24 0.1
30 25 0.14
30 26 0.22
30 27 0.31
30 28 0.37
30 29 0.72
96 30 9.0E-4
3 31 0.16
6 31 0.27
11 31 0.2
15 31 0.38
23 31 0.35
29 31 0.1
30 31 0.07
96 31 5.0E-4
32 1 0.19
32 2 0.13
32 3 0.27
32 4 0.27
32 5 0.29
32 7 0.11
32 8 0.12
32 9 0.15
32 11 0.11
32 14 0.18
32 15 0.1
32 17 0.27
32 18 0.14
32 21 0.34
32 23 0.19
32 25 0.14
32 26 0.21
32 27 0.16
32 28 0.13
32 29 0.38
32 30 0.27
96 32 3.0E-4
1 33 0.07
33 2 0.2
3 33 0.22
33 4 0.2
33 5 0.11
33 8 0.12
14 33 0.04
33 17 0.2
33 18 0.31
33 21 0.13
33 27 0.24
33 28 0.2
29 33 0.25
30 33 0.23
32 33 0.11
96 33 2.0E-4
34 1 0.15
34 2 0.09
34 3 0.36
34 4 0.29
34 5 0.15
34 6 0.08
34 7 0.12
34 8 0.04
34 9 0.11
34 10 0.2
34 11 0.24
34 14 0.06
34 15 0.16
34 17 0.29
34 18 0.14
34 21 0.18
34 23 0.31
34 26 0.22
34 27 0.11
34 28 0.09
34 29 0.36
34 30 0.29
34 31 0.14
34 32 0.24
34 33 0.18
96 34 7.0E-4
35 1 0.17
35 2 0.05
35 3 0.28
35 5 0.17
35 6 0.17
35 7 0.26
35 8 0.18
35 9 0.12
35 11 0.2
35 14 0.16
35 15 0.18
35 16 0.23
35 19 0.23
35 20 0.32
35 21 0.21
35 22 0.23
35 25 0.16
35 26 0.06
35 27 0.06
35 28 0.05
35 29 0.32
35 30 0.28
35 32 0.35
35 33 0.13
35 34 0.14
96 35 5.0E-4
36 5 0.53
36 8 0.28
36 21 0.63
36 25 0.5
29 36 0.1
30 36 0.14
32 36 0.27
35 36 0.32
96 36 3.0E-4
1 37 0.15
3 37 0.1
37 5 0.23
37 8 0.3
9 37 0.16
11 37 0.09
14 37 0.25
15 37 0.08
37 19 0.3
37 20 0.21
37 21 0.27
37 22 0.3
37 25 0.21
26 37 0.08
29 37 0.24
30 37 0.21
32 37 0.12
35 37 0.21
37 36 0.43
96 37 2.0E-4
38 1 0.08
38 2 0.07
38 3 0.3
38 7 0.17
38 9 0.08
38 11 0.17
38 14 0.08
38 15 0.08
38 26 0.16
38 27 0.08
38 28 0.07
38 29 0.24
38 30 0.24
38 32 0.12
38 33 0.26
38 34 0.18
38 35 0.35
96 38 4.0E-4
2 39 0.08
3 39 0.27
11 39 0.1
28 39 0.08
29 39 0.21
30 39 0.14
33 39 0.2
34 39 0.07
96 39 1.0E-4
3 40 0.11
29 40 0.07
39 40 0.35
96 40 2.0E-4
3 41 0.16
41 12 0.71
29 41 0.1
30 41 0.07
41 33 0.2
34 41 0.14
38 41 0.21
96 41 7.0E-4
3 42 0.22
6 42 0.19
11 42 0.14
15 42 0.13
23 42 0.25
29 42 0.15
30 42 0.15
42 31 0.35
33 42 0.43
34 42 0.1
35 42 0.11
38 42 0.3
39 42 0.18
96 42 5.0E-4
1 43 0.11
2 43 0.21
43 4 0.63
43 5 0.68
43 8 0.09
14 43 0.06
43 17 0.63
18 43 0.32
43 21 0.6
43 24 0.45
43 25 0.32
27 43 0.25
28 43 0.21
29 43 0.16
30 43 0.23
32 43 0.26
33 43 0.13
34 43 0.27
35 43 0.1
43 36 0.32
37 43 0.13
96 43 5.0E-4
1 44 0.14
44 6 0.22
7 44 0.33
11 44 0.17
15 44 0.15
44 16 0.58
44 20 0.41
23 44 0.29
26 44 0.31
29 44 0.13
30 44 0.18
32 44 0.22
34 44 0.12
35 44 0.13
96 44 2.0E-4
3 45 0.43
45 12 0.24
45 14 0.07
29 45 0.3
30 45 0.22
32 45 0.09
45 33 0.35
34 45 0.45
35 45 0.11
38 45 0.29
45 39 0.34
45 40 0.24
45 41 0.34
45 42 0.24
96 45 8.0E-4
3 46 0.44
46 12 0.24
29 46 0.31
30 46 0.24
32 46 0.05
46 33 0.2
34 46 0.34
35 46 0.05
38 46 0.21
46 39 0.5
46 41 0.33
46 42 0.12
46 45 0.63
96 46 2.0E-4
3 47 0.08
47 5 0.27
15 47 0.19
47 23 0.35
47 24 0.71
47 25 0.5
47 26 0.19
29 47 0.1
30 47 0.07
47 43 0.32
96 47 3.0E-4
48 10 1.0
29 48 0.07
30 48 0.1
34 48 0.2
96 48 6.0E-4
49 6 0.22
7 49 0.33
11 49 0.5
15 49 0.46
49 16 0.58
49 20 0.41
23 49 0.29
26 49 0.31
29 49 0.13
30 49 0.18
32 49 0.11
34 49 0.12
35 49 0.13
49 44 0.33
96 49 2.0E-4
50 1 0.09
50 3 0.21
50 7 0.22
50 8 0.08
50 9 0.1
50 11 0.22
50 14 0.1
50 15 0.2
50 26 0.1
50 29 0.19
50 30 0.23
50 32 0.15
50 33 0.11
50 34 0.23
50 35 0.09
50 38 0.11
50 45 0.09
50 46 0.09
50 49 0.22
96 50 1.0E-4
1 51 0.14
3 51 0.06
51 6 0.44
7 51 0.33
11 51 0.33
15 51 0.31
51 16 0.58
51 20 0.41
23 51 0.58
26 51 0.15
29 51 0.13
30 51 0.12
51 31 0.41
32 51 0.11
34 51 0.24
35 51 0.13
51 42 0.29
51 44 0.67
51 49 0.33
96 51 7.0E-4
3 52 0.22
14 52 0.07
29 52 0.15
30 52 0.05
32 52 0.1
33 52 0.29
34 52 0.1
35 52 0.11
38 52 0.3
41 52 0.35
52 42 0.25
45 52 0.24
46 52 0.12
96 52 3.0E-4
1 53 0.07
53 2 0.38
3 53 0.12
53 4 0.39
53 5 0.21
53 6 0.21
7 53 0.16
11 53 0.32
53 14 0.04
15 53 0.52
53 16 0.28
53 17 0.39
53 18 0.29
53 19 0.28
53 20 0.39
53 21 0.25
53 22 0.28
53 23 0.14
53 26 0.3
53 27 0.38
53 28 0.38
29 53 0.27
30 53 0.31
32 53 0.16
53 33 0.08
34 53 0.11
35 53 0.19
53 37 0.08
53 43 0.25
53 44 0.16
53 47 0.2
53 49 0.32
50 53 0.1
53 51 0.16
96 53 5.0E-4
54 1 0.11
54 2 0.64
54 3 0.29
54 4 0.21
54 5 0.17
54 6 0.22
54 7 0.09
54 8 0.06
54 9 0.08
54 11 0.34
54 12 0.15
54 14 0.14
54 15 0.43
54 17 0.21
54 18 0.42
54 19 0.15
54 20 0.1
54 21 0.2
54 22 0.15
54 23 0.22
54 25 0.1
54 26 0.28
54 27 0.53
54 28 0.64
54 29 0.5
54 30 0.55
54 31 0.21
54 32 0.23
54 33 0.17
54 34 0.3
54 35 0.24
54 36 0.1
54 37 0.13
54 38 0.27
54 39 0.1
54 41 0.1
54 42 0.15
54 43 0.13
54 44 0.09
54 45 0.11
54 46 0.14
54 49 0.17
54 50 0.11
54 51 0.17
54 52 0.15
54 53 0.41
96 54 8.0E-4
55 1 0.26
55 3 0.4
55 6 0.08
55 7 0.24
55 8 0.08
55 9 0.11
55 11 0.12
55 14 0.14
55 15 0.16
55 23 0.1
55 26 0.05
55 29 0.36
55 30 0.17
55 31 0.29
55 32 0.39
55 33 0.06
55 34 0.17
55 35 0.19
55 38 0.06
55 42 0.1
55 43 0.09
55 44 0.12
55 45 0.05
55 46 0.1
55 50 0.23
55 51 0.12
55 52 0.1
55 53 0.06
55 54 0.15
96 55 2.0E-4
1 56 0.06
56 2 0.72
3 56 0.08
56 4 0.34
56 5 0.18
56 6 0.09
7 56 0.14
11 56 0.35
56 14 0.03
15 56 0.45
56 16 0.24
56 17 0.34
56 18 0.69
56 19 0.24
56 20 0.34
56 21 0.22
56 22 0.24
26 56 0.06
56 27 0.74
56 28 0.78
29 56 0.3
30 56 0.34
32 56 0.09
56 33 0.21
34 56 0.1
35 56 0.11
56 37 0.07
56 39 0.09
56 43 0.22
56 44 0.14
56 49 0.14
56 51 0.14
53 56 0.54
54 56 0.57
96 56 4.0E-4
2 57 0.61
3 57 0.04
57 4 0.47
57 5 0.25
11 57 0.1
15 57 0.18
57 17 0.47
18 57 0.24
57 21 0.3
26 57 0.09
27 57 0.37
28 57 0.69
29 57 0.22
30 57 0.27
32 57 0.19
33 57 0.1
34 57 0.14
35 57 0.08
38 57 0.1
57 39 0.12
57 43 0.3
53 57 0.37
54 57 0.44
56 57 0.4
96 57 1.0E-4
58 2 0.64
3 58 0.09
58 4 0.39
58 5 0.21
11 58 0.16
14 58 0.04
15 58 0.15
58 17 0.39
58 18 0.78
58 21 0.25
23 58 0.14
26 58 0.22
58 27 0.77
58 28 0.7
29 58 0.27
30 58 0.31
32 58 0.21
58 33 0.24
34 58 0.23
35 58 0.06
38 58 0.08
58 43 0.25
49 58 0.16
53 58 0.31
54 58 0.53
56 58 0.67
58 57 0.37
96 58 1.0E-4
1 59 0.07
2 59 0.66
3 59 0.06
59 4 0.41
59 5 0.22
11 59 0.08
15 59 0.23
59 17 0.41
18 59 0.61
59 21 0.26
27 59 0.72
28 59 0.73
29 59 0.25
30 59 0.26
32 59 0.11
33 59 0.08
34 59 0.12
59 43 0.26
53 59 0.4
54 59 0.47
56 59 0.7
59 57 0.29
58 59 0.64
96 59 1.0E-4
1 60 0.2
3 60 0.22
7 60 0.24
60 8 0.24
9 60 0.21
11 60 0.12
14 60 0.17
15 60 0.11
60 19 0.41
60 20 0.29
60 22 0.41
26 60 0.11
29 60 0.18
30 60 0.08
32 60 0.08
60 33 0.12
34 60 0.08
35 60 0.09
37 60 0.12
50 60 0.15
53 60 0.11
54 60 0.12
55 60 0.17
56 60 0.1
96 60 1.0E-4
1 61 0.14
8 61 0.12
61 13 0.58
14 61 0.08
29 61 0.13
30 61 0.12
34 61 0.12
43 61 0.26
55 61 0.12
96 61 2.0E-4
2 62 0.32
62 4 1.0
5 62 0.53
62 17 1.0
18 62 0.5
21 62 0.63
27 62 0.39
28 62 0.32
29 62 0.1
30 62 0.14
32 62 0.27
33 62 0.2
34 62 0.29
43 62 0.63
53 62 0.39
54 62 0.21
56 62 0.34
57 62 0.47
58 62 0.39
59 62 0.41
96 62 3.0E-4
3 63 0.08
63 5 0.27
15 63 0.19
63 23 0.35
63 24 0.71
63 25 0.5
63 26 0.19
29 63 0.1
30 63 0.07
63 43 0.32
63 47 1.0
63 53 0.2
96 63 3.0E-4
64 5 0.38
64 8 0.3
9 64 0.13
64 10 0.5
64 21 0.45
64 25 0.35
29 64 0.15
30 64 0.15
32 64 0.19
34 64 0.2
35 64 0.23
64 36 0.71
37 64 0.3
64 43 0.22
64 48 0.5
54 64 0.15
60 64 0.2
96 64 7.0E-4
3 65 0.13
11 65 0.17
14 65 0.08
29 65 0.13
30 65 0.12
33 65 0.17
34 65 0.12
38 65 0.17
65 42 0.29
45 65 0.14
96 65 1.0E-4
66 2 0.5
3 66 0.19
66 6 0.25
7 66 0.13
11 66 0.31
66 12 0.22
66 14 0.03
15 66 0.17
66 16 0.22
66 18 0.39
66 20 0.15
23 66 0.22
26 66 0.29
66 27 0.48
66 28 0.45
29 66 0.34
30 66 0.33
66 31 0.15
32 66 0.08
66 33 0.31
34 66 0.18
35 66 0.1
38 66 0.26
66 39 0.23
66 41 0.15
66 42 0.33
66 44 0.13
66 45 0.26
66 46 0.21
66 49 0.25
66 51 0.25
53 66 0.24
54 66 0.51
55 66 0.04
56 66 0.42
66 57 0.15
66 58 0.54
66 59 0.31
66 65 0.13
96 66 5.0E-4
1 67 0.27
67 2 0.49
3 67 0.3
67 4 0.17
67 5 0.09
67 6 0.14
7 67 0.07
67 8 0.17
9 67 0.12
11 67 0.35
67 12 0.12
67 14 0.28
15 67 0.35
67 16 0.12
67 17 0.17
67 18 0.34
67 19 0.12
67 20 0.17
67 21 0.11
67 22 0.12
67 23 0.24
67 26 0.35
67 27 0.43
67 28 0.49
29 67 0.62
30 67 0.58
67 31 0.08
32 67 0.21
67 33 0.24
34 67 0.22
35 67 0.11
67 37 0.25
38 67 0.22
67 39 0.13
67 41 0.08
67 42 0.18
67 43 0.16
67 44 0.21
67 45 0.17
67 46 0.14
67 47 0.08
67 49 0.21
50 67 0.09
67 51 0.21
67 52 0.06
67 53 0.4
54 67 0.6
55 67 0.22
67 56 0.46
67 57 0.36
67 58 0.43
67 59 0.38
67 60 0.1
67 61 0.07
67 62 0.17
67 63 0.08
67 65 0.07
67 66 0.55
96 67 5.0E-4
2 68 0.41
3 68 0.05
68 4 0.63
5 68 0.34
15 68 0.24
68 17 0.63
18 68 0.32
21 68 0.4
27 68 0.37
28 68 0.51
29 68 0.16
30 68 0.23
32 68 0.17
33 68 0.13
34 68 0.18
43 68 0.4
53 68 0.5
54 68 0.33
56 68 0.43
57 68 0.45
58 68 0.37
59 68 0.65
68 62 0.63
66 68 0.1
67 68 0.21
96 68 1.0E-4
2 69 0.57
3 69 0.08
69 4 0.5
69 5 0.27
6 69 0.13
15 69 0.09
69 17 0.5
18 69 0.38
69 21 0.32
26 69 0.19
27 69 0.39
28 69 0.57
29 69 0.21
30 69 0.29
32 69 0.2
33 69 0.1
34 69 0.14
35 69 0.08
38 69 0.11
69 43 0.32
53 69 0.49
54 69 0.42
56 69 0.34
69 57 0.71
58 69 0.49
59 69 0.41
69 62 0.5
66 69 0.23
67 69 0.34
69 68 0.47
96 69 1.0E-4
1 70 0.25
3 70 0.04
70 8 0.33
9 70 0.34
70 13 0.33
14 70 0.23
70 21 0.15
26 70 0.09
29 70 0.22
30 70 0.17
34 70 0.14
37 70 0.4
70 43 0.15
54 70 0.1
55 70 0.07
60 70 0.14
70 61 0.38
70 64 0.17
67 70 0.16
96 70 1.0E-4
1 71 0.17
3 71 0.11
71 6 0.25
7 71 0.19
11 71 0.48
71 14 0.05
15 71 0.53
71 16 0.33
71 19 0.33
71 20 0.47
71 22 0.33
71 23 0.67
71 26 0.45
29 71 0.22
30 71 0.24
71 31 0.24
32 71 0.19
34 71 0.2
35 71 0.15
71 37 0.1
71 42 0.17
71 44 0.58
71 47 0.24
71 49 0.38
71 51 0.58
71 53 0.37
54 71 0.29
55 71 0.14
71 56 0.24
71 58 0.09
71 60 0.14
71 63 0.24
71 66 0.22
71 67 0.36
96 71 7.0E-4
72 6 0.38
7 72 0.58
11 72 0.29
15 72 0.27
72 16 1.0
72 20 0.71
29 72 0.07
30 72 0.1
35 72 0.23
72 44 0.58
72 49 0.58
72 51 0.58
53 72 0.28
56 72 0.24
66 72 0.22
67 72 0.12
71 72 0.33
96 72 5.0E-4
73 2 0.21
3 73 0.05
73 6 0.17
15 73 0.12
73 23 0.22
73 26 0.36
73 28 0.1
29 73 0.16
30 73 0.14
73 47 0.32
73 53 0.25
54 73 0.2
73 57 0.15
73 63 0.32
73 66 0.1
73 67 0.21
73 69 0.16
73 71 0.3
96 73 2.0E-4
1 74 0.25
3 74 0.11
11 74 0.29
14 74 0.14
15 74 0.27
74 19 1.0
74 20 0.71
74 22 1.0
29 74 0.07
30 74 0.1
35 74 0.23
37 74 0.3
53 74 0.28
54 74 0.15
56 74 0.24
74 60 0.41
67 74 0.12
71 74 0.33
96 74 5.0E-4
1 75 0.06
75 2 0.16
3 75 0.26
75 4 0.33
75 5 0.18
75 6 0.09
7 75 0.14
75 8 0.05
9 75 0.06
11 75 0.27
75 14 0.13
15 75 0.31
75 16 0.24
75 17 0.33
75 18 0.25
75 19 0.24
75 20 0.33
75 21 0.21
75 22 0.24
75 23 0.24
75 26 0.25
75 27 0.2
75 28 0.16
29 75 0.31
30 75 0.36
75 31 0.17
32 75 0.23
75 33 0.2
34 75 0.24
35 75 0.27
75 37 0.21
38 75 0.36
75 42 0.24
75 43 0.21
75 44 0.27
75 45 0.17
75 46 0.17
75 47 0.17
75 49 0.27
75 51 0.14
75 52 0.12
75 53 0.33
54 75 0.38
55 75 0.14
75 56 0.29
75 57 0.16
75 58 0.26
75 59 0.2
75 60 0.1
75 62 0.33
75 63 0.17
75 65 0.14
75 66 0.21
75 67 0.31
75 68 0.21
75 69 0.17
75 70 0.08
75 71 0.39
75 72 0.24
75 73 0.11
75 74 0.24
96 75 8.0E-4
1 76 0.25
3 76 0.11
11 76 0.29
14 76 0.14
15 76 0.27
76 19 1.0
76 20 0.71
76 22 1.0
29 76 0.07
30 76 0.1
35 76 0.23
37 76 0.3
53 76 0.28
54 76 0.15
56 76 0.24
76 60 0.41
67 76 0.12
71 76 0.33
76 74 1.0
75 76 0.24
96 76 5.0E-4
1 77 0.06
77 2 0.32
3 77 0.13
77 4 0.32
77 5 0.17
77 6 0.09
11 77 0.13
15 77 0.18
77 17 0.32
77 18 0.16
77 21 0.21
77 23 0.34
77 26 0.49
77 27 0.19
77 28 0.26
29 77 0.32
30 77 0.26
32 77 0.35
77 33 0.07
34 77 0.19
35 77 0.05
77 37 0.07
38 77 0.07
77 43 0.21
77 44 0.26
77 47 0.16
77 49 0.26
50 77 0.09
77 51 0.13
77 53 0.32
54 77 0.34
55 77 0.14
77 56 0.11
77 57 0.38
77 58 0.25
77 59 0.13
77 61 0.13
77 62 0.32
77 63 0.16
77 66 0.15
77 67 0.33
77 68 0.21
77 69 0.41
77 71 0.38
77 73 0.51
77 75 0.27
96 77 2.0E-4
1 78 0.04
78 2 0.72
3 78 0.16
78 4 0.23
78 5 0.12
78 6 0.19
78 8 0.03
11 78 0.09
14 78 0.2
15 78 0.22
78 17 0.23
78 18 0.46
78 21 0.15
26 78 0.13
78 27 0.59
78 28 0.72
29 78 0.45
30 78 0.55
32 78 0.13
78 33 0.19
34 78 0.1
35 78 0.04
78 37 0.1
38 78 0.1
78 39 0.06
78 43 0.15
50 78 0.06
53 78 0.32
54 78 0.56
55 78 0.03
56 78 0.56
78 57 0.49
78 58 0.55
78 59 0.57
78 60 0.07
78 62 0.23
66 78 0.39
67 78 0.57
78 68 0.37
78 69 0.46
78 70 0.05
73 78 0.15
75 78 0.12
77 78 0.23
96 78 1.0E-4
2 79 0.32
79 4 1.0
5 79 0.53
79 17 1.0
18 79 0.5
21 79 0.63
27 79 0.39
28 79 0.32
29 79 0.1
30 79 0.14
32 79 0.27
33 79 0.2
34 79 0.29
43 79 0.63
53 79 0.39
54 79 0.21
56 79 0.34
57 79 0.47
58 79 0.39
59 79 0.41
79 62 1.0
67 79 0.17
68 79 0.63
69 79 0.5
75 79 0.33
77 79 0.32
78 79 0.23
96 79 3.0E-4
1 80 0.1
80 2 0.19
3 80 0.04
80 6 0.15
15 80 0.11
80 23 0.41
80 26 0.65
80 27 0.11
80 28 0.09
29 80 0.18
30 80 0.17
32 80 0.24
34 80 0.08
35 80 0.09
38 80 0.12
80 44 0.47
80 47 0.29
80 51 0.24
80 53 0.23
54 80 0.18
55 80 0.08
80 57 0.14
80 58 0.11
80 63 0.29
80 66 0.18
80 67 0.24
80 69 0.29
80 71 0.41
80 73 0.55
80 75 0.19
80 77 0.56
80 78 0.13
96 80 2.0E-4
81 1 0.2
81 2 0.37
81 3 0.12
81 4 0.38
81 5 0.4
81 7 0.31
81 8 0.16
81 9 0.14
81 11 0.23
81 14 0.04
81 15 0.21
81 17 0.38
81 18 0.38
81 21 0.36
81 24 0.27
81 25 0.38
81 27 0.3
81 28 0.43
81 29 0.28
81 30 0.24
81 32 0.21
81 33 0.08
81 34 0.16
81 35 0.18
81 36 0.19
81 37 0.08
81 38 0.08
81 39 0.09
81 43 0.36
81 47 0.19
81 50 0.1
81 53 0.3
81 54 0.39
81 55 0.11
81 56 0.45
81 57 0.36
81 58 0.37
81 59 0.46
81 60 0.11
81 62 0.38
81 63 0.19
81 64 0.13
81 66 0.12
81 67 0.26
81 68 0.48
81 69 0.38
81 75 0.19
81 77 0.12
81 78 0.31
81 79 0.38
96 81 6.0E-4
82 2 0.73
3 82 0.03
82 4 0.41
82 5 0.22
11 82 0.08
15 82 0.23
82 17 0.41
82 18 0.71
82 21 0.26
26 82 0.08
82 27 0.88
82 28 0.79
29 82 0.25
30 82 0.29
32 82 0.17
82 33 0.25
34 82 0.12
35 82 0.07
38 82 0.09
82 43 0.26
53 82 0.32
54 82 0.51
56 82 0.77
82 57 0.48
82 58 0.8
82 59 0.67
82 62 0.41
66 82 0.38
67 82 0.41
82 68 0.39
82 69 0.41
75 82 0.2
77 82 0.2
78 82 0.57
82 79 0.41
80 82 0.12
81 82 0.31
96 82 1.0E-4
2 83 0.46
83 4 0.71
83 5 0.38
15 83 0.13
83 17 0.71
18 83 0.35
83 21 0.45
27 83 0.55
28 83 0.46
29 83 0.15
30 83 0.2
32 83 0.19
33 83 0.14
34 83 0.2
83 43 0.45
53 83 0.55
54 83 0.29
56 83 0.36
83 57 0.5
58 83 0.28
59 83 0.43
83 62 0.71
66 83 0.11
67 83 0.24
83 68 0.67
69 83 0.35
75 83 0.24
77 83 0.23
78 83 0.33
83 79 0.71
81 83 0.27
82 83 0.43
96 83 2.0E-4
2 84 0.51
84 4 0.63
84 5 0.34
11 84 0.13
15 84 0.24
84 17 0.63
18 84 0.32
84 21 0.4
27 84 0.5
28 84 0.51
29 84 0.16
30 84 0.18
32 84 0.17
33 84 0.13
34 84 0.18
84 39 0.16
84 43 0.4
53 84 0.37
54 84 0.33
56 84 0.54
84 57 0.6
58 84 0.25
59 84 0.39
84 62 0.63
66 84 0.1
67 84 0.27
84 68 0.4
69 84 0.32
75 84 0.21
77 84 0.21
78 84 0.37
84 79 0.63
81 84 0.36
82 84 0.52
84 83 0.67
96 84 1.0E-4
26 85 0.27
29 85 0.07
73 85 0.45
77 85 0.23
80 85 0.41
96 85 4.0E-4
86 1 0.25
86 3 0.11
86 7 0.58
86 9 0.26
86 11 0.29
86 15 0.27
86 29 0.07
86 30 0.1
86 32 0.19
86 34 0.2
86 35 0.23
86 38 0.3
86 50 0.38
86 54 0.15
86 55 0.2
86 81 0.27
96 86 3.0E-4
87 10 1.0
29 87 0.07
30 87 0.1
34 87 0.2
87 48 1.0
64 87 0.5
96 87 6.0E-4
88 1 0.1
88 3 0.27
88 7 0.24
88 8 0.08
88 9 0.11
88 11 0.12
88 14 0.06
88 15 0.11
88 29 0.18
88 30 0.21
88 32 0.16
88 33 0.24
88 34 0.17
88 35 0.28
88 38 0.37
88 39 0.29
88 42 0.2
88 45 0.1
88 46 0.19
88 50 0.31
88 52 0.2
88 54 0.24
88 55 0.17
88 60 0.17
88 67 0.05
88 75 0.19
88 78 0.07
88 81 0.11
88 86 0.41
96 88 1.0E-4
3 89 0.11
29 89 0.07
30 89 0.1
33 89 0.29
38 89 0.3
89 42 0.5
45 89 0.24
65 89 0.58
66 89 0.22
67 89 0.12
75 89 0.24
96 89 3.0E-4
3 90 0.22
90 6 0.31
7 90 0.24
11 90 0.24
15 90 0.22
90 16 0.41
90 20 0.29
23 90 0.2
29 90 0.18
30 90 0.04
90 31 0.29
32 90 0.24
34 90 0.08
35 90 0.19
90 42 0.2
90 44 0.24
90 49 0.24
90 51 0.47
53 90 0.11
54 90 0.06
55 90 0.17
56 90 0.1
66 90 0.18
67 90 0.1
71 90 0.27
90 72 0.41
75 90 0.1
77 90 0.28
96 90 3.0E-4
91 10 1.0
29 91 0.07
30 91 0.1
34 91 0.2
91 48 1.0
64 91 0.5
91 87 1.0
96 91 6.0E-4
1 92 0.14
92 2 0.33
3 92 0.06
92 6 0.22
7 92 0.17
11 92 0.33
14 92 0.04
15 92 0.23
92 16 0.29
92 18 0.41
92 19 0.29
92 20 0.41
92 22 0.29
23 92 0.29
26 92 0.23
92 27 0.4
92 28 0.33
29 92 0.25
30 92 0.23
92 31 0.2
32 92 0.11
92 33 0.08
34 92 0.12
35 92 0.13
37 92 0.09
92 42 0.14
92 44 0.5
92 49 0.17
92 51 0.5
53 92 0.16
54 92 0.38
55 92 0.12
56 92 0.49
92 58 0.4
92 59 0.33
92 60 0.12
66 92 0.38
67 92 0.38
71 92 0.58
92 72 0.29
73 92 0.26
92 74 0.29
75 92 0.27
92 76 0.29
77 92 0.26
78 92 0.24
80 92 0.35
81 92 0.08
92 82 0.42
92 85 0.29
92 90 0.24
96 92 8.0E-4
26 93 0.27
29 93 0.07
73 93 0.45
77 93 0.23
80 93 0.41
93 85 1.0
92 93 0.29
96 93 4.0E-4
5 94 0.38
8 94 0.2
21 94 0.45
94 25 0.71
29 94 0.07
30 94 0.1
32 94 0.19
35 94 0.23
36 94 0.71
37 94 0.3
54 94 0.15
64 94 0.5
81 94 0.27
96 94 4.0E-4
1 95 0.08
95 2 0.15
3 95 0.07
95 4 0.47
95 5 0.5
95 6 0.13
7 95 0.19
95 8 0.07
11 95 0.38
95 14 0.05
15 95 0.45
95 16 0.33
95 17 0.47
95 18 0.24
95 19 0.33
95 20 0.47
95 21 0.45
95 22 0.33
95 23 0.33
95 24 0.33
95 25 0.24
95 26 0.27
95 27 0.18
95 28 0.15
29 95 0.22
30 95 0.27
32 95 0.26
95 33 0.1
34 95 0.2
35 95 0.23
95 36 0.24
95 37 0.2
95 43 0.6
95 44 0.19
95 47 0.47
95 49 0.58
50 95 0.13
95 51 0.19
95 53 0.55
54 95 0.25
95 56 0.32
95 57 0.22
95 58 0.28
95 59 0.19
95 60 0.14
95 62 0.47
95 63 0.47
95 64 0.17
95 66 0.15
95 67 0.28
95 68 0.3
95 69 0.24
95 71 0.44
95 72 0.33
95 73 0.15
95 74 0.33
95 75 0.47
95 76 0.33
95 77 0.38
95 78 0.11
95 79 0.47
95 80 0.14
81 95 0.27
95 82 0.19
95 83 0.33
95 84 0.3
95 90 0.14
95 92 0.19
96 95 0.0011
