*Vertices  81
1 "显示器"
2 "衬底"
3 "LED灯"
4 "滤波片"
5 "光纤"
6 "电容"
7 "传感器"
8 "单片机"
9 "工质"
10 "开关"
11 "III-V族半导体材料"
12 "GAN"
13 "热电分离"
14 "PD"
15 "蒸发皿"
16 "连接管"
17 "LED外延片"
18 "外延片"
19 "外延"
20 "LED"
21 "二极管"
22 "三极管"
23 "玻璃"
24 "接收管"
25 "LED光源"
26 "塑料"
27 "电子元器件"
28 "铝基板"
29 "基板"
30 "导热板"
31 "缓冲层"
32 "导热陶瓷"
33 "基座"
34 "红外线发射管"
35 "滤光片"
36 "散热片"
37 "散热器"
38 "发光体"
39 "密封胶"
40 "SiO2"
41 "半导体"
42 "电路板"
43 "Al2O3"
44 "GaAs"
45 "MQW"
46 "ESD"
47 "ITO"
48 "客户"
49 "光子晶体"
50 "太阳能"
51 "LED照明设备"
52 "LED芯片"
53 "芯片"
54 "金属层"
55 "电流扩展层"
56 "冷凝器"
57 "Li"
58 "离子"
59 "电极"
60 "接触层"
61 "排水槽"
62 "电阻"
63 "散热腔"
64 "光子晶体谐振腔"
65 "激光"
66 "MOCVD"
67 "标准芯片工艺制作"
68 "湿法刻蚀"
69 "干法刻蚀"
70 "空穴"
71 "射灯"
72 "转动轴"
73 "屏幕"
74 "透镜"
75 "同轴电缆"
76 "甲基"
77 "芯线"
78 "激发光"
79 "发光管"
80 "导热柱"
81 "通道"
*Arcs
1 81 0.0
81 2 6.0E-4
3 1 0.08
3 2 0.03
3 81 9.0E-4
2 4 0.32
81 4 5.0E-4
2 5 0.17
5 4 0.53
81 5 2.0E-4
3 6 0.29
6 81 2.0E-4
1 7 0.25
3 7 0.13
7 5 0.23
6 7 0.08
81 7 1.0E-4
1 8 0.52
3 8 0.13
8 6 0.19
8 7 0.28
8 81 0.0
3 9 0.19
6 9 0.12
81 9 0.0015
1 10 0.07
3 10 0.37
10 6 0.42
10 7 0.19
10 8 0.19
10 81 1.0E-4
2 11 0.32
11 4 1.0
5 11 0.53
81 11 5.0E-4
12 2 0.65
3 12 0.04
12 4 0.5
12 5 0.27
12 11 0.5
81 12 0.0010
3 13 0.16
6 13 0.14
9 13 0.41
81 13 6.0E-4
1 14 0.11
2 14 0.21
14 4 0.63
14 5 0.68
14 7 0.27
14 11 0.63
12 14 0.32
81 14 2.0E-4
3 15 0.11
9 15 0.58
81 15 9.0E-4
3 16 0.16
6 16 0.14
9 16 0.82
16 13 0.5
16 15 0.71
81 16 0.0020
17 2 0.65
3 17 0.04
17 12 0.75
81 17 5.0E-4
18 2 0.83
3 18 0.03
18 4 0.39
18 5 0.21
18 11 0.39
18 12 0.78
18 14 0.25
18 17 0.78
81 18 8.0E-4
19 2 0.95
3 19 0.05
19 4 0.32
19 5 0.17
19 11 0.32
19 12 0.65
19 14 0.21
19 17 0.65
19 18 0.83
81 19 6.0E-4
20 1 0.29
20 2 0.32
20 3 0.67
20 4 0.1
20 5 0.19
20 6 0.36
20 7 0.37
20 8 0.32
20 9 0.13
20 10 0.54
20 11 0.1
20 12 0.21
20 13 0.1
20 14 0.16
20 15 0.07
20 16 0.1
20 17 0.21
20 18 0.27
20 19 0.32
20 81 0.0012
21 1 0.15
21 2 0.37
21 3 0.32
21 4 0.14
21 5 0.23
21 6 0.39
21 7 0.2
21 8 0.16
21 9 0.12
21 10 0.46
21 11 0.14
21 12 0.25
21 14 0.18
21 15 0.1
21 16 0.07
21 17 0.22
21 18 0.31
21 19 0.37
21 20 0.72
21 81 0.0010
1 22 0.06
3 22 0.2
22 6 0.61
22 7 0.05
8 22 0.16
10 22 0.37
20 22 0.32
21 22 0.42
22 81 1.0E-4
23 1 0.19
23 2 0.13
23 3 0.27
23 4 0.27
23 5 0.29
23 6 0.08
23 7 0.12
23 8 0.22
23 10 0.18
23 11 0.27
23 12 0.14
23 14 0.34
23 18 0.16
23 19 0.13
23 20 0.38
23 21 0.27
23 22 0.09
23 81 2.0E-4
1 24 0.14
3 24 0.13
6 24 0.24
7 24 0.12
8 24 0.13
10 24 0.24
20 24 0.13
21 24 0.18
22 24 0.4
23 24 0.11
81 24 3.0E-4
25 1 0.15
25 2 0.09
25 3 0.36
25 4 0.29
25 5 0.15
25 6 0.04
25 7 0.04
25 8 0.09
25 9 0.12
25 10 0.06
25 11 0.29
25 12 0.14
25 14 0.18
25 18 0.11
25 19 0.09
25 20 0.36
25 21 0.29
25 22 0.09
25 23 0.24
25 24 0.12
25 81 5.0E-4
26 1 0.17
26 2 0.05
26 3 0.28
26 5 0.17
26 7 0.18
26 8 0.05
26 10 0.16
26 14 0.21
26 18 0.06
26 19 0.05
26 20 0.32
26 21 0.28
26 23 0.35
26 25 0.14
26 81 4.0E-4
3 27 0.16
6 27 0.14
9 27 0.82
27 13 0.5
27 15 0.71
27 16 1.0
20 27 0.1
21 27 0.07
81 27 0.0020
28 1 0.08
28 2 0.07
28 3 0.3
28 6 0.06
28 9 0.17
28 10 0.08
28 18 0.08
28 19 0.07
28 20 0.24
28 21 0.24
28 22 0.07
28 23 0.12
28 25 0.18
28 26 0.35
28 81 8.0E-4
2 29 0.08
3 29 0.27
6 29 0.29
9 29 0.41
29 13 0.25
29 15 0.35
29 16 0.5
19 29 0.08
20 29 0.21
21 29 0.14
25 29 0.07
29 27 0.5
81 29 7.0E-4
3 30 0.16
20 30 0.1
21 30 0.07
25 30 0.14
28 30 0.21
30 81 3.0E-4
31 2 0.65
31 12 0.63
31 17 0.75
31 18 0.78
31 19 0.65
20 31 0.21
21 31 0.22
31 81 5.0E-4
3 32 0.11
20 32 0.07
21 32 0.1
26 32 0.23
28 32 0.3
81 32 8.0E-4
3 33 0.22
9 33 0.29
33 15 0.5
33 16 0.35
20 33 0.15
21 33 0.15
25 33 0.1
26 33 0.11
33 27 0.35
28 33 0.3
29 33 0.18
33 32 0.5
81 33 0.0021
3 34 0.11
6 34 0.2
7 34 0.2
10 34 0.14
20 34 0.07
21 34 0.1
22 34 0.23
23 34 0.19
24 34 0.58
81 34 5.0E-4
1 35 0.11
2 35 0.21
35 4 0.63
35 5 0.68
35 7 0.09
8 35 0.1
10 35 0.06
35 11 0.63
12 35 0.32
35 14 0.6
18 35 0.25
19 35 0.21
20 35 0.16
21 35 0.23
22 35 0.1
23 35 0.26
35 24 0.26
25 35 0.27
26 35 0.1
81 35 2.0E-4
3 36 0.43
36 6 0.05
36 9 0.42
36 10 0.07
36 13 0.17
36 15 0.24
36 16 0.34
20 36 0.3
21 36 0.22
23 36 0.09
25 36 0.45
26 36 0.11
36 27 0.34
28 36 0.29
36 29 0.34
36 30 0.34
36 33 0.24
36 81 0.0017
3 37 0.44
37 6 0.19
37 9 0.41
37 13 0.33
37 15 0.24
37 16 0.33
20 37 0.31
21 37 0.24
23 37 0.05
25 37 0.34
26 37 0.05
37 27 0.33
28 37 0.21
37 29 0.5
37 30 0.33
37 33 0.12
37 36 0.63
37 81 7.0E-4
38 1 0.09
38 3 0.21
38 6 0.08
38 7 0.08
38 10 0.1
38 20 0.19
38 21 0.23
38 22 0.09
38 23 0.15
38 24 0.22
38 25 0.23
38 26 0.09
38 28 0.11
38 34 0.38
38 36 0.09
38 37 0.09
38 81 1.0E-4
3 39 0.22
10 39 0.07
20 39 0.15
21 39 0.05
23 39 0.1
25 39 0.1
26 39 0.11
28 39 0.3
30 39 0.35
39 32 0.5
39 33 0.25
36 39 0.24
37 39 0.12
81 39 8.0E-4
1 40 0.07
40 2 0.38
3 40 0.12
40 4 0.39
40 5 0.21
40 10 0.04
40 11 0.39
40 12 0.29
40 14 0.25
40 17 0.2
40 18 0.38
40 19 0.38
20 40 0.27
21 40 0.31
23 40 0.16
25 40 0.11
26 40 0.19
40 31 0.1
40 35 0.25
38 40 0.1
40 81 2.0E-4
41 1 0.11
41 2 0.64
41 3 0.29
41 4 0.21
41 5 0.17
41 6 0.15
41 7 0.06
41 8 0.03
41 9 0.09
41 10 0.14
41 11 0.21
41 12 0.42
41 14 0.2
41 17 0.42
41 18 0.53
41 19 0.64
41 20 0.5
41 21 0.55
41 22 0.1
41 23 0.23
41 24 0.09
41 25 0.3
41 26 0.24
41 28 0.27
41 29 0.1
41 30 0.1
41 31 0.42
41 32 0.15
41 33 0.15
41 35 0.13
41 36 0.11
41 37 0.14
41 38 0.11
41 39 0.15
41 40 0.41
41 81 6.0E-4
42 1 0.26
42 3 0.4
42 6 0.13
42 7 0.08
42 8 0.14
42 10 0.14
42 13 0.14
42 20 0.36
42 21 0.17
42 22 0.19
42 23 0.39
42 24 0.24
42 25 0.17
42 26 0.19
42 28 0.06
42 33 0.1
42 34 0.2
42 35 0.09
42 36 0.05
42 37 0.1
42 38 0.23
42 39 0.1
42 40 0.06
42 41 0.15
42 81 1.0E-4
1 43 0.06
43 2 0.72
3 43 0.08
43 4 0.34
43 5 0.18
43 10 0.03
43 11 0.34
43 12 0.69
43 14 0.22
43 17 0.6
43 18 0.74
43 19 0.78
20 43 0.3
21 43 0.34
23 43 0.09
25 43 0.1
26 43 0.11
43 29 0.09
43 31 0.69
43 35 0.22
40 43 0.54
41 43 0.57
43 81 6.0E-4
2 44 0.61
3 44 0.04
44 4 0.47
44 5 0.25
44 11 0.47
12 44 0.24
44 14 0.3
18 44 0.37
19 44 0.69
20 44 0.22
21 44 0.27
23 44 0.19
25 44 0.14
26 44 0.08
28 44 0.1
44 29 0.12
31 44 0.12
44 35 0.3
40 44 0.37
41 44 0.44
43 44 0.4
81 44 2.0E-4
45 2 0.64
3 45 0.09
45 4 0.39
45 5 0.21
6 45 0.06
10 45 0.04
45 11 0.39
45 12 0.78
45 14 0.25
45 17 0.69
45 18 0.77
45 19 0.7
20 45 0.27
21 45 0.31
22 45 0.06
23 45 0.21
25 45 0.23
26 45 0.06
28 45 0.08
45 31 0.59
45 35 0.25
40 45 0.31
41 45 0.53
43 45 0.67
45 44 0.37
45 81 7.0E-4
46 2 0.41
6 46 0.09
46 7 0.09
8 46 0.1
10 46 0.06
46 12 0.47
46 17 0.63
46 18 0.5
46 19 0.41
20 46 0.16
21 46 0.14
46 31 0.63
41 46 0.26
43 46 0.43
46 45 0.5
46 81 5.0E-4
1 47 0.07
2 47 0.66
3 47 0.06
47 4 0.41
47 5 0.22
47 11 0.41
12 47 0.61
47 14 0.26
17 47 0.61
18 47 0.72
19 47 0.73
20 47 0.25
21 47 0.26
23 47 0.11
25 47 0.12
31 47 0.51
47 35 0.26
40 47 0.4
41 47 0.47
43 47 0.7
47 44 0.29
45 47 0.64
46 47 0.26
81 47 2.0E-4
1 48 0.2
3 48 0.22
6 48 0.17
48 7 0.24
10 48 0.17
20 48 0.18
21 48 0.08
22 48 0.09
23 48 0.08
48 24 0.24
25 48 0.08
26 48 0.09
48 34 0.41
38 48 0.15
40 48 0.11
41 48 0.12
42 48 0.17
43 48 0.1
48 81 1.0E-4
2 49 0.32
49 4 1.0
5 49 0.53
49 11 1.0
12 49 0.5
14 49 0.63
18 49 0.39
19 49 0.32
20 49 0.1
21 49 0.14
23 49 0.27
25 49 0.29
35 49 0.63
40 49 0.39
41 49 0.21
43 49 0.34
44 49 0.47
45 49 0.39
47 49 0.41
81 49 5.0E-4
2 50 0.07
3 50 0.14
5 50 0.12
6 50 0.06
10 50 0.17
12 50 0.11
17 50 0.11
18 50 0.09
19 50 0.07
20 50 0.23
21 50 0.13
22 50 0.07
23 50 0.12
31 50 0.11
41 50 0.05
42 50 0.06
43 50 0.08
45 50 0.09
46 50 0.14
81 50 1.0E-4
3 51 0.13
10 51 0.08
20 51 0.13
21 51 0.12
25 51 0.12
28 51 0.17
51 33 0.29
36 51 0.14
50 51 0.18
81 51 3.0E-4
52 2 0.5
3 52 0.19
52 6 0.13
52 8 0.05
52 9 0.38
52 10 0.03
52 12 0.39
52 13 0.15
52 15 0.22
52 16 0.31
52 17 0.54
52 18 0.48
52 19 0.45
20 52 0.34
21 52 0.33
52 22 0.05
23 52 0.08
25 52 0.18
26 52 0.1
52 27 0.31
28 52 0.26
52 29 0.23
52 30 0.15
52 31 0.39
52 33 0.33
52 36 0.26
52 37 0.21
40 52 0.24
41 52 0.51
42 52 0.04
43 52 0.42
52 44 0.15
52 45 0.54
52 46 0.39
52 47 0.31
52 50 0.07
52 51 0.13
52 81 0.0014
1 53 0.27
53 2 0.49
3 53 0.3
53 4 0.17
53 5 0.09
53 6 0.37
53 7 0.17
53 8 0.33
53 9 0.21
53 10 0.28
53 11 0.17
53 12 0.34
53 13 0.08
53 14 0.11
53 15 0.12
53 16 0.17
53 17 0.34
53 18 0.43
53 19 0.49
20 53 0.62
21 53 0.58
53 22 0.33
23 53 0.21
53 24 0.21
25 53 0.22
26 53 0.11
53 27 0.17
28 53 0.22
53 29 0.13
53 30 0.08
53 31 0.34
53 33 0.18
53 34 0.12
53 35 0.16
53 36 0.17
53 37 0.14
38 53 0.09
53 39 0.06
53 40 0.4
41 53 0.6
42 53 0.22
53 43 0.46
53 44 0.36
53 45 0.43
53 46 0.27
53 47 0.38
53 48 0.1
53 49 0.17
53 50 0.08
53 51 0.07
53 52 0.55
53 81 0.0010
2 54 0.41
3 54 0.05
54 4 0.63
5 54 0.34
54 11 0.63
12 54 0.32
14 54 0.4
17 54 0.16
18 54 0.37
19 54 0.51
20 54 0.16
21 54 0.23
23 54 0.17
25 54 0.18
35 54 0.4
40 54 0.5
41 54 0.33
43 54 0.43
44 54 0.45
45 54 0.37
47 54 0.65
54 49 0.63
52 54 0.1
53 54 0.21
81 54 2.0E-4
2 55 0.57
3 55 0.08
55 4 0.5
55 5 0.27
55 11 0.5
12 55 0.38
55 14 0.32
17 55 0.13
18 55 0.39
19 55 0.57
20 55 0.21
21 55 0.29
23 55 0.2
25 55 0.14
26 55 0.08
28 55 0.11
55 35 0.32
40 55 0.49
41 55 0.42
43 55 0.34
55 44 0.71
45 55 0.49
47 55 0.41
55 49 0.5
52 55 0.23
53 55 0.34
55 54 0.47
81 55 2.0E-4
3 56 0.11
6 56 0.2
9 56 0.58
13 56 0.71
16 56 0.71
20 56 0.07
27 56 0.71
29 56 0.35
36 56 0.24
37 56 0.24
52 56 0.22
53 56 0.12
81 56 0.0010
1 57 0.06
57 2 0.16
3 57 0.26
57 4 0.33
57 5 0.18
57 6 0.05
57 7 0.05
57 8 0.05
57 9 0.14
57 10 0.13
57 11 0.33
57 12 0.25
57 14 0.21
57 17 0.08
57 18 0.2
57 19 0.16
20 57 0.31
21 57 0.36
23 57 0.23
25 57 0.24
26 57 0.27
28 57 0.36
57 31 0.08
57 32 0.24
57 33 0.24
57 35 0.21
57 36 0.17
57 37 0.17
57 39 0.12
57 40 0.33
41 57 0.38
42 57 0.14
57 43 0.29
57 44 0.16
57 45 0.26
57 46 0.11
57 47 0.2
57 48 0.1
57 49 0.33
57 51 0.14
57 52 0.21
57 53 0.31
57 54 0.21
57 55 0.17
57 81 7.0E-4
1 58 0.06
58 2 0.32
3 58 0.13
58 4 0.32
58 5 0.17
58 11 0.32
58 12 0.16
58 14 0.21
58 18 0.19
58 19 0.26
20 58 0.32
21 58 0.26
23 58 0.35
25 58 0.19
26 58 0.05
28 58 0.07
58 35 0.21
38 58 0.09
58 40 0.32
41 58 0.34
42 58 0.14
58 43 0.11
58 44 0.38
58 45 0.25
58 47 0.13
58 49 0.32
58 52 0.15
58 53 0.33
58 54 0.21
58 55 0.41
58 57 0.27
58 81 1.0E-4
1 59 0.04
59 2 0.72
3 59 0.16
59 4 0.23
59 5 0.12
6 59 0.37
59 7 0.03
8 59 0.04
10 59 0.2
59 11 0.23
59 12 0.46
59 14 0.15
59 17 0.46
59 18 0.59
59 19 0.72
20 59 0.45
21 59 0.55
22 59 0.6
23 59 0.13
59 24 0.19
25 59 0.1
26 59 0.04
28 59 0.1
59 29 0.06
59 31 0.46
59 34 0.16
59 35 0.15
38 59 0.06
40 59 0.32
41 59 0.56
42 59 0.03
43 59 0.56
59 44 0.49
59 45 0.55
59 46 0.29
59 47 0.57
59 48 0.07
59 49 0.23
59 50 0.05
52 59 0.39
53 59 0.57
59 54 0.37
59 55 0.46
57 59 0.12
58 59 0.23
59 81 5.0E-4
60 2 0.61
3 60 0.04
60 12 0.8
60 17 0.94
60 18 0.73
60 19 0.61
20 60 0.19
21 60 0.19
60 31 0.8
40 60 0.1
41 60 0.39
43 60 0.64
60 45 0.73
60 46 0.68
60 47 0.55
60 50 0.12
52 60 0.49
53 60 0.32
60 55 0.13
57 60 0.09
59 60 0.43
60 81 5.0E-4
3 61 0.11
20 61 0.07
25 61 0.2
26 61 0.23
36 61 0.24
81 61 4.0E-4
1 62 0.08
62 2 0.11
3 62 0.3
62 4 0.11
62 5 0.06
62 6 0.73
62 7 0.16
8 62 0.22
62 9 0.09
10 62 0.46
62 11 0.11
62 12 0.17
62 14 0.07
62 15 0.16
62 16 0.11
62 17 0.11
62 18 0.13
62 19 0.11
20 62 0.45
21 62 0.51
62 22 0.71
23 62 0.09
62 24 0.28
25 62 0.1
62 27 0.11
28 62 0.05
62 29 0.23
62 31 0.06
62 33 0.08
62 34 0.16
62 35 0.15
36 62 0.04
37 62 0.15
38 62 0.06
40 62 0.09
41 62 0.19
42 62 0.17
43 62 0.12
62 44 0.05
62 45 0.18
62 46 0.07
62 47 0.14
62 48 0.13
62 49 0.11
62 50 0.05
52 62 0.11
53 62 0.47
62 54 0.07
62 55 0.11
57 62 0.11
58 62 0.04
62 59 0.51
62 60 0.12
62 81 6.0E-4
3 63 0.19
6 63 0.12
9 63 0.33
63 13 0.82
16 63 0.41
20 63 0.13
27 63 0.41
29 63 0.2
36 63 0.14
37 63 0.27
42 63 0.24
52 63 0.13
53 63 0.07
63 56 0.58
81 63 4.0E-4
2 64 0.32
64 4 1.0
5 64 0.53
64 11 1.0
12 64 0.5
14 64 0.63
18 64 0.39
19 64 0.32
20 64 0.1
21 64 0.14
23 64 0.27
25 64 0.29
35 64 0.63
40 64 0.39
41 64 0.21
43 64 0.34
44 64 0.47
45 64 0.39
47 64 0.41
64 49 1.0
53 64 0.17
54 64 0.63
55 64 0.5
57 64 0.33
58 64 0.32
59 64 0.23
62 64 0.11
81 64 5.0E-4
65 1 0.2
65 2 0.37
65 3 0.12
65 4 0.38
65 5 0.4
65 7 0.16
65 8 0.06
65 10 0.04
65 11 0.38
65 12 0.38
65 14 0.36
65 17 0.19
65 18 0.3
65 19 0.43
65 20 0.28
65 21 0.24
65 23 0.21
65 25 0.16
65 26 0.18
65 28 0.08
65 29 0.09
65 31 0.09
65 35 0.36
65 38 0.1
65 40 0.3
65 41 0.39
65 42 0.11
65 43 0.45
65 44 0.36
65 45 0.37
65 47 0.46
65 48 0.11
65 49 0.38
65 52 0.12
65 53 0.26
65 54 0.48
65 55 0.38
65 57 0.19
65 58 0.12
65 59 0.31
65 60 0.2
65 62 0.17
65 64 0.38
65 81 2.0E-4
66 2 0.73
3 66 0.03
66 4 0.41
66 5 0.22
66 11 0.41
66 12 0.71
66 14 0.26
66 17 0.61
66 18 0.88
66 19 0.79
20 66 0.25
21 66 0.29
23 66 0.17
25 66 0.12
26 66 0.07
28 66 0.09
66 31 0.82
66 35 0.26
40 66 0.32
41 66 0.51
43 66 0.77
66 44 0.48
66 45 0.8
66 46 0.52
66 47 0.67
66 49 0.41
66 50 0.09
52 66 0.38
53 66 0.41
66 54 0.39
66 55 0.41
57 66 0.2
58 66 0.2
59 66 0.57
66 60 0.65
62 66 0.09
66 64 0.41
65 66 0.31
66 81 8.0E-4
67 2 0.51
67 12 0.63
67 17 0.79
67 18 0.62
67 19 0.51
20 67 0.16
21 67 0.14
67 31 0.79
41 67 0.33
43 67 0.54
67 45 0.62
67 46 0.6
67 47 0.52
52 67 0.39
53 67 0.27
57 67 0.11
59 67 0.37
67 60 0.85
62 67 0.07
65 67 0.12
67 66 0.65
67 81 3.0E-4
2 68 0.46
68 4 0.71
68 5 0.38
68 11 0.71
12 68 0.35
68 14 0.45
17 68 0.18
18 68 0.55
19 68 0.46
20 68 0.15
21 68 0.2
23 68 0.19
25 68 0.2
31 68 0.18
68 35 0.45
40 68 0.55
41 68 0.29
43 68 0.36
68 44 0.5
45 68 0.28
47 68 0.43
68 49 0.71
52 68 0.11
53 68 0.24
68 54 0.67
55 68 0.35
57 68 0.24
58 68 0.23
59 68 0.33
62 68 0.08
68 64 0.71
65 68 0.27
66 68 0.43
81 68 3.0E-4
2 69 0.51
69 4 0.63
69 5 0.34
69 11 0.63
12 69 0.32
69 14 0.4
18 69 0.5
19 69 0.51
20 69 0.16
21 69 0.18
23 69 0.17
25 69 0.18
69 29 0.16
31 69 0.32
69 35 0.4
40 69 0.37
41 69 0.33
43 69 0.54
69 44 0.6
45 69 0.25
47 69 0.39
69 49 0.63
52 69 0.1
53 69 0.27
69 54 0.4
55 69 0.32
57 69 0.21
58 69 0.21
59 69 0.37
62 69 0.07
69 64 0.63
65 69 0.36
66 69 0.52
69 68 0.67
81 69 3.0E-4
2 70 0.26
3 70 0.17
6 70 0.08
10 70 0.1
12 70 0.4
17 70 0.4
18 70 0.31
19 70 0.26
20 70 0.19
21 70 0.23
22 70 0.09
25 70 0.08
26 70 0.26
28 70 0.34
31 70 0.4
70 32 0.38
70 33 0.19
70 39 0.19
41 70 0.39
43 70 0.28
45 70 0.42
46 70 0.17
70 47 0.33
52 70 0.25
53 70 0.18
57 70 0.36
59 70 0.25
60 70 0.43
62 70 0.12
65 70 0.1
66 70 0.33
67 70 0.51
81 70 3.0E-4
71 1 0.1
71 3 0.27
71 6 0.17
71 7 0.08
71 10 0.06
71 20 0.18
71 21 0.21
71 22 0.09
71 23 0.16
71 24 0.24
71 25 0.17
71 26 0.28
71 28 0.37
71 29 0.29
71 32 0.41
71 33 0.2
71 34 0.41
71 36 0.1
71 37 0.19
71 38 0.31
71 39 0.2
71 41 0.24
71 42 0.17
71 48 0.17
71 53 0.05
71 57 0.19
71 59 0.07
71 62 0.13
71 65 0.11
71 70 0.31
71 81 7.0E-4
3 72 0.11
20 72 0.07
21 72 0.1
28 72 0.3
72 33 0.5
36 72 0.24
51 72 0.58
52 72 0.22
53 72 0.12
57 72 0.24
81 72 5.0E-4
1 73 0.13
2 73 0.36
3 73 0.06
6 73 0.05
73 7 0.1
8 73 0.06
10 73 0.11
12 73 0.18
17 73 0.27
18 73 0.43
19 73 0.36
20 73 0.28
21 73 0.18
22 73 0.06
23 73 0.15
26 73 0.18
28 73 0.08
31 73 0.37
73 39 0.13
40 73 0.21
41 73 0.27
42 73 0.16
43 73 0.25
73 44 0.17
45 73 0.21
46 73 0.23
47 73 0.22
48 73 0.11
73 50 0.08
52 73 0.23
53 73 0.25
73 54 0.12
55 73 0.09
58 73 0.12
59 73 0.3
60 73 0.2
62 73 0.04
65 73 0.14
66 73 0.37
67 73 0.12
73 68 0.26
73 69 0.23
70 73 0.1
81 73 1.0E-4
74 1 0.13
74 2 0.06
74 3 0.25
74 4 0.18
74 5 0.28
74 7 0.1
74 10 0.07
74 11 0.18
74 12 0.09
74 14 0.22
74 18 0.07
74 19 0.06
74 20 0.29
74 21 0.28
74 23 0.14
74 25 0.26
74 26 0.23
74 28 0.23
74 29 0.09
74 30 0.35
74 33 0.25
74 35 0.22
74 36 0.3
74 37 0.12
74 38 0.09
74 39 0.25
74 40 0.21
74 41 0.26
74 42 0.15
74 43 0.18
74 44 0.08
74 45 0.07
74 47 0.07
74 48 0.1
74 49 0.18
74 51 0.14
74 52 0.22
74 53 0.18
74 54 0.11
74 55 0.09
74 57 0.29
74 58 0.11
74 59 0.04
74 64 0.18
74 65 0.27
74 66 0.07
74 68 0.13
74 69 0.11
74 71 0.1
74 72 0.25
74 81 4.0E-4
20 75 0.07
21 75 0.1
62 75 0.16
81 75 0.0010
1 76 0.14
76 2 0.33
3 76 0.06
10 76 0.04
76 12 0.41
76 17 0.51
76 18 0.4
76 19 0.33
20 76 0.25
21 76 0.23
23 76 0.11
25 76 0.12
26 76 0.13
76 31 0.51
76 33 0.14
40 76 0.16
41 76 0.38
42 76 0.12
43 76 0.49
76 45 0.4
76 46 0.39
76 47 0.33
76 48 0.12
76 50 0.09
52 76 0.38
53 76 0.38
57 76 0.27
58 76 0.26
59 76 0.24
76 60 0.55
62 76 0.05
65 76 0.08
76 66 0.42
76 67 0.52
76 70 0.33
76 73 0.15
74 76 0.29
76 81 1.0E-4
20 77 0.07
21 77 0.1
62 77 0.16
77 75 1.0
81 77 0.0010
1 78 0.08
78 2 0.15
3 78 0.07
78 4 0.47
78 5 0.5
78 7 0.07
78 10 0.05
78 11 0.47
78 12 0.24
78 14 0.45
78 18 0.18
78 19 0.15
20 78 0.22
21 78 0.27
23 78 0.26
25 78 0.2
26 78 0.23
78 35 0.6
38 78 0.13
78 40 0.55
41 78 0.25
78 43 0.32
78 44 0.22
78 45 0.28
78 47 0.19
78 48 0.14
78 49 0.47
78 52 0.15
78 53 0.28
78 54 0.3
78 55 0.24
78 57 0.47
78 58 0.38
78 59 0.11
78 62 0.05
78 64 0.47
65 78 0.27
78 66 0.19
78 68 0.33
78 69 0.3
74 78 0.33
78 76 0.19
78 81 2.0E-4
3 79 0.26
5 79 0.13
6 79 0.07
7 79 0.07
10 79 0.23
20 79 0.22
21 79 0.17
22 79 0.08
23 79 0.06
26 79 0.31
28 79 0.4
79 32 0.33
79 33 0.17
38 79 0.13
79 39 0.17
41 79 0.15
42 79 0.07
79 50 0.11
53 79 0.04
57 79 0.24
58 79 0.08
59 79 0.05
62 79 0.05
70 79 0.38
71 79 0.27
81 79 2.0E-4
3 80 0.11
20 80 0.07
21 80 0.1
26 80 0.23
28 80 0.3
80 32 1.0
33 80 0.5
39 80 0.5
41 80 0.15
57 80 0.24
70 80 0.38
71 80 0.41
79 80 0.33
81 80 8.0E-4
