*Vertices  69
1 "显示器"
2 "LED灯"
3 "容器"
4 "光膜"
5 "荧光粉"
6 "开关"
7 "发光荧光材料"
8 "柔性高分子材料"
9 "塑料光转换荧光粒料"
10 "助剂"
11 "离子络合"
12 "引发剂"
13 "聚合物树脂"
14 "硼酸"
15 "变压器"
16 "AuSn"
17 "Au5Sn"
18 "EP"
19 "LED"
20 "二极管"
21 "扩散剂"
22 "玻璃"
23 "LED光源"
24 "塑料"
25 "Au-Sn合金电镀液"
26 "缩水甘油"
27 "转换器"
28 "基座"
29 "稀释剂"
30 "光谱仪"
31 "荧光体"
32 "硅橡胶"
33 "SiO2"
34 "半导体"
35 "电路板"
36 "Al2O3"
37 "MQW"
38 "客户"
39 "焊盘"
40 "含硅"
41 "荧光光谱"
42 "金属银纳米粒子"
43 "LED芯片"
44 "芯片"
45 "涂层"
46 "硅油"
47 "SrCO3"
48 "Eu2O3"
49 "亚硫酸"
50 "硝酸"
51 "Eu2"
52 "去离子水"
53 "硬脂酰胺"
54 "Li"
55 "液体石蜡"
56 "离子"
57 "基色"
58 "Au-Sn合金"
59 "Au-30at.％Sn合金"
60 "丙酮"
61 "玻璃体"
62 "酯键"
63 "臭氧"
64 "透镜"
65 "甲基"
66 "激发光"
67 "络合剂"
68 "DMA"
69 "酸盐"
*Arcs
1 69 2.0E-4
2 1 0.08
2 69 1.0E-4
2 3 0.12
69 3 4.0E-4
4 1 0.29
4 2 0.13
4 3 0.22
4 69 3.0E-4
5 1 0.14
5 2 0.13
5 3 0.22
5 4 0.33
5 69 0.0015
1 6 0.07
2 6 0.37
6 3 0.21
5 6 0.08
69 6 0.0
7 1 0.13
7 2 0.21
7 3 0.2
7 4 0.31
7 5 0.54
7 6 0.07
7 69 0.0019
8 3 0.38
4 8 0.58
5 8 0.29
7 8 0.27
69 8 7.0E-4
1 9 0.25
2 9 0.11
5 9 0.29
6 9 0.14
7 9 0.27
69 9 7.0E-4
1 10 0.18
2 10 0.08
10 3 0.27
4 10 0.41
5 10 0.41
6 10 0.1
7 10 0.38
10 8 0.71
10 9 0.71
69 10 0.0014
69 11 8.0E-4
1 12 0.18
69 12 0.0013
1 13 0.25
2 13 0.11
5 13 0.29
6 13 0.14
7 13 0.27
13 9 1.0
13 10 0.71
69 13 7.0E-4
1 14 0.13
2 14 0.11
14 3 0.19
5 14 0.29
7 14 0.4
14 12 0.35
69 14 0.0025
1 15 0.11
2 15 0.26
15 3 0.24
5 15 0.06
6 15 0.29
15 12 0.15
14 15 0.11
69 15 1.0E-4
16 11 1.0
69 16 8.0E-4
17 11 1.0
17 16 1.0
69 17 8.0E-4
1 18 0.07
2 18 0.12
18 3 0.1
5 18 0.39
18 6 0.11
7 18 0.29
18 12 0.38
18 14 0.4
18 15 0.11
69 18 0.0014
19 1 0.29
19 2 0.67
19 3 0.19
19 4 0.13
19 5 0.25
19 6 0.54
19 7 0.28
19 8 0.07
19 9 0.07
19 10 0.1
19 11 0.07
19 12 0.1
19 13 0.07
19 14 0.15
19 15 0.34
19 16 0.07
19 17 0.07
19 18 0.28
19 69 5.0E-4
20 1 0.15
20 2 0.32
20 3 0.23
20 4 0.12
20 5 0.23
20 6 0.46
20 7 0.33
20 8 0.1
20 9 0.1
20 10 0.14
20 11 0.1
20 12 0.14
20 13 0.1
20 14 0.1
20 15 0.39
20 16 0.1
20 17 0.1
20 18 0.22
20 19 0.72
20 69 6.0E-4
2 21 0.16
3 21 0.27
5 21 0.2
7 21 0.38
14 21 0.35
19 21 0.1
20 21 0.07
69 21 3.0E-4
22 1 0.19
22 2 0.27
22 4 0.11
22 5 0.11
22 6 0.18
22 7 0.1
22 12 0.27
22 14 0.19
22 15 0.08
22 18 0.21
22 19 0.38
22 20 0.27
22 69 3.0E-4
23 1 0.15
23 2 0.36
23 3 0.08
23 4 0.12
23 5 0.24
23 6 0.06
23 7 0.16
23 12 0.14
23 14 0.31
23 15 0.09
23 18 0.22
23 19 0.36
23 20 0.29
23 21 0.14
23 22 0.24
23 69 3.0E-4
24 1 0.17
24 2 0.28
24 3 0.17
24 4 0.26
24 5 0.2
24 6 0.16
24 7 0.18
24 8 0.23
24 9 0.23
24 10 0.32
24 13 0.23
24 15 0.05
24 18 0.06
24 19 0.32
24 20 0.28
24 22 0.35
24 23 0.14
24 69 2.0E-4
25 11 1.0
25 16 1.0
25 17 1.0
19 25 0.07
20 25 0.1
69 25 8.0E-4
1 26 0.18
26 12 1.0
14 26 0.35
15 26 0.15
18 26 0.38
19 26 0.1
20 26 0.14
22 26 0.27
23 26 0.14
69 26 0.0013
1 27 0.15
2 27 0.1
5 27 0.09
6 27 0.25
7 27 0.08
27 9 0.3
27 10 0.21
27 13 0.3
15 27 0.06
18 27 0.08
19 27 0.24
20 27 0.21
22 27 0.12
24 27 0.21
69 27 1.0E-4
2 28 0.22
3 28 0.19
5 28 0.14
7 28 0.13
14 28 0.25
19 28 0.15
20 28 0.15
28 21 0.35
23 28 0.1
24 28 0.11
69 28 1.0E-4
1 29 0.14
29 3 0.22
4 29 0.33
5 29 0.17
7 29 0.15
29 8 0.58
29 10 0.41
29 12 0.82
14 29 0.29
15 29 0.12
18 29 0.31
19 29 0.13
20 29 0.18
22 29 0.22
23 29 0.12
24 29 0.13
29 26 0.82
69 29 0.0021
2 30 0.08
7 30 0.19
30 14 0.35
30 18 0.19
19 30 0.1
20 30 0.07
69 30 4.0E-4
31 3 0.22
4 31 0.33
5 31 0.5
7 31 0.46
31 8 0.58
31 10 0.41
14 31 0.29
18 31 0.31
19 31 0.13
20 31 0.18
22 31 0.11
23 31 0.12
24 31 0.13
31 29 0.33
69 31 0.0011
1 32 0.14
2 32 0.06
32 3 0.44
4 32 0.33
5 32 0.33
7 32 0.31
32 8 0.58
32 10 0.41
32 12 0.41
14 32 0.58
15 32 0.12
18 32 0.15
19 32 0.13
20 32 0.12
32 21 0.41
22 32 0.11
23 32 0.24
24 32 0.13
32 26 0.41
32 28 0.29
32 29 0.67
32 31 0.33
69 32 0.0019
1 33 0.07
2 33 0.12
33 3 0.21
4 33 0.16
5 33 0.32
33 6 0.04
7 33 0.52
33 8 0.28
33 9 0.28
33 10 0.39
33 13 0.28
33 14 0.14
33 15 0.06
33 18 0.3
19 33 0.27
20 33 0.31
22 33 0.16
23 33 0.11
24 33 0.19
33 27 0.08
33 29 0.16
33 30 0.2
33 31 0.32
33 32 0.16
69 33 0.0010
34 1 0.11
34 2 0.29
34 3 0.22
34 4 0.09
34 5 0.34
34 6 0.14
34 7 0.43
34 9 0.15
34 10 0.1
34 11 0.15
34 12 0.1
34 13 0.15
34 14 0.22
34 15 0.19
34 16 0.15
34 17 0.15
34 18 0.28
34 19 0.5
34 20 0.55
34 21 0.21
34 22 0.23
34 23 0.3
34 24 0.24
34 25 0.15
34 26 0.1
34 27 0.13
34 28 0.15
34 29 0.09
34 31 0.17
34 32 0.17
34 33 0.41
34 69 8.0E-4
35 1 0.26
35 2 0.4
35 3 0.08
35 4 0.24
35 5 0.12
35 6 0.14
35 7 0.16
35 12 0.14
35 14 0.1
35 15 0.04
35 18 0.05
35 19 0.36
35 20 0.17
35 21 0.29
35 22 0.39
35 23 0.17
35 24 0.19
35 26 0.14
35 28 0.1
35 29 0.12
35 32 0.12
35 33 0.06
35 34 0.15
35 69 2.0E-4
1 36 0.06
2 36 0.08
36 3 0.09
4 36 0.14
5 36 0.35
36 6 0.03
7 36 0.45
36 8 0.24
36 9 0.24
36 10 0.34
36 13 0.24
36 15 0.05
18 36 0.06
19 36 0.3
20 36 0.34
22 36 0.09
23 36 0.1
24 36 0.11
36 27 0.07
36 29 0.14
36 31 0.14
36 32 0.14
33 36 0.54
34 36 0.57
69 36 4.0E-4
2 37 0.09
5 37 0.16
6 37 0.04
7 37 0.15
14 37 0.14
15 37 0.12
18 37 0.22
19 37 0.27
20 37 0.31
22 37 0.21
23 37 0.23
24 37 0.06
31 37 0.16
33 37 0.31
34 37 0.53
36 37 0.67
69 37 1.0E-4
1 38 0.2
2 38 0.22
4 38 0.24
5 38 0.12
6 38 0.17
7 38 0.11
38 9 0.41
38 10 0.29
38 13 0.41
18 38 0.11
19 38 0.18
20 38 0.08
22 38 0.08
23 38 0.08
24 38 0.09
27 38 0.12
33 38 0.11
34 38 0.12
35 38 0.17
36 38 0.1
69 38 1.0E-4
2 39 0.06
5 39 0.17
6 39 0.08
39 11 0.58
15 39 0.12
39 16 0.58
39 17 0.58
18 39 0.31
19 39 0.13
20 39 0.12
23 39 0.12
39 25 0.58
34 39 0.17
39 37 0.16
69 39 3.0E-4
1 40 0.25
40 12 0.71
14 40 0.5
15 40 0.21
18 40 0.27
19 40 0.07
20 40 0.1
22 40 0.19
23 40 0.2
40 26 0.71
29 40 0.58
32 40 0.58
34 40 0.15
69 40 7.0E-4
2 41 0.08
7 41 0.19
41 14 0.35
41 18 0.19
19 41 0.1
20 41 0.07
41 30 1.0
41 33 0.2
69 41 4.0E-4
5 42 0.29
7 42 0.27
14 42 0.5
18 42 0.27
19 42 0.07
20 42 0.1
22 42 0.19
23 42 0.2
31 42 0.58
34 42 0.15
37 42 0.28
69 42 6.0E-4
2 43 0.19
43 3 0.25
4 43 0.13
5 43 0.31
43 6 0.03
7 43 0.17
43 8 0.22
43 10 0.15
14 43 0.22
43 15 0.09
18 43 0.29
19 43 0.34
20 43 0.33
43 21 0.15
22 43 0.08
23 43 0.18
24 43 0.1
43 28 0.33
43 29 0.13
43 31 0.25
43 32 0.25
33 43 0.24
34 43 0.51
35 43 0.04
36 43 0.42
43 37 0.54
43 39 0.25
43 42 0.22
69 43 4.0E-4
1 44 0.27
2 44 0.3
44 3 0.14
4 44 0.07
5 44 0.35
44 6 0.28
7 44 0.35
44 8 0.12
44 9 0.12
44 10 0.17
44 11 0.12
44 12 0.17
44 13 0.12
44 14 0.24
44 15 0.18
44 16 0.12
44 17 0.12
44 18 0.35
19 44 0.62
20 44 0.58
44 21 0.08
22 44 0.21
23 44 0.22
24 44 0.11
44 25 0.12
44 26 0.17
44 27 0.25
44 28 0.18
44 29 0.21
44 30 0.08
44 31 0.21
44 32 0.21
44 33 0.4
34 44 0.6
35 44 0.22
44 36 0.46
44 37 0.43
44 38 0.1
44 39 0.21
44 40 0.12
44 41 0.08
44 42 0.12
44 43 0.55
69 44 0.0011
2 45 0.11
5 45 0.14
7 45 0.13
45 15 0.11
18 45 0.13
19 45 0.15
20 45 0.1
22 45 0.1
23 45 0.1
33 45 0.14
34 45 0.07
35 45 0.1
45 36 0.12
44 45 0.06
69 45 1.0E-4
46 3 0.38
4 46 0.58
5 46 0.29
7 46 0.27
46 8 1.0
46 10 0.71
19 46 0.07
20 46 0.1
24 46 0.23
46 29 0.58
46 31 0.58
46 32 0.58
33 46 0.28
36 46 0.24
43 46 0.22
44 46 0.12
69 46 7.0E-4
2 47 0.08
5 47 0.2
7 47 0.38
47 14 0.35
47 18 0.38
19 47 0.1
20 47 0.07
47 30 0.5
47 31 0.41
47 33 0.39
34 47 0.1
47 41 0.5
47 44 0.17
47 69 5.0E-4
2 48 0.08
5 48 0.2
7 48 0.38
48 14 0.35
48 18 0.38
19 48 0.1
20 48 0.07
48 30 0.5
48 31 0.41
48 33 0.39
34 48 0.1
48 41 0.5
48 44 0.17
48 47 1.0
48 69 5.0E-4
49 11 1.0
49 16 1.0
49 17 1.0
19 49 0.07
20 49 0.1
49 25 1.0
34 49 0.15
49 39 0.58
44 49 0.12
69 49 8.0E-4
2 50 0.06
5 50 0.33
7 50 0.46
50 14 0.58
50 18 0.46
19 50 0.13
20 50 0.12
22 50 0.11
23 50 0.12
50 30 0.41
50 31 0.33
50 33 0.32
34 50 0.17
50 36 0.14
50 37 0.16
50 41 0.41
50 42 0.58
50 43 0.13
50 44 0.21
50 45 0.29
50 47 0.41
50 48 0.41
50 69 0.0016
2 51 0.05
5 51 0.43
7 51 0.53
51 14 0.5
51 18 0.53
19 51 0.15
20 51 0.15
22 51 0.1
23 51 0.1
51 30 0.35
51 31 0.58
51 33 0.42
34 51 0.22
51 36 0.12
51 37 0.14
51 41 0.35
51 42 0.5
51 43 0.11
51 44 0.24
51 45 0.25
51 47 0.71
51 48 0.71
51 50 0.87
51 69 0.0014
2 52 0.05
52 3 0.17
7 52 0.12
52 11 0.45
52 14 0.22
52 16 0.45
52 17 0.45
52 18 0.36
19 52 0.16
20 52 0.14
52 25 0.45
52 30 0.32
52 33 0.25
34 52 0.2
52 39 0.26
52 41 0.32
52 43 0.1
52 44 0.21
52 47 0.32
52 48 0.32
52 49 0.45
52 50 0.26
52 51 0.22
52 69 7.0E-4
1 53 0.25
2 53 0.11
5 53 0.29
6 53 0.14
7 53 0.27
53 9 1.0
53 10 0.71
53 13 1.0
19 53 0.07
20 53 0.1
24 53 0.23
27 53 0.3
33 53 0.28
34 53 0.15
36 53 0.24
53 38 0.41
44 53 0.12
69 53 7.0E-4
1 54 0.06
2 54 0.26
54 3 0.09
4 54 0.14
5 54 0.27
54 6 0.13
7 54 0.31
54 8 0.24
54 9 0.24
54 10 0.33
54 12 0.17
54 13 0.24
54 14 0.24
54 15 0.05
54 18 0.25
19 54 0.31
20 54 0.36
54 21 0.17
22 54 0.23
23 54 0.24
24 54 0.27
54 26 0.17
54 27 0.21
54 28 0.24
54 29 0.27
54 30 0.17
54 31 0.27
54 32 0.14
54 33 0.33
34 54 0.38
35 54 0.14
54 36 0.29
54 37 0.26
54 38 0.1
54 41 0.17
54 42 0.24
54 43 0.21
54 44 0.31
54 46 0.24
54 47 0.17
54 48 0.17
54 50 0.27
54 51 0.24
54 52 0.11
54 53 0.24
54 69 0.0012
1 55 0.25
2 55 0.11
5 55 0.29
6 55 0.14
7 55 0.27
55 9 1.0
55 10 0.71
55 13 1.0
19 55 0.07
20 55 0.1
24 55 0.23
27 55 0.3
33 55 0.28
34 55 0.15
36 55 0.24
55 38 0.41
44 55 0.12
55 53 1.0
54 55 0.24
69 55 7.0E-4
1 56 0.06
2 56 0.13
56 3 0.09
5 56 0.13
7 56 0.18
56 11 0.23
56 12 0.32
56 14 0.34
56 15 0.1
56 16 0.23
56 17 0.23
56 18 0.49
19 56 0.32
20 56 0.26
22 56 0.35
23 56 0.19
24 56 0.05
56 25 0.23
56 26 0.32
56 27 0.07
56 29 0.26
56 30 0.16
56 31 0.26
56 32 0.13
56 33 0.32
34 56 0.34
35 56 0.14
56 36 0.11
56 37 0.25
56 39 0.13
56 40 0.23
56 41 0.16
56 42 0.23
56 43 0.15
56 44 0.33
56 45 0.11
56 47 0.32
56 48 0.32
56 49 0.23
56 50 0.26
56 51 0.34
56 52 0.51
56 54 0.27
56 69 0.0013
2 57 0.04
5 57 0.24
7 57 0.22
57 14 0.41
57 18 0.22
19 57 0.18
20 57 0.08
22 57 0.16
23 57 0.08
24 57 0.09
57 30 0.29
57 31 0.24
57 33 0.23
34 57 0.12
35 57 0.08
57 36 0.1
57 37 0.11
57 41 0.29
57 42 0.41
57 43 0.18
57 44 0.15
57 47 0.29
57 48 0.29
57 50 0.47
57 51 0.41
57 52 0.18
57 54 0.19
57 56 0.19
57 69 5.0E-4
58 11 1.0
58 16 1.0
58 17 1.0
19 58 0.07
20 58 0.1
58 25 1.0
34 58 0.15
58 39 0.58
44 58 0.12
58 49 1.0
52 58 0.45
56 58 0.23
69 58 8.0E-4
59 11 1.0
59 16 1.0
59 17 1.0
19 59 0.07
20 59 0.1
59 25 1.0
34 59 0.15
59 39 0.58
44 59 0.12
59 49 1.0
52 59 0.45
56 59 0.23
59 58 1.0
69 59 8.0E-4
1 60 0.1
2 60 0.04
60 3 0.15
7 60 0.11
60 12 0.58
60 14 0.41
60 15 0.09
60 18 0.65
19 60 0.18
20 60 0.17
22 60 0.24
23 60 0.08
24 60 0.09
60 26 0.58
60 29 0.47
60 30 0.29
60 32 0.24
60 33 0.23
34 60 0.18
35 60 0.08
60 37 0.11
60 40 0.41
60 41 0.29
60 43 0.18
60 44 0.24
60 47 0.29
60 48 0.29
60 50 0.24
60 51 0.2
60 52 0.55
60 54 0.19
60 56 0.56
60 57 0.17
60 69 0.0012
5 61 0.29
7 61 0.27
14 61 0.5
18 61 0.27
19 61 0.07
20 61 0.1
22 61 0.19
23 61 0.2
31 61 0.58
34 61 0.15
37 61 0.28
61 42 1.0
43 61 0.22
44 61 0.12
50 61 0.58
51 61 0.5
54 61 0.24
56 61 0.23
57 61 0.41
69 61 6.0E-4
12 62 0.71
18 62 0.27
19 62 0.07
20 62 0.1
22 62 0.19
26 62 0.71
29 62 0.58
35 62 0.2
44 62 0.12
54 62 0.24
56 62 0.23
60 62 0.41
69 62 5.0E-4
2 63 0.22
63 3 0.31
4 63 0.24
5 63 0.24
7 63 0.22
63 8 0.41
63 10 0.29
14 63 0.2
15 63 0.09
19 63 0.18
20 63 0.04
63 21 0.29
22 63 0.24
23 63 0.08
24 63 0.19
63 28 0.2
63 29 0.24
63 31 0.24
63 32 0.47
33 63 0.11
34 63 0.06
35 63 0.17
36 63 0.1
43 63 0.18
44 63 0.1
45 63 0.2
63 46 0.41
54 63 0.1
56 63 0.28
69 63 5.0E-4
64 1 0.13
64 2 0.25
64 3 0.19
64 4 0.29
64 5 0.29
64 6 0.07
64 7 0.33
64 8 0.25
64 9 0.25
64 10 0.35
64 13 0.25
64 14 0.13
64 18 0.07
64 19 0.29
64 20 0.28
64 21 0.35
64 22 0.14
64 23 0.26
64 24 0.23
64 27 0.15
64 28 0.25
64 29 0.14
64 30 0.18
64 31 0.14
64 32 0.29
64 33 0.21
64 34 0.26
64 35 0.15
64 36 0.18
64 37 0.07
64 38 0.1
64 41 0.18
64 43 0.22
64 44 0.18
64 46 0.25
64 52 0.11
64 53 0.25
64 54 0.29
64 55 0.25
64 56 0.11
64 60 0.1
64 63 0.2
64 69 5.0E-4
1 65 0.14
2 65 0.06
65 3 0.22
4 65 0.17
5 65 0.33
6 65 0.04
7 65 0.23
65 8 0.29
65 9 0.29
65 10 0.41
65 11 0.29
65 12 0.41
65 13 0.29
14 65 0.29
15 65 0.06
65 16 0.29
65 17 0.29
18 65 0.23
19 65 0.25
20 65 0.23
65 21 0.2
22 65 0.11
23 65 0.12
24 65 0.13
65 25 0.29
65 26 0.41
27 65 0.09
65 28 0.14
65 29 0.5
65 31 0.17
65 32 0.5
33 65 0.16
34 65 0.38
35 65 0.12
36 65 0.49
65 37 0.4
65 38 0.12
65 39 0.17
65 40 0.29
43 65 0.38
44 65 0.38
65 46 0.29
65 49 0.29
52 65 0.26
65 53 0.29
54 65 0.27
65 55 0.29
56 65 0.26
65 58 0.29
65 59 0.29
60 65 0.35
65 62 0.29
65 63 0.24
64 65 0.29
69 65 0.0023
1 66 0.08
2 66 0.07
66 3 0.13
4 66 0.19
5 66 0.38
66 6 0.05
7 66 0.45
66 8 0.33
66 9 0.33
66 10 0.47
66 13 0.33
66 14 0.33
66 18 0.27
19 66 0.22
20 66 0.27
22 66 0.26
23 66 0.2
24 66 0.23
66 27 0.2
66 29 0.19
66 30 0.47
66 31 0.58
66 32 0.19
66 33 0.55
34 66 0.25
66 36 0.32
66 37 0.28
66 38 0.14
66 41 0.47
66 42 0.33
66 43 0.15
66 44 0.28
66 46 0.33
66 47 0.47
66 48 0.47
66 50 0.38
66 51 0.5
66 52 0.15
66 53 0.33
66 54 0.47
66 55 0.33
66 56 0.38
66 57 0.27
66 60 0.14
66 61 0.33
66 63 0.14
64 66 0.33
66 65 0.19
66 69 0.0015
67 11 1.0
67 16 1.0
67 17 1.0
19 67 0.07
20 67 0.1
67 25 1.0
34 67 0.15
67 39 0.58
44 67 0.12
67 49 1.0
52 67 0.45
56 67 0.23
67 58 1.0
67 59 1.0
67 65 0.29
69 67 8.0E-4
1 68 0.14
6 68 0.08
68 12 0.41
14 68 0.29
15 68 0.12
18 68 0.31
19 68 0.13
20 68 0.06
22 68 0.11
23 68 0.12
68 26 0.41
27 68 0.17
29 68 0.33
32 68 0.33
34 68 0.09
68 40 0.58
44 68 0.07
54 68 0.14
56 68 0.13
57 68 0.24
60 68 0.24
65 68 0.17
69 68 3.0E-4
