*Vertices  22
1 "荧光粉"
2 "发光荧光材料"
3 "硼酸"
4 "EP"
5 "LED"
6 "二极管"
7 "玻璃"
8 "LED光源"
9 "荧光体"
10 "半导体"
11 "MQW"
12 "LED芯片"
13 "芯片"
14 "酸盐"
15 "硝酸"
16 "Eu2"
17 "Li"
18 "离子"
19 "基色"
20 "玻璃体"
21 "激发光"
22 "金属银纳米粒子"
*Arcs
1 22 0.0043
2 1 0.54
2 22 0.0041
1 3 0.29
2 3 0.4
3 22 0.0104
1 4 0.39
2 4 0.29
4 3 0.4
4 22 0.0040
5 1 0.25
5 2 0.28
5 3 0.15
5 4 0.28
5 22 5.0E-4
6 1 0.23
6 2 0.33
6 3 0.1
6 4 0.22
6 5 0.72
6 22 7.0E-4
7 1 0.11
7 2 0.1
7 3 0.19
7 4 0.21
7 5 0.38
7 6 0.27
7 22 0.0016
8 1 0.24
8 2 0.16
8 3 0.31
8 4 0.22
8 5 0.36
8 6 0.29
8 7 0.24
8 22 0.0018
1 9 0.5
2 9 0.46
3 9 0.29
4 9 0.31
5 9 0.13
6 9 0.18
7 9 0.11
8 9 0.12
9 22 0.0126
10 1 0.34
10 2 0.43
10 3 0.22
10 4 0.28
10 5 0.5
10 6 0.55
10 7 0.23
10 8 0.3
10 9 0.17
10 22 0.0014
1 11 0.16
2 11 0.15
3 11 0.14
4 11 0.22
5 11 0.27
6 11 0.31
7 11 0.21
8 11 0.23
9 11 0.16
10 11 0.53
11 22 0.0031
1 12 0.31
2 12 0.17
3 12 0.22
4 12 0.29
5 12 0.34
6 12 0.33
7 12 0.08
8 12 0.18
12 9 0.25
10 12 0.51
12 11 0.54
12 22 0.0022
1 13 0.35
2 13 0.35
13 3 0.24
13 4 0.35
5 13 0.62
6 13 0.58
7 13 0.21
8 13 0.22
13 9 0.21
10 13 0.6
13 11 0.43
13 12 0.55
13 22 0.0011
1 14 0.48
2 14 0.53
14 3 0.67
14 4 0.45
5 14 0.22
6 14 0.24
7 14 0.19
8 14 0.2
14 9 0.38
10 14 0.29
14 11 0.09
14 12 0.22
14 13 0.36
14 22 0.0059
1 15 0.33
2 15 0.46
15 3 0.58
15 4 0.46
5 15 0.13
6 15 0.12
7 15 0.11
8 15 0.12
15 9 0.33
10 15 0.17
15 11 0.16
15 12 0.13
15 13 0.21
15 14 0.58
15 22 0.0135
1 16 0.43
2 16 0.53
16 3 0.5
16 4 0.53
5 16 0.15
6 16 0.15
7 16 0.1
8 16 0.1
16 9 0.58
10 16 0.22
16 11 0.14
16 12 0.11
16 13 0.24
16 14 0.5
16 15 0.87
16 22 0.0113
1 17 0.27
2 17 0.31
17 3 0.24
17 4 0.25
5 17 0.31
6 17 0.36
7 17 0.23
8 17 0.24
17 9 0.27
10 17 0.38
17 11 0.26
17 12 0.21
17 13 0.31
17 14 0.39
17 15 0.27
17 16 0.24
17 22 0.0029
1 18 0.13
2 18 0.18
18 3 0.34
18 4 0.49
5 18 0.32
6 18 0.26
7 18 0.35
8 18 0.19
18 9 0.26
10 18 0.34
18 11 0.25
18 12 0.15
18 13 0.33
18 14 0.38
18 15 0.26
18 16 0.34
18 17 0.27
18 22 0.0028
1 19 0.24
2 19 0.22
19 3 0.41
19 4 0.22
5 19 0.18
6 19 0.08
7 19 0.16
8 19 0.08
19 9 0.24
10 19 0.12
19 11 0.11
19 12 0.18
19 13 0.15
19 14 0.27
19 15 0.47
19 16 0.41
19 17 0.19
19 18 0.19
19 22 0.0068
1 20 0.29
2 20 0.27
3 20 0.5
4 20 0.27
5 20 0.07
6 20 0.1
7 20 0.19
8 20 0.2
9 20 0.58
10 20 0.15
11 20 0.28
12 20 0.22
13 20 0.12
14 20 0.33
15 20 0.58
16 20 0.5
17 20 0.24
18 20 0.23
19 20 0.41
20 22 0.028
1 21 0.38
2 21 0.45
21 3 0.33
21 4 0.27
5 21 0.22
6 21 0.27
7 21 0.26
8 21 0.2
21 9 0.58
10 21 0.25
21 11 0.28
21 12 0.15
21 13 0.28
21 14 0.44
21 15 0.38
21 16 0.5
21 17 0.47
21 18 0.38
21 19 0.27
21 20 0.33
21 22 0.0055
