*Vertices  48
1 "衬底"
2 "LED灯"
3 "滤波片"
4 "光纤"
5 "发光荧光材料"
6 "III-V族半导体材料"
7 "GAN"
8 "保护层"
9 "PD"
10 "活性层"
11 "LED外延片"
12 "外延片"
13 "外延"
14 "LED"
15 "二极管"
16 "玻璃"
17 "通道"
18 "LED光源"
19 "腐蚀液"
20 "滤光片"
21 "光刻胶"
22 "SiO2"
23 "半导体"
24 "Al2O3"
25 "GaAs"
26 "MQW"
27 "ITO"
28 "键合"
29 "光子晶体"
30 "LED芯片"
31 "芯片"
32 "电流扩展层"
33 "Li"
34 "离子"
35 "电极"
36 "电阻"
37 "光子晶体谐振腔"
38 "激光"
39 "粘附层"
40 "MOCVD"
41 "湿法刻蚀"
42 "干法刻蚀"
43 "屏幕"
44 "透镜"
45 "透明导电层"
46 "反射层"
47 "激发光"
48 "金属层"
*Arcs
1 48 0.0025
2 1 0.03
2 48 0.0
1 3 0.32
48 3 0.0037
1 4 0.17
4 3 0.53
4 48 0.0013
5 1 0.18
5 2 0.21
5 48 7.0E-4
1 6 0.32
6 3 1.0
4 6 0.53
48 6 0.0037
7 1 0.65
2 7 0.04
7 3 0.5
7 4 0.27
7 6 0.5
7 48 0.0015
1 8 0.23
2 8 0.11
5 8 0.13
7 8 0.18
8 48 7.0E-4
1 9 0.21
9 3 0.63
9 4 0.68
9 6 0.63
7 9 0.32
9 48 0.0017
1 10 0.23
5 10 0.27
8 10 0.5
48 10 0.0018
11 1 0.65
2 11 0.04
11 7 0.75
11 8 0.18
11 48 4.0E-4
12 1 0.83
2 12 0.03
12 3 0.39
12 4 0.21
5 12 0.15
12 6 0.39
12 7 0.78
12 8 0.14
12 9 0.25
12 11 0.78
12 48 0.0019
13 1 0.95
2 13 0.05
13 3 0.32
13 4 0.17
5 13 0.25
13 6 0.32
13 7 0.65
13 8 0.23
13 9 0.21
13 10 0.23
13 11 0.65
13 12 0.83
13 48 0.0032
14 1 0.32
14 2 0.67
14 3 0.1
14 4 0.19
14 5 0.28
14 6 0.1
14 7 0.21
14 8 0.15
14 9 0.16
14 10 0.07
14 11 0.21
14 12 0.27
14 13 0.32
14 48 5.0E-4
15 1 0.37
15 2 0.32
15 3 0.14
15 4 0.23
15 5 0.33
15 6 0.14
15 7 0.25
15 8 0.1
15 9 0.18
15 10 0.1
15 11 0.22
15 12 0.31
15 13 0.37
15 14 0.72
15 48 8.0E-4
16 1 0.13
16 2 0.27
16 3 0.27
16 4 0.29
16 5 0.1
16 6 0.27
16 7 0.14
16 9 0.34
16 12 0.16
16 13 0.13
16 14 0.38
16 15 0.27
16 48 4.0E-4
17 1 0.2
2 17 0.22
17 3 0.2
17 4 0.11
17 6 0.2
17 7 0.31
17 9 0.13
17 11 0.2
17 12 0.24
17 13 0.2
14 17 0.25
15 17 0.23
16 17 0.11
17 48 2.0E-4
18 1 0.09
18 2 0.36
18 3 0.29
18 4 0.15
18 5 0.16
18 6 0.29
18 7 0.14
18 9 0.18
18 12 0.11
18 13 0.09
18 14 0.36
18 15 0.29
18 16 0.24
18 17 0.18
18 48 4.0E-4
1 19 0.56
2 19 0.04
7 19 0.14
8 19 0.2
11 19 0.29
12 19 0.34
13 19 0.47
14 19 0.18
15 19 0.25
16 19 0.08
19 48 4.0E-4
1 20 0.21
20 3 0.63
20 4 0.68
20 6 0.63
7 20 0.32
20 9 0.6
12 20 0.25
13 20 0.21
14 20 0.16
15 20 0.23
16 20 0.26
17 20 0.13
18 20 0.27
20 48 0.0017
1 21 0.46
2 21 0.05
7 21 0.18
8 21 0.25
11 21 0.35
12 21 0.42
13 21 0.46
14 21 0.15
15 21 0.2
16 21 0.1
19 21 0.82
21 48 5.0E-4
22 1 0.38
2 22 0.12
22 3 0.39
22 4 0.21
5 22 0.52
22 6 0.39
22 7 0.29
22 8 0.14
22 9 0.25
22 11 0.2
22 12 0.38
22 13 0.38
14 22 0.27
15 22 0.31
16 22 0.16
22 17 0.08
18 22 0.11
22 19 0.34
22 20 0.25
22 21 0.28
22 48 0.0023
23 1 0.64
23 2 0.29
23 3 0.21
23 4 0.17
23 5 0.43
23 6 0.21
23 7 0.42
23 8 0.15
23 9 0.2
23 10 0.15
23 11 0.42
23 12 0.53
23 13 0.64
23 14 0.5
23 15 0.55
23 16 0.23
23 17 0.17
23 18 0.3
23 19 0.36
23 20 0.13
23 21 0.29
23 22 0.41
23 48 0.0016
24 1 0.72
2 24 0.08
24 3 0.34
24 4 0.18
5 24 0.45
24 6 0.34
24 7 0.69
24 8 0.24
24 9 0.22
24 10 0.24
24 11 0.6
24 12 0.74
24 13 0.78
14 24 0.3
15 24 0.34
16 24 0.09
24 17 0.21
18 24 0.1
24 19 0.1
24 20 0.22
24 21 0.12
22 24 0.54
23 24 0.57
24 48 0.0025
1 25 0.61
2 25 0.04
25 3 0.47
25 4 0.25
5 25 0.18
25 6 0.47
7 25 0.24
25 9 0.3
12 25 0.37
13 25 0.69
14 25 0.22
15 25 0.27
16 25 0.19
17 25 0.1
18 25 0.14
19 25 0.41
25 20 0.3
25 21 0.33
22 25 0.37
23 25 0.44
24 25 0.4
25 48 0.0022
26 1 0.64
2 26 0.09
26 3 0.39
26 4 0.21
5 26 0.15
26 6 0.39
26 7 0.78
26 8 0.14
26 9 0.25
26 11 0.69
26 12 0.77
26 13 0.7
14 26 0.27
15 26 0.31
16 26 0.21
26 17 0.24
18 26 0.23
26 19 0.23
26 20 0.25
26 21 0.28
22 26 0.31
23 26 0.53
24 26 0.67
26 25 0.37
26 48 0.0017
1 27 0.66
2 27 0.06
27 3 0.41
27 4 0.22
5 27 0.23
27 6 0.41
7 27 0.61
27 8 0.29
27 9 0.26
27 10 0.29
11 27 0.61
12 27 0.72
13 27 0.73
14 27 0.25
15 27 0.26
16 27 0.11
17 27 0.08
18 27 0.12
27 19 0.24
27 20 0.26
27 21 0.29
22 27 0.4
23 27 0.47
24 27 0.7
27 25 0.29
26 27 0.64
27 48 0.0041
1 28 0.26
2 28 0.04
28 4 0.14
5 28 0.2
28 8 0.19
28 9 0.17
12 28 0.1
13 28 0.35
14 28 0.19
15 28 0.19
16 28 0.07
28 19 0.15
28 20 0.17
22 28 0.21
23 28 0.28
24 28 0.28
28 25 0.5
26 28 0.1
27 28 0.11
28 48 3.0E-4
1 29 0.32
29 3 1.0
4 29 0.53
29 6 1.0
7 29 0.5
9 29 0.63
12 29 0.39
13 29 0.32
14 29 0.1
15 29 0.14
16 29 0.27
17 29 0.2
18 29 0.29
20 29 0.63
22 29 0.39
23 29 0.21
24 29 0.34
25 29 0.47
26 29 0.39
27 29 0.41
48 29 0.0037
30 1 0.5
2 30 0.19
5 30 0.17
30 7 0.39
30 8 0.22
30 11 0.54
30 12 0.48
30 13 0.45
14 30 0.34
15 30 0.33
16 30 0.08
30 17 0.31
18 30 0.18
30 19 0.36
30 21 0.33
22 30 0.24
23 30 0.51
24 30 0.42
30 25 0.15
30 26 0.54
30 27 0.31
30 28 0.25
30 48 2.0E-4
31 1 0.49
2 31 0.3
31 3 0.17
31 4 0.09
5 31 0.35
31 6 0.17
31 7 0.34
31 8 0.12
31 9 0.11
31 11 0.34
31 12 0.43
31 13 0.49
14 31 0.62
15 31 0.58
16 31 0.21
31 17 0.24
18 31 0.22
31 19 0.29
31 20 0.16
31 21 0.24
31 22 0.4
23 31 0.6
31 24 0.46
31 25 0.36
31 26 0.43
31 27 0.38
31 28 0.27
31 29 0.17
31 30 0.55
31 48 7.0E-4
1 32 0.57
2 32 0.08
32 3 0.5
32 4 0.27
5 32 0.09
32 6 0.5
7 32 0.38
8 32 0.18
32 9 0.32
11 32 0.13
12 32 0.39
13 32 0.57
14 32 0.21
15 32 0.29
16 32 0.2
17 32 0.1
18 32 0.14
32 19 0.58
32 20 0.32
32 21 0.35
22 32 0.49
23 32 0.42
24 32 0.34
32 25 0.71
26 32 0.49
27 32 0.41
28 32 0.27
32 29 0.5
30 32 0.23
31 32 0.34
32 48 0.0023
33 1 0.16
2 33 0.26
33 3 0.33
33 4 0.18
5 33 0.31
33 6 0.33
33 7 0.25
33 9 0.21
33 11 0.08
33 12 0.2
33 13 0.16
14 33 0.31
15 33 0.36
16 33 0.23
33 17 0.2
18 33 0.24
33 20 0.21
33 22 0.33
23 33 0.38
33 24 0.29
33 25 0.16
33 26 0.26
33 27 0.2
33 29 0.33
33 30 0.21
33 31 0.31
33 32 0.17
33 48 6.0E-4
34 1 0.32
2 34 0.13
34 3 0.32
34 4 0.17
5 34 0.18
34 6 0.32
34 7 0.16
34 9 0.21
34 12 0.19
34 13 0.26
14 34 0.32
15 34 0.26
16 34 0.35
34 17 0.07
18 34 0.19
34 19 0.37
34 20 0.21
34 21 0.23
34 22 0.32
23 34 0.34
34 24 0.11
34 25 0.38
34 26 0.25
34 27 0.13
34 28 0.09
34 29 0.32
34 30 0.15
34 31 0.33
34 32 0.41
34 33 0.27
34 48 6.0E-4
35 1 0.72
2 35 0.16
35 3 0.23
35 4 0.12
5 35 0.22
35 6 0.23
35 7 0.46
35 8 0.16
35 9 0.15
35 10 0.16
35 11 0.46
35 12 0.59
35 13 0.72
14 35 0.45
15 35 0.55
16 35 0.13
35 17 0.19
18 35 0.1
35 19 0.4
35 20 0.15
35 21 0.33
22 35 0.32
23 35 0.56
24 35 0.56
35 25 0.49
35 26 0.55
35 27 0.57
35 28 0.25
35 29 0.23
30 35 0.39
31 35 0.57
35 32 0.46
33 35 0.12
34 35 0.23
35 48 0.0018
36 1 0.11
2 36 0.3
36 3 0.11
36 4 0.06
5 36 0.04
36 6 0.11
36 7 0.17
36 8 0.08
36 9 0.07
36 11 0.11
36 12 0.13
36 13 0.11
14 36 0.45
15 36 0.51
16 36 0.09
36 17 0.19
18 36 0.1
36 19 0.07
36 20 0.15
36 21 0.08
22 36 0.09
23 36 0.19
24 36 0.12
36 25 0.05
36 26 0.18
36 27 0.14
36 29 0.11
30 36 0.11
31 36 0.47
36 32 0.11
33 36 0.11
34 36 0.04
36 35 0.51
36 48 1.0E-4
1 37 0.32
37 3 1.0
4 37 0.53
37 6 1.0
7 37 0.5
9 37 0.63
12 37 0.39
13 37 0.32
14 37 0.1
15 37 0.14
16 37 0.27
17 37 0.2
18 37 0.29
20 37 0.63
22 37 0.39
23 37 0.21
24 37 0.34
25 37 0.47
26 37 0.39
27 37 0.41
37 29 1.0
31 37 0.17
32 37 0.5
33 37 0.33
34 37 0.32
35 37 0.23
36 37 0.11
48 37 0.0037
38 1 0.37
38 2 0.12
38 3 0.38
38 4 0.4
38 5 0.21
38 6 0.38
38 7 0.38
38 8 0.27
38 9 0.36
38 10 0.27
38 11 0.19
38 12 0.3
38 13 0.43
38 14 0.28
38 15 0.24
38 16 0.21
38 17 0.08
38 18 0.16
38 19 0.11
38 20 0.36
38 21 0.13
38 22 0.3
38 23 0.39
38 24 0.45
38 25 0.36
38 26 0.37
38 27 0.46
38 28 0.2
38 29 0.38
38 30 0.12
38 31 0.26
38 32 0.38
38 33 0.19
38 34 0.12
38 35 0.31
38 36 0.17
38 37 0.38
38 48 0.0025
1 39 0.23
5 39 0.27
8 39 0.5
39 10 1.0
13 39 0.23
14 39 0.07
15 39 0.1
23 39 0.15
24 39 0.24
27 39 0.29
35 39 0.16
38 39 0.27
48 39 0.0018
40 1 0.73
2 40 0.03
40 3 0.41
40 4 0.22
5 40 0.23
40 6 0.41
40 7 0.71
40 9 0.26
40 11 0.61
40 12 0.88
40 13 0.79
14 40 0.25
15 40 0.29
16 40 0.17
40 17 0.25
18 40 0.12
40 19 0.12
40 20 0.26
40 21 0.14
22 40 0.32
23 40 0.51
24 40 0.77
40 25 0.48
40 26 0.8
40 27 0.67
40 28 0.22
40 29 0.41
30 40 0.38
31 40 0.41
40 32 0.41
33 40 0.2
34 40 0.2
35 40 0.57
36 40 0.09
40 37 0.41
38 40 0.31
40 48 0.0019
1 41 0.46
41 3 0.71
41 4 0.38
5 41 0.13
41 6 0.71
7 41 0.35
41 9 0.45
11 41 0.18
12 41 0.55
13 41 0.46
14 41 0.15
15 41 0.2
16 41 0.19
17 41 0.14
18 41 0.2
19 41 0.2
41 20 0.45
41 21 0.25
22 41 0.55
23 41 0.29
24 41 0.36
41 25 0.5
26 41 0.28
27 41 0.43
28 41 0.19
41 29 0.71
30 41 0.11
31 41 0.24
32 41 0.35
33 41 0.24
34 41 0.23
35 41 0.33
36 41 0.08
41 37 0.71
38 41 0.27
40 41 0.43
41 48 0.0039
1 42 0.51
42 3 0.63
42 4 0.34
5 42 0.24
42 6 0.63
7 42 0.32
42 9 0.4
12 42 0.5
13 42 0.51
14 42 0.16
15 42 0.18
16 42 0.17
17 42 0.13
18 42 0.18
42 20 0.4
22 42 0.37
23 42 0.33
24 42 0.54
42 25 0.6
26 42 0.25
27 42 0.39
28 42 0.34
42 29 0.63
30 42 0.1
31 42 0.27
32 42 0.32
33 42 0.21
34 42 0.21
35 42 0.37
36 42 0.07
42 37 0.63
38 42 0.36
40 42 0.52
42 41 0.67
42 48 0.0020
1 43 0.36
2 43 0.06
5 43 0.14
7 43 0.18
11 43 0.27
12 43 0.43
13 43 0.36
14 43 0.28
15 43 0.18
16 43 0.15
17 43 0.07
19 43 0.21
43 21 0.26
22 43 0.21
23 43 0.27
24 43 0.25
43 25 0.17
26 43 0.21
27 43 0.22
28 43 0.1
30 43 0.23
31 43 0.25
32 43 0.09
34 43 0.12
35 43 0.3
36 43 0.04
38 43 0.14
40 43 0.37
43 41 0.26
43 42 0.23
43 48 2.0E-4
44 1 0.06
44 2 0.25
44 3 0.18
44 4 0.28
44 5 0.33
44 6 0.18
44 7 0.09
44 9 0.22
44 12 0.07
44 13 0.06
44 14 0.29
44 15 0.28
44 16 0.14
44 17 0.14
44 18 0.26
44 20 0.22
44 22 0.21
44 23 0.26
44 24 0.18
44 25 0.08
44 26 0.07
44 27 0.07
44 29 0.18
44 30 0.22
44 31 0.18
44 32 0.09
44 33 0.29
44 34 0.11
44 35 0.04
44 37 0.18
44 38 0.27
44 40 0.07
44 41 0.13
44 42 0.11
44 48 2.0E-4
1 45 0.23
5 45 0.27
8 45 0.5
45 10 1.0
13 45 0.23
14 45 0.07
15 45 0.1
23 45 0.15
24 45 0.24
27 45 0.29
35 45 0.16
38 45 0.27
45 39 1.0
48 45 0.0018
1 46 0.52
5 46 0.3
8 46 0.19
46 10 0.38
11 46 0.13
12 46 0.42
13 46 0.52
14 46 0.19
15 46 0.19
16 46 0.15
19 46 0.31
46 21 0.38
22 46 0.31
23 46 0.33
24 46 0.37
46 25 0.38
26 46 0.1
27 46 0.33
28 46 0.29
30 46 0.25
31 46 0.23
32 46 0.13
34 46 0.09
35 46 0.37
38 46 0.2
46 39 0.38
40 46 0.33
46 41 0.38
46 42 0.51
46 43 0.49
46 45 0.38
46 48 0.0013
47 1 0.15
2 47 0.07
47 3 0.47
47 4 0.5
5 47 0.45
47 6 0.47
47 7 0.24
47 9 0.45
47 12 0.18
47 13 0.15
14 47 0.22
15 47 0.27
16 47 0.26
47 17 0.1
18 47 0.2
47 20 0.6
47 22 0.55
23 47 0.25
47 24 0.32
47 25 0.22
47 26 0.28
47 27 0.19
47 28 0.13
47 29 0.47
47 30 0.15
47 31 0.28
47 32 0.24
47 33 0.47
47 34 0.38
47 35 0.11
47 36 0.05
47 37 0.47
38 47 0.27
47 40 0.19
47 41 0.33
47 42 0.3
44 47 0.33
47 48 0.0011
