*Vertices  72
1 "显示器"
2 "衬底"
3 "LED灯罩"
4 "LED灯"
5 "电容"
6 "光膜"
7 "处理器"
8 "荧光粉"
9 "工质"
10 "开关"
11 "发光荧光材料"
12 "次氯酸钠溶液"
13 "保护层"
14 "功率因数校正"
15 "变压器"
16 "阻燃塑料外壳"
17 "发光板"
18 "EP"
19 "外延片"
20 "外延"
21 "LED"
22 "二极管"
23 "整流二极管"
24 "稳压二极管"
25 "三极管"
26 "玻璃"
27 "通道"
28 "LED光源"
29 "日光灯平面光源"
30 "塑料"
31 "腐蚀液"
32 "导热板"
33 "导热陶瓷"
34 "基座"
35 "散热片"
36 "散热器"
37 "发光体"
38 "透明胶"
39 "光刻胶"
40 "密封胶"
41 "填充区域"
42 "放大器"
43 "半导体"
44 "电路板"
45 "GaAs"
46 "MQW"
47 "键合"
48 "焊盘"
49 "LED照明设备"
50 "LED芯片"
51 "芯片"
52 "电流扩展层"
53 "Li"
54 "电感"
55 "离子"
56 "电极"
57 "电阻"
58 "丙酮"
59 "激光"
60 "MOCVD"
61 "空穴"
62 "洗墙灯"
63 "射灯"
64 "转动轴"
65 "屏幕"
66 "透镜"
67 "反射层"
68 "发光层"
69 "吸液芯"
70 "发光管"
71 "导热柱"
72 "铝基板"
*Arcs
72 1 1.0E-4
72 2 2.0E-4
72 3 4.0E-4
4 1 0.08
4 2 0.03
4 3 0.16
72 4 0.0017
4 5 0.29
72 5 1.0E-4
6 1 0.29
6 4 0.13
72 6 4.0E-4
7 1 0.26
7 4 0.14
7 5 0.05
7 6 0.15
72 7 1.0E-4
8 1 0.14
8 2 0.13
8 4 0.13
8 6 0.33
8 7 0.07
72 8 5.0E-4
4 9 0.19
5 9 0.12
72 9 5.0E-4
1 10 0.07
4 10 0.37
10 5 0.42
7 10 0.21
8 10 0.08
72 10 2.0E-4
11 1 0.13
11 2 0.18
11 4 0.21
11 6 0.31
11 7 0.07
11 8 0.54
11 10 0.07
72 11 2.0E-4
2 12 0.32
72 12 5.0E-4
2 13 0.23
4 13 0.11
8 13 0.14
11 13 0.13
72 13 4.0E-4
4 14 0.11
5 14 0.2
10 14 0.14
72 14 0.0010
1 15 0.11
15 2 0.05
4 15 0.26
5 15 0.52
8 15 0.06
10 15 0.29
15 13 0.11
15 14 0.21
72 15 4.0E-4
4 16 0.11
10 16 0.14
15 16 0.21
72 16 7.0E-4
17 3 0.35
4 17 0.16
5 17 0.2
10 17 0.14
17 14 0.5
15 17 0.21
72 17 5.0E-4
1 18 0.07
18 2 0.12
4 18 0.12
18 5 0.11
7 18 0.14
8 18 0.39
18 10 0.11
11 18 0.29
18 12 0.19
18 13 0.13
18 15 0.11
72 18 4.0E-4
19 2 0.83
4 19 0.03
8 19 0.08
11 19 0.15
19 12 0.2
19 13 0.14
15 19 0.06
18 19 0.07
72 19 2.0E-4
20 2 0.95
4 20 0.05
8 20 0.13
11 20 0.25
20 12 0.32
20 13 0.23
15 20 0.05
18 20 0.06
20 19 0.83
72 20 2.0E-4
21 1 0.29
21 2 0.32
21 3 0.1
21 4 0.67
21 5 0.36
21 6 0.13
21 7 0.28
21 8 0.25
21 9 0.13
21 10 0.54
21 11 0.28
21 12 0.1
21 13 0.15
21 14 0.07
21 15 0.34
21 16 0.07
21 17 0.15
21 18 0.28
21 19 0.27
21 20 0.32
72 21 0.0013
22 1 0.15
22 2 0.37
22 3 0.07
22 4 0.32
22 5 0.39
22 6 0.12
22 7 0.08
22 8 0.23
22 9 0.12
22 10 0.46
22 11 0.33
22 12 0.14
22 13 0.1
22 14 0.1
22 15 0.39
22 16 0.1
22 17 0.15
22 18 0.22
22 19 0.31
22 20 0.37
22 21 0.72
72 22 0.0013
4 23 0.11
5 23 0.2
10 23 0.14
23 14 1.0
15 23 0.21
17 23 0.5
21 23 0.07
22 23 0.1
72 23 0.0010
4 24 0.21
5 24 0.46
7 24 0.1
10 24 0.21
24 14 0.38
15 24 0.48
24 17 0.38
18 24 0.1
21 24 0.19
22 24 0.27
24 23 0.38
72 24 3.0E-4
1 25 0.06
4 25 0.2
25 5 0.61
10 25 0.37
11 25 0.06
25 14 0.23
25 15 0.49
25 17 0.23
18 25 0.06
21 25 0.32
22 25 0.42
25 23 0.23
25 24 0.26
72 25 1.0E-4
26 1 0.19
26 2 0.13
26 4 0.27
26 5 0.08
26 6 0.11
26 7 0.15
26 8 0.11
26 10 0.18
26 11 0.1
26 12 0.14
26 15 0.08
26 18 0.21
26 19 0.16
26 20 0.13
26 21 0.38
26 22 0.27
26 25 0.09
72 26 3.0E-4
1 27 0.07
27 2 0.2
4 27 0.22
5 27 0.12
27 9 0.33
10 27 0.04
27 19 0.24
27 20 0.2
21 27 0.25
22 27 0.23
25 27 0.07
26 27 0.11
72 27 0.0011
28 1 0.15
28 2 0.09
28 4 0.36
28 5 0.04
28 6 0.12
28 7 0.11
28 8 0.24
28 9 0.12
28 10 0.06
28 11 0.16
28 15 0.09
28 17 0.1
28 18 0.22
28 19 0.11
28 20 0.09
28 21 0.36
28 22 0.29
28 24 0.08
28 25 0.09
28 26 0.24
28 27 0.18
72 28 6.0E-4
8 29 0.29
29 13 0.5
18 29 0.27
21 29 0.07
72 29 0.0010
30 1 0.17
30 2 0.05
30 3 0.16
30 4 0.28
30 6 0.26
30 7 0.12
30 8 0.2
30 10 0.16
30 11 0.18
30 12 0.16
30 15 0.05
30 16 0.23
30 18 0.06
30 19 0.06
30 20 0.05
30 21 0.32
30 22 0.28
30 26 0.35
30 27 0.13
30 28 0.14
72 30 0.0017
2 31 0.56
4 31 0.04
31 12 0.58
13 31 0.2
15 31 0.09
18 31 0.22
19 31 0.34
20 31 0.47
21 31 0.18
22 31 0.25
26 31 0.08
30 31 0.09
72 31 2.0E-4
4 32 0.16
21 32 0.1
22 32 0.07
32 27 0.2
28 32 0.14
72 32 4.0E-4
4 33 0.11
21 33 0.07
22 33 0.1
27 33 0.29
30 33 0.23
72 33 0.0012
4 34 0.22
8 34 0.14
9 34 0.29
11 34 0.13
21 34 0.15
22 34 0.15
27 34 0.43
28 34 0.1
30 34 0.11
34 33 0.5
72 34 0.0014
4 35 0.43
35 5 0.05
35 9 0.42
35 10 0.07
35 17 0.12
21 35 0.3
22 35 0.22
26 35 0.09
35 27 0.35
28 35 0.45
30 35 0.11
35 32 0.34
35 34 0.24
72 35 0.0012
4 36 0.44
36 5 0.19
36 9 0.41
36 15 0.15
36 17 0.12
21 36 0.31
22 36 0.24
36 24 0.27
26 36 0.05
36 27 0.2
28 36 0.34
30 36 0.05
36 32 0.33
36 34 0.12
36 35 0.63
72 36 6.0E-4
37 1 0.09
37 4 0.21
37 5 0.08
37 6 0.22
37 7 0.1
37 8 0.22
37 10 0.1
37 11 0.2
37 17 0.19
37 18 0.1
37 21 0.19
37 22 0.23
37 25 0.09
37 26 0.15
37 27 0.11
37 28 0.23
37 30 0.09
37 35 0.09
37 36 0.09
37 72 2.0E-4
8 38 0.29
38 13 0.5
18 38 0.27
21 38 0.07
38 29 1.0
72 38 0.0010
2 39 0.46
4 39 0.05
39 12 0.35
13 39 0.25
15 39 0.11
18 39 0.13
19 39 0.42
20 39 0.46
21 39 0.15
22 39 0.2
26 39 0.1
30 39 0.11
31 39 0.82
72 39 3.0E-4
4 40 0.22
10 40 0.07
21 40 0.15
22 40 0.05
26 40 0.1
27 40 0.29
28 40 0.1
30 40 0.11
32 40 0.35
40 33 0.5
40 34 0.25
35 40 0.24
36 40 0.12
72 40 0.0011
2 41 0.23
12 41 0.71
18 41 0.27
19 41 0.28
20 41 0.23
21 41 0.07
22 41 0.1
26 41 0.19
30 41 0.23
31 41 0.41
39 41 0.5
72 41 7.0E-4
1 42 0.2
4 42 0.09
5 42 0.33
7 42 0.11
10 42 0.11
42 14 0.41
15 42 0.26
42 17 0.2
21 42 0.18
22 42 0.17
42 23 0.41
42 24 0.15
25 42 0.28
72 42 2.0E-4
43 1 0.11
43 2 0.64
43 3 0.1
43 4 0.29
43 5 0.15
43 6 0.09
43 7 0.08
43 8 0.34
43 9 0.09
43 10 0.14
43 11 0.43
43 12 0.21
43 13 0.15
43 15 0.19
43 16 0.15
43 18 0.28
43 19 0.53
43 20 0.64
43 21 0.5
43 22 0.55
43 24 0.06
43 25 0.1
43 26 0.23
43 27 0.17
43 28 0.3
43 30 0.24
43 31 0.36
43 32 0.1
43 33 0.15
43 34 0.15
43 35 0.11
43 36 0.14
43 37 0.11
43 39 0.29
43 40 0.15
43 41 0.15
43 42 0.12
43 72 0.0015
44 1 0.26
44 4 0.4
44 5 0.13
44 6 0.24
44 7 0.11
44 8 0.12
44 10 0.14
44 11 0.16
44 15 0.04
44 18 0.05
44 21 0.36
44 22 0.17
44 25 0.19
44 26 0.39
44 27 0.06
44 28 0.17
44 30 0.19
44 34 0.1
44 35 0.05
44 36 0.1
44 37 0.23
44 40 0.1
44 43 0.15
44 72 1.0E-4
2 45 0.61
4 45 0.04
8 45 0.1
11 45 0.18
45 12 0.47
18 45 0.09
19 45 0.37
20 45 0.69
21 45 0.22
22 45 0.27
26 45 0.19
27 45 0.1
28 45 0.14
30 45 0.08
31 45 0.41
45 39 0.33
45 41 0.33
43 45 0.44
72 45 2.0E-4
46 2 0.64
4 46 0.09
5 46 0.06
8 46 0.16
10 46 0.04
11 46 0.15
46 12 0.2
46 13 0.14
15 46 0.12
18 46 0.22
46 19 0.77
46 20 0.7
21 46 0.27
22 46 0.31
46 24 0.1
25 46 0.06
26 46 0.21
46 27 0.24
28 46 0.23
30 46 0.06
46 31 0.23
46 39 0.28
46 41 0.28
43 46 0.53
46 45 0.37
72 46 2.0E-4
2 47 0.26
4 47 0.04
5 47 0.08
8 47 0.22
11 47 0.2
47 12 0.27
47 13 0.19
18 47 0.1
19 47 0.1
20 47 0.35
21 47 0.19
22 47 0.19
26 47 0.07
47 29 0.38
30 47 0.09
47 31 0.15
47 38 0.38
42 47 0.15
43 47 0.28
47 45 0.5
46 47 0.1
72 47 3.0E-4
4 48 0.06
5 48 0.12
8 48 0.17
10 48 0.08
48 13 0.29
15 48 0.12
18 48 0.31
21 48 0.13
22 48 0.12
48 24 0.22
25 48 0.13
28 48 0.12
48 29 0.58
48 38 0.58
43 48 0.17
48 46 0.16
48 47 0.22
72 48 5.0E-4
4 49 0.13
8 49 0.17
10 49 0.08
15 49 0.12
21 49 0.13
22 49 0.12
27 49 0.17
28 49 0.12
49 34 0.29
35 49 0.14
72 49 4.0E-4
50 2 0.5
4 50 0.19
50 5 0.13
6 50 0.13
8 50 0.31
50 9 0.38
50 10 0.03
11 50 0.17
50 12 0.15
50 13 0.22
50 15 0.09
18 50 0.29
50 19 0.48
50 20 0.45
21 50 0.34
22 50 0.33
50 24 0.08
50 25 0.05
26 50 0.08
50 27 0.31
28 50 0.18
50 29 0.22
30 50 0.1
50 31 0.36
50 32 0.15
50 34 0.33
50 35 0.26
50 36 0.21
50 38 0.22
50 39 0.33
50 41 0.22
50 42 0.09
43 50 0.51
44 50 0.04
50 45 0.15
50 46 0.54
50 47 0.25
50 48 0.25
50 49 0.13
72 50 0.0013
1 51 0.27
51 2 0.49
4 51 0.3
51 5 0.37
6 51 0.07
7 51 0.12
8 51 0.35
51 9 0.21
51 10 0.28
11 51 0.35
51 12 0.17
51 13 0.12
51 14 0.12
51 15 0.18
51 17 0.06
51 18 0.35
51 19 0.43
51 20 0.49
21 51 0.62
22 51 0.58
51 23 0.12
51 24 0.14
51 25 0.33
26 51 0.21
51 27 0.24
28 51 0.22
51 29 0.12
30 51 0.11
51 31 0.29
51 32 0.08
51 34 0.18
51 35 0.17
51 36 0.14
37 51 0.09
51 38 0.12
51 39 0.24
51 40 0.06
51 41 0.12
51 42 0.29
43 51 0.6
44 51 0.22
51 45 0.36
51 46 0.43
51 47 0.27
51 48 0.21
51 49 0.07
51 50 0.55
72 51 0.0010
2 52 0.57
4 52 0.08
11 52 0.09
52 12 0.5
13 52 0.18
15 52 0.08
18 52 0.19
19 52 0.39
20 52 0.57
21 52 0.21
22 52 0.29
26 52 0.2
27 52 0.1
28 52 0.14
30 52 0.08
52 31 0.58
52 39 0.35
52 41 0.35
43 52 0.42
52 45 0.71
46 52 0.49
47 52 0.27
50 52 0.23
51 52 0.34
72 52 2.0E-4
1 53 0.06
53 2 0.16
53 3 0.17
4 53 0.26
53 5 0.05
6 53 0.14
7 53 0.06
8 53 0.27
53 9 0.14
53 10 0.13
11 53 0.31
53 15 0.05
53 16 0.24
53 18 0.25
53 19 0.2
53 20 0.16
21 53 0.31
22 53 0.36
26 53 0.23
53 27 0.2
28 53 0.24
30 53 0.27
53 33 0.24
53 34 0.24
53 35 0.17
53 36 0.17
53 40 0.12
43 53 0.38
44 53 0.14
53 45 0.16
53 46 0.26
53 49 0.14
53 50 0.21
53 51 0.31
53 52 0.17
72 53 0.0020
4 54 0.25
5 54 0.54
10 54 0.36
54 14 0.38
15 54 0.4
54 17 0.38
18 54 0.1
21 54 0.19
22 54 0.23
54 23 0.38
54 24 0.43
25 54 0.43
28 54 0.08
42 54 0.31
43 54 0.22
54 46 0.1
54 48 0.22
50 54 0.08
51 54 0.18
72 54 3.0E-4
1 55 0.06
55 2 0.32
4 55 0.13
8 55 0.13
11 55 0.18
55 12 0.32
55 15 0.1
55 18 0.49
55 19 0.19
55 20 0.26
21 55 0.32
22 55 0.26
26 55 0.35
55 27 0.07
28 55 0.19
30 55 0.05
55 31 0.37
37 55 0.09
55 39 0.23
55 41 0.23
43 55 0.34
44 55 0.14
55 45 0.38
55 46 0.25
55 47 0.09
55 48 0.13
55 50 0.15
55 51 0.33
55 52 0.41
55 53 0.27
72 55 1.0E-4
1 56 0.04
56 2 0.72
4 56 0.16
5 56 0.37
8 56 0.09
10 56 0.2
11 56 0.22
56 12 0.23
56 13 0.16
56 14 0.16
56 15 0.39
56 17 0.16
18 56 0.13
56 19 0.59
56 20 0.72
21 56 0.45
22 56 0.55
56 23 0.16
56 24 0.19
25 56 0.6
26 56 0.13
56 27 0.19
28 56 0.1
30 56 0.04
56 31 0.4
37 56 0.06
56 39 0.33
56 41 0.16
56 42 0.2
43 56 0.56
44 56 0.03
56 45 0.49
56 46 0.55
56 47 0.25
56 48 0.09
50 56 0.39
51 56 0.57
56 52 0.46
53 56 0.12
56 54 0.31
55 56 0.23
72 56 3.0E-4
1 57 0.08
57 2 0.11
4 57 0.3
57 5 0.73
7 57 0.08
8 57 0.05
57 9 0.09
10 57 0.46
11 57 0.04
57 13 0.08
57 14 0.16
57 15 0.55
57 17 0.16
18 57 0.09
57 19 0.13
57 20 0.11
21 57 0.45
22 57 0.51
57 23 0.16
57 24 0.43
57 25 0.71
26 57 0.09
57 27 0.19
28 57 0.1
57 31 0.07
57 34 0.08
35 57 0.04
36 57 0.15
37 57 0.06
57 39 0.08
57 42 0.26
43 57 0.19
44 57 0.17
57 45 0.05
57 46 0.18
57 48 0.09
50 57 0.11
51 57 0.47
57 52 0.11
53 57 0.11
57 54 0.43
55 57 0.04
57 56 0.51
72 57 1.0E-4
1 58 0.1
58 2 0.19
4 58 0.04
11 58 0.11
58 12 0.29
58 15 0.09
58 18 0.65
58 19 0.11
58 20 0.09
21 58 0.18
22 58 0.17
26 58 0.24
28 58 0.08
30 58 0.09
58 31 0.33
58 39 0.2
58 41 0.41
43 58 0.18
44 58 0.08
58 45 0.14
58 46 0.11
58 50 0.18
58 51 0.24
58 52 0.29
58 53 0.19
58 55 0.56
58 56 0.13
72 58 2.0E-4
59 1 0.2
59 2 0.37
59 4 0.12
59 6 0.31
59 7 0.14
59 8 0.23
59 10 0.04
59 11 0.21
59 13 0.27
59 15 0.06
59 19 0.3
59 20 0.43
59 21 0.28
59 22 0.24
59 26 0.21
59 27 0.08
59 28 0.16
59 30 0.18
59 31 0.11
59 37 0.1
59 39 0.13
59 43 0.39
59 44 0.11
59 45 0.36
59 46 0.37
59 47 0.2
59 50 0.12
59 51 0.26
59 52 0.38
59 53 0.19
59 55 0.12
59 56 0.31
59 57 0.17
59 72 2.0E-4
60 2 0.73
4 60 0.03
8 60 0.08
11 60 0.23
60 12 0.2
18 60 0.08
60 19 0.88
60 20 0.79
21 60 0.25
22 60 0.29
26 60 0.17
60 27 0.25
28 60 0.12
30 60 0.07
60 31 0.12
60 39 0.14
60 41 0.29
43 60 0.51
60 45 0.48
60 46 0.8
60 47 0.22
50 60 0.38
51 60 0.41
60 52 0.41
53 60 0.2
55 60 0.2
56 60 0.57
57 60 0.09
58 60 0.12
59 60 0.31
72 60 2.0E-4
2 61 0.26
61 3 0.27
4 61 0.17
5 61 0.08
8 61 0.11
10 61 0.1
15 61 0.16
61 16 0.38
18 61 0.1
19 61 0.31
20 61 0.26
21 61 0.19
22 61 0.23
61 24 0.14
25 61 0.09
27 61 0.11
28 61 0.08
30 61 0.26
61 33 0.38
61 34 0.19
61 40 0.19
43 61 0.39
46 61 0.42
48 61 0.22
50 61 0.25
51 61 0.18
53 61 0.36
54 61 0.14
56 61 0.25
57 61 0.12
59 61 0.1
60 61 0.33
72 61 0.0018
62 1 0.25
62 4 0.11
62 6 0.58
62 7 0.26
62 8 0.29
62 11 0.27
62 21 0.07
62 22 0.1
62 26 0.19
62 28 0.2
62 30 0.23
62 37 0.38
62 43 0.15
62 44 0.2
62 59 0.27
62 72 7.0E-4
63 1 0.1
63 3 0.29
63 4 0.27
63 5 0.17
63 6 0.24
63 7 0.11
63 8 0.12
63 10 0.06
63 11 0.11
63 15 0.09
63 21 0.18
63 22 0.21
63 24 0.15
63 25 0.09
63 26 0.16
63 27 0.24
63 28 0.17
63 30 0.28
63 33 0.41
63 34 0.2
63 35 0.1
63 36 0.19
63 37 0.31
63 40 0.2
63 43 0.24
63 44 0.17
63 51 0.05
63 53 0.19
63 56 0.07
63 57 0.13
63 59 0.11
63 61 0.31
63 62 0.41
63 72 0.0018
4 64 0.11
21 64 0.07
22 64 0.1
27 64 0.29
64 34 0.5
35 64 0.24
49 64 0.58
50 64 0.22
51 64 0.12
53 64 0.24
72 64 7.0E-4
1 65 0.13
2 65 0.36
4 65 0.06
5 65 0.05
6 65 0.15
7 65 0.07
10 65 0.11
11 65 0.14
65 12 0.18
15 65 0.06
65 17 0.13
18 65 0.07
19 65 0.43
20 65 0.36
21 65 0.28
22 65 0.18
65 24 0.1
25 65 0.06
26 65 0.15
27 65 0.07
30 65 0.18
31 65 0.21
65 39 0.26
65 40 0.13
65 41 0.26
43 65 0.27
44 65 0.16
65 45 0.17
46 65 0.21
47 65 0.1
50 65 0.23
51 65 0.25
52 65 0.09
54 65 0.1
55 65 0.12
56 65 0.3
57 65 0.04
58 65 0.11
59 65 0.14
60 65 0.37
61 65 0.1
72 65 1.0E-4
66 1 0.13
66 2 0.06
66 4 0.25
66 6 0.29
66 7 0.06
66 8 0.29
66 10 0.07
66 11 0.33
66 18 0.07
66 19 0.07
66 20 0.06
66 21 0.29
66 22 0.28
66 26 0.14
66 27 0.14
66 28 0.26
66 30 0.23
66 32 0.35
66 34 0.25
66 35 0.3
66 36 0.12
66 37 0.09
66 40 0.25
66 43 0.26
66 44 0.15
66 45 0.08
66 46 0.07
66 49 0.14
66 50 0.22
66 51 0.18
66 52 0.09
66 53 0.29
66 55 0.11
66 56 0.04
66 58 0.1
66 59 0.27
66 60 0.07
66 62 0.25
66 63 0.1
66 64 0.25
66 72 8.0E-4
2 67 0.52
8 67 0.11
11 67 0.3
67 12 0.27
13 67 0.19
18 67 0.1
19 67 0.42
20 67 0.52
21 67 0.19
22 67 0.19
26 67 0.15
30 67 0.17
31 67 0.31
67 39 0.38
67 41 0.38
43 67 0.33
44 67 0.08
67 45 0.38
46 67 0.1
47 67 0.29
50 67 0.25
51 67 0.23
52 67 0.13
55 67 0.09
56 67 0.37
58 67 0.15
59 67 0.2
60 67 0.33
67 65 0.49
72 67 2.0E-4
2 68 0.61
11 68 0.2
68 12 0.53
18 68 0.2
19 68 0.42
20 68 0.52
21 68 0.19
22 68 0.27
26 68 0.07
30 68 0.09
68 31 0.46
68 39 0.19
68 41 0.38
43 68 0.39
68 45 0.5
46 68 0.21
68 47 0.29
50 68 0.25
51 68 0.32
68 52 0.53
55 68 0.26
56 68 0.43
58 68 0.31
60 68 0.44
68 61 0.14
68 65 0.29
68 67 0.43
72 68 2.0E-4
4 69 0.11
69 9 0.58
21 69 0.07
22 69 0.1
28 69 0.2
35 69 0.24
36 69 0.24
43 69 0.15
50 69 0.22
51 69 0.12
53 69 0.24
72 69 6.0E-4
70 3 0.24
4 70 0.26
5 70 0.07
7 70 0.09
10 70 0.23
70 14 0.33
15 70 0.21
70 16 0.33
70 17 0.17
21 70 0.22
22 70 0.17
70 23 0.33
24 70 0.13
25 70 0.08
26 70 0.06
27 70 0.1
30 70 0.31
70 33 0.33
70 34 0.17
37 70 0.13
70 40 0.17
42 70 0.14
43 70 0.15
44 70 0.07
51 70 0.04
53 70 0.24
54 70 0.13
55 70 0.08
56 70 0.05
57 70 0.05
61 70 0.38
63 70 0.27
72 70 0.0022
4 71 0.11
21 71 0.07
22 71 0.1
27 71 0.29
30 71 0.23
71 33 1.0
34 71 0.5
40 71 0.5
43 71 0.15
53 71 0.24
61 71 0.38
63 71 0.41
70 71 0.33
72 71 0.0012
