*Vertices  28
1 "LCD显示屏"
2 "LED灯"
3 "电容"
4 "传感器"
5 "控制器"
6 "处理器"
7 "单片机"
8 "开关"
9 "变压器"
10 "定时器"
11 "LED"
12 "液晶显示模块"
13 "二极管"
14 "稳压二极管"
15 "三极管"
16 "玻璃"
17 "转换器"
18 "晶体振荡器"
19 "电路板"
20 "芯片"
21 "充电器"
22 "存储器"
23 "电极"
24 "电阻"
25 "读取器"
26 "信息卡"
27 "蜂鸣器"
28 "锂电池"
*Arcs
28 1 0.0021
2 1 0.04
2 28 8.0E-4
2 3 0.29
28 3 0.0021
1 4 0.13
2 4 0.13
3 4 0.08
28 4 0.0021
1 5 0.24
2 5 0.11
3 5 0.15
5 4 0.19
28 5 0.0035
6 1 0.09
6 2 0.14
6 3 0.05
6 4 0.36
6 5 0.44
6 28 0.0035
7 1 0.08
2 7 0.13
7 3 0.19
7 4 0.28
7 5 0.17
6 7 0.24
7 28 7.0E-4
8 1 0.14
2 8 0.37
8 3 0.42
8 4 0.19
8 5 0.23
6 8 0.21
8 7 0.19
8 28 0.0017
2 9 0.26
3 9 0.52
9 4 0.04
9 5 0.1
7 9 0.05
8 9 0.29
28 9 8.0E-4
1 10 0.19
2 10 0.06
4 10 0.12
5 10 0.28
6 10 0.15
8 10 0.24
28 10 0.0043
11 1 0.22
11 2 0.67
11 3 0.36
11 4 0.37
11 5 0.3
11 6 0.28
11 7 0.32
11 8 0.54
11 9 0.34
11 10 0.13
11 28 0.0023
1 12 0.67
4 12 0.1
5 12 0.36
6 12 0.13
7 12 0.11
8 12 0.14
10 12 0.29
11 12 0.15
28 12 0.0041
13 1 0.14
13 2 0.32
13 3 0.39
13 4 0.2
13 5 0.15
13 6 0.08
13 7 0.16
13 8 0.46
13 9 0.39
13 10 0.12
13 11 0.72
13 12 0.1
13 28 0.0025
1 14 0.13
2 14 0.21
3 14 0.46
4 14 0.08
5 14 0.18
6 14 0.1
8 14 0.21
9 14 0.48
14 10 0.22
11 14 0.19
14 12 0.19
13 14 0.27
28 14 0.0024
15 1 0.08
2 15 0.2
15 3 0.61
15 4 0.05
15 5 0.11
7 15 0.16
8 15 0.37
15 9 0.49
11 15 0.32
15 12 0.11
13 15 0.42
15 14 0.26
28 15 0.0049
16 2 0.27
16 3 0.08
16 4 0.12
16 6 0.15
16 7 0.22
16 8 0.18
16 9 0.08
16 11 0.38
16 13 0.27
16 15 0.09
16 28 4.0E-4
17 1 0.2
2 17 0.1
3 17 0.25
17 4 0.3
17 5 0.22
6 17 0.16
7 17 0.14
8 17 0.25
9 17 0.06
17 10 0.17
11 17 0.24
17 12 0.15
13 17 0.21
17 14 0.11
15 17 0.14
16 17 0.12
28 17 0.0018
2 18 0.06
18 3 0.24
18 4 0.12
18 5 0.14
6 18 0.15
7 18 0.26
8 18 0.24
11 18 0.13
13 18 0.06
18 15 0.13
16 18 0.11
18 17 0.35
28 18 0.0027
19 1 0.2
19 2 0.4
19 3 0.13
19 4 0.08
19 5 0.1
19 6 0.11
19 7 0.14
19 8 0.14
19 9 0.04
19 11 0.36
19 12 0.2
19 13 0.17
19 15 0.19
19 16 0.39
19 18 0.12
19 28 0.0016
20 1 0.24
2 20 0.3
20 3 0.37
20 4 0.17
20 5 0.23
6 20 0.12
20 7 0.33
20 8 0.28
20 9 0.18
20 10 0.07
11 20 0.62
20 12 0.24
13 20 0.58
20 14 0.14
20 15 0.33
16 20 0.21
20 17 0.25
20 18 0.14
19 20 0.22
20 28 0.0030
2 21 0.04
3 21 0.17
21 5 0.1
6 21 0.11
8 21 0.06
21 9 0.26
11 21 0.18
13 21 0.21
15 21 0.47
21 17 0.12
20 21 0.1
28 21 0.0052
1 22 0.22
2 22 0.04
3 22 0.07
22 4 0.33
22 5 0.16
6 22 0.34
7 22 0.15
8 22 0.23
9 22 0.07
22 10 0.19
11 22 0.22
22 12 0.33
13 22 0.17
22 14 0.13
15 22 0.15
17 22 0.4
18 22 0.19
19 22 0.07
20 22 0.16
21 22 0.14
28 22 0.0023
23 1 0.11
2 23 0.16
3 23 0.37
23 4 0.03
23 5 0.12
7 23 0.04
8 23 0.2
23 9 0.39
11 23 0.45
23 12 0.08
13 23 0.55
23 14 0.19
15 23 0.6
16 23 0.13
23 17 0.1
19 23 0.03
20 23 0.57
23 21 0.34
23 22 0.05
28 23 0.0015
24 1 0.16
2 24 0.3
24 3 0.73
24 4 0.16
24 5 0.16
6 24 0.08
7 24 0.22
8 24 0.46
24 9 0.55
24 10 0.09
11 24 0.45
24 12 0.16
13 24 0.51
24 14 0.43
24 15 0.71
16 24 0.09
24 17 0.29
24 18 0.19
19 24 0.17
20 24 0.47
24 21 0.33
24 22 0.22
24 23 0.51
24 28 0.0056
1 25 0.33
4 25 0.2
5 25 0.24
6 25 0.26
8 25 0.14
10 25 0.58
11 25 0.07
12 25 0.5
13 25 0.1
14 25 0.38
17 25 0.3
20 25 0.12
22 25 0.33
24 25 0.16
28 25 0.0104
1 26 0.24
4 26 0.14
5 26 0.17
6 26 0.18
8 26 0.1
10 26 0.41
11 26 0.1
12 26 0.35
13 26 0.14
14 26 0.27
17 26 0.21
20 26 0.08
22 26 0.24
24 26 0.11
26 25 0.71
28 26 0.0063
1 27 0.19
2 27 0.13
3 27 0.12
4 27 0.12
5 27 0.14
6 27 0.3
7 27 0.13
8 27 0.16
11 27 0.13
27 12 0.29
13 27 0.12
15 27 0.13
19 27 0.24
20 27 0.14
22 27 0.19
24 27 0.19
28 27 0.0028
