*Vertices  58
1 "衬底"
2 "LED灯"
3 "光纤"
4 "探头"
5 "电容"
6 "传感器"
7 "单片机"
8 "荧光粉"
9 "发光荧光材料"
10 "次氯酸钠溶液"
11 "保护层"
12 "PD"
13 "蒸镀方法"
14 "EP"
15 "外延片"
16 "外延"
17 "LED"
18 "二极管"
19 "玻璃"
20 "日光灯平面光源"
21 "塑料"
22 "腐蚀液"
23 "光电转换器件"
24 "转换器"
25 "铝基板"
26 "基板"
27 "缓冲层"
28 "探针"
29 "滤光片"
30 "透明胶"
31 "SiO2"
32 "放大器"
33 "半导体"
34 "Al2O3"
35 "GaAs"
36 "MQW"
37 "ITO"
38 "焊盘"
39 "光电池"
40 "LED芯片"
41 "芯片"
42 "金属层"
43 "电流扩展层"
44 "离子"
45 "电极"
46 "基色"
47 "激光"
48 "真空吸盘"
49 "MOCVD"
50 "湿法刻蚀"
51 "干法刻蚀"
52 "湿法腐蚀"
53 "屏幕"
54 "反射层"
55 "发光层"
56 "激发光"
57 "电流阻挡层"
58 "键合"
*Arcs
1 58 0.0018
2 1 0.03
2 58 1.0E-4
1 3 0.17
58 3 5.0E-4
2 4 0.05
4 3 0.38
58 4 5.0E-4
2 5 0.29
5 58 1.0E-4
2 6 0.13
6 3 0.23
6 4 0.2
5 6 0.08
58 6 1.0E-4
2 7 0.13
7 5 0.19
7 6 0.28
7 58 1.0E-4
8 1 0.13
8 2 0.13
8 7 0.07
8 58 9.0E-4
9 1 0.18
9 2 0.21
9 7 0.06
9 8 0.54
9 58 7.0E-4
1 10 0.32
58 10 0.0013
1 11 0.23
2 11 0.11
8 11 0.14
9 11 0.13
58 11 9.0E-4
1 12 0.21
12 3 0.68
12 4 0.22
12 6 0.27
58 12 7.0E-4
1 13 0.32
9 13 0.38
58 13 0.0010
14 1 0.12
2 14 0.12
14 5 0.11
14 7 0.06
8 14 0.39
9 14 0.29
14 10 0.19
14 11 0.13
14 58 4.0E-4
15 1 0.83
2 15 0.03
15 3 0.21
8 15 0.08
9 15 0.15
15 10 0.2
15 11 0.14
15 12 0.25
15 13 0.39
14 15 0.07
15 58 6.0E-4
16 1 0.95
2 16 0.05
16 3 0.17
8 16 0.13
9 16 0.25
16 10 0.32
16 11 0.23
16 12 0.21
16 13 0.32
14 16 0.06
16 15 0.83
16 58 0.0026
17 1 0.32
17 2 0.67
17 3 0.19
17 4 0.15
17 5 0.36
17 6 0.37
17 7 0.32
17 8 0.25
17 9 0.28
17 10 0.1
17 11 0.15
17 12 0.16
17 13 0.1
17 14 0.28
17 15 0.27
17 16 0.32
17 58 9.0E-4
18 1 0.37
18 2 0.32
18 3 0.23
18 4 0.05
18 5 0.39
18 6 0.2
18 7 0.16
18 8 0.23
18 9 0.33
18 10 0.14
18 11 0.1
18 12 0.18
18 13 0.14
18 14 0.22
18 15 0.31
18 16 0.37
18 17 0.72
18 58 9.0E-4
19 1 0.13
19 2 0.27
19 3 0.29
19 4 0.1
19 5 0.08
19 6 0.12
19 7 0.22
19 8 0.11
19 9 0.1
19 10 0.14
19 12 0.34
19 14 0.21
19 15 0.16
19 16 0.13
19 17 0.38
19 18 0.27
19 58 2.0E-4
8 20 0.29
20 11 0.5
14 20 0.27
17 20 0.07
58 20 0.0020
21 1 0.05
21 2 0.28
21 3 0.17
21 4 0.11
21 6 0.18
21 7 0.05
21 8 0.2
21 9 0.18
21 10 0.16
21 12 0.21
21 14 0.06
21 15 0.06
21 16 0.05
21 17 0.32
21 18 0.28
21 19 0.35
21 58 2.0E-4
1 22 0.56
2 22 0.04
22 10 0.58
11 22 0.2
14 22 0.22
15 22 0.34
16 22 0.47
17 22 0.18
18 22 0.25
19 22 0.08
21 22 0.09
58 22 7.0E-4
23 3 0.53
23 4 0.35
23 6 0.28
23 12 0.63
17 23 0.1
18 23 0.14
19 23 0.27
21 23 0.32
58 23 9.0E-4
2 24 0.1
24 3 0.23
24 4 0.15
5 24 0.25
24 6 0.3
7 24 0.14
8 24 0.09
9 24 0.08
24 12 0.27
14 24 0.08
17 24 0.24
18 24 0.21
19 24 0.12
21 24 0.21
24 23 0.43
24 58 2.0E-4
25 1 0.07
25 2 0.3
25 5 0.06
25 8 0.17
25 9 0.08
25 10 0.21
25 11 0.15
25 14 0.16
25 15 0.08
25 16 0.07
25 17 0.24
25 18 0.24
25 19 0.12
25 20 0.3
25 21 0.35
25 22 0.12
25 58 4.0E-4
1 26 0.08
2 26 0.27
5 26 0.29
8 26 0.1
16 26 0.08
17 26 0.21
18 26 0.14
58 26 2.0E-4
27 1 0.65
8 27 0.1
9 27 0.19
27 13 0.5
27 15 0.78
27 16 0.65
17 27 0.21
18 27 0.22
27 58 5.0E-4
28 3 0.27
28 4 0.35
28 6 0.14
28 12 0.32
17 28 0.1
18 28 0.14
19 28 0.14
21 28 0.16
28 23 0.5
24 28 0.21
58 28 8.0E-4
1 29 0.21
29 3 0.68
29 4 0.22
29 6 0.09
7 29 0.1
29 12 0.6
15 29 0.25
16 29 0.21
17 29 0.16
18 29 0.23
19 29 0.26
21 29 0.1
29 23 0.32
24 29 0.13
29 28 0.32
58 29 6.0E-4
8 30 0.29
30 11 0.5
14 30 0.27
17 30 0.07
30 20 1.0
25 30 0.3
58 30 0.0020
31 1 0.38
2 31 0.12
31 3 0.21
8 31 0.32
9 31 0.52
31 11 0.14
31 12 0.25
31 13 0.2
31 14 0.3
31 15 0.38
31 16 0.38
17 31 0.27
18 31 0.31
19 31 0.16
21 31 0.19
31 22 0.34
31 24 0.08
31 27 0.1
31 29 0.25
31 58 9.0E-4
2 32 0.09
5 32 0.33
32 6 0.08
7 32 0.28
17 32 0.18
18 32 0.17
32 24 0.25
25 32 0.12
32 58 2.0E-4
33 1 0.64
33 2 0.29
33 3 0.17
33 4 0.07
33 5 0.15
33 6 0.06
33 7 0.03
33 8 0.34
33 9 0.43
33 10 0.21
33 11 0.15
33 12 0.2
33 13 0.21
33 14 0.28
33 15 0.53
33 16 0.64
33 17 0.5
33 18 0.55
33 19 0.23
33 21 0.24
33 22 0.36
33 23 0.1
33 24 0.13
33 25 0.27
33 26 0.1
33 27 0.42
33 28 0.1
33 29 0.13
33 31 0.41
33 32 0.12
33 58 0.0018
34 1 0.72
2 34 0.08
34 3 0.18
8 34 0.35
9 34 0.45
34 11 0.24
34 12 0.22
34 13 0.34
14 34 0.06
34 15 0.74
34 16 0.78
17 34 0.3
18 34 0.34
19 34 0.09
21 34 0.11
34 22 0.1
34 24 0.07
34 26 0.09
34 27 0.69
34 29 0.22
31 34 0.54
33 34 0.57
34 58 0.0015
1 35 0.61
2 35 0.04
35 3 0.25
8 35 0.1
9 35 0.18
35 10 0.47
35 12 0.3
35 13 0.24
14 35 0.09
15 35 0.37
16 35 0.69
17 35 0.22
18 35 0.27
19 35 0.19
21 35 0.08
22 35 0.41
25 35 0.1
35 26 0.12
27 35 0.12
35 29 0.3
31 35 0.37
33 35 0.44
34 35 0.4
58 35 0.0037
36 1 0.64
2 36 0.09
36 3 0.21
5 36 0.06
8 36 0.16
9 36 0.15
36 10 0.2
36 11 0.14
36 12 0.25
14 36 0.22
36 15 0.77
36 16 0.7
17 36 0.27
18 36 0.31
19 36 0.21
21 36 0.06
36 22 0.23
25 36 0.08
36 27 0.59
36 29 0.25
31 36 0.31
33 36 0.53
34 36 0.67
36 35 0.37
36 58 4.0E-4
1 37 0.66
2 37 0.06
37 3 0.22
8 37 0.08
9 37 0.23
37 11 0.29
37 12 0.26
37 13 0.2
15 37 0.72
16 37 0.73
17 37 0.25
18 37 0.26
19 37 0.11
37 22 0.24
27 37 0.51
37 29 0.26
31 37 0.4
33 37 0.47
34 37 0.7
37 35 0.29
36 37 0.64
37 58 5.0E-4
2 38 0.06
5 38 0.12
8 38 0.17
38 11 0.29
14 38 0.31
17 38 0.13
18 38 0.12
38 20 0.58
25 38 0.17
38 30 0.58
33 38 0.17
38 36 0.16
38 58 0.0010
39 3 0.38
39 4 0.5
39 6 0.3
39 12 0.45
17 39 0.15
18 39 0.15
19 39 0.19
21 39 0.23
39 23 0.71
24 39 0.3
39 28 0.35
39 29 0.22
33 39 0.15
58 39 6.0E-4
40 1 0.5
2 40 0.19
40 5 0.13
40 7 0.05
8 40 0.31
9 40 0.17
40 10 0.15
40 11 0.22
14 40 0.29
40 15 0.48
40 16 0.45
17 40 0.34
18 40 0.33
19 40 0.08
40 20 0.22
21 40 0.1
40 22 0.36
25 40 0.26
40 26 0.23
40 27 0.39
40 30 0.22
31 40 0.24
40 32 0.09
33 40 0.51
34 40 0.42
40 35 0.15
40 36 0.54
40 37 0.31
40 38 0.25
40 58 0.0012
41 1 0.49
2 41 0.3
41 3 0.09
41 5 0.37
41 6 0.17
41 7 0.33
8 41 0.35
9 41 0.35
41 10 0.17
41 11 0.12
41 12 0.11
41 13 0.17
41 14 0.35
41 15 0.43
41 16 0.49
17 41 0.62
18 41 0.58
19 41 0.21
41 20 0.12
21 41 0.11
41 22 0.29
41 24 0.25
25 41 0.22
41 26 0.13
41 27 0.34
41 28 0.08
41 29 0.16
41 30 0.12
41 31 0.4
41 32 0.29
33 41 0.6
41 34 0.46
41 35 0.36
41 36 0.43
41 37 0.38
41 38 0.21
41 40 0.55
41 58 0.0017
1 42 0.41
2 42 0.05
3 42 0.34
9 42 0.24
11 42 0.22
12 42 0.4
15 42 0.37
16 42 0.51
17 42 0.16
18 42 0.23
19 42 0.17
22 42 0.18
29 42 0.4
31 42 0.5
33 42 0.33
34 42 0.43
35 42 0.45
36 42 0.37
37 42 0.65
40 42 0.1
41 42 0.21
58 42 6.0E-4
1 43 0.57
2 43 0.08
43 3 0.27
9 43 0.09
43 10 0.5
11 43 0.18
43 12 0.32
14 43 0.19
15 43 0.39
16 43 0.57
17 43 0.21
18 43 0.29
19 43 0.2
21 43 0.08
43 22 0.58
25 43 0.11
43 29 0.32
31 43 0.49
33 43 0.42
34 43 0.34
43 35 0.71
36 43 0.49
37 43 0.41
40 43 0.23
41 43 0.34
43 42 0.47
58 43 0.0016
44 1 0.32
2 44 0.13
44 3 0.17
44 4 0.11
8 44 0.13
9 44 0.18
44 10 0.32
44 12 0.21
44 14 0.49
44 15 0.19
44 16 0.26
17 44 0.32
18 44 0.26
19 44 0.35
21 44 0.05
44 22 0.37
44 24 0.07
25 44 0.07
44 29 0.21
44 31 0.32
33 44 0.34
44 34 0.11
44 35 0.38
44 36 0.25
44 37 0.13
44 38 0.13
44 40 0.15
44 41 0.33
44 42 0.21
44 43 0.41
44 58 3.0E-4
45 1 0.72
2 45 0.16
45 3 0.12
5 45 0.37
45 6 0.03
7 45 0.04
8 45 0.09
9 45 0.22
45 10 0.23
45 11 0.16
45 12 0.15
45 13 0.23
14 45 0.13
45 15 0.59
45 16 0.72
17 45 0.45
18 45 0.55
19 45 0.13
21 45 0.04
45 22 0.4
45 24 0.1
25 45 0.1
45 26 0.06
45 27 0.46
45 29 0.15
31 45 0.32
45 32 0.2
33 45 0.56
34 45 0.56
45 35 0.49
45 36 0.55
45 37 0.57
45 38 0.09
40 45 0.39
41 45 0.57
45 42 0.37
45 43 0.46
44 45 0.23
45 58 0.0015
46 1 0.09
2 46 0.04
8 46 0.24
9 46 0.22
46 14 0.22
46 16 0.09
17 46 0.18
18 46 0.08
19 46 0.16
21 46 0.09
46 26 0.14
46 31 0.23
33 46 0.12
46 34 0.1
46 35 0.14
46 36 0.11
46 40 0.18
46 41 0.15
46 44 0.19
46 45 0.07
46 58 3.0E-4
47 1 0.37
47 2 0.12
47 3 0.4
47 6 0.16
47 7 0.06
47 8 0.23
47 9 0.21
47 11 0.27
47 12 0.36
47 15 0.3
47 16 0.43
47 17 0.28
47 18 0.24
47 19 0.21
47 21 0.18
47 22 0.11
47 23 0.19
47 24 0.08
47 25 0.08
47 26 0.09
47 27 0.09
47 29 0.36
47 31 0.3
47 33 0.39
47 34 0.45
47 35 0.36
47 36 0.37
47 37 0.46
47 39 0.13
47 40 0.12
47 41 0.26
47 42 0.48
47 43 0.38
47 44 0.12
47 45 0.31
47 46 0.11
47 58 8.0E-4
1 48 0.23
48 10 0.71
16 48 0.23
17 48 0.07
18 48 0.1
22 48 0.41
33 48 0.15
35 48 0.33
41 48 0.12
43 48 0.35
44 48 0.23
45 48 0.16
58 48 0.0016
49 1 0.73
2 49 0.03
49 3 0.22
8 49 0.08
9 49 0.23
49 10 0.2
49 12 0.26
49 13 0.41
14 49 0.08
49 15 0.88
49 16 0.79
17 49 0.25
18 49 0.29
19 49 0.17
21 49 0.07
49 22 0.12
25 49 0.09
49 27 0.82
49 29 0.26
31 49 0.32
33 49 0.51
34 49 0.77
49 35 0.48
49 36 0.8
49 37 0.67
40 49 0.38
41 49 0.41
49 42 0.39
49 43 0.41
44 49 0.2
45 49 0.57
47 49 0.31
49 58 0.0011
1 50 0.46
50 3 0.38
9 50 0.13
50 12 0.45
50 13 0.35
15 50 0.55
16 50 0.46
17 50 0.15
18 50 0.2
19 50 0.19
22 50 0.2
27 50 0.18
50 29 0.45
31 50 0.55
33 50 0.29
34 50 0.36
50 35 0.5
36 50 0.28
37 50 0.43
40 50 0.11
41 50 0.24
50 42 0.67
43 50 0.35
44 50 0.23
45 50 0.33
47 50 0.27
49 50 0.43
58 50 8.0E-4
1 51 0.51
51 3 0.34
8 51 0.13
9 51 0.24
51 12 0.4
51 13 0.63
15 51 0.5
16 51 0.51
17 51 0.16
18 51 0.18
19 51 0.17
51 26 0.16
27 51 0.32
51 29 0.4
31 51 0.37
33 51 0.33
34 51 0.54
51 35 0.6
36 51 0.25
37 51 0.39
40 51 0.1
41 51 0.27
51 42 0.4
43 51 0.32
44 51 0.21
45 51 0.37
46 51 0.18
47 51 0.36
49 51 0.52
51 50 0.67
58 51 0.0019
1 52 0.32
2 52 0.08
52 10 0.5
11 52 0.35
15 52 0.2
16 52 0.32
17 52 0.1
18 52 0.14
22 52 0.58
31 52 0.2
33 52 0.21
34 52 0.17
35 52 0.24
36 52 0.2
37 52 0.2
40 52 0.15
41 52 0.17
43 52 0.5
44 52 0.16
45 52 0.23
47 52 0.19
52 48 0.71
58 52 0.0012
1 53 0.36
2 53 0.06
5 53 0.05
53 6 0.1
7 53 0.06
9 53 0.14
53 10 0.18
53 13 0.37
14 53 0.07
15 53 0.43
16 53 0.36
17 53 0.28
18 53 0.18
19 53 0.15
21 53 0.18
22 53 0.21
24 53 0.08
25 53 0.08
27 53 0.37
31 53 0.21
33 53 0.27
34 53 0.25
53 35 0.17
36 53 0.21
37 53 0.22
40 53 0.23
41 53 0.25
53 42 0.12
43 53 0.09
44 53 0.12
45 53 0.3
46 53 0.11
47 53 0.14
49 53 0.37
53 50 0.26
53 51 0.23
58 53 3.0E-4
1 54 0.52
8 54 0.11
9 54 0.3
54 10 0.27
11 54 0.19
54 13 0.53
14 54 0.1
15 54 0.42
16 54 0.52
17 54 0.19
18 54 0.19
19 54 0.15
21 54 0.17
22 54 0.31
25 54 0.11
54 26 0.13
27 54 0.27
31 54 0.31
33 54 0.33
34 54 0.37
54 35 0.38
36 54 0.1
37 54 0.33
40 54 0.25
41 54 0.23
54 42 0.34
43 54 0.13
44 54 0.09
45 54 0.37
46 54 0.31
47 54 0.2
49 54 0.33
54 50 0.38
54 51 0.51
54 53 0.49
58 54 0.0014
1 55 0.61
9 55 0.2
55 10 0.53
55 13 0.53
14 55 0.2
15 55 0.42
16 55 0.52
17 55 0.19
18 55 0.27
19 55 0.07
21 55 0.09
55 22 0.46
25 55 0.11
27 55 0.4
31 55 0.21
33 55 0.39
34 55 0.28
55 35 0.5
36 55 0.21
55 37 0.22
40 55 0.25
41 55 0.32
55 43 0.53
44 55 0.26
45 55 0.43
55 48 0.38
49 55 0.44
55 50 0.19
55 51 0.34
55 52 0.27
55 53 0.29
55 54 0.43
55 58 0.0018
56 1 0.15
2 56 0.07
56 3 0.5
56 4 0.17
56 6 0.07
8 56 0.38
9 56 0.45
56 12 0.45
56 14 0.27
56 15 0.18
56 16 0.15
17 56 0.22
18 56 0.27
19 56 0.26
21 56 0.23
56 23 0.24
56 24 0.2
56 28 0.24
56 29 0.6
56 31 0.55
33 56 0.25
56 34 0.32
56 35 0.22
56 36 0.28
56 37 0.19
56 39 0.17
56 40 0.15
56 41 0.28
56 42 0.3
56 43 0.24
56 44 0.38
56 45 0.11
56 46 0.27
47 56 0.27
56 49 0.19
56 50 0.33
56 51 0.3
56 58 5.0E-4
1 57 0.32
9 57 0.19
57 13 0.5
15 57 0.2
16 57 0.32
17 57 0.1
18 57 0.14
27 57 0.25
31 57 0.2
33 57 0.21
34 57 0.17
57 35 0.47
41 57 0.17
43 57 0.25
45 57 0.23
49 57 0.2
57 50 0.35
57 51 0.32
57 53 0.18
57 54 0.27
55 57 0.53
58 57 0.0010
