*Vertices  12
1 "LED灯"
2 "开关"
3 "变压器"
4 "LED"
5 "二极管"
6 "塑料"
7 "铝基板"
8 "半导体"
9 "Li"
10 "空穴"
11 "发光管"
12 "阻燃塑料外壳"
*Arcs
1 12 0.0042
1 2 0.37
2 12 0.0053
1 3 0.26
2 3 0.29
3 12 0.0106
4 1 0.67
4 2 0.54
4 3 0.34
4 12 0.0025
5 1 0.32
5 2 0.46
5 3 0.39
5 4 0.72
5 12 0.0038
6 1 0.28
6 2 0.16
6 3 0.05
6 4 0.32
6 5 0.28
6 12 0.0138
7 1 0.3
7 2 0.08
7 3 0.13
7 4 0.24
7 5 0.24
7 6 0.35
7 12 0.0226
8 1 0.29
8 2 0.14
8 3 0.19
8 4 0.5
8 5 0.55
8 6 0.24
8 7 0.27
8 12 0.0069
1 9 0.26
9 2 0.13
9 3 0.05
4 9 0.31
5 9 0.36
6 9 0.27
7 9 0.36
8 9 0.38
9 12 0.0151
1 10 0.17
2 10 0.1
3 10 0.16
4 10 0.19
5 10 0.23
6 10 0.26
7 10 0.34
8 10 0.39
9 10 0.36
10 12 0.0337
1 11 0.26
2 11 0.23
3 11 0.21
4 11 0.22
5 11 0.17
6 11 0.31
7 11 0.4
8 11 0.15
9 11 0.24
10 11 0.38
11 12 0.026
