*Vertices  15
1 "显示器"
2 "LED灯"
3 "传感器"
4 "控制器"
5 "处理器"
6 "单片机"
7 "显示技术"
8 "LED"
9 "塑料"
10 "电动机"
11 "芯片"
12 "激光"
13 "屏幕"
14 "舰船"
15 "驱动模块"
*Arcs
1 15 0.0057
2 1 0.08
2 15 0.0028
1 3 0.25
2 3 0.13
3 15 0.0034
1 4 0.24
2 4 0.11
4 3 0.19
4 15 0.0050
5 1 0.26
5 2 0.14
5 3 0.36
5 4 0.44
5 15 0.0048
1 6 0.52
2 6 0.13
6 3 0.28
6 4 0.17
5 6 0.24
6 15 0.0042
1 7 0.35
3 7 0.14
4 7 0.34
5 7 0.18
6 7 0.16
15 7 0.0275
8 1 0.29
8 2 0.67
8 3 0.37
8 4 0.3
8 5 0.28
8 6 0.32
8 7 0.1
8 15 0.0037
9 1 0.17
9 2 0.28
9 3 0.18
9 4 0.17
9 5 0.12
9 6 0.05
9 7 0.16
9 8 0.32
9 15 0.0036
1 10 0.14
2 10 0.06
3 10 0.23
4 10 0.14
5 10 0.15
6 10 0.26
10 7 0.41
8 10 0.13
9 10 0.13
10 15 0.02
1 11 0.27
2 11 0.3
11 3 0.17
11 4 0.23
5 11 0.12
11 6 0.33
11 7 0.17
8 11 0.62
9 11 0.11
11 10 0.14
11 15 0.0084
12 1 0.2
12 2 0.12
12 3 0.16
12 4 0.06
12 5 0.14
12 6 0.06
12 7 0.19
12 8 0.28
12 9 0.18
12 10 0.31
12 11 0.26
12 15 0.0055
1 13 0.13
2 13 0.06
13 3 0.1
13 4 0.13
5 13 0.07
6 13 0.06
13 7 0.18
8 13 0.28
9 13 0.18
13 10 0.15
11 13 0.25
12 13 0.14
13 15 0.0044
2 14 0.11
8 14 0.07
11 14 0.12
14 15 0.0456
